2016-11-21 13:55:19
2016-11-21 13:55:21
2016-11-21 13:55:23
2016-11-21 13:55:25
2016-11-21 13:55:27
2016-11-21 13:55:29
2016-11-21 13:55:31
2016-11-21 13:55:33
2016-11-21 13:55:35
2016-11-21 13:55:37
2016-11-21 13:55:39
2016-11-21 13:55:41
2016-11-21 13:55:43
2016-11-21 13:55:45
2016-11-21 13:55:47
2016-11-21 13:55:49
2016-11-21 13:55:51
2016-11-21 13:55:53
2016-11-21 13:55:55
2016-11-21 13:55:57
2016-11-21 13:55:59
2016-11-21 13:56:01
2016-11-21 13:56:03
2016-11-21 13:56:05
2016-11-21 13:56:07
2016-11-21 13:56:09
2016-11-21 13:56:11
2016-11-21 13:56:13
2016-11-21 13:56:15
2016-11-21 13:56:17
"2016-11-21 13:56:17ID: A1  Data: 00 00 AA AA 00 00 00 00 
"
"2016-11-21 13:56:18ID: BB  Data: 00 00 00 BB 00 00 00 00 
"
"2016-11-21 13:56:18ID: BC  Data: 00 00 00 BB 00 00 00 00 
"
"2016-11-21 13:56:18ID: BB  Data: 00 00 00 BB 00 00 00 00 
"
"2016-11-21 13:56:18ID: BC  Data: 00 00 00 BB 00 00 00 00 
"
"2016-11-21 13:56:18ID: BB  Data: 00 00 00 BB 00 00 00 00 
"
"2016-11-21 13:56:18ID: BC  Data: 00 00 00 BB 00 00 00 00 
"
"2016-11-21 13:56:18ID: BB  Data: 00 00 00 BB 00 00 00 00 
"
"2016-11-21 13:56:18ID: BC  Data: 00 00 00 BB 00 00 00 00 
"
"2016-11-21 13:56:18ID: BB  Data: 00 00 00 BB 00 00 00 00 
"
"2016-11-21 13:56:18ID: BC  Data: 00 00 00 BB 00 00 00 00 
"
"2016-11-21 13:56:18ID: BB  Data: 00 00 00 BB 00 00 00 00 
"
"2016-11-21 13:56:18ID: BC  Data: 00 00 00 BB 00 00 00 00 
"
"2016-11-21 13:56:18ID: BB  Data: 00 00 00 BB 00 00 00 00 
"
"2016-11-21 13:56:18ID: BC  Data: 00 00 00 BB 00 00 00 00 
"
"2016-11-21 13:56:18ID: BB  Data: 00 00 00 BB 00 00 00 00 
"
"2016-11-21 13:56:18ID: BC  Data: 00 00 00 BB 00 00 00 00 
"
"2016-11-21 13:56:18ID: BB  Data: 00 00 00 BB 00 00 00 00 
"
"2016-11-21 13:56:18ID: BC  Data: 00 00 00 BB 00 00 00 00 
"
"2016-11-21 13:56:18ID: BB  Data: 00 00 00 BB 00 00 00 00 
"
"2016-11-21 13:56:18ID: BC  Data: 00 00 00 BB 00 00 00 00 
"
"2016-11-21 13:56:18ID: BB  Data: 00 00 00 BB 00 00 00 00 
"
"2016-11-21 13:56:18ID: BC  Data: 00 00 00 BB 00 00 00 00 
"
"2016-11-21 13:56:19ID: BB  Data: 00 00 00 BB 00 00 00 00 
"
"2016-11-21 13:56:19ID: BC  Data: 00 00 00 BB 00 00 00 00 
"
"2016-11-21 13:56:19ID: BB  Data: 00 00 00 BB 00 00 00 00 
"
"2016-11-21 13:56:19ID: BC  Data: 00 00 00 BB 00 00 00 00 
"
"2016-11-21 13:56:19ID: BB  Data: 00 00 00 BB 00 00 00 00 
"
"2016-11-21 13:56:19ID: BC  Data: 00 00 00 BB 00 00 00 00 
"
"2016-11-21 13:56:19ID: BB  Data: 00 00 00 BB 00 00 00 00 
"
"2016-11-21 13:56:19ID: BC  Data: 00 00 00 BB 00 00 00 00 
"
"2016-11-21 13:56:19ID: BB  Data: 00 00 00 BB 00 00 00 00 
"
"2016-11-21 13:56:19ID: BC  Data: 00 00 00 BB 00 00 00 00 
"
"2016-11-21 13:56:19ID: BB  Data: 00 00 00 BB 00 00 00 00 
"
"2016-11-21 13:56:19ID: BC  Data: 00 00 00 BB 00 00 00 00 
"
"2016-11-21 13:56:19ID: BB  Data: 00 00 00 BB 00 00 00 00 
"
"2016-11-21 13:56:19ID: BC  Data: 00 00 00 BB 00 00 00 00 
"
"2016-11-21 13:56:19ID: BB  Data: 00 00 00 BB 00 00 00 00 
"
"2016-11-21 13:56:19ID: BC  Data: 00 00 00 BB 00 00 00 00 
"
"2016-11-21 13:56:19ID: BB  Data: 00 00 00 BB 00 00 00 00 
"
"2016-11-21 13:56:19ID: BC  Data: 00 00 00 BB 00 00 00 00 
"
"2016-11-21 13:56:19ID: BB  Data: 00 00 00 BB 00 00 00 00 
"
"2016-11-21 13:56:19ID: BC  Data: 00 00 00 BB 00 00 00 00 
"
"2016-11-21 13:56:19ID: BB  Data: 00 00 00 BB 00 00 00 00 
"
"2016-11-21 13:56:19ID: BC  Data: 00 00 00 BB 00 00 00 00 
"
"2016-11-21 13:56:19ID: BB  Data: 00 00 00 BB 00 00 00 00 
"
"2016-11-21 13:56:20ID: BC  Data: 00 00 00 BB 00 00 00 00 
"
"2016-11-21 13:56:20ID: BB  Data: 00 00 00 BB 00 00 00 00 
"
"2016-11-21 13:56:20ID: BC  Data: 00 00 00 BB 00 00 00 00 
"
"2016-11-21 13:56:20ID: BB  Data: 00 00 00 BB 00 00 00 00 
"
"2016-11-21 13:56:20ID: BC  Data: 00 00 00 BB 00 00 00 00 
"
"2016-11-21 13:56:20ID: BB  Data: 00 00 00 BB 00 00 00 00 
"
"2016-11-21 13:56:20ID: BC  Data: 00 00 00 BB 00 00 00 00 
"
"2016-11-21 13:56:20ID: BB  Data: 00 00 00 BB 00 00 00 00 
"
"2016-11-21 13:56:20ID: BC  Data: 00 00 00 BB 00 00 00 00 
"
"2016-11-21 13:56:20ID: BB  Data: 00 00 00 BB 00 00 00 00 
"
"2016-11-21 13:56:20ID: BC  Data: 00 00 00 BB 00 00 00 00 
"
"2016-11-21 13:56:20ID: BB  Data: 00 00 00 BB 00 00 00 00 
"
"2016-11-21 13:56:20ID: BC  Data: 00 00 00 BB 00 00 00 00 
"
"2016-11-21 13:56:20ID: BB  Data: 00 00 00 BB 00 00 00 00 
"
"2016-11-21 13:56:20ID: BC  Data: 00 00 00 BB 00 00 00 00 
"
"2016-11-21 13:56:20ID: BB  Data: 00 00 00 BB 00 00 00 00 
"
"2016-11-21 13:56:20ID: BC  Data: 00 00 00 BB 00 00 00 00 
"
"2016-11-21 13:56:20ID: BB  Data: 00 00 00 BB 00 00 00 00 
"
"2016-11-21 13:56:20ID: BC  Data: 00 00 00 BB 00 00 00 00 
"
"2016-11-21 13:56:20ID: BB  Data: 00 00 00 BB 00 00 00 00 
"
"2016-11-21 13:56:20ID: BC  Data: 00 00 00 BB 00 00 00 00 
"
"2016-11-21 13:56:20ID: BB  Data: 00 00 00 BB 00 00 00 00 
"
"2016-11-21 13:56:20ID: BC  Data: 00 00 00 BB 00 00 00 00 
"
"2016-11-21 13:56:21ID: BB  Data: 00 00 00 BB 00 00 00 00 
"
"2016-11-21 13:56:21ID: BC  Data: 00 00 00 BB 00 00 00 00 
"
"2016-11-21 13:56:21ID: BB  Data: 00 00 00 BB 00 00 00 00 
"
"2016-11-21 13:56:21ID: BC  Data: 00 00 00 BB 00 00 00 00 
"
"2016-11-21 13:56:21ID: BB  Data: 00 00 00 BB 00 00 00 00 
"
"2016-11-21 13:56:21ID: BC  Data: 00 00 00 BB 00 00 00 00 
"
"2016-11-21 13:56:21ID: BB  Data: 00 00 00 BB 00 00 00 00 
"
"2016-11-21 13:56:21ID: BC  Data: 00 00 00 BB 00 00 00 00 
"
"2016-11-21 13:56:21ID: BB  Data: 00 00 00 BB 00 00 00 00 
"
"2016-11-21 13:56:21ID: BC  Data: 00 00 00 BB 00 00 00 00 
"
"2016-11-21 13:56:21ID: BB  Data: 00 00 00 BB 00 00 00 00 
"
"2016-11-21 13:56:21ID: BC  Data: 00 00 00 BB 00 00 00 00 
"
"2016-11-21 13:56:21ID: BB  Data: 00 00 00 BB 00 00 00 00 
"
"2016-11-21 13:56:21ID: BC  Data: 00 00 00 BB 00 00 00 00 
"
"2016-11-21 13:56:21ID: BB  Data: 00 00 00 BB 00 00 00 00 
"
"2016-11-21 13:56:21ID: BC  Data: 00 00 00 BB 00 00 00 00 
"
"2016-11-21 13:56:21ID: BB  Data: 00 00 00 BB 00 00 00 00 
"
"2016-11-21 13:56:21ID: BC  Data: 00 00 00 BB 00 00 00 00 
"
"2016-11-21 13:56:21ID: BB  Data: 00 00 00 BB 00 00 00 00 
"
"2016-11-21 13:56:21ID: BC  Data: 00 00 00 BB 00 00 00 00 
"
"2016-11-21 13:56:21ID: BB  Data: 00 00 00 BB 00 00 00 00 
"
"2016-11-21 13:56:21ID: BC  Data: 00 00 00 BB 00 00 00 00 
"
"2016-11-21 13:56:22ID: BB  Data: 00 00 00 BB 00 00 00 00 
"
"2016-11-21 13:56:22ID: BC  Data: 00 00 00 BB 00 00 00 00 
"
"2016-11-21 13:56:22ID: BB  Data: 00 00 00 BB 00 00 00 00 
"
"2016-11-21 13:56:22ID: BC  Data: 00 00 00 BB 00 00 00 00 
"
"2016-11-21 13:56:22ID: BB  Data: 00 00 00 BB 00 00 00 00 
"
"2016-11-21 13:56:22ID: BC  Data: 00 00 00 BB 00 00 00 00 
"
"2016-11-21 13:56:22ID: BB  Data: 00 00 00 BB 00 00 00 00 
"
"2016-11-21 13:56:22ID: BC  Data: 00 00 00 BB 00 00 00 00 
"
"2016-11-21 13:56:22ID: BB  Data: 00 00 00 BB 00 00 00 00 
"
"2016-11-21 13:56:22ID: BC  Data: 00 00 00 BB 00 00 00 00 
"
"2016-11-21 13:56:22ID: BB  Data: 00 00 00 BB 00 00 00 00 
"
"2016-11-21 13:56:22ID: BC  Data: 00 00 00 BB 00 00 00 00 
"
"2016-11-21 13:56:22ID: BB  Data: 00 00 00 BB 00 00 00 00 
"
"2016-11-21 13:56:22ID: BC  Data: 00 00 00 BB 00 00 00 00 
"
"2016-11-21 13:56:22ID: BB  Data: 00 00 00 BB 00 00 00 00 
"
"2016-11-21 13:56:22ID: BC  Data: 00 00 00 BB 00 00 00 00 
"
"2016-11-21 13:56:22ID: BB  Data: 00 00 00 BB 00 00 00 00 
"
"2016-11-21 13:56:22ID: BC  Data: 00 00 00 BB 00 00 00 00 
"
"2016-11-21 13:56:22ID: BB  Data: 00 00 00 BB 00 00 00 00 
"
"2016-11-21 13:56:22ID: BC  Data: 00 00 00 BB 00 00 00 00 
"
"2016-11-21 13:56:22ID: BB  Data: 00 00 00 BB 00 00 00 00 
"
"2016-11-21 13:56:22ID: BC  Data: 00 00 00 BB 00 00 00 00 
"
"2016-11-21 13:56:22ID: BB  Data: 00 00 00 BB 00 00 00 00 
"
"2016-11-21 13:56:23ID: BC  Data: 00 00 00 BB 00 00 00 00 
"
"2016-11-21 13:56:23ID: BB  Data: 00 00 00 BB 00 00 00 00 
"
"2016-11-21 13:56:23ID: BC  Data: 00 00 00 BB 00 00 00 00 
"
"2016-11-21 13:56:23ID: BB  Data: 00 00 00 BB 00 00 00 00 
"
"2016-11-21 13:56:23ID: BC  Data: 00 00 00 BB 00 00 00 00 
"
"2016-11-21 13:56:23ID: BB  Data: 00 00 00 BB 00 00 00 00 
"
"2016-11-21 13:56:23ID: BC  Data: 00 00 00 BB 00 00 00 00 
"
"2016-11-21 13:56:23ID: BB  Data: 00 00 00 BB 00 00 00 00 
"
"2016-11-21 13:56:23ID: BC  Data: 00 00 00 BB 00 00 00 00 
"
"2016-11-21 13:56:23ID: BB  Data: 00 00 00 BB 00 00 00 00 
"
"2016-11-21 13:56:23ID: BC  Data: 00 00 00 BB 00 00 00 00 
"
"2016-11-21 13:56:23ID: BB  Data: 00 00 00 BB 00 00 00 00 
"
"2016-11-21 13:56:23ID: BC  Data: 00 00 00 BB 00 00 00 00 
"
"2016-11-21 13:56:23ID: BB  Data: 00 00 00 BB 00 00 00 00 
"
"2016-11-21 13:56:23ID: BC  Data: 00 00 00 BB 00 00 00 00 
"
"2016-11-21 13:56:23ID: BB  Data: 00 00 00 BB 00 00 00 00 
"
"2016-11-21 13:56:23ID: BC  Data: 00 00 00 BB 00 00 00 00 
"
"2016-11-21 13:56:23ID: BB  Data: 00 00 00 BB 00 00 00 00 
"
"2016-11-21 13:56:23ID: BC  Data: 00 00 00 BB 00 00 00 00 
"
"2016-11-21 13:56:23ID: BB  Data: 00 00 00 BB 00 00 00 00 
"
"2016-11-21 13:56:23ID: BC  Data: 00 00 00 BB 00 00 00 00 
"
"2016-11-21 13:56:23ID: BB  Data: 00 00 00 BB 00 00 00 00 
"
"2016-11-21 13:56:23ID: BC  Data: 00 00 00 BB 00 00 00 00 
"
"2016-11-21 13:56:24ID: BB  Data: 00 00 00 BB 00 00 00 00 
"
"2016-11-21 13:56:24ID: BC  Data: 00 00 00 BB 00 00 00 00 
"
"2016-11-21 13:56:24ID: BB  Data: 00 00 00 BB 00 00 00 00 
"
"2016-11-21 13:56:24ID: BC  Data: 00 00 00 BB 00 00 00 00 
"
"2016-11-21 13:56:24ID: BB  Data: 00 00 00 BB 00 00 00 00 
"
"2016-11-21 13:56:24ID: BC  Data: 00 00 00 BB 00 00 00 00 
"
"2016-11-21 13:56:24ID: BB  Data: 00 00 00 BB 00 00 00 00 
"
"2016-11-21 13:56:24ID: BC  Data: 00 00 00 BB 00 00 00 00 
"
"2016-11-21 13:56:24ID: BB  Data: 00 00 00 BB 00 00 00 00 
"
"2016-11-21 13:56:24ID: BC  Data: 00 00 00 BB 00 00 00 00 
"
"2016-11-21 13:56:24ID: BB  Data: 00 00 00 BB 00 00 00 00 
"
"2016-11-21 13:56:24ID: BC  Data: 00 00 00 BB 00 00 00 00 
"
"2016-11-21 13:56:24ID: BB  Data: 00 00 00 BB 00 00 00 00 
"
"2016-11-21 13:56:24ID: BC  Data: 00 00 00 BB 00 00 00 00 
"
"2016-11-21 13:56:24ID: BB  Data: 00 00 00 BB 00 00 00 00 
"
"2016-11-21 13:56:24ID: BC  Data: 00 00 00 BB 00 00 00 00 
"
"2016-11-21 13:56:24ID: BB  Data: 00 00 00 BB 00 00 00 00 
"
"2016-11-21 13:56:24ID: BC  Data: 00 00 00 BB 00 00 00 00 
"
"2016-11-21 13:56:24ID: BB  Data: 00 00 00 BB 00 00 00 00 
"
"2016-11-21 13:56:24ID: BC  Data: 00 00 00 BB 00 00 00 00 
"
"2016-11-21 13:56:24ID: BB  Data: 00 00 00 BB 00 00 00 00 
"
"2016-11-21 13:56:24ID: BC  Data: 00 00 00 BB 00 00 00 00 
"
"2016-11-21 13:56:25ID: BB  Data: 00 00 00 BB 00 00 00 00 
"
"2016-11-21 13:56:25ID: BC  Data: 00 00 00 BB 00 00 00 00 
"
"2016-11-21 13:56:25ID: BB  Data: 00 00 00 BB 00 00 00 00 
"
"2016-11-21 13:56:25ID: BC  Data: 00 00 00 BB 00 00 00 00 
"
"2016-11-21 13:56:25ID: BB  Data: 00 00 00 BB 00 00 00 00 
"
"2016-11-21 13:56:25ID: BC  Data: 00 00 00 BB 00 00 00 00 
"
"2016-11-21 13:56:25ID: BB  Data: 00 00 00 BB 00 00 00 00 
"
"2016-11-21 13:56:25ID: BC  Data: 00 00 00 BB 00 00 00 00 
"
"2016-11-21 13:56:25ID: BB  Data: 00 00 00 BB 00 00 00 00 
"
"2016-11-21 13:56:25ID: BC  Data: 00 00 00 BB 00 00 00 00 
"
"2016-11-21 13:56:25ID: BB  Data: 00 00 00 BB 00 00 00 00 
"
"2016-11-21 13:56:25ID: BC  Data: 00 00 00 BB 00 00 00 00 
"
"2016-11-21 13:56:25ID: BB  Data: 00 00 00 BB 00 00 00 00 
"
"2016-11-21 13:56:25ID: BC  Data: 00 00 00 BB 00 00 00 00 
"
"2016-11-21 13:56:25ID: BB  Data: 00 00 00 BB 00 00 00 00 
"
"2016-11-21 13:56:25ID: BC  Data: 00 00 00 BB 00 00 00 00 
"
"2016-11-21 13:56:25ID: BB  Data: 00 00 00 BB 00 00 00 00 
"
"2016-11-21 13:56:25ID: BC  Data: 00 00 00 BB 00 00 00 00 
"
"2016-11-21 13:56:25ID: BB  Data: 00 00 00 BB 00 00 00 00 
"
"2016-11-21 13:56:25ID: BC  Data: 00 00 00 BB 00 00 00 00 
"
"2016-11-21 13:56:25ID: BB  Data: 00 00 00 BB 00 00 00 00 
"
"2016-11-21 13:56:25ID: BC  Data: 00 00 00 BB 00 00 00 00 
"
"2016-11-21 13:56:25ID: BB  Data: 00 00 00 BB 00 00 00 00 
"
"2016-11-21 13:56:26ID: BC  Data: 00 00 00 BB 00 00 00 00 
"
"2016-11-21 13:56:26ID: BB  Data: 00 00 00 BB 00 00 00 00 
"
"2016-11-21 13:56:26ID: BC  Data: 00 00 00 BB 00 00 00 00 
"
"2016-11-21 13:56:26ID: BB  Data: 00 00 00 BB 00 00 00 00 
"
"2016-11-21 13:56:26ID: BC  Data: 00 00 00 BB 00 00 00 00 
"
"2016-11-21 13:56:26ID: BB  Data: 00 00 00 BB 00 00 00 00 
"
"2016-11-21 13:56:26ID: BC  Data: 00 00 00 BB 00 00 00 00 
"
"2016-11-21 13:56:26ID: BB  Data: 00 00 00 BB 00 00 00 00 
"
"2016-11-21 13:56:26ID: BC  Data: 00 00 00 BB 00 00 00 00 
"
"2016-11-21 13:56:26ID: BB  Data: 00 00 00 BB 00 00 00 00 
"
"2016-11-21 13:56:26ID: BC  Data: 00 00 00 BB 00 00 00 00 
"
"2016-11-21 13:56:26ID: BB  Data: 00 00 00 BB 00 00 00 00 
"
"2016-11-21 13:56:26ID: BC  Data: 00 00 00 BB 00 00 00 00 
"
"2016-11-21 13:56:26ID: BB  Data: 00 00 00 BB 00 00 00 00 
"
"2016-11-21 13:56:26ID: BC  Data: 00 00 00 BB 00 00 00 00 
"
"2016-11-21 13:56:26ID: BB  Data: 00 00 00 BB 00 00 00 00 
"
"2016-11-21 13:56:26ID: BC  Data: 00 00 00 BB 00 00 00 00 
"
"2016-11-21 13:56:26ID: AA  Data: AA AA 00 00 00 00 00 00 
"
"2016-11-21 13:56:26ID: BB  Data: 00 00 00 AA 00 00 00 00 
"
"2016-11-21 13:56:26ID: BC  Data: 00 00 00 AA 00 00 00 00 
"
"2016-11-21 13:56:26ID: BB  Data: 00 00 00 AA 00 00 00 00 
"
"2016-11-21 13:56:26ID: BC  Data: 00 00 00 AA 00 00 00 00 
"
"2016-11-21 13:56:26ID: BB  Data: 00 00 00 AA 00 00 00 00 
"
"2016-11-21 13:56:26ID: BC  Data: 00 00 00 AA 00 00 00 00 
"
"2016-11-21 13:56:27ID: BB  Data: 00 00 00 AA 00 00 00 00 
"
"2016-11-21 13:56:27ID: BC  Data: 00 00 00 AA 00 00 00 00 
"
"2016-11-21 13:56:27ID: BB  Data: 00 00 00 AA 00 00 00 00 
"
"2016-11-21 13:56:27ID: BC  Data: 00 00 00 AA 00 00 00 00 
"
"2016-11-21 13:56:27ID: BB  Data: 00 00 00 AA 00 00 00 00 
"
"2016-11-21 13:56:27ID: BC  Data: 00 00 00 AA 00 00 00 00 
"
"2016-11-21 13:56:27ID: BB  Data: 00 00 00 AA 00 00 00 00 
"
"2016-11-21 13:56:27ID: BC  Data: 00 00 00 AA 00 00 00 00 
"
"2016-11-21 13:56:27ID: BB  Data: 00 00 00 AA 00 00 00 00 
"
"2016-11-21 13:56:27ID: BC  Data: 00 00 00 AA 00 00 00 00 
"
"2016-11-21 13:56:27ID: BB  Data: 00 00 00 AA 00 00 00 00 
"
"2016-11-21 13:56:27ID: BC  Data: 00 00 00 AA 00 00 00 00 
"
"2016-11-21 13:56:27ID: BB  Data: 00 00 00 AA 00 00 00 00 
"
"2016-11-21 13:56:27ID: BC  Data: 00 00 00 AA 00 00 00 00 
"
"2016-11-21 13:56:27ID: BB  Data: 00 00 00 AA 00 00 00 00 
"
"2016-11-21 13:56:27ID: BC  Data: 00 00 00 AA 00 00 00 00 
"
"2016-11-21 13:56:27ID: BB  Data: 00 00 00 AA 00 00 00 00 
"
"2016-11-21 13:56:27ID: BC  Data: 00 00 00 AA 00 00 00 00 
"
"2016-11-21 13:56:27ID: BB  Data: 00 00 00 AA 00 00 00 00 
"
"2016-11-21 13:56:27ID: BC  Data: 00 00 00 AA 00 00 00 00 
"
"2016-11-21 13:56:27ID: BB  Data: 00 00 00 AA 00 00 00 00 
"
"2016-11-21 13:56:27ID: BC  Data: 00 00 00 AA 00 00 00 00 
"
"2016-11-21 13:56:28ID: BB  Data: 00 00 00 AA 00 00 00 00 
"
"2016-11-21 13:56:28ID: BC  Data: 00 00 00 AA 00 00 00 00 
"
"2016-11-21 13:56:28ID: BB  Data: 00 00 00 AA 00 00 00 00 
"
"2016-11-21 13:56:28ID: BC  Data: 00 00 00 AA 00 00 00 00 
"
"2016-11-21 13:56:28ID: BB  Data: 00 00 00 AA 00 00 00 00 
"
"2016-11-21 13:56:28ID: BC  Data: 00 00 00 AA 00 00 00 00 
"
"2016-11-21 13:56:28ID: BB  Data: 00 00 00 AA 00 00 00 00 
"
"2016-11-21 13:56:28ID: BC  Data: 00 00 00 AA 00 00 00 00 
"
"2016-11-21 13:56:28ID: BB  Data: 00 00 00 AA 00 00 00 00 
"
"2016-11-21 13:56:28ID: BC  Data: 00 00 00 AA 00 00 00 00 
"
"2016-11-21 13:56:28ID: BB  Data: 00 00 00 AA 00 00 00 00 
"
"2016-11-21 13:56:28ID: BC  Data: 00 00 00 AA 00 00 00 00 
"
"2016-11-21 13:56:28ID: BB  Data: 00 00 00 AA 00 00 00 00 
"
"2016-11-21 13:56:28ID: BC  Data: 00 00 00 AA 00 00 00 00 
"
"2016-11-21 13:56:28ID: BB  Data: 00 00 00 AA 00 00 00 00 
"
"2016-11-21 13:56:28ID: BC  Data: 00 00 00 AA 00 00 00 00 
"
"2016-11-21 13:56:28ID: BB  Data: 00 00 00 AA 00 00 00 00 
"
"2016-11-21 13:56:28ID: BC  Data: 00 00 00 AA 00 00 00 00 
"
"2016-11-21 13:56:28ID: BB  Data: 00 00 00 AA 00 00 00 00 
"
"2016-11-21 13:56:28ID: BC  Data: 00 00 00 AA 00 00 00 00 
"
"2016-11-21 13:56:28ID: BB  Data: 00 00 00 AA 00 00 00 00 
"
"2016-11-21 13:56:28ID: BC  Data: 00 00 00 AA 00 00 00 00 
"
"2016-11-21 13:56:28ID: BB  Data: 00 00 00 AA 00 00 00 00 
"
"2016-11-21 13:56:29ID: BC  Data: 00 00 00 AA 00 00 00 00 
"
"2016-11-21 13:56:29ID: BB  Data: 00 00 00 AA 00 00 00 00 
"
"2016-11-21 13:56:29ID: BC  Data: 00 00 00 AA 00 00 00 00 
"
"2016-11-21 13:56:29ID: BB  Data: 00 00 00 AA 00 00 00 00 
"
"2016-11-21 13:56:29ID: BC  Data: 00 00 00 AA 00 00 00 00 
"
"2016-11-21 13:56:29ID: BB  Data: 00 00 00 AA 00 00 00 00 
"
"2016-11-21 13:56:29ID: BC  Data: 00 00 00 AA 00 00 00 00 
"
"2016-11-21 13:56:29ID: BB  Data: 00 00 00 AA 00 00 00 00 
"
"2016-11-21 13:56:29ID: BC  Data: 00 00 00 AA 00 00 00 00 
"
"2016-11-21 13:56:29ID: BB  Data: 00 00 00 AA 00 00 00 00 
"
"2016-11-21 13:56:29ID: BC  Data: 00 00 00 AA 00 00 00 00 
"
"2016-11-21 13:56:29ID: BB  Data: 00 00 00 AA 00 00 00 00 
"
"2016-11-21 13:56:29ID: BC  Data: 00 00 00 AA 00 00 00 00 
"
"2016-11-21 13:56:29ID: BB  Data: 00 00 00 AA 00 00 00 00 
"
"2016-11-21 13:56:29ID: BC  Data: 00 00 00 AA 00 00 00 00 
"
"2016-11-21 13:56:29ID: BB  Data: 00 00 00 AA 00 00 00 00 
"
"2016-11-21 13:56:29ID: BC  Data: 00 00 00 AA 00 00 00 00 
"
"2016-11-21 13:56:29ID: BB  Data: 00 00 00 AA 00 00 00 00 
"
"2016-11-21 13:56:29ID: BC  Data: 00 00 00 AA 00 00 00 00 
"
"2016-11-21 13:56:29ID: BB  Data: 00 00 00 AA 00 00 00 00 
"
"2016-11-21 13:56:29ID: BC  Data: 00 00 00 AA 00 00 00 00 
"
"2016-11-21 13:56:29ID: BB  Data: 00 00 00 AA 00 00 00 00 
"
"2016-11-21 13:56:29ID: BC  Data: 00 00 00 AA 00 00 00 00 
"
"2016-11-21 13:56:30ID: BB  Data: 00 00 00 AA 00 00 00 00 
"
"2016-11-21 13:56:30ID: BC  Data: 00 00 00 AA 00 00 00 00 
"
"2016-11-21 13:56:30ID: BB  Data: 00 00 00 AA 00 00 00 00 
"
"2016-11-21 13:56:30ID: BC  Data: 00 00 00 AA 00 00 00 00 
"
"2016-11-21 13:56:30ID: BB  Data: 00 00 00 AA 00 00 00 00 
"
"2016-11-21 13:56:30ID: BC  Data: 00 00 00 AA 00 00 00 00 
"
"2016-11-21 13:56:30ID: BB  Data: 00 00 00 AA 00 00 00 00 
"
"2016-11-21 13:56:30ID: BC  Data: 00 00 00 AA 00 00 00 00 
"
"2016-11-21 13:56:30ID: BB  Data: 00 00 00 AA 00 00 00 00 
"
"2016-11-21 13:56:30ID: BC  Data: 00 00 00 AA 00 00 00 00 
"
"2016-11-21 13:56:30ID: BB  Data: 00 00 00 AA 00 00 00 00 
"
"2016-11-21 13:56:30ID: BC  Data: 00 00 00 AA 00 00 00 00 
"
"2016-11-21 13:56:30ID: BB  Data: 00 00 00 AA 00 00 00 00 
"
"2016-11-21 13:56:30ID: BC  Data: 00 00 00 AA 00 00 00 00 
"
"2016-11-21 13:56:30ID: BB  Data: 00 00 00 AA 00 00 00 00 
"
"2016-11-21 13:56:30ID: BC  Data: 00 00 00 AA 00 00 00 00 
"
"2016-11-21 13:56:30ID: BB  Data: 00 00 00 AA 00 00 00 00 
"
"2016-11-21 13:56:30ID: BC  Data: 00 00 00 AA 00 00 00 00 
"
"2016-11-21 13:56:30ID: BB  Data: 00 00 00 AA 00 00 00 00 
"
"2016-11-21 13:56:30ID: BC  Data: 00 00 00 AA 00 00 00 00 
"
"2016-11-21 13:56:30ID: BB  Data: 00 00 00 AA 00 00 00 00 
"
"2016-11-21 13:56:30ID: BC  Data: 00 00 00 AA 00 00 00 00 
"
"2016-11-21 13:56:31ID: BB  Data: 00 00 00 AA 00 00 00 00 
"
"2016-11-21 13:56:31ID: BC  Data: 00 00 00 AA 00 00 00 00 
"
"2016-11-21 13:56:31ID: BB  Data: 00 00 00 AA 00 00 00 00 
"
"2016-11-21 13:56:31ID: BC  Data: 00 00 00 AA 00 00 00 00 
"
"2016-11-21 13:56:31ID: BB  Data: 00 00 00 AA 00 00 00 00 
"
"2016-11-21 13:56:31ID: BC  Data: 00 00 00 AA 00 00 00 00 
"
"2016-11-21 13:56:31ID: BB  Data: 00 00 00 AA 00 00 00 00 
"
"2016-11-21 13:56:31ID: BC  Data: 00 00 00 AA 00 00 00 00 
"
"2016-11-21 13:56:31ID: BB  Data: 00 00 00 AA 00 00 00 00 
"
"2016-11-21 13:56:31ID: BC  Data: 00 00 00 AA 00 00 00 00 
"
"2016-11-21 13:56:31ID: BB  Data: 00 00 00 AA 00 00 00 00 
"
"2016-11-21 13:56:31ID: BC  Data: 00 00 00 AA 00 00 00 00 
"
"2016-11-21 13:56:31ID: BB  Data: 00 00 00 AA 00 00 00 00 
"
"2016-11-21 13:56:31ID: BC  Data: 00 00 00 AA 00 00 00 00 
"
"2016-11-21 13:56:31ID: BB  Data: 00 00 00 AA 00 00 00 00 
"
"2016-11-21 13:56:31ID: BC  Data: 00 00 00 AA 00 00 00 00 
"
"2016-11-21 13:56:31ID: BB  Data: 00 00 00 AA 00 00 00 00 
"
"2016-11-21 13:56:31ID: BC  Data: 00 00 00 AA 00 00 00 00 
"
"2016-11-21 13:56:31ID: BB  Data: 00 00 00 AA 00 00 00 00 
"
"2016-11-21 13:56:31ID: BC  Data: 00 00 00 AA 00 00 00 00 
"
"2016-11-21 13:56:31ID: BB  Data: 00 00 00 AA 00 00 00 00 
"
"2016-11-21 13:56:31ID: BC  Data: 00 00 00 AA 00 00 00 00 
"
"2016-11-21 13:56:31ID: BB  Data: 00 00 00 AA 00 00 00 00 
"
"2016-11-21 13:56:32ID: BC  Data: 00 00 00 AA 00 00 00 00 
"
"2016-11-21 13:56:32ID: BB  Data: 00 00 00 AA 00 00 00 00 
"
"2016-11-21 13:56:32ID: BC  Data: 00 00 00 AA 00 00 00 00 
"
"2016-11-21 13:56:32ID: BB  Data: 00 00 00 AA 00 00 00 00 
"
"2016-11-21 13:56:32ID: BC  Data: 00 00 00 AA 00 00 00 00 
"
"2016-11-21 13:56:32ID: BB  Data: 00 00 00 AA 00 00 00 00 
"
"2016-11-21 13:56:32ID: BC  Data: 00 00 00 AA 00 00 00 00 
"
"2016-11-21 13:56:32ID: BB  Data: 00 00 00 AA 00 00 00 00 
"
"2016-11-21 13:56:32ID: BC  Data: 00 00 00 AA 00 00 00 00 
"
"2016-11-21 13:56:32ID: BB  Data: 00 00 00 AA 00 00 00 00 
"
"2016-11-21 13:56:32ID: BC  Data: 00 00 00 AA 00 00 00 00 
"
"2016-11-21 13:56:32ID: BB  Data: 00 00 00 AA 00 00 00 00 
"
"2016-11-21 13:56:32ID: BC  Data: 00 00 00 AA 00 00 00 00 
"
"2016-11-21 13:56:32ID: BB  Data: 00 00 00 AA 00 00 00 00 
"
"2016-11-21 13:56:32ID: BC  Data: 00 00 00 AA 00 00 00 00 
"
"2016-11-21 13:56:32ID: BB  Data: 00 00 00 AA 00 00 00 00 
"
"2016-11-21 13:56:32ID: BC  Data: 00 00 00 AA 00 00 00 00 
"
"2016-11-21 13:56:32ID: BB  Data: 00 00 00 AA 00 00 00 00 
"
"2016-11-21 13:56:32ID: BC  Data: 00 00 00 AA 00 00 00 00 
"
"2016-11-21 13:56:32ID: BB  Data: 00 00 00 AA 00 00 00 00 
"
"2016-11-21 13:56:32ID: BC  Data: 00 00 00 AA 00 00 00 00 
"
"2016-11-21 13:56:32ID: BB  Data: 00 00 00 AA 00 00 00 00 
"
"2016-11-21 13:56:32ID: BC  Data: 00 00 00 AA 00 00 00 00 
"
"2016-11-21 13:56:33ID: BB  Data: 00 00 00 AA 00 00 00 00 
"
"2016-11-21 13:56:33ID: BC  Data: 00 00 00 AA 00 00 00 00 
"
"2016-11-21 13:56:33ID: BB  Data: 00 00 00 AA 00 00 00 00 
"
"2016-11-21 13:56:33ID: BC  Data: 00 00 00 AA 00 00 00 00 
"
"2016-11-21 13:56:33ID: BB  Data: 00 00 00 AA 00 00 00 00 
"
"2016-11-21 13:56:33ID: BC  Data: 00 00 00 AA 00 00 00 00 
"
"2016-11-21 13:56:33ID: BB  Data: 00 00 00 AA 00 00 00 00 
"
"2016-11-21 13:56:33ID: BC  Data: 00 00 00 AA 00 00 00 00 
"
"2016-11-21 13:56:33ID: BB  Data: 00 00 00 AA 00 00 00 00 
"
"2016-11-21 13:56:33ID: BC  Data: 00 00 00 AA 00 00 00 00 
"
"2016-11-21 13:56:33ID: BB  Data: 00 00 00 AA 00 00 00 00 
"
"2016-11-21 13:56:33ID: BC  Data: 00 00 00 AA 00 00 00 00 
"
"2016-11-21 13:56:33ID: BB  Data: 00 00 00 AA 00 00 00 00 
"
"2016-11-21 13:56:33ID: BC  Data: 00 00 00 AA 00 00 00 00 
"
"2016-11-21 13:56:33ID: BB  Data: 00 00 00 AA 00 00 00 00 
"
"2016-11-21 13:56:33ID: BC  Data: 00 00 00 AA 00 00 00 00 
"
"2016-11-21 13:56:33ID: BB  Data: 00 00 00 AA 00 00 00 00 
"
"2016-11-21 13:56:33ID: BC  Data: 00 00 00 AA 00 00 00 00 
"
"2016-11-21 13:56:33ID: BB  Data: 00 00 00 AA 00 00 00 00 
"
"2016-11-21 13:56:33ID: BC  Data: 00 00 00 AA 00 00 00 00 
"
"2016-11-21 13:56:33ID: BB  Data: 00 00 00 AA 00 00 00 00 
"
"2016-11-21 13:56:33ID: BC  Data: 00 00 00 AA 00 00 00 00 
"
"2016-11-21 13:56:34ID: BB  Data: 00 00 00 AA 00 00 00 00 
"
"2016-11-21 13:56:34ID: BC  Data: 00 00 00 AA 00 00 00 00 
"
"2016-11-21 13:56:34ID: BB  Data: 00 00 00 AA 00 00 00 00 
"
"2016-11-21 13:56:34ID: BC  Data: 00 00 00 AA 00 00 00 00 
"
"2016-11-21 13:56:34ID: BB  Data: 00 00 00 AA 00 00 00 00 
"
"2016-11-21 13:56:34ID: BC  Data: 00 00 00 AA 00 00 00 00 
"
"2016-11-21 13:56:34ID: BB  Data: 00 00 00 AA 00 00 00 00 
"
"2016-11-21 13:56:34ID: BC  Data: 00 00 00 AA 00 00 00 00 
"
"2016-11-21 13:56:34ID: BB  Data: 00 00 00 AA 00 00 00 00 
"
"2016-11-21 13:56:34ID: BC  Data: 00 00 00 AA 00 00 00 00 
"
"2016-11-21 13:56:34ID: BB  Data: 00 00 00 AA 00 00 00 00 
"
"2016-11-21 13:56:34ID: BC  Data: 00 00 00 AA 00 00 00 00 
"
"2016-11-21 13:56:34ID: BB  Data: 00 00 00 AA 00 00 00 00 
"
"2016-11-21 13:56:34ID: BC  Data: 00 00 00 AA 00 00 00 00 
"
"2016-11-21 13:56:34ID: BB  Data: 00 00 00 AA 00 00 00 00 
"
"2016-11-21 13:56:34ID: BC  Data: 00 00 00 AA 00 00 00 00 
"
"2016-11-21 13:56:34ID: BB  Data: 00 00 00 AA 00 00 00 00 
"
"2016-11-21 13:56:34ID: BC  Data: 00 00 00 AA 00 00 00 00 
"
"2016-11-21 13:56:34ID: BB  Data: 00 00 00 AA 00 00 00 00 
"
"2016-11-21 13:56:34ID: BC  Data: 00 00 00 AA 00 00 00 00 
"
"2016-11-21 13:56:34ID: BB  Data: 00 00 00 AA 00 00 00 00 
"
"2016-11-21 13:56:34ID: BC  Data: 00 00 00 AA 00 00 00 00 
"
"2016-11-21 13:56:34ID: BB  Data: 00 00 00 AA 00 00 00 00 
"
"2016-11-21 13:56:34ID: BC  Data: 00 00 00 AA 00 00 00 00 
"
"2016-11-21 13:56:35ID: BB  Data: 00 00 00 AA 00 00 00 00 
"
"2016-11-21 13:56:35ID: BC  Data: 00 00 00 AA 00 00 00 00 
"
"2016-11-21 13:56:35ID: BB  Data: 00 00 00 AA 00 00 00 00 
"
"2016-11-21 13:56:35ID: BC  Data: 00 00 00 AA 00 00 00 00 
"
"2016-11-21 13:56:35ID: BB  Data: 00 00 00 AA 00 00 00 00 
"
"2016-11-21 13:56:35ID: BC  Data: 00 00 00 AA 00 00 00 00 
"
"2016-11-21 13:56:35ID: BB  Data: 00 00 00 AA 00 00 00 00 
"
"2016-11-21 13:56:35ID: BC  Data: 00 00 00 AA 00 00 00 00 
"
"2016-11-21 13:56:35ID: BB  Data: 00 00 00 AA 00 00 00 00 
"
"2016-11-21 13:56:35ID: BC  Data: 00 00 00 AA 00 00 00 00 
"
"2016-11-21 13:56:35ID: BB  Data: 00 00 00 AA 00 00 00 00 
"
"2016-11-21 13:56:35ID: BC  Data: 00 00 00 AA 00 00 00 00 
"
"2016-11-21 13:56:35ID: BB  Data: 00 00 00 AA 00 00 00 00 
"
"2016-11-21 13:56:35ID: BC  Data: 00 00 00 AA 00 00 00 00 
"
"2016-11-21 13:56:35ID: BB  Data: 00 00 00 AA 00 00 00 00 
"
"2016-11-21 13:56:35ID: BC  Data: 00 00 00 AA 00 00 00 00 
"
"2016-11-21 13:56:35ID: BB  Data: 00 00 00 AA 00 00 00 00 
"
"2016-11-21 13:56:35ID: BC  Data: 00 00 00 AA 00 00 00 00 
"
"2016-11-21 13:56:35ID: BB  Data: 00 00 00 AA 00 00 00 00 
"
"2016-11-21 13:56:35ID: BC  Data: 00 00 00 AA 00 00 00 00 
"
"2016-11-21 13:56:35ID: BB  Data: 00 00 00 AA 00 00 00 00 
"
"2016-11-21 13:56:35ID: BC  Data: 00 00 00 AA 00 00 00 00 
"
"2016-11-21 13:56:36ID: BB  Data: 00 00 00 AA 00 00 00 00 
"
"2016-11-21 13:56:36ID: BC  Data: 00 00 00 AA 00 00 00 00 
"
"2016-11-21 13:56:36ID: BB  Data: 00 00 00 AA 00 00 00 00 
"
"2016-11-21 13:56:36ID: BC  Data: 00 00 00 AA 00 00 00 00 
"
"2016-11-21 13:56:36ID: BB  Data: 00 00 00 AA 00 00 00 00 
"
"2016-11-21 13:56:36ID: BC  Data: 00 00 00 AA 00 00 00 00 
"
"2016-11-21 13:56:36ID: BB  Data: 00 00 00 AA 00 00 00 00 
"
"2016-11-21 13:56:36ID: BC  Data: 00 00 00 AA 00 00 00 00 
"
"2016-11-21 13:56:36ID: BB  Data: 00 00 00 AA 00 00 00 00 
"
"2016-11-21 13:56:36ID: BC  Data: 00 00 00 AA 00 00 00 00 
"
"2016-11-21 13:56:36ID: BB  Data: 00 00 00 AA 00 00 00 00 
"
"2016-11-21 13:56:36ID: BC  Data: 00 00 00 AA 00 00 00 00 
"
"2016-11-21 13:56:36ID: BB  Data: 00 00 00 AA 00 00 00 00 
"
"2016-11-21 13:56:36ID: BC  Data: 00 00 00 AA 00 00 00 00 
"
"2016-11-21 13:56:36ID: BB  Data: 00 00 00 AA 00 00 00 00 
"
"2016-11-21 13:56:36ID: BC  Data: 00 00 00 AA 00 00 00 00 
"
"2016-11-21 13:56:36ID: BB  Data: 00 00 00 AA 00 00 00 00 
"
"2016-11-21 13:56:36ID: BC  Data: 00 00 00 AA 00 00 00 00 
"
"2016-11-21 13:56:36ID: BB  Data: 00 00 00 AA 00 00 00 00 
"
"2016-11-21 13:56:36ID: BC  Data: 00 00 00 AA 00 00 00 00 
"
"2016-11-21 13:56:36ID: BB  Data: 00 00 00 AA 00 00 00 00 
"
"2016-11-21 13:56:36ID: BC  Data: 00 00 00 AA 00 00 00 00 
"
"2016-11-21 13:56:37ID: BB  Data: 00 00 00 AA 00 00 00 00 
"
"2016-11-21 13:56:37ID: BC  Data: 00 00 00 AA 00 00 00 00 
"
"2016-11-21 13:56:37ID: BB  Data: 00 00 00 AA 00 00 00 00 
"
"2016-11-21 13:56:37ID: BC  Data: 00 00 00 AA 00 00 00 00 
"
"2016-11-21 13:56:37ID: BB  Data: 00 00 00 AA 00 00 00 00 
"
"2016-11-21 13:56:37ID: BC  Data: 00 00 00 AA 00 00 00 00 
"
"2016-11-21 13:56:37ID: BB  Data: 00 00 00 AA 00 00 00 00 
"
"2016-11-21 13:56:37ID: BC  Data: 00 00 00 AA 00 00 00 00 
"
"2016-11-21 13:56:37ID: BB  Data: 00 00 00 AA 00 00 00 00 
"
"2016-11-21 13:56:37ID: BC  Data: 00 00 00 AA 00 00 00 00 
"
"2016-11-21 13:56:37ID: BB  Data: 00 00 00 AA 00 00 00 00 
"
"2016-11-21 13:56:37ID: BC  Data: 00 00 00 AA 00 00 00 00 
"
"2016-11-21 13:56:37ID: BB  Data: 00 00 00 AA 00 00 00 00 
"
"2016-11-21 13:56:37ID: BC  Data: 00 00 00 AA 00 00 00 00 
"
"2016-11-21 13:56:37ID: BB  Data: 00 00 00 AA 00 00 00 00 
"
"2016-11-21 13:56:37ID: BC  Data: 00 00 00 AA 00 00 00 00 
"
"2016-11-21 13:56:37ID: BB  Data: 00 00 00 AA 00 00 00 00 
"
"2016-11-21 13:56:37ID: BC  Data: 00 00 00 AA 00 00 00 00 
"
"2016-11-21 13:56:37ID: BB  Data: 00 00 00 AA 00 00 00 00 
"
"2016-11-21 13:56:37ID: BC  Data: 00 00 00 AA 00 00 00 00 
"
"2016-11-21 13:56:37ID: BB  Data: 00 00 00 AA 00 00 00 00 
"
"2016-11-21 13:56:37ID: BC  Data: 00 00 00 AA 00 00 00 00 
"
"2016-11-21 13:56:37ID: BB  Data: 00 00 00 AA 00 00 00 00 
"
"2016-11-21 13:56:37ID: BC  Data: 00 00 00 AA 00 00 00 00 
"
"2016-11-21 13:56:38ID: BB  Data: 00 00 00 AA 00 00 00 00 
"
"2016-11-21 13:56:38ID: BC  Data: 00 00 00 AA 00 00 00 00 
"
"2016-11-21 13:56:38ID: BB  Data: 00 00 00 AA 00 00 00 00 
"
"2016-11-21 13:56:38ID: BC  Data: 00 00 00 AA 00 00 00 00 
"
"2016-11-21 13:56:38ID: BB  Data: 00 00 00 AA 00 00 00 00 
"
"2016-11-21 13:56:38ID: BC  Data: 00 00 00 AA 00 00 00 00 
"
"2016-11-21 13:56:38ID: BB  Data: 00 00 00 AA 00 00 00 00 
"
"2016-11-21 13:56:38ID: BC  Data: 00 00 00 AA 00 00 00 00 
"
"2016-11-21 13:56:38ID: BB  Data: 00 00 00 AA 00 00 00 00 
"
"2016-11-21 13:56:38ID: BC  Data: 00 00 00 AA 00 00 00 00 
"
"2016-11-21 13:56:38ID: BB  Data: 00 00 00 AA 00 00 00 00 
"
"2016-11-21 13:56:38ID: BC  Data: 00 00 00 AA 00 00 00 00 
"
"2016-11-21 13:56:38ID: BB  Data: 00 00 00 AA 00 00 00 00 
"
"2016-11-21 13:56:38ID: BC  Data: 00 00 00 AA 00 00 00 00 
"
"2016-11-21 13:56:38ID: BB  Data: 00 00 00 AA 00 00 00 00 
"
"2016-11-21 13:56:38ID: BC  Data: 00 00 00 AA 00 00 00 00 
"
"2016-11-21 13:56:38ID: BB  Data: 00 00 00 AA 00 00 00 00 
"
"2016-11-21 13:56:38ID: BC  Data: 00 00 00 AA 00 00 00 00 
"
"2016-11-21 13:56:38ID: BB  Data: 00 00 00 AA 00 00 00 00 
"
"2016-11-21 13:56:38ID: BC  Data: 00 00 00 AA 00 00 00 00 
"
"2016-11-21 13:56:38ID: BB  Data: 00 00 00 AA 00 00 00 00 
"
"2016-11-21 13:56:38ID: BC  Data: 00 00 00 AA 00 00 00 00 
"
"2016-11-21 13:56:39ID: BB  Data: 00 00 00 AA 00 00 00 00 
"
"2016-11-21 13:56:39ID: BC  Data: 00 00 00 AA 00 00 00 00 
"
"2016-11-21 13:56:39ID: BB  Data: 00 00 00 AA 00 00 00 00 
"
"2016-11-21 13:56:39ID: BC  Data: 00 00 00 AA 00 00 00 00 
"
"2016-11-21 13:56:39ID: BB  Data: 00 00 00 AA 00 00 00 00 
"
"2016-11-21 13:56:39ID: BC  Data: 00 00 00 AA 00 00 00 00 
"
"2016-11-21 13:56:39ID: BB  Data: 00 00 00 AA 00 00 00 00 
"
"2016-11-21 13:56:39ID: BC  Data: 00 00 00 AA 00 00 00 00 
"
"2016-11-21 13:56:39ID: BB  Data: 00 00 00 AA 00 00 00 00 
"
"2016-11-21 13:56:39ID: BC  Data: 00 00 00 AA 00 00 00 00 
"
"2016-11-21 13:56:39ID: BB  Data: 00 00 00 AA 00 00 00 00 
"
"2016-11-21 13:56:39ID: BC  Data: 00 00 00 AA 00 00 00 00 
"
"2016-11-21 13:56:39ID: BB  Data: 00 00 00 AA 00 00 00 00 
"
"2016-11-21 13:56:39ID: BC  Data: 00 00 00 AA 00 00 00 00 
"
"2016-11-21 13:56:39ID: BB  Data: 00 00 00 AA 00 00 00 00 
"
"2016-11-21 13:56:39ID: BC  Data: 00 00 00 AA 00 00 00 00 
"
"2016-11-21 13:56:39ID: BB  Data: 00 00 00 AA 00 00 00 00 
"
"2016-11-21 13:56:39ID: BC  Data: 00 00 00 AA 00 00 00 00 
"
"2016-11-21 13:56:39ID: BB  Data: 00 00 00 AA 00 00 00 00 
"
"2016-11-21 13:56:39ID: BC  Data: 00 00 00 AA 00 00 00 00 
"
"2016-11-21 13:56:39ID: BB  Data: 00 00 00 AA 00 00 00 00 
"
"2016-11-21 13:56:39ID: BC  Data: 00 00 00 AA 00 00 00 00 
"
"2016-11-21 13:56:40ID: BB  Data: 00 00 00 AA 00 00 00 00 
"
"2016-11-21 13:56:40ID: BC  Data: 00 00 00 AA 00 00 00 00 
"
"2016-11-21 13:56:40ID: BB  Data: 00 00 00 AA 00 00 00 00 
"
"2016-11-21 13:56:40ID: BC  Data: 00 00 00 AA 00 00 00 00 
"
"2016-11-21 13:56:40ID: BB  Data: 00 00 00 AA 00 00 00 00 
"
"2016-11-21 13:56:40ID: BC  Data: 00 00 00 AA 00 00 00 00 
"
"2016-11-21 13:56:40ID: BB  Data: 00 00 00 AA 00 00 00 00 
"
"2016-11-21 13:56:40ID: BC  Data: 00 00 00 AA 00 00 00 00 
"
"2016-11-21 13:56:40ID: BB  Data: 00 00 00 AA 00 00 00 00 
"
"2016-11-21 13:56:40ID: BC  Data: 00 00 00 AA 00 00 00 00 
"
"2016-11-21 13:56:40ID: BB  Data: 00 00 00 AA 00 00 00 00 
"
"2016-11-21 13:56:40ID: BC  Data: 00 00 00 AA 00 00 00 00 
"
"2016-11-21 13:56:40ID: BB  Data: 00 00 00 AA 00 00 00 00 
"
"2016-11-21 13:56:40ID: BC  Data: 00 00 00 AA 00 00 00 00 
"
"2016-11-21 13:56:40ID: BB  Data: 00 00 00 AA 00 00 00 00 
"
"2016-11-21 13:56:40ID: BC  Data: 00 00 00 AA 00 00 00 00 
"
"2016-11-21 13:56:40ID: BB  Data: 00 00 00 AA 00 00 00 00 
"
"2016-11-21 13:56:40ID: BC  Data: 00 00 00 AA 00 00 00 00 
"
"2016-11-21 13:56:40ID: BB  Data: 00 00 00 AA 00 00 00 00 
"
"2016-11-21 13:56:40ID: BC  Data: 00 00 00 AA 00 00 00 00 
"
"2016-11-21 13:56:40ID: BB  Data: 00 00 00 AA 00 00 00 00 
"
"2016-11-21 13:56:40ID: BC  Data: 00 00 00 AA 00 00 00 00 
"
"2016-11-21 13:56:40ID: BB  Data: 00 00 00 AA 00 00 00 00 
"
"2016-11-21 13:56:40ID: BC  Data: 00 00 00 AA 00 00 00 00 
"
"2016-11-21 13:56:41ID: BB  Data: 00 00 00 AA 00 00 00 00 
"
"2016-11-21 13:56:41ID: BC  Data: 00 00 00 AA 00 00 00 00 
"
"2016-11-21 13:56:41ID: BB  Data: 00 00 00 AA 00 00 00 00 
"
"2016-11-21 13:56:41ID: BC  Data: 00 00 00 AA 00 00 00 00 
"
"2016-11-21 13:56:41ID: BB  Data: 00 00 00 AA 00 00 00 00 
"
"2016-11-21 13:56:41ID: BC  Data: 00 00 00 AA 00 00 00 00 
"
"2016-11-21 13:56:41ID: BB  Data: 00 00 00 AA 00 00 00 00 
"
"2016-11-21 13:56:41ID: BC  Data: 00 00 00 AA 00 00 00 00 
"
"2016-11-21 13:56:41ID: BB  Data: 00 00 00 AA 00 00 00 00 
"
"2016-11-21 13:56:41ID: BC  Data: 00 00 00 AA 00 00 00 00 
"
"2016-11-21 13:56:41ID: BB  Data: 00 00 00 AA 00 00 00 00 
"
"2016-11-21 13:56:41ID: BC  Data: 00 00 00 AA 00 00 00 00 
"
"2016-11-21 13:56:41ID: BB  Data: 00 00 00 AA 00 00 00 00 
"
"2016-11-21 13:56:41ID: BC  Data: 00 00 00 AA 00 00 00 00 
"
"2016-11-21 13:56:41ID: BB  Data: 00 00 00 AA 00 00 00 00 
"
"2016-11-21 13:56:41ID: BC  Data: 00 00 00 AA 00 00 00 00 
"
"2016-11-21 13:56:41ID: BB  Data: 00 00 00 AA 00 00 00 00 
"
"2016-11-21 13:56:41ID: BC  Data: 00 00 00 AA 00 00 00 00 
"
"2016-11-21 13:56:41ID: BB  Data: 00 00 00 AA 00 00 00 00 
"
"2016-11-21 13:56:41ID: BC  Data: 00 00 00 AA 00 00 00 00 
"
"2016-11-21 13:56:41ID: BB  Data: 00 00 00 AA 00 00 00 00 
"
"2016-11-21 13:56:41ID: BC  Data: 00 00 00 AA 00 00 00 00 
"
"2016-11-21 13:56:42ID: BB  Data: 00 00 00 AA 00 00 00 00 
"
"2016-11-21 13:56:42ID: BC  Data: 00 00 00 AA 00 00 00 00 
"
"2016-11-21 13:56:42ID: BB  Data: 00 00 00 AA 00 00 00 00 
"
"2016-11-21 13:56:42ID: BC  Data: 00 00 00 AA 00 00 00 00 
"
"2016-11-21 13:56:42ID: BB  Data: 00 00 00 AA 00 00 00 00 
"
"2016-11-21 13:56:42ID: BC  Data: 00 00 00 AA 00 00 00 00 
"
"2016-11-21 13:56:42ID: BB  Data: 00 00 00 AA 00 00 00 00 
"
"2016-11-21 13:56:42ID: BC  Data: 00 00 00 AA 00 00 00 00 
"
"2016-11-21 13:56:42ID: BB  Data: 00 00 00 AA 00 00 00 00 
"
"2016-11-21 13:56:42ID: BC  Data: 00 00 00 AA 00 00 00 00 
"
"2016-11-21 13:56:42ID: BB  Data: 00 00 00 AA 00 00 00 00 
"
"2016-11-21 13:56:42ID: BC  Data: 00 00 00 AA 00 00 00 00 
"
"2016-11-21 13:56:42ID: BB  Data: 00 00 00 AA 00 00 00 00 
"
"2016-11-21 13:56:42ID: BC  Data: 00 00 00 AA 00 00 00 00 
"
"2016-11-21 13:56:42ID: BB  Data: 00 00 00 AA 00 00 00 00 
"
"2016-11-21 13:56:42ID: BC  Data: 00 00 00 AA 00 00 00 00 
"
"2016-11-21 13:56:42ID: BB  Data: 00 00 00 AA 00 00 00 00 
"
"2016-11-21 13:56:42ID: BC  Data: 00 00 00 AA 00 00 00 00 
"
"2016-11-21 13:56:42ID: BB  Data: 00 00 00 AA 00 00 00 00 
"
"2016-11-21 13:56:42ID: BC  Data: 00 00 00 AA 00 00 00 00 
"
"2016-11-21 13:56:42ID: BB  Data: 00 00 00 AA 00 00 00 00 
"
"2016-11-21 13:56:42ID: BC  Data: 00 00 00 AA 00 00 00 00 
"
"2016-11-21 13:56:43ID: BB  Data: 00 00 00 AA 00 00 00 00 
"
"2016-11-21 13:56:43ID: BC  Data: 00 00 00 AA 00 00 00 00 
"
"2016-11-21 13:56:43ID: BB  Data: 00 00 00 AA 00 00 00 00 
"
"2016-11-21 13:56:43ID: BC  Data: 00 00 00 AA 00 00 00 00 
"
"2016-11-21 13:56:43ID: BB  Data: 00 00 00 AA 00 00 00 00 
"
"2016-11-21 13:56:43ID: BC  Data: 00 00 00 AA 00 00 00 00 
"
"2016-11-21 13:56:43ID: BB  Data: 00 00 00 AA 00 00 00 00 
"
"2016-11-21 13:56:43ID: BC  Data: 00 00 00 AA 00 00 00 00 
"
"2016-11-21 13:56:43ID: BB  Data: 00 00 00 AA 00 00 00 00 
"
"2016-11-21 13:56:43ID: BC  Data: 00 00 00 AA 00 00 00 00 
"
"2016-11-21 13:56:43ID: BB  Data: 00 00 00 AA 00 00 00 00 
"
"2016-11-21 13:56:43ID: BC  Data: 00 00 00 AA 00 00 00 00 
"
"2016-11-21 13:56:43ID: BB  Data: 00 00 00 AA 00 00 00 00 
"
"2016-11-21 13:56:43ID: BC  Data: 00 00 00 AA 00 00 00 00 
"
"2016-11-21 13:56:43ID: BB  Data: 00 00 00 AA 00 00 00 00 
"
"2016-11-21 13:56:43ID: BC  Data: 00 00 00 AA 00 00 00 00 
"
"2016-11-21 13:56:43ID: BB  Data: 00 00 00 AA 00 00 00 00 
"
"2016-11-21 13:56:43ID: BC  Data: 00 00 00 AA 00 00 00 00 
"
"2016-11-21 13:56:43ID: BB  Data: 00 00 00 AA 00 00 00 00 
"
"2016-11-21 13:56:43ID: BC  Data: 00 00 00 AA 00 00 00 00 
"
"2016-11-21 13:56:43ID: BB  Data: 00 00 00 AA 00 00 00 00 
"
"2016-11-21 13:56:43ID: BC  Data: 00 00 00 AA 00 00 00 00 
"
"2016-11-21 13:56:43ID: BB  Data: 00 00 00 AA 00 00 00 00 
"
"2016-11-21 13:56:43ID: BC  Data: 00 00 00 AA 00 00 00 00 
"
"2016-11-21 13:56:44ID: BB  Data: 00 00 00 AA 00 00 00 00 
"
"2016-11-21 13:56:44ID: BC  Data: 00 00 00 AA 00 00 00 00 
"
"2016-11-21 13:56:44ID: BB  Data: 00 00 00 AA 00 00 00 00 
"
"2016-11-21 13:56:44ID: BC  Data: 00 00 00 AA 00 00 00 00 
"
"2016-11-21 13:56:44ID: BB  Data: 00 00 00 AA 00 00 00 00 
"
"2016-11-21 13:56:44ID: BC  Data: 00 00 00 AA 00 00 00 00 
"
"2016-11-21 13:56:44ID: BB  Data: 00 00 00 AA 00 00 00 00 
"
"2016-11-21 13:56:44ID: BC  Data: 00 00 00 AA 00 00 00 00 
"
"2016-11-21 13:56:44ID: BB  Data: 00 00 00 AA 00 00 00 00 
"
"2016-11-21 13:56:44ID: BC  Data: 00 00 00 AA 00 00 00 00 
"
"2016-11-21 13:56:44ID: BB  Data: 00 00 00 AA 00 00 00 00 
"
"2016-11-21 13:56:44ID: BC  Data: 00 00 00 AA 00 00 00 00 
"
"2016-11-21 13:56:44ID: BB  Data: 00 00 00 AA 00 00 00 00 
"
"2016-11-21 13:56:44ID: BC  Data: 00 00 00 AA 00 00 00 00 
"
"2016-11-21 13:56:44ID: BB  Data: 00 00 00 AA 00 00 00 00 
"
"2016-11-21 13:56:44ID: BC  Data: 00 00 00 AA 00 00 00 00 
"
"2016-11-21 13:56:44ID: BB  Data: 00 00 00 AA 00 00 00 00 
"
"2016-11-21 13:56:44ID: BC  Data: 00 00 00 AA 00 00 00 00 
"
"2016-11-21 13:56:44ID: BB  Data: 00 00 00 AA 00 00 00 00 
"
"2016-11-21 13:56:44ID: BC  Data: 00 00 00 AA 00 00 00 00 
"
"2016-11-21 13:56:44ID: BB  Data: 00 00 00 AA 00 00 00 00 
"
"2016-11-21 13:56:44ID: BC  Data: 00 00 00 AA 00 00 00 00 
"
"2016-11-21 13:56:45ID: BB  Data: 00 00 00 AA 00 00 00 00 
"
"2016-11-21 13:56:45ID: BC  Data: 00 00 00 AA 00 00 00 00 
"
"2016-11-21 13:56:45ID: BB  Data: 00 00 00 AA 00 00 00 00 
"
"2016-11-21 13:56:45ID: BC  Data: 00 00 00 AA 00 00 00 00 
"
"2016-11-21 13:56:45ID: BB  Data: 00 00 00 AA 00 00 00 00 
"
"2016-11-21 13:56:45ID: BC  Data: 00 00 00 AA 00 00 00 00 
"
"2016-11-21 13:56:45ID: BB  Data: 00 00 00 AA 00 00 00 00 
"
"2016-11-21 13:56:45ID: BC  Data: 00 00 00 AA 00 00 00 00 
"
"2016-11-21 13:56:45ID: BB  Data: 00 00 00 AA 00 00 00 00 
"
"2016-11-21 13:56:45ID: BC  Data: 00 00 00 AA 00 00 00 00 
"
"2016-11-21 13:56:45ID: BB  Data: 00 00 00 AA 00 00 00 00 
"
"2016-11-21 13:56:45ID: BC  Data: 00 00 00 AA 00 00 00 00 
"
"2016-11-21 13:56:45ID: BB  Data: 00 00 00 AA 00 00 00 00 
"
"2016-11-21 13:56:45ID: BC  Data: 00 00 00 AA 00 00 00 00 
"
"2016-11-21 13:56:45ID: BB  Data: 00 00 00 AA 00 00 00 00 
"
"2016-11-21 13:56:45ID: BC  Data: 00 00 00 AA 00 00 00 00 
"
"2016-11-21 13:56:45ID: BB  Data: 00 00 00 AA 00 00 00 00 
"
"2016-11-21 13:56:45ID: BC  Data: 00 00 00 AA 00 00 00 00 
"
"2016-11-21 13:56:45ID: BB  Data: 00 00 00 AA 00 00 00 00 
"
"2016-11-21 13:56:45ID: BC  Data: 00 00 00 AA 00 00 00 00 
"
"2016-11-21 13:56:45ID: BB  Data: 00 00 00 AA 00 00 00 00 
"
"2016-11-21 13:56:45ID: BC  Data: 00 00 00 AA 00 00 00 00 
"
"2016-11-21 13:56:46ID: BB  Data: 00 00 00 AA 00 00 00 00 
"
"2016-11-21 13:56:46ID: BC  Data: 00 00 00 AA 00 00 00 00 
"
"2016-11-21 13:56:46ID: BB  Data: 00 00 00 AA 00 00 00 00 
"
"2016-11-21 13:56:46ID: BC  Data: 00 00 00 AA 00 00 00 00 
"
"2016-11-21 13:56:46ID: BB  Data: 00 00 00 AA 00 00 00 00 
"
"2016-11-21 13:56:46ID: BC  Data: 00 00 00 AA 00 00 00 00 
"
"2016-11-21 13:56:46ID: BB  Data: 00 00 00 AA 00 00 00 00 
"
"2016-11-21 13:56:46ID: BC  Data: 00 00 00 AA 00 00 00 00 
"
"2016-11-21 13:56:46ID: BB  Data: 00 00 00 AA 00 00 00 00 
"
"2016-11-21 13:56:46ID: BC  Data: 00 00 00 AA 00 00 00 00 
"
"2016-11-21 13:56:46ID: BB  Data: 00 00 00 AA 00 00 00 00 
"
"2016-11-21 13:56:46ID: BC  Data: 00 00 00 AA 00 00 00 00 
"
"2016-11-21 13:56:46ID: BB  Data: 00 00 00 AA 00 00 00 00 
"
"2016-11-21 13:56:46ID: BC  Data: 00 00 00 AA 00 00 00 00 
"
"2016-11-21 13:56:46ID: BB  Data: 00 00 00 AA 00 00 00 00 
"
"2016-11-21 13:56:46ID: BC  Data: 00 00 00 AA 00 00 00 00 
"
"2016-11-21 13:56:46ID: BB  Data: 00 00 00 AA 00 00 00 00 
"
"2016-11-21 13:56:46ID: BC  Data: 00 00 00 AA 00 00 00 00 
"
"2016-11-21 13:56:46ID: BB  Data: 00 00 00 AA 00 00 00 00 
"
"2016-11-21 13:56:46ID: BC  Data: 00 00 00 AA 00 00 00 00 
"
"2016-11-21 13:56:46ID: BB  Data: 00 00 00 AA 00 00 00 00 
"
"2016-11-21 13:56:46ID: BC  Data: 00 00 00 AA 00 00 00 00 
"
"2016-11-21 13:56:46ID: BB  Data: 00 00 00 AA 00 00 00 00 
"
"2016-11-21 13:56:46ID: BC  Data: 00 00 00 AA 00 00 00 00 
"
"2016-11-21 13:56:47ID: BB  Data: 00 00 00 AA 00 00 00 00 
"
"2016-11-21 13:56:47ID: BC  Data: 00 00 00 AA 00 00 00 00 
"
"2016-11-21 13:56:47ID: BB  Data: 00 00 00 AA 00 00 00 00 
"
"2016-11-21 13:56:47ID: BC  Data: 00 00 00 AA 00 00 00 00 
"
"2016-11-21 13:56:47ID: BB  Data: 00 00 00 AA 00 00 00 00 
"
"2016-11-21 13:56:47ID: BC  Data: 00 00 00 AA 00 00 00 00 
"
"2016-11-21 13:56:47ID: BB  Data: 00 00 00 AA 00 00 00 00 
"
"2016-11-21 13:56:47ID: BC  Data: 00 00 00 AA 00 00 00 00 
"
"2016-11-21 13:56:47ID: BB  Data: 00 00 00 AA 00 00 00 00 
"
"2016-11-21 13:56:47ID: BC  Data: 00 00 00 AA 00 00 00 00 
"
"2016-11-21 13:56:47ID: BB  Data: 00 00 00 AA 00 00 00 00 
"
"2016-11-21 13:56:47ID: BC  Data: 00 00 00 AA 00 00 00 00 
"
"2016-11-21 13:56:47ID: BB  Data: 00 00 00 AA 00 00 00 00 
"
"2016-11-21 13:56:47ID: BC  Data: 00 00 00 AA 00 00 00 00 
"
"2016-11-21 13:56:47ID: BB  Data: 00 00 00 AA 00 00 00 00 
"
"2016-11-21 13:56:47ID: BC  Data: 00 00 00 AA 00 00 00 00 
"
"2016-11-21 13:56:47ID: BB  Data: 00 00 00 AA 00 00 00 00 
"
"2016-11-21 13:56:47ID: BC  Data: 00 00 00 AA 00 00 00 00 
"
"2016-11-21 13:56:47ID: BB  Data: 00 00 00 AA 00 00 00 00 
"
"2016-11-21 13:56:47ID: BC  Data: 00 00 00 AA 00 00 00 00 
"
"2016-11-21 13:56:47ID: BB  Data: 00 00 00 AA 00 00 00 00 
"
"2016-11-21 13:56:47ID: BC  Data: 00 00 00 AA 00 00 00 00 
"
"2016-11-21 13:56:48ID: BB  Data: 00 00 00 AA 00 00 00 00 
"
"2016-11-21 13:56:48ID: BC  Data: 00 00 00 AA 00 00 00 00 
"
"2016-11-21 13:56:48ID: BB  Data: 00 00 00 AA 00 00 00 00 
"
"2016-11-21 13:56:48ID: BC  Data: 00 00 00 AA 00 00 00 00 
"
"2016-11-21 13:56:48ID: BB  Data: 00 00 00 AA 00 00 00 00 
"
"2016-11-21 13:56:48ID: BC  Data: 00 00 00 AA 00 00 00 00 
"
"2016-11-21 13:56:48ID: BB  Data: 00 00 00 AA 00 00 00 00 
"
"2016-11-21 13:56:48ID: BC  Data: 00 00 00 AA 00 00 00 00 
"
"2016-11-21 13:56:48ID: BB  Data: 00 00 00 AA 00 00 00 00 
"
"2016-11-21 13:56:48ID: BC  Data: 00 00 00 AA 00 00 00 00 
"
"2016-11-21 13:56:48ID: BB  Data: 00 00 00 AA 00 00 00 00 
"
"2016-11-21 13:56:48ID: BC  Data: 00 00 00 AA 00 00 00 00 
"
"2016-11-21 13:56:48ID: BB  Data: 00 00 00 AA 00 00 00 00 
"
"2016-11-21 13:56:48ID: BC  Data: 00 00 00 AA 00 00 00 00 
"
"2016-11-21 13:56:48ID: BB  Data: 00 00 00 AA 00 00 00 00 
"
"2016-11-21 13:56:48ID: BC  Data: 00 00 00 AA 00 00 00 00 
"
"2016-11-21 13:56:48ID: BB  Data: 00 00 00 AA 00 00 00 00 
"
"2016-11-21 13:56:48ID: BC  Data: 00 00 00 AA 00 00 00 00 
"
"2016-11-21 13:56:48ID: BB  Data: 00 00 00 AA 00 00 00 00 
"
"2016-11-21 13:56:48ID: BC  Data: 00 00 00 AA 00 00 00 00 
"
"2016-11-21 13:56:48ID: BB  Data: 00 00 00 AA 00 00 00 00 
"
"2016-11-21 13:56:48ID: BC  Data: 00 00 00 AA 00 00 00 00 
"
"2016-11-21 13:56:49ID: BB  Data: 00 00 00 AA 00 00 00 00 
"
"2016-11-21 13:56:49ID: BC  Data: 00 00 00 AA 00 00 00 00 
"
"2016-11-21 13:56:49ID: BB  Data: 00 00 00 AA 00 00 00 00 
"
"2016-11-21 13:56:49ID: BC  Data: 00 00 00 AA 00 00 00 00 
"
"2016-11-21 13:56:49ID: BB  Data: 00 00 00 AA 00 00 00 00 
"
"2016-11-21 13:56:49ID: BC  Data: 00 00 00 AA 00 00 00 00 
"
"2016-11-21 13:56:49ID: BB  Data: 00 00 00 AA 00 00 00 00 
"
"2016-11-21 13:56:49ID: BC  Data: 00 00 00 AA 00 00 00 00 
"
"2016-11-21 13:56:49ID: BB  Data: 00 00 00 AA 00 00 00 00 
"
"2016-11-21 13:56:49ID: BC  Data: 00 00 00 AA 00 00 00 00 
"
"2016-11-21 13:56:49ID: BB  Data: 00 00 00 AA 00 00 00 00 
"
"2016-11-21 13:56:49ID: BC  Data: 00 00 00 AA 00 00 00 00 
"
"2016-11-21 13:56:49ID: BB  Data: 00 00 00 AA 00 00 00 00 
"
"2016-11-21 13:56:49ID: BC  Data: 00 00 00 AA 00 00 00 00 
"
"2016-11-21 13:56:49ID: BB  Data: 00 00 00 AA 00 00 00 00 
"
"2016-11-21 13:56:49ID: BC  Data: 00 00 00 AA 00 00 00 00 
"
"2016-11-21 13:56:49ID: BB  Data: 00 00 00 AA 00 00 00 00 
"
"2016-11-21 13:56:49ID: BC  Data: 00 00 00 AA 00 00 00 00 
"
"2016-11-21 13:56:49ID: BB  Data: 00 00 00 AA 00 00 00 00 
"
"2016-11-21 13:56:49ID: BC  Data: 00 00 00 AA 00 00 00 00 
"
"2016-11-21 13:56:49ID: BB  Data: 00 00 00 AA 00 00 00 00 
"
"2016-11-21 13:56:49ID: BC  Data: 00 00 00 AA 00 00 00 00 
"
"2016-11-21 13:56:49ID: BB  Data: 00 00 00 AA 00 00 00 00 
"
"2016-11-21 13:56:49ID: BC  Data: 00 00 00 AA 00 00 00 00 
"
"2016-11-21 13:56:50ID: BB  Data: 00 00 00 AA 00 00 00 00 
"
"2016-11-21 13:56:50ID: BC  Data: 00 00 00 AA 00 00 00 00 
"
"2016-11-21 13:56:50ID: BB  Data: 00 00 00 AA 00 00 00 00 
"
"2016-11-21 13:56:50ID: BC  Data: 00 00 00 AA 00 00 00 00 
"
"2016-11-21 13:56:50ID: BB  Data: 00 00 00 AA 00 00 00 00 
"
"2016-11-21 13:56:50ID: BC  Data: 00 00 00 AA 00 00 00 00 
"
"2016-11-21 13:56:50ID: BB  Data: 00 00 00 AA 00 00 00 00 
"
"2016-11-21 13:56:50ID: BC  Data: 00 00 00 AA 00 00 00 00 
"
"2016-11-21 13:56:50ID: BB  Data: 00 00 00 AA 00 00 00 00 
"
"2016-11-21 13:56:50ID: BC  Data: 00 00 00 AA 00 00 00 00 
"
"2016-11-21 13:56:50ID: BB  Data: 00 00 00 AA 00 00 00 00 
"
"2016-11-21 13:56:50ID: BC  Data: 00 00 00 AA 00 00 00 00 
"
"2016-11-21 13:56:50ID: BB  Data: 00 00 00 AA 00 00 00 00 
"
"2016-11-21 13:56:50ID: BC  Data: 00 00 00 AA 00 00 00 00 
"
"2016-11-21 13:56:50ID: BB  Data: 00 00 00 AA 00 00 00 00 
"
"2016-11-21 13:56:50ID: BC  Data: 00 00 00 AA 00 00 00 00 
"
"2016-11-21 13:56:50ID: BB  Data: 00 00 00 AA 00 00 00 00 
"
"2016-11-21 13:56:50ID: BC  Data: 00 00 00 AA 00 00 00 00 
"
"2016-11-21 13:56:50ID: BB  Data: 00 00 00 AA 00 00 00 00 
"
"2016-11-21 13:56:50ID: BC  Data: 00 00 00 AA 00 00 00 00 
"
"2016-11-21 13:56:50ID: BB  Data: 00 00 00 AA 00 00 00 00 
"
"2016-11-21 13:56:50ID: BC  Data: 00 00 00 AA 00 00 00 00 
"
"2016-11-21 13:56:51ID: BB  Data: 00 00 00 AA 00 00 00 00 
"
"2016-11-21 13:56:51ID: BC  Data: 00 00 00 AA 00 00 00 00 
"
"2016-11-21 13:56:51ID: BB  Data: 00 00 00 AA 00 00 00 00 
"
"2016-11-21 13:56:51ID: BC  Data: 00 00 00 AA 00 00 00 00 
"
"2016-11-21 13:56:51ID: BB  Data: 00 00 00 AA 00 00 00 00 
"
"2016-11-21 13:56:51ID: BC  Data: 00 00 00 AA 00 00 00 00 
"
"2016-11-21 13:56:51ID: BB  Data: 00 00 00 AA 00 00 00 00 
"
"2016-11-21 13:56:51ID: BC  Data: 00 00 00 AA 00 00 00 00 
"
"2016-11-21 13:56:51ID: BB  Data: 00 00 00 AA 00 00 00 00 
"
"2016-11-21 13:56:51ID: BC  Data: 00 00 00 AA 00 00 00 00 
"
"2016-11-21 13:56:51ID: BB  Data: 00 00 00 AA 00 00 00 00 
"
"2016-11-21 13:56:51ID: BC  Data: 00 00 00 AA 00 00 00 00 
"
"2016-11-21 13:56:51ID: BB  Data: 00 00 00 AA 00 00 00 00 
"
"2016-11-21 13:56:51ID: BC  Data: 00 00 00 AA 00 00 00 00 
"
"2016-11-21 13:56:51ID: BB  Data: 00 00 00 AA 00 00 00 00 
"
"2016-11-21 13:56:51ID: BC  Data: 00 00 00 AA 00 00 00 00 
"
"2016-11-21 13:56:51ID: BB  Data: 00 00 00 AA 00 00 00 00 
"
"2016-11-21 13:56:51ID: BC  Data: 00 00 00 AA 00 00 00 00 
"
"2016-11-21 13:56:51ID: BB  Data: 00 00 00 AA 00 00 00 00 
"
"2016-11-21 13:56:51ID: BC  Data: 00 00 00 AA 00 00 00 00 
"
"2016-11-21 13:56:51ID: BB  Data: 00 00 00 AA 00 00 00 00 
"
"2016-11-21 13:56:51ID: BC  Data: 00 00 00 AA 00 00 00 00 
"
"2016-11-21 13:56:51ID: BB  Data: 00 00 00 AA 00 00 00 00 
"
"2016-11-21 13:56:52ID: BC  Data: 00 00 00 AA 00 00 00 00 
"
"2016-11-21 13:56:52ID: BB  Data: 00 00 00 AA 00 00 00 00 
"
"2016-11-21 13:56:52ID: BC  Data: 00 00 00 AA 00 00 00 00 
"
"2016-11-21 13:56:52ID: BB  Data: 00 00 00 AA 00 00 00 00 
"
"2016-11-21 13:56:52ID: BC  Data: 00 00 00 AA 00 00 00 00 
"
"2016-11-21 13:56:52ID: BB  Data: 00 00 00 AA 00 00 00 00 
"
"2016-11-21 13:56:52ID: BC  Data: 00 00 00 AA 00 00 00 00 
"
"2016-11-21 13:56:52ID: BB  Data: 00 00 00 AA 00 00 00 00 
"
"2016-11-21 13:56:52ID: BC  Data: 00 00 00 AA 00 00 00 00 
"
"2016-11-21 13:56:52ID: BB  Data: 00 00 00 AA 00 00 00 00 
"
"2016-11-21 13:56:52ID: BC  Data: 00 00 00 AA 00 00 00 00 
"
"2016-11-21 13:56:52ID: BB  Data: 00 00 00 AA 00 00 00 00 
"
"2016-11-21 13:56:52ID: BC  Data: 00 00 00 AA 00 00 00 00 
"
"2016-11-21 13:56:52ID: BB  Data: 00 00 00 AA 00 00 00 00 
"
"2016-11-21 13:56:52ID: BC  Data: 00 00 00 AA 00 00 00 00 
"
"2016-11-21 13:56:52ID: BB  Data: 00 00 00 AA 00 00 00 00 
"
"2016-11-21 13:56:52ID: BC  Data: 00 00 00 AA 00 00 00 00 
"
"2016-11-21 13:56:52ID: BB  Data: 00 00 00 AA 00 00 00 00 
"
"2016-11-21 13:56:52ID: BC  Data: 00 00 00 AA 00 00 00 00 
"
"2016-11-21 13:56:52ID: BB  Data: 00 00 00 AA 00 00 00 00 
"
"2016-11-21 13:56:52ID: BC  Data: 00 00 00 AA 00 00 00 00 
"
"2016-11-21 13:56:52ID: BB  Data: 00 00 00 AA 00 00 00 00 
"
"2016-11-21 13:56:52ID: BC  Data: 00 00 00 AA 00 00 00 00 
"
"2016-11-21 13:56:53ID: BB  Data: 00 00 00 AA 00 00 00 00 
"
"2016-11-21 13:56:53ID: BC  Data: 00 00 00 AA 00 00 00 00 
"
"2016-11-21 13:56:53ID: BB  Data: 00 00 00 AA 00 00 00 00 
"
"2016-11-21 13:56:53ID: BC  Data: 00 00 00 AA 00 00 00 00 
"
"2016-11-21 13:56:53ID: BB  Data: 00 00 00 AA 00 00 00 00 
"
"2016-11-21 13:56:53ID: BC  Data: 00 00 00 AA 00 00 00 00 
"
"2016-11-21 13:56:53ID: BB  Data: 00 00 00 AA 00 00 00 00 
"
"2016-11-21 13:56:53ID: BC  Data: 00 00 00 AA 00 00 00 00 
"
"2016-11-21 13:56:53ID: BB  Data: 00 00 00 AA 00 00 00 00 
"
"2016-11-21 13:56:53ID: BC  Data: 00 00 00 AA 00 00 00 00 
"
"2016-11-21 13:56:53ID: BB  Data: 00 00 00 AA 00 00 00 00 
"
"2016-11-21 13:56:53ID: BC  Data: 00 00 00 AA 00 00 00 00 
"
"2016-11-21 13:56:53ID: BB  Data: 00 00 00 AA 00 00 00 00 
"
"2016-11-21 13:56:53ID: BC  Data: 00 00 00 AA 00 00 00 00 
"
"2016-11-21 13:56:53ID: BB  Data: 00 00 00 AA 00 00 00 00 
"
"2016-11-21 13:56:53ID: BC  Data: 00 00 00 AA 00 00 00 00 
"
"2016-11-21 13:56:53ID: BB  Data: 00 00 00 AA 00 00 00 00 
"
"2016-11-21 13:56:53ID: BC  Data: 00 00 00 AA 00 00 00 00 
"
"2016-11-21 13:56:53ID: BB  Data: 00 00 00 AA 00 00 00 00 
"
"2016-11-21 13:56:53ID: BC  Data: 00 00 00 AA 00 00 00 00 
"
"2016-11-21 13:56:53ID: BB  Data: 00 00 00 AA 00 00 00 00 
"
"2016-11-21 13:56:53ID: BC  Data: 00 00 00 AA 00 00 00 00 
"
"2016-11-21 13:56:54ID: BB  Data: 00 00 00 AA 00 00 00 00 
"
"2016-11-21 13:56:54ID: BC  Data: 00 00 00 AA 00 00 00 00 
"
"2016-11-21 13:56:54ID: BB  Data: 00 00 00 AA 00 00 00 00 
"
"2016-11-21 13:56:54ID: BC  Data: 00 00 00 AA 00 00 00 00 
"
"2016-11-21 13:56:54ID: BB  Data: 00 00 00 AA 00 00 00 00 
"
"2016-11-21 13:56:54ID: BC  Data: 00 00 00 AA 00 00 00 00 
"
"2016-11-21 13:56:54ID: BB  Data: 00 00 00 AA 00 00 00 00 
"
"2016-11-21 13:56:54ID: BC  Data: 00 00 00 AA 00 00 00 00 
"
"2016-11-21 13:56:54ID: BB  Data: 00 00 00 AA 00 00 00 00 
"
"2016-11-21 13:56:54ID: BC  Data: 00 00 00 AA 00 00 00 00 
"
"2016-11-21 13:56:54ID: BB  Data: 00 00 00 AA 00 00 00 00 
"
"2016-11-21 13:56:54ID: BC  Data: 00 00 00 AA 00 00 00 00 
"
"2016-11-21 13:56:54ID: BB  Data: 00 00 00 AA 00 00 00 00 
"
"2016-11-21 13:56:54ID: BC  Data: 00 00 00 AA 00 00 00 00 
"
"2016-11-21 13:56:54ID: BB  Data: 00 00 00 AA 00 00 00 00 
"
"2016-11-21 13:56:54ID: BC  Data: 00 00 00 AA 00 00 00 00 
"
"2016-11-21 13:56:54ID: BB  Data: 00 00 00 AA 00 00 00 00 
"
"2016-11-21 13:56:54ID: BC  Data: 00 00 00 AA 00 00 00 00 
"
"2016-11-21 13:56:54ID: BB  Data: 00 00 00 AA 00 00 00 00 
"
"2016-11-21 13:56:54ID: BC  Data: 00 00 00 AA 00 00 00 00 
"
"2016-11-21 13:56:54ID: BB  Data: 00 00 00 AA 00 00 00 00 
"
"2016-11-21 13:56:54ID: BC  Data: 00 00 00 AA 00 00 00 00 
"
"2016-11-21 13:56:54ID: BB  Data: 00 00 00 AA 00 00 00 00 
"
"2016-11-21 13:56:55ID: BC  Data: 00 00 00 AA 00 00 00 00 
"
"2016-11-21 13:56:55ID: BB  Data: 00 00 00 AA 00 00 00 00 
"
"2016-11-21 13:56:55ID: BC  Data: 00 00 00 AA 00 00 00 00 
"
"2016-11-21 13:56:55ID: BB  Data: 00 00 00 AA 00 00 00 00 
"
"2016-11-21 13:56:55ID: BC  Data: 00 00 00 AA 00 00 00 00 
"
"2016-11-21 13:56:55ID: BB  Data: 00 00 00 AA 00 00 00 00 
"
"2016-11-21 13:56:55ID: BC  Data: 00 00 00 AA 00 00 00 00 
"
"2016-11-21 13:56:55ID: BB  Data: 00 00 00 AA 00 00 00 00 
"
"2016-11-21 13:56:55ID: BC  Data: 00 00 00 AA 00 00 00 00 
"
"2016-11-21 13:56:55ID: BB  Data: 00 00 00 AA 00 00 00 00 
"
"2016-11-21 13:56:55ID: BC  Data: 00 00 00 AA 00 00 00 00 
"
"2016-11-21 13:56:55ID: BB  Data: 00 00 00 AA 00 00 00 00 
"
"2016-11-21 13:56:55ID: BC  Data: 00 00 00 AA 00 00 00 00 
"
"2016-11-21 13:56:55ID: BB  Data: 00 00 00 AA 00 00 00 00 
"
"2016-11-21 13:56:55ID: BC  Data: 00 00 00 AA 00 00 00 00 
"
"2016-11-21 13:56:55ID: BB  Data: 00 00 00 AA 00 00 00 00 
"
"2016-11-21 13:56:55ID: BC  Data: 00 00 00 AA 00 00 00 00 
"
"2016-11-21 13:56:55ID: BB  Data: 00 00 00 AA 00 00 00 00 
"
"2016-11-21 13:56:55ID: BC  Data: 00 00 00 AA 00 00 00 00 
"
"2016-11-21 13:56:55ID: BB  Data: 00 00 00 AA 00 00 00 00 
"
"2016-11-21 13:56:55ID: BC  Data: 00 00 00 AA 00 00 00 00 
"
"2016-11-21 13:56:55ID: BB  Data: 00 00 00 AA 00 00 00 00 
"
"2016-11-21 13:56:55ID: BC  Data: 00 00 00 AA 00 00 00 00 
"
"2016-11-21 13:56:56ID: BB  Data: 00 00 00 AA 00 00 00 00 
"
"2016-11-21 13:56:56ID: BC  Data: 00 00 00 AA 00 00 00 00 
"
"2016-11-21 13:56:56ID: BB  Data: 00 00 00 AA 00 00 00 00 
"
"2016-11-21 13:56:56ID: BC  Data: 00 00 00 AA 00 00 00 00 
"
"2016-11-21 13:56:56ID: BB  Data: 00 00 00 AA 00 00 00 00 
"
"2016-11-21 13:56:56ID: BC  Data: 00 00 00 AA 00 00 00 00 
"
"2016-11-21 13:56:56ID: BB  Data: 00 00 00 AA 00 00 00 00 
"
"2016-11-21 13:56:56ID: BC  Data: 00 00 00 AA 00 00 00 00 
"
"2016-11-21 13:56:56ID: BB  Data: 00 00 00 AA 00 00 00 00 
"
"2016-11-21 13:56:56ID: BC  Data: 00 00 00 AA 00 00 00 00 
"
"2016-11-21 13:56:56ID: BB  Data: 00 00 00 AA 00 00 00 00 
"
"2016-11-21 13:56:56ID: BC  Data: 00 00 00 AA 00 00 00 00 
"
"2016-11-21 13:56:56ID: BB  Data: 00 00 00 AA 00 00 00 00 
"
"2016-11-21 13:56:56ID: BC  Data: 00 00 00 AA 00 00 00 00 
"
"2016-11-21 13:56:56ID: BB  Data: 00 00 00 AA 00 00 00 00 
"
"2016-11-21 13:56:56ID: BC  Data: 00 00 00 AA 00 00 00 00 
"
"2016-11-21 13:56:56ID: BB  Data: 00 00 00 AA 00 00 00 00 
"
"2016-11-21 13:56:56ID: BC  Data: 00 00 00 AA 00 00 00 00 
"
"2016-11-21 13:56:56ID: BB  Data: 00 00 00 AA 00 00 00 00 
"
"2016-11-21 13:56:56ID: BC  Data: 00 00 00 AA 00 00 00 00 
"
"2016-11-21 13:56:56ID: BB  Data: 00 00 00 AA 00 00 00 00 
"
"2016-11-21 13:56:56ID: BC  Data: 00 00 00 AA 00 00 00 00 
"
"2016-11-21 13:56:57ID: BB  Data: 00 00 00 AA 00 00 00 00 
"
"2016-11-21 13:56:57ID: BC  Data: 00 00 00 AA 00 00 00 00 
"
"2016-11-21 13:56:57ID: BB  Data: 00 00 00 AA 00 00 00 00 
"
"2016-11-21 13:56:57ID: BC  Data: 00 00 00 AA 00 00 00 00 
"
"2016-11-21 13:56:57ID: BB  Data: 00 00 00 AA 00 00 00 00 
"
"2016-11-21 13:56:57ID: BC  Data: 00 00 00 AA 00 00 00 00 
"
"2016-11-21 13:56:57ID: BB  Data: 00 00 00 AA 00 00 00 00 
"
"2016-11-21 13:56:57ID: BC  Data: 00 00 00 AA 00 00 00 00 
"
"2016-11-21 13:56:57ID: BB  Data: 00 00 00 AA 00 00 00 00 
"
"2016-11-21 13:56:57ID: BC  Data: 00 00 00 AA 00 00 00 00 
"
"2016-11-21 13:56:57ID: BB  Data: 00 00 00 AA 00 00 00 00 
"
"2016-11-21 13:56:57ID: BC  Data: 00 00 00 AA 00 00 00 00 
"
"2016-11-21 13:56:57ID: BB  Data: 00 00 00 AA 00 00 00 00 
"
"2016-11-21 13:56:57ID: BC  Data: 00 00 00 AA 00 00 00 00 
"
"2016-11-21 13:56:57ID: BB  Data: 00 00 00 AA 00 00 00 00 
"
"2016-11-21 13:56:57ID: BC  Data: 00 00 00 AA 00 00 00 00 
"
"2016-11-21 13:56:57ID: BB  Data: 00 00 00 AA 00 00 00 00 
"
"2016-11-21 13:56:57ID: BC  Data: 00 00 00 AA 00 00 00 00 
"
"2016-11-21 13:56:57ID: BB  Data: 00 00 00 AA 00 00 00 00 
"
"2016-11-21 13:56:57ID: BC  Data: 00 00 00 AA 00 00 00 00 
"
"2016-11-21 13:56:57ID: BB  Data: 00 00 00 AA 00 00 00 00 
"
"2016-11-21 13:56:57ID: BC  Data: 00 00 00 AA 00 00 00 00 
"
"2016-11-21 13:56:57ID: BB  Data: 00 00 00 AA 00 00 00 00 
"
"2016-11-21 13:56:57ID: BC  Data: 00 00 00 AA 00 00 00 00 
"
"2016-11-21 13:56:58ID: BB  Data: 00 00 00 AA 00 00 00 00 
"
"2016-11-21 13:56:58ID: BC  Data: 00 00 00 AA 00 00 00 00 
"
"2016-11-21 13:56:58ID: BB  Data: 00 00 00 AA 00 00 00 00 
"
"2016-11-21 13:56:58ID: BC  Data: 00 00 00 AA 00 00 00 00 
"
"2016-11-21 13:56:58ID: BB  Data: 00 00 00 AA 00 00 00 00 
"
"2016-11-21 13:56:58ID: BC  Data: 00 00 00 AA 00 00 00 00 
"
"2016-11-21 13:56:58ID: BB  Data: 00 00 00 AA 00 00 00 00 
"
"2016-11-21 13:56:58ID: BC  Data: 00 00 00 AA 00 00 00 00 
"
"2016-11-21 13:56:58ID: BB  Data: 00 00 00 AA 00 00 00 00 
"
"2016-11-21 13:56:58ID: BC  Data: 00 00 00 AA 00 00 00 00 
"
"2016-11-21 13:56:58ID: BB  Data: 00 00 00 AA 00 00 00 00 
"
"2016-11-21 13:56:58ID: BC  Data: 00 00 00 AA 00 00 00 00 
"
"2016-11-21 13:56:58ID: BB  Data: 00 00 00 AA 00 00 00 00 
"
"2016-11-21 13:56:58ID: BC  Data: 00 00 00 AA 00 00 00 00 
"
"2016-11-21 13:56:58ID: BB  Data: 00 00 00 AA 00 00 00 00 
"
"2016-11-21 13:56:58ID: BC  Data: 00 00 00 AA 00 00 00 00 
"
"2016-11-21 13:56:58ID: BB  Data: 00 00 00 AA 00 00 00 00 
"
"2016-11-21 13:56:58ID: BC  Data: 00 00 00 AA 00 00 00 00 
"
"2016-11-21 13:56:58ID: BB  Data: 00 00 00 AA 00 00 00 00 
"
"2016-11-21 13:56:58ID: BC  Data: 00 00 00 AA 00 00 00 00 
"
"2016-11-21 13:56:58ID: BB  Data: 00 00 00 AA 00 00 00 00 
"
"2016-11-21 13:56:58ID: BC  Data: 00 00 00 AA 00 00 00 00 
"
"2016-11-21 13:56:59ID: BB  Data: 00 00 00 AA 00 00 00 00 
"
"2016-11-21 13:56:59ID: BC  Data: 00 00 00 AA 00 00 00 00 
"
"2016-11-21 13:56:59ID: BB  Data: 00 00 00 AA 00 00 00 00 
"
"2016-11-21 13:56:59ID: BC  Data: 00 00 00 AA 00 00 00 00 
"
"2016-11-21 13:56:59ID: BB  Data: 00 00 00 AA 00 00 00 00 
"
"2016-11-21 13:56:59ID: BC  Data: 00 00 00 AA 00 00 00 00 
"
"2016-11-21 13:56:59ID: BB  Data: 00 00 00 AA 00 00 00 00 
"
"2016-11-21 13:56:59ID: BC  Data: 00 00 00 AA 00 00 00 00 
"
"2016-11-21 13:56:59ID: BB  Data: 00 00 00 AA 00 00 00 00 
"
"2016-11-21 13:56:59ID: BC  Data: 00 00 00 AA 00 00 00 00 
"
"2016-11-21 13:56:59ID: BB  Data: 00 00 00 AA 00 00 00 00 
"
"2016-11-21 13:56:59ID: BC  Data: 00 00 00 AA 00 00 00 00 
"
"2016-11-21 13:56:59ID: BB  Data: 00 00 00 AA 00 00 00 00 
"
"2016-11-21 13:56:59ID: BC  Data: 00 00 00 AA 00 00 00 00 
"
"2016-11-21 13:56:59ID: BB  Data: 00 00 00 AA 00 00 00 00 
"
"2016-11-21 13:56:59ID: BC  Data: 00 00 00 AA 00 00 00 00 
"
"2016-11-21 13:56:59ID: BB  Data: 00 00 00 AA 00 00 00 00 
"
"2016-11-21 13:56:59ID: BC  Data: 00 00 00 AA 00 00 00 00 
"
"2016-11-21 13:56:59ID: BB  Data: 00 00 00 AA 00 00 00 00 
"
"2016-11-21 13:56:59ID: BC  Data: 00 00 00 AA 00 00 00 00 
"
"2016-11-21 13:56:59ID: BB  Data: 00 00 00 AA 00 00 00 00 
"
"2016-11-21 13:56:59ID: BC  Data: 00 00 00 AA 00 00 00 00 
"
"2016-11-21 13:57:00ID: BB  Data: 00 00 00 AA 00 00 00 00 
"
"2016-11-21 13:57:00ID: BC  Data: 00 00 00 AA 00 00 00 00 
"
"2016-11-21 13:57:00ID: BB  Data: 00 00 00 AA 00 00 00 00 
"
"2016-11-21 13:57:00ID: BC  Data: 00 00 00 AA 00 00 00 00 
"
"2016-11-21 13:57:00ID: BB  Data: 00 00 00 AA 00 00 00 00 
"
"2016-11-21 13:57:00ID: BC  Data: 00 00 00 AA 00 00 00 00 
"
"2016-11-21 13:57:00ID: BB  Data: 00 00 00 AA 00 00 00 00 
"
"2016-11-21 13:57:00ID: BC  Data: 00 00 00 AA 00 00 00 00 
"
"2016-11-21 13:57:00ID: BB  Data: 00 00 00 AA 00 00 00 00 
"
"2016-11-21 13:57:00ID: BC  Data: 00 00 00 AA 00 00 00 00 
"
"2016-11-21 13:57:00ID: BB  Data: 00 00 00 AA 00 00 00 00 
"
"2016-11-21 13:57:00ID: BC  Data: 00 00 00 AA 00 00 00 00 
"
"2016-11-21 13:57:00ID: BB  Data: 00 00 00 AA 00 00 00 00 
"
"2016-11-21 13:57:00ID: BC  Data: 00 00 00 AA 00 00 00 00 
"
"2016-11-21 13:57:00ID: BB  Data: 00 00 00 AA 00 00 00 00 
"
"2016-11-21 13:57:00ID: BC  Data: 00 00 00 AA 00 00 00 00 
"
"2016-11-21 13:57:00ID: BB  Data: 00 00 00 AA 00 00 00 00 
"
"2016-11-21 13:57:00ID: BC  Data: 00 00 00 AA 00 00 00 00 
"
"2016-11-21 13:57:00ID: BB  Data: 00 00 00 AA 00 00 00 00 
"
"2016-11-21 13:57:00ID: BC  Data: 00 00 00 AA 00 00 00 00 
"
"2016-11-21 13:57:00ID: BB  Data: 00 00 00 AA 00 00 00 00 
"
"2016-11-21 13:57:00ID: BC  Data: 00 00 00 AA 00 00 00 00 
"
"2016-11-21 13:57:00ID: BB  Data: 00 00 00 AA 00 00 00 00 
"
"2016-11-21 13:57:00ID: BC  Data: 00 00 00 AA 00 00 00 00 
"
"2016-11-21 13:57:01ID: BB  Data: 00 00 00 AA 00 00 00 00 
"
"2016-11-21 13:57:01ID: BC  Data: 00 00 00 AA 00 00 00 00 
"
"2016-11-21 13:57:01ID: BB  Data: 00 00 00 AA 00 00 00 00 
"
"2016-11-21 13:57:01ID: BC  Data: 00 00 00 AA 00 00 00 00 
"
"2016-11-21 13:57:01ID: BB  Data: 00 00 00 AA 00 00 00 00 
"
"2016-11-21 13:57:01ID: BC  Data: 00 00 00 AA 00 00 00 00 
"
"2016-11-21 13:57:01ID: BB  Data: 00 00 00 AA 00 00 00 00 
"
"2016-11-21 13:57:01ID: BC  Data: 00 00 00 AA 00 00 00 00 
"
"2016-11-21 13:57:01ID: BB  Data: 00 00 00 AA 00 00 00 00 
"
"2016-11-21 13:57:01ID: BC  Data: 00 00 00 AA 00 00 00 00 
"
"2016-11-21 13:57:01ID: BB  Data: 00 00 00 AA 00 00 00 00 
"
"2016-11-21 13:57:01ID: BC  Data: 00 00 00 AA 00 00 00 00 
"
"2016-11-21 13:57:01ID: BB  Data: 00 00 00 AA 00 00 00 00 
"
"2016-11-21 13:57:01ID: BC  Data: 00 00 00 AA 00 00 00 00 
"
"2016-11-21 13:57:01ID: BB  Data: 00 00 00 AA 00 00 00 00 
"
"2016-11-21 13:57:01ID: BC  Data: 00 00 00 AA 00 00 00 00 
"
"2016-11-21 13:57:01ID: BB  Data: 00 00 00 AA 00 00 00 00 
"
"2016-11-21 13:57:01ID: BC  Data: 00 00 00 AA 00 00 00 00 
"
"2016-11-21 13:57:01ID: BB  Data: 00 00 00 AA 00 00 00 00 
"
"2016-11-21 13:57:01ID: BC  Data: 00 00 00 AA 00 00 00 00 
"
"2016-11-21 13:57:01ID: BB  Data: 00 00 00 AA 00 00 00 00 
"
"2016-11-21 13:57:01ID: BC  Data: 00 00 00 AA 00 00 00 00 
"
"2016-11-21 13:57:02ID: BB  Data: 00 00 00 AA 00 00 00 00 
"
"2016-11-21 13:57:02ID: BC  Data: 00 00 00 AA 00 00 00 00 
"
"2016-11-21 13:57:02ID: BB  Data: 00 00 00 AA 00 00 00 00 
"
"2016-11-21 13:57:02ID: BC  Data: 00 00 00 AA 00 00 00 00 
"
"2016-11-21 13:57:02ID: BB  Data: 00 00 00 AA 00 00 00 00 
"
"2016-11-21 13:57:02ID: BC  Data: 00 00 00 AA 00 00 00 00 
"
"2016-11-21 13:57:02ID: BB  Data: 00 00 00 AA 00 00 00 00 
"
"2016-11-21 13:57:02ID: BC  Data: 00 00 00 AA 00 00 00 00 
"
"2016-11-21 13:57:02ID: BB  Data: 00 00 00 AA 00 00 00 00 
"
"2016-11-21 13:57:02ID: BC  Data: 00 00 00 AA 00 00 00 00 
"
"2016-11-21 13:57:02ID: BB  Data: 00 00 00 AA 00 00 00 00 
"
"2016-11-21 13:57:02ID: BC  Data: 00 00 00 AA 00 00 00 00 
"
"2016-11-21 13:57:02ID: BB  Data: 00 00 00 AA 00 00 00 00 
"
"2016-11-21 13:57:02ID: BC  Data: 00 00 00 AA 00 00 00 00 
"
"2016-11-21 13:57:02ID: BB  Data: 00 00 00 AA 00 00 00 00 
"
"2016-11-21 13:57:02ID: BC  Data: 00 00 00 AA 00 00 00 00 
"
"2016-11-21 13:57:02ID: BB  Data: 00 00 00 AA 00 00 00 00 
"
"2016-11-21 13:57:02ID: BC  Data: 00 00 00 AA 00 00 00 00 
"
"2016-11-21 13:57:02ID: BB  Data: 00 00 00 AA 00 00 00 00 
"
"2016-11-21 13:57:02ID: BC  Data: 00 00 00 AA 00 00 00 00 
"
"2016-11-21 13:57:02ID: BB  Data: 00 00 00 AA 00 00 00 00 
"
"2016-11-21 13:57:02ID: BC  Data: 00 00 00 AA 00 00 00 00 
"
"2016-11-21 13:57:03ID: BB  Data: 00 00 00 AA 00 00 00 00 
"
"2016-11-21 13:57:03ID: BC  Data: 00 00 00 AA 00 00 00 00 
"
"2016-11-21 13:57:03ID: BB  Data: 00 00 00 AA 00 00 00 00 
"
"2016-11-21 13:57:03ID: BC  Data: 00 00 00 AA 00 00 00 00 
"
"2016-11-21 13:57:03ID: BB  Data: 00 00 00 AA 00 00 00 00 
"
"2016-11-21 13:57:03ID: BC  Data: 00 00 00 AA 00 00 00 00 
"
"2016-11-21 13:57:03ID: BB  Data: 00 00 00 AA 00 00 00 00 
"
"2016-11-21 13:57:03ID: BC  Data: 00 00 00 AA 00 00 00 00 
"
"2016-11-21 13:57:03ID: BB  Data: 00 00 00 AA 00 00 00 00 
"
"2016-11-21 13:57:03ID: BC  Data: 00 00 00 AA 00 00 00 00 
"
"2016-11-21 13:57:03ID: BB  Data: 00 00 00 AA 00 00 00 00 
"
"2016-11-21 13:57:03ID: BC  Data: 00 00 00 AA 00 00 00 00 
"
"2016-11-21 13:57:03ID: BB  Data: 00 00 00 AA 00 00 00 00 
"
"2016-11-21 13:57:03ID: BC  Data: 00 00 00 AA 00 00 00 00 
"
"2016-11-21 13:57:03ID: BB  Data: 00 00 00 AA 00 00 00 00 
"
"2016-11-21 13:57:03ID: BC  Data: 00 00 00 AA 00 00 00 00 
"
"2016-11-21 13:57:03ID: BB  Data: 00 00 00 AA 00 00 00 00 
"
"2016-11-21 13:57:03ID: BC  Data: 00 00 00 AA 00 00 00 00 
"
"2016-11-21 13:57:03ID: BB  Data: 00 00 00 AA 00 00 00 00 
"
"2016-11-21 13:57:03ID: BC  Data: 00 00 00 AA 00 00 00 00 
"
"2016-11-21 13:57:03ID: BB  Data: 00 00 00 AA 00 00 00 00 
"
"2016-11-21 13:57:03ID: BC  Data: 00 00 00 AA 00 00 00 00 
"
"2016-11-21 13:57:03ID: BB  Data: 00 00 00 AA 00 00 00 00 
"
"2016-11-21 13:57:03ID: BC  Data: 00 00 00 AA 00 00 00 00 
"
"2016-11-21 13:57:04ID: BB  Data: 00 00 00 AA 00 00 00 00 
"
"2016-11-21 13:57:04ID: BC  Data: 00 00 00 AA 00 00 00 00 
"
"2016-11-21 13:57:04ID: BB  Data: 00 00 00 AA 00 00 00 00 
"
"2016-11-21 13:57:04ID: BC  Data: 00 00 00 AA 00 00 00 00 
"
"2016-11-21 13:57:04ID: BB  Data: 00 00 00 AA 00 00 00 00 
"
"2016-11-21 13:57:04ID: BC  Data: 00 00 00 AA 00 00 00 00 
"
"2016-11-21 13:57:04ID: BB  Data: 00 00 00 AA 00 00 00 00 
"
"2016-11-21 13:57:04ID: BC  Data: 00 00 00 AA 00 00 00 00 
"
"2016-11-21 13:57:04ID: BB  Data: 00 00 00 AA 00 00 00 00 
"
"2016-11-21 13:57:04ID: BC  Data: 00 00 00 AA 00 00 00 00 
"
"2016-11-21 13:57:04ID: BB  Data: 00 00 00 AA 00 00 00 00 
"
"2016-11-21 13:57:04ID: BC  Data: 00 00 00 AA 00 00 00 00 
"
"2016-11-21 13:57:04ID: BB  Data: 00 00 00 AA 00 00 00 00 
"
"2016-11-21 13:57:04ID: BC  Data: 00 00 00 AA 00 00 00 00 
"
"2016-11-21 13:57:04ID: BB  Data: 00 00 00 AA 00 00 00 00 
"
"2016-11-21 13:57:04ID: BC  Data: 00 00 00 AA 00 00 00 00 
"
"2016-11-21 13:57:04ID: BB  Data: 00 00 00 AA 00 00 00 00 
"
"2016-11-21 13:57:04ID: BC  Data: 00 00 00 AA 00 00 00 00 
"
"2016-11-21 13:57:04ID: BB  Data: 00 00 00 AA 00 00 00 00 
"
"2016-11-21 13:57:04ID: BC  Data: 00 00 00 AA 00 00 00 00 
"
"2016-11-21 13:57:04ID: BB  Data: 00 00 00 AA 00 00 00 00 
"
"2016-11-21 13:57:04ID: BC  Data: 00 00 00 AA 00 00 00 00 
"
"2016-11-21 13:57:05ID: BB  Data: 00 00 00 AA 00 00 00 00 
"
"2016-11-21 13:57:05ID: BC  Data: 00 00 00 AA 00 00 00 00 
"
"2016-11-21 13:57:05ID: BB  Data: 00 00 00 AA 00 00 00 00 
"
"2016-11-21 13:57:05ID: BC  Data: 00 00 00 AA 00 00 00 00 
"
"2016-11-21 13:57:05ID: BB  Data: 00 00 00 AA 00 00 00 00 
"
"2016-11-21 13:57:05ID: BC  Data: 00 00 00 AA 00 00 00 00 
"
"2016-11-21 13:57:05ID: BB  Data: 00 00 00 AA 00 00 00 00 
"
"2016-11-21 13:57:05ID: BC  Data: 00 00 00 AA 00 00 00 00 
"
"2016-11-21 13:57:05ID: BB  Data: 00 00 00 AA 00 00 00 00 
"
"2016-11-21 13:57:05ID: BC  Data: 00 00 00 AA 00 00 00 00 
"
"2016-11-21 13:57:05ID: BB  Data: 00 00 00 AA 00 00 00 00 
"
"2016-11-21 13:57:05ID: BC  Data: 00 00 00 AA 00 00 00 00 
"
"2016-11-21 13:57:05ID: BB  Data: 00 00 00 AA 00 00 00 00 
"
"2016-11-21 13:57:05ID: BC  Data: 00 00 00 AA 00 00 00 00 
"
"2016-11-21 13:57:05ID: BB  Data: 00 00 00 AA 00 00 00 00 
"
"2016-11-21 13:57:05ID: BC  Data: 00 00 00 AA 00 00 00 00 
"
"2016-11-21 13:57:05ID: BB  Data: 00 00 00 AA 00 00 00 00 
"
"2016-11-21 13:57:05ID: BC  Data: 00 00 00 AA 00 00 00 00 
"
"2016-11-21 13:57:05ID: BB  Data: 00 00 00 AA 00 00 00 00 
"
"2016-11-21 13:57:05ID: BC  Data: 00 00 00 AA 00 00 00 00 
"
"2016-11-21 13:57:05ID: BB  Data: 00 00 00 AA 00 00 00 00 
"
"2016-11-21 13:57:05ID: BC  Data: 00 00 00 AA 00 00 00 00 
"
"2016-11-21 13:57:05ID: BB  Data: 00 00 00 AA 00 00 00 00 
"
"2016-11-21 13:57:06ID: BC  Data: 00 00 00 AA 00 00 00 00 
"
"2016-11-21 13:57:06ID: BB  Data: 00 00 00 AA 00 00 00 00 
"
"2016-11-21 13:57:06ID: BC  Data: 00 00 00 AA 00 00 00 00 
"
"2016-11-21 13:57:06ID: BB  Data: 00 00 00 AA 00 00 00 00 
"
"2016-11-21 13:57:06ID: BC  Data: 00 00 00 AA 00 00 00 00 
"
"2016-11-21 13:57:06ID: BB  Data: 00 00 00 AA 00 00 00 00 
"
"2016-11-21 13:57:06ID: BC  Data: 00 00 00 AA 00 00 00 00 
"
"2016-11-21 13:57:06ID: BB  Data: 00 00 00 AA 00 00 00 00 
"
"2016-11-21 13:57:06ID: BC  Data: 00 00 00 AA 00 00 00 00 
"
"2016-11-21 13:57:06ID: BB  Data: 00 00 00 AA 00 00 00 00 
"
"2016-11-21 13:57:06ID: BC  Data: 00 00 00 AA 00 00 00 00 
"
"2016-11-21 13:57:06ID: BB  Data: 00 00 00 AA 00 00 00 00 
"
"2016-11-21 13:57:06ID: BC  Data: 00 00 00 AA 00 00 00 00 
"
"2016-11-21 13:57:06ID: BB  Data: 00 00 00 AA 00 00 00 00 
"
"2016-11-21 13:57:06ID: BC  Data: 00 00 00 AA 00 00 00 00 
"
"2016-11-21 13:57:06ID: BB  Data: 00 00 00 AA 00 00 00 00 
"
"2016-11-21 13:57:06ID: BC  Data: 00 00 00 AA 00 00 00 00 
"
"2016-11-21 13:57:06ID: BB  Data: 00 00 00 AA 00 00 00 00 
"
"2016-11-21 13:57:06ID: BC  Data: 00 00 00 AA 00 00 00 00 
"
"2016-11-21 13:57:06ID: BB  Data: 00 00 00 AA 00 00 00 00 
"
"2016-11-21 13:57:06ID: BC  Data: 00 00 00 AA 00 00 00 00 
"
"2016-11-21 13:57:06ID: BB  Data: 00 00 00 AA 00 00 00 00 
"
"2016-11-21 13:57:06ID: BC  Data: 00 00 00 AA 00 00 00 00 
"
"2016-11-21 13:57:07ID: BB  Data: 00 00 00 AA 00 00 00 00 
"
"2016-11-21 13:57:07ID: BC  Data: 00 00 00 AA 00 00 00 00 
"
"2016-11-21 13:57:07ID: BB  Data: 00 00 00 AA 00 00 00 00 
"
"2016-11-21 13:57:07ID: BC  Data: 00 00 00 AA 00 00 00 00 
"
"2016-11-21 13:57:07ID: BB  Data: 00 00 00 AA 00 00 00 00 
"
"2016-11-21 13:57:07ID: BC  Data: 00 00 00 AA 00 00 00 00 
"
"2016-11-21 13:57:07ID: BB  Data: 00 00 00 AA 00 00 00 00 
"
"2016-11-21 13:57:07ID: BC  Data: 00 00 00 AA 00 00 00 00 
"
"2016-11-21 13:57:07ID: BB  Data: 00 00 00 AA 00 00 00 00 
"
"2016-11-21 13:57:07ID: BC  Data: 00 00 00 AA 00 00 00 00 
"
"2016-11-21 13:57:07ID: BB  Data: 00 00 00 AA 00 00 00 00 
"
"2016-11-21 13:57:07ID: BC  Data: 00 00 00 AA 00 00 00 00 
"
"2016-11-21 13:57:07ID: BB  Data: 00 00 00 AA 00 00 00 00 
"
"2016-11-21 13:57:07ID: BC  Data: 00 00 00 AA 00 00 00 00 
"
"2016-11-21 13:57:07ID: BB  Data: 00 00 00 AA 00 00 00 00 
"
"2016-11-21 13:57:07ID: BC  Data: 00 00 00 AA 00 00 00 00 
"
"2016-11-21 13:57:07ID: BB  Data: 00 00 00 AA 00 00 00 00 
"
"2016-11-21 13:57:07ID: BC  Data: 00 00 00 AA 00 00 00 00 
"
"2016-11-21 13:57:07ID: BB  Data: 00 00 00 AA 00 00 00 00 
"
"2016-11-21 13:57:07ID: BC  Data: 00 00 00 AA 00 00 00 00 
"
"2016-11-21 13:57:07ID: BB  Data: 00 00 00 AA 00 00 00 00 
"
"2016-11-21 13:57:07ID: BC  Data: 00 00 00 AA 00 00 00 00 
"
"2016-11-21 13:57:08ID: BB  Data: 00 00 00 AA 00 00 00 00 
"
"2016-11-21 13:57:08ID: BC  Data: 00 00 00 AA 00 00 00 00 
"
"2016-11-21 13:57:08ID: BB  Data: 00 00 00 AA 00 00 00 00 
"
"2016-11-21 13:57:08ID: BC  Data: 00 00 00 AA 00 00 00 00 
"
"2016-11-21 13:57:08ID: BB  Data: 00 00 00 AA 00 00 00 00 
"
"2016-11-21 13:57:08ID: BC  Data: 00 00 00 AA 00 00 00 00 
"
"2016-11-21 13:57:08ID: BB  Data: 00 00 00 AA 00 00 00 00 
"
"2016-11-21 13:57:08ID: BC  Data: 00 00 00 AA 00 00 00 00 
"
"2016-11-21 13:57:08ID: BB  Data: 00 00 00 AA 00 00 00 00 
"
"2016-11-21 13:57:08ID: BC  Data: 00 00 00 AA 00 00 00 00 
"
"2016-11-21 13:57:08ID: BB  Data: 00 00 00 AA 00 00 00 00 
"
"2016-11-21 13:57:08ID: BC  Data: 00 00 00 AA 00 00 00 00 
"
"2016-11-21 13:57:08ID: BB  Data: 00 00 00 AA 00 00 00 00 
"
"2016-11-21 13:57:08ID: BC  Data: 00 00 00 AA 00 00 00 00 
"
"2016-11-21 13:57:08ID: BB  Data: 00 00 00 AA 00 00 00 00 
"
"2016-11-21 13:57:08ID: BC  Data: 00 00 00 AA 00 00 00 00 
"
"2016-11-21 13:57:08ID: BB  Data: 00 00 00 AA 00 00 00 00 
"
"2016-11-21 13:57:08ID: BC  Data: 00 00 00 AA 00 00 00 00 
"
"2016-11-21 13:57:08ID: BB  Data: 00 00 00 AA 00 00 00 00 
"
"2016-11-21 13:57:08ID: BC  Data: 00 00 00 AA 00 00 00 00 
"
"2016-11-21 13:57:08ID: BB  Data: 00 00 00 AA 00 00 00 00 
"
"2016-11-21 13:57:08ID: BC  Data: 00 00 00 AA 00 00 00 00 
"
"2016-11-21 13:57:08ID: BB  Data: 00 00 00 AA 00 00 00 00 
"
"2016-11-21 13:57:09ID: BC  Data: 00 00 00 AA 00 00 00 00 
"
"2016-11-21 13:57:09ID: BB  Data: 00 00 00 AA 00 00 00 00 
"
"2016-11-21 13:57:09ID: BC  Data: 00 00 00 AA 00 00 00 00 
"
"2016-11-21 13:57:09ID: BB  Data: 00 00 00 AA 00 00 00 00 
"
"2016-11-21 13:57:09ID: BC  Data: 00 00 00 AA 00 00 00 00 
"
"2016-11-21 13:57:09ID: BB  Data: 00 00 00 AA 00 00 00 00 
"
"2016-11-21 13:57:09ID: BC  Data: 00 00 00 AA 00 00 00 00 
"
"2016-11-21 13:57:09ID: BB  Data: 00 00 00 AA 00 00 00 00 
"
"2016-11-21 13:57:09ID: BC  Data: 00 00 00 AA 00 00 00 00 
"
"2016-11-21 13:57:09ID: BB  Data: 00 00 00 AA 00 00 00 00 
"
"2016-11-21 13:57:09ID: BC  Data: 00 00 00 AA 00 00 00 00 
"
"2016-11-21 13:57:09ID: BB  Data: 00 00 00 AA 00 00 00 00 
"
"2016-11-21 13:57:09ID: BC  Data: 00 00 00 AA 00 00 00 00 
"
"2016-11-21 13:57:09ID: BB  Data: 00 00 00 AA 00 00 00 00 
"
"2016-11-21 13:57:09ID: BC  Data: 00 00 00 AA 00 00 00 00 
"
"2016-11-21 13:57:09ID: BB  Data: 00 00 00 AA 00 00 00 00 
"
"2016-11-21 13:57:09ID: BC  Data: 00 00 00 AA 00 00 00 00 
"
"2016-11-21 13:57:09ID: BB  Data: 00 00 00 AA 00 00 00 00 
"
"2016-11-21 13:57:09ID: BC  Data: 00 00 00 AA 00 00 00 00 
"
"2016-11-21 13:57:09ID: BB  Data: 00 00 00 AA 00 00 00 00 
"
"2016-11-21 13:57:09ID: BC  Data: 00 00 00 AA 00 00 00 00 
"
"2016-11-21 13:57:09ID: BB  Data: 00 00 00 AA 00 00 00 00 
"
"2016-11-21 13:57:09ID: BC  Data: 00 00 00 AA 00 00 00 00 
"
"2016-11-21 13:57:10ID: BB  Data: 00 00 00 AA 00 00 00 00 
"
"2016-11-21 13:57:10ID: BC  Data: 00 00 00 AA 00 00 00 00 
"
"2016-11-21 13:57:10ID: BB  Data: 00 00 00 AA 00 00 00 00 
"
"2016-11-21 13:57:10ID: BC  Data: 00 00 00 AA 00 00 00 00 
"
"2016-11-21 13:57:10ID: BB  Data: 00 00 00 AA 00 00 00 00 
"
"2016-11-21 13:57:10ID: BC  Data: 00 00 00 AA 00 00 00 00 
"
"2016-11-21 13:57:10ID: BB  Data: 00 00 00 AA 00 00 00 00 
"
"2016-11-21 13:57:10ID: BC  Data: 00 00 00 AA 00 00 00 00 
"
"2016-11-21 13:57:10ID: BB  Data: 00 00 00 AA 00 00 00 00 
"
"2016-11-21 13:57:10ID: BC  Data: 00 00 00 AA 00 00 00 00 
"
"2016-11-21 13:57:10ID: BB  Data: 00 00 00 AA 00 00 00 00 
"
"2016-11-21 13:57:10ID: BC  Data: 00 00 00 AA 00 00 00 00 
"
"2016-11-21 13:57:10ID: BB  Data: 00 00 00 AA 00 00 00 00 
"
"2016-11-21 13:57:10ID: BC  Data: 00 00 00 AA 00 00 00 00 
"
"2016-11-21 13:57:10ID: BB  Data: 00 00 00 AA 00 00 00 00 
"
"2016-11-21 13:57:10ID: BC  Data: 00 00 00 AA 00 00 00 00 
"
"2016-11-21 13:57:10ID: BB  Data: 00 00 00 AA 00 00 00 00 
"
"2016-11-21 13:57:10ID: BC  Data: 00 00 00 AA 00 00 00 00 
"
"2016-11-21 13:57:10ID: BB  Data: 00 00 00 AA 00 00 00 00 
"
"2016-11-21 13:57:10ID: BC  Data: 00 00 00 AA 00 00 00 00 
"
"2016-11-21 13:57:10ID: BB  Data: 00 00 00 AA 00 00 00 00 
"
"2016-11-21 13:57:10ID: BC  Data: 00 00 00 AA 00 00 00 00 
"
"2016-11-21 13:57:11ID: BB  Data: 00 00 00 AA 00 00 00 00 
"
"2016-11-21 13:57:11ID: BC  Data: 00 00 00 AA 00 00 00 00 
"
"2016-11-21 13:57:11ID: BB  Data: 00 00 00 AA 00 00 00 00 
"
"2016-11-21 13:57:11ID: BC  Data: 00 00 00 AA 00 00 00 00 
"
"2016-11-21 13:57:11ID: BB  Data: 00 00 00 AA 00 00 00 00 
"
"2016-11-21 13:57:11ID: BC  Data: 00 00 00 AA 00 00 00 00 
"
"2016-11-21 13:57:11ID: BB  Data: 00 00 00 AA 00 00 00 00 
"
"2016-11-21 13:57:11ID: BC  Data: 00 00 00 AA 00 00 00 00 
"
"2016-11-21 13:57:11ID: BB  Data: 00 00 00 AA 00 00 00 00 
"
"2016-11-21 13:57:11ID: BC  Data: 00 00 00 AA 00 00 00 00 
"
"2016-11-21 13:57:11ID: BB  Data: 00 00 00 AA 00 00 00 00 
"
"2016-11-21 13:57:11ID: BC  Data: 00 00 00 AA 00 00 00 00 
"
"2016-11-21 13:57:11ID: BB  Data: 00 00 00 AA 00 00 00 00 
"
"2016-11-21 13:57:11ID: BC  Data: 00 00 00 AA 00 00 00 00 
"
"2016-11-21 13:57:11ID: BB  Data: 00 00 00 AA 00 00 00 00 
"
"2016-11-21 13:57:11ID: BC  Data: 00 00 00 AA 00 00 00 00 
"
"2016-11-21 13:57:11ID: BB  Data: 00 00 00 AA 00 00 00 00 
"
"2016-11-21 13:57:11ID: BC  Data: 00 00 00 AA 00 00 00 00 
"
"2016-11-21 13:57:11ID: BB  Data: 00 00 00 AA 00 00 00 00 
"
"2016-11-21 13:57:11ID: BC  Data: 00 00 00 AA 00 00 00 00 
"
"2016-11-21 13:57:11ID: BB  Data: 00 00 00 AA 00 00 00 00 
"
"2016-11-21 13:57:11ID: BC  Data: 00 00 00 AA 00 00 00 00 
"
"2016-11-21 13:57:11ID: BB  Data: 00 00 00 AA 00 00 00 00 
"
"2016-11-21 13:57:11ID: BC  Data: 00 00 00 AA 00 00 00 00 
"
"2016-11-21 13:57:12ID: BB  Data: 00 00 00 AA 00 00 00 00 
"
"2016-11-21 13:57:12ID: BC  Data: 00 00 00 AA 00 00 00 00 
"
"2016-11-21 13:57:12ID: BB  Data: 00 00 00 AA 00 00 00 00 
"
"2016-11-21 13:57:12ID: BC  Data: 00 00 00 AA 00 00 00 00 
"
"2016-11-21 13:57:12ID: BB  Data: 00 00 00 AA 00 00 00 00 
"
"2016-11-21 13:57:12ID: BC  Data: 00 00 00 AA 00 00 00 00 
"
"2016-11-21 13:57:12ID: BB  Data: 00 00 00 AA 00 00 00 00 
"
"2016-11-21 13:57:12ID: BC  Data: 00 00 00 AA 00 00 00 00 
"
"2016-11-21 13:57:12ID: BB  Data: 00 00 00 AA 00 00 00 00 
"
"2016-11-21 13:57:12ID: BC  Data: 00 00 00 AA 00 00 00 00 
"
"2016-11-21 13:57:12ID: BB  Data: 00 00 00 AA 00 00 00 00 
"
"2016-11-21 13:57:12ID: BC  Data: 00 00 00 AA 00 00 00 00 
"
"2016-11-21 13:57:12ID: BB  Data: 00 00 00 AA 00 00 00 00 
"
"2016-11-21 13:57:12ID: BC  Data: 00 00 00 AA 00 00 00 00 
"
"2016-11-21 13:57:12ID: BB  Data: 00 00 00 AA 00 00 00 00 
"
"2016-11-21 13:57:12ID: BC  Data: 00 00 00 AA 00 00 00 00 
"
"2016-11-21 13:57:12ID: BB  Data: 00 00 00 AA 00 00 00 00 
"
"2016-11-21 13:57:12ID: BC  Data: 00 00 00 AA 00 00 00 00 
"
"2016-11-21 13:57:12ID: BB  Data: 00 00 00 AA 00 00 00 00 
"
"2016-11-21 13:57:12ID: BC  Data: 00 00 00 AA 00 00 00 00 
"
"2016-11-21 13:57:12ID: BB  Data: 00 00 00 AA 00 00 00 00 
"
"2016-11-21 13:57:12ID: BC  Data: 00 00 00 AA 00 00 00 00 
"
"2016-11-21 13:57:13ID: BB  Data: 00 00 00 AA 00 00 00 00 
"
"2016-11-21 13:57:13ID: BC  Data: 00 00 00 AA 00 00 00 00 
"
"2016-11-21 13:57:13ID: BB  Data: 00 00 00 AA 00 00 00 00 
"
"2016-11-21 13:57:13ID: BC  Data: 00 00 00 AA 00 00 00 00 
"
"2016-11-21 13:57:13ID: BB  Data: 00 00 00 AA 00 00 00 00 
"
"2016-11-21 13:57:13ID: BC  Data: 00 00 00 AA 00 00 00 00 
"
"2016-11-21 13:57:13ID: BB  Data: 00 00 00 AA 00 00 00 00 
"
"2016-11-21 13:57:13ID: BC  Data: 00 00 00 AA 00 00 00 00 
"
"2016-11-21 13:57:13ID: BB  Data: 00 00 00 AA 00 00 00 00 
"
"2016-11-21 13:57:13ID: BC  Data: 00 00 00 AA 00 00 00 00 
"
"2016-11-21 13:57:13ID: BB  Data: 00 00 00 AA 00 00 00 00 
"
"2016-11-21 13:57:13ID: BC  Data: 00 00 00 AA 00 00 00 00 
"
"2016-11-21 13:57:13ID: BB  Data: 00 00 00 AA 00 00 00 00 
"
"2016-11-21 13:57:13ID: BC  Data: 00 00 00 AA 00 00 00 00 
"
"2016-11-21 13:57:13ID: BB  Data: 00 00 00 AA 00 00 00 00 
"
"2016-11-21 13:57:13ID: BC  Data: 00 00 00 AA 00 00 00 00 
"
"2016-11-21 13:57:13ID: BB  Data: 00 00 00 AA 00 00 00 00 
"
"2016-11-21 13:57:13ID: BC  Data: 00 00 00 AA 00 00 00 00 
"
"2016-11-21 13:57:13ID: BB  Data: 00 00 00 AA 00 00 00 00 
"
"2016-11-21 13:57:13ID: BC  Data: 00 00 00 AA 00 00 00 00 
"
"2016-11-21 13:57:13ID: BB  Data: 00 00 00 AA 00 00 00 00 
"
"2016-11-21 13:57:13ID: BC  Data: 00 00 00 AA 00 00 00 00 
"
"2016-11-21 13:57:14ID: BB  Data: 00 00 00 AA 00 00 00 00 
"
"2016-11-21 13:57:14ID: BC  Data: 00 00 00 AA 00 00 00 00 
"
"2016-11-21 13:57:14ID: BB  Data: 00 00 00 AA 00 00 00 00 
"
"2016-11-21 13:57:14ID: BC  Data: 00 00 00 AA 00 00 00 00 
"
"2016-11-21 13:57:14ID: BB  Data: 00 00 00 AA 00 00 00 00 
"
"2016-11-21 13:57:14ID: BC  Data: 00 00 00 AA 00 00 00 00 
"
"2016-11-21 13:57:14ID: BB  Data: 00 00 00 AA 00 00 00 00 
"
"2016-11-21 13:57:14ID: BC  Data: 00 00 00 AA 00 00 00 00 
"
"2016-11-21 13:57:14ID: BB  Data: 00 00 00 AA 00 00 00 00 
"
"2016-11-21 13:57:14ID: BC  Data: 00 00 00 AA 00 00 00 00 
"
"2016-11-21 13:57:14ID: BB  Data: 00 00 00 AA 00 00 00 00 
"
"2016-11-21 13:57:14ID: BC  Data: 00 00 00 AA 00 00 00 00 
"
"2016-11-21 13:57:14ID: BB  Data: 00 00 00 AA 00 00 00 00 
"
"2016-11-21 13:57:14ID: BC  Data: 00 00 00 AA 00 00 00 00 
"
"2016-11-21 13:57:14ID: BB  Data: 00 00 00 AA 00 00 00 00 
"
"2016-11-21 13:57:14ID: BC  Data: 00 00 00 AA 00 00 00 00 
"
"2016-11-21 13:57:14ID: BB  Data: 00 00 00 AA 00 00 00 00 
"
"2016-11-21 13:57:14ID: BC  Data: 00 00 00 AA 00 00 00 00 
"
"2016-11-21 13:57:14ID: BB  Data: 00 00 00 AA 00 00 00 00 
"
"2016-11-21 13:57:14ID: BC  Data: 00 00 00 AA 00 00 00 00 
"
"2016-11-21 13:57:14ID: BB  Data: 00 00 00 AA 00 00 00 00 
"
"2016-11-21 13:57:14ID: BC  Data: 00 00 00 AA 00 00 00 00 
"
"2016-11-21 13:57:14ID: BB  Data: 00 00 00 AA 00 00 00 00 
"
"2016-11-21 13:57:14ID: BC  Data: 00 00 00 AA 00 00 00 00 
"
"2016-11-21 13:57:15ID: BB  Data: 00 00 00 AA 00 00 00 00 
"
"2016-11-21 13:57:15ID: BC  Data: 00 00 00 AA 00 00 00 00 
"
"2016-11-21 13:57:15ID: BB  Data: 00 00 00 AA 00 00 00 00 
"
"2016-11-21 13:57:15ID: BC  Data: 00 00 00 AA 00 00 00 00 
"
"2016-11-21 13:57:15ID: BB  Data: 00 00 00 AA 00 00 00 00 
"
"2016-11-21 13:57:15ID: BC  Data: 00 00 00 AA 00 00 00 00 
"
"2016-11-21 13:57:15ID: BB  Data: 00 00 00 AA 00 00 00 00 
"
"2016-11-21 13:57:15ID: BC  Data: 00 00 00 AA 00 00 00 00 
"
"2016-11-21 13:57:15ID: BB  Data: 00 00 00 AA 00 00 00 00 
"
"2016-11-21 13:57:15ID: BC  Data: 00 00 00 AA 00 00 00 00 
"
"2016-11-21 13:57:15ID: BB  Data: 00 00 00 AA 00 00 00 00 
"
"2016-11-21 13:57:15ID: BC  Data: 00 00 00 AA 00 00 00 00 
"
"2016-11-21 13:57:15ID: BB  Data: 00 00 00 AA 00 00 00 00 
"
"2016-11-21 13:57:15ID: BC  Data: 00 00 00 AA 00 00 00 00 
"
"2016-11-21 13:57:15ID: BB  Data: 00 00 00 AA 00 00 00 00 
"
"2016-11-21 13:57:15ID: BC  Data: 00 00 00 AA 00 00 00 00 
"
"2016-11-21 13:57:15ID: BB  Data: 00 00 00 AA 00 00 00 00 
"
"2016-11-21 13:57:15ID: BC  Data: 00 00 00 AA 00 00 00 00 
"
"2016-11-21 13:57:15ID: BB  Data: 00 00 00 AA 00 00 00 00 
"
"2016-11-21 13:57:15ID: BC  Data: 00 00 00 AA 00 00 00 00 
"
"2016-11-21 13:57:15ID: BB  Data: 00 00 00 AA 00 00 00 00 
"
"2016-11-21 13:57:15ID: BC  Data: 00 00 00 AA 00 00 00 00 
"
"2016-11-21 13:57:16ID: BB  Data: 00 00 00 AA 00 00 00 00 
"
"2016-11-21 13:57:16ID: BC  Data: 00 00 00 AA 00 00 00 00 
"
"2016-11-21 13:57:16ID: BB  Data: 00 00 00 AA 00 00 00 00 
"
"2016-11-21 13:57:16ID: BC  Data: 00 00 00 AA 00 00 00 00 
"
"2016-11-21 13:57:16ID: BB  Data: 00 00 00 AA 00 00 00 00 
"
"2016-11-21 13:57:16ID: BC  Data: 00 00 00 AA 00 00 00 00 
"
"2016-11-21 13:57:16ID: BB  Data: 00 00 00 AA 00 00 00 00 
"
"2016-11-21 13:57:16ID: BC  Data: 00 00 00 AA 00 00 00 00 
"
"2016-11-21 13:57:16ID: BB  Data: 00 00 00 AA 00 00 00 00 
"
"2016-11-21 13:57:16ID: BC  Data: 00 00 00 AA 00 00 00 00 
"
"2016-11-21 13:57:16ID: BB  Data: 00 00 00 AA 00 00 00 00 
"
"2016-11-21 13:57:16ID: BC  Data: 00 00 00 AA 00 00 00 00 
"
"2016-11-21 13:57:16ID: BB  Data: 00 00 00 AA 00 00 00 00 
"
"2016-11-21 13:57:16ID: BC  Data: 00 00 00 AA 00 00 00 00 
"
"2016-11-21 13:57:16ID: BB  Data: 00 00 00 AA 00 00 00 00 
"
"2016-11-21 13:57:16ID: BC  Data: 00 00 00 AA 00 00 00 00 
"
"2016-11-21 13:57:16ID: BB  Data: 00 00 00 AA 00 00 00 00 
"
"2016-11-21 13:57:16ID: BC  Data: 00 00 00 AA 00 00 00 00 
"
"2016-11-21 13:57:16ID: BB  Data: 00 00 00 AA 00 00 00 00 
"
"2016-11-21 13:57:16ID: BC  Data: 00 00 00 AA 00 00 00 00 
"
"2016-11-21 13:57:16ID: BB  Data: 00 00 00 AA 00 00 00 00 
"
"2016-11-21 13:57:16ID: BC  Data: 00 00 00 AA 00 00 00 00 
"
"2016-11-21 13:57:17ID: BB  Data: 00 00 00 AA 00 00 00 00 
"
"2016-11-21 13:57:17ID: BC  Data: 00 00 00 AA 00 00 00 00 
"
"2016-11-21 13:57:17ID: BB  Data: 00 00 00 AA 00 00 00 00 
"
"2016-11-21 13:57:17ID: BC  Data: 00 00 00 AA 00 00 00 00 
"
"2016-11-21 13:57:17ID: BB  Data: 00 00 00 AA 00 00 00 00 
"
"2016-11-21 13:57:17ID: BC  Data: 00 00 00 AA 00 00 00 00 
"
"2016-11-21 13:57:17ID: BB  Data: 00 00 00 AA 00 00 00 00 
"
"2016-11-21 13:57:17ID: BC  Data: 00 00 00 AA 00 00 00 00 
"
"2016-11-21 13:57:17ID: BB  Data: 00 00 00 AA 00 00 00 00 
"
"2016-11-21 13:57:17ID: BC  Data: 00 00 00 AA 00 00 00 00 
"
"2016-11-21 13:57:17ID: BB  Data: 00 00 00 AA 00 00 00 00 
"
"2016-11-21 13:57:17ID: BC  Data: 00 00 00 AA 00 00 00 00 
"
"2016-11-21 13:57:17ID: BB  Data: 00 00 00 AA 00 00 00 00 
"
"2016-11-21 13:57:17ID: BC  Data: 00 00 00 AA 00 00 00 00 
"
"2016-11-21 13:57:17ID: BB  Data: 00 00 00 AA 00 00 00 00 
"
"2016-11-21 13:57:17ID: BC  Data: 00 00 00 AA 00 00 00 00 
"
"2016-11-21 13:57:17ID: BB  Data: 00 00 00 AA 00 00 00 00 
"
"2016-11-21 13:57:17ID: BC  Data: 00 00 00 AA 00 00 00 00 
"
"2016-11-21 13:57:17ID: BB  Data: 00 00 00 AA 00 00 00 00 
"
"2016-11-21 13:57:17ID: BC  Data: 00 00 00 AA 00 00 00 00 
"
"2016-11-21 13:57:17ID: BB  Data: 00 00 00 AA 00 00 00 00 
"
"2016-11-21 13:57:17ID: BC  Data: 00 00 00 AA 00 00 00 00 
"
"2016-11-21 13:57:17ID: BB  Data: 00 00 00 AA 00 00 00 00 
"
"2016-11-21 13:57:18ID: BB  Data: 00 00 00 AA 00 00 00 00 
"
"2016-11-21 13:57:18ID: BC  Data: 00 00 00 AA 00 00 00 00 
"
"2016-11-21 13:57:18ID: BB  Data: 00 00 00 AA 00 00 00 00 
"
"2016-11-21 13:57:18ID: BC  Data: 00 00 00 AA 00 00 00 00 
"
"2016-11-21 13:57:18ID: BB  Data: 00 00 00 AA 00 00 00 00 
"
"2016-11-21 13:57:18ID: BC  Data: 00 00 00 AA 00 00 00 00 
"
"2016-11-21 13:57:18ID: BB  Data: 00 00 00 AA 00 00 00 00 
"
"2016-11-21 13:57:18ID: BC  Data: 00 00 00 AA 00 00 00 00 
"
"2016-11-21 13:57:18ID: BB  Data: 00 00 00 AA 00 00 00 00 
"
"2016-11-21 13:57:18ID: BC  Data: 00 00 00 AA 00 00 00 00 
"
"2016-11-21 13:57:18ID: BB  Data: 00 00 00 AA 00 00 00 00 
"
"2016-11-21 13:57:18ID: BC  Data: 00 00 00 AA 00 00 00 00 
"
"2016-11-21 13:57:18ID: BB  Data: 00 00 00 AA 00 00 00 00 
"
"2016-11-21 13:57:18ID: BC  Data: 00 00 00 AA 00 00 00 00 
"
"2016-11-21 13:57:18ID: BB  Data: 00 00 00 AA 00 00 00 00 
"
"2016-11-21 13:57:18ID: BC  Data: 00 00 00 AA 00 00 00 00 
"
"2016-11-21 13:57:18ID: BB  Data: 00 00 00 AA 00 00 00 00 
"
"2016-11-21 13:57:18ID: BC  Data: 00 00 00 AA 00 00 00 00 
"
"2016-11-21 13:57:18ID: BB  Data: 00 00 00 AA 00 00 00 00 
"
"2016-11-21 13:57:18ID: BC  Data: 00 00 00 AA 00 00 00 00 
"
"2016-11-21 13:57:18ID: BB  Data: 00 00 00 AA 00 00 00 00 
"
"2016-11-21 13:57:18ID: BC  Data: 00 00 00 AA 00 00 00 00 
"
"2016-11-21 13:57:19ID: BB  Data: 00 00 00 AA 00 00 00 00 
"
"2016-11-21 13:57:19ID: BC  Data: 00 00 00 AA 00 00 00 00 
"
"2016-11-21 13:57:19ID: BB  Data: 00 00 00 AA 00 00 00 00 
"
"2016-11-21 13:57:19ID: BC  Data: 00 00 00 AA 00 00 00 00 
"
"2016-11-21 13:57:19ID: BB  Data: 00 00 00 AA 00 00 00 00 
"
"2016-11-21 13:57:19ID: BC  Data: 00 00 00 AA 00 00 00 00 
"
"2016-11-21 13:57:19ID: BB  Data: 00 00 00 AA 00 00 00 00 
"
"2016-11-21 13:57:19ID: BC  Data: 00 00 00 AA 00 00 00 00 
"
"2016-11-21 13:57:19ID: BB  Data: 00 00 00 AA 00 00 00 00 
"
"2016-11-21 13:57:19ID: BC  Data: 00 00 00 AA 00 00 00 00 
"
"2016-11-21 13:57:19ID: BB  Data: 00 00 00 AA 00 00 00 00 
"
"2016-11-21 13:57:19ID: BC  Data: 00 00 00 AA 00 00 00 00 
"
"2016-11-21 13:57:19ID: BB  Data: 00 00 00 AA 00 00 00 00 
"
"2016-11-21 13:57:19ID: BC  Data: 00 00 00 AA 00 00 00 00 
"
"2016-11-21 13:57:19ID: BB  Data: 00 00 00 AA 00 00 00 00 
"
"2016-11-21 13:57:19ID: BC  Data: 00 00 00 AA 00 00 00 00 
"
"2016-11-21 13:57:19ID: BB  Data: 00 00 00 AA 00 00 00 00 
"
"2016-11-21 13:57:19ID: BC  Data: 00 00 00 AA 00 00 00 00 
"
"2016-11-21 13:57:19ID: BB  Data: 00 00 00 AA 00 00 00 00 
"
"2016-11-21 13:57:19ID: BC  Data: 00 00 00 AA 00 00 00 00 
"
"2016-11-21 13:57:19ID: BB  Data: 00 00 00 AA 00 00 00 00 
"
"2016-11-21 13:57:19ID: BC  Data: 00 00 00 AA 00 00 00 00 
"
"2016-11-21 13:57:20ID: BB  Data: 00 00 00 AA 00 00 00 00 
"
"2016-11-21 13:57:20ID: BC  Data: 00 00 00 AA 00 00 00 00 
"
"2016-11-21 13:57:20ID: BB  Data: 00 00 00 AA 00 00 00 00 
"
"2016-11-21 13:57:20ID: BC  Data: 00 00 00 AA 00 00 00 00 
"
"2016-11-21 13:57:20ID: BB  Data: 00 00 00 AA 00 00 00 00 
"
"2016-11-21 13:57:20ID: BC  Data: 00 00 00 AA 00 00 00 00 
"
"2016-11-21 13:57:20ID: BB  Data: 00 00 00 AA 00 00 00 00 
"
"2016-11-21 13:57:20ID: BC  Data: 00 00 00 AA 00 00 00 00 
"
"2016-11-21 13:57:20ID: BB  Data: 00 00 00 AA 00 00 00 00 
"
"2016-11-21 13:57:20ID: BC  Data: 00 00 00 AA 00 00 00 00 
"
"2016-11-21 13:57:20ID: BB  Data: 00 00 00 AA 00 00 00 00 
"
"2016-11-21 13:57:20ID: BC  Data: 00 00 00 AA 00 00 00 00 
"
"2016-11-21 13:57:20ID: BB  Data: 00 00 00 AA 00 00 00 00 
"
"2016-11-21 13:57:20ID: BC  Data: 00 00 00 AA 00 00 00 00 
"
"2016-11-21 13:57:20ID: BB  Data: 00 00 00 AA 00 00 00 00 
"
"2016-11-21 13:57:20ID: BC  Data: 00 00 00 AA 00 00 00 00 
"
"2016-11-21 13:57:20ID: BB  Data: 00 00 00 AA 00 00 00 00 
"
"2016-11-21 13:57:20ID: BC  Data: 00 00 00 AA 00 00 00 00 
"
"2016-11-21 13:57:20ID: BB  Data: 00 00 00 AA 00 00 00 00 
"
"2016-11-21 13:57:20ID: BC  Data: 00 00 00 AA 00 00 00 00 
"
"2016-11-21 13:57:20ID: BB  Data: 00 00 00 AA 00 00 00 00 
"
"2016-11-21 13:57:20ID: BC  Data: 00 00 00 AA 00 00 00 00 
"
"2016-11-21 13:57:20ID: BB  Data: 00 00 00 AA 00 00 00 00 
"
"2016-11-21 13:57:20ID: BC  Data: 00 00 00 AA 00 00 00 00 
"
"2016-11-21 13:57:21ID: BB  Data: 00 00 00 AA 00 00 00 00 
"
"2016-11-21 13:57:21ID: BC  Data: 00 00 00 AA 00 00 00 00 
"
"2016-11-21 13:57:21ID: BB  Data: 00 00 00 AA 00 00 00 00 
"
"2016-11-21 13:57:21ID: BC  Data: 00 00 00 AA 00 00 00 00 
"
"2016-11-21 13:57:21ID: BB  Data: 00 00 00 AA 00 00 00 00 
"
"2016-11-21 13:57:21ID: BC  Data: 00 00 00 AA 00 00 00 00 
"
"2016-11-21 13:57:21ID: BB  Data: 00 00 00 AA 00 00 00 00 
"
"2016-11-21 13:57:21ID: BC  Data: 00 00 00 AA 00 00 00 00 
"
"2016-11-21 13:57:21ID: BB  Data: 00 00 00 AA 00 00 00 00 
"
"2016-11-21 13:57:21ID: BC  Data: 00 00 00 AA 00 00 00 00 
"
"2016-11-21 13:57:21ID: BB  Data: 00 00 00 AA 00 00 00 00 
"
"2016-11-21 13:57:21ID: BC  Data: 00 00 00 AA 00 00 00 00 
"
"2016-11-21 13:57:21ID: BB  Data: 00 00 00 AA 00 00 00 00 
"
"2016-11-21 13:57:21ID: BC  Data: 00 00 00 AA 00 00 00 00 
"
"2016-11-21 13:57:21ID: BB  Data: 00 00 00 AA 00 00 00 00 
"
"2016-11-21 13:57:21ID: BC  Data: 00 00 00 AA 00 00 00 00 
"
"2016-11-21 13:57:21ID: BB  Data: 00 00 00 AA 00 00 00 00 
"
"2016-11-21 13:57:21ID: BC  Data: 00 00 00 AA 00 00 00 00 
"
"2016-11-21 13:57:21ID: BB  Data: 00 00 00 AA 00 00 00 00 
"
"2016-11-21 13:57:21ID: BC  Data: 00 00 00 AA 00 00 00 00 
"
"2016-11-21 13:57:21ID: BB  Data: 00 00 00 AA 00 00 00 00 
"
"2016-11-21 13:57:21ID: BC  Data: 00 00 00 AA 00 00 00 00 
"
"2016-11-21 13:57:22ID: BB  Data: 00 00 00 AA 00 00 00 00 
"
"2016-11-21 13:57:22ID: BC  Data: 00 00 00 AA 00 00 00 00 
"
"2016-11-21 13:57:22ID: BB  Data: 00 00 00 AA 00 00 00 00 
"
"2016-11-21 13:57:22ID: BC  Data: 00 00 00 AA 00 00 00 00 
"
"2016-11-21 13:57:22ID: BB  Data: 00 00 00 AA 00 00 00 00 
"
"2016-11-21 13:57:22ID: BC  Data: 00 00 00 AA 00 00 00 00 
"
"2016-11-21 13:57:22ID: BB  Data: 00 00 00 AA 00 00 00 00 
"
"2016-11-21 13:57:22ID: BC  Data: 00 00 00 AA 00 00 00 00 
"
"2016-11-21 13:57:22ID: BB  Data: 00 00 00 AA 00 00 00 00 
"
"2016-11-21 13:57:22ID: BC  Data: 00 00 00 AA 00 00 00 00 
"
"2016-11-21 13:57:22ID: BB  Data: 00 00 00 AA 00 00 00 00 
"
"2016-11-21 13:57:22ID: BC  Data: 00 00 00 AA 00 00 00 00 
"
"2016-11-21 13:57:22ID: BB  Data: 00 00 00 AA 00 00 00 00 
"
"2016-11-21 13:57:22ID: BC  Data: 00 00 00 AA 00 00 00 00 
"
"2016-11-21 13:57:22ID: BB  Data: 00 00 00 AA 00 00 00 00 
"
"2016-11-21 13:57:22ID: BC  Data: 00 00 00 AA 00 00 00 00 
"
"2016-11-21 13:57:22ID: BB  Data: 00 00 00 AA 00 00 00 00 
"
"2016-11-21 13:57:22ID: BC  Data: 00 00 00 AA 00 00 00 00 
"
"2016-11-21 13:57:22ID: BB  Data: 00 00 00 AA 00 00 00 00 
"
"2016-11-21 13:57:22ID: BC  Data: 00 00 00 AA 00 00 00 00 
"
"2016-11-21 13:57:22ID: BB  Data: 00 00 00 AA 00 00 00 00 
"
"2016-11-21 13:57:22ID: BC  Data: 00 00 00 AA 00 00 00 00 
"
"2016-11-21 13:57:22ID: BB  Data: 00 00 00 AA 00 00 00 00 
"
"2016-11-21 13:57:23ID: BC  Data: 00 00 00 AA 00 00 00 00 
"
"2016-11-21 13:57:23ID: BB  Data: 00 00 00 AA 00 00 00 00 
"
"2016-11-21 13:57:23ID: BC  Data: 00 00 00 AA 00 00 00 00 
"
"2016-11-21 13:57:23ID: BB  Data: 00 00 00 AA 00 00 00 00 
"
"2016-11-21 13:57:23ID: BC  Data: 00 00 00 AA 00 00 00 00 
"
"2016-11-21 13:57:23ID: BB  Data: 00 00 00 AA 00 00 00 00 
"
"2016-11-21 13:57:23ID: BC  Data: 00 00 00 AA 00 00 00 00 
"
"2016-11-21 13:57:23ID: BB  Data: 00 00 00 AA 00 00 00 00 
"
"2016-11-21 13:57:23ID: BC  Data: 00 00 00 AA 00 00 00 00 
"
"2016-11-21 13:57:23ID: BB  Data: 00 00 00 AA 00 00 00 00 
"
"2016-11-21 13:57:23ID: BC  Data: 00 00 00 AA 00 00 00 00 
"
"2016-11-21 13:57:23ID: BB  Data: 00 00 00 AA 00 00 00 00 
"
"2016-11-21 13:57:23ID: BC  Data: 00 00 00 AA 00 00 00 00 
"
"2016-11-21 13:57:23ID: BB  Data: 00 00 00 AA 00 00 00 00 
"
"2016-11-21 13:57:23ID: BC  Data: 00 00 00 AA 00 00 00 00 
"
"2016-11-21 13:57:23ID: BB  Data: 00 00 00 AA 00 00 00 00 
"
"2016-11-21 13:57:23ID: BC  Data: 00 00 00 AA 00 00 00 00 
"
"2016-11-21 13:57:23ID: BB  Data: 00 00 00 AA 00 00 00 00 
"
"2016-11-21 13:57:23ID: BC  Data: 00 00 00 AA 00 00 00 00 
"
"2016-11-21 13:57:23ID: BB  Data: 00 00 00 AA 00 00 00 00 
"
"2016-11-21 13:57:23ID: BC  Data: 00 00 00 AA 00 00 00 00 
"
"2016-11-21 13:57:23ID: BB  Data: 00 00 00 AA 00 00 00 00 
"
"2016-11-21 13:57:23ID: BC  Data: 00 00 00 AA 00 00 00 00 
"
"2016-11-21 13:57:24ID: BB  Data: 00 00 00 AA 00 00 00 00 
"
"2016-11-21 13:57:24ID: BC  Data: 00 00 00 AA 00 00 00 00 
"
"2016-11-21 13:57:24ID: BB  Data: 00 00 00 AA 00 00 00 00 
"
"2016-11-21 13:57:24ID: BC  Data: 00 00 00 AA 00 00 00 00 
"
"2016-11-21 13:57:24ID: BB  Data: 00 00 00 AA 00 00 00 00 
"
"2016-11-21 13:57:24ID: BC  Data: 00 00 00 AA 00 00 00 00 
"
"2016-11-21 13:57:24ID: BB  Data: 00 00 00 AA 00 00 00 00 
"
"2016-11-21 13:57:24ID: BC  Data: 00 00 00 AA 00 00 00 00 
"
"2016-11-21 13:57:24ID: BB  Data: 00 00 00 AA 00 00 00 00 
"
"2016-11-21 13:57:24ID: BC  Data: 00 00 00 AA 00 00 00 00 
"
"2016-11-21 13:57:24ID: BB  Data: 00 00 00 AA 00 00 00 00 
"
"2016-11-21 13:57:24ID: BC  Data: 00 00 00 AA 00 00 00 00 
"
"2016-11-21 13:57:24ID: BB  Data: 00 00 00 AA 00 00 00 00 
"
"2016-11-21 13:57:24ID: BC  Data: 00 00 00 AA 00 00 00 00 
"
"2016-11-21 13:57:24ID: BB  Data: 00 00 00 AA 00 00 00 00 
"
"2016-11-21 13:57:24ID: BC  Data: 00 00 00 AA 00 00 00 00 
"
"2016-11-21 13:57:24ID: BB  Data: 00 00 00 AA 00 00 00 00 
"
"2016-11-21 13:57:24ID: BC  Data: 00 00 00 AA 00 00 00 00 
"
"2016-11-21 13:57:24ID: BB  Data: 00 00 00 AA 00 00 00 00 
"
"2016-11-21 13:57:24ID: BC  Data: 00 00 00 AA 00 00 00 00 
"
"2016-11-21 13:57:24ID: BB  Data: 00 00 00 AA 00 00 00 00 
"
"2016-11-21 13:57:24ID: BC  Data: 00 00 00 AA 00 00 00 00 
"
"2016-11-21 13:57:25ID: BB  Data: 00 00 00 AA 00 00 00 00 
"
"2016-11-21 13:57:25ID: BC  Data: 00 00 00 AA 00 00 00 00 
"
"2016-11-21 13:57:25ID: BB  Data: 00 00 00 AA 00 00 00 00 
"
"2016-11-21 13:57:25ID: BC  Data: 00 00 00 AA 00 00 00 00 
"
"2016-11-21 13:57:25ID: BB  Data: 00 00 00 AA 00 00 00 00 
"
"2016-11-21 13:57:25ID: BC  Data: 00 00 00 AA 00 00 00 00 
"
"2016-11-21 13:57:25ID: BB  Data: 00 00 00 AA 00 00 00 00 
"
"2016-11-21 13:57:25ID: BC  Data: 00 00 00 AA 00 00 00 00 
"
"2016-11-21 13:57:25ID: BB  Data: 00 00 00 AA 00 00 00 00 
"
"2016-11-21 13:57:25ID: BC  Data: 00 00 00 AA 00 00 00 00 
"
"2016-11-21 13:57:25ID: BB  Data: 00 00 00 AA 00 00 00 00 
"
"2016-11-21 13:57:25ID: BC  Data: 00 00 00 AA 00 00 00 00 
"
"2016-11-21 13:57:25ID: BB  Data: 00 00 00 AA 00 00 00 00 
"
"2016-11-21 13:57:25ID: BC  Data: 00 00 00 AA 00 00 00 00 
"
"2016-11-21 13:57:25ID: BB  Data: 00 00 00 AA 00 00 00 00 
"
"2016-11-21 13:57:25ID: BC  Data: 00 00 00 AA 00 00 00 00 
"
"2016-11-21 13:57:25ID: BB  Data: 00 00 00 AA 00 00 00 00 
"
"2016-11-21 13:57:25ID: BC  Data: 00 00 00 AA 00 00 00 00 
"
"2016-11-21 13:57:25ID: BB  Data: 00 00 00 AA 00 00 00 00 
"
"2016-11-21 13:57:25ID: BC  Data: 00 00 00 AA 00 00 00 00 
"
"2016-11-21 13:57:25ID: BB  Data: 00 00 00 AA 00 00 00 00 
"
"2016-11-21 13:57:25ID: BC  Data: 00 00 00 AA 00 00 00 00 
"
"2016-11-21 13:57:25ID: BB  Data: 00 00 00 AA 00 00 00 00 
"
"2016-11-21 13:57:25ID: BC  Data: 00 00 00 AA 00 00 00 00 
"
"2016-11-21 13:57:26ID: BB  Data: 00 00 00 AA 00 00 00 00 
"
"2016-11-21 13:57:26ID: BC  Data: 00 00 00 AA 00 00 00 00 
"
"2016-11-21 13:57:26ID: BB  Data: 00 00 00 AA 00 00 00 00 
"
"2016-11-21 13:57:26ID: BC  Data: 00 00 00 AA 00 00 00 00 
"
"2016-11-21 13:57:26ID: BB  Data: 00 00 00 AA 00 00 00 00 
"
"2016-11-21 13:57:26ID: BC  Data: 00 00 00 AA 00 00 00 00 
"
"2016-11-21 13:57:26ID: BB  Data: 00 00 00 AA 00 00 00 00 
"
"2016-11-21 13:57:26ID: BC  Data: 00 00 00 AA 00 00 00 00 
"
"2016-11-21 13:57:26ID: BB  Data: 00 00 00 AA 00 00 00 00 
"
"2016-11-21 13:57:26ID: BC  Data: 00 00 00 AA 00 00 00 00 
"
"2016-11-21 13:57:26ID: BB  Data: 00 00 00 AA 00 00 00 00 
"
"2016-11-21 13:57:26ID: BC  Data: 00 00 00 AA 00 00 00 00 
"
"2016-11-21 13:57:26ID: BB  Data: 00 00 00 AA 00 00 00 00 
"
"2016-11-21 13:57:26ID: BC  Data: 00 00 00 AA 00 00 00 00 
"
"2016-11-21 13:57:26ID: BB  Data: 00 00 00 AA 00 00 00 00 
"
"2016-11-21 13:57:26ID: BC  Data: 00 00 00 AA 00 00 00 00 
"
"2016-11-21 13:57:26ID: BB  Data: 00 00 00 AA 00 00 00 00 
"
"2016-11-21 13:57:26ID: BC  Data: 00 00 00 AA 00 00 00 00 
"
"2016-11-21 13:57:26ID: BB  Data: 00 00 00 AA 00 00 00 00 
"
"2016-11-21 13:57:26ID: BC  Data: 00 00 00 AA 00 00 00 00 
"
"2016-11-21 13:57:26ID: BB  Data: 00 00 00 AA 00 00 00 00 
"
"2016-11-21 13:57:26ID: BC  Data: 00 00 00 AA 00 00 00 00 
"
"2016-11-21 13:57:27ID: BB  Data: 00 00 00 AA 00 00 00 00 
"
"2016-11-21 13:57:27ID: BC  Data: 00 00 00 AA 00 00 00 00 
"
"2016-11-21 13:57:27ID: BB  Data: 00 00 00 AA 00 00 00 00 
"
"2016-11-21 13:57:27ID: BC  Data: 00 00 00 AA 00 00 00 00 
"
"2016-11-21 13:57:27ID: BB  Data: 00 00 00 AA 00 00 00 00 
"
"2016-11-21 13:57:27ID: BC  Data: 00 00 00 AA 00 00 00 00 
"
"2016-11-21 13:57:27ID: BB  Data: 00 00 00 AA 00 00 00 00 
"
"2016-11-21 13:57:27ID: BC  Data: 00 00 00 AA 00 00 00 00 
"
"2016-11-21 13:57:27ID: BB  Data: 00 00 00 AA 00 00 00 00 
"
"2016-11-21 13:57:27ID: BC  Data: 00 00 00 AA 00 00 00 00 
"
"2016-11-21 13:57:27ID: BB  Data: 00 00 00 AA 00 00 00 00 
"
"2016-11-21 13:57:27ID: BC  Data: 00 00 00 AA 00 00 00 00 
"
"2016-11-21 13:57:27ID: BB  Data: 00 00 00 AA 00 00 00 00 
"
"2016-11-21 13:57:27ID: BC  Data: 00 00 00 AA 00 00 00 00 
"
"2016-11-21 13:57:27ID: BB  Data: 00 00 00 AA 00 00 00 00 
"
"2016-11-21 13:57:27ID: BC  Data: 00 00 00 AA 00 00 00 00 
"
"2016-11-21 13:57:27ID: BB  Data: 00 00 00 AA 00 00 00 00 
"
"2016-11-21 13:57:27ID: BC  Data: 00 00 00 AA 00 00 00 00 
"
"2016-11-21 13:57:27ID: BB  Data: 00 00 00 AA 00 00 00 00 
"
"2016-11-21 13:57:27ID: BC  Data: 00 00 00 AA 00 00 00 00 
"
"2016-11-21 13:57:27ID: BB  Data: 00 00 00 AA 00 00 00 00 
"
"2016-11-21 13:57:27ID: BC  Data: 00 00 00 AA 00 00 00 00 
"
"2016-11-21 13:57:28ID: BB  Data: 00 00 00 AA 00 00 00 00 
"
"2016-11-21 13:57:28ID: BC  Data: 00 00 00 AA 00 00 00 00 
"
"2016-11-21 13:57:28ID: BB  Data: 00 00 00 AA 00 00 00 00 
"
"2016-11-21 13:57:28ID: BC  Data: 00 00 00 AA 00 00 00 00 
"
"2016-11-21 13:57:28ID: BB  Data: 00 00 00 AA 00 00 00 00 
"
"2016-11-21 13:57:28ID: BC  Data: 00 00 00 AA 00 00 00 00 
"
"2016-11-21 13:57:28ID: BB  Data: 00 00 00 AA 00 00 00 00 
"
"2016-11-21 13:57:28ID: BC  Data: 00 00 00 AA 00 00 00 00 
"
"2016-11-21 13:57:28ID: BB  Data: 00 00 00 AA 00 00 00 00 
"
"2016-11-21 13:57:28ID: BC  Data: 00 00 00 AA 00 00 00 00 
"
"2016-11-21 13:57:28ID: BB  Data: 00 00 00 AA 00 00 00 00 
"
"2016-11-21 13:57:28ID: BC  Data: 00 00 00 AA 00 00 00 00 
"
"2016-11-21 13:57:28ID: BB  Data: 00 00 00 AA 00 00 00 00 
"
"2016-11-21 13:57:28ID: BC  Data: 00 00 00 AA 00 00 00 00 
"
"2016-11-21 13:57:28ID: BB  Data: 00 00 00 AA 00 00 00 00 
"
"2016-11-21 13:57:28ID: BC  Data: 00 00 00 AA 00 00 00 00 
"
"2016-11-21 13:57:28ID: BB  Data: 00 00 00 AA 00 00 00 00 
"
"2016-11-21 13:57:28ID: BC  Data: 00 00 00 AA 00 00 00 00 
"
"2016-11-21 13:57:28ID: BB  Data: 00 00 00 AA 00 00 00 00 
"
"2016-11-21 13:57:28ID: BC  Data: 00 00 00 AA 00 00 00 00 
"
"2016-11-21 13:57:28ID: BB  Data: 00 00 00 AA 00 00 00 00 
"
"2016-11-21 13:57:28ID: BC  Data: 00 00 00 AA 00 00 00 00 
"
"2016-11-21 13:57:28ID: BB  Data: 00 00 00 AA 00 00 00 00 
"
"2016-11-21 13:57:28ID: BC  Data: 00 00 00 AA 00 00 00 00 
"
"2016-11-21 13:57:29ID: BB  Data: 00 00 00 AA 00 00 00 00 
"
"2016-11-21 13:57:29ID: BC  Data: 00 00 00 AA 00 00 00 00 
"
"2016-11-21 13:57:29ID: BB  Data: 00 00 00 AA 00 00 00 00 
"
"2016-11-21 13:57:29ID: BC  Data: 00 00 00 AA 00 00 00 00 
"
"2016-11-21 13:57:29ID: BB  Data: 00 00 00 AA 00 00 00 00 
"
"2016-11-21 13:57:29ID: BC  Data: 00 00 00 AA 00 00 00 00 
"
"2016-11-21 13:57:29ID: BB  Data: 00 00 00 AA 00 00 00 00 
"
"2016-11-21 13:57:29ID: BC  Data: 00 00 00 AA 00 00 00 00 
"
"2016-11-21 13:57:29ID: BB  Data: 00 00 00 AA 00 00 00 00 
"
"2016-11-21 13:57:29ID: BC  Data: 00 00 00 AA 00 00 00 00 
"
"2016-11-21 13:57:29ID: BB  Data: 00 00 00 AA 00 00 00 00 
"
"2016-11-21 13:57:29ID: BC  Data: 00 00 00 AA 00 00 00 00 
"
"2016-11-21 13:57:29ID: BB  Data: 00 00 00 AA 00 00 00 00 
"
"2016-11-21 13:57:29ID: BC  Data: 00 00 00 AA 00 00 00 00 
"
"2016-11-21 13:57:29ID: BB  Data: 00 00 00 AA 00 00 00 00 
"
"2016-11-21 13:57:29ID: BC  Data: 00 00 00 AA 00 00 00 00 
"
"2016-11-21 13:57:29ID: BB  Data: 00 00 00 AA 00 00 00 00 
"
"2016-11-21 13:57:29ID: BC  Data: 00 00 00 AA 00 00 00 00 
"
"2016-11-21 13:57:29ID: BB  Data: 00 00 00 AA 00 00 00 00 
"
"2016-11-21 13:57:29ID: BC  Data: 00 00 00 AA 00 00 00 00 
"
"2016-11-21 13:57:29ID: BB  Data: 00 00 00 AA 00 00 00 00 
"
"2016-11-21 13:57:29ID: BC  Data: 00 00 00 AA 00 00 00 00 
"
"2016-11-21 13:57:30ID: BB  Data: 00 00 00 AA 00 00 00 00 
"
"2016-11-21 13:57:30ID: BC  Data: 00 00 00 AA 00 00 00 00 
"
"2016-11-21 13:57:30ID: BB  Data: 00 00 00 AA 00 00 00 00 
"
"2016-11-21 13:57:30ID: BC  Data: 00 00 00 AA 00 00 00 00 
"
"2016-11-21 13:57:30ID: BB  Data: 00 00 00 AA 00 00 00 00 
"
"2016-11-21 13:57:30ID: BC  Data: 00 00 00 AA 00 00 00 00 
"
"2016-11-21 13:57:30ID: BB  Data: 00 00 00 AA 00 00 00 00 
"
"2016-11-21 13:57:30ID: BC  Data: 00 00 00 AA 00 00 00 00 
"
"2016-11-21 13:57:30ID: BB  Data: 00 00 00 AA 00 00 00 00 
"
"2016-11-21 13:57:30ID: BC  Data: 00 00 00 AA 00 00 00 00 
"
"2016-11-21 13:57:30ID: BB  Data: 00 00 00 AA 00 00 00 00 
"
"2016-11-21 13:57:30ID: BC  Data: 00 00 00 AA 00 00 00 00 
"
"2016-11-21 13:57:30ID: BB  Data: 00 00 00 AA 00 00 00 00 
"
"2016-11-21 13:57:30ID: BC  Data: 00 00 00 AA 00 00 00 00 
"
"2016-11-21 13:57:30ID: BB  Data: 00 00 00 AA 00 00 00 00 
"
"2016-11-21 13:57:30ID: BC  Data: 00 00 00 AA 00 00 00 00 
"
"2016-11-21 13:57:30ID: BB  Data: 00 00 00 AA 00 00 00 00 
"
"2016-11-21 13:57:30ID: BC  Data: 00 00 00 AA 00 00 00 00 
"
"2016-11-21 13:57:30ID: BB  Data: 00 00 00 AA 00 00 00 00 
"
"2016-11-21 13:57:30ID: BC  Data: 00 00 00 AA 00 00 00 00 
"
"2016-11-21 13:57:30ID: BB  Data: 00 00 00 AA 00 00 00 00 
"
"2016-11-21 13:57:30ID: BC  Data: 00 00 00 AA 00 00 00 00 
"
"2016-11-21 13:57:31ID: BB  Data: 00 00 00 AA 00 00 00 00 
"
"2016-11-21 13:57:31ID: BC  Data: 00 00 00 AA 00 00 00 00 
"
"2016-11-21 13:57:31ID: BB  Data: 00 00 00 AA 00 00 00 00 
"
"2016-11-21 13:57:31ID: BC  Data: 00 00 00 AA 00 00 00 00 
"
"2016-11-21 13:57:31ID: BB  Data: 00 00 00 AA 00 00 00 00 
"
"2016-11-21 13:57:31ID: BC  Data: 00 00 00 AA 00 00 00 00 
"
"2016-11-21 13:57:31ID: BB  Data: 00 00 00 AA 00 00 00 00 
"
"2016-11-21 13:57:31ID: BC  Data: 00 00 00 AA 00 00 00 00 
"
"2016-11-21 13:57:31ID: BB  Data: 00 00 00 AA 00 00 00 00 
"
"2016-11-21 13:57:31ID: BC  Data: 00 00 00 AA 00 00 00 00 
"
"2016-11-21 13:57:31ID: BB  Data: 00 00 00 AA 00 00 00 00 
"
"2016-11-21 13:57:31ID: BC  Data: 00 00 00 AA 00 00 00 00 
"
"2016-11-21 13:57:31ID: BB  Data: 00 00 00 AA 00 00 00 00 
"
"2016-11-21 13:57:31ID: BC  Data: 00 00 00 AA 00 00 00 00 
"
"2016-11-21 13:57:31ID: BB  Data: 00 00 00 AA 00 00 00 00 
"
"2016-11-21 13:57:31ID: BC  Data: 00 00 00 AA 00 00 00 00 
"
"2016-11-21 13:57:31ID: BB  Data: 00 00 00 AA 00 00 00 00 
"
"2016-11-21 13:57:31ID: BC  Data: 00 00 00 AA 00 00 00 00 
"
"2016-11-21 13:57:31ID: BB  Data: 00 00 00 AA 00 00 00 00 
"
"2016-11-21 13:57:31ID: BC  Data: 00 00 00 AA 00 00 00 00 
"
"2016-11-21 13:57:31ID: BB  Data: 00 00 00 AA 00 00 00 00 
"
"2016-11-21 13:57:31ID: BC  Data: 00 00 00 AA 00 00 00 00 
"
"2016-11-21 13:57:31ID: BB  Data: 00 00 00 AA 00 00 00 00 
"
"2016-11-21 13:57:31ID: BC  Data: 00 00 00 AA 00 00 00 00 
"
"2016-11-21 13:57:32ID: BB  Data: 00 00 00 AA 00 00 00 00 
"
"2016-11-21 13:57:32ID: BC  Data: 00 00 00 AA 00 00 00 00 
"
"2016-11-21 13:57:32ID: BB  Data: 00 00 00 AA 00 00 00 00 
"
"2016-11-21 13:57:32ID: BC  Data: 00 00 00 AA 00 00 00 00 
"
"2016-11-21 13:57:32ID: BB  Data: 00 00 00 AA 00 00 00 00 
"
"2016-11-21 13:57:32ID: BC  Data: 00 00 00 AA 00 00 00 00 
"
"2016-11-21 13:57:32ID: BB  Data: 00 00 00 AA 00 00 00 00 
"
"2016-11-21 13:57:32ID: BC  Data: 00 00 00 AA 00 00 00 00 
"
"2016-11-21 13:57:32ID: BB  Data: 00 00 00 AA 00 00 00 00 
"
"2016-11-21 13:57:32ID: BC  Data: 00 00 00 AA 00 00 00 00 
"
"2016-11-21 13:57:32ID: BB  Data: 00 00 00 AA 00 00 00 00 
"
"2016-11-21 13:57:32ID: BC  Data: 00 00 00 AA 00 00 00 00 
"
"2016-11-21 13:57:32ID: BB  Data: 00 00 00 AA 00 00 00 00 
"
"2016-11-21 13:57:32ID: BC  Data: 00 00 00 AA 00 00 00 00 
"
"2016-11-21 13:57:32ID: BB  Data: 00 00 00 AA 00 00 00 00 
"
"2016-11-21 13:57:32ID: BC  Data: 00 00 00 AA 00 00 00 00 
"
"2016-11-21 13:57:32ID: BB  Data: 00 00 00 AA 00 00 00 00 
"
"2016-11-21 13:57:32ID: BC  Data: 00 00 00 AA 00 00 00 00 
"
"2016-11-21 13:57:32ID: BB  Data: 00 00 00 AA 00 00 00 00 
"
"2016-11-21 13:57:32ID: BC  Data: 00 00 00 AA 00 00 00 00 
"
"2016-11-21 13:57:32ID: BB  Data: 00 00 00 AA 00 00 00 00 
"
"2016-11-21 13:57:32ID: BC  Data: 00 00 00 AA 00 00 00 00 
"
"2016-11-21 13:57:33ID: BB  Data: 00 00 00 AA 00 00 00 00 
"
"2016-11-21 13:57:33ID: BC  Data: 00 00 00 AA 00 00 00 00 
"
"2016-11-21 13:57:33ID: BB  Data: 00 00 00 AA 00 00 00 00 
"
"2016-11-21 13:57:33ID: BC  Data: 00 00 00 AA 00 00 00 00 
"
"2016-11-21 13:57:33ID: BB  Data: 00 00 00 AA 00 00 00 00 
"
"2016-11-21 13:57:33ID: BC  Data: 00 00 00 AA 00 00 00 00 
"
"2016-11-21 13:57:33ID: BB  Data: 00 00 00 AA 00 00 00 00 
"
"2016-11-21 13:57:33ID: BC  Data: 00 00 00 AA 00 00 00 00 
"
"2016-11-21 13:57:33ID: BB  Data: 00 00 00 AA 00 00 00 00 
"
"2016-11-21 13:57:33ID: BC  Data: 00 00 00 AA 00 00 00 00 
"
"2016-11-21 13:57:33ID: BB  Data: 00 00 00 AA 00 00 00 00 
"
"2016-11-21 13:57:33ID: BC  Data: 00 00 00 AA 00 00 00 00 
"
"2016-11-21 13:57:33ID: BB  Data: 00 00 00 AA 00 00 00 00 
"
"2016-11-21 13:57:33ID: BC  Data: 00 00 00 AA 00 00 00 00 
"
"2016-11-21 13:57:33ID: BB  Data: 00 00 00 AA 00 00 00 00 
"
"2016-11-21 13:57:33ID: BC  Data: 00 00 00 AA 00 00 00 00 
"
"2016-11-21 13:57:33ID: BB  Data: 00 00 00 AA 00 00 00 00 
"
"2016-11-21 13:57:33ID: BC  Data: 00 00 00 AA 00 00 00 00 
"
"2016-11-21 13:57:33ID: BB  Data: 00 00 00 AA 00 00 00 00 
"
"2016-11-21 13:57:33ID: BC  Data: 00 00 00 AA 00 00 00 00 
"
"2016-11-21 13:57:33ID: BB  Data: 00 00 00 AA 00 00 00 00 
"
"2016-11-21 13:57:33ID: BC  Data: 00 00 00 AA 00 00 00 00 
"
"2016-11-21 13:57:33ID: BB  Data: 00 00 00 AA 00 00 00 00 
"
"2016-11-21 13:57:34ID: BC  Data: 00 00 00 AA 00 00 00 00 
"
"2016-11-21 13:57:34ID: BB  Data: 00 00 00 AA 00 00 00 00 
"
"2016-11-21 13:57:34ID: BC  Data: 00 00 00 AA 00 00 00 00 
"
"2016-11-21 13:57:34ID: BB  Data: 00 00 00 AA 00 00 00 00 
"
"2016-11-21 13:57:34ID: BC  Data: 00 00 00 AA 00 00 00 00 
"
"2016-11-21 13:57:34ID: BB  Data: 00 00 00 AA 00 00 00 00 
"
"2016-11-21 13:57:34ID: BC  Data: 00 00 00 AA 00 00 00 00 
"
"2016-11-21 13:57:34ID: BB  Data: 00 00 00 AA 00 00 00 00 
"
"2016-11-21 13:57:34ID: BC  Data: 00 00 00 AA 00 00 00 00 
"
"2016-11-21 13:57:34ID: BB  Data: 00 00 00 AA 00 00 00 00 
"
"2016-11-21 13:57:34ID: BC  Data: 00 00 00 AA 00 00 00 00 
"
"2016-11-21 13:57:34ID: BB  Data: 00 00 00 AA 00 00 00 00 
"
"2016-11-21 13:57:34ID: BC  Data: 00 00 00 AA 00 00 00 00 
"
"2016-11-21 13:57:34ID: BB  Data: 00 00 00 AA 00 00 00 00 
"
"2016-11-21 13:57:34ID: BC  Data: 00 00 00 AA 00 00 00 00 
"
"2016-11-21 13:57:34ID: BB  Data: 00 00 00 AA 00 00 00 00 
"
"2016-11-21 13:57:34ID: BC  Data: 00 00 00 AA 00 00 00 00 
"
"2016-11-21 13:57:34ID: BB  Data: 00 00 00 AA 00 00 00 00 
"
"2016-11-21 13:57:34ID: BC  Data: 00 00 00 AA 00 00 00 00 
"
"2016-11-21 13:57:34ID: BB  Data: 00 00 00 AA 00 00 00 00 
"
"2016-11-21 13:57:34ID: BC  Data: 00 00 00 AA 00 00 00 00 
"
"2016-11-21 13:57:34ID: BB  Data: 00 00 00 AA 00 00 00 00 
"
"2016-11-21 13:57:34ID: BC  Data: 00 00 00 AA 00 00 00 00 
"
"2016-11-21 13:57:35ID: BB  Data: 00 00 00 AA 00 00 00 00 
"
"2016-11-21 13:57:35ID: BC  Data: 00 00 00 AA 00 00 00 00 
"
"2016-11-21 13:57:35ID: BB  Data: 00 00 00 AA 00 00 00 00 
"
"2016-11-21 13:57:35ID: BC  Data: 00 00 00 AA 00 00 00 00 
"
"2016-11-21 13:57:35ID: BB  Data: 00 00 00 AA 00 00 00 00 
"
"2016-11-21 13:57:35ID: BC  Data: 00 00 00 AA 00 00 00 00 
"
"2016-11-21 13:57:35ID: BB  Data: 00 00 00 AA 00 00 00 00 
"
"2016-11-21 13:57:35ID: BC  Data: 00 00 00 AA 00 00 00 00 
"
"2016-11-21 13:57:35ID: BB  Data: 00 00 00 AA 00 00 00 00 
"
"2016-11-21 13:57:35ID: BC  Data: 00 00 00 AA 00 00 00 00 
"
"2016-11-21 13:57:35ID: BB  Data: 00 00 00 AA 00 00 00 00 
"
"2016-11-21 13:57:35ID: BC  Data: 00 00 00 AA 00 00 00 00 
"
"2016-11-21 13:57:35ID: BB  Data: 00 00 00 AA 00 00 00 00 
"
"2016-11-21 13:57:35ID: BC  Data: 00 00 00 AA 00 00 00 00 
"
"2016-11-21 13:57:35ID: BB  Data: 00 00 00 AA 00 00 00 00 
"
"2016-11-21 13:57:35ID: BC  Data: 00 00 00 AA 00 00 00 00 
"
"2016-11-21 13:57:35ID: BB  Data: 00 00 00 AA 00 00 00 00 
"
"2016-11-21 13:57:35ID: BC  Data: 00 00 00 AA 00 00 00 00 
"
"2016-11-21 13:57:35ID: BB  Data: 00 00 00 AA 00 00 00 00 
"
"2016-11-21 13:57:35ID: BC  Data: 00 00 00 AA 00 00 00 00 
"
"2016-11-21 13:57:35ID: BB  Data: 00 00 00 AA 00 00 00 00 
"
"2016-11-21 13:57:35ID: BC  Data: 00 00 00 AA 00 00 00 00 
"
"2016-11-21 13:57:36ID: BB  Data: 00 00 00 AA 00 00 00 00 
"
"2016-11-21 13:57:36ID: BC  Data: 00 00 00 AA 00 00 00 00 
"
"2016-11-21 13:57:36ID: BB  Data: 00 00 00 AA 00 00 00 00 
"
"2016-11-21 13:57:36ID: BC  Data: 00 00 00 AA 00 00 00 00 
"
"2016-11-21 13:57:36ID: BB  Data: 00 00 00 AA 00 00 00 00 
"
"2016-11-21 13:57:36ID: BC  Data: 00 00 00 AA 00 00 00 00 
"
"2016-11-21 13:57:36ID: BB  Data: 00 00 00 AA 00 00 00 00 
"
"2016-11-21 13:57:36ID: BC  Data: 00 00 00 AA 00 00 00 00 
"
"2016-11-21 13:57:36ID: BB  Data: 00 00 00 AA 00 00 00 00 
"
"2016-11-21 13:57:36ID: BC  Data: 00 00 00 AA 00 00 00 00 
"
"2016-11-21 13:57:36ID: BB  Data: 00 00 00 AA 00 00 00 00 
"
"2016-11-21 13:57:36ID: BC  Data: 00 00 00 AA 00 00 00 00 
"
"2016-11-21 13:57:36ID: BB  Data: 00 00 00 AA 00 00 00 00 
"
"2016-11-21 13:57:36ID: BC  Data: 00 00 00 AA 00 00 00 00 
"
"2016-11-21 13:57:36ID: BB  Data: 00 00 00 AA 00 00 00 00 
"
"2016-11-21 13:57:36ID: BC  Data: 00 00 00 AA 00 00 00 00 
"
"2016-11-21 13:57:36ID: BB  Data: 00 00 00 AA 00 00 00 00 
"
"2016-11-21 13:57:36ID: BC  Data: 00 00 00 AA 00 00 00 00 
"
"2016-11-21 13:57:36ID: BB  Data: 00 00 00 AA 00 00 00 00 
"
"2016-11-21 13:57:36ID: BC  Data: 00 00 00 AA 00 00 00 00 
"
"2016-11-21 13:57:36ID: BB  Data: 00 00 00 AA 00 00 00 00 
"
"2016-11-21 13:57:36ID: BC  Data: 00 00 00 AA 00 00 00 00 
"
"2016-11-21 13:57:36ID: BB  Data: 00 00 00 AA 00 00 00 00 
"
"2016-11-21 13:57:37ID: BC  Data: 00 00 00 AA 00 00 00 00 
"
"2016-11-21 13:57:37ID: BB  Data: 00 00 00 AA 00 00 00 00 
"
"2016-11-21 13:57:37ID: BC  Data: 00 00 00 AA 00 00 00 00 
"
"2016-11-21 13:57:37ID: BB  Data: 00 00 00 AA 00 00 00 00 
"
"2016-11-21 13:57:37ID: BC  Data: 00 00 00 AA 00 00 00 00 
"
"2016-11-21 13:57:37ID: BB  Data: 00 00 00 AA 00 00 00 00 
"
"2016-11-21 13:57:37ID: BC  Data: 00 00 00 AA 00 00 00 00 
"
"2016-11-21 13:57:37ID: BB  Data: 00 00 00 AA 00 00 00 00 
"
"2016-11-21 13:57:37ID: BC  Data: 00 00 00 AA 00 00 00 00 
"
"2016-11-21 13:57:37ID: BB  Data: 00 00 00 AA 00 00 00 00 
"
"2016-11-21 13:57:37ID: BC  Data: 00 00 00 AA 00 00 00 00 
"
"2016-11-21 13:57:37ID: BB  Data: 00 00 00 AA 00 00 00 00 
"
"2016-11-21 13:57:37ID: BC  Data: 00 00 00 AA 00 00 00 00 
"
"2016-11-21 13:57:37ID: BB  Data: 00 00 00 AA 00 00 00 00 
"
"2016-11-21 13:57:37ID: BC  Data: 00 00 00 AA 00 00 00 00 
"
"2016-11-21 13:57:37ID: BB  Data: 00 00 00 AA 00 00 00 00 
"
"2016-11-21 13:57:37ID: BC  Data: 00 00 00 AA 00 00 00 00 
"
"2016-11-21 13:57:37ID: BB  Data: 00 00 00 AA 00 00 00 00 
"
"2016-11-21 13:57:37ID: BC  Data: 00 00 00 AA 00 00 00 00 
"
"2016-11-21 13:57:37ID: BB  Data: 00 00 00 AA 00 00 00 00 
"
"2016-11-21 13:57:37ID: BC  Data: 00 00 00 AA 00 00 00 00 
"
"2016-11-21 13:57:37ID: BB  Data: 00 00 00 AA 00 00 00 00 
"
"2016-11-21 13:57:37ID: BC  Data: 00 00 00 AA 00 00 00 00 
"
"2016-11-21 13:57:38ID: BB  Data: 00 00 00 AA 00 00 00 00 
"
"2016-11-21 13:57:38ID: BC  Data: 00 00 00 AA 00 00 00 00 
"
"2016-11-21 13:57:38ID: BB  Data: 00 00 00 AA 00 00 00 00 
"
"2016-11-21 13:57:38ID: BC  Data: 00 00 00 AA 00 00 00 00 
"
"2016-11-21 13:57:38ID: BB  Data: 00 00 00 AA 00 00 00 00 
"
"2016-11-21 13:57:38ID: BC  Data: 00 00 00 AA 00 00 00 00 
"
"2016-11-21 13:57:38ID: BB  Data: 00 00 00 AA 00 00 00 00 
"
"2016-11-21 13:57:38ID: BC  Data: 00 00 00 AA 00 00 00 00 
"
"2016-11-21 13:57:38ID: BB  Data: 00 00 00 AA 00 00 00 00 
"
"2016-11-21 13:57:38ID: BC  Data: 00 00 00 AA 00 00 00 00 
"
"2016-11-21 13:57:38ID: BB  Data: 00 00 00 AA 00 00 00 00 
"
"2016-11-21 13:57:38ID: BC  Data: 00 00 00 AA 00 00 00 00 
"
"2016-11-21 13:57:38ID: BB  Data: 00 00 00 AA 00 00 00 00 
"
"2016-11-21 13:57:38ID: BC  Data: 00 00 00 AA 00 00 00 00 
"
"2016-11-21 13:57:38ID: BB  Data: 00 00 00 AA 00 00 00 00 
"
"2016-11-21 13:57:38ID: BC  Data: 00 00 00 AA 00 00 00 00 
"
"2016-11-21 13:57:38ID: BB  Data: 00 00 00 AA 00 00 00 00 
"
"2016-11-21 13:57:38ID: BC  Data: 00 00 00 AA 00 00 00 00 
"
"2016-11-21 13:57:38ID: BB  Data: 00 00 00 AA 00 00 00 00 
"
"2016-11-21 13:57:38ID: BC  Data: 00 00 00 AA 00 00 00 00 
"
"2016-11-21 13:57:38ID: BB  Data: 00 00 00 AA 00 00 00 00 
"
"2016-11-21 13:57:38ID: BC  Data: 00 00 00 AA 00 00 00 00 
"
"2016-11-21 13:57:39ID: BB  Data: 00 00 00 AA 00 00 00 00 
"
"2016-11-21 13:57:39ID: BC  Data: 00 00 00 AA 00 00 00 00 
"
"2016-11-21 13:57:39ID: BB  Data: 00 00 00 AA 00 00 00 00 
"
"2016-11-21 13:57:39ID: BC  Data: 00 00 00 AA 00 00 00 00 
"
"2016-11-21 13:57:39ID: BB  Data: 00 00 00 AA 00 00 00 00 
"
"2016-11-21 13:57:39ID: BC  Data: 00 00 00 AA 00 00 00 00 
"
"2016-11-21 13:57:39ID: BB  Data: 00 00 00 AA 00 00 00 00 
"
"2016-11-21 13:57:39ID: BC  Data: 00 00 00 AA 00 00 00 00 
"
"2016-11-21 13:57:39ID: BB  Data: 00 00 00 AA 00 00 00 00 
"
"2016-11-21 13:57:39ID: BC  Data: 00 00 00 AA 00 00 00 00 
"
"2016-11-21 13:57:39ID: BB  Data: 00 00 00 AA 00 00 00 00 
"
"2016-11-21 13:57:39ID: BC  Data: 00 00 00 AA 00 00 00 00 
"
"2016-11-21 13:57:39ID: BB  Data: 00 00 00 AA 00 00 00 00 
"
"2016-11-21 13:57:39ID: BC  Data: 00 00 00 AA 00 00 00 00 
"
"2016-11-21 13:57:39ID: BB  Data: 00 00 00 AA 00 00 00 00 
"
"2016-11-21 13:57:39ID: BC  Data: 00 00 00 AA 00 00 00 00 
"
"2016-11-21 13:57:39ID: BB  Data: 00 00 00 AA 00 00 00 00 
"
"2016-11-21 13:57:39ID: BC  Data: 00 00 00 AA 00 00 00 00 
"
"2016-11-21 13:57:39ID: BB  Data: 00 00 00 AA 00 00 00 00 
"
"2016-11-21 13:57:39ID: BC  Data: 00 00 00 AA 00 00 00 00 
"
"2016-11-21 13:57:39ID: BB  Data: 00 00 00 AA 00 00 00 00 
"
"2016-11-21 13:57:39ID: BC  Data: 00 00 00 AA 00 00 00 00 
"
"2016-11-21 13:57:39ID: BB  Data: 00 00 00 AA 00 00 00 00 
"
"2016-11-21 13:57:39ID: BC  Data: 00 00 00 AA 00 00 00 00 
"
"2016-11-21 13:57:40ID: BB  Data: 00 00 00 AA 00 00 00 00 
"
"2016-11-21 13:57:40ID: BC  Data: 00 00 00 AA 00 00 00 00 
"
"2016-11-21 13:57:40ID: BB  Data: 00 00 00 AA 00 00 00 00 
"
"2016-11-21 13:57:40ID: BC  Data: 00 00 00 AA 00 00 00 00 
"
"2016-11-21 13:57:40ID: BB  Data: 00 00 00 AA 00 00 00 00 
"
"2016-11-21 13:57:40ID: BC  Data: 00 00 00 AA 00 00 00 00 
"
"2016-11-21 13:57:40ID: BB  Data: 00 00 00 AA 00 00 00 00 
"
"2016-11-21 13:57:40ID: BC  Data: 00 00 00 AA 00 00 00 00 
"
"2016-11-21 13:57:40ID: BB  Data: 00 00 00 AA 00 00 00 00 
"
"2016-11-21 13:57:40ID: BC  Data: 00 00 00 AA 00 00 00 00 
"
"2016-11-21 13:57:40ID: BB  Data: 00 00 00 AA 00 00 00 00 
"
"2016-11-21 13:57:40ID: BC  Data: 00 00 00 AA 00 00 00 00 
"
"2016-11-21 13:57:40ID: BB  Data: 00 00 00 AA 00 00 00 00 
"
"2016-11-21 13:57:40ID: BC  Data: 00 00 00 AA 00 00 00 00 
"
"2016-11-21 13:57:40ID: BB  Data: 00 00 00 AA 00 00 00 00 
"
"2016-11-21 13:57:40ID: BC  Data: 00 00 00 AA 00 00 00 00 
"
"2016-11-21 13:57:40ID: BB  Data: 00 00 00 AA 00 00 00 00 
"
"2016-11-21 13:57:40ID: BC  Data: 00 00 00 AA 00 00 00 00 
"
"2016-11-21 13:57:40ID: BB  Data: 00 00 00 AA 00 00 00 00 
"
"2016-11-21 13:57:40ID: BC  Data: 00 00 00 AA 00 00 00 00 
"
"2016-11-21 13:57:40ID: BB  Data: 00 00 00 AA 00 00 00 00 
"
"2016-11-21 13:57:40ID: BC  Data: 00 00 00 AA 00 00 00 00 
"
"2016-11-21 13:57:41ID: BB  Data: 00 00 00 AA 00 00 00 00 
"
"2016-11-21 13:57:41ID: BC  Data: 00 00 00 AA 00 00 00 00 
"
"2016-11-21 13:57:41ID: BB  Data: 00 00 00 AA 00 00 00 00 
"
"2016-11-21 13:57:41ID: BC  Data: 00 00 00 AA 00 00 00 00 
"
"2016-11-21 13:57:41ID: BB  Data: 00 00 00 AA 00 00 00 00 
"
"2016-11-21 13:57:41ID: BC  Data: 00 00 00 AA 00 00 00 00 
"
"2016-11-21 13:57:41ID: BB  Data: 00 00 00 AA 00 00 00 00 
"
"2016-11-21 13:57:41ID: BC  Data: 00 00 00 AA 00 00 00 00 
"
"2016-11-21 13:57:41ID: BB  Data: 00 00 00 AA 00 00 00 00 
"
"2016-11-21 13:57:41ID: BC  Data: 00 00 00 AA 00 00 00 00 
"
"2016-11-21 13:57:41ID: BB  Data: 00 00 00 AA 00 00 00 00 
"
"2016-11-21 13:57:41ID: BC  Data: 00 00 00 AA 00 00 00 00 
"
"2016-11-21 13:57:41ID: BB  Data: 00 00 00 AA 00 00 00 00 
"
"2016-11-21 13:57:41ID: BC  Data: 00 00 00 AA 00 00 00 00 
"
"2016-11-21 13:57:41ID: BB  Data: 00 00 00 AA 00 00 00 00 
"
"2016-11-21 13:57:41ID: BC  Data: 00 00 00 AA 00 00 00 00 
"
"2016-11-21 13:57:41ID: BB  Data: 00 00 00 AA 00 00 00 00 
"
"2016-11-21 13:57:41ID: BC  Data: 00 00 00 AA 00 00 00 00 
"
"2016-11-21 13:57:41ID: BB  Data: 00 00 00 AA 00 00 00 00 
"
"2016-11-21 13:57:41ID: BC  Data: 00 00 00 AA 00 00 00 00 
"
"2016-11-21 13:57:41ID: BB  Data: 00 00 00 AA 00 00 00 00 
"
"2016-11-21 13:57:41ID: BC  Data: 00 00 00 AA 00 00 00 00 
"
"2016-11-21 13:57:42ID: BB  Data: 00 00 00 AA 00 00 00 00 
"
"2016-11-21 13:57:42ID: BC  Data: 00 00 00 AA 00 00 00 00 
"
"2016-11-21 13:57:42ID: BB  Data: 00 00 00 AA 00 00 00 00 
"
"2016-11-21 13:57:42ID: BC  Data: 00 00 00 AA 00 00 00 00 
"
"2016-11-21 13:57:42ID: BB  Data: 00 00 00 AA 00 00 00 00 
"
"2016-11-21 13:57:42ID: BC  Data: 00 00 00 AA 00 00 00 00 
"
"2016-11-21 13:57:42ID: BB  Data: 00 00 00 AA 00 00 00 00 
"
"2016-11-21 13:57:42ID: BC  Data: 00 00 00 AA 00 00 00 00 
"
"2016-11-21 13:57:42ID: BB  Data: 00 00 00 AA 00 00 00 00 
"
"2016-11-21 13:57:42ID: BC  Data: 00 00 00 AA 00 00 00 00 
"
"2016-11-21 13:57:42ID: BB  Data: 00 00 00 AA 00 00 00 00 
"
"2016-11-21 13:57:42ID: BC  Data: 00 00 00 AA 00 00 00 00 
"
"2016-11-21 13:57:42ID: BB  Data: 00 00 00 AA 00 00 00 00 
"
"2016-11-21 13:57:42ID: BC  Data: 00 00 00 AA 00 00 00 00 
"
"2016-11-21 13:57:42ID: BB  Data: 00 00 00 AA 00 00 00 00 
"
"2016-11-21 13:57:42ID: BC  Data: 00 00 00 AA 00 00 00 00 
"
"2016-11-21 13:57:42ID: BB  Data: 00 00 00 AA 00 00 00 00 
"
"2016-11-21 13:57:42ID: BC  Data: 00 00 00 AA 00 00 00 00 
"
"2016-11-21 13:57:42ID: BB  Data: 00 00 00 AA 00 00 00 00 
"
"2016-11-21 13:57:42ID: BC  Data: 00 00 00 AA 00 00 00 00 
"
"2016-11-21 13:57:42ID: BB  Data: 00 00 00 AA 00 00 00 00 
"
"2016-11-21 13:57:42ID: BC  Data: 00 00 00 AA 00 00 00 00 
"
"2016-11-21 13:57:42ID: BB  Data: 00 00 00 AA 00 00 00 00 
"
"2016-11-21 13:57:42ID: BC  Data: 00 00 00 AA 00 00 00 00 
"
"2016-11-21 13:57:43ID: BB  Data: 00 00 00 AA 00 00 00 00 
"
"2016-11-21 13:57:43ID: BC  Data: 00 00 00 AA 00 00 00 00 
"
"2016-11-21 13:57:43ID: BB  Data: 00 00 00 AA 00 00 00 00 
"
"2016-11-21 13:57:43ID: BC  Data: 00 00 00 AA 00 00 00 00 
"
"2016-11-21 13:57:43ID: BB  Data: 00 00 00 AA 00 00 00 00 
"
"2016-11-21 13:57:43ID: BC  Data: 00 00 00 AA 00 00 00 00 
"
"2016-11-21 13:57:43ID: BB  Data: 00 00 00 AA 00 00 00 00 
"
"2016-11-21 13:57:43ID: BC  Data: 00 00 00 AA 00 00 00 00 
"
"2016-11-21 13:57:43ID: BB  Data: 00 00 00 AA 00 00 00 00 
"
"2016-11-21 13:57:43ID: BC  Data: 00 00 00 AA 00 00 00 00 
"
"2016-11-21 13:57:43ID: BB  Data: 00 00 00 AA 00 00 00 00 
"
"2016-11-21 13:57:43ID: BC  Data: 00 00 00 AA 00 00 00 00 
"
"2016-11-21 13:57:43ID: BB  Data: 00 00 00 AA 00 00 00 00 
"
"2016-11-21 13:57:43ID: BC  Data: 00 00 00 AA 00 00 00 00 
"
"2016-11-21 13:57:43ID: BB  Data: 00 00 00 AA 00 00 00 00 
"
"2016-11-21 13:57:43ID: BC  Data: 00 00 00 AA 00 00 00 00 
"
"2016-11-21 13:57:43ID: BB  Data: 00 00 00 AA 00 00 00 00 
"
"2016-11-21 13:57:43ID: BC  Data: 00 00 00 AA 00 00 00 00 
"
"2016-11-21 13:57:43ID: BB  Data: 00 00 00 AA 00 00 00 00 
"
"2016-11-21 13:57:43ID: BC  Data: 00 00 00 AA 00 00 00 00 
"
"2016-11-21 13:57:43ID: BB  Data: 00 00 00 AA 00 00 00 00 
"
"2016-11-21 13:57:43ID: BC  Data: 00 00 00 AA 00 00 00 00 
"
"2016-11-21 13:57:44ID: BB  Data: 00 00 00 AA 00 00 00 00 
"
"2016-11-21 13:57:44ID: BC  Data: 00 00 00 AA 00 00 00 00 
"
"2016-11-21 13:57:44ID: BB  Data: 00 00 00 AA 00 00 00 00 
"
"2016-11-21 13:57:44ID: BC  Data: 00 00 00 AA 00 00 00 00 
"
"2016-11-21 13:57:44ID: BB  Data: 00 00 00 AA 00 00 00 00 
"
"2016-11-21 13:57:44ID: BC  Data: 00 00 00 AA 00 00 00 00 
"
"2016-11-21 13:57:44ID: BB  Data: 00 00 00 AA 00 00 00 00 
"
"2016-11-21 13:57:44ID: BC  Data: 00 00 00 AA 00 00 00 00 
"
"2016-11-21 13:57:44ID: BB  Data: 00 00 00 AA 00 00 00 00 
"
"2016-11-21 13:57:44ID: BC  Data: 00 00 00 AA 00 00 00 00 
"
"2016-11-21 13:57:44ID: BB  Data: 00 00 00 AA 00 00 00 00 
"
"2016-11-21 13:57:44ID: BC  Data: 00 00 00 AA 00 00 00 00 
"
"2016-11-21 13:57:44ID: BB  Data: 00 00 00 AA 00 00 00 00 
"
"2016-11-21 13:57:44ID: BC  Data: 00 00 00 AA 00 00 00 00 
"
"2016-11-21 13:57:44ID: BB  Data: 00 00 00 AA 00 00 00 00 
"
"2016-11-21 13:57:44ID: BC  Data: 00 00 00 AA 00 00 00 00 
"
"2016-11-21 13:57:44ID: BB  Data: 00 00 00 AA 00 00 00 00 
"
"2016-11-21 13:57:44ID: BC  Data: 00 00 00 AA 00 00 00 00 
"
"2016-11-21 13:57:44ID: BB  Data: 00 00 00 AA 00 00 00 00 
"
"2016-11-21 13:57:44ID: BC  Data: 00 00 00 AA 00 00 00 00 
"
"2016-11-21 13:57:44ID: BB  Data: 00 00 00 AA 00 00 00 00 
"
"2016-11-21 13:57:44ID: BC  Data: 00 00 00 AA 00 00 00 00 
"
"2016-11-21 13:57:45ID: BB  Data: 00 00 00 AA 00 00 00 00 
"
"2016-11-21 13:57:45ID: BC  Data: 00 00 00 AA 00 00 00 00 
"
"2016-11-21 13:57:45ID: BB  Data: 00 00 00 AA 00 00 00 00 
"
"2016-11-21 13:57:45ID: BC  Data: 00 00 00 AA 00 00 00 00 
"
"2016-11-21 13:57:45ID: BB  Data: 00 00 00 AA 00 00 00 00 
"
"2016-11-21 13:57:45ID: BC  Data: 00 00 00 AA 00 00 00 00 
"
"2016-11-21 13:57:45ID: BB  Data: 00 00 00 AA 00 00 00 00 
"
"2016-11-21 13:57:45ID: BC  Data: 00 00 00 AA 00 00 00 00 
"
"2016-11-21 13:57:45ID: BB  Data: 00 00 00 AA 00 00 00 00 
"
"2016-11-21 13:57:45ID: BC  Data: 00 00 00 AA 00 00 00 00 
"
"2016-11-21 13:57:45ID: BB  Data: 00 00 00 AA 00 00 00 00 
"
"2016-11-21 13:57:45ID: BC  Data: 00 00 00 AA 00 00 00 00 
"
"2016-11-21 13:57:45ID: BB  Data: 00 00 00 AA 00 00 00 00 
"
"2016-11-21 13:57:45ID: BC  Data: 00 00 00 AA 00 00 00 00 
"
"2016-11-21 13:57:45ID: BB  Data: 00 00 00 AA 00 00 00 00 
"
"2016-11-21 13:57:45ID: BC  Data: 00 00 00 AA 00 00 00 00 
"
"2016-11-21 13:57:45ID: BB  Data: 00 00 00 AA 00 00 00 00 
"
"2016-11-21 13:57:45ID: BC  Data: 00 00 00 AA 00 00 00 00 
"
"2016-11-21 13:57:45ID: BB  Data: 00 00 00 AA 00 00 00 00 
"
"2016-11-21 13:57:45ID: BC  Data: 00 00 00 AA 00 00 00 00 
"
"2016-11-21 13:57:45ID: BB  Data: 00 00 00 AA 00 00 00 00 
"
"2016-11-21 13:57:45ID: BC  Data: 00 00 00 AA 00 00 00 00 
"
"2016-11-21 13:57:45ID: BB  Data: 00 00 00 AA 00 00 00 00 
"
"2016-11-21 13:57:45ID: BC  Data: 00 00 00 AA 00 00 00 00 
"
"2016-11-21 13:57:46ID: BB  Data: 00 00 00 AA 00 00 00 00 
"
"2016-11-21 13:57:46ID: BC  Data: 00 00 00 AA 00 00 00 00 
"
"2016-11-21 13:57:46ID: BB  Data: 00 00 00 AA 00 00 00 00 
"
"2016-11-21 13:57:46ID: BC  Data: 00 00 00 AA 00 00 00 00 
"
"2016-11-21 13:57:46ID: BB  Data: 00 00 00 AA 00 00 00 00 
"
"2016-11-21 13:57:46ID: BC  Data: 00 00 00 AA 00 00 00 00 
"
"2016-11-21 13:57:46ID: BB  Data: 00 00 00 AA 00 00 00 00 
"
"2016-11-21 13:57:46ID: BC  Data: 00 00 00 AA 00 00 00 00 
"
"2016-11-21 13:57:46ID: BB  Data: 00 00 00 AA 00 00 00 00 
"
"2016-11-21 13:57:46ID: BC  Data: 00 00 00 AA 00 00 00 00 
"
"2016-11-21 13:57:46ID: BB  Data: 00 00 00 AA 00 00 00 00 
"
"2016-11-21 13:57:46ID: BC  Data: 00 00 00 AA 00 00 00 00 
"
"2016-11-21 13:57:46ID: BB  Data: 00 00 00 AA 00 00 00 00 
"
"2016-11-21 13:57:46ID: BC  Data: 00 00 00 AA 00 00 00 00 
"
"2016-11-21 13:57:46ID: BB  Data: 00 00 00 AA 00 00 00 00 
"
"2016-11-21 13:57:46ID: BC  Data: 00 00 00 AA 00 00 00 00 
"
"2016-11-21 13:57:46ID: BB  Data: 00 00 00 AA 00 00 00 00 
"
"2016-11-21 13:57:46ID: BC  Data: 00 00 00 AA 00 00 00 00 
"
"2016-11-21 13:57:46ID: BB  Data: 00 00 00 AA 00 00 00 00 
"
"2016-11-21 13:57:46ID: BC  Data: 00 00 00 AA 00 00 00 00 
"
"2016-11-21 13:57:46ID: BB  Data: 00 00 00 AA 00 00 00 00 
"
"2016-11-21 13:57:46ID: BC  Data: 00 00 00 AA 00 00 00 00 
"
"2016-11-21 13:57:47ID: BB  Data: 00 00 00 AA 00 00 00 00 
"
"2016-11-21 13:57:47ID: BC  Data: 00 00 00 AA 00 00 00 00 
"
"2016-11-21 13:57:47ID: BB  Data: 00 00 00 AA 00 00 00 00 
"
"2016-11-21 13:57:47ID: BC  Data: 00 00 00 AA 00 00 00 00 
"
"2016-11-21 13:57:47ID: BB  Data: 00 00 00 AA 00 00 00 00 
"
"2016-11-21 13:57:47ID: BC  Data: 00 00 00 AA 00 00 00 00 
"
"2016-11-21 13:57:47ID: BB  Data: 00 00 00 AA 00 00 00 00 
"
"2016-11-21 13:57:47ID: BC  Data: 00 00 00 AA 00 00 00 00 
"
"2016-11-21 13:57:47ID: BB  Data: 00 00 00 AA 00 00 00 00 
"
"2016-11-21 13:57:47ID: BC  Data: 00 00 00 AA 00 00 00 00 
"
"2016-11-21 13:57:47ID: BB  Data: 00 00 00 AA 00 00 00 00 
"
"2016-11-21 13:57:47ID: BC  Data: 00 00 00 AA 00 00 00 00 
"
"2016-11-21 13:57:47ID: BB  Data: 00 00 00 AA 00 00 00 00 
"
"2016-11-21 13:57:47ID: BC  Data: 00 00 00 AA 00 00 00 00 
"
"2016-11-21 13:57:47ID: BB  Data: 00 00 00 AA 00 00 00 00 
"
"2016-11-21 13:57:47ID: BC  Data: 00 00 00 AA 00 00 00 00 
"
"2016-11-21 13:57:47ID: BB  Data: 00 00 00 AA 00 00 00 00 
"
"2016-11-21 13:57:47ID: BC  Data: 00 00 00 AA 00 00 00 00 
"
"2016-11-21 13:57:47ID: BB  Data: 00 00 00 AA 00 00 00 00 
"
"2016-11-21 13:57:47ID: BC  Data: 00 00 00 AA 00 00 00 00 
"
"2016-11-21 13:57:47ID: BB  Data: 00 00 00 AA 00 00 00 00 
"
"2016-11-21 13:57:47ID: BC  Data: 00 00 00 AA 00 00 00 00 
"
"2016-11-21 13:57:47ID: BB  Data: 00 00 00 AA 00 00 00 00 
"
"2016-11-21 13:57:48ID: BC  Data: 00 00 00 AA 00 00 00 00 
"
"2016-11-21 13:57:48ID: BB  Data: 00 00 00 AA 00 00 00 00 
"
"2016-11-21 13:57:48ID: BC  Data: 00 00 00 AA 00 00 00 00 
"
"2016-11-21 13:57:48ID: BB  Data: 00 00 00 AA 00 00 00 00 
"
"2016-11-21 13:57:48ID: BC  Data: 00 00 00 AA 00 00 00 00 
"
"2016-11-21 13:57:48ID: BB  Data: 00 00 00 AA 00 00 00 00 
"
"2016-11-21 13:57:48ID: BC  Data: 00 00 00 AA 00 00 00 00 
"
"2016-11-21 13:57:48ID: BB  Data: 00 00 00 AA 00 00 00 00 
"
"2016-11-21 13:57:48ID: BC  Data: 00 00 00 AA 00 00 00 00 
"
"2016-11-21 13:57:48ID: BB  Data: 00 00 00 AA 00 00 00 00 
"
"2016-11-21 13:57:48ID: BC  Data: 00 00 00 AA 00 00 00 00 
"
"2016-11-21 13:57:48ID: BB  Data: 00 00 00 AA 00 00 00 00 
"
"2016-11-21 13:57:48ID: BC  Data: 00 00 00 AA 00 00 00 00 
"
"2016-11-21 13:57:48ID: BB  Data: 00 00 00 AA 00 00 00 00 
"
"2016-11-21 13:57:48ID: BC  Data: 00 00 00 AA 00 00 00 00 
"
"2016-11-21 13:57:48ID: BB  Data: 00 00 00 AA 00 00 00 00 
"
"2016-11-21 13:57:48ID: BC  Data: 00 00 00 AA 00 00 00 00 
"
"2016-11-21 13:57:48ID: BB  Data: 00 00 00 AA 00 00 00 00 
"
"2016-11-21 13:57:48ID: BC  Data: 00 00 00 AA 00 00 00 00 
"
"2016-11-21 13:57:48ID: BB  Data: 00 00 00 AA 00 00 00 00 
"
"2016-11-21 13:57:48ID: BC  Data: 00 00 00 AA 00 00 00 00 
"
"2016-11-21 13:57:48ID: BB  Data: 00 00 00 AA 00 00 00 00 
"
"2016-11-21 13:57:48ID: BC  Data: 00 00 00 AA 00 00 00 00 
"
"2016-11-21 13:57:49ID: BB  Data: 00 00 00 AA 00 00 00 00 
"
"2016-11-21 13:57:49ID: BC  Data: 00 00 00 AA 00 00 00 00 
"
"2016-11-21 13:57:49ID: BB  Data: 00 00 00 AA 00 00 00 00 
"
"2016-11-21 13:57:49ID: BC  Data: 00 00 00 AA 00 00 00 00 
"
"2016-11-21 13:57:49ID: BB  Data: 00 00 00 AA 00 00 00 00 
"
"2016-11-21 13:57:49ID: BC  Data: 00 00 00 AA 00 00 00 00 
"
"2016-11-21 13:57:49ID: BB  Data: 00 00 00 AA 00 00 00 00 
"
"2016-11-21 13:57:49ID: BC  Data: 00 00 00 AA 00 00 00 00 
"
"2016-11-21 13:57:49ID: BB  Data: 00 00 00 AA 00 00 00 00 
"
"2016-11-21 13:57:49ID: BC  Data: 00 00 00 AA 00 00 00 00 
"
"2016-11-21 13:57:49ID: BB  Data: 00 00 00 AA 00 00 00 00 
"
"2016-11-21 13:57:49ID: BC  Data: 00 00 00 AA 00 00 00 00 
"
"2016-11-21 13:57:49ID: BB  Data: 00 00 00 AA 00 00 00 00 
"
"2016-11-21 13:57:49ID: BC  Data: 00 00 00 AA 00 00 00 00 
"
"2016-11-21 13:57:49ID: BB  Data: 00 00 00 AA 00 00 00 00 
"
"2016-11-21 13:57:49ID: BC  Data: 00 00 00 AA 00 00 00 00 
"
"2016-11-21 13:57:49ID: BB  Data: 00 00 00 AA 00 00 00 00 
"
"2016-11-21 13:57:49ID: BC  Data: 00 00 00 AA 00 00 00 00 
"
"2016-11-21 13:57:49ID: BB  Data: 00 00 00 AA 00 00 00 00 
"
"2016-11-21 13:57:49ID: BC  Data: 00 00 00 AA 00 00 00 00 
"
"2016-11-21 13:57:49ID: BB  Data: 00 00 00 AA 00 00 00 00 
"
"2016-11-21 13:57:49ID: BC  Data: 00 00 00 AA 00 00 00 00 
"
"2016-11-21 13:57:50ID: BB  Data: 00 00 00 AA 00 00 00 00 
"
"2016-11-21 13:57:50ID: BC  Data: 00 00 00 AA 00 00 00 00 
"
"2016-11-21 13:57:50ID: BB  Data: 00 00 00 AA 00 00 00 00 
"
"2016-11-21 13:57:50ID: BC  Data: 00 00 00 AA 00 00 00 00 
"
"2016-11-21 13:57:50ID: BB  Data: 00 00 00 AA 00 00 00 00 
"
"2016-11-21 13:57:50ID: BC  Data: 00 00 00 AA 00 00 00 00 
"
"2016-11-21 13:57:50ID: BB  Data: 00 00 00 AA 00 00 00 00 
"
"2016-11-21 13:57:50ID: BC  Data: 00 00 00 AA 00 00 00 00 
"
"2016-11-21 13:57:50ID: BB  Data: 00 00 00 AA 00 00 00 00 
"
"2016-11-21 13:57:50ID: BC  Data: 00 00 00 AA 00 00 00 00 
"
"2016-11-21 13:57:50ID: BB  Data: 00 00 00 AA 00 00 00 00 
"
"2016-11-21 13:57:50ID: BC  Data: 00 00 00 AA 00 00 00 00 
"
"2016-11-21 13:57:50ID: BB  Data: 00 00 00 AA 00 00 00 00 
"
"2016-11-21 13:57:50ID: BC  Data: 00 00 00 AA 00 00 00 00 
"
"2016-11-21 13:57:50ID: BB  Data: 00 00 00 AA 00 00 00 00 
"
"2016-11-21 13:57:50ID: BC  Data: 00 00 00 AA 00 00 00 00 
"
"2016-11-21 13:57:50ID: BB  Data: 00 00 00 AA 00 00 00 00 
"
"2016-11-21 13:57:50ID: BC  Data: 00 00 00 AA 00 00 00 00 
"
"2016-11-21 13:57:50ID: BB  Data: 00 00 00 AA 00 00 00 00 
"
"2016-11-21 13:57:50ID: BC  Data: 00 00 00 AA 00 00 00 00 
"
"2016-11-21 13:57:50ID: BB  Data: 00 00 00 AA 00 00 00 00 
"
"2016-11-21 13:57:50ID: BC  Data: 00 00 00 AA 00 00 00 00 
"
"2016-11-21 13:57:50ID: BB  Data: 00 00 00 AA 00 00 00 00 
"
"2016-11-21 13:57:50ID: BC  Data: 00 00 00 AA 00 00 00 00 
"
"2016-11-21 13:57:51ID: BB  Data: 00 00 00 AA 00 00 00 00 
"
"2016-11-21 13:57:51ID: BC  Data: 00 00 00 AA 00 00 00 00 
"
"2016-11-21 13:57:51ID: BB  Data: 00 00 00 AA 00 00 00 00 
"
"2016-11-21 13:57:51ID: BC  Data: 00 00 00 AA 00 00 00 00 
"
"2016-11-21 13:57:51ID: BB  Data: 00 00 00 AA 00 00 00 00 
"
"2016-11-21 13:57:51ID: BC  Data: 00 00 00 AA 00 00 00 00 
"
"2016-11-21 13:57:51ID: BB  Data: 00 00 00 AA 00 00 00 00 
"
"2016-11-21 13:57:51ID: BC  Data: 00 00 00 AA 00 00 00 00 
"
"2016-11-21 13:57:51ID: BB  Data: 00 00 00 AA 00 00 00 00 
"
"2016-11-21 13:57:51ID: BC  Data: 00 00 00 AA 00 00 00 00 
"
"2016-11-21 13:57:51ID: BB  Data: 00 00 00 AA 00 00 00 00 
"
"2016-11-21 13:57:51ID: BC  Data: 00 00 00 AA 00 00 00 00 
"
"2016-11-21 13:57:51ID: BB  Data: 00 00 00 AA 00 00 00 00 
"
"2016-11-21 13:57:51ID: BC  Data: 00 00 00 AA 00 00 00 00 
"
"2016-11-21 13:57:51ID: BB  Data: 00 00 00 AA 00 00 00 00 
"
"2016-11-21 13:57:51ID: BC  Data: 00 00 00 AA 00 00 00 00 
"
"2016-11-21 13:57:51ID: BB  Data: 00 00 00 AA 00 00 00 00 
"
"2016-11-21 13:57:51ID: BC  Data: 00 00 00 AA 00 00 00 00 
"
"2016-11-21 13:57:51ID: BB  Data: 00 00 00 AA 00 00 00 00 
"
"2016-11-21 13:57:51ID: BC  Data: 00 00 00 AA 00 00 00 00 
"
"2016-11-21 13:57:51ID: BB  Data: 00 00 00 AA 00 00 00 00 
"
"2016-11-21 13:57:51ID: BC  Data: 00 00 00 AA 00 00 00 00 
"
"2016-11-21 13:57:52ID: BB  Data: 00 00 00 AA 00 00 00 00 
"
"2016-11-21 13:57:52ID: BC  Data: 00 00 00 AA 00 00 00 00 
"
"2016-11-21 13:57:52ID: BB  Data: 00 00 00 AA 00 00 00 00 
"
"2016-11-21 13:57:52ID: BC  Data: 00 00 00 AA 00 00 00 00 
"
"2016-11-21 13:57:52ID: BB  Data: 00 00 00 AA 00 00 00 00 
"
"2016-11-21 13:57:52ID: BC  Data: 00 00 00 AA 00 00 00 00 
"
"2016-11-21 13:57:52ID: BB  Data: 00 00 00 AA 00 00 00 00 
"
"2016-11-21 13:57:52ID: BC  Data: 00 00 00 AA 00 00 00 00 
"
"2016-11-21 13:57:52ID: BB  Data: 00 00 00 AA 00 00 00 00 
"
"2016-11-21 13:57:52ID: BC  Data: 00 00 00 AA 00 00 00 00 
"
"2016-11-21 13:57:52ID: BB  Data: 00 00 00 AA 00 00 00 00 
"
"2016-11-21 13:57:52ID: BC  Data: 00 00 00 AA 00 00 00 00 
"
"2016-11-21 13:57:52ID: BB  Data: 00 00 00 AA 00 00 00 00 
"
"2016-11-21 13:57:52ID: BC  Data: 00 00 00 AA 00 00 00 00 
"
"2016-11-21 13:57:52ID: BB  Data: 00 00 00 AA 00 00 00 00 
"
"2016-11-21 13:57:52ID: BC  Data: 00 00 00 AA 00 00 00 00 
"
"2016-11-21 13:57:52ID: BB  Data: 00 00 00 AA 00 00 00 00 
"
"2016-11-21 13:57:52ID: BC  Data: 00 00 00 AA 00 00 00 00 
"
"2016-11-21 13:57:52ID: BB  Data: 00 00 00 AA 00 00 00 00 
"
"2016-11-21 13:57:52ID: BC  Data: 00 00 00 AA 00 00 00 00 
"
"2016-11-21 13:57:52ID: BB  Data: 00 00 00 AA 00 00 00 00 
"
"2016-11-21 13:57:52ID: BC  Data: 00 00 00 AA 00 00 00 00 
"
"2016-11-21 13:57:53ID: BB  Data: 00 00 00 AA 00 00 00 00 
"
"2016-11-21 13:57:53ID: BC  Data: 00 00 00 AA 00 00 00 00 
"
"2016-11-21 13:57:53ID: BB  Data: 00 00 00 AA 00 00 00 00 
"
"2016-11-21 13:57:53ID: BC  Data: 00 00 00 AA 00 00 00 00 
"
"2016-11-21 13:57:53ID: BB  Data: 00 00 00 AA 00 00 00 00 
"
"2016-11-21 13:57:53ID: BC  Data: 00 00 00 AA 00 00 00 00 
"
"2016-11-21 13:57:53ID: BB  Data: 00 00 00 AA 00 00 00 00 
"
"2016-11-21 13:57:53ID: BC  Data: 00 00 00 AA 00 00 00 00 
"
"2016-11-21 13:57:53ID: BB  Data: 00 00 00 AA 00 00 00 00 
"
"2016-11-21 13:57:53ID: BC  Data: 00 00 00 AA 00 00 00 00 
"
"2016-11-21 13:57:53ID: BB  Data: 00 00 00 AA 00 00 00 00 
"
"2016-11-21 13:57:53ID: BC  Data: 00 00 00 AA 00 00 00 00 
"
"2016-11-21 13:57:53ID: BB  Data: 00 00 00 AA 00 00 00 00 
"
"2016-11-21 13:57:53ID: BC  Data: 00 00 00 AA 00 00 00 00 
"
"2016-11-21 13:57:53ID: BB  Data: 00 00 00 AA 00 00 00 00 
"
"2016-11-21 13:57:53ID: BC  Data: 00 00 00 AA 00 00 00 00 
"
"2016-11-21 13:57:53ID: BB  Data: 00 00 00 AA 00 00 00 00 
"
"2016-11-21 13:57:53ID: BC  Data: 00 00 00 AA 00 00 00 00 
"
"2016-11-21 13:57:53ID: BB  Data: 00 00 00 AA 00 00 00 00 
"
"2016-11-21 13:57:53ID: BC  Data: 00 00 00 AA 00 00 00 00 
"
"2016-11-21 13:57:53ID: BB  Data: 00 00 00 AA 00 00 00 00 
"
"2016-11-21 13:57:53ID: BC  Data: 00 00 00 AA 00 00 00 00 
"
"2016-11-21 13:57:53ID: BB  Data: 00 00 00 AA 00 00 00 00 
"
"2016-11-21 13:57:53ID: BC  Data: 00 00 00 AA 00 00 00 00 
"
"2016-11-21 13:57:54ID: BB  Data: 00 00 00 AA 00 00 00 00 
"
"2016-11-21 13:57:54ID: BC  Data: 00 00 00 AA 00 00 00 00 
"
"2016-11-21 13:57:54ID: BB  Data: 00 00 00 AA 00 00 00 00 
"
"2016-11-21 13:57:54ID: BC  Data: 00 00 00 AA 00 00 00 00 
"
"2016-11-21 13:57:54ID: BB  Data: 00 00 00 AA 00 00 00 00 
"
"2016-11-21 13:57:54ID: BC  Data: 00 00 00 AA 00 00 00 00 
"
"2016-11-21 13:57:54ID: BB  Data: 00 00 00 AA 00 00 00 00 
"
"2016-11-21 13:57:54ID: BC  Data: 00 00 00 AA 00 00 00 00 
"
"2016-11-21 13:57:54ID: BB  Data: 00 00 00 AA 00 00 00 00 
"
"2016-11-21 13:57:54ID: BC  Data: 00 00 00 AA 00 00 00 00 
"
"2016-11-21 13:57:54ID: BB  Data: 00 00 00 AA 00 00 00 00 
"
"2016-11-21 13:57:54ID: BC  Data: 00 00 00 AA 00 00 00 00 
"
"2016-11-21 13:57:54ID: BB  Data: 00 00 00 AA 00 00 00 00 
"
"2016-11-21 13:57:54ID: BC  Data: 00 00 00 AA 00 00 00 00 
"
"2016-11-21 13:57:54ID: BB  Data: 00 00 00 AA 00 00 00 00 
"
"2016-11-21 13:57:54ID: BC  Data: 00 00 00 AA 00 00 00 00 
"
"2016-11-21 13:57:54ID: BB  Data: 00 00 00 AA 00 00 00 00 
"
"2016-11-21 13:57:54ID: BC  Data: 00 00 00 AA 00 00 00 00 
"
"2016-11-21 13:57:54ID: BB  Data: 00 00 00 AA 00 00 00 00 
"
"2016-11-21 13:57:54ID: BC  Data: 00 00 00 AA 00 00 00 00 
"
"2016-11-21 13:57:54ID: BB  Data: 00 00 00 AA 00 00 00 00 
"
"2016-11-21 13:57:54ID: BC  Data: 00 00 00 AA 00 00 00 00 
"
"2016-11-21 13:57:55ID: BB  Data: 00 00 00 AA 00 00 00 00 
"
"2016-11-21 13:57:55ID: BC  Data: 00 00 00 AA 00 00 00 00 
"
"2016-11-21 13:57:55ID: BB  Data: 00 00 00 AA 00 00 00 00 
"
"2016-11-21 13:57:55ID: BC  Data: 00 00 00 AA 00 00 00 00 
"
"2016-11-21 13:57:55ID: BB  Data: 00 00 00 AA 00 00 00 00 
"
"2016-11-21 13:57:55ID: BC  Data: 00 00 00 AA 00 00 00 00 
"
"2016-11-21 13:57:55ID: BB  Data: 00 00 00 AA 00 00 00 00 
"
"2016-11-21 13:57:55ID: BC  Data: 00 00 00 AA 00 00 00 00 
"
"2016-11-21 13:57:55ID: BB  Data: 00 00 00 AA 00 00 00 00 
"
"2016-11-21 13:57:55ID: BC  Data: 00 00 00 AA 00 00 00 00 
"
"2016-11-21 13:57:55ID: BB  Data: 00 00 00 AA 00 00 00 00 
"
"2016-11-21 13:57:55ID: BC  Data: 00 00 00 AA 00 00 00 00 
"
"2016-11-21 13:57:55ID: BB  Data: 00 00 00 AA 00 00 00 00 
"
"2016-11-21 13:57:55ID: BC  Data: 00 00 00 AA 00 00 00 00 
"
"2016-11-21 13:57:55ID: BB  Data: 00 00 00 AA 00 00 00 00 
"
"2016-11-21 13:57:55ID: BC  Data: 00 00 00 AA 00 00 00 00 
"
"2016-11-21 13:57:55ID: BB  Data: 00 00 00 AA 00 00 00 00 
"
"2016-11-21 13:57:55ID: BC  Data: 00 00 00 AA 00 00 00 00 
"
"2016-11-21 13:57:55ID: BB  Data: 00 00 00 AA 00 00 00 00 
"
"2016-11-21 13:57:55ID: BC  Data: 00 00 00 AA 00 00 00 00 
"
"2016-11-21 13:57:55ID: BB  Data: 00 00 00 AA 00 00 00 00 
"
"2016-11-21 13:57:55ID: BC  Data: 00 00 00 AA 00 00 00 00 
"
"2016-11-21 13:57:56ID: BB  Data: 00 00 00 AA 00 00 00 00 
"
"2016-11-21 13:57:56ID: BC  Data: 00 00 00 AA 00 00 00 00 
"
"2016-11-21 13:57:56ID: BB  Data: 00 00 00 AA 00 00 00 00 
"
"2016-11-21 13:57:56ID: BC  Data: 00 00 00 AA 00 00 00 00 
"
"2016-11-21 13:57:56ID: BB  Data: 00 00 00 AA 00 00 00 00 
"
"2016-11-21 13:57:56ID: BC  Data: 00 00 00 AA 00 00 00 00 
"
"2016-11-21 13:57:56ID: BB  Data: 00 00 00 AA 00 00 00 00 
"
"2016-11-21 13:57:56ID: BC  Data: 00 00 00 AA 00 00 00 00 
"
"2016-11-21 13:57:56ID: BB  Data: 00 00 00 AA 00 00 00 00 
"
"2016-11-21 13:57:56ID: BC  Data: 00 00 00 AA 00 00 00 00 
"
"2016-11-21 13:57:56ID: BB  Data: 00 00 00 AA 00 00 00 00 
"
"2016-11-21 13:57:56ID: BC  Data: 00 00 00 AA 00 00 00 00 
"
"2016-11-21 13:57:56ID: BB  Data: 00 00 00 AA 00 00 00 00 
"
"2016-11-21 13:57:56ID: BC  Data: 00 00 00 AA 00 00 00 00 
"
"2016-11-21 13:57:56ID: BB  Data: 00 00 00 AA 00 00 00 00 
"
"2016-11-21 13:57:56ID: BC  Data: 00 00 00 AA 00 00 00 00 
"
"2016-11-21 13:57:56ID: BB  Data: 00 00 00 AA 00 00 00 00 
"
"2016-11-21 13:57:56ID: BC  Data: 00 00 00 AA 00 00 00 00 
"
"2016-11-21 13:57:56ID: BB  Data: 00 00 00 AA 00 00 00 00 
"
"2016-11-21 13:57:56ID: BC  Data: 00 00 00 AA 00 00 00 00 
"
"2016-11-21 13:57:56ID: BB  Data: 00 00 00 AA 00 00 00 00 
"
"2016-11-21 13:57:56ID: BC  Data: 00 00 00 AA 00 00 00 00 
"
"2016-11-21 13:57:56ID: BB  Data: 00 00 00 AA 00 00 00 00 
"
"2016-11-21 13:57:56ID: BC  Data: 00 00 00 AA 00 00 00 00 
"
"2016-11-21 13:57:57ID: BB  Data: 00 00 00 AA 00 00 00 00 
"
"2016-11-21 13:57:57ID: BC  Data: 00 00 00 AA 00 00 00 00 
"
"2016-11-21 13:57:57ID: BB  Data: 00 00 00 AA 00 00 00 00 
"
"2016-11-21 13:57:57ID: BC  Data: 00 00 00 AA 00 00 00 00 
"
"2016-11-21 13:57:57ID: BB  Data: 00 00 00 AA 00 00 00 00 
"
"2016-11-21 13:57:57ID: BC  Data: 00 00 00 AA 00 00 00 00 
"
"2016-11-21 13:57:57ID: BB  Data: 00 00 00 AA 00 00 00 00 
"
"2016-11-21 13:57:57ID: BC  Data: 00 00 00 AA 00 00 00 00 
"
"2016-11-21 13:57:57ID: BB  Data: 00 00 00 AA 00 00 00 00 
"
"2016-11-21 13:57:57ID: BC  Data: 00 00 00 AA 00 00 00 00 
"
"2016-11-21 13:57:57ID: BB  Data: 00 00 00 AA 00 00 00 00 
"
"2016-11-21 13:57:57ID: BC  Data: 00 00 00 AA 00 00 00 00 
"
"2016-11-21 13:57:57ID: BB  Data: 00 00 00 AA 00 00 00 00 
"
"2016-11-21 13:57:57ID: BC  Data: 00 00 00 AA 00 00 00 00 
"
"2016-11-21 13:57:57ID: BB  Data: 00 00 00 AA 00 00 00 00 
"
"2016-11-21 13:57:57ID: BC  Data: 00 00 00 AA 00 00 00 00 
"
"2016-11-21 13:57:57ID: BB  Data: 00 00 00 AA 00 00 00 00 
"
"2016-11-21 13:57:57ID: BC  Data: 00 00 00 AA 00 00 00 00 
"
"2016-11-21 13:57:57ID: BB  Data: 00 00 00 AA 00 00 00 00 
"
"2016-11-21 13:57:57ID: BC  Data: 00 00 00 AA 00 00 00 00 
"
"2016-11-21 13:57:57ID: BB  Data: 00 00 00 AA 00 00 00 00 
"
"2016-11-21 13:57:57ID: BC  Data: 00 00 00 AA 00 00 00 00 
"
"2016-11-21 13:57:58ID: BB  Data: 00 00 00 AA 00 00 00 00 
"
"2016-11-21 13:57:58ID: BC  Data: 00 00 00 AA 00 00 00 00 
"
"2016-11-21 13:57:58ID: BB  Data: 00 00 00 AA 00 00 00 00 
"
"2016-11-21 13:57:58ID: BC  Data: 00 00 00 AA 00 00 00 00 
"
"2016-11-21 13:57:58ID: BB  Data: 00 00 00 AA 00 00 00 00 
"
"2016-11-21 13:57:58ID: BC  Data: 00 00 00 AA 00 00 00 00 
"
"2016-11-21 13:57:58ID: BB  Data: 00 00 00 AA 00 00 00 00 
"
"2016-11-21 13:57:58ID: BC  Data: 00 00 00 AA 00 00 00 00 
"
"2016-11-21 13:57:58ID: BB  Data: 00 00 00 AA 00 00 00 00 
"
"2016-11-21 13:57:58ID: BC  Data: 00 00 00 AA 00 00 00 00 
"
"2016-11-21 13:57:58ID: BB  Data: 00 00 00 AA 00 00 00 00 
"
"2016-11-21 13:57:58ID: BC  Data: 00 00 00 AA 00 00 00 00 
"
"2016-11-21 13:57:58ID: BB  Data: 00 00 00 AA 00 00 00 00 
"
"2016-11-21 13:57:58ID: BC  Data: 00 00 00 AA 00 00 00 00 
"
"2016-11-21 13:57:58ID: BB  Data: 00 00 00 AA 00 00 00 00 
"
"2016-11-21 13:57:58ID: BB  Data: 00 00 00 AA 00 00 00 00 
"
"2016-11-21 13:57:58ID: BC  Data: 00 00 00 AA 00 00 00 00 
"
"2016-11-21 13:57:58ID: BB  Data: 00 00 00 AA 00 00 00 00 
"
"2016-11-21 13:57:58ID: BC  Data: 00 00 00 AA 00 00 00 00 
"
"2016-11-21 13:57:58ID: BB  Data: 00 00 00 AA 00 00 00 00 
"
"2016-11-21 13:57:58ID: BC  Data: 00 00 00 AA 00 00 00 00 
"
"2016-11-21 13:57:58ID: BB  Data: 00 00 00 AA 00 00 00 00 
"
"2016-11-21 13:57:59ID: BC  Data: 00 00 00 AA 00 00 00 00 
"
"2016-11-21 13:57:59ID: BB  Data: 00 00 00 AA 00 00 00 00 
"
"2016-11-21 13:57:59ID: BC  Data: 00 00 00 AA 00 00 00 00 
"
"2016-11-21 13:57:59ID: BB  Data: 00 00 00 AA 00 00 00 00 
"
"2016-11-21 13:57:59ID: BC  Data: 00 00 00 AA 00 00 00 00 
"
"2016-11-21 13:57:59ID: BB  Data: 00 00 00 AA 00 00 00 00 
"
"2016-11-21 13:57:59ID: BC  Data: 00 00 00 AA 00 00 00 00 
"
"2016-11-21 13:57:59ID: BB  Data: 00 00 00 AA 00 00 00 00 
"
"2016-11-21 13:57:59ID: BC  Data: 00 00 00 AA 00 00 00 00 
"
"2016-11-21 13:57:59ID: BB  Data: 00 00 00 AA 00 00 00 00 
"
"2016-11-21 13:57:59ID: BC  Data: 00 00 00 AA 00 00 00 00 
"
"2016-11-21 13:57:59ID: BB  Data: 00 00 00 AA 00 00 00 00 
"
"2016-11-21 13:57:59ID: BC  Data: 00 00 00 AA 00 00 00 00 
"
"2016-11-21 13:57:59ID: BB  Data: 00 00 00 AA 00 00 00 00 
"
"2016-11-21 13:57:59ID: BC  Data: 00 00 00 AA 00 00 00 00 
"
"2016-11-21 13:57:59ID: BB  Data: 00 00 00 AA 00 00 00 00 
"
"2016-11-21 13:57:59ID: BC  Data: 00 00 00 AA 00 00 00 00 
"
"2016-11-21 13:57:59ID: BB  Data: 00 00 00 AA 00 00 00 00 
"
"2016-11-21 13:57:59ID: BC  Data: 00 00 00 AA 00 00 00 00 
"
"2016-11-21 13:57:59ID: BB  Data: 00 00 00 AA 00 00 00 00 
"
"2016-11-21 13:57:59ID: BC  Data: 00 00 00 AA 00 00 00 00 
"
"2016-11-21 13:57:59ID: BB  Data: 00 00 00 AA 00 00 00 00 
"
"2016-11-21 13:57:59ID: BC  Data: 00 00 00 AA 00 00 00 00 
"
"2016-11-21 13:58:00ID: BB  Data: 00 00 00 AA 00 00 00 00 
"
"2016-11-21 13:58:00ID: BC  Data: 00 00 00 AA 00 00 00 00 
"
"2016-11-21 13:58:00ID: BB  Data: 00 00 00 AA 00 00 00 00 
"
"2016-11-21 13:58:00ID: BC  Data: 00 00 00 AA 00 00 00 00 
"
"2016-11-21 13:58:00ID: BB  Data: 00 00 00 AA 00 00 00 00 
"
"2016-11-21 13:58:00ID: BC  Data: 00 00 00 AA 00 00 00 00 
"
"2016-11-21 13:58:00ID: BB  Data: 00 00 00 AA 00 00 00 00 
"
"2016-11-21 13:58:00ID: BC  Data: 00 00 00 AA 00 00 00 00 
"
"2016-11-21 13:58:00ID: BB  Data: 00 00 00 AA 00 00 00 00 
"
"2016-11-21 13:58:00ID: BC  Data: 00 00 00 AA 00 00 00 00 
"
"2016-11-21 13:58:00ID: BB  Data: 00 00 00 AA 00 00 00 00 
"
"2016-11-21 13:58:00ID: BC  Data: 00 00 00 AA 00 00 00 00 
"
"2016-11-21 13:58:00ID: BB  Data: 00 00 00 AA 00 00 00 00 
"
"2016-11-21 13:58:00ID: BC  Data: 00 00 00 AA 00 00 00 00 
"
"2016-11-21 13:58:00ID: BB  Data: 00 00 00 AA 00 00 00 00 
"
"2016-11-21 13:58:00ID: BC  Data: 00 00 00 AA 00 00 00 00 
"
"2016-11-21 13:58:00ID: BB  Data: 00 00 00 AA 00 00 00 00 
"
"2016-11-21 13:58:00ID: BC  Data: 00 00 00 AA 00 00 00 00 
"
"2016-11-21 13:58:00ID: BB  Data: 00 00 00 AA 00 00 00 00 
"
"2016-11-21 13:58:00ID: BC  Data: 00 00 00 AA 00 00 00 00 
"
"2016-11-21 13:58:00ID: BB  Data: 00 00 00 AA 00 00 00 00 
"
"2016-11-21 13:58:00ID: BC  Data: 00 00 00 AA 00 00 00 00 
"
"2016-11-21 13:58:01ID: BB  Data: 00 00 00 AA 00 00 00 00 
"
"2016-11-21 13:58:01ID: BC  Data: 00 00 00 AA 00 00 00 00 
"
"2016-11-21 13:58:01ID: BB  Data: 00 00 00 AA 00 00 00 00 
"
"2016-11-21 13:58:01ID: BC  Data: 00 00 00 AA 00 00 00 00 
"
"2016-11-21 13:58:01ID: BB  Data: 00 00 00 AA 00 00 00 00 
"
"2016-11-21 13:58:01ID: BC  Data: 00 00 00 AA 00 00 00 00 
"
"2016-11-21 13:58:01ID: BB  Data: 00 00 00 AA 00 00 00 00 
"
"2016-11-21 13:58:01ID: BC  Data: 00 00 00 AA 00 00 00 00 
"
"2016-11-21 13:58:01ID: BB  Data: 00 00 00 AA 00 00 00 00 
"
"2016-11-21 13:58:01ID: BC  Data: 00 00 00 AA 00 00 00 00 
"
"2016-11-21 13:58:01ID: BB  Data: 00 00 00 AA 00 00 00 00 
"
"2016-11-21 13:58:01ID: BC  Data: 00 00 00 AA 00 00 00 00 
"
"2016-11-21 13:58:01ID: BB  Data: 00 00 00 AA 00 00 00 00 
"
"2016-11-21 13:58:01ID: BC  Data: 00 00 00 AA 00 00 00 00 
"
"2016-11-21 13:58:01ID: BB  Data: 00 00 00 AA 00 00 00 00 
"
"2016-11-21 13:58:01ID: BC  Data: 00 00 00 AA 00 00 00 00 
"
"2016-11-21 13:58:01ID: BB  Data: 00 00 00 AA 00 00 00 00 
"
"2016-11-21 13:58:01ID: BC  Data: 00 00 00 AA 00 00 00 00 
"
"2016-11-21 13:58:01ID: BB  Data: 00 00 00 AA 00 00 00 00 
"
"2016-11-21 13:58:01ID: BC  Data: 00 00 00 AA 00 00 00 00 
"
"2016-11-21 13:58:01ID: BB  Data: 00 00 00 AA 00 00 00 00 
"
"2016-11-21 13:58:01ID: BC  Data: 00 00 00 AA 00 00 00 00 
"
"2016-11-21 13:58:01ID: BB  Data: 00 00 00 AA 00 00 00 00 
"
"2016-11-21 13:58:02ID: BC  Data: 00 00 00 AA 00 00 00 00 
"
"2016-11-21 13:58:02ID: BB  Data: 00 00 00 AA 00 00 00 00 
"
"2016-11-21 13:58:02ID: BC  Data: 00 00 00 AA 00 00 00 00 
"
"2016-11-21 13:58:02ID: BB  Data: 00 00 00 AA 00 00 00 00 
"
"2016-11-21 13:58:02ID: BC  Data: 00 00 00 AA 00 00 00 00 
"
"2016-11-21 13:58:02ID: BB  Data: 00 00 00 AA 00 00 00 00 
"
"2016-11-21 13:58:02ID: BC  Data: 00 00 00 AA 00 00 00 00 
"
"2016-11-21 13:58:02ID: BB  Data: 00 00 00 AA 00 00 00 00 
"
"2016-11-21 13:58:02ID: BC  Data: 00 00 00 AA 00 00 00 00 
"
"2016-11-21 13:58:02ID: BB  Data: 00 00 00 AA 00 00 00 00 
"
"2016-11-21 13:58:02ID: BC  Data: 00 00 00 AA 00 00 00 00 
"
"2016-11-21 13:58:02ID: BB  Data: 00 00 00 AA 00 00 00 00 
"
"2016-11-21 13:58:02ID: BC  Data: 00 00 00 AA 00 00 00 00 
"
"2016-11-21 13:58:02ID: BB  Data: 00 00 00 AA 00 00 00 00 
"
"2016-11-21 13:58:02ID: BC  Data: 00 00 00 AA 00 00 00 00 
"
"2016-11-21 13:58:02ID: BB  Data: 00 00 00 AA 00 00 00 00 
"
"2016-11-21 13:58:02ID: BC  Data: 00 00 00 AA 00 00 00 00 
"
"2016-11-21 13:58:02ID: BB  Data: 00 00 00 AA 00 00 00 00 
"
"2016-11-21 13:58:02ID: BC  Data: 00 00 00 AA 00 00 00 00 
"
"2016-11-21 13:58:02ID: BB  Data: 00 00 00 AA 00 00 00 00 
"
"2016-11-21 13:58:02ID: BC  Data: 00 00 00 AA 00 00 00 00 
"
"2016-11-21 13:58:02ID: BB  Data: 00 00 00 AA 00 00 00 00 
"
"2016-11-21 13:58:02ID: BC  Data: 00 00 00 AA 00 00 00 00 
"
"2016-11-21 13:58:03ID: BB  Data: 00 00 00 AA 00 00 00 00 
"
"2016-11-21 13:58:03ID: BC  Data: 00 00 00 AA 00 00 00 00 
"
"2016-11-21 13:58:03ID: BB  Data: 00 00 00 AA 00 00 00 00 
"
"2016-11-21 13:58:03ID: BC  Data: 00 00 00 AA 00 00 00 00 
"
"2016-11-21 13:58:03ID: BB  Data: 00 00 00 AA 00 00 00 00 
"
"2016-11-21 13:58:03ID: BC  Data: 00 00 00 AA 00 00 00 00 
"
"2016-11-21 13:58:03ID: BB  Data: 00 00 00 AA 00 00 00 00 
"
"2016-11-21 13:58:03ID: BC  Data: 00 00 00 AA 00 00 00 00 
"
"2016-11-21 13:58:03ID: BB  Data: 00 00 00 AA 00 00 00 00 
"
"2016-11-21 13:58:03ID: BC  Data: 00 00 00 AA 00 00 00 00 
"
"2016-11-21 13:58:03ID: BB  Data: 00 00 00 AA 00 00 00 00 
"
"2016-11-21 13:58:03ID: BC  Data: 00 00 00 AA 00 00 00 00 
"
"2016-11-21 13:58:03ID: BB  Data: 00 00 00 AA 00 00 00 00 
"
"2016-11-21 13:58:03ID: BC  Data: 00 00 00 AA 00 00 00 00 
"
"2016-11-21 13:58:03ID: BB  Data: 00 00 00 AA 00 00 00 00 
"
"2016-11-21 13:58:03ID: BC  Data: 00 00 00 AA 00 00 00 00 
"
"2016-11-21 13:58:03ID: BB  Data: 00 00 00 AA 00 00 00 00 
"
"2016-11-21 13:58:03ID: BC  Data: 00 00 00 AA 00 00 00 00 
"
"2016-11-21 13:58:03ID: BB  Data: 00 00 00 AA 00 00 00 00 
"
"2016-11-21 13:58:03ID: BC  Data: 00 00 00 AA 00 00 00 00 
"
"2016-11-21 13:58:03ID: BB  Data: 00 00 00 AA 00 00 00 00 
"
"2016-11-21 13:58:03ID: BC  Data: 00 00 00 AA 00 00 00 00 
"
"2016-11-21 13:58:04ID: BB  Data: 00 00 00 AA 00 00 00 00 
"
"2016-11-21 13:58:04ID: BC  Data: 00 00 00 AA 00 00 00 00 
"
"2016-11-21 13:58:04ID: BB  Data: 00 00 00 AA 00 00 00 00 
"
"2016-11-21 13:58:04ID: BC  Data: 00 00 00 AA 00 00 00 00 
"
"2016-11-21 13:58:04ID: BB  Data: 00 00 00 AA 00 00 00 00 
"
"2016-11-21 13:58:04ID: BC  Data: 00 00 00 AA 00 00 00 00 
"
"2016-11-21 13:58:04ID: BB  Data: 00 00 00 AA 00 00 00 00 
"
"2016-11-21 13:58:04ID: BC  Data: 00 00 00 AA 00 00 00 00 
"
"2016-11-21 13:58:04ID: BB  Data: 00 00 00 AA 00 00 00 00 
"
"2016-11-21 13:58:04ID: BC  Data: 00 00 00 AA 00 00 00 00 
"
"2016-11-21 13:58:04ID: BB  Data: 00 00 00 AA 00 00 00 00 
"
"2016-11-21 13:58:04ID: BC  Data: 00 00 00 AA 00 00 00 00 
"
"2016-11-21 13:58:04ID: BB  Data: 00 00 00 AA 00 00 00 00 
"
"2016-11-21 13:58:04ID: BC  Data: 00 00 00 AA 00 00 00 00 
"
"2016-11-21 13:58:04ID: BB  Data: 00 00 00 AA 00 00 00 00 
"
"2016-11-21 13:58:04ID: BC  Data: 00 00 00 AA 00 00 00 00 
"
"2016-11-21 13:58:04ID: BB  Data: 00 00 00 AA 00 00 00 00 
"
"2016-11-21 13:58:04ID: BC  Data: 00 00 00 AA 00 00 00 00 
"
"2016-11-21 13:58:04ID: BB  Data: 00 00 00 AA 00 00 00 00 
"
"2016-11-21 13:58:04ID: BC  Data: 00 00 00 AA 00 00 00 00 
"
"2016-11-21 13:58:04ID: BB  Data: 00 00 00 AA 00 00 00 00 
"
"2016-11-21 13:58:04ID: BC  Data: 00 00 00 AA 00 00 00 00 
"
"2016-11-21 13:58:04ID: BB  Data: 00 00 00 AA 00 00 00 00 
"
"2016-11-21 13:58:04ID: BC  Data: 00 00 00 AA 00 00 00 00 
"
"2016-11-21 13:58:05ID: BB  Data: 00 00 00 AA 00 00 00 00 
"
"2016-11-21 13:58:05ID: BC  Data: 00 00 00 AA 00 00 00 00 
"
"2016-11-21 13:58:05ID: BB  Data: 00 00 00 AA 00 00 00 00 
"
"2016-11-21 13:58:05ID: BC  Data: 00 00 00 AA 00 00 00 00 
"
"2016-11-21 13:58:05ID: BB  Data: 00 00 00 AA 00 00 00 00 
"
"2016-11-21 13:58:05ID: BC  Data: 00 00 00 AA 00 00 00 00 
"
"2016-11-21 13:58:05ID: BB  Data: 00 00 00 AA 00 00 00 00 
"
"2016-11-21 13:58:05ID: BC  Data: 00 00 00 AA 00 00 00 00 
"
"2016-11-21 13:58:05ID: BB  Data: 00 00 00 AA 00 00 00 00 
"
"2016-11-21 13:58:05ID: BC  Data: 00 00 00 AA 00 00 00 00 
"
"2016-11-21 13:58:05ID: BB  Data: 00 00 00 AA 00 00 00 00 
"
"2016-11-21 13:58:05ID: BC  Data: 00 00 00 AA 00 00 00 00 
"
"2016-11-21 13:58:05ID: BB  Data: 00 00 00 AA 00 00 00 00 
"
"2016-11-21 13:58:05ID: BC  Data: 00 00 00 AA 00 00 00 00 
"
"2016-11-21 13:58:05ID: BB  Data: 00 00 00 AA 00 00 00 00 
"
"2016-11-21 13:58:05ID: BC  Data: 00 00 00 AA 00 00 00 00 
"
"2016-11-21 13:58:05ID: BB  Data: 00 00 00 AA 00 00 00 00 
"
"2016-11-21 13:58:05ID: BC  Data: 00 00 00 AA 00 00 00 00 
"
"2016-11-21 13:58:05ID: BB  Data: 00 00 00 AA 00 00 00 00 
"
"2016-11-21 13:58:05ID: BC  Data: 00 00 00 AA 00 00 00 00 
"
"2016-11-21 13:58:05ID: BB  Data: 00 00 00 AA 00 00 00 00 
"
"2016-11-21 13:58:05ID: BC  Data: 00 00 00 AA 00 00 00 00 
"
"2016-11-21 13:58:06ID: BB  Data: 00 00 00 AA 00 00 00 00 
"
"2016-11-21 13:58:06ID: BC  Data: 00 00 00 AA 00 00 00 00 
"
"2016-11-21 13:58:06ID: BB  Data: 00 00 00 AA 00 00 00 00 
"
"2016-11-21 13:58:06ID: BC  Data: 00 00 00 AA 00 00 00 00 
"
"2016-11-21 13:58:06ID: BB  Data: 00 00 00 AA 00 00 00 00 
"
"2016-11-21 13:58:06ID: BC  Data: 00 00 00 AA 00 00 00 00 
"
"2016-11-21 13:58:06ID: BB  Data: 00 00 00 AA 00 00 00 00 
"
"2016-11-21 13:58:06ID: BC  Data: 00 00 00 AA 00 00 00 00 
"
"2016-11-21 13:58:06ID: BB  Data: 00 00 00 AA 00 00 00 00 
"
"2016-11-21 13:58:06ID: BC  Data: 00 00 00 AA 00 00 00 00 
"
"2016-11-21 13:58:06ID: BB  Data: 00 00 00 AA 00 00 00 00 
"
"2016-11-21 13:58:06ID: BC  Data: 00 00 00 AA 00 00 00 00 
"
"2016-11-21 13:58:06ID: BB  Data: 00 00 00 AA 00 00 00 00 
"
"2016-11-21 13:58:06ID: BC  Data: 00 00 00 AA 00 00 00 00 
"
"2016-11-21 13:58:06ID: BB  Data: 00 00 00 AA 00 00 00 00 
"
"2016-11-21 13:58:06ID: BC  Data: 00 00 00 AA 00 00 00 00 
"
"2016-11-21 13:58:06ID: BB  Data: 00 00 00 AA 00 00 00 00 
"
"2016-11-21 13:58:06ID: BC  Data: 00 00 00 AA 00 00 00 00 
"
"2016-11-21 13:58:06ID: BB  Data: 00 00 00 AA 00 00 00 00 
"
"2016-11-21 13:58:06ID: BC  Data: 00 00 00 AA 00 00 00 00 
"
"2016-11-21 13:58:06ID: BB  Data: 00 00 00 AA 00 00 00 00 
"
"2016-11-21 13:58:06ID: BC  Data: 00 00 00 AA 00 00 00 00 
"
"2016-11-21 13:58:07ID: BB  Data: 00 00 00 AA 00 00 00 00 
"
"2016-11-21 13:58:07ID: BC  Data: 00 00 00 AA 00 00 00 00 
"
"2016-11-21 13:58:07ID: BB  Data: 00 00 00 AA 00 00 00 00 
"
"2016-11-21 13:58:07ID: BC  Data: 00 00 00 AA 00 00 00 00 
"
"2016-11-21 13:58:07ID: BB  Data: 00 00 00 AA 00 00 00 00 
"
"2016-11-21 13:58:07ID: BC  Data: 00 00 00 AA 00 00 00 00 
"
"2016-11-21 13:58:07ID: BB  Data: 00 00 00 AA 00 00 00 00 
"
"2016-11-21 13:58:07ID: BC  Data: 00 00 00 AA 00 00 00 00 
"
"2016-11-21 13:58:07ID: BB  Data: 00 00 00 AA 00 00 00 00 
"
"2016-11-21 13:58:07ID: BC  Data: 00 00 00 AA 00 00 00 00 
"
"2016-11-21 13:58:07ID: BB  Data: 00 00 00 AA 00 00 00 00 
"
"2016-11-21 13:58:07ID: BC  Data: 00 00 00 AA 00 00 00 00 
"
"2016-11-21 13:58:07ID: BB  Data: 00 00 00 AA 00 00 00 00 
"
"2016-11-21 13:58:07ID: BC  Data: 00 00 00 AA 00 00 00 00 
"
"2016-11-21 13:58:07ID: BB  Data: 00 00 00 AA 00 00 00 00 
"
"2016-11-21 13:58:07ID: BC  Data: 00 00 00 AA 00 00 00 00 
"
"2016-11-21 13:58:07ID: BB  Data: 00 00 00 AA 00 00 00 00 
"
"2016-11-21 13:58:07ID: BC  Data: 00 00 00 AA 00 00 00 00 
"
"2016-11-21 13:58:07ID: BB  Data: 00 00 00 AA 00 00 00 00 
"
"2016-11-21 13:58:07ID: BC  Data: 00 00 00 AA 00 00 00 00 
"
"2016-11-21 13:58:07ID: BB  Data: 00 00 00 AA 00 00 00 00 
"
"2016-11-21 13:58:07ID: BC  Data: 00 00 00 AA 00 00 00 00 
"
"2016-11-21 13:58:07ID: BB  Data: 00 00 00 AA 00 00 00 00 
"
"2016-11-21 13:58:07ID: BC  Data: 00 00 00 AA 00 00 00 00 
"
"2016-11-21 13:58:08ID: BB  Data: 00 00 00 AA 00 00 00 00 
"
"2016-11-21 13:58:08ID: BC  Data: 00 00 00 AA 00 00 00 00 
"
"2016-11-21 13:58:08ID: BB  Data: 00 00 00 AA 00 00 00 00 
"
"2016-11-21 13:58:08ID: BC  Data: 00 00 00 AA 00 00 00 00 
"
"2016-11-21 13:58:08ID: BB  Data: 00 00 00 AA 00 00 00 00 
"
"2016-11-21 13:58:08ID: BC  Data: 00 00 00 AA 00 00 00 00 
"
"2016-11-21 13:58:08ID: BB  Data: 00 00 00 AA 00 00 00 00 
"
"2016-11-21 13:58:08ID: BC  Data: 00 00 00 AA 00 00 00 00 
"
"2016-11-21 13:58:08ID: BB  Data: 00 00 00 AA 00 00 00 00 
"
"2016-11-21 13:58:08ID: BC  Data: 00 00 00 AA 00 00 00 00 
"
"2016-11-21 13:58:08ID: BB  Data: 00 00 00 AA 00 00 00 00 
"
"2016-11-21 13:58:08ID: BC  Data: 00 00 00 AA 00 00 00 00 
"
"2016-11-21 13:58:08ID: BB  Data: 00 00 00 AA 00 00 00 00 
"
"2016-11-21 13:58:08ID: BC  Data: 00 00 00 AA 00 00 00 00 
"
"2016-11-21 13:58:08ID: BB  Data: 00 00 00 AA 00 00 00 00 
"
"2016-11-21 13:58:08ID: BC  Data: 00 00 00 AA 00 00 00 00 
"
"2016-11-21 13:58:08ID: BB  Data: 00 00 00 AA 00 00 00 00 
"
"2016-11-21 13:58:08ID: BC  Data: 00 00 00 AA 00 00 00 00 
"
"2016-11-21 13:58:08ID: BB  Data: 00 00 00 AA 00 00 00 00 
"
"2016-11-21 13:58:08ID: BC  Data: 00 00 00 AA 00 00 00 00 
"
"2016-11-21 13:58:08ID: BB  Data: 00 00 00 AA 00 00 00 00 
"
"2016-11-21 13:58:08ID: BC  Data: 00 00 00 AA 00 00 00 00 
"
"2016-11-21 13:58:09ID: BB  Data: 00 00 00 AA 00 00 00 00 
"
"2016-11-21 13:58:09ID: BC  Data: 00 00 00 AA 00 00 00 00 
"
"2016-11-21 13:58:09ID: BB  Data: 00 00 00 AA 00 00 00 00 
"
"2016-11-21 13:58:09ID: BC  Data: 00 00 00 AA 00 00 00 00 
"
"2016-11-21 13:58:09ID: BB  Data: 00 00 00 AA 00 00 00 00 
"
"2016-11-21 13:58:09ID: BC  Data: 00 00 00 AA 00 00 00 00 
"
"2016-11-21 13:58:09ID: BB  Data: 00 00 00 AA 00 00 00 00 
"
"2016-11-21 13:58:09ID: BC  Data: 00 00 00 AA 00 00 00 00 
"
"2016-11-21 13:58:09ID: BB  Data: 00 00 00 AA 00 00 00 00 
"
"2016-11-21 13:58:09ID: BC  Data: 00 00 00 AA 00 00 00 00 
"
"2016-11-21 13:58:09ID: BB  Data: 00 00 00 AA 00 00 00 00 
"
"2016-11-21 13:58:09ID: BC  Data: 00 00 00 AA 00 00 00 00 
"
"2016-11-21 13:58:09ID: BB  Data: 00 00 00 AA 00 00 00 00 
"
"2016-11-21 13:58:09ID: BC  Data: 00 00 00 AA 00 00 00 00 
"
"2016-11-21 13:58:09ID: BB  Data: 00 00 00 AA 00 00 00 00 
"
"2016-11-21 13:58:09ID: BC  Data: 00 00 00 AA 00 00 00 00 
"
"2016-11-21 13:58:09ID: BB  Data: 00 00 00 AA 00 00 00 00 
"
"2016-11-21 13:58:09ID: BC  Data: 00 00 00 AA 00 00 00 00 
"
"2016-11-21 13:58:09ID: BB  Data: 00 00 00 AA 00 00 00 00 
"
"2016-11-21 13:58:09ID: BC  Data: 00 00 00 AA 00 00 00 00 
"
"2016-11-21 13:58:09ID: BB  Data: 00 00 00 AA 00 00 00 00 
"
"2016-11-21 13:58:09ID: BC  Data: 00 00 00 AA 00 00 00 00 
"
"2016-11-21 13:58:10ID: BB  Data: 00 00 00 AA 00 00 00 00 
"
"2016-11-21 13:58:10ID: BC  Data: 00 00 00 AA 00 00 00 00 
"
"2016-11-21 13:58:10ID: BB  Data: 00 00 00 AA 00 00 00 00 
"
"2016-11-21 13:58:10ID: BC  Data: 00 00 00 AA 00 00 00 00 
"
"2016-11-21 13:58:10ID: BB  Data: 00 00 00 AA 00 00 00 00 
"
"2016-11-21 13:58:10ID: BC  Data: 00 00 00 AA 00 00 00 00 
"
"2016-11-21 13:58:10ID: BB  Data: 00 00 00 AA 00 00 00 00 
"
"2016-11-21 13:58:10ID: BC  Data: 00 00 00 AA 00 00 00 00 
"
"2016-11-21 13:58:10ID: BB  Data: 00 00 00 AA 00 00 00 00 
"
"2016-11-21 13:58:10ID: BC  Data: 00 00 00 AA 00 00 00 00 
"
"2016-11-21 13:58:10ID: BB  Data: 00 00 00 AA 00 00 00 00 
"
"2016-11-21 13:58:10ID: BC  Data: 00 00 00 AA 00 00 00 00 
"
"2016-11-21 13:58:10ID: BB  Data: 00 00 00 AA 00 00 00 00 
"
"2016-11-21 13:58:10ID: BC  Data: 00 00 00 AA 00 00 00 00 
"
"2016-11-21 13:58:10ID: BB  Data: 00 00 00 AA 00 00 00 00 
"
"2016-11-21 13:58:10ID: BC  Data: 00 00 00 AA 00 00 00 00 
"
"2016-11-21 13:58:10ID: BB  Data: 00 00 00 AA 00 00 00 00 
"
"2016-11-21 13:58:10ID: BC  Data: 00 00 00 AA 00 00 00 00 
"
"2016-11-21 13:58:10ID: BB  Data: 00 00 00 AA 00 00 00 00 
"
"2016-11-21 13:58:10ID: BC  Data: 00 00 00 AA 00 00 00 00 
"
"2016-11-21 13:58:10ID: BB  Data: 00 00 00 AA 00 00 00 00 
"
"2016-11-21 13:58:10ID: BC  Data: 00 00 00 AA 00 00 00 00 
"
"2016-11-21 13:58:10ID: BB  Data: 00 00 00 AA 00 00 00 00 
"
"2016-11-21 13:58:10ID: BC  Data: 00 00 00 AA 00 00 00 00 
"
"2016-11-21 13:58:11ID: BB  Data: 00 00 00 AA 00 00 00 00 
"
"2016-11-21 13:58:11ID: BC  Data: 00 00 00 AA 00 00 00 00 
"
"2016-11-21 13:58:11ID: BB  Data: 00 00 00 AA 00 00 00 00 
"
"2016-11-21 13:58:11ID: BC  Data: 00 00 00 AA 00 00 00 00 
"
"2016-11-21 13:58:11ID: BB  Data: 00 00 00 AA 00 00 00 00 
"
"2016-11-21 13:58:11ID: BC  Data: 00 00 00 AA 00 00 00 00 
"
"2016-11-21 13:58:11ID: BB  Data: 00 00 00 AA 00 00 00 00 
"
"2016-11-21 13:58:11ID: BC  Data: 00 00 00 AA 00 00 00 00 
"
"2016-11-21 13:58:11ID: BB  Data: 00 00 00 AA 00 00 00 00 
"
"2016-11-21 13:58:11ID: BC  Data: 00 00 00 AA 00 00 00 00 
"
"2016-11-21 13:58:11ID: BB  Data: 00 00 00 AA 00 00 00 00 
"
"2016-11-21 13:58:11ID: BC  Data: 00 00 00 AA 00 00 00 00 
"
"2016-11-21 13:58:11ID: BB  Data: 00 00 00 AA 00 00 00 00 
"
"2016-11-21 13:58:11ID: BC  Data: 00 00 00 AA 00 00 00 00 
"
"2016-11-21 13:58:11ID: BB  Data: 00 00 00 AA 00 00 00 00 
"
"2016-11-21 13:58:11ID: BC  Data: 00 00 00 AA 00 00 00 00 
"
"2016-11-21 13:58:11ID: BB  Data: 00 00 00 AA 00 00 00 00 
"
"2016-11-21 13:58:11ID: BC  Data: 00 00 00 AA 00 00 00 00 
"
"2016-11-21 13:58:11ID: BB  Data: 00 00 00 AA 00 00 00 00 
"
"2016-11-21 13:58:11ID: BC  Data: 00 00 00 AA 00 00 00 00 
"
"2016-11-21 13:58:11ID: BB  Data: 00 00 00 AA 00 00 00 00 
"
"2016-11-21 13:58:11ID: BC  Data: 00 00 00 AA 00 00 00 00 
"
"2016-11-21 13:58:12ID: BB  Data: 00 00 00 AA 00 00 00 00 
"
"2016-11-21 13:58:12ID: BC  Data: 00 00 00 AA 00 00 00 00 
"
"2016-11-21 13:58:12ID: BB  Data: 00 00 00 AA 00 00 00 00 
"
"2016-11-21 13:58:12ID: BC  Data: 00 00 00 AA 00 00 00 00 
"
"2016-11-21 13:58:12ID: BB  Data: 00 00 00 AA 00 00 00 00 
"
"2016-11-21 13:58:12ID: BC  Data: 00 00 00 AA 00 00 00 00 
"
"2016-11-21 13:58:12ID: BB  Data: 00 00 00 AA 00 00 00 00 
"
"2016-11-21 13:58:12ID: BC  Data: 00 00 00 AA 00 00 00 00 
"
"2016-11-21 13:58:12ID: BB  Data: 00 00 00 AA 00 00 00 00 
"
"2016-11-21 13:58:12ID: BC  Data: 00 00 00 AA 00 00 00 00 
"
"2016-11-21 13:58:12ID: BB  Data: 00 00 00 AA 00 00 00 00 
"
"2016-11-21 13:58:12ID: BC  Data: 00 00 00 AA 00 00 00 00 
"
"2016-11-21 13:58:12ID: BB  Data: 00 00 00 AA 00 00 00 00 
"
"2016-11-21 13:58:12ID: BC  Data: 00 00 00 AA 00 00 00 00 
"
"2016-11-21 13:58:12ID: BB  Data: 00 00 00 AA 00 00 00 00 
"
"2016-11-21 13:58:12ID: BC  Data: 00 00 00 AA 00 00 00 00 
"
"2016-11-21 13:58:12ID: BB  Data: 00 00 00 AA 00 00 00 00 
"
"2016-11-21 13:58:12ID: BC  Data: 00 00 00 AA 00 00 00 00 
"
"2016-11-21 13:58:12ID: BB  Data: 00 00 00 AA 00 00 00 00 
"
"2016-11-21 13:58:12ID: BC  Data: 00 00 00 AA 00 00 00 00 
"
"2016-11-21 13:58:12ID: BB  Data: 00 00 00 AA 00 00 00 00 
"
"2016-11-21 13:58:12ID: BC  Data: 00 00 00 AA 00 00 00 00 
"
"2016-11-21 13:58:12ID: BB  Data: 00 00 00 AA 00 00 00 00 
"
"2016-11-21 13:58:13ID: BC  Data: 00 00 00 AA 00 00 00 00 
"
"2016-11-21 13:58:13ID: BB  Data: 00 00 00 AA 00 00 00 00 
"
"2016-11-21 13:58:13ID: BC  Data: 00 00 00 AA 00 00 00 00 
"
"2016-11-21 13:58:13ID: BB  Data: 00 00 00 AA 00 00 00 00 
"
"2016-11-21 13:58:13ID: BC  Data: 00 00 00 AA 00 00 00 00 
"
"2016-11-21 13:58:13ID: BB  Data: 00 00 00 AA 00 00 00 00 
"
"2016-11-21 13:58:13ID: BC  Data: 00 00 00 AA 00 00 00 00 
"
"2016-11-21 13:58:13ID: BB  Data: 00 00 00 AA 00 00 00 00 
"
"2016-11-21 13:58:13ID: BC  Data: 00 00 00 AA 00 00 00 00 
"
"2016-11-21 13:58:13ID: BB  Data: 00 00 00 AA 00 00 00 00 
"
"2016-11-21 13:58:13ID: BC  Data: 00 00 00 AA 00 00 00 00 
"
"2016-11-21 13:58:13ID: BB  Data: 00 00 00 AA 00 00 00 00 
"
"2016-11-21 13:58:13ID: BC  Data: 00 00 00 AA 00 00 00 00 
"
"2016-11-21 13:58:13ID: BB  Data: 00 00 00 AA 00 00 00 00 
"
"2016-11-21 13:58:13ID: BC  Data: 00 00 00 AA 00 00 00 00 
"
"2016-11-21 13:58:13ID: BB  Data: 00 00 00 AA 00 00 00 00 
"
"2016-11-21 13:58:13ID: BC  Data: 00 00 00 AA 00 00 00 00 
"
"2016-11-21 13:58:13ID: BB  Data: 00 00 00 AA 00 00 00 00 
"
"2016-11-21 13:58:13ID: BC  Data: 00 00 00 AA 00 00 00 00 
"
"2016-11-21 13:58:13ID: BB  Data: 00 00 00 AA 00 00 00 00 
"
"2016-11-21 13:58:13ID: BC  Data: 00 00 00 AA 00 00 00 00 
"
"2016-11-21 13:58:13ID: BB  Data: 00 00 00 AA 00 00 00 00 
"
"2016-11-21 13:58:13ID: BC  Data: 00 00 00 AA 00 00 00 00 
"
"2016-11-21 13:58:14ID: BB  Data: 00 00 00 AA 00 00 00 00 
"
"2016-11-21 13:58:14ID: BC  Data: 00 00 00 AA 00 00 00 00 
"
"2016-11-21 13:58:14ID: BB  Data: 00 00 00 AA 00 00 00 00 
"
"2016-11-21 13:58:14ID: BC  Data: 00 00 00 AA 00 00 00 00 
"
"2016-11-21 13:58:14ID: BB  Data: 00 00 00 AA 00 00 00 00 
"
"2016-11-21 13:58:14ID: BC  Data: 00 00 00 AA 00 00 00 00 
"
"2016-11-21 13:58:14ID: BB  Data: 00 00 00 AA 00 00 00 00 
"
"2016-11-21 13:58:14ID: BC  Data: 00 00 00 AA 00 00 00 00 
"
"2016-11-21 13:58:14ID: BB  Data: 00 00 00 AA 00 00 00 00 
"
"2016-11-21 13:58:14ID: BC  Data: 00 00 00 AA 00 00 00 00 
"
"2016-11-21 13:58:14ID: BB  Data: 00 00 00 AA 00 00 00 00 
"
"2016-11-21 13:58:14ID: BC  Data: 00 00 00 AA 00 00 00 00 
"
"2016-11-21 13:58:14ID: BB  Data: 00 00 00 AA 00 00 00 00 
"
"2016-11-21 13:58:14ID: BC  Data: 00 00 00 AA 00 00 00 00 
"
"2016-11-21 13:58:14ID: BB  Data: 00 00 00 AA 00 00 00 00 
"
"2016-11-21 13:58:14ID: BC  Data: 00 00 00 AA 00 00 00 00 
"
"2016-11-21 13:58:14ID: BB  Data: 00 00 00 AA 00 00 00 00 
"
"2016-11-21 13:58:14ID: BC  Data: 00 00 00 AA 00 00 00 00 
"
"2016-11-21 13:58:14ID: BB  Data: 00 00 00 AA 00 00 00 00 
"
"2016-11-21 13:58:14ID: BC  Data: 00 00 00 AA 00 00 00 00 
"
"2016-11-21 13:58:14ID: BB  Data: 00 00 00 AA 00 00 00 00 
"
"2016-11-21 13:58:14ID: BC  Data: 00 00 00 AA 00 00 00 00 
"
"2016-11-21 13:58:15ID: BB  Data: 00 00 00 AA 00 00 00 00 
"
"2016-11-21 13:58:15ID: BC  Data: 00 00 00 AA 00 00 00 00 
"
"2016-11-21 13:58:15ID: BB  Data: 00 00 00 AA 00 00 00 00 
"
"2016-11-21 13:58:15ID: BC  Data: 00 00 00 AA 00 00 00 00 
"
"2016-11-21 13:58:15ID: BB  Data: 00 00 00 AA 00 00 00 00 
"
"2016-11-21 13:58:15ID: BC  Data: 00 00 00 AA 00 00 00 00 
"
"2016-11-21 13:58:15ID: BB  Data: 00 00 00 AA 00 00 00 00 
"
"2016-11-21 13:58:15ID: BC  Data: 00 00 00 AA 00 00 00 00 
"
"2016-11-21 13:58:15ID: BB  Data: 00 00 00 AA 00 00 00 00 
"
"2016-11-21 13:58:15ID: BC  Data: 00 00 00 AA 00 00 00 00 
"
"2016-11-21 13:58:15ID: BB  Data: 00 00 00 AA 00 00 00 00 
"
"2016-11-21 13:58:15ID: BC  Data: 00 00 00 AA 00 00 00 00 
"
"2016-11-21 13:58:15ID: BB  Data: 00 00 00 AA 00 00 00 00 
"
"2016-11-21 13:58:15ID: BC  Data: 00 00 00 AA 00 00 00 00 
"
"2016-11-21 13:58:15ID: BB  Data: 00 00 00 AA 00 00 00 00 
"
"2016-11-21 13:58:15ID: BC  Data: 00 00 00 AA 00 00 00 00 
"
"2016-11-21 13:58:15ID: BB  Data: 00 00 00 AA 00 00 00 00 
"
"2016-11-21 13:58:15ID: BC  Data: 00 00 00 AA 00 00 00 00 
"
"2016-11-21 13:58:15ID: BB  Data: 00 00 00 AA 00 00 00 00 
"
"2016-11-21 13:58:15ID: BC  Data: 00 00 00 AA 00 00 00 00 
"
"2016-11-21 13:58:15ID: BB  Data: 00 00 00 AA 00 00 00 00 
"
"2016-11-21 13:58:15ID: BC  Data: 00 00 00 AA 00 00 00 00 
"
"2016-11-21 13:58:15ID: BB  Data: 00 00 00 AA 00 00 00 00 
"
"2016-11-21 13:58:15ID: BC  Data: 00 00 00 AA 00 00 00 00 
"
"2016-11-21 13:58:16ID: BB  Data: 00 00 00 AA 00 00 00 00 
"
"2016-11-21 13:58:16ID: BC  Data: 00 00 00 AA 00 00 00 00 
"
"2016-11-21 13:58:16ID: BB  Data: 00 00 00 AA 00 00 00 00 
"
"2016-11-21 13:58:16ID: BC  Data: 00 00 00 AA 00 00 00 00 
"
"2016-11-21 13:58:16ID: BB  Data: 00 00 00 AA 00 00 00 00 
"
"2016-11-21 13:58:16ID: BC  Data: 00 00 00 AA 00 00 00 00 
"
"2016-11-21 13:58:16ID: BB  Data: 00 00 00 AA 00 00 00 00 
"
"2016-11-21 13:58:16ID: BC  Data: 00 00 00 AA 00 00 00 00 
"
"2016-11-21 13:58:16ID: BB  Data: 00 00 00 AA 00 00 00 00 
"
"2016-11-21 13:58:16ID: BC  Data: 00 00 00 AA 00 00 00 00 
"
"2016-11-21 13:58:16ID: BB  Data: 00 00 00 AA 00 00 00 00 
"
"2016-11-21 13:58:16ID: BC  Data: 00 00 00 AA 00 00 00 00 
"
"2016-11-21 13:58:16ID: BB  Data: 00 00 00 AA 00 00 00 00 
"
"2016-11-21 13:58:16ID: BC  Data: 00 00 00 AA 00 00 00 00 
"
"2016-11-21 13:58:16ID: BB  Data: 00 00 00 AA 00 00 00 00 
"
"2016-11-21 13:58:16ID: BC  Data: 00 00 00 AA 00 00 00 00 
"
"2016-11-21 13:58:16ID: BB  Data: 00 00 00 AA 00 00 00 00 
"
"2016-11-21 13:58:16ID: BC  Data: 00 00 00 AA 00 00 00 00 
"
"2016-11-21 13:58:16ID: BB  Data: 00 00 00 AA 00 00 00 00 
"
"2016-11-21 13:58:16ID: BC  Data: 00 00 00 AA 00 00 00 00 
"
"2016-11-21 13:58:16ID: BB  Data: 00 00 00 AA 00 00 00 00 
"
"2016-11-21 13:58:16ID: BC  Data: 00 00 00 AA 00 00 00 00 
"
"2016-11-21 13:58:17ID: BB  Data: 00 00 00 AA 00 00 00 00 
"
"2016-11-21 13:58:17ID: BC  Data: 00 00 00 AA 00 00 00 00 
"
"2016-11-21 13:58:17ID: BB  Data: 00 00 00 AA 00 00 00 00 
"
"2016-11-21 13:58:17ID: BC  Data: 00 00 00 AA 00 00 00 00 
"
"2016-11-21 13:58:17ID: BB  Data: 00 00 00 AA 00 00 00 00 
"
"2016-11-21 13:58:17ID: BC  Data: 00 00 00 AA 00 00 00 00 
"
"2016-11-21 13:58:17ID: BB  Data: 00 00 00 AA 00 00 00 00 
"
"2016-11-21 13:58:17ID: BC  Data: 00 00 00 AA 00 00 00 00 
"
"2016-11-21 13:58:17ID: BB  Data: 00 00 00 AA 00 00 00 00 
"
"2016-11-21 13:58:17ID: BC  Data: 00 00 00 AA 00 00 00 00 
"
"2016-11-21 13:58:17ID: BB  Data: 00 00 00 AA 00 00 00 00 
"
"2016-11-21 13:58:17ID: BC  Data: 00 00 00 AA 00 00 00 00 
"
"2016-11-21 13:58:17ID: BB  Data: 00 00 00 AA 00 00 00 00 
"
"2016-11-21 13:58:17ID: BC  Data: 00 00 00 AA 00 00 00 00 
"
"2016-11-21 13:58:17ID: BB  Data: 00 00 00 AA 00 00 00 00 
"
"2016-11-21 13:58:17ID: BC  Data: 00 00 00 AA 00 00 00 00 
"
"2016-11-21 13:58:17ID: BB  Data: 00 00 00 AA 00 00 00 00 
"
"2016-11-21 13:58:17ID: BC  Data: 00 00 00 AA 00 00 00 00 
"
"2016-11-21 13:58:17ID: BB  Data: 00 00 00 AA 00 00 00 00 
"
"2016-11-21 13:58:17ID: BC  Data: 00 00 00 AA 00 00 00 00 
"
"2016-11-21 13:58:17ID: BB  Data: 00 00 00 AA 00 00 00 00 
"
"2016-11-21 13:58:17ID: BC  Data: 00 00 00 AA 00 00 00 00 
"
"2016-11-21 13:58:18ID: BB  Data: 00 00 00 AA 00 00 00 00 
"
"2016-11-21 13:58:18ID: BC  Data: 00 00 00 AA 00 00 00 00 
"
"2016-11-21 13:58:18ID: BB  Data: 00 00 00 AA 00 00 00 00 
"
"2016-11-21 13:58:18ID: BC  Data: 00 00 00 AA 00 00 00 00 
"
"2016-11-21 13:58:18ID: BB  Data: 00 00 00 AA 00 00 00 00 
"
"2016-11-21 13:58:18ID: BC  Data: 00 00 00 AA 00 00 00 00 
"
"2016-11-21 13:58:18ID: BB  Data: 00 00 00 AA 00 00 00 00 
"
"2016-11-21 13:58:18ID: BC  Data: 00 00 00 AA 00 00 00 00 
"
"2016-11-21 13:58:18ID: BB  Data: 00 00 00 AA 00 00 00 00 
"
"2016-11-21 13:58:18ID: BC  Data: 00 00 00 AA 00 00 00 00 
"
"2016-11-21 13:58:18ID: BB  Data: 00 00 00 AA 00 00 00 00 
"
"2016-11-21 13:58:18ID: BC  Data: 00 00 00 AA 00 00 00 00 
"
"2016-11-21 13:58:18ID: BB  Data: 00 00 00 AA 00 00 00 00 
"
"2016-11-21 13:58:18ID: BC  Data: 00 00 00 AA 00 00 00 00 
"
"2016-11-21 13:58:18ID: BB  Data: 00 00 00 AA 00 00 00 00 
"
"2016-11-21 13:58:18ID: BC  Data: 00 00 00 AA 00 00 00 00 
"
"2016-11-21 13:58:18ID: BB  Data: 00 00 00 AA 00 00 00 00 
"
"2016-11-21 13:58:18ID: BC  Data: 00 00 00 AA 00 00 00 00 
"
"2016-11-21 13:58:18ID: BB  Data: 00 00 00 AA 00 00 00 00 
"
"2016-11-21 13:58:18ID: BC  Data: 00 00 00 AA 00 00 00 00 
"
"2016-11-21 13:58:18ID: BB  Data: 00 00 00 AA 00 00 00 00 
"
"2016-11-21 13:58:18ID: BC  Data: 00 00 00 AA 00 00 00 00 
"
"2016-11-21 13:58:18ID: BB  Data: 00 00 00 AA 00 00 00 00 
"
"2016-11-21 13:58:18ID: BC  Data: 00 00 00 AA 00 00 00 00 
"
"2016-11-21 13:58:19ID: BB  Data: 00 00 00 AA 00 00 00 00 
"
"2016-11-21 13:58:19ID: BC  Data: 00 00 00 AA 00 00 00 00 
"
"2016-11-21 13:58:19ID: BB  Data: 00 00 00 AA 00 00 00 00 
"
"2016-11-21 13:58:19ID: BC  Data: 00 00 00 AA 00 00 00 00 
"
"2016-11-21 13:58:19ID: BB  Data: 00 00 00 AA 00 00 00 00 
"
"2016-11-21 13:58:19ID: BC  Data: 00 00 00 AA 00 00 00 00 
"
"2016-11-21 13:58:19ID: BB  Data: 00 00 00 AA 00 00 00 00 
"
"2016-11-21 13:58:19ID: BC  Data: 00 00 00 AA 00 00 00 00 
"
"2016-11-21 13:58:19ID: BB  Data: 00 00 00 AA 00 00 00 00 
"
"2016-11-21 13:58:19ID: BC  Data: 00 00 00 AA 00 00 00 00 
"
"2016-11-21 13:58:19ID: BB  Data: 00 00 00 AA 00 00 00 00 
"
"2016-11-21 13:58:19ID: BC  Data: 00 00 00 AA 00 00 00 00 
"
"2016-11-21 13:58:19ID: BB  Data: 00 00 00 AA 00 00 00 00 
"
"2016-11-21 13:58:19ID: BC  Data: 00 00 00 AA 00 00 00 00 
"
"2016-11-21 13:58:19ID: BB  Data: 00 00 00 AA 00 00 00 00 
"
"2016-11-21 13:58:19ID: BC  Data: 00 00 00 AA 00 00 00 00 
"
"2016-11-21 13:58:19ID: BB  Data: 00 00 00 AA 00 00 00 00 
"
"2016-11-21 13:58:19ID: BC  Data: 00 00 00 AA 00 00 00 00 
"
"2016-11-21 13:58:19ID: BB  Data: 00 00 00 AA 00 00 00 00 
"
"2016-11-21 13:58:19ID: BC  Data: 00 00 00 AA 00 00 00 00 
"
"2016-11-21 13:58:19ID: BB  Data: 00 00 00 AA 00 00 00 00 
"
"2016-11-21 13:58:19ID: BC  Data: 00 00 00 AA 00 00 00 00 
"
"2016-11-21 13:58:20ID: BB  Data: 00 00 00 AA 00 00 00 00 
"
"2016-11-21 13:58:20ID: BC  Data: 00 00 00 AA 00 00 00 00 
"
"2016-11-21 13:58:20ID: BB  Data: 00 00 00 AA 00 00 00 00 
"
"2016-11-21 13:58:20ID: BC  Data: 00 00 00 AA 00 00 00 00 
"
"2016-11-21 13:58:20ID: BB  Data: 00 00 00 AA 00 00 00 00 
"
"2016-11-21 13:58:20ID: BC  Data: 00 00 00 AA 00 00 00 00 
"
"2016-11-21 13:58:20ID: BB  Data: 00 00 00 AA 00 00 00 00 
"
"2016-11-21 13:58:20ID: BC  Data: 00 00 00 AA 00 00 00 00 
"
"2016-11-21 13:58:20ID: BB  Data: 00 00 00 AA 00 00 00 00 
"
"2016-11-21 13:58:20ID: BC  Data: 00 00 00 AA 00 00 00 00 
"
"2016-11-21 13:58:20ID: BB  Data: 00 00 00 AA 00 00 00 00 
"
"2016-11-21 13:58:20ID: BC  Data: 00 00 00 AA 00 00 00 00 
"
"2016-11-21 13:58:20ID: BB  Data: 00 00 00 AA 00 00 00 00 
"
"2016-11-21 13:58:20ID: BC  Data: 00 00 00 AA 00 00 00 00 
"
"2016-11-21 13:58:20ID: BB  Data: 00 00 00 AA 00 00 00 00 
"
"2016-11-21 13:58:20ID: BC  Data: 00 00 00 AA 00 00 00 00 
"
"2016-11-21 13:58:20ID: BB  Data: 00 00 00 AA 00 00 00 00 
"
"2016-11-21 13:58:20ID: BC  Data: 00 00 00 AA 00 00 00 00 
"
"2016-11-21 13:58:20ID: BB  Data: 00 00 00 AA 00 00 00 00 
"
"2016-11-21 13:58:20ID: BC  Data: 00 00 00 AA 00 00 00 00 
"
"2016-11-21 13:58:20ID: BB  Data: 00 00 00 AA 00 00 00 00 
"
"2016-11-21 13:58:20ID: BC  Data: 00 00 00 AA 00 00 00 00 
"
"2016-11-21 13:58:21ID: BB  Data: 00 00 00 AA 00 00 00 00 
"
"2016-11-21 13:58:21ID: BC  Data: 00 00 00 AA 00 00 00 00 
"
"2016-11-21 13:58:21ID: BB  Data: 00 00 00 AA 00 00 00 00 
"
"2016-11-21 13:58:21ID: BC  Data: 00 00 00 AA 00 00 00 00 
"
"2016-11-21 13:58:21ID: BB  Data: 00 00 00 AA 00 00 00 00 
"
"2016-11-21 13:58:21ID: BC  Data: 00 00 00 AA 00 00 00 00 
"
"2016-11-21 13:58:21ID: BB  Data: 00 00 00 AA 00 00 00 00 
"
"2016-11-21 13:58:21ID: BC  Data: 00 00 00 AA 00 00 00 00 
"
"2016-11-21 13:58:21ID: BB  Data: 00 00 00 AA 00 00 00 00 
"
"2016-11-21 13:58:21ID: BC  Data: 00 00 00 AA 00 00 00 00 
"
"2016-11-21 13:58:21ID: BB  Data: 00 00 00 AA 00 00 00 00 
"
"2016-11-21 13:58:21ID: BC  Data: 00 00 00 AA 00 00 00 00 
"
"2016-11-21 13:58:21ID: BB  Data: 00 00 00 AA 00 00 00 00 
"
"2016-11-21 13:58:21ID: BC  Data: 00 00 00 AA 00 00 00 00 
"
"2016-11-21 13:58:21ID: BB  Data: 00 00 00 AA 00 00 00 00 
"
"2016-11-21 13:58:21ID: BC  Data: 00 00 00 AA 00 00 00 00 
"
"2016-11-21 13:58:21ID: BB  Data: 00 00 00 AA 00 00 00 00 
"
"2016-11-21 13:58:21ID: BC  Data: 00 00 00 AA 00 00 00 00 
"
"2016-11-21 13:58:21ID: BB  Data: 00 00 00 AA 00 00 00 00 
"
"2016-11-21 13:58:21ID: BC  Data: 00 00 00 AA 00 00 00 00 
"
"2016-11-21 13:58:21ID: BB  Data: 00 00 00 AA 00 00 00 00 
"
"2016-11-21 13:58:21ID: BC  Data: 00 00 00 AA 00 00 00 00 
"
"2016-11-21 13:58:21ID: BB  Data: 00 00 00 AA 00 00 00 00 
"
"2016-11-21 13:58:21ID: BC  Data: 00 00 00 AA 00 00 00 00 
"
"2016-11-21 13:58:22ID: BB  Data: 00 00 00 AA 00 00 00 00 
"
"2016-11-21 13:58:22ID: BC  Data: 00 00 00 AA 00 00 00 00 
"
"2016-11-21 13:58:22ID: BB  Data: 00 00 00 AA 00 00 00 00 
"
"2016-11-21 13:58:22ID: BC  Data: 00 00 00 AA 00 00 00 00 
"
"2016-11-21 13:58:22ID: BB  Data: 00 00 00 AA 00 00 00 00 
"
"2016-11-21 13:58:22ID: BC  Data: 00 00 00 AA 00 00 00 00 
"
"2016-11-21 13:58:22ID: BB  Data: 00 00 00 AA 00 00 00 00 
"
"2016-11-21 13:58:22ID: BC  Data: 00 00 00 AA 00 00 00 00 
"
"2016-11-21 13:58:22ID: BB  Data: 00 00 00 AA 00 00 00 00 
"
"2016-11-21 13:58:22ID: BC  Data: 00 00 00 AA 00 00 00 00 
"
"2016-11-21 13:58:22ID: BB  Data: 00 00 00 AA 00 00 00 00 
"
"2016-11-21 13:58:22ID: BC  Data: 00 00 00 AA 00 00 00 00 
"
"2016-11-21 13:58:22ID: BB  Data: 00 00 00 AA 00 00 00 00 
"
"2016-11-21 13:58:22ID: BC  Data: 00 00 00 AA 00 00 00 00 
"
"2016-11-21 13:58:22ID: BB  Data: 00 00 00 AA 00 00 00 00 
"
"2016-11-21 13:58:22ID: BC  Data: 00 00 00 AA 00 00 00 00 
"
"2016-11-21 13:58:22ID: BB  Data: 00 00 00 AA 00 00 00 00 
"
"2016-11-21 13:58:22ID: BC  Data: 00 00 00 AA 00 00 00 00 
"
"2016-11-21 13:58:22ID: BB  Data: 00 00 00 AA 00 00 00 00 
"
"2016-11-21 13:58:22ID: BC  Data: 00 00 00 AA 00 00 00 00 
"
"2016-11-21 13:58:22ID: BB  Data: 00 00 00 AA 00 00 00 00 
"
"2016-11-21 13:58:22ID: BC  Data: 00 00 00 AA 00 00 00 00 
"
"2016-11-21 13:58:23ID: BB  Data: 00 00 00 AA 00 00 00 00 
"
"2016-11-21 13:58:23ID: BC  Data: 00 00 00 AA 00 00 00 00 
"
"2016-11-21 13:58:23ID: BB  Data: 00 00 00 AA 00 00 00 00 
"
"2016-11-21 13:58:23ID: BC  Data: 00 00 00 AA 00 00 00 00 
"
"2016-11-21 13:58:23ID: BB  Data: 00 00 00 AA 00 00 00 00 
"
"2016-11-21 13:58:23ID: BC  Data: 00 00 00 AA 00 00 00 00 
"
"2016-11-21 13:58:23ID: BB  Data: 00 00 00 AA 00 00 00 00 
"
"2016-11-21 13:58:23ID: BC  Data: 00 00 00 AA 00 00 00 00 
"
"2016-11-21 13:58:23ID: BB  Data: 00 00 00 AA 00 00 00 00 
"
"2016-11-21 13:58:23ID: BC  Data: 00 00 00 AA 00 00 00 00 
"
"2016-11-21 13:58:23ID: BB  Data: 00 00 00 AA 00 00 00 00 
"
"2016-11-21 13:58:23ID: BC  Data: 00 00 00 AA 00 00 00 00 
"
"2016-11-21 13:58:23ID: BB  Data: 00 00 00 AA 00 00 00 00 
"
"2016-11-21 13:58:23ID: BC  Data: 00 00 00 AA 00 00 00 00 
"
"2016-11-21 13:58:23ID: BB  Data: 00 00 00 AA 00 00 00 00 
"
"2016-11-21 13:58:23ID: BC  Data: 00 00 00 AA 00 00 00 00 
"
"2016-11-21 13:58:23ID: BB  Data: 00 00 00 AA 00 00 00 00 
"
"2016-11-21 13:58:23ID: BC  Data: 00 00 00 AA 00 00 00 00 
"
"2016-11-21 13:58:23ID: BB  Data: 00 00 00 AA 00 00 00 00 
"
"2016-11-21 13:58:23ID: BC  Data: 00 00 00 AA 00 00 00 00 
"
"2016-11-21 13:58:23ID: BB  Data: 00 00 00 AA 00 00 00 00 
"
"2016-11-21 13:58:23ID: BC  Data: 00 00 00 AA 00 00 00 00 
"
"2016-11-21 13:58:23ID: BB  Data: 00 00 00 AA 00 00 00 00 
"
"2016-11-21 13:58:24ID: BC  Data: 00 00 00 AA 00 00 00 00 
"
"2016-11-21 13:58:24ID: BB  Data: 00 00 00 AA 00 00 00 00 
"
"2016-11-21 13:58:24ID: BC  Data: 00 00 00 AA 00 00 00 00 
"
"2016-11-21 13:58:24ID: BB  Data: 00 00 00 AA 00 00 00 00 
"
"2016-11-21 13:58:24ID: BC  Data: 00 00 00 AA 00 00 00 00 
"
"2016-11-21 13:58:24ID: BB  Data: 00 00 00 AA 00 00 00 00 
"
"2016-11-21 13:58:24ID: BC  Data: 00 00 00 AA 00 00 00 00 
"
"2016-11-21 13:58:24ID: BB  Data: 00 00 00 AA 00 00 00 00 
"
"2016-11-21 13:58:24ID: BC  Data: 00 00 00 AA 00 00 00 00 
"
"2016-11-21 13:58:24ID: BB  Data: 00 00 00 AA 00 00 00 00 
"
"2016-11-21 13:58:24ID: BC  Data: 00 00 00 AA 00 00 00 00 
"
"2016-11-21 13:58:24ID: BB  Data: 00 00 00 AA 00 00 00 00 
"
"2016-11-21 13:58:24ID: BC  Data: 00 00 00 AA 00 00 00 00 
"
"2016-11-21 13:58:24ID: BB  Data: 00 00 00 AA 00 00 00 00 
"
"2016-11-21 13:58:24ID: BC  Data: 00 00 00 AA 00 00 00 00 
"
"2016-11-21 13:58:24ID: BB  Data: 00 00 00 AA 00 00 00 00 
"
"2016-11-21 13:58:24ID: BC  Data: 00 00 00 AA 00 00 00 00 
"
"2016-11-21 13:58:24ID: BB  Data: 00 00 00 AA 00 00 00 00 
"
"2016-11-21 13:58:24ID: BC  Data: 00 00 00 AA 00 00 00 00 
"
"2016-11-21 13:58:24ID: BB  Data: 00 00 00 AA 00 00 00 00 
"
"2016-11-21 13:58:24ID: BC  Data: 00 00 00 AA 00 00 00 00 
"
"2016-11-21 13:58:24ID: BB  Data: 00 00 00 AA 00 00 00 00 
"
"2016-11-21 13:58:24ID: BC  Data: 00 00 00 AA 00 00 00 00 
"
"2016-11-21 13:58:25ID: BB  Data: 00 00 00 AA 00 00 00 00 
"
"2016-11-21 13:58:25ID: BC  Data: 00 00 00 AA 00 00 00 00 
"
"2016-11-21 13:58:25ID: BB  Data: 00 00 00 AA 00 00 00 00 
"
"2016-11-21 13:58:25ID: BC  Data: 00 00 00 AA 00 00 00 00 
"
"2016-11-21 13:58:25ID: BB  Data: 00 00 00 AA 00 00 00 00 
"
"2016-11-21 13:58:25ID: BC  Data: 00 00 00 AA 00 00 00 00 
"
"2016-11-21 13:58:25ID: BB  Data: 00 00 00 AA 00 00 00 00 
"
"2016-11-21 13:58:25ID: BC  Data: 00 00 00 AA 00 00 00 00 
"
"2016-11-21 13:58:25ID: BB  Data: 00 00 00 AA 00 00 00 00 
"
"2016-11-21 13:58:25ID: BC  Data: 00 00 00 AA 00 00 00 00 
"
"2016-11-21 13:58:25ID: BB  Data: 00 00 00 AA 00 00 00 00 
"
"2016-11-21 13:58:25ID: BC  Data: 00 00 00 AA 00 00 00 00 
"
"2016-11-21 13:58:25ID: BB  Data: 00 00 00 AA 00 00 00 00 
"
"2016-11-21 13:58:25ID: BC  Data: 00 00 00 AA 00 00 00 00 
"
"2016-11-21 13:58:25ID: BB  Data: 00 00 00 AA 00 00 00 00 
"
"2016-11-21 13:58:25ID: BC  Data: 00 00 00 AA 00 00 00 00 
"
"2016-11-21 13:58:25ID: BB  Data: 00 00 00 AA 00 00 00 00 
"
"2016-11-21 13:58:25ID: BC  Data: 00 00 00 AA 00 00 00 00 
"
"2016-11-21 13:58:25ID: BB  Data: 00 00 00 AA 00 00 00 00 
"
"2016-11-21 13:58:25ID: BC  Data: 00 00 00 AA 00 00 00 00 
"
"2016-11-21 13:58:25ID: BB  Data: 00 00 00 AA 00 00 00 00 
"
"2016-11-21 13:58:25ID: BC  Data: 00 00 00 AA 00 00 00 00 
"
"2016-11-21 13:58:26ID: BB  Data: 00 00 00 AA 00 00 00 00 
"
"2016-11-21 13:58:26ID: BC  Data: 00 00 00 AA 00 00 00 00 
"
"2016-11-21 13:58:26ID: BB  Data: 00 00 00 AA 00 00 00 00 
"
"2016-11-21 13:58:26ID: BC  Data: 00 00 00 AA 00 00 00 00 
"
"2016-11-21 13:58:26ID: BB  Data: 00 00 00 AA 00 00 00 00 
"
"2016-11-21 13:58:26ID: BC  Data: 00 00 00 AA 00 00 00 00 
"
"2016-11-21 13:58:26ID: BB  Data: 00 00 00 AA 00 00 00 00 
"
"2016-11-21 13:58:26ID: BC  Data: 00 00 00 AA 00 00 00 00 
"
"2016-11-21 13:58:26ID: BB  Data: 00 00 00 AA 00 00 00 00 
"
"2016-11-21 13:58:26ID: BC  Data: 00 00 00 AA 00 00 00 00 
"
"2016-11-21 13:58:26ID: BB  Data: 00 00 00 AA 00 00 00 00 
"
"2016-11-21 13:58:26ID: BC  Data: 00 00 00 AA 00 00 00 00 
"
"2016-11-21 13:58:26ID: BB  Data: 00 00 00 AA 00 00 00 00 
"
"2016-11-21 13:58:26ID: BC  Data: 00 00 00 AA 00 00 00 00 
"
"2016-11-21 13:58:26ID: BB  Data: 00 00 00 AA 00 00 00 00 
"
"2016-11-21 13:58:26ID: BC  Data: 00 00 00 AA 00 00 00 00 
"
"2016-11-21 13:58:26ID: BB  Data: 00 00 00 AA 00 00 00 00 
"
"2016-11-21 13:58:26ID: BC  Data: 00 00 00 AA 00 00 00 00 
"
"2016-11-21 13:58:26ID: BB  Data: 00 00 00 AA 00 00 00 00 
"
"2016-11-21 13:58:26ID: BC  Data: 00 00 00 AA 00 00 00 00 
"
"2016-11-21 13:58:26ID: BB  Data: 00 00 00 AA 00 00 00 00 
"
"2016-11-21 13:58:26ID: BC  Data: 00 00 00 AA 00 00 00 00 
"
"2016-11-21 13:58:26ID: BB  Data: 00 00 00 AA 00 00 00 00 
"
"2016-11-21 13:58:26ID: BC  Data: 00 00 00 AA 00 00 00 00 
"
"2016-11-21 13:58:27ID: BB  Data: 00 00 00 AA 00 00 00 00 
"
"2016-11-21 13:58:27ID: BC  Data: 00 00 00 AA 00 00 00 00 
"
"2016-11-21 13:58:27ID: BB  Data: 00 00 00 AA 00 00 00 00 
"
"2016-11-21 13:58:27ID: BC  Data: 00 00 00 AA 00 00 00 00 
"
"2016-11-21 13:58:27ID: BB  Data: 00 00 00 AA 00 00 00 00 
"
"2016-11-21 13:58:27ID: BC  Data: 00 00 00 AA 00 00 00 00 
"
"2016-11-21 13:58:27ID: BB  Data: 00 00 00 AA 00 00 00 00 
"
"2016-11-21 13:58:27ID: BC  Data: 00 00 00 AA 00 00 00 00 
"
"2016-11-21 13:58:27ID: BB  Data: 00 00 00 AA 00 00 00 00 
"
"2016-11-21 13:58:27ID: BC  Data: 00 00 00 AA 00 00 00 00 
"
"2016-11-21 13:58:27ID: BB  Data: 00 00 00 AA 00 00 00 00 
"
"2016-11-21 13:58:27ID: BC  Data: 00 00 00 AA 00 00 00 00 
"
"2016-11-21 13:58:27ID: BB  Data: 00 00 00 AA 00 00 00 00 
"
"2016-11-21 13:58:27ID: BC  Data: 00 00 00 AA 00 00 00 00 
"
"2016-11-21 13:58:27ID: BB  Data: 00 00 00 AA 00 00 00 00 
"
"2016-11-21 13:58:27ID: BC  Data: 00 00 00 AA 00 00 00 00 
"
"2016-11-21 13:58:27ID: BB  Data: 00 00 00 AA 00 00 00 00 
"
"2016-11-21 13:58:27ID: BC  Data: 00 00 00 AA 00 00 00 00 
"
"2016-11-21 13:58:27ID: BB  Data: 00 00 00 AA 00 00 00 00 
"
"2016-11-21 13:58:27ID: BC  Data: 00 00 00 AA 00 00 00 00 
"
"2016-11-21 13:58:27ID: BB  Data: 00 00 00 AA 00 00 00 00 
"
"2016-11-21 13:58:27ID: BC  Data: 00 00 00 AA 00 00 00 00 
"
"2016-11-21 13:58:28ID: BB  Data: 00 00 00 AA 00 00 00 00 
"
"2016-11-21 13:58:28ID: BC  Data: 00 00 00 AA 00 00 00 00 
"
"2016-11-21 13:58:28ID: BB  Data: 00 00 00 AA 00 00 00 00 
"
"2016-11-21 13:58:28ID: BC  Data: 00 00 00 AA 00 00 00 00 
"
"2016-11-21 13:58:28ID: BB  Data: 00 00 00 AA 00 00 00 00 
"
"2016-11-21 13:58:28ID: BC  Data: 00 00 00 AA 00 00 00 00 
"
"2016-11-21 13:58:28ID: BB  Data: 00 00 00 AA 00 00 00 00 
"
"2016-11-21 13:58:28ID: BC  Data: 00 00 00 AA 00 00 00 00 
"
"2016-11-21 13:58:28ID: BB  Data: 00 00 00 AA 00 00 00 00 
"
"2016-11-21 13:58:28ID: BC  Data: 00 00 00 AA 00 00 00 00 
"
"2016-11-21 13:58:28ID: BB  Data: 00 00 00 AA 00 00 00 00 
"
"2016-11-21 13:58:28ID: BC  Data: 00 00 00 AA 00 00 00 00 
"
"2016-11-21 13:58:28ID: BB  Data: 00 00 00 AA 00 00 00 00 
"
"2016-11-21 13:58:28ID: BC  Data: 00 00 00 AA 00 00 00 00 
"
"2016-11-21 13:58:28ID: BB  Data: 00 00 00 AA 00 00 00 00 
"
"2016-11-21 13:58:28ID: BC  Data: 00 00 00 AA 00 00 00 00 
"
"2016-11-21 13:58:28ID: BB  Data: 00 00 00 AA 00 00 00 00 
"
"2016-11-21 13:58:28ID: BC  Data: 00 00 00 AA 00 00 00 00 
"
"2016-11-21 13:58:28ID: BB  Data: 00 00 00 AA 00 00 00 00 
"
"2016-11-21 13:58:28ID: BC  Data: 00 00 00 AA 00 00 00 00 
"
"2016-11-21 13:58:28ID: BB  Data: 00 00 00 AA 00 00 00 00 
"
"2016-11-21 13:58:28ID: BC  Data: 00 00 00 AA 00 00 00 00 
"
"2016-11-21 13:58:29ID: BB  Data: 00 00 00 AA 00 00 00 00 
"
"2016-11-21 13:58:29ID: BC  Data: 00 00 00 AA 00 00 00 00 
"
"2016-11-21 13:58:29ID: BB  Data: 00 00 00 AA 00 00 00 00 
"
"2016-11-21 13:58:29ID: BC  Data: 00 00 00 AA 00 00 00 00 
"
"2016-11-21 13:58:29ID: BB  Data: 00 00 00 AA 00 00 00 00 
"
"2016-11-21 13:58:29ID: BC  Data: 00 00 00 AA 00 00 00 00 
"
"2016-11-21 13:58:29ID: BB  Data: 00 00 00 AA 00 00 00 00 
"
"2016-11-21 13:58:29ID: BC  Data: 00 00 00 AA 00 00 00 00 
"
"2016-11-21 13:58:29ID: BB  Data: 00 00 00 AA 00 00 00 00 
"
"2016-11-21 13:58:29ID: BC  Data: 00 00 00 AA 00 00 00 00 
"
"2016-11-21 13:58:29ID: BB  Data: 00 00 00 AA 00 00 00 00 
"
"2016-11-21 13:58:29ID: BC  Data: 00 00 00 AA 00 00 00 00 
"
"2016-11-21 13:58:29ID: BB  Data: 00 00 00 AA 00 00 00 00 
"
"2016-11-21 13:58:29ID: BC  Data: 00 00 00 AA 00 00 00 00 
"
"2016-11-21 13:58:29ID: BB  Data: 00 00 00 AA 00 00 00 00 
"
"2016-11-21 13:58:29ID: BC  Data: 00 00 00 AA 00 00 00 00 
"
"2016-11-21 13:58:29ID: BB  Data: 00 00 00 AA 00 00 00 00 
"
"2016-11-21 13:58:29ID: BC  Data: 00 00 00 AA 00 00 00 00 
"
"2016-11-21 13:58:29ID: BB  Data: 00 00 00 AA 00 00 00 00 
"
"2016-11-21 13:58:29ID: BC  Data: 00 00 00 AA 00 00 00 00 
"
"2016-11-21 13:58:29ID: BB  Data: 00 00 00 AA 00 00 00 00 
"
"2016-11-21 13:58:29ID: BC  Data: 00 00 00 AA 00 00 00 00 
"
"2016-11-21 13:58:29ID: BB  Data: 00 00 00 AA 00 00 00 00 
"
"2016-11-21 13:58:29ID: BC  Data: 00 00 00 AA 00 00 00 00 
"
"2016-11-21 13:58:30ID: BB  Data: 00 00 00 AA 00 00 00 00 
"
"2016-11-21 13:58:30ID: BC  Data: 00 00 00 AA 00 00 00 00 
"
"2016-11-21 13:58:30ID: BB  Data: 00 00 00 AA 00 00 00 00 
"
"2016-11-21 13:58:30ID: BC  Data: 00 00 00 AA 00 00 00 00 
"
"2016-11-21 13:58:30ID: BB  Data: 00 00 00 AA 00 00 00 00 
"
"2016-11-21 13:58:30ID: BC  Data: 00 00 00 AA 00 00 00 00 
"
"2016-11-21 13:58:30ID: BB  Data: 00 00 00 AA 00 00 00 00 
"
"2016-11-21 13:58:30ID: BC  Data: 00 00 00 AA 00 00 00 00 
"
"2016-11-21 13:58:30ID: BB  Data: 00 00 00 AA 00 00 00 00 
"
"2016-11-21 13:58:30ID: BC  Data: 00 00 00 AA 00 00 00 00 
"
"2016-11-21 13:58:30ID: BB  Data: 00 00 00 AA 00 00 00 00 
"
"2016-11-21 13:58:30ID: BC  Data: 00 00 00 AA 00 00 00 00 
"
"2016-11-21 13:58:30ID: BB  Data: 00 00 00 AA 00 00 00 00 
"
"2016-11-21 13:58:30ID: BC  Data: 00 00 00 AA 00 00 00 00 
"
"2016-11-21 13:58:30ID: BB  Data: 00 00 00 AA 00 00 00 00 
"
"2016-11-21 13:58:30ID: BC  Data: 00 00 00 AA 00 00 00 00 
"
"2016-11-21 13:58:30ID: BB  Data: 00 00 00 AA 00 00 00 00 
"
"2016-11-21 13:58:30ID: BC  Data: 00 00 00 AA 00 00 00 00 
"
"2016-11-21 13:58:30ID: BB  Data: 00 00 00 AA 00 00 00 00 
"
"2016-11-21 13:58:30ID: BC  Data: 00 00 00 AA 00 00 00 00 
"
"2016-11-21 13:58:30ID: BB  Data: 00 00 00 AA 00 00 00 00 
"
"2016-11-21 13:58:30ID: BC  Data: 00 00 00 AA 00 00 00 00 
"
"2016-11-21 13:58:31ID: BB  Data: 00 00 00 AA 00 00 00 00 
"
"2016-11-21 13:58:31ID: BC  Data: 00 00 00 AA 00 00 00 00 
"
"2016-11-21 13:58:31ID: BB  Data: 00 00 00 AA 00 00 00 00 
"
"2016-11-21 13:58:31ID: BC  Data: 00 00 00 AA 00 00 00 00 
"
"2016-11-21 13:58:31ID: BB  Data: 00 00 00 AA 00 00 00 00 
"
"2016-11-21 13:58:31ID: BC  Data: 00 00 00 AA 00 00 00 00 
"
"2016-11-21 13:58:31ID: BB  Data: 00 00 00 AA 00 00 00 00 
"
"2016-11-21 13:58:31ID: BC  Data: 00 00 00 AA 00 00 00 00 
"
"2016-11-21 13:58:31ID: BB  Data: 00 00 00 AA 00 00 00 00 
"
"2016-11-21 13:58:31ID: BC  Data: 00 00 00 AA 00 00 00 00 
"
"2016-11-21 13:58:31ID: BB  Data: 00 00 00 AA 00 00 00 00 
"
"2016-11-21 13:58:31ID: BC  Data: 00 00 00 AA 00 00 00 00 
"
"2016-11-21 13:58:31ID: BB  Data: 00 00 00 AA 00 00 00 00 
"
"2016-11-21 13:58:31ID: BC  Data: 00 00 00 AA 00 00 00 00 
"
"2016-11-21 13:58:31ID: BB  Data: 00 00 00 AA 00 00 00 00 
"
"2016-11-21 13:58:31ID: BC  Data: 00 00 00 AA 00 00 00 00 
"
"2016-11-21 13:58:31ID: BB  Data: 00 00 00 AA 00 00 00 00 
"
"2016-11-21 13:58:31ID: BC  Data: 00 00 00 AA 00 00 00 00 
"
"2016-11-21 13:58:31ID: BB  Data: 00 00 00 AA 00 00 00 00 
"
"2016-11-21 13:58:31ID: BC  Data: 00 00 00 AA 00 00 00 00 
"
"2016-11-21 13:58:31ID: BB  Data: 00 00 00 AA 00 00 00 00 
"
"2016-11-21 13:58:31ID: BC  Data: 00 00 00 AA 00 00 00 00 
"
"2016-11-21 13:58:32ID: BB  Data: 00 00 00 AA 00 00 00 00 
"
"2016-11-21 13:58:32ID: BC  Data: 00 00 00 AA 00 00 00 00 
"
"2016-11-21 13:58:32ID: BB  Data: 00 00 00 AA 00 00 00 00 
"
"2016-11-21 13:58:32ID: BC  Data: 00 00 00 AA 00 00 00 00 
"
"2016-11-21 13:58:32ID: BB  Data: 00 00 00 AA 00 00 00 00 
"
"2016-11-21 13:58:32ID: BC  Data: 00 00 00 AA 00 00 00 00 
"
"2016-11-21 13:58:32ID: BB  Data: 00 00 00 AA 00 00 00 00 
"
"2016-11-21 13:58:32ID: BC  Data: 00 00 00 AA 00 00 00 00 
"
"2016-11-21 13:58:32ID: BB  Data: 00 00 00 AA 00 00 00 00 
"
"2016-11-21 13:58:32ID: BC  Data: 00 00 00 AA 00 00 00 00 
"
"2016-11-21 13:58:32ID: BB  Data: 00 00 00 AA 00 00 00 00 
"
"2016-11-21 13:58:32ID: BC  Data: 00 00 00 AA 00 00 00 00 
"
"2016-11-21 13:58:32ID: BB  Data: 00 00 00 AA 00 00 00 00 
"
"2016-11-21 13:58:32ID: BC  Data: 00 00 00 AA 00 00 00 00 
"
"2016-11-21 13:58:32ID: BB  Data: 00 00 00 AA 00 00 00 00 
"
"2016-11-21 13:58:32ID: BC  Data: 00 00 00 AA 00 00 00 00 
"
"2016-11-21 13:58:32ID: BB  Data: 00 00 00 AA 00 00 00 00 
"
"2016-11-21 13:58:32ID: BC  Data: 00 00 00 AA 00 00 00 00 
"
"2016-11-21 13:58:32ID: BB  Data: 00 00 00 AA 00 00 00 00 
"
"2016-11-21 13:58:32ID: BC  Data: 00 00 00 AA 00 00 00 00 
"
"2016-11-21 13:58:32ID: BB  Data: 00 00 00 AA 00 00 00 00 
"
"2016-11-21 13:58:32ID: BC  Data: 00 00 00 AA 00 00 00 00 
"
"2016-11-21 13:58:32ID: BB  Data: 00 00 00 AA 00 00 00 00 
"
"2016-11-21 13:58:32ID: BC  Data: 00 00 00 AA 00 00 00 00 
"
"2016-11-21 13:58:33ID: BB  Data: 00 00 00 AA 00 00 00 00 
"
"2016-11-21 13:58:33ID: BC  Data: 00 00 00 AA 00 00 00 00 
"
"2016-11-21 13:58:33ID: BB  Data: 00 00 00 AA 00 00 00 00 
"
"2016-11-21 13:58:33ID: BC  Data: 00 00 00 AA 00 00 00 00 
"
"2016-11-21 13:58:33ID: BB  Data: 00 00 00 AA 00 00 00 00 
"
"2016-11-21 13:58:33ID: BC  Data: 00 00 00 AA 00 00 00 00 
"
"2016-11-21 13:58:33ID: BB  Data: 00 00 00 AA 00 00 00 00 
"
"2016-11-21 13:58:33ID: BC  Data: 00 00 00 AA 00 00 00 00 
"
"2016-11-21 13:58:33ID: BB  Data: 00 00 00 AA 00 00 00 00 
"
"2016-11-21 13:58:33ID: BC  Data: 00 00 00 AA 00 00 00 00 
"
"2016-11-21 13:58:33ID: BB  Data: 00 00 00 AA 00 00 00 00 
"
"2016-11-21 13:58:33ID: BC  Data: 00 00 00 AA 00 00 00 00 
"
"2016-11-21 13:58:33ID: BB  Data: 00 00 00 AA 00 00 00 00 
"
"2016-11-21 13:58:33ID: BC  Data: 00 00 00 AA 00 00 00 00 
"
"2016-11-21 13:58:33ID: BB  Data: 00 00 00 AA 00 00 00 00 
"
"2016-11-21 13:58:33ID: BC  Data: 00 00 00 AA 00 00 00 00 
"
"2016-11-21 13:58:33ID: BB  Data: 00 00 00 AA 00 00 00 00 
"
"2016-11-21 13:58:33ID: BC  Data: 00 00 00 AA 00 00 00 00 
"
"2016-11-21 13:58:33ID: BB  Data: 00 00 00 AA 00 00 00 00 
"
"2016-11-21 13:58:33ID: BC  Data: 00 00 00 AA 00 00 00 00 
"
"2016-11-21 13:58:33ID: BB  Data: 00 00 00 AA 00 00 00 00 
"
"2016-11-21 13:58:33ID: BC  Data: 00 00 00 AA 00 00 00 00 
"
"2016-11-21 13:58:34ID: BB  Data: 00 00 00 AA 00 00 00 00 
"
"2016-11-21 13:58:34ID: BC  Data: 00 00 00 AA 00 00 00 00 
"
"2016-11-21 13:58:34ID: BB  Data: 00 00 00 AA 00 00 00 00 
"
"2016-11-21 13:58:34ID: BC  Data: 00 00 00 AA 00 00 00 00 
"
"2016-11-21 13:58:34ID: BB  Data: 00 00 00 AA 00 00 00 00 
"
"2016-11-21 13:58:34ID: BC  Data: 00 00 00 AA 00 00 00 00 
"
"2016-11-21 13:58:34ID: BB  Data: 00 00 00 AA 00 00 00 00 
"
"2016-11-21 13:58:34ID: BC  Data: 00 00 00 AA 00 00 00 00 
"
"2016-11-21 13:58:34ID: BB  Data: 00 00 00 AA 00 00 00 00 
"
"2016-11-21 13:58:34ID: BC  Data: 00 00 00 AA 00 00 00 00 
"
"2016-11-21 13:58:34ID: BB  Data: 00 00 00 AA 00 00 00 00 
"
"2016-11-21 13:58:34ID: BC  Data: 00 00 00 AA 00 00 00 00 
"
"2016-11-21 13:58:34ID: BB  Data: 00 00 00 AA 00 00 00 00 
"
"2016-11-21 13:58:34ID: BC  Data: 00 00 00 AA 00 00 00 00 
"
"2016-11-21 13:58:34ID: BB  Data: 00 00 00 AA 00 00 00 00 
"
"2016-11-21 13:58:34ID: BC  Data: 00 00 00 AA 00 00 00 00 
"
"2016-11-21 13:58:34ID: BB  Data: 00 00 00 AA 00 00 00 00 
"
"2016-11-21 13:58:34ID: BC  Data: 00 00 00 AA 00 00 00 00 
"
"2016-11-21 13:58:34ID: BB  Data: 00 00 00 AA 00 00 00 00 
"
"2016-11-21 13:58:34ID: BC  Data: 00 00 00 AA 00 00 00 00 
"
"2016-11-21 13:58:34ID: BB  Data: 00 00 00 AA 00 00 00 00 
"
"2016-11-21 13:58:34ID: BC  Data: 00 00 00 AA 00 00 00 00 
"
"2016-11-21 13:58:34ID: BB  Data: 00 00 00 AA 00 00 00 00 
"
"2016-11-21 13:58:35ID: BC  Data: 00 00 00 AA 00 00 00 00 
"
"2016-11-21 13:58:35ID: BB  Data: 00 00 00 AA 00 00 00 00 
"
"2016-11-21 13:58:35ID: BC  Data: 00 00 00 AA 00 00 00 00 
"
"2016-11-21 13:58:35ID: BB  Data: 00 00 00 AA 00 00 00 00 
"
"2016-11-21 13:58:35ID: BC  Data: 00 00 00 AA 00 00 00 00 
"
"2016-11-21 13:58:35ID: BB  Data: 00 00 00 AA 00 00 00 00 
"
"2016-11-21 13:58:35ID: BC  Data: 00 00 00 AA 00 00 00 00 
"
"2016-11-21 13:58:35ID: BB  Data: 00 00 00 AA 00 00 00 00 
"
"2016-11-21 13:58:35ID: BC  Data: 00 00 00 AA 00 00 00 00 
"
"2016-11-21 13:58:35ID: BB  Data: 00 00 00 AA 00 00 00 00 
"
"2016-11-21 13:58:35ID: BC  Data: 00 00 00 AA 00 00 00 00 
"
"2016-11-21 13:58:35ID: BB  Data: 00 00 00 AA 00 00 00 00 
"
"2016-11-21 13:58:35ID: BC  Data: 00 00 00 AA 00 00 00 00 
"
"2016-11-21 13:58:35ID: BB  Data: 00 00 00 AA 00 00 00 00 
"
"2016-11-21 13:58:35ID: BC  Data: 00 00 00 AA 00 00 00 00 
"
"2016-11-21 13:58:35ID: BB  Data: 00 00 00 AA 00 00 00 00 
"
"2016-11-21 13:58:35ID: BC  Data: 00 00 00 AA 00 00 00 00 
"
"2016-11-21 13:58:35ID: BB  Data: 00 00 00 AA 00 00 00 00 
"
"2016-11-21 13:58:35ID: BC  Data: 00 00 00 AA 00 00 00 00 
"
"2016-11-21 13:58:35ID: BB  Data: 00 00 00 AA 00 00 00 00 
"
"2016-11-21 13:58:35ID: BC  Data: 00 00 00 AA 00 00 00 00 
"
"2016-11-21 13:58:35ID: BB  Data: 00 00 00 AA 00 00 00 00 
"
"2016-11-21 13:58:35ID: BC  Data: 00 00 00 AA 00 00 00 00 
"
"2016-11-21 13:58:36ID: BB  Data: 00 00 00 AA 00 00 00 00 
"
"2016-11-21 13:58:36ID: BC  Data: 00 00 00 AA 00 00 00 00 
"
"2016-11-21 13:58:36ID: BB  Data: 00 00 00 AA 00 00 00 00 
"
"2016-11-21 13:58:36ID: BC  Data: 00 00 00 AA 00 00 00 00 
"
"2016-11-21 13:58:36ID: BB  Data: 00 00 00 AA 00 00 00 00 
"
"2016-11-21 13:58:36ID: BC  Data: 00 00 00 AA 00 00 00 00 
"
"2016-11-21 13:58:36ID: BB  Data: 00 00 00 AA 00 00 00 00 
"
"2016-11-21 13:58:36ID: BC  Data: 00 00 00 AA 00 00 00 00 
"
"2016-11-21 13:58:36ID: BB  Data: 00 00 00 AA 00 00 00 00 
"
"2016-11-21 13:58:36ID: BC  Data: 00 00 00 AA 00 00 00 00 
"
"2016-11-21 13:58:36ID: BB  Data: 00 00 00 AA 00 00 00 00 
"
"2016-11-21 13:58:36ID: BC  Data: 00 00 00 AA 00 00 00 00 
"
"2016-11-21 13:58:36ID: BB  Data: 00 00 00 AA 00 00 00 00 
"
"2016-11-21 13:58:36ID: BC  Data: 00 00 00 AA 00 00 00 00 
"
"2016-11-21 13:58:36ID: BB  Data: 00 00 00 AA 00 00 00 00 
"
"2016-11-21 13:58:36ID: BC  Data: 00 00 00 AA 00 00 00 00 
"
"2016-11-21 13:58:36ID: BB  Data: 00 00 00 AA 00 00 00 00 
"
"2016-11-21 13:58:36ID: BC  Data: 00 00 00 AA 00 00 00 00 
"
"2016-11-21 13:58:36ID: BB  Data: 00 00 00 AA 00 00 00 00 
"
"2016-11-21 13:58:36ID: BC  Data: 00 00 00 AA 00 00 00 00 
"
"2016-11-21 13:58:36ID: BB  Data: 00 00 00 AA 00 00 00 00 
"
"2016-11-21 13:58:36ID: BC  Data: 00 00 00 AA 00 00 00 00 
"
"2016-11-21 13:58:37ID: BB  Data: 00 00 00 AA 00 00 00 00 
"
"2016-11-21 13:58:37ID: BC  Data: 00 00 00 AA 00 00 00 00 
"
"2016-11-21 13:58:37ID: BB  Data: 00 00 00 AA 00 00 00 00 
"
"2016-11-21 13:58:37ID: BC  Data: 00 00 00 AA 00 00 00 00 
"
"2016-11-21 13:58:37ID: BB  Data: 00 00 00 AA 00 00 00 00 
"
"2016-11-21 13:58:37ID: BC  Data: 00 00 00 AA 00 00 00 00 
"
"2016-11-21 13:58:37ID: BB  Data: 00 00 00 AA 00 00 00 00 
"
"2016-11-21 13:58:37ID: BC  Data: 00 00 00 AA 00 00 00 00 
"
"2016-11-21 13:58:37ID: BB  Data: 00 00 00 AA 00 00 00 00 
"
"2016-11-21 13:58:37ID: BC  Data: 00 00 00 AA 00 00 00 00 
"
"2016-11-21 13:58:37ID: BB  Data: 00 00 00 AA 00 00 00 00 
"
"2016-11-21 13:58:37ID: BC  Data: 00 00 00 AA 00 00 00 00 
"
"2016-11-21 13:58:37ID: BB  Data: 00 00 00 AA 00 00 00 00 
"
"2016-11-21 13:58:37ID: BC  Data: 00 00 00 AA 00 00 00 00 
"
"2016-11-21 13:58:37ID: BB  Data: 00 00 00 AA 00 00 00 00 
"
"2016-11-21 13:58:37ID: BC  Data: 00 00 00 AA 00 00 00 00 
"
"2016-11-21 13:58:37ID: BB  Data: 00 00 00 AA 00 00 00 00 
"
"2016-11-21 13:58:37ID: BC  Data: 00 00 00 AA 00 00 00 00 
"
"2016-11-21 13:58:37ID: BB  Data: 00 00 00 AA 00 00 00 00 
"
"2016-11-21 13:58:37ID: BC  Data: 00 00 00 AA 00 00 00 00 
"
"2016-11-21 13:58:37ID: BB  Data: 00 00 00 AA 00 00 00 00 
"
"2016-11-21 13:58:37ID: BC  Data: 00 00 00 AA 00 00 00 00 
"
"2016-11-21 13:58:37ID: BB  Data: 00 00 00 AA 00 00 00 00 
"
"2016-11-21 13:58:38ID: BC  Data: 00 00 00 AA 00 00 00 00 
"
"2016-11-21 13:58:38ID: BB  Data: 00 00 00 AA 00 00 00 00 
"
"2016-11-21 13:58:38ID: BC  Data: 00 00 00 AA 00 00 00 00 
"
"2016-11-21 13:58:38ID: BB  Data: 00 00 00 AA 00 00 00 00 
"
"2016-11-21 13:58:38ID: BC  Data: 00 00 00 AA 00 00 00 00 
"
"2016-11-21 13:58:38ID: BB  Data: 00 00 00 AA 00 00 00 00 
"
"2016-11-21 13:58:38ID: BC  Data: 00 00 00 AA 00 00 00 00 
"
"2016-11-21 13:58:38ID: BB  Data: 00 00 00 AA 00 00 00 00 
"
"2016-11-21 13:58:38ID: BC  Data: 00 00 00 AA 00 00 00 00 
"
"2016-11-21 13:58:38ID: BB  Data: 00 00 00 AA 00 00 00 00 
"
"2016-11-21 13:58:38ID: BC  Data: 00 00 00 AA 00 00 00 00 
"
"2016-11-21 13:58:38ID: BB  Data: 00 00 00 AA 00 00 00 00 
"
"2016-11-21 13:58:38ID: BC  Data: 00 00 00 AA 00 00 00 00 
"
"2016-11-21 13:58:38ID: BB  Data: 00 00 00 AA 00 00 00 00 
"
"2016-11-21 13:58:38ID: BC  Data: 00 00 00 AA 00 00 00 00 
"
"2016-11-21 13:58:38ID: BB  Data: 00 00 00 AA 00 00 00 00 
"
"2016-11-21 13:58:38ID: BC  Data: 00 00 00 AA 00 00 00 00 
"
"2016-11-21 13:58:38ID: BB  Data: 00 00 00 AA 00 00 00 00 
"
"2016-11-21 13:58:38ID: BC  Data: 00 00 00 AA 00 00 00 00 
"
"2016-11-21 13:58:38ID: BB  Data: 00 00 00 AA 00 00 00 00 
"
"2016-11-21 13:58:38ID: BC  Data: 00 00 00 AA 00 00 00 00 
"
"2016-11-21 13:58:38ID: BB  Data: 00 00 00 AA 00 00 00 00 
"
"2016-11-21 13:58:38ID: BC  Data: 00 00 00 AA 00 00 00 00 
"
"2016-11-21 13:58:39ID: BB  Data: 00 00 00 AA 00 00 00 00 
"
"2016-11-21 13:58:39ID: BC  Data: 00 00 00 AA 00 00 00 00 
"
"2016-11-21 13:58:39ID: BB  Data: 00 00 00 AA 00 00 00 00 
"
"2016-11-21 13:58:39ID: BC  Data: 00 00 00 AA 00 00 00 00 
"
"2016-11-21 13:58:39ID: BB  Data: 00 00 00 AA 00 00 00 00 
"
"2016-11-21 13:58:39ID: BC  Data: 00 00 00 AA 00 00 00 00 
"
"2016-11-21 13:58:39ID: BB  Data: 00 00 00 AA 00 00 00 00 
"
"2016-11-21 13:58:39ID: BC  Data: 00 00 00 AA 00 00 00 00 
"
"2016-11-21 13:58:39ID: BB  Data: 00 00 00 AA 00 00 00 00 
"
"2016-11-21 13:58:39ID: BC  Data: 00 00 00 AA 00 00 00 00 
"
"2016-11-21 13:58:39ID: BB  Data: 00 00 00 AA 00 00 00 00 
"
"2016-11-21 13:58:39ID: BC  Data: 00 00 00 AA 00 00 00 00 
"
"2016-11-21 13:58:39ID: BB  Data: 00 00 00 AA 00 00 00 00 
"
"2016-11-21 13:58:39ID: BC  Data: 00 00 00 AA 00 00 00 00 
"
"2016-11-21 13:58:39ID: BB  Data: 00 00 00 AA 00 00 00 00 
"
"2016-11-21 13:58:39ID: BC  Data: 00 00 00 AA 00 00 00 00 
"
"2016-11-21 13:58:39ID: BB  Data: 00 00 00 AA 00 00 00 00 
"
"2016-11-21 13:58:39ID: BC  Data: 00 00 00 AA 00 00 00 00 
"
"2016-11-21 13:58:39ID: BB  Data: 00 00 00 AA 00 00 00 00 
"
"2016-11-21 13:58:39ID: BC  Data: 00 00 00 AA 00 00 00 00 
"
"2016-11-21 13:58:39ID: BB  Data: 00 00 00 AA 00 00 00 00 
"
"2016-11-21 13:58:39ID: BC  Data: 00 00 00 AA 00 00 00 00 
"
"2016-11-21 13:58:40ID: BB  Data: 00 00 00 AA 00 00 00 00 
"
"2016-11-21 13:58:40ID: BC  Data: 00 00 00 AA 00 00 00 00 
"
"2016-11-21 13:58:40ID: BB  Data: 00 00 00 AA 00 00 00 00 
"
"2016-11-21 13:58:40ID: BC  Data: 00 00 00 AA 00 00 00 00 
"
"2016-11-21 13:58:40ID: BB  Data: 00 00 00 AA 00 00 00 00 
"
"2016-11-21 13:58:40ID: BC  Data: 00 00 00 AA 00 00 00 00 
"
"2016-11-21 13:58:40ID: BB  Data: 00 00 00 AA 00 00 00 00 
"
"2016-11-21 13:58:40ID: BC  Data: 00 00 00 AA 00 00 00 00 
"
"2016-11-21 13:58:40ID: BB  Data: 00 00 00 AA 00 00 00 00 
"
"2016-11-21 13:58:40ID: BC  Data: 00 00 00 AA 00 00 00 00 
"
"2016-11-21 13:58:40ID: BB  Data: 00 00 00 AA 00 00 00 00 
"
"2016-11-21 13:58:40ID: BC  Data: 00 00 00 AA 00 00 00 00 
"
"2016-11-21 13:58:40ID: BB  Data: 00 00 00 AA 00 00 00 00 
"
"2016-11-21 13:58:40ID: BC  Data: 00 00 00 AA 00 00 00 00 
"
"2016-11-21 13:58:40ID: BB  Data: 00 00 00 AA 00 00 00 00 
"
"2016-11-21 13:58:40ID: BC  Data: 00 00 00 AA 00 00 00 00 
"
"2016-11-21 13:58:40ID: BB  Data: 00 00 00 AA 00 00 00 00 
"
"2016-11-21 13:58:40ID: BC  Data: 00 00 00 AA 00 00 00 00 
"
"2016-11-21 13:58:40ID: BB  Data: 00 00 00 AA 00 00 00 00 
"
"2016-11-21 13:58:40ID: BC  Data: 00 00 00 AA 00 00 00 00 
"
"2016-11-21 13:58:40ID: BB  Data: 00 00 00 AA 00 00 00 00 
"
"2016-11-21 13:58:40ID: BC  Data: 00 00 00 AA 00 00 00 00 
"
"2016-11-21 13:58:40ID: BB  Data: 00 00 00 AA 00 00 00 00 
"
"2016-11-21 13:58:40ID: BC  Data: 00 00 00 AA 00 00 00 00 
"
"2016-11-21 13:58:41ID: BB  Data: 00 00 00 AA 00 00 00 00 
"
"2016-11-21 13:58:41ID: BC  Data: 00 00 00 AA 00 00 00 00 
"
"2016-11-21 13:58:41ID: BB  Data: 00 00 00 AA 00 00 00 00 
"
"2016-11-21 13:58:41ID: BC  Data: 00 00 00 AA 00 00 00 00 
"
"2016-11-21 13:58:41ID: BB  Data: 00 00 00 AA 00 00 00 00 
"
"2016-11-21 13:58:41ID: BC  Data: 00 00 00 AA 00 00 00 00 
"
"2016-11-21 13:58:41ID: BB  Data: 00 00 00 AA 00 00 00 00 
"
"2016-11-21 13:58:41ID: BC  Data: 00 00 00 AA 00 00 00 00 
"
"2016-11-21 13:58:41ID: BB  Data: 00 00 00 AA 00 00 00 00 
"
"2016-11-21 13:58:41ID: BC  Data: 00 00 00 AA 00 00 00 00 
"
"2016-11-21 13:58:41ID: BB  Data: 00 00 00 AA 00 00 00 00 
"
"2016-11-21 13:58:41ID: BC  Data: 00 00 00 AA 00 00 00 00 
"
"2016-11-21 13:58:41ID: BB  Data: 00 00 00 AA 00 00 00 00 
"
"2016-11-21 13:58:41ID: BC  Data: 00 00 00 AA 00 00 00 00 
"
"2016-11-21 13:58:41ID: BB  Data: 00 00 00 AA 00 00 00 00 
"
"2016-11-21 13:58:41ID: BC  Data: 00 00 00 AA 00 00 00 00 
"
"2016-11-21 13:58:41ID: BB  Data: 00 00 00 AA 00 00 00 00 
"
"2016-11-21 13:58:41ID: BC  Data: 00 00 00 AA 00 00 00 00 
"
"2016-11-21 13:58:41ID: BB  Data: 00 00 00 AA 00 00 00 00 
"
"2016-11-21 13:58:41ID: BC  Data: 00 00 00 AA 00 00 00 00 
"
"2016-11-21 13:58:41ID: BB  Data: 00 00 00 AA 00 00 00 00 
"
"2016-11-21 13:58:41ID: BC  Data: 00 00 00 AA 00 00 00 00 
"
"2016-11-21 13:58:42ID: BB  Data: 00 00 00 AA 00 00 00 00 
"
"2016-11-21 13:58:42ID: BC  Data: 00 00 00 AA 00 00 00 00 
"
"2016-11-21 13:58:42ID: BB  Data: 00 00 00 AA 00 00 00 00 
"
"2016-11-21 13:58:42ID: BC  Data: 00 00 00 AA 00 00 00 00 
"
"2016-11-21 13:58:42ID: BB  Data: 00 00 00 AA 00 00 00 00 
"
"2016-11-21 13:58:42ID: BC  Data: 00 00 00 AA 00 00 00 00 
"
"2016-11-21 13:58:42ID: BB  Data: 00 00 00 AA 00 00 00 00 
"
"2016-11-21 13:58:42ID: BC  Data: 00 00 00 AA 00 00 00 00 
"
"2016-11-21 13:58:42ID: BB  Data: 00 00 00 AA 00 00 00 00 
"
"2016-11-21 13:58:42ID: BC  Data: 00 00 00 AA 00 00 00 00 
"
"2016-11-21 13:58:42ID: BB  Data: 00 00 00 AA 00 00 00 00 
"
"2016-11-21 13:58:42ID: BC  Data: 00 00 00 AA 00 00 00 00 
"
"2016-11-21 13:58:42ID: BB  Data: 00 00 00 AA 00 00 00 00 
"
"2016-11-21 13:58:42ID: BC  Data: 00 00 00 AA 00 00 00 00 
"
"2016-11-21 13:58:42ID: BB  Data: 00 00 00 AA 00 00 00 00 
"
"2016-11-21 13:58:42ID: BC  Data: 00 00 00 AA 00 00 00 00 
"
"2016-11-21 13:58:42ID: BB  Data: 00 00 00 AA 00 00 00 00 
"
"2016-11-21 13:58:42ID: BC  Data: 00 00 00 AA 00 00 00 00 
"
"2016-11-21 13:58:42ID: BB  Data: 00 00 00 AA 00 00 00 00 
"
"2016-11-21 13:58:42ID: BC  Data: 00 00 00 AA 00 00 00 00 
"
"2016-11-21 13:58:42ID: BB  Data: 00 00 00 AA 00 00 00 00 
"
"2016-11-21 13:58:42ID: BC  Data: 00 00 00 AA 00 00 00 00 
"
"2016-11-21 13:58:43ID: BB  Data: 00 00 00 AA 00 00 00 00 
"
"2016-11-21 13:58:43ID: BC  Data: 00 00 00 AA 00 00 00 00 
"
"2016-11-21 13:58:43ID: BB  Data: 00 00 00 AA 00 00 00 00 
"
"2016-11-21 13:58:43ID: BC  Data: 00 00 00 AA 00 00 00 00 
"
"2016-11-21 13:58:43ID: BB  Data: 00 00 00 AA 00 00 00 00 
"
"2016-11-21 13:58:43ID: BC  Data: 00 00 00 AA 00 00 00 00 
"
"2016-11-21 13:58:43ID: BB  Data: 00 00 00 AA 00 00 00 00 
"
"2016-11-21 13:58:43ID: BC  Data: 00 00 00 AA 00 00 00 00 
"
"2016-11-21 13:58:43ID: BB  Data: 00 00 00 AA 00 00 00 00 
"
"2016-11-21 13:58:43ID: BC  Data: 00 00 00 AA 00 00 00 00 
"
"2016-11-21 13:58:43ID: BB  Data: 00 00 00 AA 00 00 00 00 
"
"2016-11-21 13:58:43ID: BC  Data: 00 00 00 AA 00 00 00 00 
"
"2016-11-21 13:58:43ID: BB  Data: 00 00 00 AA 00 00 00 00 
"
"2016-11-21 13:58:43ID: BC  Data: 00 00 00 AA 00 00 00 00 
"
"2016-11-21 13:58:43ID: BB  Data: 00 00 00 AA 00 00 00 00 
"
"2016-11-21 13:58:43ID: BC  Data: 00 00 00 AA 00 00 00 00 
"
"2016-11-21 13:58:43ID: BB  Data: 00 00 00 AA 00 00 00 00 
"
"2016-11-21 13:58:43ID: BC  Data: 00 00 00 AA 00 00 00 00 
"
"2016-11-21 13:58:43ID: BB  Data: 00 00 00 AA 00 00 00 00 
"
"2016-11-21 13:58:43ID: BC  Data: 00 00 00 AA 00 00 00 00 
"
"2016-11-21 13:58:43ID: BB  Data: 00 00 00 AA 00 00 00 00 
"
"2016-11-21 13:58:43ID: BC  Data: 00 00 00 AA 00 00 00 00 
"
"2016-11-21 13:58:43ID: BB  Data: 00 00 00 AA 00 00 00 00 
"
"2016-11-21 13:58:43ID: BC  Data: 00 00 00 AA 00 00 00 00 
"
"2016-11-21 13:58:44ID: BB  Data: 00 00 00 AA 00 00 00 00 
"
"2016-11-21 13:58:44ID: BC  Data: 00 00 00 AA 00 00 00 00 
"
"2016-11-21 13:58:44ID: BB  Data: 00 00 00 AA 00 00 00 00 
"
"2016-11-21 13:58:44ID: BC  Data: 00 00 00 AA 00 00 00 00 
"
"2016-11-21 13:58:44ID: BB  Data: 00 00 00 AA 00 00 00 00 
"
"2016-11-21 13:58:44ID: BC  Data: 00 00 00 AA 00 00 00 00 
"
"2016-11-21 13:58:44ID: BB  Data: 00 00 00 AA 00 00 00 00 
"
"2016-11-21 13:58:44ID: BC  Data: 00 00 00 AA 00 00 00 00 
"
"2016-11-21 13:58:44ID: BB  Data: 00 00 00 AA 00 00 00 00 
"
"2016-11-21 13:58:44ID: BC  Data: 00 00 00 AA 00 00 00 00 
"
"2016-11-21 13:58:44ID: BB  Data: 00 00 00 AA 00 00 00 00 
"
"2016-11-21 13:58:44ID: BC  Data: 00 00 00 AA 00 00 00 00 
"
"2016-11-21 13:58:44ID: BB  Data: 00 00 00 AA 00 00 00 00 
"
"2016-11-21 13:58:44ID: BC  Data: 00 00 00 AA 00 00 00 00 
"
"2016-11-21 13:58:44ID: BB  Data: 00 00 00 AA 00 00 00 00 
"
"2016-11-21 13:58:44ID: BC  Data: 00 00 00 AA 00 00 00 00 
"
"2016-11-21 13:58:44ID: BB  Data: 00 00 00 AA 00 00 00 00 
"
"2016-11-21 13:58:44ID: BC  Data: 00 00 00 AA 00 00 00 00 
"
"2016-11-21 13:58:44ID: BB  Data: 00 00 00 AA 00 00 00 00 
"
"2016-11-21 13:58:44ID: BC  Data: 00 00 00 AA 00 00 00 00 
"
"2016-11-21 13:58:44ID: BB  Data: 00 00 00 AA 00 00 00 00 
"
"2016-11-21 13:58:44ID: BC  Data: 00 00 00 AA 00 00 00 00 
"
"2016-11-21 13:58:45ID: BB  Data: 00 00 00 AA 00 00 00 00 
"
"2016-11-21 13:58:45ID: BC  Data: 00 00 00 AA 00 00 00 00 
"
"2016-11-21 13:58:45ID: BB  Data: 00 00 00 AA 00 00 00 00 
"
"2016-11-21 13:58:45ID: BC  Data: 00 00 00 AA 00 00 00 00 
"
"2016-11-21 13:58:45ID: BB  Data: 00 00 00 AA 00 00 00 00 
"
"2016-11-21 13:58:45ID: BC  Data: 00 00 00 AA 00 00 00 00 
"
"2016-11-21 13:58:45ID: BB  Data: 00 00 00 AA 00 00 00 00 
"
"2016-11-21 13:58:45ID: BC  Data: 00 00 00 AA 00 00 00 00 
"
"2016-11-21 13:58:45ID: BB  Data: 00 00 00 AA 00 00 00 00 
"
"2016-11-21 13:58:45ID: BC  Data: 00 00 00 AA 00 00 00 00 
"
"2016-11-21 13:58:45ID: BB  Data: 00 00 00 AA 00 00 00 00 
"
"2016-11-21 13:58:45ID: BC  Data: 00 00 00 AA 00 00 00 00 
"
"2016-11-21 13:58:45ID: BB  Data: 00 00 00 AA 00 00 00 00 
"
"2016-11-21 13:58:45ID: BC  Data: 00 00 00 AA 00 00 00 00 
"
"2016-11-21 13:58:45ID: BB  Data: 00 00 00 AA 00 00 00 00 
"
"2016-11-21 13:58:45ID: BC  Data: 00 00 00 AA 00 00 00 00 
"
"2016-11-21 13:58:45ID: BB  Data: 00 00 00 AA 00 00 00 00 
"
"2016-11-21 13:58:45ID: BC  Data: 00 00 00 AA 00 00 00 00 
"
"2016-11-21 13:58:45ID: BB  Data: 00 00 00 AA 00 00 00 00 
"
"2016-11-21 13:58:45ID: BC  Data: 00 00 00 AA 00 00 00 00 
"
"2016-11-21 13:58:45ID: BB  Data: 00 00 00 AA 00 00 00 00 
"
"2016-11-21 13:58:45ID: BC  Data: 00 00 00 AA 00 00 00 00 
"
"2016-11-21 13:58:46ID: BB  Data: 00 00 00 AA 00 00 00 00 
"
"2016-11-21 13:58:46ID: BC  Data: 00 00 00 AA 00 00 00 00 
"
"2016-11-21 13:58:46ID: BB  Data: 00 00 00 AA 00 00 00 00 
"
"2016-11-21 13:58:46ID: BC  Data: 00 00 00 AA 00 00 00 00 
"
"2016-11-21 13:58:46ID: BB  Data: 00 00 00 AA 00 00 00 00 
"
"2016-11-21 13:58:46ID: BC  Data: 00 00 00 AA 00 00 00 00 
"
"2016-11-21 13:58:46ID: BB  Data: 00 00 00 AA 00 00 00 00 
"
"2016-11-21 13:58:46ID: BC  Data: 00 00 00 AA 00 00 00 00 
"
"2016-11-21 13:58:46ID: BB  Data: 00 00 00 AA 00 00 00 00 
"
"2016-11-21 13:58:46ID: BC  Data: 00 00 00 AA 00 00 00 00 
"
"2016-11-21 13:58:46ID: BB  Data: 00 00 00 AA 00 00 00 00 
"
"2016-11-21 13:58:46ID: BC  Data: 00 00 00 AA 00 00 00 00 
"
"2016-11-21 13:58:46ID: BB  Data: 00 00 00 AA 00 00 00 00 
"
"2016-11-21 13:58:46ID: BC  Data: 00 00 00 AA 00 00 00 00 
"
"2016-11-21 13:58:46ID: BB  Data: 00 00 00 AA 00 00 00 00 
"
"2016-11-21 13:58:46ID: BC  Data: 00 00 00 AA 00 00 00 00 
"
"2016-11-21 13:58:46ID: BB  Data: 00 00 00 AA 00 00 00 00 
"
"2016-11-21 13:58:46ID: BC  Data: 00 00 00 AA 00 00 00 00 
"
"2016-11-21 13:58:46ID: BB  Data: 00 00 00 AA 00 00 00 00 
"
"2016-11-21 13:58:46ID: BC  Data: 00 00 00 AA 00 00 00 00 
"
"2016-11-21 13:58:46ID: BB  Data: 00 00 00 AA 00 00 00 00 
"
"2016-11-21 13:58:46ID: BC  Data: 00 00 00 AA 00 00 00 00 
"
"2016-11-21 13:58:46ID: BB  Data: 00 00 00 AA 00 00 00 00 
"
"2016-11-21 13:58:46ID: BC  Data: 00 00 00 AA 00 00 00 00 
"
"2016-11-21 13:58:47ID: BB  Data: 00 00 00 AA 00 00 00 00 
"
"2016-11-21 13:58:47ID: BC  Data: 00 00 00 AA 00 00 00 00 
"
"2016-11-21 13:58:47ID: BB  Data: 00 00 00 AA 00 00 00 00 
"
"2016-11-21 13:58:47ID: BC  Data: 00 00 00 AA 00 00 00 00 
"
"2016-11-21 13:58:47ID: BB  Data: 00 00 00 AA 00 00 00 00 
"
"2016-11-21 13:58:47ID: BC  Data: 00 00 00 AA 00 00 00 00 
"
"2016-11-21 13:58:47ID: BB  Data: 00 00 00 AA 00 00 00 00 
"
"2016-11-21 13:58:47ID: BC  Data: 00 00 00 AA 00 00 00 00 
"
"2016-11-21 13:58:47ID: BB  Data: 00 00 00 AA 00 00 00 00 
"
"2016-11-21 13:58:47ID: BC  Data: 00 00 00 AA 00 00 00 00 
"
"2016-11-21 13:58:47ID: BB  Data: 00 00 00 AA 00 00 00 00 
"
"2016-11-21 13:58:47ID: BC  Data: 00 00 00 AA 00 00 00 00 
"
"2016-11-21 13:58:47ID: BB  Data: 00 00 00 AA 00 00 00 00 
"
"2016-11-21 13:58:47ID: BC  Data: 00 00 00 AA 00 00 00 00 
"
"2016-11-21 13:58:47ID: BB  Data: 00 00 00 AA 00 00 00 00 
"
"2016-11-21 13:58:47ID: BC  Data: 00 00 00 AA 00 00 00 00 
"
"2016-11-21 13:58:47ID: BB  Data: 00 00 00 AA 00 00 00 00 
"
"2016-11-21 13:58:47ID: BC  Data: 00 00 00 AA 00 00 00 00 
"
"2016-11-21 13:58:47ID: BB  Data: 00 00 00 AA 00 00 00 00 
"
"2016-11-21 13:58:47ID: BC  Data: 00 00 00 AA 00 00 00 00 
"
"2016-11-21 13:58:47ID: BB  Data: 00 00 00 AA 00 00 00 00 
"
"2016-11-21 13:58:47ID: BC  Data: 00 00 00 AA 00 00 00 00 
"
"2016-11-21 13:58:48ID: BB  Data: 00 00 00 AA 00 00 00 00 
"
"2016-11-21 13:58:48ID: BC  Data: 00 00 00 AA 00 00 00 00 
"
"2016-11-21 13:58:48ID: BB  Data: 00 00 00 AA 00 00 00 00 
"
"2016-11-21 13:58:48ID: BC  Data: 00 00 00 AA 00 00 00 00 
"
"2016-11-21 13:58:48ID: BB  Data: 00 00 00 AA 00 00 00 00 
"
"2016-11-21 13:58:48ID: BC  Data: 00 00 00 AA 00 00 00 00 
"
"2016-11-21 13:58:48ID: BB  Data: 00 00 00 AA 00 00 00 00 
"
"2016-11-21 13:58:48ID: BC  Data: 00 00 00 AA 00 00 00 00 
"
"2016-11-21 13:58:48ID: BB  Data: 00 00 00 AA 00 00 00 00 
"
"2016-11-21 13:58:48ID: BC  Data: 00 00 00 AA 00 00 00 00 
"
"2016-11-21 13:58:48ID: BB  Data: 00 00 00 AA 00 00 00 00 
"
"2016-11-21 13:58:48ID: BC  Data: 00 00 00 AA 00 00 00 00 
"
"2016-11-21 13:58:48ID: BB  Data: 00 00 00 AA 00 00 00 00 
"
"2016-11-21 13:58:48ID: BC  Data: 00 00 00 AA 00 00 00 00 
"
"2016-11-21 13:58:48ID: BB  Data: 00 00 00 AA 00 00 00 00 
"
"2016-11-21 13:58:48ID: BC  Data: 00 00 00 AA 00 00 00 00 
"
"2016-11-21 13:58:48ID: BB  Data: 00 00 00 AA 00 00 00 00 
"
"2016-11-21 13:58:48ID: BC  Data: 00 00 00 AA 00 00 00 00 
"
"2016-11-21 13:58:48ID: BB  Data: 00 00 00 AA 00 00 00 00 
"
"2016-11-21 13:58:48ID: BC  Data: 00 00 00 AA 00 00 00 00 
"
"2016-11-21 13:58:48ID: BB  Data: 00 00 00 AA 00 00 00 00 
"
"2016-11-21 13:58:48ID: BC  Data: 00 00 00 AA 00 00 00 00 
"
"2016-11-21 13:58:48ID: BB  Data: 00 00 00 AA 00 00 00 00 
"
"2016-11-21 13:58:49ID: BC  Data: 00 00 00 AA 00 00 00 00 
"
"2016-11-21 13:58:49ID: BB  Data: 00 00 00 AA 00 00 00 00 
"
"2016-11-21 13:58:49ID: BC  Data: 00 00 00 AA 00 00 00 00 
"
"2016-11-21 13:58:49ID: BB  Data: 00 00 00 AA 00 00 00 00 
"
"2016-11-21 13:58:49ID: BC  Data: 00 00 00 AA 00 00 00 00 
"
"2016-11-21 13:58:49ID: BB  Data: 00 00 00 AA 00 00 00 00 
"
"2016-11-21 13:58:49ID: BC  Data: 00 00 00 AA 00 00 00 00 
"
"2016-11-21 13:58:49ID: BB  Data: 00 00 00 AA 00 00 00 00 
"
"2016-11-21 13:58:49ID: BC  Data: 00 00 00 AA 00 00 00 00 
"
"2016-11-21 13:58:49ID: BB  Data: 00 00 00 AA 00 00 00 00 
"
"2016-11-21 13:58:49ID: BC  Data: 00 00 00 AA 00 00 00 00 
"
"2016-11-21 13:58:49ID: BB  Data: 00 00 00 AA 00 00 00 00 
"
"2016-11-21 13:58:49ID: BC  Data: 00 00 00 AA 00 00 00 00 
"
"2016-11-21 13:58:49ID: BB  Data: 00 00 00 AA 00 00 00 00 
"
"2016-11-21 13:58:49ID: BC  Data: 00 00 00 AA 00 00 00 00 
"
"2016-11-21 13:58:49ID: BB  Data: 00 00 00 AA 00 00 00 00 
"
"2016-11-21 13:58:49ID: BC  Data: 00 00 00 AA 00 00 00 00 
"
"2016-11-21 13:58:49ID: BB  Data: 00 00 00 AA 00 00 00 00 
"
"2016-11-21 13:58:49ID: BC  Data: 00 00 00 AA 00 00 00 00 
"
"2016-11-21 13:58:49ID: BB  Data: 00 00 00 AA 00 00 00 00 
"
"2016-11-21 13:58:49ID: BC  Data: 00 00 00 AA 00 00 00 00 
"
"2016-11-21 13:58:49ID: BB  Data: 00 00 00 AA 00 00 00 00 
"
"2016-11-21 13:58:49ID: BC  Data: 00 00 00 AA 00 00 00 00 
"
"2016-11-21 13:58:50ID: BB  Data: 00 00 00 AA 00 00 00 00 
"
"2016-11-21 13:58:50ID: BC  Data: 00 00 00 AA 00 00 00 00 
"
"2016-11-21 13:58:50ID: BB  Data: 00 00 00 AA 00 00 00 00 
"
"2016-11-21 13:58:50ID: BC  Data: 00 00 00 AA 00 00 00 00 
"
"2016-11-21 13:58:50ID: BB  Data: 00 00 00 AA 00 00 00 00 
"
"2016-11-21 13:58:50ID: BC  Data: 00 00 00 AA 00 00 00 00 
"
"2016-11-21 13:58:50ID: BB  Data: 00 00 00 AA 00 00 00 00 
"
"2016-11-21 13:58:50ID: BC  Data: 00 00 00 AA 00 00 00 00 
"
"2016-11-21 13:58:50ID: BB  Data: 00 00 00 AA 00 00 00 00 
"
"2016-11-21 13:58:50ID: BC  Data: 00 00 00 AA 00 00 00 00 
"
"2016-11-21 13:58:50ID: BB  Data: 00 00 00 AA 00 00 00 00 
"
"2016-11-21 13:58:50ID: BC  Data: 00 00 00 AA 00 00 00 00 
"
"2016-11-21 13:58:50ID: BB  Data: 00 00 00 AA 00 00 00 00 
"
"2016-11-21 13:58:50ID: BC  Data: 00 00 00 AA 00 00 00 00 
"
"2016-11-21 13:58:50ID: BB  Data: 00 00 00 AA 00 00 00 00 
"
"2016-11-21 13:58:50ID: BC  Data: 00 00 00 AA 00 00 00 00 
"
"2016-11-21 13:58:50ID: BB  Data: 00 00 00 AA 00 00 00 00 
"
"2016-11-21 13:58:50ID: BC  Data: 00 00 00 AA 00 00 00 00 
"
"2016-11-21 13:58:50ID: BB  Data: 00 00 00 AA 00 00 00 00 
"
"2016-11-21 13:58:50ID: BC  Data: 00 00 00 AA 00 00 00 00 
"
"2016-11-21 13:58:50ID: BB  Data: 00 00 00 AA 00 00 00 00 
"
"2016-11-21 13:58:50ID: BC  Data: 00 00 00 AA 00 00 00 00 
"
"2016-11-21 13:58:51ID: BB  Data: 00 00 00 AA 00 00 00 00 
"
"2016-11-21 13:58:51ID: BC  Data: 00 00 00 AA 00 00 00 00 
"
"2016-11-21 13:58:51ID: BB  Data: 00 00 00 AA 00 00 00 00 
"
"2016-11-21 13:58:51ID: BC  Data: 00 00 00 AA 00 00 00 00 
"
"2016-11-21 13:58:51ID: BB  Data: 00 00 00 AA 00 00 00 00 
"
"2016-11-21 13:58:51ID: BC  Data: 00 00 00 AA 00 00 00 00 
"
"2016-11-21 13:58:51ID: BB  Data: 00 00 00 AA 00 00 00 00 
"
"2016-11-21 13:58:51ID: BC  Data: 00 00 00 AA 00 00 00 00 
"
"2016-11-21 13:58:51ID: BB  Data: 00 00 00 AA 00 00 00 00 
"
"2016-11-21 13:58:51ID: BC  Data: 00 00 00 AA 00 00 00 00 
"
"2016-11-21 13:58:51ID: BB  Data: 00 00 00 AA 00 00 00 00 
"
"2016-11-21 13:58:51ID: BC  Data: 00 00 00 AA 00 00 00 00 
"
"2016-11-21 13:58:51ID: BB  Data: 00 00 00 AA 00 00 00 00 
"
"2016-11-21 13:58:51ID: BC  Data: 00 00 00 AA 00 00 00 00 
"
"2016-11-21 13:58:51ID: BB  Data: 00 00 00 AA 00 00 00 00 
"
"2016-11-21 13:58:51ID: BC  Data: 00 00 00 AA 00 00 00 00 
"
"2016-11-21 13:58:51ID: BB  Data: 00 00 00 AA 00 00 00 00 
"
"2016-11-21 13:58:51ID: BC  Data: 00 00 00 AA 00 00 00 00 
"
"2016-11-21 13:58:51ID: BB  Data: 00 00 00 AA 00 00 00 00 
"
"2016-11-21 13:58:51ID: BC  Data: 00 00 00 AA 00 00 00 00 
"
"2016-11-21 13:58:51ID: BB  Data: 00 00 00 AA 00 00 00 00 
"
"2016-11-21 13:58:51ID: BC  Data: 00 00 00 AA 00 00 00 00 
"
"2016-11-21 13:58:51ID: BB  Data: 00 00 00 AA 00 00 00 00 
"
"2016-11-21 13:58:51ID: BC  Data: 00 00 00 AA 00 00 00 00 
"
"2016-11-21 13:58:52ID: BB  Data: 00 00 00 AA 00 00 00 00 
"
"2016-11-21 13:58:52ID: BC  Data: 00 00 00 AA 00 00 00 00 
"
"2016-11-21 13:58:52ID: BB  Data: 00 00 00 AA 00 00 00 00 
"
"2016-11-21 13:58:52ID: BC  Data: 00 00 00 AA 00 00 00 00 
"
"2016-11-21 13:58:52ID: BB  Data: 00 00 00 AA 00 00 00 00 
"
"2016-11-21 13:58:52ID: BC  Data: 00 00 00 AA 00 00 00 00 
"
"2016-11-21 13:58:52ID: BB  Data: 00 00 00 AA 00 00 00 00 
"
"2016-11-21 13:58:52ID: BC  Data: 00 00 00 AA 00 00 00 00 
"
"2016-11-21 13:58:52ID: BB  Data: 00 00 00 AA 00 00 00 00 
"
"2016-11-21 13:58:52ID: BC  Data: 00 00 00 AA 00 00 00 00 
"
"2016-11-21 13:58:52ID: BB  Data: 00 00 00 AA 00 00 00 00 
"
"2016-11-21 13:58:52ID: BC  Data: 00 00 00 AA 00 00 00 00 
"
"2016-11-21 13:58:52ID: BB  Data: 00 00 00 AA 00 00 00 00 
"
"2016-11-21 13:58:52ID: BC  Data: 00 00 00 AA 00 00 00 00 
"
"2016-11-21 13:58:52ID: BB  Data: 00 00 00 AA 00 00 00 00 
"
"2016-11-21 13:58:52ID: BC  Data: 00 00 00 AA 00 00 00 00 
"
"2016-11-21 13:58:52ID: BB  Data: 00 00 00 AA 00 00 00 00 
"
"2016-11-21 13:58:52ID: BC  Data: 00 00 00 AA 00 00 00 00 
"
"2016-11-21 13:58:52ID: BB  Data: 00 00 00 AA 00 00 00 00 
"
"2016-11-21 13:58:52ID: BC  Data: 00 00 00 AA 00 00 00 00 
"
"2016-11-21 13:58:52ID: BB  Data: 00 00 00 AA 00 00 00 00 
"
"2016-11-21 13:58:52ID: BC  Data: 00 00 00 AA 00 00 00 00 
"
"2016-11-21 13:58:53ID: BB  Data: 00 00 00 AA 00 00 00 00 
"
"2016-11-21 13:58:53ID: BC  Data: 00 00 00 AA 00 00 00 00 
"
"2016-11-21 13:58:53ID: BB  Data: 00 00 00 AA 00 00 00 00 
"
"2016-11-21 13:58:53ID: BC  Data: 00 00 00 AA 00 00 00 00 
"
"2016-11-21 13:58:53ID: BB  Data: 00 00 00 AA 00 00 00 00 
"
"2016-11-21 13:58:53ID: BC  Data: 00 00 00 AA 00 00 00 00 
"
"2016-11-21 13:58:53ID: BB  Data: 00 00 00 AA 00 00 00 00 
"
"2016-11-21 13:58:53ID: BC  Data: 00 00 00 AA 00 00 00 00 
"
"2016-11-21 13:58:53ID: BB  Data: 00 00 00 AA 00 00 00 00 
"
"2016-11-21 13:58:53ID: BC  Data: 00 00 00 AA 00 00 00 00 
"
"2016-11-21 13:58:53ID: BB  Data: 00 00 00 AA 00 00 00 00 
"
"2016-11-21 13:58:53ID: BC  Data: 00 00 00 AA 00 00 00 00 
"
"2016-11-21 13:58:53ID: BB  Data: 00 00 00 AA 00 00 00 00 
"
"2016-11-21 13:58:53ID: BC  Data: 00 00 00 AA 00 00 00 00 
"
"2016-11-21 13:58:53ID: BB  Data: 00 00 00 AA 00 00 00 00 
"
"2016-11-21 13:58:53ID: BC  Data: 00 00 00 AA 00 00 00 00 
"
"2016-11-21 13:58:53ID: BB  Data: 00 00 00 AA 00 00 00 00 
"
"2016-11-21 13:58:53ID: BC  Data: 00 00 00 AA 00 00 00 00 
"
"2016-11-21 13:58:53ID: BB  Data: 00 00 00 AA 00 00 00 00 
"
"2016-11-21 13:58:53ID: BC  Data: 00 00 00 AA 00 00 00 00 
"
"2016-11-21 13:58:53ID: BB  Data: 00 00 00 AA 00 00 00 00 
"
"2016-11-21 13:58:53ID: BC  Data: 00 00 00 AA 00 00 00 00 
"
"2016-11-21 13:58:54ID: BB  Data: 00 00 00 AA 00 00 00 00 
"
"2016-11-21 13:58:54ID: BC  Data: 00 00 00 AA 00 00 00 00 
"
"2016-11-21 13:58:54ID: BB  Data: 00 00 00 AA 00 00 00 00 
"
"2016-11-21 13:58:54ID: BC  Data: 00 00 00 AA 00 00 00 00 
"
"2016-11-21 13:58:54ID: BB  Data: 00 00 00 AA 00 00 00 00 
"
"2016-11-21 13:58:54ID: BC  Data: 00 00 00 AA 00 00 00 00 
"
"2016-11-21 13:58:54ID: BB  Data: 00 00 00 AA 00 00 00 00 
"
"2016-11-21 13:58:54ID: BC  Data: 00 00 00 AA 00 00 00 00 
"
"2016-11-21 13:58:54ID: BB  Data: 00 00 00 AA 00 00 00 00 
"
"2016-11-21 13:58:54ID: BC  Data: 00 00 00 AA 00 00 00 00 
"
"2016-11-21 13:58:54ID: BB  Data: 00 00 00 AA 00 00 00 00 
"
"2016-11-21 13:58:54ID: BC  Data: 00 00 00 AA 00 00 00 00 
"
"2016-11-21 13:58:54ID: BB  Data: 00 00 00 AA 00 00 00 00 
"
"2016-11-21 13:58:54ID: BC  Data: 00 00 00 AA 00 00 00 00 
"
"2016-11-21 13:58:54ID: BB  Data: 00 00 00 AA 00 00 00 00 
"
"2016-11-21 13:58:54ID: BC  Data: 00 00 00 AA 00 00 00 00 
"
"2016-11-21 13:58:54ID: BB  Data: 00 00 00 AA 00 00 00 00 
"
"2016-11-21 13:58:54ID: BC  Data: 00 00 00 AA 00 00 00 00 
"
"2016-11-21 13:58:54ID: BB  Data: 00 00 00 AA 00 00 00 00 
"
"2016-11-21 13:58:54ID: BC  Data: 00 00 00 AA 00 00 00 00 
"
"2016-11-21 13:58:54ID: BB  Data: 00 00 00 AA 00 00 00 00 
"
"2016-11-21 13:58:54ID: BC  Data: 00 00 00 AA 00 00 00 00 
"
"2016-11-21 13:58:54ID: BB  Data: 00 00 00 AA 00 00 00 00 
"
"2016-11-21 13:58:54ID: BC  Data: 00 00 00 AA 00 00 00 00 
"
"2016-11-21 13:58:55ID: BB  Data: 00 00 00 AA 00 00 00 00 
"
"2016-11-21 13:58:55ID: BC  Data: 00 00 00 AA 00 00 00 00 
"
"2016-11-21 13:58:55ID: BB  Data: 00 00 00 AA 00 00 00 00 
"
"2016-11-21 13:58:55ID: BC  Data: 00 00 00 AA 00 00 00 00 
"
"2016-11-21 13:58:55ID: BB  Data: 00 00 00 AA 00 00 00 00 
"
"2016-11-21 13:58:55ID: BC  Data: 00 00 00 AA 00 00 00 00 
"
"2016-11-21 13:58:55ID: BB  Data: 00 00 00 AA 00 00 00 00 
"
"2016-11-21 13:58:55ID: BC  Data: 00 00 00 AA 00 00 00 00 
"
"2016-11-21 13:58:55ID: BB  Data: 00 00 00 AA 00 00 00 00 
"
"2016-11-21 13:58:55ID: BC  Data: 00 00 00 AA 00 00 00 00 
"
"2016-11-21 13:58:55ID: BB  Data: 00 00 00 AA 00 00 00 00 
"
"2016-11-21 13:58:55ID: BC  Data: 00 00 00 AA 00 00 00 00 
"
"2016-11-21 13:58:55ID: BB  Data: 00 00 00 AA 00 00 00 00 
"
"2016-11-21 13:58:55ID: BC  Data: 00 00 00 AA 00 00 00 00 
"
"2016-11-21 13:58:55ID: BB  Data: 00 00 00 AA 00 00 00 00 
"
"2016-11-21 13:58:55ID: BC  Data: 00 00 00 AA 00 00 00 00 
"
"2016-11-21 13:58:55ID: BB  Data: 00 00 00 AA 00 00 00 00 
"
"2016-11-21 13:58:55ID: BC  Data: 00 00 00 AA 00 00 00 00 
"
"2016-11-21 13:58:55ID: BB  Data: 00 00 00 AA 00 00 00 00 
"
"2016-11-21 13:58:55ID: BC  Data: 00 00 00 AA 00 00 00 00 
"
"2016-11-21 13:58:55ID: BB  Data: 00 00 00 AA 00 00 00 00 
"
"2016-11-21 13:58:55ID: BC  Data: 00 00 00 AA 00 00 00 00 
"
"2016-11-21 13:58:56ID: BB  Data: 00 00 00 AA 00 00 00 00 
"
"2016-11-21 13:58:56ID: BC  Data: 00 00 00 AA 00 00 00 00 
"
"2016-11-21 13:58:56ID: BB  Data: 00 00 00 AA 00 00 00 00 
"
"2016-11-21 13:58:56ID: BC  Data: 00 00 00 AA 00 00 00 00 
"
"2016-11-21 13:58:56ID: BB  Data: 00 00 00 AA 00 00 00 00 
"
"2016-11-21 13:58:56ID: BC  Data: 00 00 00 AA 00 00 00 00 
"
"2016-11-21 13:58:56ID: BB  Data: 00 00 00 AA 00 00 00 00 
"
"2016-11-21 13:58:56ID: BC  Data: 00 00 00 AA 00 00 00 00 
"
"2016-11-21 13:58:56ID: BB  Data: 00 00 00 AA 00 00 00 00 
"
"2016-11-21 13:58:56ID: BC  Data: 00 00 00 AA 00 00 00 00 
"
"2016-11-21 13:58:56ID: BB  Data: 00 00 00 AA 00 00 00 00 
"
"2016-11-21 13:58:56ID: BC  Data: 00 00 00 AA 00 00 00 00 
"
"2016-11-21 13:58:56ID: BB  Data: 00 00 00 AA 00 00 00 00 
"
"2016-11-21 13:58:56ID: BC  Data: 00 00 00 AA 00 00 00 00 
"
"2016-11-21 13:58:56ID: BB  Data: 00 00 00 AA 00 00 00 00 
"
"2016-11-21 13:58:56ID: BC  Data: 00 00 00 AA 00 00 00 00 
"
"2016-11-21 13:58:56ID: BB  Data: 00 00 00 AA 00 00 00 00 
"
"2016-11-21 13:58:56ID: BC  Data: 00 00 00 AA 00 00 00 00 
"
"2016-11-21 13:58:56ID: BB  Data: 00 00 00 AA 00 00 00 00 
"
"2016-11-21 13:58:56ID: BC  Data: 00 00 00 AA 00 00 00 00 
"
"2016-11-21 13:58:56ID: BB  Data: 00 00 00 AA 00 00 00 00 
"
"2016-11-21 13:58:56ID: BC  Data: 00 00 00 AA 00 00 00 00 
"
"2016-11-21 13:58:57ID: BB  Data: 00 00 00 AA 00 00 00 00 
"
"2016-11-21 13:58:57ID: BC  Data: 00 00 00 AA 00 00 00 00 
"
"2016-11-21 13:58:57ID: BB  Data: 00 00 00 AA 00 00 00 00 
"
"2016-11-21 13:58:57ID: BC  Data: 00 00 00 AA 00 00 00 00 
"
"2016-11-21 13:58:57ID: BB  Data: 00 00 00 AA 00 00 00 00 
"
"2016-11-21 13:58:57ID: BC  Data: 00 00 00 AA 00 00 00 00 
"
"2016-11-21 13:58:57ID: BB  Data: 00 00 00 AA 00 00 00 00 
"
"2016-11-21 13:58:57ID: BC  Data: 00 00 00 AA 00 00 00 00 
"
"2016-11-21 13:58:57ID: BB  Data: 00 00 00 AA 00 00 00 00 
"
"2016-11-21 13:58:57ID: BC  Data: 00 00 00 AA 00 00 00 00 
"
"2016-11-21 13:58:57ID: BB  Data: 00 00 00 AA 00 00 00 00 
"
"2016-11-21 13:58:57ID: BC  Data: 00 00 00 AA 00 00 00 00 
"
"2016-11-21 13:58:57ID: BB  Data: 00 00 00 AA 00 00 00 00 
"
"2016-11-21 13:58:57ID: BC  Data: 00 00 00 AA 00 00 00 00 
"
"2016-11-21 13:58:57ID: BB  Data: 00 00 00 AA 00 00 00 00 
"
"2016-11-21 13:58:57ID: BC  Data: 00 00 00 AA 00 00 00 00 
"
"2016-11-21 13:58:57ID: BB  Data: 00 00 00 AA 00 00 00 00 
"
"2016-11-21 13:58:57ID: BC  Data: 00 00 00 AA 00 00 00 00 
"
"2016-11-21 13:58:57ID: BB  Data: 00 00 00 AA 00 00 00 00 
"
"2016-11-21 13:58:57ID: BC  Data: 00 00 00 AA 00 00 00 00 
"
"2016-11-21 13:58:57ID: BB  Data: 00 00 00 AA 00 00 00 00 
"
"2016-11-21 13:58:57ID: BC  Data: 00 00 00 AA 00 00 00 00 
"
"2016-11-21 13:58:57ID: BB  Data: 00 00 00 AA 00 00 00 00 
"
"2016-11-21 13:58:57ID: BC  Data: 00 00 00 AA 00 00 00 00 
"
"2016-11-21 13:58:58ID: BB  Data: 00 00 00 AA 00 00 00 00 
"
"2016-11-21 13:58:58ID: BC  Data: 00 00 00 AA 00 00 00 00 
"
"2016-11-21 13:58:58ID: BB  Data: 00 00 00 AA 00 00 00 00 
"
"2016-11-21 13:58:58ID: BC  Data: 00 00 00 AA 00 00 00 00 
"
"2016-11-21 13:58:58ID: BB  Data: 00 00 00 AA 00 00 00 00 
"
"2016-11-21 13:58:58ID: BC  Data: 00 00 00 AA 00 00 00 00 
"
"2016-11-21 13:58:58ID: BB  Data: 00 00 00 AA 00 00 00 00 
"
"2016-11-21 13:58:58ID: BC  Data: 00 00 00 AA 00 00 00 00 
"
"2016-11-21 13:58:58ID: BB  Data: 00 00 00 AA 00 00 00 00 
"
"2016-11-21 13:58:58ID: BC  Data: 00 00 00 AA 00 00 00 00 
"
"2016-11-21 13:58:58ID: BB  Data: 00 00 00 AA 00 00 00 00 
"
"2016-11-21 13:58:58ID: BC  Data: 00 00 00 AA 00 00 00 00 
"
"2016-11-21 13:58:58ID: BB  Data: 00 00 00 AA 00 00 00 00 
"
"2016-11-21 13:58:58ID: BC  Data: 00 00 00 AA 00 00 00 00 
"
"2016-11-21 13:58:58ID: BB  Data: 00 00 00 AA 00 00 00 00 
"
"2016-11-21 13:58:58ID: BC  Data: 00 00 00 AA 00 00 00 00 
"
"2016-11-21 13:58:58ID: BB  Data: 00 00 00 AA 00 00 00 00 
"
"2016-11-21 13:58:58ID: BC  Data: 00 00 00 AA 00 00 00 00 
"
"2016-11-21 13:58:58ID: BB  Data: 00 00 00 AA 00 00 00 00 
"
"2016-11-21 13:58:58ID: BC  Data: 00 00 00 AA 00 00 00 00 
"
"2016-11-21 13:58:58ID: BB  Data: 00 00 00 AA 00 00 00 00 
"
"2016-11-21 13:58:58ID: BC  Data: 00 00 00 AA 00 00 00 00 
"
"2016-11-21 13:58:59ID: BB  Data: 00 00 00 AA 00 00 00 00 
"
"2016-11-21 13:58:59ID: BC  Data: 00 00 00 AA 00 00 00 00 
"
"2016-11-21 13:58:59ID: BB  Data: 00 00 00 AA 00 00 00 00 
"
"2016-11-21 13:58:59ID: BC  Data: 00 00 00 AA 00 00 00 00 
"
"2016-11-21 13:58:59ID: BB  Data: 00 00 00 AA 00 00 00 00 
"
"2016-11-21 13:58:59ID: BC  Data: 00 00 00 AA 00 00 00 00 
"
"2016-11-21 13:58:59ID: BB  Data: 00 00 00 AA 00 00 00 00 
"
"2016-11-21 13:58:59ID: BC  Data: 00 00 00 AA 00 00 00 00 
"
"2016-11-21 13:58:59ID: BB  Data: 00 00 00 AA 00 00 00 00 
"
"2016-11-21 13:58:59ID: BC  Data: 00 00 00 AA 00 00 00 00 
"
"2016-11-21 13:58:59ID: BB  Data: 00 00 00 AA 00 00 00 00 
"
"2016-11-21 13:58:59ID: BC  Data: 00 00 00 AA 00 00 00 00 
"
"2016-11-21 13:58:59ID: BB  Data: 00 00 00 AA 00 00 00 00 
"
"2016-11-21 13:58:59ID: BC  Data: 00 00 00 AA 00 00 00 00 
"
"2016-11-21 13:58:59ID: BB  Data: 00 00 00 AA 00 00 00 00 
"
"2016-11-21 13:58:59ID: BC  Data: 00 00 00 AA 00 00 00 00 
"
"2016-11-21 13:58:59ID: BB  Data: 00 00 00 AA 00 00 00 00 
"
"2016-11-21 13:58:59ID: BC  Data: 00 00 00 AA 00 00 00 00 
"
"2016-11-21 13:58:59ID: BB  Data: 00 00 00 AA 00 00 00 00 
"
"2016-11-21 13:58:59ID: BC  Data: 00 00 00 AA 00 00 00 00 
"
"2016-11-21 13:58:59ID: BB  Data: 00 00 00 AA 00 00 00 00 
"
"2016-11-21 13:58:59ID: BC  Data: 00 00 00 AA 00 00 00 00 
"
"2016-11-21 13:58:59ID: BB  Data: 00 00 00 AA 00 00 00 00 
"
"2016-11-21 13:59:00ID: BC  Data: 00 00 00 AA 00 00 00 00 
"
"2016-11-21 13:59:00ID: BB  Data: 00 00 00 AA 00 00 00 00 
"
"2016-11-21 13:59:00ID: BC  Data: 00 00 00 AA 00 00 00 00 
"
"2016-11-21 13:59:00ID: BB  Data: 00 00 00 AA 00 00 00 00 
"
"2016-11-21 13:59:00ID: BC  Data: 00 00 00 AA 00 00 00 00 
"
"2016-11-21 13:59:00ID: BB  Data: 00 00 00 AA 00 00 00 00 
"
"2016-11-21 13:59:00ID: BC  Data: 00 00 00 AA 00 00 00 00 
"
"2016-11-21 13:59:00ID: BB  Data: 00 00 00 AA 00 00 00 00 
"
"2016-11-21 13:59:00ID: BC  Data: 00 00 00 AA 00 00 00 00 
"
"2016-11-21 13:59:00ID: BB  Data: 00 00 00 AA 00 00 00 00 
"
"2016-11-21 13:59:00ID: BC  Data: 00 00 00 AA 00 00 00 00 
"
"2016-11-21 13:59:00ID: BB  Data: 00 00 00 AA 00 00 00 00 
"
"2016-11-21 13:59:00ID: BC  Data: 00 00 00 AA 00 00 00 00 
"
"2016-11-21 13:59:00ID: BB  Data: 00 00 00 AA 00 00 00 00 
"
"2016-11-21 13:59:00ID: BC  Data: 00 00 00 AA 00 00 00 00 
"
"2016-11-21 13:59:00ID: BB  Data: 00 00 00 AA 00 00 00 00 
"
"2016-11-21 13:59:00ID: BC  Data: 00 00 00 AA 00 00 00 00 
"
"2016-11-21 13:59:00ID: BB  Data: 00 00 00 AA 00 00 00 00 
"
"2016-11-21 13:59:00ID: BC  Data: 00 00 00 AA 00 00 00 00 
"
"2016-11-21 13:59:00ID: BB  Data: 00 00 00 AA 00 00 00 00 
"
"2016-11-21 13:59:00ID: BC  Data: 00 00 00 AA 00 00 00 00 
"
"2016-11-21 13:59:00ID: BB  Data: 00 00 00 AA 00 00 00 00 
"
"2016-11-21 13:59:00ID: BC  Data: 00 00 00 AA 00 00 00 00 
"
"2016-11-21 13:59:01ID: BB  Data: 00 00 00 AA 00 00 00 00 
"
"2016-11-21 13:59:01ID: BC  Data: 00 00 00 AA 00 00 00 00 
"
"2016-11-21 13:59:01ID: BB  Data: 00 00 00 AA 00 00 00 00 
"
"2016-11-21 13:59:01ID: BC  Data: 00 00 00 AA 00 00 00 00 
"
"2016-11-21 13:59:01ID: BB  Data: 00 00 00 AA 00 00 00 00 
"
"2016-11-21 13:59:01ID: BC  Data: 00 00 00 AA 00 00 00 00 
"
"2016-11-21 13:59:01ID: BB  Data: 00 00 00 AA 00 00 00 00 
"
"2016-11-21 13:59:01ID: BC  Data: 00 00 00 AA 00 00 00 00 
"
"2016-11-21 13:59:01ID: BB  Data: 00 00 00 AA 00 00 00 00 
"
"2016-11-21 13:59:01ID: BC  Data: 00 00 00 AA 00 00 00 00 
"
"2016-11-21 13:59:01ID: BB  Data: 00 00 00 AA 00 00 00 00 
"
"2016-11-21 13:59:01ID: BC  Data: 00 00 00 AA 00 00 00 00 
"
"2016-11-21 13:59:01ID: BB  Data: 00 00 00 AA 00 00 00 00 
"
"2016-11-21 13:59:01ID: BC  Data: 00 00 00 AA 00 00 00 00 
"
"2016-11-21 13:59:01ID: BB  Data: 00 00 00 AA 00 00 00 00 
"
"2016-11-21 13:59:01ID: BC  Data: 00 00 00 AA 00 00 00 00 
"
"2016-11-21 13:59:01ID: BB  Data: 00 00 00 AA 00 00 00 00 
"
"2016-11-21 13:59:01ID: BC  Data: 00 00 00 AA 00 00 00 00 
"
"2016-11-21 13:59:01ID: BB  Data: 00 00 00 AA 00 00 00 00 
"
"2016-11-21 13:59:01ID: BC  Data: 00 00 00 AA 00 00 00 00 
"
"2016-11-21 13:59:01ID: BB  Data: 00 00 00 AA 00 00 00 00 
"
"2016-11-21 13:59:01ID: BC  Data: 00 00 00 AA 00 00 00 00 
"
"2016-11-21 13:59:02ID: BB  Data: 00 00 00 AA 00 00 00 00 
"
"2016-11-21 13:59:02ID: BC  Data: 00 00 00 AA 00 00 00 00 
"
"2016-11-21 13:59:02ID: BB  Data: 00 00 00 AA 00 00 00 00 
"
"2016-11-21 13:59:02ID: BC  Data: 00 00 00 AA 00 00 00 00 
"
"2016-11-21 13:59:02ID: BB  Data: 00 00 00 AA 00 00 00 00 
"
"2016-11-21 13:59:02ID: BC  Data: 00 00 00 AA 00 00 00 00 
"
"2016-11-21 13:59:02ID: BB  Data: 00 00 00 AA 00 00 00 00 
"
"2016-11-21 13:59:02ID: BC  Data: 00 00 00 AA 00 00 00 00 
"
"2016-11-21 13:59:02ID: BB  Data: 00 00 00 AA 00 00 00 00 
"
"2016-11-21 13:59:02ID: BC  Data: 00 00 00 AA 00 00 00 00 
"
"2016-11-21 13:59:02ID: BB  Data: 00 00 00 AA 00 00 00 00 
"
"2016-11-21 13:59:02ID: BC  Data: 00 00 00 AA 00 00 00 00 
"
"2016-11-21 13:59:02ID: BB  Data: 00 00 00 AA 00 00 00 00 
"
"2016-11-21 13:59:02ID: BC  Data: 00 00 00 AA 00 00 00 00 
"
"2016-11-21 13:59:02ID: BB  Data: 00 00 00 AA 00 00 00 00 
"
"2016-11-21 13:59:02ID: BC  Data: 00 00 00 AA 00 00 00 00 
"
"2016-11-21 13:59:02ID: BB  Data: 00 00 00 AA 00 00 00 00 
"
"2016-11-21 13:59:02ID: BC  Data: 00 00 00 AA 00 00 00 00 
"
"2016-11-21 13:59:02ID: BB  Data: 00 00 00 AA 00 00 00 00 
"
"2016-11-21 13:59:02ID: BC  Data: 00 00 00 AA 00 00 00 00 
"
"2016-11-21 13:59:02ID: BB  Data: 00 00 00 AA 00 00 00 00 
"
"2016-11-21 13:59:02ID: BC  Data: 00 00 00 AA 00 00 00 00 
"
"2016-11-21 13:59:02ID: BB  Data: 00 00 00 AA 00 00 00 00 
"
"2016-11-21 13:59:02ID: BC  Data: 00 00 00 AA 00 00 00 00 
"
"2016-11-21 13:59:03ID: BB  Data: 00 00 00 AA 00 00 00 00 
"
"2016-11-21 13:59:03ID: BC  Data: 00 00 00 AA 00 00 00 00 
"
"2016-11-21 13:59:03ID: BB  Data: 00 00 00 AA 00 00 00 00 
"
"2016-11-21 13:59:03ID: BC  Data: 00 00 00 AA 00 00 00 00 
"
"2016-11-21 13:59:03ID: BB  Data: 00 00 00 AA 00 00 00 00 
"
"2016-11-21 13:59:03ID: BC  Data: 00 00 00 AA 00 00 00 00 
"
"2016-11-21 13:59:03ID: BB  Data: 00 00 00 AA 00 00 00 00 
"
"2016-11-21 13:59:03ID: BC  Data: 00 00 00 AA 00 00 00 00 
"
"2016-11-21 13:59:03ID: BB  Data: 00 00 00 AA 00 00 00 00 
"
"2016-11-21 13:59:03ID: BC  Data: 00 00 00 AA 00 00 00 00 
"
"2016-11-21 13:59:03ID: BB  Data: 00 00 00 AA 00 00 00 00 
"
"2016-11-21 13:59:03ID: BC  Data: 00 00 00 AA 00 00 00 00 
"
"2016-11-21 13:59:03ID: BB  Data: 00 00 00 AA 00 00 00 00 
"
"2016-11-21 13:59:03ID: BC  Data: 00 00 00 AA 00 00 00 00 
"
"2016-11-21 13:59:03ID: BB  Data: 00 00 00 AA 00 00 00 00 
"
"2016-11-21 13:59:03ID: BC  Data: 00 00 00 AA 00 00 00 00 
"
"2016-11-21 13:59:03ID: BB  Data: 00 00 00 AA 00 00 00 00 
"
"2016-11-21 13:59:03ID: BC  Data: 00 00 00 AA 00 00 00 00 
"
"2016-11-21 13:59:03ID: BB  Data: 00 00 00 AA 00 00 00 00 
"
"2016-11-21 13:59:03ID: BC  Data: 00 00 00 AA 00 00 00 00 
"
"2016-11-21 13:59:03ID: BB  Data: 00 00 00 AA 00 00 00 00 
"
"2016-11-21 13:59:03ID: BC  Data: 00 00 00 AA 00 00 00 00 
"
"2016-11-21 13:59:04ID: BB  Data: 00 00 00 AA 00 00 00 00 
"
"2016-11-21 13:59:04ID: BC  Data: 00 00 00 AA 00 00 00 00 
"
"2016-11-21 13:59:04ID: BB  Data: 00 00 00 AA 00 00 00 00 
"
"2016-11-21 13:59:04ID: BC  Data: 00 00 00 AA 00 00 00 00 
"
"2016-11-21 13:59:04ID: BB  Data: 00 00 00 AA 00 00 00 00 
"
"2016-11-21 13:59:04ID: BC  Data: 00 00 00 AA 00 00 00 00 
"
"2016-11-21 13:59:04ID: BB  Data: 00 00 00 AA 00 00 00 00 
"
"2016-11-21 13:59:04ID: BC  Data: 00 00 00 AA 00 00 00 00 
"
"2016-11-21 13:59:04ID: BB  Data: 00 00 00 AA 00 00 00 00 
"
"2016-11-21 13:59:04ID: BC  Data: 00 00 00 AA 00 00 00 00 
"
"2016-11-21 13:59:04ID: BB  Data: 00 00 00 AA 00 00 00 00 
"
"2016-11-21 13:59:04ID: BC  Data: 00 00 00 AA 00 00 00 00 
"
"2016-11-21 13:59:04ID: BB  Data: 00 00 00 AA 00 00 00 00 
"
"2016-11-21 13:59:04ID: BC  Data: 00 00 00 AA 00 00 00 00 
"
"2016-11-21 13:59:04ID: BB  Data: 00 00 00 AA 00 00 00 00 
"
"2016-11-21 13:59:04ID: BC  Data: 00 00 00 AA 00 00 00 00 
"
"2016-11-21 13:59:04ID: BB  Data: 00 00 00 AA 00 00 00 00 
"
"2016-11-21 13:59:04ID: BC  Data: 00 00 00 AA 00 00 00 00 
"
"2016-11-21 13:59:04ID: BB  Data: 00 00 00 AA 00 00 00 00 
"
"2016-11-21 13:59:04ID: BC  Data: 00 00 00 AA 00 00 00 00 
"
"2016-11-21 13:59:04ID: BB  Data: 00 00 00 AA 00 00 00 00 
"
"2016-11-21 13:59:04ID: BC  Data: 00 00 00 AA 00 00 00 00 
"
"2016-11-21 13:59:05ID: BB  Data: 00 00 00 AA 00 00 00 00 
"
"2016-11-21 13:59:05ID: BC  Data: 00 00 00 AA 00 00 00 00 
"
"2016-11-21 13:59:05ID: BB  Data: 00 00 00 AA 00 00 00 00 
"
"2016-11-21 13:59:05ID: BC  Data: 00 00 00 AA 00 00 00 00 
"
"2016-11-21 13:59:05ID: BB  Data: 00 00 00 AA 00 00 00 00 
"
"2016-11-21 13:59:05ID: BC  Data: 00 00 00 AA 00 00 00 00 
"
"2016-11-21 13:59:05ID: BB  Data: 00 00 00 AA 00 00 00 00 
"
"2016-11-21 13:59:05ID: BC  Data: 00 00 00 AA 00 00 00 00 
"
"2016-11-21 13:59:05ID: BB  Data: 00 00 00 AA 00 00 00 00 
"
"2016-11-21 13:59:05ID: BC  Data: 00 00 00 AA 00 00 00 00 
"
"2016-11-21 13:59:05ID: BB  Data: 00 00 00 AA 00 00 00 00 
"
"2016-11-21 13:59:05ID: BC  Data: 00 00 00 AA 00 00 00 00 
"
"2016-11-21 13:59:05ID: BB  Data: 00 00 00 AA 00 00 00 00 
"
"2016-11-21 13:59:05ID: BC  Data: 00 00 00 AA 00 00 00 00 
"
"2016-11-21 13:59:05ID: BB  Data: 00 00 00 AA 00 00 00 00 
"
"2016-11-21 13:59:05ID: BC  Data: 00 00 00 AA 00 00 00 00 
"
"2016-11-21 13:59:05ID: BB  Data: 00 00 00 AA 00 00 00 00 
"
"2016-11-21 13:59:05ID: BC  Data: 00 00 00 AA 00 00 00 00 
"
"2016-11-21 13:59:05ID: BB  Data: 00 00 00 AA 00 00 00 00 
"
"2016-11-21 13:59:05ID: BC  Data: 00 00 00 AA 00 00 00 00 
"
"2016-11-21 13:59:05ID: BB  Data: 00 00 00 AA 00 00 00 00 
"
"2016-11-21 13:59:05ID: BC  Data: 00 00 00 AA 00 00 00 00 
"
"2016-11-21 13:59:05ID: BB  Data: 00 00 00 AA 00 00 00 00 
"
"2016-11-21 13:59:05ID: BC  Data: 00 00 00 AA 00 00 00 00 
"
"2016-11-21 13:59:06ID: BB  Data: 00 00 00 AA 00 00 00 00 
"
"2016-11-21 13:59:06ID: BC  Data: 00 00 00 AA 00 00 00 00 
"
"2016-11-21 13:59:06ID: BB  Data: 00 00 00 AA 00 00 00 00 
"
"2016-11-21 13:59:06ID: BC  Data: 00 00 00 AA 00 00 00 00 
"
"2016-11-21 13:59:06ID: BB  Data: 00 00 00 AA 00 00 00 00 
"
"2016-11-21 13:59:06ID: BC  Data: 00 00 00 AA 00 00 00 00 
"
"2016-11-21 13:59:06ID: BB  Data: 00 00 00 AA 00 00 00 00 
"
"2016-11-21 13:59:06ID: BC  Data: 00 00 00 AA 00 00 00 00 
"
"2016-11-21 13:59:06ID: BB  Data: 00 00 00 AA 00 00 00 00 
"
"2016-11-21 13:59:06ID: BC  Data: 00 00 00 AA 00 00 00 00 
"
"2016-11-21 13:59:06ID: BB  Data: 00 00 00 AA 00 00 00 00 
"
"2016-11-21 13:59:06ID: BC  Data: 00 00 00 AA 00 00 00 00 
"
"2016-11-21 13:59:06ID: BB  Data: 00 00 00 AA 00 00 00 00 
"
"2016-11-21 13:59:06ID: BC  Data: 00 00 00 AA 00 00 00 00 
"
"2016-11-21 13:59:06ID: BB  Data: 00 00 00 AA 00 00 00 00 
"
"2016-11-21 13:59:06ID: BC  Data: 00 00 00 AA 00 00 00 00 
"
"2016-11-21 13:59:06ID: BB  Data: 00 00 00 AA 00 00 00 00 
"
"2016-11-21 13:59:06ID: BC  Data: 00 00 00 AA 00 00 00 00 
"
"2016-11-21 13:59:06ID: BB  Data: 00 00 00 AA 00 00 00 00 
"
"2016-11-21 13:59:06ID: BC  Data: 00 00 00 AA 00 00 00 00 
"
"2016-11-21 13:59:06ID: BB  Data: 00 00 00 AA 00 00 00 00 
"
"2016-11-21 13:59:06ID: BC  Data: 00 00 00 AA 00 00 00 00 
"
"2016-11-21 13:59:07ID: BB  Data: 00 00 00 AA 00 00 00 00 
"
"2016-11-21 13:59:07ID: BC  Data: 00 00 00 AA 00 00 00 00 
"
"2016-11-21 13:59:07ID: BB  Data: 00 00 00 AA 00 00 00 00 
"
"2016-11-21 13:59:07ID: BC  Data: 00 00 00 AA 00 00 00 00 
"
"2016-11-21 13:59:07ID: BB  Data: 00 00 00 AA 00 00 00 00 
"
"2016-11-21 13:59:07ID: BC  Data: 00 00 00 AA 00 00 00 00 
"
"2016-11-21 13:59:07ID: BB  Data: 00 00 00 AA 00 00 00 00 
"
"2016-11-21 13:59:07ID: BC  Data: 00 00 00 AA 00 00 00 00 
"
"2016-11-21 13:59:07ID: BB  Data: 00 00 00 AA 00 00 00 00 
"
"2016-11-21 13:59:07ID: BC  Data: 00 00 00 AA 00 00 00 00 
"
"2016-11-21 13:59:07ID: BB  Data: 00 00 00 AA 00 00 00 00 
"
"2016-11-21 13:59:07ID: BC  Data: 00 00 00 AA 00 00 00 00 
"
"2016-11-21 13:59:07ID: BB  Data: 00 00 00 AA 00 00 00 00 
"
"2016-11-21 13:59:07ID: BC  Data: 00 00 00 AA 00 00 00 00 
"
"2016-11-21 13:59:07ID: BB  Data: 00 00 00 AA 00 00 00 00 
"
"2016-11-21 13:59:07ID: BC  Data: 00 00 00 AA 00 00 00 00 
"
"2016-11-21 13:59:07ID: BB  Data: 00 00 00 AA 00 00 00 00 
"
"2016-11-21 13:59:07ID: BC  Data: 00 00 00 AA 00 00 00 00 
"
"2016-11-21 13:59:07ID: BB  Data: 00 00 00 AA 00 00 00 00 
"
"2016-11-21 13:59:07ID: BC  Data: 00 00 00 AA 00 00 00 00 
"
"2016-11-21 13:59:07ID: BB  Data: 00 00 00 AA 00 00 00 00 
"
"2016-11-21 13:59:07ID: BC  Data: 00 00 00 AA 00 00 00 00 
"
"2016-11-21 13:59:08ID: BB  Data: 00 00 00 AA 00 00 00 00 
"
"2016-11-21 13:59:08ID: BC  Data: 00 00 00 AA 00 00 00 00 
"
"2016-11-21 13:59:08ID: BB  Data: 00 00 00 AA 00 00 00 00 
"
"2016-11-21 13:59:08ID: BC  Data: 00 00 00 AA 00 00 00 00 
"
"2016-11-21 13:59:08ID: BB  Data: 00 00 00 AA 00 00 00 00 
"
"2016-11-21 13:59:08ID: BC  Data: 00 00 00 AA 00 00 00 00 
"
"2016-11-21 13:59:08ID: BB  Data: 00 00 00 AA 00 00 00 00 
"
"2016-11-21 13:59:08ID: BC  Data: 00 00 00 AA 00 00 00 00 
"
"2016-11-21 13:59:08ID: BB  Data: 00 00 00 AA 00 00 00 00 
"
"2016-11-21 13:59:08ID: BC  Data: 00 00 00 AA 00 00 00 00 
"
"2016-11-21 13:59:08ID: BB  Data: 00 00 00 AA 00 00 00 00 
"
"2016-11-21 13:59:08ID: BC  Data: 00 00 00 AA 00 00 00 00 
"
"2016-11-21 13:59:08ID: BB  Data: 00 00 00 AA 00 00 00 00 
"
"2016-11-21 13:59:08ID: BC  Data: 00 00 00 AA 00 00 00 00 
"
"2016-11-21 13:59:08ID: BB  Data: 00 00 00 AA 00 00 00 00 
"
"2016-11-21 13:59:08ID: BC  Data: 00 00 00 AA 00 00 00 00 
"
"2016-11-21 13:59:08ID: BB  Data: 00 00 00 AA 00 00 00 00 
"
"2016-11-21 13:59:08ID: BC  Data: 00 00 00 AA 00 00 00 00 
"
"2016-11-21 13:59:08ID: BB  Data: 00 00 00 AA 00 00 00 00 
"
"2016-11-21 13:59:08ID: BC  Data: 00 00 00 AA 00 00 00 00 
"
"2016-11-21 13:59:08ID: BB  Data: 00 00 00 AA 00 00 00 00 
"
"2016-11-21 13:59:08ID: BC  Data: 00 00 00 AA 00 00 00 00 
"
"2016-11-21 13:59:08ID: BB  Data: 00 00 00 AA 00 00 00 00 
"
"2016-11-21 13:59:08ID: BC  Data: 00 00 00 AA 00 00 00 00 
"
"2016-11-21 13:59:09ID: BB  Data: 00 00 00 AA 00 00 00 00 
"
"2016-11-21 13:59:09ID: BC  Data: 00 00 00 AA 00 00 00 00 
"
"2016-11-21 13:59:09ID: BB  Data: 00 00 00 AA 00 00 00 00 
"
"2016-11-21 13:59:09ID: BC  Data: 00 00 00 AA 00 00 00 00 
"
"2016-11-21 13:59:09ID: BB  Data: 00 00 00 AA 00 00 00 00 
"
"2016-11-21 13:59:09ID: BC  Data: 00 00 00 AA 00 00 00 00 
"
"2016-11-21 13:59:09ID: BB  Data: 00 00 00 AA 00 00 00 00 
"
"2016-11-21 13:59:09ID: BC  Data: 00 00 00 AA 00 00 00 00 
"
"2016-11-21 13:59:09ID: BB  Data: 00 00 00 AA 00 00 00 00 
"
"2016-11-21 13:59:09ID: BC  Data: 00 00 00 AA 00 00 00 00 
"
"2016-11-21 13:59:09ID: BB  Data: 00 00 00 AA 00 00 00 00 
"
"2016-11-21 13:59:09ID: BC  Data: 00 00 00 AA 00 00 00 00 
"
"2016-11-21 13:59:09ID: BB  Data: 00 00 00 AA 00 00 00 00 
"
"2016-11-21 13:59:09ID: BC  Data: 00 00 00 AA 00 00 00 00 
"
"2016-11-21 13:59:09ID: BB  Data: 00 00 00 AA 00 00 00 00 
"
"2016-11-21 13:59:09ID: BC  Data: 00 00 00 AA 00 00 00 00 
"
"2016-11-21 13:59:09ID: BB  Data: 00 00 00 AA 00 00 00 00 
"
"2016-11-21 13:59:09ID: BC  Data: 00 00 00 AA 00 00 00 00 
"
"2016-11-21 13:59:09ID: BB  Data: 00 00 00 AA 00 00 00 00 
"
"2016-11-21 13:59:09ID: BC  Data: 00 00 00 AA 00 00 00 00 
"
"2016-11-21 13:59:09ID: BB  Data: 00 00 00 AA 00 00 00 00 
"
"2016-11-21 13:59:09ID: BC  Data: 00 00 00 AA 00 00 00 00 
"
"2016-11-21 13:59:10ID: BB  Data: 00 00 00 AA 00 00 00 00 
"
"2016-11-21 13:59:10ID: BC  Data: 00 00 00 AA 00 00 00 00 
"
"2016-11-21 13:59:10ID: BB  Data: 00 00 00 AA 00 00 00 00 
"
"2016-11-21 13:59:10ID: BC  Data: 00 00 00 AA 00 00 00 00 
"
"2016-11-21 13:59:10ID: BB  Data: 00 00 00 AA 00 00 00 00 
"
"2016-11-21 13:59:10ID: BC  Data: 00 00 00 AA 00 00 00 00 
"
"2016-11-21 13:59:10ID: BB  Data: 00 00 00 AA 00 00 00 00 
"
"2016-11-21 13:59:10ID: BC  Data: 00 00 00 AA 00 00 00 00 
"
"2016-11-21 13:59:10ID: BB  Data: 00 00 00 AA 00 00 00 00 
"
"2016-11-21 13:59:10ID: BC  Data: 00 00 00 AA 00 00 00 00 
"
"2016-11-21 13:59:10ID: BB  Data: 00 00 00 AA 00 00 00 00 
"
"2016-11-21 13:59:10ID: BC  Data: 00 00 00 AA 00 00 00 00 
"
"2016-11-21 13:59:10ID: BB  Data: 00 00 00 AA 00 00 00 00 
"
"2016-11-21 13:59:10ID: BC  Data: 00 00 00 AA 00 00 00 00 
"
"2016-11-21 13:59:10ID: BB  Data: 00 00 00 AA 00 00 00 00 
"
"2016-11-21 13:59:10ID: BC  Data: 00 00 00 AA 00 00 00 00 
"
"2016-11-21 13:59:10ID: BB  Data: 00 00 00 AA 00 00 00 00 
"
"2016-11-21 13:59:10ID: BC  Data: 00 00 00 AA 00 00 00 00 
"
"2016-11-21 13:59:10ID: BB  Data: 00 00 00 AA 00 00 00 00 
"
"2016-11-21 13:59:10ID: BC  Data: 00 00 00 AA 00 00 00 00 
"
"2016-11-21 13:59:10ID: BB  Data: 00 00 00 AA 00 00 00 00 
"
"2016-11-21 13:59:10ID: BC  Data: 00 00 00 AA 00 00 00 00 
"
"2016-11-21 13:59:10ID: BB  Data: 00 00 00 AA 00 00 00 00 
"
"2016-11-21 13:59:11ID: BC  Data: 00 00 00 AA 00 00 00 00 
"
"2016-11-21 13:59:11ID: BB  Data: 00 00 00 AA 00 00 00 00 
"
"2016-11-21 13:59:11ID: BC  Data: 00 00 00 AA 00 00 00 00 
"
"2016-11-21 13:59:11ID: BB  Data: 00 00 00 AA 00 00 00 00 
"
"2016-11-21 13:59:11ID: BC  Data: 00 00 00 AA 00 00 00 00 
"
"2016-11-21 13:59:11ID: BB  Data: 00 00 00 AA 00 00 00 00 
"
"2016-11-21 13:59:11ID: BC  Data: 00 00 00 AA 00 00 00 00 
"
"2016-11-21 13:59:11ID: BB  Data: 00 00 00 AA 00 00 00 00 
"
"2016-11-21 13:59:11ID: BC  Data: 00 00 00 AA 00 00 00 00 
"
"2016-11-21 13:59:11ID: BB  Data: 00 00 00 AA 00 00 00 00 
"
"2016-11-21 13:59:11ID: BC  Data: 00 00 00 AA 00 00 00 00 
"
"2016-11-21 13:59:11ID: BB  Data: 00 00 00 AA 00 00 00 00 
"
"2016-11-21 13:59:11ID: BC  Data: 00 00 00 AA 00 00 00 00 
"
"2016-11-21 13:59:11ID: BB  Data: 00 00 00 AA 00 00 00 00 
"
"2016-11-21 13:59:11ID: BC  Data: 00 00 00 AA 00 00 00 00 
"
"2016-11-21 13:59:11ID: BB  Data: 00 00 00 AA 00 00 00 00 
"
"2016-11-21 13:59:11ID: BC  Data: 00 00 00 AA 00 00 00 00 
"
"2016-11-21 13:59:11ID: BB  Data: 00 00 00 AA 00 00 00 00 
"
"2016-11-21 13:59:11ID: BC  Data: 00 00 00 AA 00 00 00 00 
"
"2016-11-21 13:59:11ID: BB  Data: 00 00 00 AA 00 00 00 00 
"
"2016-11-21 13:59:11ID: BC  Data: 00 00 00 AA 00 00 00 00 
"
"2016-11-21 13:59:11ID: BB  Data: 00 00 00 AA 00 00 00 00 
"
"2016-11-21 13:59:11ID: BC  Data: 00 00 00 AA 00 00 00 00 
"
"2016-11-21 13:59:12ID: BB  Data: 00 00 00 AA 00 00 00 00 
"
"2016-11-21 13:59:12ID: BC  Data: 00 00 00 AA 00 00 00 00 
"
"2016-11-21 13:59:12ID: BB  Data: 00 00 00 AA 00 00 00 00 
"
"2016-11-21 13:59:12ID: BC  Data: 00 00 00 AA 00 00 00 00 
"
"2016-11-21 13:59:12ID: BB  Data: 00 00 00 AA 00 00 00 00 
"
"2016-11-21 13:59:12ID: BC  Data: 00 00 00 AA 00 00 00 00 
"
"2016-11-21 13:59:12ID: BB  Data: 00 00 00 AA 00 00 00 00 
"
"2016-11-21 13:59:12ID: BC  Data: 00 00 00 AA 00 00 00 00 
"
"2016-11-21 13:59:12ID: BB  Data: 00 00 00 AA 00 00 00 00 
"
"2016-11-21 13:59:12ID: BC  Data: 00 00 00 AA 00 00 00 00 
"
"2016-11-21 13:59:12ID: BB  Data: 00 00 00 AA 00 00 00 00 
"
"2016-11-21 13:59:12ID: BC  Data: 00 00 00 AA 00 00 00 00 
"
"2016-11-21 13:59:12ID: BB  Data: 00 00 00 AA 00 00 00 00 
"
"2016-11-21 13:59:12ID: BC  Data: 00 00 00 AA 00 00 00 00 
"
"2016-11-21 13:59:12ID: BB  Data: 00 00 00 AA 00 00 00 00 
"
"2016-11-21 13:59:12ID: BC  Data: 00 00 00 AA 00 00 00 00 
"
"2016-11-21 13:59:12ID: BB  Data: 00 00 00 AA 00 00 00 00 
"
"2016-11-21 13:59:12ID: BC  Data: 00 00 00 AA 00 00 00 00 
"
"2016-11-21 13:59:12ID: BB  Data: 00 00 00 AA 00 00 00 00 
"
"2016-11-21 13:59:12ID: BC  Data: 00 00 00 AA 00 00 00 00 
"
"2016-11-21 13:59:12ID: BB  Data: 00 00 00 AA 00 00 00 00 
"
"2016-11-21 13:59:12ID: BC  Data: 00 00 00 AA 00 00 00 00 
"
"2016-11-21 13:59:13ID: BB  Data: 00 00 00 AA 00 00 00 00 
"
"2016-11-21 13:59:13ID: BC  Data: 00 00 00 AA 00 00 00 00 
"
"2016-11-21 13:59:13ID: BB  Data: 00 00 00 AA 00 00 00 00 
"
"2016-11-21 13:59:13ID: BC  Data: 00 00 00 AA 00 00 00 00 
"
"2016-11-21 13:59:13ID: BB  Data: 00 00 00 AA 00 00 00 00 
"
"2016-11-21 13:59:13ID: BC  Data: 00 00 00 AA 00 00 00 00 
"
"2016-11-21 13:59:13ID: BB  Data: 00 00 00 AA 00 00 00 00 
"
"2016-11-21 13:59:13ID: BC  Data: 00 00 00 AA 00 00 00 00 
"
"2016-11-21 13:59:13ID: BB  Data: 00 00 00 AA 00 00 00 00 
"
"2016-11-21 13:59:13ID: BC  Data: 00 00 00 AA 00 00 00 00 
"
"2016-11-21 13:59:13ID: BB  Data: 00 00 00 AA 00 00 00 00 
"
"2016-11-21 13:59:13ID: BC  Data: 00 00 00 AA 00 00 00 00 
"
"2016-11-21 13:59:13ID: BB  Data: 00 00 00 AA 00 00 00 00 
"
"2016-11-21 13:59:13ID: BC  Data: 00 00 00 AA 00 00 00 00 
"
"2016-11-21 13:59:13ID: BB  Data: 00 00 00 AA 00 00 00 00 
"
"2016-11-21 13:59:13ID: BC  Data: 00 00 00 AA 00 00 00 00 
"
"2016-11-21 13:59:13ID: BB  Data: 00 00 00 AA 00 00 00 00 
"
"2016-11-21 13:59:13ID: BC  Data: 00 00 00 AA 00 00 00 00 
"
"2016-11-21 13:59:13ID: BB  Data: 00 00 00 AA 00 00 00 00 
"
"2016-11-21 13:59:13ID: BC  Data: 00 00 00 AA 00 00 00 00 
"
"2016-11-21 13:59:13ID: BB  Data: 00 00 00 AA 00 00 00 00 
"
"2016-11-21 13:59:13ID: BC  Data: 00 00 00 AA 00 00 00 00 
"
"2016-11-21 13:59:13ID: BB  Data: 00 00 00 AA 00 00 00 00 
"
"2016-11-21 13:59:13ID: BC  Data: 00 00 00 AA 00 00 00 00 
"
"2016-11-21 13:59:14ID: BB  Data: 00 00 00 AA 00 00 00 00 
"
"2016-11-21 13:59:14ID: BC  Data: 00 00 00 AA 00 00 00 00 
"
"2016-11-21 13:59:14ID: BB  Data: 00 00 00 AA 00 00 00 00 
"
"2016-11-21 13:59:14ID: BC  Data: 00 00 00 AA 00 00 00 00 
"
"2016-11-21 13:59:14ID: BB  Data: 00 00 00 AA 00 00 00 00 
"
"2016-11-21 13:59:14ID: BC  Data: 00 00 00 AA 00 00 00 00 
"
"2016-11-21 13:59:14ID: BB  Data: 00 00 00 AA 00 00 00 00 
"
"2016-11-21 13:59:14ID: BC  Data: 00 00 00 AA 00 00 00 00 
"
"2016-11-21 13:59:14ID: BB  Data: 00 00 00 AA 00 00 00 00 
"
"2016-11-21 13:59:14ID: BC  Data: 00 00 00 AA 00 00 00 00 
"
"2016-11-21 13:59:14ID: BB  Data: 00 00 00 AA 00 00 00 00 
"
"2016-11-21 13:59:14ID: BC  Data: 00 00 00 AA 00 00 00 00 
"
"2016-11-21 13:59:14ID: BB  Data: 00 00 00 AA 00 00 00 00 
"
"2016-11-21 13:59:14ID: BC  Data: 00 00 00 AA 00 00 00 00 
"
"2016-11-21 13:59:14ID: BB  Data: 00 00 00 AA 00 00 00 00 
"
"2016-11-21 13:59:14ID: BC  Data: 00 00 00 AA 00 00 00 00 
"
"2016-11-21 13:59:14ID: BB  Data: 00 00 00 AA 00 00 00 00 
"
"2016-11-21 13:59:14ID: BC  Data: 00 00 00 AA 00 00 00 00 
"
"2016-11-21 13:59:14ID: BB  Data: 00 00 00 AA 00 00 00 00 
"
"2016-11-21 13:59:14ID: BC  Data: 00 00 00 AA 00 00 00 00 
"
"2016-11-21 13:59:14ID: BB  Data: 00 00 00 AA 00 00 00 00 
"
"2016-11-21 13:59:14ID: BC  Data: 00 00 00 AA 00 00 00 00 
"
"2016-11-21 13:59:15ID: BB  Data: 00 00 00 AA 00 00 00 00 
"
"2016-11-21 13:59:15ID: BC  Data: 00 00 00 AA 00 00 00 00 
"
"2016-11-21 13:59:15ID: BB  Data: 00 00 00 AA 00 00 00 00 
"
"2016-11-21 13:59:15ID: BC  Data: 00 00 00 AA 00 00 00 00 
"
"2016-11-21 13:59:15ID: BB  Data: 00 00 00 AA 00 00 00 00 
"
"2016-11-21 13:59:15ID: BC  Data: 00 00 00 AA 00 00 00 00 
"
"2016-11-21 13:59:15ID: BB  Data: 00 00 00 AA 00 00 00 00 
"
"2016-11-21 13:59:15ID: BC  Data: 00 00 00 AA 00 00 00 00 
"
"2016-11-21 13:59:15ID: BB  Data: 00 00 00 AA 00 00 00 00 
"
"2016-11-21 13:59:15ID: BC  Data: 00 00 00 AA 00 00 00 00 
"
"2016-11-21 13:59:15ID: BB  Data: 00 00 00 AA 00 00 00 00 
"
"2016-11-21 13:59:15ID: BC  Data: 00 00 00 AA 00 00 00 00 
"
"2016-11-21 13:59:15ID: BB  Data: 00 00 00 AA 00 00 00 00 
"
"2016-11-21 13:59:15ID: BC  Data: 00 00 00 AA 00 00 00 00 
"
"2016-11-21 13:59:15ID: BB  Data: 00 00 00 AA 00 00 00 00 
"
"2016-11-21 13:59:15ID: BC  Data: 00 00 00 AA 00 00 00 00 
"
"2016-11-21 13:59:15ID: BB  Data: 00 00 00 AA 00 00 00 00 
"
"2016-11-21 13:59:15ID: BC  Data: 00 00 00 AA 00 00 00 00 
"
"2016-11-21 13:59:15ID: BB  Data: 00 00 00 AA 00 00 00 00 
"
"2016-11-21 13:59:15ID: BC  Data: 00 00 00 AA 00 00 00 00 
"
"2016-11-21 13:59:15ID: BB  Data: 00 00 00 AA 00 00 00 00 
"
"2016-11-21 13:59:15ID: BC  Data: 00 00 00 AA 00 00 00 00 
"
"2016-11-21 13:59:16ID: BB  Data: 00 00 00 AA 00 00 00 00 
"
"2016-11-21 13:59:16ID: BC  Data: 00 00 00 AA 00 00 00 00 
"
"2016-11-21 13:59:16ID: BB  Data: 00 00 00 AA 00 00 00 00 
"
"2016-11-21 13:59:16ID: BC  Data: 00 00 00 AA 00 00 00 00 
"
"2016-11-21 13:59:16ID: BB  Data: 00 00 00 AA 00 00 00 00 
"
"2016-11-21 13:59:16ID: BC  Data: 00 00 00 AA 00 00 00 00 
"
"2016-11-21 13:59:16ID: BB  Data: 00 00 00 AA 00 00 00 00 
"
"2016-11-21 13:59:16ID: BC  Data: 00 00 00 AA 00 00 00 00 
"
"2016-11-21 13:59:16ID: BB  Data: 00 00 00 AA 00 00 00 00 
"
"2016-11-21 13:59:16ID: BC  Data: 00 00 00 AA 00 00 00 00 
"
"2016-11-21 13:59:16ID: BB  Data: 00 00 00 AA 00 00 00 00 
"
"2016-11-21 13:59:16ID: BC  Data: 00 00 00 AA 00 00 00 00 
"
"2016-11-21 13:59:16ID: BB  Data: 00 00 00 AA 00 00 00 00 
"
"2016-11-21 13:59:16ID: BC  Data: 00 00 00 AA 00 00 00 00 
"
"2016-11-21 13:59:16ID: BB  Data: 00 00 00 AA 00 00 00 00 
"
"2016-11-21 13:59:16ID: BC  Data: 00 00 00 AA 00 00 00 00 
"
"2016-11-21 13:59:16ID: BB  Data: 00 00 00 AA 00 00 00 00 
"
"2016-11-21 13:59:16ID: BC  Data: 00 00 00 AA 00 00 00 00 
"
"2016-11-21 13:59:16ID: BB  Data: 00 00 00 AA 00 00 00 00 
"
"2016-11-21 13:59:16ID: BC  Data: 00 00 00 AA 00 00 00 00 
"
"2016-11-21 13:59:16ID: BB  Data: 00 00 00 AA 00 00 00 00 
"
"2016-11-21 13:59:16ID: BC  Data: 00 00 00 AA 00 00 00 00 
"
"2016-11-21 13:59:16ID: BB  Data: 00 00 00 AA 00 00 00 00 
"
"2016-11-21 13:59:16ID: BC  Data: 00 00 00 AA 00 00 00 00 
"
"2016-11-21 13:59:17ID: BB  Data: 00 00 00 AA 00 00 00 00 
"
"2016-11-21 13:59:17ID: BC  Data: 00 00 00 AA 00 00 00 00 
"
"2016-11-21 13:59:17ID: BB  Data: 00 00 00 AA 00 00 00 00 
"
"2016-11-21 13:59:17ID: BC  Data: 00 00 00 AA 00 00 00 00 
"
"2016-11-21 13:59:17ID: BB  Data: 00 00 00 AA 00 00 00 00 
"
"2016-11-21 13:59:17ID: BC  Data: 00 00 00 AA 00 00 00 00 
"
"2016-11-21 13:59:17ID: BB  Data: 00 00 00 AA 00 00 00 00 
"
"2016-11-21 13:59:17ID: BC  Data: 00 00 00 AA 00 00 00 00 
"
"2016-11-21 13:59:17ID: BB  Data: 00 00 00 AA 00 00 00 00 
"
"2016-11-21 13:59:17ID: BC  Data: 00 00 00 AA 00 00 00 00 
"
"2016-11-21 13:59:17ID: BB  Data: 00 00 00 AA 00 00 00 00 
"
"2016-11-21 13:59:17ID: BC  Data: 00 00 00 AA 00 00 00 00 
"
"2016-11-21 13:59:17ID: BB  Data: 00 00 00 AA 00 00 00 00 
"
"2016-11-21 13:59:17ID: BC  Data: 00 00 00 AA 00 00 00 00 
"
"2016-11-21 13:59:17ID: BB  Data: 00 00 00 AA 00 00 00 00 
"
"2016-11-21 13:59:17ID: BC  Data: 00 00 00 AA 00 00 00 00 
"
"2016-11-21 13:59:17ID: BB  Data: 00 00 00 AA 00 00 00 00 
"
"2016-11-21 13:59:17ID: BC  Data: 00 00 00 AA 00 00 00 00 
"
"2016-11-21 13:59:17ID: BB  Data: 00 00 00 AA 00 00 00 00 
"
"2016-11-21 13:59:17ID: BC  Data: 00 00 00 AA 00 00 00 00 
"
"2016-11-21 13:59:17ID: BB  Data: 00 00 00 AA 00 00 00 00 
"
"2016-11-21 13:59:17ID: BC  Data: 00 00 00 AA 00 00 00 00 
"
"2016-11-21 13:59:18ID: BB  Data: 00 00 00 AA 00 00 00 00 
"
"2016-11-21 13:59:18ID: BC  Data: 00 00 00 AA 00 00 00 00 
"
"2016-11-21 13:59:18ID: BB  Data: 00 00 00 AA 00 00 00 00 
"
"2016-11-21 13:59:18ID: BC  Data: 00 00 00 AA 00 00 00 00 
"
"2016-11-21 13:59:18ID: BB  Data: 00 00 00 AA 00 00 00 00 
"
"2016-11-21 13:59:18ID: BC  Data: 00 00 00 AA 00 00 00 00 
"
"2016-11-21 13:59:18ID: BB  Data: 00 00 00 AA 00 00 00 00 
"
"2016-11-21 13:59:18ID: BC  Data: 00 00 00 AA 00 00 00 00 
"
"2016-11-21 13:59:18ID: BB  Data: 00 00 00 AA 00 00 00 00 
"
"2016-11-21 13:59:18ID: BC  Data: 00 00 00 AA 00 00 00 00 
"
"2016-11-21 13:59:18ID: BB  Data: 00 00 00 AA 00 00 00 00 
"
"2016-11-21 13:59:18ID: BC  Data: 00 00 00 AA 00 00 00 00 
"
"2016-11-21 13:59:18ID: BB  Data: 00 00 00 AA 00 00 00 00 
"
"2016-11-21 13:59:18ID: BC  Data: 00 00 00 AA 00 00 00 00 
"
"2016-11-21 13:59:18ID: BB  Data: 00 00 00 AA 00 00 00 00 
"
"2016-11-21 13:59:18ID: BC  Data: 00 00 00 AA 00 00 00 00 
"
"2016-11-21 13:59:18ID: BB  Data: 00 00 00 AA 00 00 00 00 
"
"2016-11-21 13:59:18ID: BC  Data: 00 00 00 AA 00 00 00 00 
"
"2016-11-21 13:59:18ID: BB  Data: 00 00 00 AA 00 00 00 00 
"
"2016-11-21 13:59:18ID: BC  Data: 00 00 00 AA 00 00 00 00 
"
"2016-11-21 13:59:18ID: BB  Data: 00 00 00 AA 00 00 00 00 
"
"2016-11-21 13:59:18ID: BC  Data: 00 00 00 AA 00 00 00 00 
"
"2016-11-21 13:59:19ID: BB  Data: 00 00 00 AA 00 00 00 00 
"
"2016-11-21 13:59:19ID: BC  Data: 00 00 00 AA 00 00 00 00 
"
"2016-11-21 13:59:19ID: BB  Data: 00 00 00 AA 00 00 00 00 
"
"2016-11-21 13:59:19ID: BC  Data: 00 00 00 AA 00 00 00 00 
"
"2016-11-21 13:59:19ID: BB  Data: 00 00 00 AA 00 00 00 00 
"
"2016-11-21 13:59:19ID: BC  Data: 00 00 00 AA 00 00 00 00 
"
"2016-11-21 13:59:19ID: BB  Data: 00 00 00 AA 00 00 00 00 
"
"2016-11-21 13:59:19ID: BC  Data: 00 00 00 AA 00 00 00 00 
"
"2016-11-21 13:59:19ID: BB  Data: 00 00 00 AA 00 00 00 00 
"
"2016-11-21 13:59:19ID: BC  Data: 00 00 00 AA 00 00 00 00 
"
"2016-11-21 13:59:19ID: BB  Data: 00 00 00 AA 00 00 00 00 
"
"2016-11-21 13:59:19ID: BC  Data: 00 00 00 AA 00 00 00 00 
"
"2016-11-21 13:59:19ID: BB  Data: 00 00 00 AA 00 00 00 00 
"
"2016-11-21 13:59:19ID: BC  Data: 00 00 00 AA 00 00 00 00 
"
"2016-11-21 13:59:19ID: BB  Data: 00 00 00 AA 00 00 00 00 
"
"2016-11-21 13:59:19ID: BC  Data: 00 00 00 AA 00 00 00 00 
"
"2016-11-21 13:59:19ID: BB  Data: 00 00 00 AA 00 00 00 00 
"
"2016-11-21 13:59:19ID: BC  Data: 00 00 00 AA 00 00 00 00 
"
"2016-11-21 13:59:19ID: BB  Data: 00 00 00 AA 00 00 00 00 
"
"2016-11-21 13:59:19ID: BC  Data: 00 00 00 AA 00 00 00 00 
"
"2016-11-21 13:59:19ID: BB  Data: 00 00 00 AA 00 00 00 00 
"
"2016-11-21 13:59:19ID: BC  Data: 00 00 00 AA 00 00 00 00 
"
"2016-11-21 13:59:19ID: BB  Data: 00 00 00 AA 00 00 00 00 
"
"2016-11-21 13:59:19ID: BC  Data: 00 00 00 AA 00 00 00 00 
"
"2016-11-21 13:59:20ID: BB  Data: 00 00 00 AA 00 00 00 00 
"
"2016-11-21 13:59:20ID: BC  Data: 00 00 00 AA 00 00 00 00 
"
"2016-11-21 13:59:20ID: BB  Data: 00 00 00 AA 00 00 00 00 
"
"2016-11-21 13:59:20ID: BC  Data: 00 00 00 AA 00 00 00 00 
"
"2016-11-21 13:59:20ID: BB  Data: 00 00 00 AA 00 00 00 00 
"
"2016-11-21 13:59:20ID: BC  Data: 00 00 00 AA 00 00 00 00 
"
"2016-11-21 13:59:20ID: BB  Data: 00 00 00 AA 00 00 00 00 
"
"2016-11-21 13:59:20ID: BC  Data: 00 00 00 AA 00 00 00 00 
"
"2016-11-21 13:59:20ID: BB  Data: 00 00 00 AA 00 00 00 00 
"
"2016-11-21 13:59:20ID: BC  Data: 00 00 00 AA 00 00 00 00 
"
"2016-11-21 13:59:20ID: BB  Data: 00 00 00 AA 00 00 00 00 
"
"2016-11-21 13:59:20ID: BC  Data: 00 00 00 AA 00 00 00 00 
"
"2016-11-21 13:59:20ID: BB  Data: 00 00 00 AA 00 00 00 00 
"
"2016-11-21 13:59:20ID: BC  Data: 00 00 00 AA 00 00 00 00 
"
"2016-11-21 13:59:20ID: BB  Data: 00 00 00 AA 00 00 00 00 
"
"2016-11-21 13:59:20ID: BC  Data: 00 00 00 AA 00 00 00 00 
"
"2016-11-21 13:59:20ID: BB  Data: 00 00 00 AA 00 00 00 00 
"
"2016-11-21 13:59:20ID: BC  Data: 00 00 00 AA 00 00 00 00 
"
"2016-11-21 13:59:20ID: BB  Data: 00 00 00 AA 00 00 00 00 
"
"2016-11-21 13:59:20ID: BC  Data: 00 00 00 AA 00 00 00 00 
"
"2016-11-21 13:59:20ID: BB  Data: 00 00 00 AA 00 00 00 00 
"
"2016-11-21 13:59:20ID: BC  Data: 00 00 00 AA 00 00 00 00 
"
"2016-11-21 13:59:21ID: BB  Data: 00 00 00 AA 00 00 00 00 
"
"2016-11-21 13:59:21ID: BC  Data: 00 00 00 AA 00 00 00 00 
"
"2016-11-21 13:59:21ID: BB  Data: 00 00 00 AA 00 00 00 00 
"
"2016-11-21 13:59:21ID: BC  Data: 00 00 00 AA 00 00 00 00 
"
"2016-11-21 13:59:21ID: BB  Data: 00 00 00 AA 00 00 00 00 
"
"2016-11-21 13:59:21ID: BC  Data: 00 00 00 AA 00 00 00 00 
"
"2016-11-21 13:59:21ID: BB  Data: 00 00 00 AA 00 00 00 00 
"
"2016-11-21 13:59:21ID: BC  Data: 00 00 00 AA 00 00 00 00 
"
"2016-11-21 13:59:21ID: BB  Data: 00 00 00 AA 00 00 00 00 
"
"2016-11-21 13:59:21ID: BC  Data: 00 00 00 AA 00 00 00 00 
"
"2016-11-21 13:59:21ID: BB  Data: 00 00 00 AA 00 00 00 00 
"
"2016-11-21 13:59:21ID: BC  Data: 00 00 00 AA 00 00 00 00 
"
"2016-11-21 13:59:21ID: BB  Data: 00 00 00 AA 00 00 00 00 
"
"2016-11-21 13:59:21ID: BC  Data: 00 00 00 AA 00 00 00 00 
"
"2016-11-21 13:59:21ID: BB  Data: 00 00 00 AA 00 00 00 00 
"
"2016-11-21 13:59:21ID: BC  Data: 00 00 00 AA 00 00 00 00 
"
"2016-11-21 13:59:21ID: BB  Data: 00 00 00 AA 00 00 00 00 
"
"2016-11-21 13:59:21ID: BC  Data: 00 00 00 AA 00 00 00 00 
"
"2016-11-21 13:59:21ID: BB  Data: 00 00 00 AA 00 00 00 00 
"
"2016-11-21 13:59:21ID: BC  Data: 00 00 00 AA 00 00 00 00 
"
"2016-11-21 13:59:21ID: BB  Data: 00 00 00 AA 00 00 00 00 
"
"2016-11-21 13:59:21ID: BC  Data: 00 00 00 AA 00 00 00 00 
"
"2016-11-21 13:59:21ID: BB  Data: 00 00 00 AA 00 00 00 00 
"
"2016-11-21 13:59:22ID: BC  Data: 00 00 00 AA 00 00 00 00 
"
"2016-11-21 13:59:22ID: BB  Data: 00 00 00 AA 00 00 00 00 
"
"2016-11-21 13:59:22ID: BC  Data: 00 00 00 AA 00 00 00 00 
"
"2016-11-21 13:59:22ID: BB  Data: 00 00 00 AA 00 00 00 00 
"
"2016-11-21 13:59:22ID: BC  Data: 00 00 00 AA 00 00 00 00 
"
"2016-11-21 13:59:22ID: BB  Data: 00 00 00 AA 00 00 00 00 
"
"2016-11-21 13:59:22ID: BC  Data: 00 00 00 AA 00 00 00 00 
"
"2016-11-21 13:59:22ID: BB  Data: 00 00 00 AA 00 00 00 00 
"
"2016-11-21 13:59:22ID: BC  Data: 00 00 00 AA 00 00 00 00 
"
"2016-11-21 13:59:22ID: BB  Data: 00 00 00 AA 00 00 00 00 
"
"2016-11-21 13:59:22ID: BC  Data: 00 00 00 AA 00 00 00 00 
"
"2016-11-21 13:59:22ID: BB  Data: 00 00 00 AA 00 00 00 00 
"
"2016-11-21 13:59:22ID: BC  Data: 00 00 00 AA 00 00 00 00 
"
"2016-11-21 13:59:22ID: BB  Data: 00 00 00 AA 00 00 00 00 
"
"2016-11-21 13:59:22ID: BC  Data: 00 00 00 AA 00 00 00 00 
"
"2016-11-21 13:59:22ID: BB  Data: 00 00 00 AA 00 00 00 00 
"
"2016-11-21 13:59:22ID: BC  Data: 00 00 00 AA 00 00 00 00 
"
"2016-11-21 13:59:22ID: BB  Data: 00 00 00 AA 00 00 00 00 
"
"2016-11-21 13:59:22ID: BC  Data: 00 00 00 AA 00 00 00 00 
"
"2016-11-21 13:59:22ID: BB  Data: 00 00 00 AA 00 00 00 00 
"
"2016-11-21 13:59:22ID: BC  Data: 00 00 00 AA 00 00 00 00 
"
"2016-11-21 13:59:22ID: BB  Data: 00 00 00 AA 00 00 00 00 
"
"2016-11-21 13:59:22ID: BC  Data: 00 00 00 AA 00 00 00 00 
"
"2016-11-21 13:59:23ID: BB  Data: 00 00 00 AA 00 00 00 00 
"
"2016-11-21 13:59:23ID: BC  Data: 00 00 00 AA 00 00 00 00 
"
"2016-11-21 13:59:23ID: BB  Data: 00 00 00 AA 00 00 00 00 
"
"2016-11-21 13:59:23ID: BC  Data: 00 00 00 AA 00 00 00 00 
"
"2016-11-21 13:59:23ID: BB  Data: 00 00 00 AA 00 00 00 00 
"
"2016-11-21 13:59:23ID: BC  Data: 00 00 00 AA 00 00 00 00 
"
"2016-11-21 13:59:23ID: BB  Data: 00 00 00 AA 00 00 00 00 
"
"2016-11-21 13:59:23ID: BC  Data: 00 00 00 AA 00 00 00 00 
"
"2016-11-21 13:59:23ID: BB  Data: 00 00 00 AA 00 00 00 00 
"
"2016-11-21 13:59:23ID: BC  Data: 00 00 00 AA 00 00 00 00 
"
"2016-11-21 13:59:23ID: BB  Data: 00 00 00 AA 00 00 00 00 
"
"2016-11-21 13:59:23ID: BC  Data: 00 00 00 AA 00 00 00 00 
"
"2016-11-21 13:59:23ID: BB  Data: 00 00 00 AA 00 00 00 00 
"
"2016-11-21 13:59:23ID: BC  Data: 00 00 00 AA 00 00 00 00 
"
"2016-11-21 13:59:23ID: BB  Data: 00 00 00 AA 00 00 00 00 
"
"2016-11-21 13:59:23ID: BC  Data: 00 00 00 AA 00 00 00 00 
"
"2016-11-21 13:59:23ID: BB  Data: 00 00 00 AA 00 00 00 00 
"
"2016-11-21 13:59:23ID: BC  Data: 00 00 00 AA 00 00 00 00 
"
"2016-11-21 13:59:23ID: BB  Data: 00 00 00 AA 00 00 00 00 
"
"2016-11-21 13:59:23ID: BC  Data: 00 00 00 AA 00 00 00 00 
"
"2016-11-21 13:59:23ID: BB  Data: 00 00 00 AA 00 00 00 00 
"
"2016-11-21 13:59:23ID: BC  Data: 00 00 00 AA 00 00 00 00 
"
"2016-11-21 13:59:24ID: BB  Data: 00 00 00 AA 00 00 00 00 
"
"2016-11-21 13:59:24ID: BC  Data: 00 00 00 AA 00 00 00 00 
"
"2016-11-21 13:59:24ID: BB  Data: 00 00 00 AA 00 00 00 00 
"
"2016-11-21 13:59:24ID: BC  Data: 00 00 00 AA 00 00 00 00 
"
"2016-11-21 13:59:24ID: BB  Data: 00 00 00 AA 00 00 00 00 
"
"2016-11-21 13:59:24ID: BC  Data: 00 00 00 AA 00 00 00 00 
"
"2016-11-21 13:59:24ID: BB  Data: 00 00 00 AA 00 00 00 00 
"
"2016-11-21 13:59:24ID: BC  Data: 00 00 00 AA 00 00 00 00 
"
"2016-11-21 13:59:24ID: BB  Data: 00 00 00 AA 00 00 00 00 
"
"2016-11-21 13:59:24ID: BC  Data: 00 00 00 AA 00 00 00 00 
"
"2016-11-21 13:59:24ID: BB  Data: 00 00 00 AA 00 00 00 00 
"
"2016-11-21 13:59:24ID: BC  Data: 00 00 00 AA 00 00 00 00 
"
"2016-11-21 13:59:24ID: BB  Data: 00 00 00 AA 00 00 00 00 
"
"2016-11-21 13:59:24ID: BC  Data: 00 00 00 AA 00 00 00 00 
"
"2016-11-21 13:59:24ID: BB  Data: 00 00 00 AA 00 00 00 00 
"
"2016-11-21 13:59:24ID: BC  Data: 00 00 00 AA 00 00 00 00 
"
"2016-11-21 13:59:24ID: BB  Data: 00 00 00 AA 00 00 00 00 
"
"2016-11-21 13:59:24ID: BC  Data: 00 00 00 AA 00 00 00 00 
"
"2016-11-21 13:59:24ID: BB  Data: 00 00 00 AA 00 00 00 00 
"
"2016-11-21 13:59:24ID: BC  Data: 00 00 00 AA 00 00 00 00 
"
"2016-11-21 13:59:24ID: BB  Data: 00 00 00 AA 00 00 00 00 
"
"2016-11-21 13:59:24ID: BC  Data: 00 00 00 AA 00 00 00 00 
"
"2016-11-21 13:59:24ID: BB  Data: 00 00 00 AA 00 00 00 00 
"
"2016-11-21 13:59:24ID: BC  Data: 00 00 00 AA 00 00 00 00 
"
"2016-11-21 13:59:25ID: BB  Data: 00 00 00 AA 00 00 00 00 
"
"2016-11-21 13:59:25ID: BC  Data: 00 00 00 AA 00 00 00 00 
"
"2016-11-21 13:59:25ID: BB  Data: 00 00 00 AA 00 00 00 00 
"
"2016-11-21 13:59:25ID: BC  Data: 00 00 00 AA 00 00 00 00 
"
"2016-11-21 13:59:25ID: BB  Data: 00 00 00 AA 00 00 00 00 
"
"2016-11-21 13:59:25ID: BC  Data: 00 00 00 AA 00 00 00 00 
"
"2016-11-21 13:59:25ID: BB  Data: 00 00 00 AA 00 00 00 00 
"
"2016-11-21 13:59:25ID: BC  Data: 00 00 00 AA 00 00 00 00 
"
"2016-11-21 13:59:25ID: BB  Data: 00 00 00 AA 00 00 00 00 
"
"2016-11-21 13:59:25ID: BC  Data: 00 00 00 AA 00 00 00 00 
"
"2016-11-21 13:59:25ID: BB  Data: 00 00 00 AA 00 00 00 00 
"
"2016-11-21 13:59:25ID: BC  Data: 00 00 00 AA 00 00 00 00 
"
"2016-11-21 13:59:25ID: BB  Data: 00 00 00 AA 00 00 00 00 
"
"2016-11-21 13:59:25ID: BC  Data: 00 00 00 AA 00 00 00 00 
"
"2016-11-21 13:59:25ID: BB  Data: 00 00 00 AA 00 00 00 00 
"
"2016-11-21 13:59:25ID: BC  Data: 00 00 00 AA 00 00 00 00 
"
"2016-11-21 13:59:25ID: BB  Data: 00 00 00 AA 00 00 00 00 
"
"2016-11-21 13:59:25ID: BC  Data: 00 00 00 AA 00 00 00 00 
"
"2016-11-21 13:59:25ID: BB  Data: 00 00 00 AA 00 00 00 00 
"
"2016-11-21 13:59:25ID: BC  Data: 00 00 00 AA 00 00 00 00 
"
"2016-11-21 13:59:25ID: BB  Data: 00 00 00 AA 00 00 00 00 
"
"2016-11-21 13:59:25ID: BC  Data: 00 00 00 AA 00 00 00 00 
"
"2016-11-21 13:59:26ID: BB  Data: 00 00 00 AA 00 00 00 00 
"
"2016-11-21 13:59:26ID: BC  Data: 00 00 00 AA 00 00 00 00 
"
"2016-11-21 13:59:26ID: BB  Data: 00 00 00 AA 00 00 00 00 
"
"2016-11-21 13:59:26ID: BC  Data: 00 00 00 AA 00 00 00 00 
"
"2016-11-21 13:59:26ID: BB  Data: 00 00 00 AA 00 00 00 00 
"
"2016-11-21 13:59:26ID: BC  Data: 00 00 00 AA 00 00 00 00 
"
"2016-11-21 13:59:26ID: BB  Data: 00 00 00 AA 00 00 00 00 
"
"2016-11-21 13:59:26ID: BC  Data: 00 00 00 AA 00 00 00 00 
"
"2016-11-21 13:59:26ID: BB  Data: 00 00 00 AA 00 00 00 00 
"
"2016-11-21 13:59:26ID: BC  Data: 00 00 00 AA 00 00 00 00 
"
"2016-11-21 13:59:26ID: BB  Data: 00 00 00 AA 00 00 00 00 
"
"2016-11-21 13:59:26ID: BC  Data: 00 00 00 AA 00 00 00 00 
"
"2016-11-21 13:59:26ID: BB  Data: 00 00 00 AA 00 00 00 00 
"
"2016-11-21 13:59:26ID: BC  Data: 00 00 00 AA 00 00 00 00 
"
"2016-11-21 13:59:26ID: BB  Data: 00 00 00 AA 00 00 00 00 
"
"2016-11-21 13:59:26ID: BC  Data: 00 00 00 AA 00 00 00 00 
"
"2016-11-21 13:59:26ID: BB  Data: 00 00 00 AA 00 00 00 00 
"
"2016-11-21 13:59:26ID: BC  Data: 00 00 00 AA 00 00 00 00 
"
"2016-11-21 13:59:26ID: BB  Data: 00 00 00 AA 00 00 00 00 
"
"2016-11-21 13:59:26ID: BC  Data: 00 00 00 AA 00 00 00 00 
"
"2016-11-21 13:59:26ID: BB  Data: 00 00 00 AA 00 00 00 00 
"
"2016-11-21 13:59:26ID: BC  Data: 00 00 00 AA 00 00 00 00 
"
"2016-11-21 13:59:27ID: BB  Data: 00 00 00 AA 00 00 00 00 
"
"2016-11-21 13:59:27ID: BC  Data: 00 00 00 AA 00 00 00 00 
"
"2016-11-21 13:59:27ID: BB  Data: 00 00 00 AA 00 00 00 00 
"
"2016-11-21 13:59:27ID: BC  Data: 00 00 00 AA 00 00 00 00 
"
"2016-11-21 13:59:27ID: BB  Data: 00 00 00 AA 00 00 00 00 
"
"2016-11-21 13:59:27ID: BC  Data: 00 00 00 AA 00 00 00 00 
"
"2016-11-21 13:59:27ID: BB  Data: 00 00 00 AA 00 00 00 00 
"
"2016-11-21 13:59:27ID: BC  Data: 00 00 00 AA 00 00 00 00 
"
"2016-11-21 13:59:27ID: BB  Data: 00 00 00 AA 00 00 00 00 
"
"2016-11-21 13:59:27ID: BC  Data: 00 00 00 AA 00 00 00 00 
"
"2016-11-21 13:59:27ID: BB  Data: 00 00 00 AA 00 00 00 00 
"
"2016-11-21 13:59:27ID: BC  Data: 00 00 00 AA 00 00 00 00 
"
"2016-11-21 13:59:27ID: BB  Data: 00 00 00 AA 00 00 00 00 
"
"2016-11-21 13:59:27ID: BC  Data: 00 00 00 AA 00 00 00 00 
"
"2016-11-21 13:59:27ID: BB  Data: 00 00 00 AA 00 00 00 00 
"
"2016-11-21 13:59:27ID: BC  Data: 00 00 00 AA 00 00 00 00 
"
"2016-11-21 13:59:27ID: BB  Data: 00 00 00 AA 00 00 00 00 
"
"2016-11-21 13:59:27ID: BC  Data: 00 00 00 AA 00 00 00 00 
"
"2016-11-21 13:59:27ID: BB  Data: 00 00 00 AA 00 00 00 00 
"
"2016-11-21 13:59:27ID: BC  Data: 00 00 00 AA 00 00 00 00 
"
"2016-11-21 13:59:27ID: BB  Data: 00 00 00 AA 00 00 00 00 
"
"2016-11-21 13:59:27ID: BC  Data: 00 00 00 AA 00 00 00 00 
"
"2016-11-21 13:59:27ID: BB  Data: 00 00 00 AA 00 00 00 00 
"
"2016-11-21 13:59:27ID: BC  Data: 00 00 00 AA 00 00 00 00 
"
"2016-11-21 13:59:28ID: BB  Data: 00 00 00 AA 00 00 00 00 
"
"2016-11-21 13:59:28ID: BC  Data: 00 00 00 AA 00 00 00 00 
"
"2016-11-21 13:59:28ID: BB  Data: 00 00 00 AA 00 00 00 00 
"
"2016-11-21 13:59:28ID: BC  Data: 00 00 00 AA 00 00 00 00 
"
"2016-11-21 13:59:28ID: BB  Data: 00 00 00 AA 00 00 00 00 
"
"2016-11-21 13:59:28ID: BC  Data: 00 00 00 AA 00 00 00 00 
"
"2016-11-21 13:59:28ID: BB  Data: 00 00 00 AA 00 00 00 00 
"
"2016-11-21 13:59:28ID: BC  Data: 00 00 00 AA 00 00 00 00 
"
"2016-11-21 13:59:28ID: BB  Data: 00 00 00 AA 00 00 00 00 
"
"2016-11-21 13:59:28ID: BC  Data: 00 00 00 AA 00 00 00 00 
"
"2016-11-21 13:59:28ID: BB  Data: 00 00 00 AA 00 00 00 00 
"
"2016-11-21 13:59:28ID: BC  Data: 00 00 00 AA 00 00 00 00 
"
"2016-11-21 13:59:28ID: BB  Data: 00 00 00 AA 00 00 00 00 
"
"2016-11-21 13:59:28ID: BC  Data: 00 00 00 AA 00 00 00 00 
"
"2016-11-21 13:59:28ID: BB  Data: 00 00 00 AA 00 00 00 00 
"
"2016-11-21 13:59:28ID: BC  Data: 00 00 00 AA 00 00 00 00 
"
"2016-11-21 13:59:28ID: BB  Data: 00 00 00 AA 00 00 00 00 
"
"2016-11-21 13:59:28ID: BC  Data: 00 00 00 AA 00 00 00 00 
"
"2016-11-21 13:59:28ID: BB  Data: 00 00 00 AA 00 00 00 00 
"
"2016-11-21 13:59:28ID: BC  Data: 00 00 00 AA 00 00 00 00 
"
"2016-11-21 13:59:28ID: BB  Data: 00 00 00 AA 00 00 00 00 
"
"2016-11-21 13:59:28ID: BC  Data: 00 00 00 AA 00 00 00 00 
"
"2016-11-21 13:59:29ID: BB  Data: 00 00 00 AA 00 00 00 00 
"
"2016-11-21 13:59:29ID: BC  Data: 00 00 00 AA 00 00 00 00 
"
"2016-11-21 13:59:29ID: BB  Data: 00 00 00 AA 00 00 00 00 
"
"2016-11-21 13:59:29ID: BC  Data: 00 00 00 AA 00 00 00 00 
"
"2016-11-21 13:59:29ID: BB  Data: 00 00 00 AA 00 00 00 00 
"
"2016-11-21 13:59:29ID: BC  Data: 00 00 00 AA 00 00 00 00 
"
"2016-11-21 13:59:29ID: BB  Data: 00 00 00 AA 00 00 00 00 
"
"2016-11-21 13:59:29ID: BC  Data: 00 00 00 AA 00 00 00 00 
"
"2016-11-21 13:59:29ID: BB  Data: 00 00 00 AA 00 00 00 00 
"
"2016-11-21 13:59:29ID: BC  Data: 00 00 00 AA 00 00 00 00 
"
"2016-11-21 13:59:29ID: BB  Data: 00 00 00 AA 00 00 00 00 
"
"2016-11-21 13:59:29ID: BC  Data: 00 00 00 AA 00 00 00 00 
"
"2016-11-21 13:59:29ID: BB  Data: 00 00 00 AA 00 00 00 00 
"
"2016-11-21 13:59:29ID: BC  Data: 00 00 00 AA 00 00 00 00 
"
"2016-11-21 13:59:29ID: BB  Data: 00 00 00 AA 00 00 00 00 
"
"2016-11-21 13:59:29ID: BC  Data: 00 00 00 AA 00 00 00 00 
"
"2016-11-21 13:59:29ID: BB  Data: 00 00 00 AA 00 00 00 00 
"
"2016-11-21 13:59:29ID: BC  Data: 00 00 00 AA 00 00 00 00 
"
"2016-11-21 13:59:29ID: BB  Data: 00 00 00 AA 00 00 00 00 
"
"2016-11-21 13:59:29ID: BC  Data: 00 00 00 AA 00 00 00 00 
"
"2016-11-21 13:59:29ID: BB  Data: 00 00 00 AA 00 00 00 00 
"
"2016-11-21 13:59:29ID: BC  Data: 00 00 00 AA 00 00 00 00 
"
"2016-11-21 13:59:30ID: BB  Data: 00 00 00 AA 00 00 00 00 
"
"2016-11-21 13:59:30ID: BC  Data: 00 00 00 AA 00 00 00 00 
"
"2016-11-21 13:59:30ID: BB  Data: 00 00 00 AA 00 00 00 00 
"
"2016-11-21 13:59:30ID: BC  Data: 00 00 00 AA 00 00 00 00 
"
"2016-11-21 13:59:30ID: BB  Data: 00 00 00 AA 00 00 00 00 
"
"2016-11-21 13:59:30ID: BC  Data: 00 00 00 AA 00 00 00 00 
"
"2016-11-21 13:59:30ID: BB  Data: 00 00 00 AA 00 00 00 00 
"
"2016-11-21 13:59:30ID: BC  Data: 00 00 00 AA 00 00 00 00 
"
"2016-11-21 13:59:30ID: BB  Data: 00 00 00 AA 00 00 00 00 
"
"2016-11-21 13:59:30ID: BC  Data: 00 00 00 AA 00 00 00 00 
"
"2016-11-21 13:59:30ID: BB  Data: 00 00 00 AA 00 00 00 00 
"
"2016-11-21 13:59:30ID: BC  Data: 00 00 00 AA 00 00 00 00 
"
"2016-11-21 13:59:30ID: BB  Data: 00 00 00 AA 00 00 00 00 
"
"2016-11-21 13:59:30ID: BC  Data: 00 00 00 AA 00 00 00 00 
"
"2016-11-21 13:59:30ID: BB  Data: 00 00 00 AA 00 00 00 00 
"
"2016-11-21 13:59:30ID: BC  Data: 00 00 00 AA 00 00 00 00 
"
"2016-11-21 13:59:30ID: BB  Data: 00 00 00 AA 00 00 00 00 
"
"2016-11-21 13:59:30ID: BC  Data: 00 00 00 AA 00 00 00 00 
"
"2016-11-21 13:59:30ID: BB  Data: 00 00 00 AA 00 00 00 00 
"
"2016-11-21 13:59:30ID: BC  Data: 00 00 00 AA 00 00 00 00 
"
"2016-11-21 13:59:30ID: BB  Data: 00 00 00 AA 00 00 00 00 
"
"2016-11-21 13:59:30ID: BC  Data: 00 00 00 AA 00 00 00 00 
"
"2016-11-21 13:59:30ID: BB  Data: 00 00 00 AA 00 00 00 00 
"
"2016-11-21 13:59:30ID: BC  Data: 00 00 00 AA 00 00 00 00 
"
"2016-11-21 13:59:31ID: BB  Data: 00 00 00 AA 00 00 00 00 
"
"2016-11-21 13:59:31ID: BC  Data: 00 00 00 AA 00 00 00 00 
"
"2016-11-21 13:59:31ID: BB  Data: 00 00 00 AA 00 00 00 00 
"
"2016-11-21 13:59:31ID: BC  Data: 00 00 00 AA 00 00 00 00 
"
"2016-11-21 13:59:31ID: BB  Data: 00 00 00 AA 00 00 00 00 
"
"2016-11-21 13:59:31ID: BC  Data: 00 00 00 AA 00 00 00 00 
"
"2016-11-21 13:59:31ID: BB  Data: 00 00 00 AA 00 00 00 00 
"
"2016-11-21 13:59:31ID: BC  Data: 00 00 00 AA 00 00 00 00 
"
"2016-11-21 13:59:31ID: BB  Data: 00 00 00 AA 00 00 00 00 
"
"2016-11-21 13:59:31ID: BC  Data: 00 00 00 AA 00 00 00 00 
"
"2016-11-21 13:59:31ID: BB  Data: 00 00 00 AA 00 00 00 00 
"
"2016-11-21 13:59:31ID: BC  Data: 00 00 00 AA 00 00 00 00 
"
"2016-11-21 13:59:31ID: BB  Data: 00 00 00 AA 00 00 00 00 
"
"2016-11-21 13:59:31ID: BC  Data: 00 00 00 AA 00 00 00 00 
"
"2016-11-21 13:59:31ID: BB  Data: 00 00 00 AA 00 00 00 00 
"
"2016-11-21 13:59:31ID: BC  Data: 00 00 00 AA 00 00 00 00 
"
"2016-11-21 13:59:31ID: BB  Data: 00 00 00 AA 00 00 00 00 
"
"2016-11-21 13:59:31ID: BC  Data: 00 00 00 AA 00 00 00 00 
"
"2016-11-21 13:59:31ID: BB  Data: 00 00 00 AA 00 00 00 00 
"
"2016-11-21 13:59:31ID: BC  Data: 00 00 00 AA 00 00 00 00 
"
"2016-11-21 13:59:31ID: BB  Data: 00 00 00 AA 00 00 00 00 
"
"2016-11-21 13:59:31ID: BC  Data: 00 00 00 AA 00 00 00 00 
"
"2016-11-21 13:59:32ID: BB  Data: 00 00 00 AA 00 00 00 00 
"
"2016-11-21 13:59:32ID: BC  Data: 00 00 00 AA 00 00 00 00 
"
"2016-11-21 13:59:32ID: BB  Data: 00 00 00 AA 00 00 00 00 
"
"2016-11-21 13:59:32ID: BC  Data: 00 00 00 AA 00 00 00 00 
"
"2016-11-21 13:59:32ID: BB  Data: 00 00 00 AA 00 00 00 00 
"
"2016-11-21 13:59:32ID: BC  Data: 00 00 00 AA 00 00 00 00 
"
"2016-11-21 13:59:32ID: BB  Data: 00 00 00 AA 00 00 00 00 
"
"2016-11-21 13:59:32ID: BC  Data: 00 00 00 AA 00 00 00 00 
"
"2016-11-21 13:59:32ID: BB  Data: 00 00 00 AA 00 00 00 00 
"
"2016-11-21 13:59:32ID: BC  Data: 00 00 00 AA 00 00 00 00 
"
"2016-11-21 13:59:32ID: BB  Data: 00 00 00 AA 00 00 00 00 
"
"2016-11-21 13:59:32ID: BC  Data: 00 00 00 AA 00 00 00 00 
"
"2016-11-21 13:59:32ID: BB  Data: 00 00 00 AA 00 00 00 00 
"
"2016-11-21 13:59:32ID: BC  Data: 00 00 00 AA 00 00 00 00 
"
"2016-11-21 13:59:32ID: BB  Data: 00 00 00 AA 00 00 00 00 
"
"2016-11-21 13:59:32ID: BC  Data: 00 00 00 AA 00 00 00 00 
"
"2016-11-21 13:59:32ID: BB  Data: 00 00 00 AA 00 00 00 00 
"
"2016-11-21 13:59:32ID: BC  Data: 00 00 00 AA 00 00 00 00 
"
"2016-11-21 13:59:32ID: BB  Data: 00 00 00 AA 00 00 00 00 
"
"2016-11-21 13:59:32ID: BC  Data: 00 00 00 AA 00 00 00 00 
"
"2016-11-21 13:59:32ID: BB  Data: 00 00 00 AA 00 00 00 00 
"
"2016-11-21 13:59:32ID: BC  Data: 00 00 00 AA 00 00 00 00 
"
"2016-11-21 13:59:32ID: BB  Data: 00 00 00 AA 00 00 00 00 
"
"2016-11-21 13:59:33ID: BC  Data: 00 00 00 AA 00 00 00 00 
"
"2016-11-21 13:59:33ID: BB  Data: 00 00 00 AA 00 00 00 00 
"
"2016-11-21 13:59:33ID: BC  Data: 00 00 00 AA 00 00 00 00 
"
"2016-11-21 13:59:33ID: BB  Data: 00 00 00 AA 00 00 00 00 
"
"2016-11-21 13:59:33ID: BC  Data: 00 00 00 AA 00 00 00 00 
"
"2016-11-21 13:59:33ID: BB  Data: 00 00 00 AA 00 00 00 00 
"
"2016-11-21 13:59:33ID: BC  Data: 00 00 00 AA 00 00 00 00 
"
"2016-11-21 13:59:33ID: BB  Data: 00 00 00 AA 00 00 00 00 
"
"2016-11-21 13:59:33ID: BC  Data: 00 00 00 AA 00 00 00 00 
"
"2016-11-21 13:59:33ID: BB  Data: 00 00 00 AA 00 00 00 00 
"
"2016-11-21 13:59:33ID: BC  Data: 00 00 00 AA 00 00 00 00 
"
"2016-11-21 13:59:33ID: BB  Data: 00 00 00 AA 00 00 00 00 
"
"2016-11-21 13:59:33ID: BC  Data: 00 00 00 AA 00 00 00 00 
"
"2016-11-21 13:59:33ID: BB  Data: 00 00 00 AA 00 00 00 00 
"
"2016-11-21 13:59:33ID: BC  Data: 00 00 00 AA 00 00 00 00 
"
"2016-11-21 13:59:33ID: BB  Data: 00 00 00 AA 00 00 00 00 
"
"2016-11-21 13:59:33ID: BC  Data: 00 00 00 AA 00 00 00 00 
"
"2016-11-21 13:59:33ID: BB  Data: 00 00 00 AA 00 00 00 00 
"
"2016-11-21 13:59:33ID: BC  Data: 00 00 00 AA 00 00 00 00 
"
"2016-11-21 13:59:33ID: BB  Data: 00 00 00 AA 00 00 00 00 
"
"2016-11-21 13:59:33ID: BC  Data: 00 00 00 AA 00 00 00 00 
"
"2016-11-21 13:59:33ID: BB  Data: 00 00 00 AA 00 00 00 00 
"
"2016-11-21 13:59:33ID: BC  Data: 00 00 00 AA 00 00 00 00 
"
"2016-11-21 13:59:34ID: BB  Data: 00 00 00 AA 00 00 00 00 
"
"2016-11-21 13:59:34ID: BC  Data: 00 00 00 AA 00 00 00 00 
"
"2016-11-21 13:59:34ID: BB  Data: 00 00 00 AA 00 00 00 00 
"
"2016-11-21 13:59:34ID: BC  Data: 00 00 00 AA 00 00 00 00 
"
"2016-11-21 13:59:34ID: BB  Data: 00 00 00 AA 00 00 00 00 
"
"2016-11-21 13:59:34ID: BC  Data: 00 00 00 AA 00 00 00 00 
"
"2016-11-21 13:59:34ID: BB  Data: 00 00 00 AA 00 00 00 00 
"
"2016-11-21 13:59:34ID: BC  Data: 00 00 00 AA 00 00 00 00 
"
"2016-11-21 13:59:34ID: BB  Data: 00 00 00 AA 00 00 00 00 
"
"2016-11-21 13:59:34ID: BC  Data: 00 00 00 AA 00 00 00 00 
"
"2016-11-21 13:59:34ID: BB  Data: 00 00 00 AA 00 00 00 00 
"
"2016-11-21 13:59:34ID: BC  Data: 00 00 00 AA 00 00 00 00 
"
"2016-11-21 13:59:34ID: BB  Data: 00 00 00 AA 00 00 00 00 
"
"2016-11-21 13:59:34ID: BC  Data: 00 00 00 AA 00 00 00 00 
"
"2016-11-21 13:59:34ID: BB  Data: 00 00 00 AA 00 00 00 00 
"
"2016-11-21 13:59:34ID: BC  Data: 00 00 00 AA 00 00 00 00 
"
"2016-11-21 13:59:34ID: BB  Data: 00 00 00 AA 00 00 00 00 
"
"2016-11-21 13:59:34ID: BC  Data: 00 00 00 AA 00 00 00 00 
"
"2016-11-21 13:59:34ID: BB  Data: 00 00 00 AA 00 00 00 00 
"
"2016-11-21 13:59:34ID: BC  Data: 00 00 00 AA 00 00 00 00 
"
"2016-11-21 13:59:34ID: BB  Data: 00 00 00 AA 00 00 00 00 
"
"2016-11-21 13:59:34ID: BC  Data: 00 00 00 AA 00 00 00 00 
"
"2016-11-21 13:59:35ID: BB  Data: 00 00 00 AA 00 00 00 00 
"
"2016-11-21 13:59:35ID: BC  Data: 00 00 00 AA 00 00 00 00 
"
"2016-11-21 13:59:35ID: BB  Data: 00 00 00 AA 00 00 00 00 
"
"2016-11-21 13:59:35ID: BC  Data: 00 00 00 AA 00 00 00 00 
"
"2016-11-21 13:59:35ID: BB  Data: 00 00 00 AA 00 00 00 00 
"
"2016-11-21 13:59:35ID: BC  Data: 00 00 00 AA 00 00 00 00 
"
"2016-11-21 13:59:35ID: BB  Data: 00 00 00 AA 00 00 00 00 
"
"2016-11-21 13:59:35ID: BC  Data: 00 00 00 AA 00 00 00 00 
"
"2016-11-21 13:59:35ID: BB  Data: 00 00 00 AA 00 00 00 00 
"
"2016-11-21 13:59:35ID: BC  Data: 00 00 00 AA 00 00 00 00 
"
"2016-11-21 13:59:35ID: BB  Data: 00 00 00 AA 00 00 00 00 
"
"2016-11-21 13:59:35ID: BC  Data: 00 00 00 AA 00 00 00 00 
"
"2016-11-21 13:59:35ID: BB  Data: 00 00 00 AA 00 00 00 00 
"
"2016-11-21 13:59:35ID: BC  Data: 00 00 00 AA 00 00 00 00 
"
"2016-11-21 13:59:35ID: BB  Data: 00 00 00 AA 00 00 00 00 
"
"2016-11-21 13:59:35ID: BC  Data: 00 00 00 AA 00 00 00 00 
"
"2016-11-21 13:59:35ID: BB  Data: 00 00 00 AA 00 00 00 00 
"
"2016-11-21 13:59:35ID: BC  Data: 00 00 00 AA 00 00 00 00 
"
"2016-11-21 13:59:35ID: BB  Data: 00 00 00 AA 00 00 00 00 
"
"2016-11-21 13:59:35ID: BC  Data: 00 00 00 AA 00 00 00 00 
"
"2016-11-21 13:59:35ID: BB  Data: 00 00 00 AA 00 00 00 00 
"
"2016-11-21 13:59:35ID: BC  Data: 00 00 00 AA 00 00 00 00 
"
"2016-11-21 13:59:35ID: BB  Data: 00 00 00 AA 00 00 00 00 
"
"2016-11-21 13:59:35ID: BC  Data: 00 00 00 AA 00 00 00 00 
"
"2016-11-21 13:59:36ID: BB  Data: 00 00 00 AA 00 00 00 00 
"
"2016-11-21 13:59:36ID: BC  Data: 00 00 00 AA 00 00 00 00 
"
"2016-11-21 13:59:36ID: BB  Data: 00 00 00 AA 00 00 00 00 
"
"2016-11-21 13:59:36ID: BC  Data: 00 00 00 AA 00 00 00 00 
"
"2016-11-21 13:59:36ID: BB  Data: 00 00 00 AA 00 00 00 00 
"
"2016-11-21 13:59:36ID: BC  Data: 00 00 00 AA 00 00 00 00 
"
"2016-11-21 13:59:36ID: BB  Data: 00 00 00 AA 00 00 00 00 
"
"2016-11-21 13:59:36ID: BC  Data: 00 00 00 AA 00 00 00 00 
"
"2016-11-21 13:59:36ID: BB  Data: 00 00 00 AA 00 00 00 00 
"
"2016-11-21 13:59:36ID: BC  Data: 00 00 00 AA 00 00 00 00 
"
"2016-11-21 13:59:36ID: BB  Data: 00 00 00 AA 00 00 00 00 
"
"2016-11-21 13:59:36ID: BC  Data: 00 00 00 AA 00 00 00 00 
"
"2016-11-21 13:59:36ID: BB  Data: 00 00 00 AA 00 00 00 00 
"
"2016-11-21 13:59:36ID: BC  Data: 00 00 00 AA 00 00 00 00 
"
"2016-11-21 13:59:36ID: BB  Data: 00 00 00 AA 00 00 00 00 
"
"2016-11-21 13:59:36ID: BC  Data: 00 00 00 AA 00 00 00 00 
"
"2016-11-21 13:59:36ID: BB  Data: 00 00 00 AA 00 00 00 00 
"
"2016-11-21 13:59:36ID: BC  Data: 00 00 00 AA 00 00 00 00 
"
"2016-11-21 13:59:36ID: BB  Data: 00 00 00 AA 00 00 00 00 
"
"2016-11-21 13:59:36ID: BC  Data: 00 00 00 AA 00 00 00 00 
"
"2016-11-21 13:59:36ID: BB  Data: 00 00 00 AA 00 00 00 00 
"
"2016-11-21 13:59:36ID: BC  Data: 00 00 00 AA 00 00 00 00 
"
"2016-11-21 13:59:37ID: BB  Data: 00 00 00 AA 00 00 00 00 
"
"2016-11-21 13:59:37ID: BC  Data: 00 00 00 AA 00 00 00 00 
"
"2016-11-21 13:59:37ID: BB  Data: 00 00 00 AA 00 00 00 00 
"
"2016-11-21 13:59:37ID: BC  Data: 00 00 00 AA 00 00 00 00 
"
"2016-11-21 13:59:37ID: BB  Data: 00 00 00 AA 00 00 00 00 
"
"2016-11-21 13:59:37ID: BC  Data: 00 00 00 AA 00 00 00 00 
"
"2016-11-21 13:59:37ID: BB  Data: 00 00 00 AA 00 00 00 00 
"
"2016-11-21 13:59:37ID: BC  Data: 00 00 00 AA 00 00 00 00 
"
"2016-11-21 13:59:37ID: BB  Data: 00 00 00 AA 00 00 00 00 
"
"2016-11-21 13:59:37ID: BC  Data: 00 00 00 AA 00 00 00 00 
"
"2016-11-21 13:59:37ID: BB  Data: 00 00 00 AA 00 00 00 00 
"
"2016-11-21 13:59:37ID: BC  Data: 00 00 00 AA 00 00 00 00 
"
"2016-11-21 13:59:37ID: BB  Data: 00 00 00 AA 00 00 00 00 
"
"2016-11-21 13:59:37ID: BC  Data: 00 00 00 AA 00 00 00 00 
"
"2016-11-21 13:59:37ID: BB  Data: 00 00 00 AA 00 00 00 00 
"
"2016-11-21 13:59:37ID: BC  Data: 00 00 00 AA 00 00 00 00 
"
"2016-11-21 13:59:37ID: BB  Data: 00 00 00 AA 00 00 00 00 
"
"2016-11-21 13:59:37ID: BC  Data: 00 00 00 AA 00 00 00 00 
"
"2016-11-21 13:59:37ID: BB  Data: 00 00 00 AA 00 00 00 00 
"
"2016-11-21 13:59:37ID: BC  Data: 00 00 00 AA 00 00 00 00 
"
"2016-11-21 13:59:37ID: BB  Data: 00 00 00 AA 00 00 00 00 
"
"2016-11-21 13:59:37ID: BC  Data: 00 00 00 AA 00 00 00 00 
"
"2016-11-21 13:59:38ID: BB  Data: 00 00 00 AA 00 00 00 00 
"
"2016-11-21 13:59:38ID: BC  Data: 00 00 00 AA 00 00 00 00 
"
"2016-11-21 13:59:38ID: BB  Data: 00 00 00 AA 00 00 00 00 
"
"2016-11-21 13:59:38ID: BC  Data: 00 00 00 AA 00 00 00 00 
"
"2016-11-21 13:59:38ID: BB  Data: 00 00 00 AA 00 00 00 00 
"
"2016-11-21 13:59:38ID: BC  Data: 00 00 00 AA 00 00 00 00 
"
"2016-11-21 13:59:38ID: BB  Data: 00 00 00 AA 00 00 00 00 
"
"2016-11-21 13:59:38ID: BC  Data: 00 00 00 AA 00 00 00 00 
"
"2016-11-21 13:59:38ID: BB  Data: 00 00 00 AA 00 00 00 00 
"
"2016-11-21 13:59:38ID: BC  Data: 00 00 00 AA 00 00 00 00 
"
"2016-11-21 13:59:38ID: BB  Data: 00 00 00 AA 00 00 00 00 
"
"2016-11-21 13:59:38ID: BC  Data: 00 00 00 AA 00 00 00 00 
"
"2016-11-21 13:59:38ID: BB  Data: 00 00 00 AA 00 00 00 00 
"
"2016-11-21 13:59:38ID: BC  Data: 00 00 00 AA 00 00 00 00 
"
"2016-11-21 13:59:38ID: BB  Data: 00 00 00 AA 00 00 00 00 
"
"2016-11-21 13:59:38ID: BC  Data: 00 00 00 AA 00 00 00 00 
"
"2016-11-21 13:59:38ID: BB  Data: 00 00 00 AA 00 00 00 00 
"
"2016-11-21 13:59:38ID: BC  Data: 00 00 00 AA 00 00 00 00 
"
"2016-11-21 13:59:38ID: BB  Data: 00 00 00 AA 00 00 00 00 
"
"2016-11-21 13:59:38ID: BC  Data: 00 00 00 AA 00 00 00 00 
"
"2016-11-21 13:59:38ID: BB  Data: 00 00 00 AA 00 00 00 00 
"
"2016-11-21 13:59:38ID: BC  Data: 00 00 00 AA 00 00 00 00 
"
"2016-11-21 13:59:38ID: BB  Data: 00 00 00 AA 00 00 00 00 
"
"2016-11-21 13:59:38ID: BC  Data: 00 00 00 AA 00 00 00 00 
"
"2016-11-21 13:59:39ID: BB  Data: 00 00 00 AA 00 00 00 00 
"
"2016-11-21 13:59:39ID: BC  Data: 00 00 00 AA 00 00 00 00 
"
"2016-11-21 13:59:39ID: BB  Data: 00 00 00 AA 00 00 00 00 
"
"2016-11-21 13:59:39ID: BC  Data: 00 00 00 AA 00 00 00 00 
"
"2016-11-21 13:59:39ID: BB  Data: 00 00 00 AA 00 00 00 00 
"
"2016-11-21 13:59:39ID: BC  Data: 00 00 00 AA 00 00 00 00 
"
"2016-11-21 13:59:39ID: BB  Data: 00 00 00 AA 00 00 00 00 
"
"2016-11-21 13:59:39ID: BC  Data: 00 00 00 AA 00 00 00 00 
"
"2016-11-21 13:59:39ID: BB  Data: 00 00 00 AA 00 00 00 00 
"
"2016-11-21 13:59:39ID: BC  Data: 00 00 00 AA 00 00 00 00 
"
"2016-11-21 13:59:39ID: BB  Data: 00 00 00 AA 00 00 00 00 
"
"2016-11-21 13:59:39ID: BC  Data: 00 00 00 AA 00 00 00 00 
"
"2016-11-21 13:59:39ID: BB  Data: 00 00 00 AA 00 00 00 00 
"
"2016-11-21 13:59:39ID: BC  Data: 00 00 00 AA 00 00 00 00 
"
"2016-11-21 13:59:39ID: BB  Data: 00 00 00 AA 00 00 00 00 
"
"2016-11-21 13:59:39ID: BC  Data: 00 00 00 AA 00 00 00 00 
"
"2016-11-21 13:59:39ID: BB  Data: 00 00 00 AA 00 00 00 00 
"
"2016-11-21 13:59:39ID: BC  Data: 00 00 00 AA 00 00 00 00 
"
"2016-11-21 13:59:39ID: BB  Data: 00 00 00 AA 00 00 00 00 
"
"2016-11-21 13:59:39ID: BC  Data: 00 00 00 AA 00 00 00 00 
"
"2016-11-21 13:59:39ID: BB  Data: 00 00 00 AA 00 00 00 00 
"
"2016-11-21 13:59:39ID: BC  Data: 00 00 00 AA 00 00 00 00 
"
"2016-11-21 13:59:40ID: BB  Data: 00 00 00 AA 00 00 00 00 
"
"2016-11-21 13:59:40ID: BC  Data: 00 00 00 AA 00 00 00 00 
"
"2016-11-21 13:59:40ID: BB  Data: 00 00 00 AA 00 00 00 00 
"
"2016-11-21 13:59:40ID: BC  Data: 00 00 00 AA 00 00 00 00 
"
"2016-11-21 13:59:40ID: BB  Data: 00 00 00 AA 00 00 00 00 
"
"2016-11-21 13:59:40ID: BC  Data: 00 00 00 AA 00 00 00 00 
"
"2016-11-21 13:59:40ID: BB  Data: 00 00 00 AA 00 00 00 00 
"
"2016-11-21 13:59:40ID: BC  Data: 00 00 00 AA 00 00 00 00 
"
"2016-11-21 13:59:40ID: BB  Data: 00 00 00 AA 00 00 00 00 
"
"2016-11-21 13:59:40ID: BC  Data: 00 00 00 AA 00 00 00 00 
"
"2016-11-21 13:59:40ID: BB  Data: 00 00 00 AA 00 00 00 00 
"
"2016-11-21 13:59:40ID: BC  Data: 00 00 00 AA 00 00 00 00 
"
"2016-11-21 13:59:40ID: BB  Data: 00 00 00 AA 00 00 00 00 
"
"2016-11-21 13:59:40ID: BC  Data: 00 00 00 AA 00 00 00 00 
"
"2016-11-21 13:59:40ID: BB  Data: 00 00 00 AA 00 00 00 00 
"
"2016-11-21 13:59:40ID: BC  Data: 00 00 00 AA 00 00 00 00 
"
"2016-11-21 13:59:40ID: BB  Data: 00 00 00 AA 00 00 00 00 
"
"2016-11-21 13:59:40ID: BC  Data: 00 00 00 AA 00 00 00 00 
"
"2016-11-21 13:59:40ID: BB  Data: 00 00 00 AA 00 00 00 00 
"
"2016-11-21 13:59:40ID: BC  Data: 00 00 00 AA 00 00 00 00 
"
"2016-11-21 13:59:40ID: BB  Data: 00 00 00 AA 00 00 00 00 
"
"2016-11-21 13:59:40ID: BC  Data: 00 00 00 AA 00 00 00 00 
"
"2016-11-21 13:59:41ID: BB  Data: 00 00 00 AA 00 00 00 00 
"
"2016-11-21 13:59:41ID: BC  Data: 00 00 00 AA 00 00 00 00 
"
"2016-11-21 13:59:41ID: BB  Data: 00 00 00 AA 00 00 00 00 
"
"2016-11-21 13:59:41ID: BC  Data: 00 00 00 AA 00 00 00 00 
"
"2016-11-21 13:59:41ID: BB  Data: 00 00 00 AA 00 00 00 00 
"
"2016-11-21 13:59:41ID: BC  Data: 00 00 00 AA 00 00 00 00 
"
"2016-11-21 13:59:41ID: BB  Data: 00 00 00 AA 00 00 00 00 
"
"2016-11-21 13:59:41ID: BC  Data: 00 00 00 AA 00 00 00 00 
"
"2016-11-21 13:59:41ID: BB  Data: 00 00 00 AA 00 00 00 00 
"
"2016-11-21 13:59:41ID: BC  Data: 00 00 00 AA 00 00 00 00 
"
"2016-11-21 13:59:41ID: BB  Data: 00 00 00 AA 00 00 00 00 
"
"2016-11-21 13:59:41ID: BC  Data: 00 00 00 AA 00 00 00 00 
"
"2016-11-21 13:59:41ID: BB  Data: 00 00 00 AA 00 00 00 00 
"
"2016-11-21 13:59:41ID: BC  Data: 00 00 00 AA 00 00 00 00 
"
"2016-11-21 13:59:41ID: BB  Data: 00 00 00 AA 00 00 00 00 
"
"2016-11-21 13:59:41ID: BC  Data: 00 00 00 AA 00 00 00 00 
"
"2016-11-21 13:59:41ID: BB  Data: 00 00 00 AA 00 00 00 00 
"
"2016-11-21 13:59:41ID: BC  Data: 00 00 00 AA 00 00 00 00 
"
"2016-11-21 13:59:41ID: BB  Data: 00 00 00 AA 00 00 00 00 
"
"2016-11-21 13:59:41ID: BC  Data: 00 00 00 AA 00 00 00 00 
"
"2016-11-21 13:59:41ID: BB  Data: 00 00 00 AA 00 00 00 00 
"
"2016-11-21 13:59:41ID: BC  Data: 00 00 00 AA 00 00 00 00 
"
"2016-11-21 13:59:41ID: BB  Data: 00 00 00 AA 00 00 00 00 
"
"2016-11-21 13:59:41ID: BC  Data: 00 00 00 AA 00 00 00 00 
"
"2016-11-21 13:59:42ID: BB  Data: 00 00 00 AA 00 00 00 00 
"
"2016-11-21 13:59:42ID: BC  Data: 00 00 00 AA 00 00 00 00 
"
"2016-11-21 13:59:42ID: BB  Data: 00 00 00 AA 00 00 00 00 
"
"2016-11-21 13:59:42ID: BC  Data: 00 00 00 AA 00 00 00 00 
"
"2016-11-21 13:59:42ID: BB  Data: 00 00 00 AA 00 00 00 00 
"
"2016-11-21 13:59:42ID: BC  Data: 00 00 00 AA 00 00 00 00 
"
"2016-11-21 13:59:42ID: BB  Data: 00 00 00 AA 00 00 00 00 
"
"2016-11-21 13:59:42ID: BC  Data: 00 00 00 AA 00 00 00 00 
"
"2016-11-21 13:59:42ID: BB  Data: 00 00 00 AA 00 00 00 00 
"
"2016-11-21 13:59:42ID: BC  Data: 00 00 00 AA 00 00 00 00 
"
"2016-11-21 13:59:42ID: BB  Data: 00 00 00 AA 00 00 00 00 
"
"2016-11-21 13:59:42ID: BC  Data: 00 00 00 AA 00 00 00 00 
"
"2016-11-21 13:59:42ID: BB  Data: 00 00 00 AA 00 00 00 00 
"
"2016-11-21 13:59:42ID: BC  Data: 00 00 00 AA 00 00 00 00 
"
"2016-11-21 13:59:42ID: BB  Data: 00 00 00 AA 00 00 00 00 
"
"2016-11-21 13:59:42ID: BC  Data: 00 00 00 AA 00 00 00 00 
"
"2016-11-21 13:59:42ID: BB  Data: 00 00 00 AA 00 00 00 00 
"
"2016-11-21 13:59:42ID: BC  Data: 00 00 00 AA 00 00 00 00 
"
"2016-11-21 13:59:42ID: BB  Data: 00 00 00 AA 00 00 00 00 
"
"2016-11-21 13:59:42ID: BC  Data: 00 00 00 AA 00 00 00 00 
"
"2016-11-21 13:59:42ID: BB  Data: 00 00 00 AA 00 00 00 00 
"
"2016-11-21 13:59:42ID: BC  Data: 00 00 00 AA 00 00 00 00 
"
"2016-11-21 13:59:43ID: BB  Data: 00 00 00 AA 00 00 00 00 
"
"2016-11-21 13:59:43ID: BC  Data: 00 00 00 AA 00 00 00 00 
"
"2016-11-21 13:59:43ID: BB  Data: 00 00 00 AA 00 00 00 00 
"
"2016-11-21 13:59:43ID: BC  Data: 00 00 00 AA 00 00 00 00 
"
"2016-11-21 13:59:43ID: BB  Data: 00 00 00 AA 00 00 00 00 
"
"2016-11-21 13:59:43ID: BC  Data: 00 00 00 AA 00 00 00 00 
"
"2016-11-21 13:59:43ID: BB  Data: 00 00 00 AA 00 00 00 00 
"
"2016-11-21 13:59:43ID: BC  Data: 00 00 00 AA 00 00 00 00 
"
"2016-11-21 13:59:43ID: BB  Data: 00 00 00 AA 00 00 00 00 
"
"2016-11-21 13:59:43ID: BC  Data: 00 00 00 AA 00 00 00 00 
"
"2016-11-21 13:59:43ID: BB  Data: 00 00 00 AA 00 00 00 00 
"
"2016-11-21 13:59:43ID: BC  Data: 00 00 00 AA 00 00 00 00 
"
"2016-11-21 13:59:43ID: BB  Data: 00 00 00 AA 00 00 00 00 
"
"2016-11-21 13:59:43ID: BC  Data: 00 00 00 AA 00 00 00 00 
"
"2016-11-21 13:59:43ID: BB  Data: 00 00 00 AA 00 00 00 00 
"
"2016-11-21 13:59:43ID: BC  Data: 00 00 00 AA 00 00 00 00 
"
"2016-11-21 13:59:43ID: BB  Data: 00 00 00 AA 00 00 00 00 
"
"2016-11-21 13:59:43ID: BC  Data: 00 00 00 AA 00 00 00 00 
"
"2016-11-21 13:59:43ID: BB  Data: 00 00 00 AA 00 00 00 00 
"
"2016-11-21 13:59:43ID: BC  Data: 00 00 00 AA 00 00 00 00 
"
"2016-11-21 13:59:43ID: BB  Data: 00 00 00 AA 00 00 00 00 
"
"2016-11-21 13:59:43ID: BC  Data: 00 00 00 AA 00 00 00 00 
"
"2016-11-21 13:59:43ID: BB  Data: 00 00 00 AA 00 00 00 00 
"
"2016-11-21 13:59:44ID: BC  Data: 00 00 00 AA 00 00 00 00 
"
"2016-11-21 13:59:44ID: BB  Data: 00 00 00 AA 00 00 00 00 
"
"2016-11-21 13:59:44ID: BC  Data: 00 00 00 AA 00 00 00 00 
"
"2016-11-21 13:59:44ID: BB  Data: 00 00 00 AA 00 00 00 00 
"
"2016-11-21 13:59:44ID: BC  Data: 00 00 00 AA 00 00 00 00 
"
"2016-11-21 13:59:44ID: BB  Data: 00 00 00 AA 00 00 00 00 
"
"2016-11-21 13:59:44ID: BC  Data: 00 00 00 AA 00 00 00 00 
"
"2016-11-21 13:59:44ID: BB  Data: 00 00 00 AA 00 00 00 00 
"
"2016-11-21 13:59:44ID: BC  Data: 00 00 00 AA 00 00 00 00 
"
"2016-11-21 13:59:44ID: BB  Data: 00 00 00 AA 00 00 00 00 
"
"2016-11-21 13:59:44ID: BC  Data: 00 00 00 AA 00 00 00 00 
"
"2016-11-21 13:59:44ID: BB  Data: 00 00 00 AA 00 00 00 00 
"
"2016-11-21 13:59:44ID: BC  Data: 00 00 00 AA 00 00 00 00 
"
"2016-11-21 13:59:44ID: BB  Data: 00 00 00 AA 00 00 00 00 
"
"2016-11-21 13:59:44ID: BC  Data: 00 00 00 AA 00 00 00 00 
"
"2016-11-21 13:59:44ID: BB  Data: 00 00 00 AA 00 00 00 00 
"
"2016-11-21 13:59:44ID: BC  Data: 00 00 00 AA 00 00 00 00 
"
"2016-11-21 13:59:44ID: BB  Data: 00 00 00 AA 00 00 00 00 
"
"2016-11-21 13:59:44ID: BC  Data: 00 00 00 AA 00 00 00 00 
"
"2016-11-21 13:59:44ID: BB  Data: 00 00 00 AA 00 00 00 00 
"
"2016-11-21 13:59:44ID: BC  Data: 00 00 00 AA 00 00 00 00 
"
"2016-11-21 13:59:44ID: BB  Data: 00 00 00 AA 00 00 00 00 
"
"2016-11-21 13:59:44ID: BC  Data: 00 00 00 AA 00 00 00 00 
"
"2016-11-21 13:59:45ID: BB  Data: 00 00 00 AA 00 00 00 00 
"
"2016-11-21 13:59:45ID: BC  Data: 00 00 00 AA 00 00 00 00 
"
"2016-11-21 13:59:45ID: BB  Data: 00 00 00 AA 00 00 00 00 
"
"2016-11-21 13:59:45ID: BC  Data: 00 00 00 AA 00 00 00 00 
"
"2016-11-21 13:59:45ID: BB  Data: 00 00 00 AA 00 00 00 00 
"
"2016-11-21 13:59:45ID: BC  Data: 00 00 00 AA 00 00 00 00 
"
"2016-11-21 13:59:45ID: BB  Data: 00 00 00 AA 00 00 00 00 
"
"2016-11-21 13:59:45ID: BC  Data: 00 00 00 AA 00 00 00 00 
"
"2016-11-21 13:59:45ID: BB  Data: 00 00 00 AA 00 00 00 00 
"
"2016-11-21 13:59:45ID: BC  Data: 00 00 00 AA 00 00 00 00 
"
"2016-11-21 13:59:45ID: BB  Data: 00 00 00 AA 00 00 00 00 
"
"2016-11-21 13:59:45ID: BC  Data: 00 00 00 AA 00 00 00 00 
"
"2016-11-21 13:59:45ID: BB  Data: 00 00 00 AA 00 00 00 00 
"
"2016-11-21 13:59:45ID: BC  Data: 00 00 00 AA 00 00 00 00 
"
"2016-11-21 13:59:45ID: BB  Data: 00 00 00 AA 00 00 00 00 
"
"2016-11-21 13:59:45ID: BC  Data: 00 00 00 AA 00 00 00 00 
"
"2016-11-21 13:59:45ID: BB  Data: 00 00 00 AA 00 00 00 00 
"
"2016-11-21 13:59:45ID: BC  Data: 00 00 00 AA 00 00 00 00 
"
"2016-11-21 13:59:45ID: BB  Data: 00 00 00 AA 00 00 00 00 
"
"2016-11-21 13:59:45ID: BC  Data: 00 00 00 AA 00 00 00 00 
"
"2016-11-21 13:59:45ID: BB  Data: 00 00 00 AA 00 00 00 00 
"
"2016-11-21 13:59:45ID: BC  Data: 00 00 00 AA 00 00 00 00 
"
"2016-11-21 13:59:46ID: BB  Data: 00 00 00 AA 00 00 00 00 
"
"2016-11-21 13:59:46ID: BC  Data: 00 00 00 AA 00 00 00 00 
"
"2016-11-21 13:59:46ID: BB  Data: 00 00 00 AA 00 00 00 00 
"
"2016-11-21 13:59:46ID: BC  Data: 00 00 00 AA 00 00 00 00 
"
"2016-11-21 13:59:46ID: BB  Data: 00 00 00 AA 00 00 00 00 
"
"2016-11-21 13:59:46ID: BC  Data: 00 00 00 AA 00 00 00 00 
"
"2016-11-21 13:59:46ID: BB  Data: 00 00 00 AA 00 00 00 00 
"
"2016-11-21 13:59:46ID: BC  Data: 00 00 00 AA 00 00 00 00 
"
"2016-11-21 13:59:46ID: BB  Data: 00 00 00 AA 00 00 00 00 
"
"2016-11-21 13:59:46ID: BC  Data: 00 00 00 AA 00 00 00 00 
"
"2016-11-21 13:59:46ID: BB  Data: 00 00 00 AA 00 00 00 00 
"
"2016-11-21 13:59:46ID: BC  Data: 00 00 00 AA 00 00 00 00 
"
"2016-11-21 13:59:46ID: BB  Data: 00 00 00 AA 00 00 00 00 
"
"2016-11-21 13:59:46ID: BC  Data: 00 00 00 AA 00 00 00 00 
"
"2016-11-21 13:59:46ID: BB  Data: 00 00 00 AA 00 00 00 00 
"
"2016-11-21 13:59:46ID: BC  Data: 00 00 00 AA 00 00 00 00 
"
"2016-11-21 13:59:46ID: BB  Data: 00 00 00 AA 00 00 00 00 
"
"2016-11-21 13:59:46ID: BC  Data: 00 00 00 AA 00 00 00 00 
"
"2016-11-21 13:59:46ID: BB  Data: 00 00 00 AA 00 00 00 00 
"
"2016-11-21 13:59:46ID: BC  Data: 00 00 00 AA 00 00 00 00 
"
"2016-11-21 13:59:46ID: BB  Data: 00 00 00 AA 00 00 00 00 
"
"2016-11-21 13:59:46ID: BC  Data: 00 00 00 AA 00 00 00 00 
"
"2016-11-21 13:59:46ID: BB  Data: 00 00 00 AA 00 00 00 00 
"
"2016-11-21 13:59:46ID: BC  Data: 00 00 00 AA 00 00 00 00 
"
"2016-11-21 13:59:47ID: BB  Data: 00 00 00 AA 00 00 00 00 
"
"2016-11-21 13:59:47ID: BC  Data: 00 00 00 AA 00 00 00 00 
"
"2016-11-21 13:59:47ID: BB  Data: 00 00 00 AA 00 00 00 00 
"
"2016-11-21 13:59:47ID: BC  Data: 00 00 00 AA 00 00 00 00 
"
"2016-11-21 13:59:47ID: BB  Data: 00 00 00 AA 00 00 00 00 
"
"2016-11-21 13:59:47ID: BC  Data: 00 00 00 AA 00 00 00 00 
"
"2016-11-21 13:59:47ID: BB  Data: 00 00 00 AA 00 00 00 00 
"
"2016-11-21 13:59:47ID: BC  Data: 00 00 00 AA 00 00 00 00 
"
"2016-11-21 13:59:47ID: BB  Data: 00 00 00 AA 00 00 00 00 
"
"2016-11-21 13:59:47ID: BC  Data: 00 00 00 AA 00 00 00 00 
"
"2016-11-21 13:59:47ID: BB  Data: 00 00 00 AA 00 00 00 00 
"
"2016-11-21 13:59:47ID: BC  Data: 00 00 00 AA 00 00 00 00 
"
"2016-11-21 13:59:47ID: BB  Data: 00 00 00 AA 00 00 00 00 
"
"2016-11-21 13:59:47ID: BC  Data: 00 00 00 AA 00 00 00 00 
"
"2016-11-21 13:59:47ID: BB  Data: 00 00 00 AA 00 00 00 00 
"
"2016-11-21 13:59:47ID: BC  Data: 00 00 00 AA 00 00 00 00 
"
"2016-11-21 13:59:47ID: BB  Data: 00 00 00 AA 00 00 00 00 
"
"2016-11-21 13:59:47ID: BC  Data: 00 00 00 AA 00 00 00 00 
"
"2016-11-21 13:59:47ID: BB  Data: 00 00 00 AA 00 00 00 00 
"
"2016-11-21 13:59:47ID: BC  Data: 00 00 00 AA 00 00 00 00 
"
"2016-11-21 13:59:47ID: BB  Data: 00 00 00 AA 00 00 00 00 
"
"2016-11-21 13:59:47ID: BC  Data: 00 00 00 AA 00 00 00 00 
"
"2016-11-21 13:59:48ID: BB  Data: 00 00 00 AA 00 00 00 00 
"
"2016-11-21 13:59:48ID: BC  Data: 00 00 00 AA 00 00 00 00 
"
"2016-11-21 13:59:48ID: BB  Data: 00 00 00 AA 00 00 00 00 
"
"2016-11-21 13:59:48ID: BC  Data: 00 00 00 AA 00 00 00 00 
"
"2016-11-21 13:59:48ID: BB  Data: 00 00 00 AA 00 00 00 00 
"
"2016-11-21 13:59:48ID: BC  Data: 00 00 00 AA 00 00 00 00 
"
"2016-11-21 13:59:48ID: BB  Data: 00 00 00 AA 00 00 00 00 
"
"2016-11-21 13:59:48ID: BC  Data: 00 00 00 AA 00 00 00 00 
"
"2016-11-21 13:59:48ID: BB  Data: 00 00 00 AA 00 00 00 00 
"
"2016-11-21 13:59:48ID: BC  Data: 00 00 00 AA 00 00 00 00 
"
"2016-11-21 13:59:48ID: BB  Data: 00 00 00 AA 00 00 00 00 
"
"2016-11-21 13:59:48ID: BC  Data: 00 00 00 AA 00 00 00 00 
"
"2016-11-21 13:59:48ID: BB  Data: 00 00 00 AA 00 00 00 00 
"
"2016-11-21 13:59:48ID: BC  Data: 00 00 00 AA 00 00 00 00 
"
"2016-11-21 13:59:48ID: BB  Data: 00 00 00 AA 00 00 00 00 
"
"2016-11-21 13:59:48ID: BC  Data: 00 00 00 AA 00 00 00 00 
"
"2016-11-21 13:59:48ID: BB  Data: 00 00 00 AA 00 00 00 00 
"
"2016-11-21 13:59:48ID: BC  Data: 00 00 00 AA 00 00 00 00 
"
"2016-11-21 13:59:48ID: BB  Data: 00 00 00 AA 00 00 00 00 
"
"2016-11-21 13:59:48ID: BC  Data: 00 00 00 AA 00 00 00 00 
"
"2016-11-21 13:59:48ID: BB  Data: 00 00 00 AA 00 00 00 00 
"
"2016-11-21 13:59:48ID: BC  Data: 00 00 00 AA 00 00 00 00 
"
"2016-11-21 13:59:49ID: BB  Data: 00 00 00 AA 00 00 00 00 
"
"2016-11-21 13:59:49ID: BC  Data: 00 00 00 AA 00 00 00 00 
"
"2016-11-21 13:59:49ID: BB  Data: 00 00 00 AA 00 00 00 00 
"
"2016-11-21 13:59:49ID: BC  Data: 00 00 00 AA 00 00 00 00 
"
"2016-11-21 13:59:49ID: BB  Data: 00 00 00 AA 00 00 00 00 
"
"2016-11-21 13:59:49ID: BC  Data: 00 00 00 AA 00 00 00 00 
"
"2016-11-21 13:59:49ID: BB  Data: 00 00 00 AA 00 00 00 00 
"
"2016-11-21 13:59:49ID: BC  Data: 00 00 00 AA 00 00 00 00 
"
"2016-11-21 13:59:49ID: BB  Data: 00 00 00 AA 00 00 00 00 
"
"2016-11-21 13:59:49ID: BC  Data: 00 00 00 AA 00 00 00 00 
"
"2016-11-21 13:59:49ID: BB  Data: 00 00 00 AA 00 00 00 00 
"
"2016-11-21 13:59:49ID: BC  Data: 00 00 00 AA 00 00 00 00 
"
"2016-11-21 13:59:49ID: BB  Data: 00 00 00 AA 00 00 00 00 
"
"2016-11-21 13:59:49ID: BC  Data: 00 00 00 AA 00 00 00 00 
"
"2016-11-21 13:59:49ID: BB  Data: 00 00 00 AA 00 00 00 00 
"
"2016-11-21 13:59:49ID: BC  Data: 00 00 00 AA 00 00 00 00 
"
"2016-11-21 13:59:49ID: BB  Data: 00 00 00 AA 00 00 00 00 
"
"2016-11-21 13:59:49ID: BC  Data: 00 00 00 AA 00 00 00 00 
"
"2016-11-21 13:59:49ID: BB  Data: 00 00 00 AA 00 00 00 00 
"
"2016-11-21 13:59:49ID: BC  Data: 00 00 00 AA 00 00 00 00 
"
"2016-11-21 13:59:49ID: BB  Data: 00 00 00 AA 00 00 00 00 
"
"2016-11-21 13:59:49ID: BC  Data: 00 00 00 AA 00 00 00 00 
"
"2016-11-21 13:59:49ID: BB  Data: 00 00 00 AA 00 00 00 00 
"
"2016-11-21 13:59:49ID: BC  Data: 00 00 00 AA 00 00 00 00 
"
"2016-11-21 13:59:50ID: BB  Data: 00 00 00 AA 00 00 00 00 
"
"2016-11-21 13:59:50ID: BC  Data: 00 00 00 AA 00 00 00 00 
"
"2016-11-21 13:59:50ID: BB  Data: 00 00 00 AA 00 00 00 00 
"
"2016-11-21 13:59:50ID: BC  Data: 00 00 00 AA 00 00 00 00 
"
"2016-11-21 13:59:50ID: BB  Data: 00 00 00 AA 00 00 00 00 
"
"2016-11-21 13:59:50ID: BC  Data: 00 00 00 AA 00 00 00 00 
"
"2016-11-21 13:59:50ID: BB  Data: 00 00 00 AA 00 00 00 00 
"
"2016-11-21 13:59:50ID: BC  Data: 00 00 00 AA 00 00 00 00 
"
"2016-11-21 13:59:50ID: BB  Data: 00 00 00 AA 00 00 00 00 
"
"2016-11-21 13:59:50ID: BC  Data: 00 00 00 AA 00 00 00 00 
"
"2016-11-21 13:59:50ID: BB  Data: 00 00 00 AA 00 00 00 00 
"
"2016-11-21 13:59:50ID: BC  Data: 00 00 00 AA 00 00 00 00 
"
"2016-11-21 13:59:50ID: BB  Data: 00 00 00 AA 00 00 00 00 
"
"2016-11-21 13:59:50ID: BC  Data: 00 00 00 AA 00 00 00 00 
"
"2016-11-21 13:59:50ID: BB  Data: 00 00 00 AA 00 00 00 00 
"
"2016-11-21 13:59:50ID: BC  Data: 00 00 00 AA 00 00 00 00 
"
"2016-11-21 13:59:50ID: BB  Data: 00 00 00 AA 00 00 00 00 
"
"2016-11-21 13:59:50ID: BC  Data: 00 00 00 AA 00 00 00 00 
"
"2016-11-21 13:59:50ID: BB  Data: 00 00 00 AA 00 00 00 00 
"
"2016-11-21 13:59:50ID: BC  Data: 00 00 00 AA 00 00 00 00 
"
"2016-11-21 13:59:50ID: BB  Data: 00 00 00 AA 00 00 00 00 
"
"2016-11-21 13:59:50ID: BC  Data: 00 00 00 AA 00 00 00 00 
"
"2016-11-21 13:59:51ID: BB  Data: 00 00 00 AA 00 00 00 00 
"
"2016-11-21 13:59:51ID: BC  Data: 00 00 00 AA 00 00 00 00 
"
"2016-11-21 13:59:51ID: BB  Data: 00 00 00 AA 00 00 00 00 
"
"2016-11-21 13:59:51ID: BC  Data: 00 00 00 AA 00 00 00 00 
"
"2016-11-21 13:59:51ID: BB  Data: 00 00 00 AA 00 00 00 00 
"
"2016-11-21 13:59:51ID: BC  Data: 00 00 00 AA 00 00 00 00 
"
"2016-11-21 13:59:51ID: BB  Data: 00 00 00 AA 00 00 00 00 
"
"2016-11-21 13:59:51ID: BC  Data: 00 00 00 AA 00 00 00 00 
"
"2016-11-21 13:59:51ID: BB  Data: 00 00 00 AA 00 00 00 00 
"
"2016-11-21 13:59:51ID: BC  Data: 00 00 00 AA 00 00 00 00 
"
"2016-11-21 13:59:51ID: BB  Data: 00 00 00 AA 00 00 00 00 
"
"2016-11-21 13:59:51ID: BC  Data: 00 00 00 AA 00 00 00 00 
"
"2016-11-21 13:59:51ID: BB  Data: 00 00 00 AA 00 00 00 00 
"
"2016-11-21 13:59:51ID: BC  Data: 00 00 00 AA 00 00 00 00 
"
"2016-11-21 13:59:51ID: BB  Data: 00 00 00 AA 00 00 00 00 
"
"2016-11-21 13:59:51ID: BC  Data: 00 00 00 AA 00 00 00 00 
"
"2016-11-21 13:59:51ID: BB  Data: 00 00 00 AA 00 00 00 00 
"
"2016-11-21 13:59:51ID: BC  Data: 00 00 00 AA 00 00 00 00 
"
"2016-11-21 13:59:51ID: BB  Data: 00 00 00 AA 00 00 00 00 
"
"2016-11-21 13:59:51ID: BC  Data: 00 00 00 AA 00 00 00 00 
"
"2016-11-21 13:59:51ID: BB  Data: 00 00 00 AA 00 00 00 00 
"
"2016-11-21 13:59:51ID: BC  Data: 00 00 00 AA 00 00 00 00 
"
"2016-11-21 13:59:52ID: BB  Data: 00 00 00 AA 00 00 00 00 
"
"2016-11-21 13:59:52ID: BC  Data: 00 00 00 AA 00 00 00 00 
"
"2016-11-21 13:59:52ID: BB  Data: 00 00 00 AA 00 00 00 00 
"
"2016-11-21 13:59:52ID: BC  Data: 00 00 00 AA 00 00 00 00 
"
"2016-11-21 13:59:52ID: BB  Data: 00 00 00 AA 00 00 00 00 
"
"2016-11-21 13:59:52ID: BC  Data: 00 00 00 AA 00 00 00 00 
"
"2016-11-21 13:59:52ID: BB  Data: 00 00 00 AA 00 00 00 00 
"
"2016-11-21 13:59:52ID: BC  Data: 00 00 00 AA 00 00 00 00 
"
"2016-11-21 13:59:52ID: BB  Data: 00 00 00 AA 00 00 00 00 
"
"2016-11-21 13:59:52ID: BC  Data: 00 00 00 AA 00 00 00 00 
"
"2016-11-21 13:59:52ID: BB  Data: 00 00 00 AA 00 00 00 00 
"
"2016-11-21 13:59:52ID: BC  Data: 00 00 00 AA 00 00 00 00 
"
"2016-11-21 13:59:52ID: BB  Data: 00 00 00 AA 00 00 00 00 
"
"2016-11-21 13:59:52ID: BC  Data: 00 00 00 AA 00 00 00 00 
"
"2016-11-21 13:59:52ID: BB  Data: 00 00 00 AA 00 00 00 00 
"
"2016-11-21 13:59:52ID: BC  Data: 00 00 00 AA 00 00 00 00 
"
"2016-11-21 13:59:52ID: BB  Data: 00 00 00 AA 00 00 00 00 
"
"2016-11-21 13:59:52ID: BC  Data: 00 00 00 AA 00 00 00 00 
"
"2016-11-21 13:59:52ID: BB  Data: 00 00 00 AA 00 00 00 00 
"
"2016-11-21 13:59:52ID: BC  Data: 00 00 00 AA 00 00 00 00 
"
"2016-11-21 13:59:52ID: BB  Data: 00 00 00 AA 00 00 00 00 
"
"2016-11-21 13:59:52ID: BC  Data: 00 00 00 AA 00 00 00 00 
"
"2016-11-21 13:59:52ID: BB  Data: 00 00 00 AA 00 00 00 00 
"
"2016-11-21 13:59:52ID: BC  Data: 00 00 00 AA 00 00 00 00 
"
"2016-11-21 13:59:53ID: BB  Data: 00 00 00 AA 00 00 00 00 
"
"2016-11-21 13:59:53ID: BC  Data: 00 00 00 AA 00 00 00 00 
"
"2016-11-21 13:59:53ID: BB  Data: 00 00 00 AA 00 00 00 00 
"
"2016-11-21 13:59:53ID: BC  Data: 00 00 00 AA 00 00 00 00 
"
"2016-11-21 13:59:53ID: BB  Data: 00 00 00 AA 00 00 00 00 
"
"2016-11-21 13:59:53ID: BC  Data: 00 00 00 AA 00 00 00 00 
"
"2016-11-21 13:59:53ID: BB  Data: 00 00 00 AA 00 00 00 00 
"
"2016-11-21 13:59:53ID: BC  Data: 00 00 00 AA 00 00 00 00 
"
"2016-11-21 13:59:53ID: BB  Data: 00 00 00 AA 00 00 00 00 
"
"2016-11-21 13:59:53ID: BC  Data: 00 00 00 AA 00 00 00 00 
"
"2016-11-21 13:59:53ID: BB  Data: 00 00 00 AA 00 00 00 00 
"
"2016-11-21 13:59:53ID: BC  Data: 00 00 00 AA 00 00 00 00 
"
"2016-11-21 13:59:53ID: BB  Data: 00 00 00 AA 00 00 00 00 
"
"2016-11-21 13:59:53ID: BC  Data: 00 00 00 AA 00 00 00 00 
"
"2016-11-21 13:59:53ID: BB  Data: 00 00 00 AA 00 00 00 00 
"
"2016-11-21 13:59:53ID: BC  Data: 00 00 00 AA 00 00 00 00 
"
"2016-11-21 13:59:53ID: BB  Data: 00 00 00 AA 00 00 00 00 
"
"2016-11-21 13:59:53ID: BC  Data: 00 00 00 AA 00 00 00 00 
"
"2016-11-21 13:59:53ID: BB  Data: 00 00 00 AA 00 00 00 00 
"
"2016-11-21 13:59:53ID: BC  Data: 00 00 00 AA 00 00 00 00 
"
"2016-11-21 13:59:53ID: BB  Data: 00 00 00 AA 00 00 00 00 
"
"2016-11-21 13:59:53ID: BC  Data: 00 00 00 AA 00 00 00 00 
"
"2016-11-21 13:59:54ID: BB  Data: 00 00 00 AA 00 00 00 00 
"
"2016-11-21 13:59:54ID: BC  Data: 00 00 00 AA 00 00 00 00 
"
"2016-11-21 13:59:54ID: BB  Data: 00 00 00 AA 00 00 00 00 
"
"2016-11-21 13:59:54ID: BC  Data: 00 00 00 AA 00 00 00 00 
"
"2016-11-21 13:59:54ID: BB  Data: 00 00 00 AA 00 00 00 00 
"
"2016-11-21 13:59:54ID: BC  Data: 00 00 00 AA 00 00 00 00 
"
"2016-11-21 13:59:54ID: BB  Data: 00 00 00 AA 00 00 00 00 
"
"2016-11-21 13:59:54ID: BC  Data: 00 00 00 AA 00 00 00 00 
"
"2016-11-21 13:59:54ID: BB  Data: 00 00 00 AA 00 00 00 00 
"
"2016-11-21 13:59:54ID: BC  Data: 00 00 00 AA 00 00 00 00 
"
"2016-11-21 13:59:54ID: BB  Data: 00 00 00 AA 00 00 00 00 
"
"2016-11-21 13:59:54ID: BC  Data: 00 00 00 AA 00 00 00 00 
"
"2016-11-21 13:59:54ID: BB  Data: 00 00 00 AA 00 00 00 00 
"
"2016-11-21 13:59:54ID: BC  Data: 00 00 00 AA 00 00 00 00 
"
"2016-11-21 13:59:54ID: BB  Data: 00 00 00 AA 00 00 00 00 
"
"2016-11-21 13:59:54ID: BC  Data: 00 00 00 AA 00 00 00 00 
"
"2016-11-21 13:59:54ID: BB  Data: 00 00 00 AA 00 00 00 00 
"
"2016-11-21 13:59:54ID: BC  Data: 00 00 00 AA 00 00 00 00 
"
"2016-11-21 13:59:54ID: BB  Data: 00 00 00 AA 00 00 00 00 
"
"2016-11-21 13:59:54ID: BC  Data: 00 00 00 AA 00 00 00 00 
"
"2016-11-21 13:59:54ID: BB  Data: 00 00 00 AA 00 00 00 00 
"
"2016-11-21 13:59:54ID: BC  Data: 00 00 00 AA 00 00 00 00 
"
"2016-11-21 13:59:54ID: BB  Data: 00 00 00 AA 00 00 00 00 
"
"2016-11-21 13:59:55ID: BC  Data: 00 00 00 AA 00 00 00 00 
"
"2016-11-21 13:59:55ID: BB  Data: 00 00 00 AA 00 00 00 00 
"
"2016-11-21 13:59:55ID: BC  Data: 00 00 00 AA 00 00 00 00 
"
"2016-11-21 13:59:55ID: BB  Data: 00 00 00 AA 00 00 00 00 
"
"2016-11-21 13:59:55ID: BC  Data: 00 00 00 AA 00 00 00 00 
"
"2016-11-21 13:59:55ID: BB  Data: 00 00 00 AA 00 00 00 00 
"
"2016-11-21 13:59:55ID: BC  Data: 00 00 00 AA 00 00 00 00 
"
"2016-11-21 13:59:55ID: BB  Data: 00 00 00 AA 00 00 00 00 
"
"2016-11-21 13:59:55ID: BC  Data: 00 00 00 AA 00 00 00 00 
"
"2016-11-21 13:59:55ID: BB  Data: 00 00 00 AA 00 00 00 00 
"
"2016-11-21 13:59:55ID: BC  Data: 00 00 00 AA 00 00 00 00 
"
"2016-11-21 13:59:55ID: BB  Data: 00 00 00 AA 00 00 00 00 
"
"2016-11-21 13:59:55ID: BC  Data: 00 00 00 AA 00 00 00 00 
"
"2016-11-21 13:59:55ID: BB  Data: 00 00 00 AA 00 00 00 00 
"
"2016-11-21 13:59:55ID: BC  Data: 00 00 00 AA 00 00 00 00 
"
"2016-11-21 13:59:55ID: BB  Data: 00 00 00 AA 00 00 00 00 
"
"2016-11-21 13:59:55ID: BC  Data: 00 00 00 AA 00 00 00 00 
"
"2016-11-21 13:59:55ID: BB  Data: 00 00 00 AA 00 00 00 00 
"
"2016-11-21 13:59:55ID: BC  Data: 00 00 00 AA 00 00 00 00 
"
"2016-11-21 13:59:55ID: BB  Data: 00 00 00 AA 00 00 00 00 
"
"2016-11-21 13:59:55ID: BC  Data: 00 00 00 AA 00 00 00 00 
"
"2016-11-21 13:59:55ID: BB  Data: 00 00 00 AA 00 00 00 00 
"
"2016-11-21 13:59:55ID: BC  Data: 00 00 00 AA 00 00 00 00 
"
"2016-11-21 13:59:56ID: BB  Data: 00 00 00 AA 00 00 00 00 
"
"2016-11-21 13:59:56ID: BC  Data: 00 00 00 AA 00 00 00 00 
"
"2016-11-21 13:59:56ID: BB  Data: 00 00 00 AA 00 00 00 00 
"
"2016-11-21 13:59:56ID: BC  Data: 00 00 00 AA 00 00 00 00 
"
"2016-11-21 13:59:56ID: BB  Data: 00 00 00 AA 00 00 00 00 
"
"2016-11-21 13:59:56ID: BC  Data: 00 00 00 AA 00 00 00 00 
"
"2016-11-21 13:59:56ID: BB  Data: 00 00 00 AA 00 00 00 00 
"
"2016-11-21 13:59:56ID: BC  Data: 00 00 00 AA 00 00 00 00 
"
"2016-11-21 13:59:56ID: BB  Data: 00 00 00 AA 00 00 00 00 
"
"2016-11-21 13:59:56ID: BC  Data: 00 00 00 AA 00 00 00 00 
"
"2016-11-21 13:59:56ID: BB  Data: 00 00 00 AA 00 00 00 00 
"
"2016-11-21 13:59:56ID: BC  Data: 00 00 00 AA 00 00 00 00 
"
"2016-11-21 13:59:56ID: BB  Data: 00 00 00 AA 00 00 00 00 
"
"2016-11-21 13:59:56ID: BC  Data: 00 00 00 AA 00 00 00 00 
"
"2016-11-21 13:59:56ID: BB  Data: 00 00 00 AA 00 00 00 00 
"
"2016-11-21 13:59:56ID: BC  Data: 00 00 00 AA 00 00 00 00 
"
"2016-11-21 13:59:56ID: BB  Data: 00 00 00 AA 00 00 00 00 
"
"2016-11-21 13:59:56ID: BC  Data: 00 00 00 AA 00 00 00 00 
"
"2016-11-21 13:59:56ID: BB  Data: 00 00 00 AA 00 00 00 00 
"
"2016-11-21 13:59:56ID: BC  Data: 00 00 00 AA 00 00 00 00 
"
"2016-11-21 13:59:56ID: BB  Data: 00 00 00 AA 00 00 00 00 
"
"2016-11-21 13:59:56ID: BC  Data: 00 00 00 AA 00 00 00 00 
"
"2016-11-21 13:59:57ID: BB  Data: 00 00 00 AA 00 00 00 00 
"
"2016-11-21 13:59:57ID: BC  Data: 00 00 00 AA 00 00 00 00 
"
"2016-11-21 13:59:57ID: BB  Data: 00 00 00 AA 00 00 00 00 
"
"2016-11-21 13:59:57ID: BC  Data: 00 00 00 AA 00 00 00 00 
"
"2016-11-21 13:59:57ID: BB  Data: 00 00 00 AA 00 00 00 00 
"
"2016-11-21 13:59:57ID: BC  Data: 00 00 00 AA 00 00 00 00 
"
"2016-11-21 13:59:57ID: BB  Data: 00 00 00 AA 00 00 00 00 
"
"2016-11-21 13:59:57ID: BC  Data: 00 00 00 AA 00 00 00 00 
"
"2016-11-21 13:59:57ID: BB  Data: 00 00 00 AA 00 00 00 00 
"
"2016-11-21 13:59:57ID: BC  Data: 00 00 00 AA 00 00 00 00 
"
"2016-11-21 13:59:57ID: BB  Data: 00 00 00 AA 00 00 00 00 
"
"2016-11-21 13:59:57ID: BC  Data: 00 00 00 AA 00 00 00 00 
"
"2016-11-21 13:59:57ID: BB  Data: 00 00 00 AA 00 00 00 00 
"
"2016-11-21 13:59:57ID: BC  Data: 00 00 00 AA 00 00 00 00 
"
"2016-11-21 13:59:57ID: BB  Data: 00 00 00 AA 00 00 00 00 
"
"2016-11-21 13:59:57ID: BC  Data: 00 00 00 AA 00 00 00 00 
"
"2016-11-21 13:59:57ID: BB  Data: 00 00 00 AA 00 00 00 00 
"
"2016-11-21 13:59:57ID: BC  Data: 00 00 00 AA 00 00 00 00 
"
"2016-11-21 13:59:57ID: BB  Data: 00 00 00 AA 00 00 00 00 
"
"2016-11-21 13:59:57ID: BC  Data: 00 00 00 AA 00 00 00 00 
"
"2016-11-21 13:59:57ID: BB  Data: 00 00 00 AA 00 00 00 00 
"
"2016-11-21 13:59:57ID: BC  Data: 00 00 00 AA 00 00 00 00 
"
"2016-11-21 13:59:57ID: BB  Data: 00 00 00 AA 00 00 00 00 
"
"2016-11-21 13:59:57ID: BC  Data: 00 00 00 AA 00 00 00 00 
"
"2016-11-21 13:59:58ID: BB  Data: 00 00 00 AA 00 00 00 00 
"
"2016-11-21 13:59:58ID: BC  Data: 00 00 00 AA 00 00 00 00 
"
"2016-11-21 13:59:58ID: BB  Data: 00 00 00 AA 00 00 00 00 
"
"2016-11-21 13:59:58ID: BC  Data: 00 00 00 AA 00 00 00 00 
"
"2016-11-21 13:59:58ID: BB  Data: 00 00 00 AA 00 00 00 00 
"
"2016-11-21 13:59:58ID: BC  Data: 00 00 00 AA 00 00 00 00 
"
"2016-11-21 13:59:58ID: BB  Data: 00 00 00 AA 00 00 00 00 
"
"2016-11-21 13:59:58ID: BC  Data: 00 00 00 AA 00 00 00 00 
"
"2016-11-21 13:59:58ID: BB  Data: 00 00 00 AA 00 00 00 00 
"
"2016-11-21 13:59:58ID: BC  Data: 00 00 00 AA 00 00 00 00 
"
"2016-11-21 13:59:58ID: BB  Data: 00 00 00 AA 00 00 00 00 
"
"2016-11-21 13:59:58ID: BC  Data: 00 00 00 AA 00 00 00 00 
"
"2016-11-21 13:59:58ID: BB  Data: 00 00 00 AA 00 00 00 00 
"
"2016-11-21 13:59:58ID: BC  Data: 00 00 00 AA 00 00 00 00 
"
"2016-11-21 13:59:58ID: BB  Data: 00 00 00 AA 00 00 00 00 
"
"2016-11-21 13:59:58ID: BC  Data: 00 00 00 AA 00 00 00 00 
"
"2016-11-21 13:59:58ID: BB  Data: 00 00 00 AA 00 00 00 00 
"
"2016-11-21 13:59:58ID: BC  Data: 00 00 00 AA 00 00 00 00 
"
"2016-11-21 13:59:58ID: BB  Data: 00 00 00 AA 00 00 00 00 
"
"2016-11-21 13:59:58ID: BC  Data: 00 00 00 AA 00 00 00 00 
"
"2016-11-21 13:59:58ID: BB  Data: 00 00 00 AA 00 00 00 00 
"
"2016-11-21 13:59:58ID: BC  Data: 00 00 00 AA 00 00 00 00 
"
"2016-11-21 13:59:59ID: BB  Data: 00 00 00 AA 00 00 00 00 
"
"2016-11-21 13:59:59ID: BC  Data: 00 00 00 AA 00 00 00 00 
"
"2016-11-21 13:59:59ID: BB  Data: 00 00 00 AA 00 00 00 00 
"
"2016-11-21 13:59:59ID: BC  Data: 00 00 00 AA 00 00 00 00 
"
"2016-11-21 13:59:59ID: BB  Data: 00 00 00 AA 00 00 00 00 
"
"2016-11-21 13:59:59ID: BC  Data: 00 00 00 AA 00 00 00 00 
"
"2016-11-21 13:59:59ID: BB  Data: 00 00 00 AA 00 00 00 00 
"
"2016-11-21 13:59:59ID: BC  Data: 00 00 00 AA 00 00 00 00 
"
"2016-11-21 13:59:59ID: BB  Data: 00 00 00 AA 00 00 00 00 
"
"2016-11-21 13:59:59ID: BC  Data: 00 00 00 AA 00 00 00 00 
"
"2016-11-21 13:59:59ID: BB  Data: 00 00 00 AA 00 00 00 00 
"
"2016-11-21 13:59:59ID: BC  Data: 00 00 00 AA 00 00 00 00 
"
"2016-11-21 13:59:59ID: BB  Data: 00 00 00 AA 00 00 00 00 
"
"2016-11-21 13:59:59ID: BC  Data: 00 00 00 AA 00 00 00 00 
"
"2016-11-21 13:59:59ID: BB  Data: 00 00 00 AA 00 00 00 00 
"
"2016-11-21 13:59:59ID: BC  Data: 00 00 00 AA 00 00 00 00 
"
"2016-11-21 13:59:59ID: BB  Data: 00 00 00 AA 00 00 00 00 
"
"2016-11-21 13:59:59ID: BC  Data: 00 00 00 AA 00 00 00 00 
"
"2016-11-21 13:59:59ID: BB  Data: 00 00 00 AA 00 00 00 00 
"
"2016-11-21 13:59:59ID: BC  Data: 00 00 00 AA 00 00 00 00 
"
"2016-11-21 13:59:59ID: BB  Data: 00 00 00 AA 00 00 00 00 
"
"2016-11-21 13:59:59ID: BC  Data: 00 00 00 AA 00 00 00 00 
"
"2016-11-21 14:00:00ID: BB  Data: 00 00 00 AA 00 00 00 00 
"
"2016-11-21 14:00:00ID: BC  Data: 00 00 00 AA 00 00 00 00 
"
"2016-11-21 14:00:00ID: BB  Data: 00 00 00 AA 00 00 00 00 
"
"2016-11-21 14:00:00ID: BC  Data: 00 00 00 AA 00 00 00 00 
"
"2016-11-21 14:00:00ID: BB  Data: 00 00 00 AA 00 00 00 00 
"
"2016-11-21 14:00:00ID: BC  Data: 00 00 00 AA 00 00 00 00 
"
"2016-11-21 14:00:00ID: BB  Data: 00 00 00 AA 00 00 00 00 
"
"2016-11-21 14:00:00ID: BC  Data: 00 00 00 AA 00 00 00 00 
"
"2016-11-21 14:00:00ID: BB  Data: 00 00 00 AA 00 00 00 00 
"
"2016-11-21 14:00:00ID: BC  Data: 00 00 00 AA 00 00 00 00 
"
"2016-11-21 14:00:00ID: BB  Data: 00 00 00 AA 00 00 00 00 
"
"2016-11-21 14:00:00ID: BC  Data: 00 00 00 AA 00 00 00 00 
"
"2016-11-21 14:00:00ID: BB  Data: 00 00 00 AA 00 00 00 00 
"
"2016-11-21 14:00:00ID: BC  Data: 00 00 00 AA 00 00 00 00 
"
"2016-11-21 14:00:00ID: BB  Data: 00 00 00 AA 00 00 00 00 
"
"2016-11-21 14:00:00ID: BC  Data: 00 00 00 AA 00 00 00 00 
"
"2016-11-21 14:00:00ID: BB  Data: 00 00 00 AA 00 00 00 00 
"
"2016-11-21 14:00:00ID: BC  Data: 00 00 00 AA 00 00 00 00 
"
"2016-11-21 14:00:00ID: BB  Data: 00 00 00 AA 00 00 00 00 
"
"2016-11-21 14:00:00ID: BC  Data: 00 00 00 AA 00 00 00 00 
"
"2016-11-21 14:00:00ID: BB  Data: 00 00 00 AA 00 00 00 00 
"
"2016-11-21 14:00:00ID: BC  Data: 00 00 00 AA 00 00 00 00 
"
"2016-11-21 14:00:00ID: BB  Data: 00 00 00 AA 00 00 00 00 
"
"2016-11-21 14:00:00ID: BC  Data: 00 00 00 AA 00 00 00 00 
"
"2016-11-21 14:00:01ID: BB  Data: 00 00 00 AA 00 00 00 00 
"
"2016-11-21 14:00:01ID: BC  Data: 00 00 00 AA 00 00 00 00 
"
"2016-11-21 14:00:01ID: BB  Data: 00 00 00 AA 00 00 00 00 
"
"2016-11-21 14:00:01ID: BC  Data: 00 00 00 AA 00 00 00 00 
"
"2016-11-21 14:00:01ID: BB  Data: 00 00 00 AA 00 00 00 00 
"
"2016-11-21 14:00:01ID: BC  Data: 00 00 00 AA 00 00 00 00 
"
"2016-11-21 14:00:01ID: BB  Data: 00 00 00 AA 00 00 00 00 
"
"2016-11-21 14:00:01ID: BC  Data: 00 00 00 AA 00 00 00 00 
"
"2016-11-21 14:00:01ID: BB  Data: 00 00 00 AA 00 00 00 00 
"
"2016-11-21 14:00:01ID: BC  Data: 00 00 00 AA 00 00 00 00 
"
"2016-11-21 14:00:01ID: BB  Data: 00 00 00 AA 00 00 00 00 
"
"2016-11-21 14:00:01ID: BC  Data: 00 00 00 AA 00 00 00 00 
"
"2016-11-21 14:00:01ID: BB  Data: 00 00 00 AA 00 00 00 00 
"
"2016-11-21 14:00:01ID: BC  Data: 00 00 00 AA 00 00 00 00 
"
"2016-11-21 14:00:01ID: BB  Data: 00 00 00 AA 00 00 00 00 
"
"2016-11-21 14:00:01ID: BC  Data: 00 00 00 AA 00 00 00 00 
"
"2016-11-21 14:00:01ID: BB  Data: 00 00 00 AA 00 00 00 00 
"
"2016-11-21 14:00:01ID: BC  Data: 00 00 00 AA 00 00 00 00 
"
"2016-11-21 14:00:01ID: BB  Data: 00 00 00 AA 00 00 00 00 
"
"2016-11-21 14:00:01ID: BC  Data: 00 00 00 AA 00 00 00 00 
"
"2016-11-21 14:00:01ID: BB  Data: 00 00 00 AA 00 00 00 00 
"
"2016-11-21 14:00:01ID: BC  Data: 00 00 00 AA 00 00 00 00 
"
"2016-11-21 14:00:02ID: BB  Data: 00 00 00 AA 00 00 00 00 
"
"2016-11-21 14:00:02ID: BC  Data: 00 00 00 AA 00 00 00 00 
"
"2016-11-21 14:00:02ID: BB  Data: 00 00 00 AA 00 00 00 00 
"
"2016-11-21 14:00:02ID: BC  Data: 00 00 00 AA 00 00 00 00 
"
"2016-11-21 14:00:02ID: BB  Data: 00 00 00 AA 00 00 00 00 
"
"2016-11-21 14:00:02ID: BC  Data: 00 00 00 AA 00 00 00 00 
"
"2016-11-21 14:00:02ID: BB  Data: 00 00 00 AA 00 00 00 00 
"
"2016-11-21 14:00:02ID: BC  Data: 00 00 00 AA 00 00 00 00 
"
"2016-11-21 14:00:02ID: BB  Data: 00 00 00 AA 00 00 00 00 
"
"2016-11-21 14:00:02ID: BC  Data: 00 00 00 AA 00 00 00 00 
"
"2016-11-21 14:00:02ID: BB  Data: 00 00 00 AA 00 00 00 00 
"
"2016-11-21 14:00:02ID: BC  Data: 00 00 00 AA 00 00 00 00 
"
"2016-11-21 14:00:02ID: BB  Data: 00 00 00 AA 00 00 00 00 
"
"2016-11-21 14:00:02ID: BC  Data: 00 00 00 AA 00 00 00 00 
"
"2016-11-21 14:00:02ID: BB  Data: 00 00 00 AA 00 00 00 00 
"
"2016-11-21 14:00:02ID: BC  Data: 00 00 00 AA 00 00 00 00 
"
"2016-11-21 14:00:02ID: BB  Data: 00 00 00 AA 00 00 00 00 
"
"2016-11-21 14:00:02ID: BC  Data: 00 00 00 AA 00 00 00 00 
"
"2016-11-21 14:00:02ID: BB  Data: 00 00 00 AA 00 00 00 00 
"
"2016-11-21 14:00:02ID: BC  Data: 00 00 00 AA 00 00 00 00 
"
"2016-11-21 14:00:02ID: BB  Data: 00 00 00 AA 00 00 00 00 
"
"2016-11-21 14:00:02ID: BC  Data: 00 00 00 AA 00 00 00 00 
"
"2016-11-21 14:00:03ID: BB  Data: 00 00 00 AA 00 00 00 00 
"
"2016-11-21 14:00:03ID: BC  Data: 00 00 00 AA 00 00 00 00 
"
"2016-11-21 14:00:03ID: BB  Data: 00 00 00 AA 00 00 00 00 
"
"2016-11-21 14:00:03ID: BC  Data: 00 00 00 AA 00 00 00 00 
"
"2016-11-21 14:00:03ID: BB  Data: 00 00 00 AA 00 00 00 00 
"
"2016-11-21 14:00:03ID: BC  Data: 00 00 00 AA 00 00 00 00 
"
"2016-11-21 14:00:03ID: BB  Data: 00 00 00 AA 00 00 00 00 
"
"2016-11-21 14:00:03ID: BC  Data: 00 00 00 AA 00 00 00 00 
"
"2016-11-21 14:00:03ID: BB  Data: 00 00 00 AA 00 00 00 00 
"
"2016-11-21 14:00:03ID: BC  Data: 00 00 00 AA 00 00 00 00 
"
"2016-11-21 14:00:03ID: BB  Data: 00 00 00 AA 00 00 00 00 
"
"2016-11-21 14:00:03ID: BC  Data: 00 00 00 AA 00 00 00 00 
"
"2016-11-21 14:00:03ID: BB  Data: 00 00 00 AA 00 00 00 00 
"
"2016-11-21 14:00:03ID: BC  Data: 00 00 00 AA 00 00 00 00 
"
"2016-11-21 14:00:03ID: BB  Data: 00 00 00 AA 00 00 00 00 
"
"2016-11-21 14:00:03ID: BC  Data: 00 00 00 AA 00 00 00 00 
"
"2016-11-21 14:00:03ID: BB  Data: 00 00 00 AA 00 00 00 00 
"
"2016-11-21 14:00:03ID: BC  Data: 00 00 00 AA 00 00 00 00 
"
"2016-11-21 14:00:03ID: BB  Data: 00 00 00 AA 00 00 00 00 
"
"2016-11-21 14:00:03ID: BC  Data: 00 00 00 AA 00 00 00 00 
"
"2016-11-21 14:00:03ID: BB  Data: 00 00 00 AA 00 00 00 00 
"
"2016-11-21 14:00:03ID: BC  Data: 00 00 00 AA 00 00 00 00 
"
"2016-11-21 14:00:03ID: BB  Data: 00 00 00 AA 00 00 00 00 
"
"2016-11-21 14:00:03ID: BC  Data: 00 00 00 AA 00 00 00 00 
"
"2016-11-21 14:00:04ID: BB  Data: 00 00 00 AA 00 00 00 00 
"
"2016-11-21 14:00:04ID: BC  Data: 00 00 00 AA 00 00 00 00 
"
"2016-11-21 14:00:04ID: BB  Data: 00 00 00 AA 00 00 00 00 
"
"2016-11-21 14:00:04ID: BC  Data: 00 00 00 AA 00 00 00 00 
"
"2016-11-21 14:00:04ID: BB  Data: 00 00 00 AA 00 00 00 00 
"
"2016-11-21 14:00:04ID: BC  Data: 00 00 00 AA 00 00 00 00 
"
"2016-11-21 14:00:04ID: BB  Data: 00 00 00 AA 00 00 00 00 
"
"2016-11-21 14:00:04ID: BC  Data: 00 00 00 AA 00 00 00 00 
"
"2016-11-21 14:00:04ID: BB  Data: 00 00 00 AA 00 00 00 00 
"
"2016-11-21 14:00:04ID: BC  Data: 00 00 00 AA 00 00 00 00 
"
"2016-11-21 14:00:04ID: BB  Data: 00 00 00 AA 00 00 00 00 
"
"2016-11-21 14:00:04ID: BC  Data: 00 00 00 AA 00 00 00 00 
"
"2016-11-21 14:00:04ID: BB  Data: 00 00 00 AA 00 00 00 00 
"
"2016-11-21 14:00:04ID: BC  Data: 00 00 00 AA 00 00 00 00 
"
"2016-11-21 14:00:04ID: BB  Data: 00 00 00 AA 00 00 00 00 
"
"2016-11-21 14:00:04ID: BC  Data: 00 00 00 AA 00 00 00 00 
"
"2016-11-21 14:00:04ID: BB  Data: 00 00 00 AA 00 00 00 00 
"
"2016-11-21 14:00:04ID: BC  Data: 00 00 00 AA 00 00 00 00 
"
"2016-11-21 14:00:04ID: BB  Data: 00 00 00 AA 00 00 00 00 
"
"2016-11-21 14:00:04ID: BC  Data: 00 00 00 AA 00 00 00 00 
"
"2016-11-21 14:00:04ID: BB  Data: 00 00 00 AA 00 00 00 00 
"
"2016-11-21 14:00:04ID: BC  Data: 00 00 00 AA 00 00 00 00 
"
"2016-11-21 14:00:05ID: BB  Data: 00 00 00 AA 00 00 00 00 
"
"2016-11-21 14:00:05ID: BC  Data: 00 00 00 AA 00 00 00 00 
"
"2016-11-21 14:00:05ID: BB  Data: 00 00 00 AA 00 00 00 00 
"
"2016-11-21 14:00:05ID: BC  Data: 00 00 00 AA 00 00 00 00 
"
"2016-11-21 14:00:05ID: BB  Data: 00 00 00 AA 00 00 00 00 
"
"2016-11-21 14:00:05ID: BC  Data: 00 00 00 AA 00 00 00 00 
"
"2016-11-21 14:00:05ID: BB  Data: 00 00 00 AA 00 00 00 00 
"
"2016-11-21 14:00:05ID: BC  Data: 00 00 00 AA 00 00 00 00 
"
"2016-11-21 14:00:05ID: BB  Data: 00 00 00 AA 00 00 00 00 
"
"2016-11-21 14:00:05ID: BC  Data: 00 00 00 AA 00 00 00 00 
"
"2016-11-21 14:00:05ID: BB  Data: 00 00 00 AA 00 00 00 00 
"
"2016-11-21 14:00:05ID: BC  Data: 00 00 00 AA 00 00 00 00 
"
"2016-11-21 14:00:05ID: BB  Data: 00 00 00 AA 00 00 00 00 
"
"2016-11-21 14:00:05ID: BC  Data: 00 00 00 AA 00 00 00 00 
"
"2016-11-21 14:00:05ID: BB  Data: 00 00 00 AA 00 00 00 00 
"
"2016-11-21 14:00:05ID: BC  Data: 00 00 00 AA 00 00 00 00 
"
"2016-11-21 14:00:05ID: BB  Data: 00 00 00 AA 00 00 00 00 
"
"2016-11-21 14:00:05ID: BC  Data: 00 00 00 AA 00 00 00 00 
"
"2016-11-21 14:00:05ID: BB  Data: 00 00 00 AA 00 00 00 00 
"
"2016-11-21 14:00:05ID: BC  Data: 00 00 00 AA 00 00 00 00 
"
"2016-11-21 14:00:05ID: BB  Data: 00 00 00 AA 00 00 00 00 
"
"2016-11-21 14:00:05ID: BC  Data: 00 00 00 AA 00 00 00 00 
"
"2016-11-21 14:00:05ID: BB  Data: 00 00 00 AA 00 00 00 00 
"
"2016-11-21 14:00:06ID: BC  Data: 00 00 00 AA 00 00 00 00 
"
"2016-11-21 14:00:06ID: BB  Data: 00 00 00 AA 00 00 00 00 
"
"2016-11-21 14:00:06ID: BC  Data: 00 00 00 AA 00 00 00 00 
"
"2016-11-21 14:00:06ID: BB  Data: 00 00 00 AA 00 00 00 00 
"
"2016-11-21 14:00:06ID: BC  Data: 00 00 00 AA 00 00 00 00 
"
"2016-11-21 14:00:06ID: BB  Data: 00 00 00 AA 00 00 00 00 
"
"2016-11-21 14:00:06ID: BC  Data: 00 00 00 AA 00 00 00 00 
"
"2016-11-21 14:00:06ID: BB  Data: 00 00 00 AA 00 00 00 00 
"
"2016-11-21 14:00:06ID: BC  Data: 00 00 00 AA 00 00 00 00 
"
"2016-11-21 14:00:06ID: BB  Data: 00 00 00 AA 00 00 00 00 
"
"2016-11-21 14:00:06ID: BC  Data: 00 00 00 AA 00 00 00 00 
"
"2016-11-21 14:00:06ID: BB  Data: 00 00 00 AA 00 00 00 00 
"
"2016-11-21 14:00:06ID: BC  Data: 00 00 00 AA 00 00 00 00 
"
"2016-11-21 14:00:06ID: BB  Data: 00 00 00 AA 00 00 00 00 
"
"2016-11-21 14:00:06ID: BC  Data: 00 00 00 AA 00 00 00 00 
"
"2016-11-21 14:00:06ID: BB  Data: 00 00 00 AA 00 00 00 00 
"
"2016-11-21 14:00:06ID: BC  Data: 00 00 00 AA 00 00 00 00 
"
"2016-11-21 14:00:06ID: BB  Data: 00 00 00 AA 00 00 00 00 
"
"2016-11-21 14:00:06ID: BC  Data: 00 00 00 AA 00 00 00 00 
"
"2016-11-21 14:00:06ID: BB  Data: 00 00 00 AA 00 00 00 00 
"
"2016-11-21 14:00:06ID: BC  Data: 00 00 00 AA 00 00 00 00 
"
"2016-11-21 14:00:06ID: BB  Data: 00 00 00 AA 00 00 00 00 
"
"2016-11-21 14:00:06ID: BC  Data: 00 00 00 AA 00 00 00 00 
"
"2016-11-21 14:00:07ID: BB  Data: 00 00 00 AA 00 00 00 00 
"
"2016-11-21 14:00:07ID: BC  Data: 00 00 00 AA 00 00 00 00 
"
"2016-11-21 14:00:07ID: BB  Data: 00 00 00 AA 00 00 00 00 
"
"2016-11-21 14:00:07ID: BC  Data: 00 00 00 AA 00 00 00 00 
"
"2016-11-21 14:00:07ID: BB  Data: 00 00 00 AA 00 00 00 00 
"
"2016-11-21 14:00:07ID: BC  Data: 00 00 00 AA 00 00 00 00 
"
"2016-11-21 14:00:07ID: BB  Data: 00 00 00 AA 00 00 00 00 
"
"2016-11-21 14:00:07ID: BC  Data: 00 00 00 AA 00 00 00 00 
"
"2016-11-21 14:00:07ID: BB  Data: 00 00 00 AA 00 00 00 00 
"
"2016-11-21 14:00:07ID: BC  Data: 00 00 00 AA 00 00 00 00 
"
"2016-11-21 14:00:07ID: BB  Data: 00 00 00 AA 00 00 00 00 
"
"2016-11-21 14:00:07ID: BC  Data: 00 00 00 AA 00 00 00 00 
"
"2016-11-21 14:00:07ID: BB  Data: 00 00 00 AA 00 00 00 00 
"
"2016-11-21 14:00:07ID: BC  Data: 00 00 00 AA 00 00 00 00 
"
"2016-11-21 14:00:07ID: BB  Data: 00 00 00 AA 00 00 00 00 
"
"2016-11-21 14:00:07ID: BC  Data: 00 00 00 AA 00 00 00 00 
"
"2016-11-21 14:00:07ID: BB  Data: 00 00 00 AA 00 00 00 00 
"
"2016-11-21 14:00:07ID: BC  Data: 00 00 00 AA 00 00 00 00 
"
"2016-11-21 14:00:07ID: BB  Data: 00 00 00 AA 00 00 00 00 
"
"2016-11-21 14:00:07ID: BC  Data: 00 00 00 AA 00 00 00 00 
"
"2016-11-21 14:00:07ID: BB  Data: 00 00 00 AA 00 00 00 00 
"
"2016-11-21 14:00:07ID: BC  Data: 00 00 00 AA 00 00 00 00 
"
"2016-11-21 14:00:08ID: BB  Data: 00 00 00 AA 00 00 00 00 
"
"2016-11-21 14:00:08ID: BC  Data: 00 00 00 AA 00 00 00 00 
"
"2016-11-21 14:00:08ID: BB  Data: 00 00 00 AA 00 00 00 00 
"
"2016-11-21 14:00:08ID: BC  Data: 00 00 00 AA 00 00 00 00 
"
"2016-11-21 14:00:08ID: BB  Data: 00 00 00 AA 00 00 00 00 
"
"2016-11-21 14:00:08ID: BC  Data: 00 00 00 AA 00 00 00 00 
"
"2016-11-21 14:00:08ID: BB  Data: 00 00 00 AA 00 00 00 00 
"
"2016-11-21 14:00:08ID: BC  Data: 00 00 00 AA 00 00 00 00 
"
"2016-11-21 14:00:08ID: BB  Data: 00 00 00 AA 00 00 00 00 
"
"2016-11-21 14:00:08ID: BC  Data: 00 00 00 AA 00 00 00 00 
"
"2016-11-21 14:00:08ID: BB  Data: 00 00 00 AA 00 00 00 00 
"
"2016-11-21 14:00:08ID: BC  Data: 00 00 00 AA 00 00 00 00 
"
"2016-11-21 14:00:08ID: BB  Data: 00 00 00 AA 00 00 00 00 
"
"2016-11-21 14:00:08ID: BC  Data: 00 00 00 AA 00 00 00 00 
"
"2016-11-21 14:00:08ID: BB  Data: 00 00 00 AA 00 00 00 00 
"
"2016-11-21 14:00:08ID: BC  Data: 00 00 00 AA 00 00 00 00 
"
"2016-11-21 14:00:08ID: BB  Data: 00 00 00 AA 00 00 00 00 
"
"2016-11-21 14:00:08ID: BC  Data: 00 00 00 AA 00 00 00 00 
"
"2016-11-21 14:00:08ID: BB  Data: 00 00 00 AA 00 00 00 00 
"
"2016-11-21 14:00:08ID: BC  Data: 00 00 00 AA 00 00 00 00 
"
"2016-11-21 14:00:08ID: BB  Data: 00 00 00 AA 00 00 00 00 
"
"2016-11-21 14:00:08ID: BC  Data: 00 00 00 AA 00 00 00 00 
"
"2016-11-21 14:00:08ID: BB  Data: 00 00 00 AA 00 00 00 00 
"
"2016-11-21 14:00:09ID: BC  Data: 00 00 00 AA 00 00 00 00 
"
"2016-11-21 14:00:09ID: BB  Data: 00 00 00 AA 00 00 00 00 
"
"2016-11-21 14:00:09ID: BC  Data: 00 00 00 AA 00 00 00 00 
"
"2016-11-21 14:00:09ID: BB  Data: 00 00 00 AA 00 00 00 00 
"
"2016-11-21 14:00:09ID: BC  Data: 00 00 00 AA 00 00 00 00 
"
"2016-11-21 14:00:09ID: BB  Data: 00 00 00 AA 00 00 00 00 
"
"2016-11-21 14:00:09ID: BC  Data: 00 00 00 AA 00 00 00 00 
"
"2016-11-21 14:00:09ID: BB  Data: 00 00 00 AA 00 00 00 00 
"
"2016-11-21 14:00:09ID: BC  Data: 00 00 00 AA 00 00 00 00 
"
"2016-11-21 14:00:09ID: BB  Data: 00 00 00 AA 00 00 00 00 
"
"2016-11-21 14:00:09ID: BC  Data: 00 00 00 AA 00 00 00 00 
"
"2016-11-21 14:00:09ID: BB  Data: 00 00 00 AA 00 00 00 00 
"
"2016-11-21 14:00:09ID: BC  Data: 00 00 00 AA 00 00 00 00 
"
"2016-11-21 14:00:09ID: BB  Data: 00 00 00 AA 00 00 00 00 
"
"2016-11-21 14:00:09ID: BC  Data: 00 00 00 AA 00 00 00 00 
"
"2016-11-21 14:00:09ID: BB  Data: 00 00 00 AA 00 00 00 00 
"
"2016-11-21 14:00:09ID: BC  Data: 00 00 00 AA 00 00 00 00 
"
"2016-11-21 14:00:09ID: BB  Data: 00 00 00 AA 00 00 00 00 
"
"2016-11-21 14:00:09ID: BC  Data: 00 00 00 AA 00 00 00 00 
"
"2016-11-21 14:00:09ID: BB  Data: 00 00 00 AA 00 00 00 00 
"
"2016-11-21 14:00:09ID: BC  Data: 00 00 00 AA 00 00 00 00 
"
"2016-11-21 14:00:09ID: BB  Data: 00 00 00 AA 00 00 00 00 
"
"2016-11-21 14:00:09ID: BC  Data: 00 00 00 AA 00 00 00 00 
"
"2016-11-21 14:00:10ID: BB  Data: 00 00 00 AA 00 00 00 00 
"
"2016-11-21 14:00:10ID: BC  Data: 00 00 00 AA 00 00 00 00 
"
"2016-11-21 14:00:10ID: BB  Data: 00 00 00 AA 00 00 00 00 
"
"2016-11-21 14:00:10ID: BC  Data: 00 00 00 AA 00 00 00 00 
"
"2016-11-21 14:00:10ID: BB  Data: 00 00 00 AA 00 00 00 00 
"
"2016-11-21 14:00:10ID: BC  Data: 00 00 00 AA 00 00 00 00 
"
"2016-11-21 14:00:10ID: BB  Data: 00 00 00 AA 00 00 00 00 
"
"2016-11-21 14:00:10ID: BC  Data: 00 00 00 AA 00 00 00 00 
"
"2016-11-21 14:00:10ID: BB  Data: 00 00 00 AA 00 00 00 00 
"
"2016-11-21 14:00:10ID: BC  Data: 00 00 00 AA 00 00 00 00 
"
"2016-11-21 14:00:10ID: BB  Data: 00 00 00 AA 00 00 00 00 
"
"2016-11-21 14:00:10ID: BC  Data: 00 00 00 AA 00 00 00 00 
"
"2016-11-21 14:00:10ID: BB  Data: 00 00 00 AA 00 00 00 00 
"
"2016-11-21 14:00:10ID: BC  Data: 00 00 00 AA 00 00 00 00 
"
"2016-11-21 14:00:10ID: BB  Data: 00 00 00 AA 00 00 00 00 
"
"2016-11-21 14:00:10ID: BC  Data: 00 00 00 AA 00 00 00 00 
"
"2016-11-21 14:00:10ID: BB  Data: 00 00 00 AA 00 00 00 00 
"
"2016-11-21 14:00:10ID: BC  Data: 00 00 00 AA 00 00 00 00 
"
"2016-11-21 14:00:10ID: BB  Data: 00 00 00 AA 00 00 00 00 
"
"2016-11-21 14:00:10ID: BC  Data: 00 00 00 AA 00 00 00 00 
"
"2016-11-21 14:00:10ID: BB  Data: 00 00 00 AA 00 00 00 00 
"
"2016-11-21 14:00:10ID: BC  Data: 00 00 00 AA 00 00 00 00 
"
"2016-11-21 14:00:11ID: BB  Data: 00 00 00 AA 00 00 00 00 
"
"2016-11-21 14:00:11ID: BC  Data: 00 00 00 AA 00 00 00 00 
"
"2016-11-21 14:00:11ID: BB  Data: 00 00 00 AA 00 00 00 00 
"
"2016-11-21 14:00:11ID: BC  Data: 00 00 00 AA 00 00 00 00 
"
"2016-11-21 14:00:11ID: BB  Data: 00 00 00 AA 00 00 00 00 
"
"2016-11-21 14:00:11ID: BC  Data: 00 00 00 AA 00 00 00 00 
"
"2016-11-21 14:00:11ID: BB  Data: 00 00 00 AA 00 00 00 00 
"
"2016-11-21 14:00:11ID: BC  Data: 00 00 00 AA 00 00 00 00 
"
"2016-11-21 14:00:11ID: BB  Data: 00 00 00 AA 00 00 00 00 
"
"2016-11-21 14:00:11ID: BC  Data: 00 00 00 AA 00 00 00 00 
"
"2016-11-21 14:00:11ID: BB  Data: 00 00 00 AA 00 00 00 00 
"
"2016-11-21 14:00:11ID: BC  Data: 00 00 00 AA 00 00 00 00 
"
"2016-11-21 14:00:11ID: BB  Data: 00 00 00 AA 00 00 00 00 
"
"2016-11-21 14:00:11ID: BC  Data: 00 00 00 AA 00 00 00 00 
"
"2016-11-21 14:00:11ID: BB  Data: 00 00 00 AA 00 00 00 00 
"
"2016-11-21 14:00:11ID: BC  Data: 00 00 00 AA 00 00 00 00 
"
"2016-11-21 14:00:11ID: BB  Data: 00 00 00 AA 00 00 00 00 
"
"2016-11-21 14:00:11ID: BC  Data: 00 00 00 AA 00 00 00 00 
"
"2016-11-21 14:00:11ID: BB  Data: 00 00 00 AA 00 00 00 00 
"
"2016-11-21 14:00:11ID: BC  Data: 00 00 00 AA 00 00 00 00 
"
"2016-11-21 14:00:11ID: BB  Data: 00 00 00 AA 00 00 00 00 
"
"2016-11-21 14:00:11ID: BC  Data: 00 00 00 AA 00 00 00 00 
"
"2016-11-21 14:00:11ID: BB  Data: 00 00 00 AA 00 00 00 00 
"
"2016-11-21 14:00:11ID: BC  Data: 00 00 00 AA 00 00 00 00 
"
"2016-11-21 14:00:12ID: BB  Data: 00 00 00 AA 00 00 00 00 
"
"2016-11-21 14:00:12ID: BC  Data: 00 00 00 AA 00 00 00 00 
"
"2016-11-21 14:00:12ID: BB  Data: 00 00 00 AA 00 00 00 00 
"
"2016-11-21 14:00:12ID: BC  Data: 00 00 00 AA 00 00 00 00 
"
"2016-11-21 14:00:12ID: BB  Data: 00 00 00 AA 00 00 00 00 
"
"2016-11-21 14:00:12ID: BC  Data: 00 00 00 AA 00 00 00 00 
"
"2016-11-21 14:00:12ID: BB  Data: 00 00 00 AA 00 00 00 00 
"
"2016-11-21 14:00:12ID: BC  Data: 00 00 00 AA 00 00 00 00 
"
"2016-11-21 14:00:12ID: BB  Data: 00 00 00 AA 00 00 00 00 
"
"2016-11-21 14:00:12ID: BC  Data: 00 00 00 AA 00 00 00 00 
"
"2016-11-21 14:00:12ID: BB  Data: 00 00 00 AA 00 00 00 00 
"
"2016-11-21 14:00:12ID: BC  Data: 00 00 00 AA 00 00 00 00 
"
"2016-11-21 14:00:12ID: BB  Data: 00 00 00 AA 00 00 00 00 
"
"2016-11-21 14:00:12ID: BC  Data: 00 00 00 AA 00 00 00 00 
"
"2016-11-21 14:00:12ID: BB  Data: 00 00 00 AA 00 00 00 00 
"
"2016-11-21 14:00:12ID: BC  Data: 00 00 00 AA 00 00 00 00 
"
"2016-11-21 14:00:12ID: BB  Data: 00 00 00 AA 00 00 00 00 
"
"2016-11-21 14:00:12ID: BC  Data: 00 00 00 AA 00 00 00 00 
"
"2016-11-21 14:00:12ID: BB  Data: 00 00 00 AA 00 00 00 00 
"
"2016-11-21 14:00:12ID: BC  Data: 00 00 00 AA 00 00 00 00 
"
"2016-11-21 14:00:12ID: BB  Data: 00 00 00 AA 00 00 00 00 
"
"2016-11-21 14:00:12ID: BC  Data: 00 00 00 AA 00 00 00 00 
"
"2016-11-21 14:00:13ID: BB  Data: 00 00 00 AA 00 00 00 00 
"
"2016-11-21 14:00:13ID: BC  Data: 00 00 00 AA 00 00 00 00 
"
"2016-11-21 14:00:13ID: BB  Data: 00 00 00 AA 00 00 00 00 
"
"2016-11-21 14:00:13ID: BC  Data: 00 00 00 AA 00 00 00 00 
"
"2016-11-21 14:00:13ID: BB  Data: 00 00 00 AA 00 00 00 00 
"
"2016-11-21 14:00:13ID: BC  Data: 00 00 00 AA 00 00 00 00 
"
"2016-11-21 14:00:13ID: BB  Data: 00 00 00 AA 00 00 00 00 
"
"2016-11-21 14:00:13ID: BC  Data: 00 00 00 AA 00 00 00 00 
"
"2016-11-21 14:00:13ID: BB  Data: 00 00 00 AA 00 00 00 00 
"
"2016-11-21 14:00:13ID: BC  Data: 00 00 00 AA 00 00 00 00 
"
"2016-11-21 14:00:13ID: BB  Data: 00 00 00 AA 00 00 00 00 
"
"2016-11-21 14:00:13ID: BC  Data: 00 00 00 AA 00 00 00 00 
"
"2016-11-21 14:00:13ID: BB  Data: 00 00 00 AA 00 00 00 00 
"
"2016-11-21 14:00:13ID: BC  Data: 00 00 00 AA 00 00 00 00 
"
"2016-11-21 14:00:13ID: BB  Data: 00 00 00 AA 00 00 00 00 
"
"2016-11-21 14:00:13ID: BC  Data: 00 00 00 AA 00 00 00 00 
"
"2016-11-21 14:00:13ID: BB  Data: 00 00 00 AA 00 00 00 00 
"
"2016-11-21 14:00:13ID: BC  Data: 00 00 00 AA 00 00 00 00 
"
"2016-11-21 14:00:13ID: BB  Data: 00 00 00 AA 00 00 00 00 
"
"2016-11-21 14:00:13ID: BC  Data: 00 00 00 AA 00 00 00 00 
"
"2016-11-21 14:00:13ID: BB  Data: 00 00 00 AA 00 00 00 00 
"
"2016-11-21 14:00:13ID: BC  Data: 00 00 00 AA 00 00 00 00 
"
"2016-11-21 14:00:14ID: BB  Data: 00 00 00 AA 00 00 00 00 
"
"2016-11-21 14:00:14ID: BC  Data: 00 00 00 AA 00 00 00 00 
"
"2016-11-21 14:00:14ID: BB  Data: 00 00 00 AA 00 00 00 00 
"
"2016-11-21 14:00:14ID: BC  Data: 00 00 00 AA 00 00 00 00 
"
"2016-11-21 14:00:14ID: BB  Data: 00 00 00 AA 00 00 00 00 
"
"2016-11-21 14:00:14ID: BC  Data: 00 00 00 AA 00 00 00 00 
"
"2016-11-21 14:00:14ID: BB  Data: 00 00 00 AA 00 00 00 00 
"
"2016-11-21 14:00:14ID: BC  Data: 00 00 00 AA 00 00 00 00 
"
"2016-11-21 14:00:14ID: BB  Data: 00 00 00 AA 00 00 00 00 
"
"2016-11-21 14:00:14ID: BC  Data: 00 00 00 AA 00 00 00 00 
"
"2016-11-21 14:00:14ID: BB  Data: 00 00 00 AA 00 00 00 00 
"
"2016-11-21 14:00:14ID: BC  Data: 00 00 00 AA 00 00 00 00 
"
"2016-11-21 14:00:14ID: BB  Data: 00 00 00 AA 00 00 00 00 
"
"2016-11-21 14:00:14ID: BC  Data: 00 00 00 AA 00 00 00 00 
"
"2016-11-21 14:00:14ID: BB  Data: 00 00 00 AA 00 00 00 00 
"
"2016-11-21 14:00:14ID: BC  Data: 00 00 00 AA 00 00 00 00 
"
"2016-11-21 14:00:14ID: BB  Data: 00 00 00 AA 00 00 00 00 
"
"2016-11-21 14:00:14ID: BC  Data: 00 00 00 AA 00 00 00 00 
"
"2016-11-21 14:00:14ID: BB  Data: 00 00 00 AA 00 00 00 00 
"
"2016-11-21 14:00:14ID: BC  Data: 00 00 00 AA 00 00 00 00 
"
"2016-11-21 14:00:14ID: BB  Data: 00 00 00 AA 00 00 00 00 
"
"2016-11-21 14:00:14ID: BC  Data: 00 00 00 AA 00 00 00 00 
"
"2016-11-21 14:00:14ID: BB  Data: 00 00 00 AA 00 00 00 00 
"
"2016-11-21 14:00:14ID: BC  Data: 00 00 00 AA 00 00 00 00 
"
"2016-11-21 14:00:15ID: BB  Data: 00 00 00 AA 00 00 00 00 
"
"2016-11-21 14:00:15ID: BC  Data: 00 00 00 AA 00 00 00 00 
"
"2016-11-21 14:00:15ID: BB  Data: 00 00 00 AA 00 00 00 00 
"
"2016-11-21 14:00:15ID: BC  Data: 00 00 00 AA 00 00 00 00 
"
"2016-11-21 14:00:15ID: BB  Data: 00 00 00 AA 00 00 00 00 
"
"2016-11-21 14:00:15ID: BC  Data: 00 00 00 AA 00 00 00 00 
"
"2016-11-21 14:00:15ID: BB  Data: 00 00 00 AA 00 00 00 00 
"
"2016-11-21 14:00:15ID: BC  Data: 00 00 00 AA 00 00 00 00 
"
"2016-11-21 14:00:15ID: BB  Data: 00 00 00 AA 00 00 00 00 
"
"2016-11-21 14:00:15ID: BC  Data: 00 00 00 AA 00 00 00 00 
"
"2016-11-21 14:00:15ID: BB  Data: 00 00 00 AA 00 00 00 00 
"
"2016-11-21 14:00:15ID: BC  Data: 00 00 00 AA 00 00 00 00 
"
"2016-11-21 14:00:15ID: BB  Data: 00 00 00 AA 00 00 00 00 
"
"2016-11-21 14:00:15ID: BC  Data: 00 00 00 AA 00 00 00 00 
"
"2016-11-21 14:00:15ID: BB  Data: 00 00 00 AA 00 00 00 00 
"
"2016-11-21 14:00:15ID: BC  Data: 00 00 00 AA 00 00 00 00 
"
"2016-11-21 14:00:15ID: BB  Data: 00 00 00 AA 00 00 00 00 
"
"2016-11-21 14:00:15ID: BC  Data: 00 00 00 AA 00 00 00 00 
"
"2016-11-21 14:00:15ID: BB  Data: 00 00 00 AA 00 00 00 00 
"
"2016-11-21 14:00:15ID: BC  Data: 00 00 00 AA 00 00 00 00 
"
"2016-11-21 14:00:15ID: BB  Data: 00 00 00 AA 00 00 00 00 
"
"2016-11-21 14:00:15ID: BC  Data: 00 00 00 AA 00 00 00 00 
"
"2016-11-21 14:00:16ID: BB  Data: 00 00 00 AA 00 00 00 00 
"
"2016-11-21 14:00:16ID: BC  Data: 00 00 00 AA 00 00 00 00 
"
"2016-11-21 14:00:16ID: BB  Data: 00 00 00 AA 00 00 00 00 
"
"2016-11-21 14:00:16ID: BC  Data: 00 00 00 AA 00 00 00 00 
"
"2016-11-21 14:00:16ID: BB  Data: 00 00 00 AA 00 00 00 00 
"
"2016-11-21 14:00:16ID: BC  Data: 00 00 00 AA 00 00 00 00 
"
"2016-11-21 14:00:16ID: BB  Data: 00 00 00 AA 00 00 00 00 
"
"2016-11-21 14:00:16ID: BC  Data: 00 00 00 AA 00 00 00 00 
"
"2016-11-21 14:00:16ID: BB  Data: 00 00 00 AA 00 00 00 00 
"
"2016-11-21 14:00:16ID: BC  Data: 00 00 00 AA 00 00 00 00 
"
"2016-11-21 14:00:16ID: BB  Data: 00 00 00 AA 00 00 00 00 
"
"2016-11-21 14:00:16ID: BC  Data: 00 00 00 AA 00 00 00 00 
"
"2016-11-21 14:00:16ID: BB  Data: 00 00 00 AA 00 00 00 00 
"
"2016-11-21 14:00:16ID: BC  Data: 00 00 00 AA 00 00 00 00 
"
"2016-11-21 14:00:16ID: BB  Data: 00 00 00 AA 00 00 00 00 
"
"2016-11-21 14:00:16ID: BC  Data: 00 00 00 AA 00 00 00 00 
"
"2016-11-21 14:00:16ID: BB  Data: 00 00 00 AA 00 00 00 00 
"
"2016-11-21 14:00:16ID: BC  Data: 00 00 00 AA 00 00 00 00 
"
"2016-11-21 14:00:16ID: BB  Data: 00 00 00 AA 00 00 00 00 
"
"2016-11-21 14:00:16ID: BC  Data: 00 00 00 AA 00 00 00 00 
"
"2016-11-21 14:00:16ID: BB  Data: 00 00 00 AA 00 00 00 00 
"
"2016-11-21 14:00:16ID: BC  Data: 00 00 00 AA 00 00 00 00 
"
"2016-11-21 14:00:16ID: BB  Data: 00 00 00 AA 00 00 00 00 
"
"2016-11-21 14:00:17ID: BC  Data: 00 00 00 AA 00 00 00 00 
"
"2016-11-21 14:00:17ID: BB  Data: 00 00 00 AA 00 00 00 00 
"
"2016-11-21 14:00:17ID: BC  Data: 00 00 00 AA 00 00 00 00 
"
"2016-11-21 14:00:17ID: BB  Data: 00 00 00 AA 00 00 00 00 
"
"2016-11-21 14:00:17ID: BC  Data: 00 00 00 AA 00 00 00 00 
"
"2016-11-21 14:00:17ID: BB  Data: 00 00 00 AA 00 00 00 00 
"
"2016-11-21 14:00:17ID: BC  Data: 00 00 00 AA 00 00 00 00 
"
"2016-11-21 14:00:17ID: BB  Data: 00 00 00 AA 00 00 00 00 
"
"2016-11-21 14:00:17ID: BC  Data: 00 00 00 AA 00 00 00 00 
"
"2016-11-21 14:00:17ID: BB  Data: 00 00 00 AA 00 00 00 00 
"
"2016-11-21 14:00:17ID: BC  Data: 00 00 00 AA 00 00 00 00 
"
"2016-11-21 14:00:17ID: BB  Data: 00 00 00 AA 00 00 00 00 
"
"2016-11-21 14:00:17ID: BC  Data: 00 00 00 AA 00 00 00 00 
"
"2016-11-21 14:00:17ID: BB  Data: 00 00 00 AA 00 00 00 00 
"
"2016-11-21 14:00:17ID: BC  Data: 00 00 00 AA 00 00 00 00 
"
"2016-11-21 14:00:17ID: BB  Data: 00 00 00 AA 00 00 00 00 
"
"2016-11-21 14:00:17ID: BC  Data: 00 00 00 AA 00 00 00 00 
"
"2016-11-21 14:00:17ID: BB  Data: 00 00 00 AA 00 00 00 00 
"
"2016-11-21 14:00:17ID: BC  Data: 00 00 00 AA 00 00 00 00 
"
"2016-11-21 14:00:17ID: BB  Data: 00 00 00 AA 00 00 00 00 
"
"2016-11-21 14:00:17ID: BC  Data: 00 00 00 AA 00 00 00 00 
"
"2016-11-21 14:00:17ID: BB  Data: 00 00 00 AA 00 00 00 00 
"
"2016-11-21 14:00:17ID: BC  Data: 00 00 00 AA 00 00 00 00 
"
"2016-11-21 14:00:18ID: BB  Data: 00 00 00 AA 00 00 00 00 
"
"2016-11-21 14:00:18ID: BC  Data: 00 00 00 AA 00 00 00 00 
"
"2016-11-21 14:00:18ID: BB  Data: 00 00 00 AA 00 00 00 00 
"
"2016-11-21 14:00:18ID: BC  Data: 00 00 00 AA 00 00 00 00 
"
"2016-11-21 14:00:18ID: BB  Data: 00 00 00 AA 00 00 00 00 
"
"2016-11-21 14:00:18ID: BC  Data: 00 00 00 AA 00 00 00 00 
"
"2016-11-21 14:00:18ID: BB  Data: 00 00 00 AA 00 00 00 00 
"
"2016-11-21 14:00:18ID: BC  Data: 00 00 00 AA 00 00 00 00 
"
"2016-11-21 14:00:18ID: BB  Data: 00 00 00 AA 00 00 00 00 
"
"2016-11-21 14:00:18ID: BC  Data: 00 00 00 AA 00 00 00 00 
"
"2016-11-21 14:00:18ID: BB  Data: 00 00 00 AA 00 00 00 00 
"
"2016-11-21 14:00:18ID: BC  Data: 00 00 00 AA 00 00 00 00 
"
"2016-11-21 14:00:18ID: BB  Data: 00 00 00 AA 00 00 00 00 
"
"2016-11-21 14:00:18ID: BC  Data: 00 00 00 AA 00 00 00 00 
"
"2016-11-21 14:00:18ID: BB  Data: 00 00 00 AA 00 00 00 00 
"
"2016-11-21 14:00:18ID: BC  Data: 00 00 00 AA 00 00 00 00 
"
"2016-11-21 14:00:18ID: BB  Data: 00 00 00 AA 00 00 00 00 
"
"2016-11-21 14:00:18ID: BC  Data: 00 00 00 AA 00 00 00 00 
"
"2016-11-21 14:00:18ID: BB  Data: 00 00 00 AA 00 00 00 00 
"
"2016-11-21 14:00:18ID: BC  Data: 00 00 00 AA 00 00 00 00 
"
"2016-11-21 14:00:18ID: BB  Data: 00 00 00 AA 00 00 00 00 
"
"2016-11-21 14:00:18ID: BC  Data: 00 00 00 AA 00 00 00 00 
"
"2016-11-21 14:00:19ID: BB  Data: 00 00 00 AA 00 00 00 00 
"
"2016-11-21 14:00:19ID: BC  Data: 00 00 00 AA 00 00 00 00 
"
"2016-11-21 14:00:19ID: BB  Data: 00 00 00 AA 00 00 00 00 
"
"2016-11-21 14:00:19ID: BC  Data: 00 00 00 AA 00 00 00 00 
"
"2016-11-21 14:00:19ID: BB  Data: 00 00 00 AA 00 00 00 00 
"
"2016-11-21 14:00:19ID: BC  Data: 00 00 00 AA 00 00 00 00 
"
"2016-11-21 14:00:19ID: BB  Data: 00 00 00 AA 00 00 00 00 
"
"2016-11-21 14:00:19ID: BC  Data: 00 00 00 AA 00 00 00 00 
"
"2016-11-21 14:00:19ID: BB  Data: 00 00 00 AA 00 00 00 00 
"
"2016-11-21 14:00:19ID: BC  Data: 00 00 00 AA 00 00 00 00 
"
"2016-11-21 14:00:19ID: BB  Data: 00 00 00 AA 00 00 00 00 
"
"2016-11-21 14:00:19ID: BC  Data: 00 00 00 AA 00 00 00 00 
"
"2016-11-21 14:00:19ID: BB  Data: 00 00 00 AA 00 00 00 00 
"
"2016-11-21 14:00:19ID: BC  Data: 00 00 00 AA 00 00 00 00 
"
"2016-11-21 14:00:19ID: BB  Data: 00 00 00 AA 00 00 00 00 
"
"2016-11-21 14:00:19ID: BC  Data: 00 00 00 AA 00 00 00 00 
"
"2016-11-21 14:00:19ID: BB  Data: 00 00 00 AA 00 00 00 00 
"
"2016-11-21 14:00:19ID: BC  Data: 00 00 00 AA 00 00 00 00 
"
"2016-11-21 14:00:19ID: BB  Data: 00 00 00 AA 00 00 00 00 
"
"2016-11-21 14:00:19ID: BC  Data: 00 00 00 AA 00 00 00 00 
"
"2016-11-21 14:00:19ID: BB  Data: 00 00 00 AA 00 00 00 00 
"
"2016-11-21 14:00:19ID: BC  Data: 00 00 00 AA 00 00 00 00 
"
"2016-11-21 14:00:19ID: BB  Data: 00 00 00 AA 00 00 00 00 
"
"2016-11-21 14:00:19ID: BC  Data: 00 00 00 AA 00 00 00 00 
"
"2016-11-21 14:00:20ID: BB  Data: 00 00 00 AA 00 00 00 00 
"
"2016-11-21 14:00:20ID: BC  Data: 00 00 00 AA 00 00 00 00 
"
"2016-11-21 14:00:20ID: BB  Data: 00 00 00 AA 00 00 00 00 
"
"2016-11-21 14:00:20ID: BC  Data: 00 00 00 AA 00 00 00 00 
"
"2016-11-21 14:00:20ID: BB  Data: 00 00 00 AA 00 00 00 00 
"
"2016-11-21 14:00:20ID: BC  Data: 00 00 00 AA 00 00 00 00 
"
"2016-11-21 14:00:20ID: BB  Data: 00 00 00 AA 00 00 00 00 
"
"2016-11-21 14:00:20ID: BC  Data: 00 00 00 AA 00 00 00 00 
"
"2016-11-21 14:00:20ID: BB  Data: 00 00 00 AA 00 00 00 00 
"
"2016-11-21 14:00:20ID: BC  Data: 00 00 00 AA 00 00 00 00 
"
"2016-11-21 14:00:20ID: BB  Data: 00 00 00 AA 00 00 00 00 
"
"2016-11-21 14:00:20ID: BC  Data: 00 00 00 AA 00 00 00 00 
"
"2016-11-21 14:00:20ID: BB  Data: 00 00 00 AA 00 00 00 00 
"
"2016-11-21 14:00:20ID: BC  Data: 00 00 00 AA 00 00 00 00 
"
"2016-11-21 14:00:20ID: BB  Data: 00 00 00 AA 00 00 00 00 
"
"2016-11-21 14:00:20ID: BC  Data: 00 00 00 AA 00 00 00 00 
"
"2016-11-21 14:00:20ID: BB  Data: 00 00 00 AA 00 00 00 00 
"
"2016-11-21 14:00:20ID: BC  Data: 00 00 00 AA 00 00 00 00 
"
"2016-11-21 14:00:20ID: BB  Data: 00 00 00 AA 00 00 00 00 
"
"2016-11-21 14:00:20ID: BC  Data: 00 00 00 AA 00 00 00 00 
"
"2016-11-21 14:00:20ID: BB  Data: 00 00 00 AA 00 00 00 00 
"
"2016-11-21 14:00:20ID: BC  Data: 00 00 00 AA 00 00 00 00 
"
"2016-11-21 14:00:21ID: BB  Data: 00 00 00 AA 00 00 00 00 
"
"2016-11-21 14:00:21ID: BC  Data: 00 00 00 AA 00 00 00 00 
"
"2016-11-21 14:00:21ID: BB  Data: 00 00 00 AA 00 00 00 00 
"
"2016-11-21 14:00:21ID: BC  Data: 00 00 00 AA 00 00 00 00 
"
"2016-11-21 14:00:21ID: BB  Data: 00 00 00 AA 00 00 00 00 
"
"2016-11-21 14:00:21ID: BC  Data: 00 00 00 AA 00 00 00 00 
"
"2016-11-21 14:00:21ID: BB  Data: 00 00 00 AA 00 00 00 00 
"
"2016-11-21 14:00:21ID: BC  Data: 00 00 00 AA 00 00 00 00 
"
"2016-11-21 14:00:21ID: BB  Data: 00 00 00 AA 00 00 00 00 
"
"2016-11-21 14:00:21ID: BC  Data: 00 00 00 AA 00 00 00 00 
"
"2016-11-21 14:00:21ID: BB  Data: 00 00 00 AA 00 00 00 00 
"
"2016-11-21 14:00:21ID: BC  Data: 00 00 00 AA 00 00 00 00 
"
"2016-11-21 14:00:21ID: BB  Data: 00 00 00 AA 00 00 00 00 
"
"2016-11-21 14:00:21ID: BC  Data: 00 00 00 AA 00 00 00 00 
"
"2016-11-21 14:00:21ID: BB  Data: 00 00 00 AA 00 00 00 00 
"
"2016-11-21 14:00:21ID: BC  Data: 00 00 00 AA 00 00 00 00 
"
"2016-11-21 14:00:21ID: BB  Data: 00 00 00 AA 00 00 00 00 
"
"2016-11-21 14:00:21ID: BC  Data: 00 00 00 AA 00 00 00 00 
"
"2016-11-21 14:00:21ID: BB  Data: 00 00 00 AA 00 00 00 00 
"
"2016-11-21 14:00:21ID: BC  Data: 00 00 00 AA 00 00 00 00 
"
"2016-11-21 14:00:21ID: BB  Data: 00 00 00 AA 00 00 00 00 
"
"2016-11-21 14:00:21ID: BC  Data: 00 00 00 AA 00 00 00 00 
"
"2016-11-21 14:00:22ID: BB  Data: 00 00 00 AA 00 00 00 00 
"
"2016-11-21 14:00:22ID: BC  Data: 00 00 00 AA 00 00 00 00 
"
"2016-11-21 14:00:22ID: BB  Data: 00 00 00 AA 00 00 00 00 
"
"2016-11-21 14:00:22ID: BC  Data: 00 00 00 AA 00 00 00 00 
"
"2016-11-21 14:00:22ID: BB  Data: 00 00 00 AA 00 00 00 00 
"
"2016-11-21 14:00:22ID: BC  Data: 00 00 00 AA 00 00 00 00 
"
"2016-11-21 14:00:22ID: BB  Data: 00 00 00 AA 00 00 00 00 
"
"2016-11-21 14:00:22ID: BC  Data: 00 00 00 AA 00 00 00 00 
"
"2016-11-21 14:00:22ID: BB  Data: 00 00 00 AA 00 00 00 00 
"
"2016-11-21 14:00:22ID: BC  Data: 00 00 00 AA 00 00 00 00 
"
"2016-11-21 14:00:22ID: BB  Data: 00 00 00 AA 00 00 00 00 
"
"2016-11-21 14:00:22ID: BC  Data: 00 00 00 AA 00 00 00 00 
"
"2016-11-21 14:00:22ID: BB  Data: 00 00 00 AA 00 00 00 00 
"
"2016-11-21 14:00:22ID: BC  Data: 00 00 00 AA 00 00 00 00 
"
"2016-11-21 14:00:22ID: BB  Data: 00 00 00 AA 00 00 00 00 
"
"2016-11-21 14:00:22ID: BC  Data: 00 00 00 AA 00 00 00 00 
"
"2016-11-21 14:00:22ID: BB  Data: 00 00 00 AA 00 00 00 00 
"
"2016-11-21 14:00:22ID: BC  Data: 00 00 00 AA 00 00 00 00 
"
"2016-11-21 14:00:22ID: BB  Data: 00 00 00 AA 00 00 00 00 
"
"2016-11-21 14:00:22ID: BC  Data: 00 00 00 AA 00 00 00 00 
"
"2016-11-21 14:00:22ID: BB  Data: 00 00 00 AA 00 00 00 00 
"
"2016-11-21 14:00:22ID: BC  Data: 00 00 00 AA 00 00 00 00 
"
"2016-11-21 14:00:22ID: BB  Data: 00 00 00 AA 00 00 00 00 
"
"2016-11-21 14:00:22ID: BC  Data: 00 00 00 AA 00 00 00 00 
"
"2016-11-21 14:00:23ID: BB  Data: 00 00 00 AA 00 00 00 00 
"
"2016-11-21 14:00:23ID: BC  Data: 00 00 00 AA 00 00 00 00 
"
"2016-11-21 14:00:23ID: BB  Data: 00 00 00 AA 00 00 00 00 
"
"2016-11-21 14:00:23ID: BC  Data: 00 00 00 AA 00 00 00 00 
"
"2016-11-21 14:00:23ID: BB  Data: 00 00 00 AA 00 00 00 00 
"
"2016-11-21 14:00:23ID: BC  Data: 00 00 00 AA 00 00 00 00 
"
"2016-11-21 14:00:23ID: BB  Data: 00 00 00 AA 00 00 00 00 
"
"2016-11-21 14:00:23ID: BC  Data: 00 00 00 AA 00 00 00 00 
"
"2016-11-21 14:00:23ID: BB  Data: 00 00 00 AA 00 00 00 00 
"
"2016-11-21 14:00:23ID: BC  Data: 00 00 00 AA 00 00 00 00 
"
"2016-11-21 14:00:23ID: BB  Data: 00 00 00 AA 00 00 00 00 
"
"2016-11-21 14:00:23ID: BC  Data: 00 00 00 AA 00 00 00 00 
"
"2016-11-21 14:00:23ID: BB  Data: 00 00 00 AA 00 00 00 00 
"
"2016-11-21 14:00:23ID: BC  Data: 00 00 00 AA 00 00 00 00 
"
"2016-11-21 14:00:23ID: BB  Data: 00 00 00 AA 00 00 00 00 
"
"2016-11-21 14:00:23ID: BC  Data: 00 00 00 AA 00 00 00 00 
"
"2016-11-21 14:00:23ID: BB  Data: 00 00 00 AA 00 00 00 00 
"
"2016-11-21 14:00:23ID: BC  Data: 00 00 00 AA 00 00 00 00 
"
"2016-11-21 14:00:23ID: BB  Data: 00 00 00 AA 00 00 00 00 
"
"2016-11-21 14:00:23ID: BC  Data: 00 00 00 AA 00 00 00 00 
"
"2016-11-21 14:00:23ID: BB  Data: 00 00 00 AA 00 00 00 00 
"
"2016-11-21 14:00:23ID: BC  Data: 00 00 00 AA 00 00 00 00 
"
"2016-11-21 14:00:24ID: BB  Data: 00 00 00 AA 00 00 00 00 
"
"2016-11-21 14:00:24ID: BC  Data: 00 00 00 AA 00 00 00 00 
"
"2016-11-21 14:00:24ID: BB  Data: 00 00 00 AA 00 00 00 00 
"
"2016-11-21 14:00:24ID: BC  Data: 00 00 00 AA 00 00 00 00 
"
"2016-11-21 14:00:24ID: BB  Data: 00 00 00 AA 00 00 00 00 
"
"2016-11-21 14:00:24ID: BC  Data: 00 00 00 AA 00 00 00 00 
"
"2016-11-21 14:00:24ID: BB  Data: 00 00 00 AA 00 00 00 00 
"
"2016-11-21 14:00:24ID: BC  Data: 00 00 00 AA 00 00 00 00 
"
"2016-11-21 14:00:24ID: BB  Data: 00 00 00 AA 00 00 00 00 
"
"2016-11-21 14:00:24ID: BC  Data: 00 00 00 AA 00 00 00 00 
"
"2016-11-21 14:00:24ID: BB  Data: 00 00 00 AA 00 00 00 00 
"
"2016-11-21 14:00:24ID: BC  Data: 00 00 00 AA 00 00 00 00 
"
"2016-11-21 14:00:24ID: BB  Data: 00 00 00 AA 00 00 00 00 
"
"2016-11-21 14:00:24ID: BC  Data: 00 00 00 AA 00 00 00 00 
"
"2016-11-21 14:00:24ID: BB  Data: 00 00 00 AA 00 00 00 00 
"
"2016-11-21 14:00:24ID: BC  Data: 00 00 00 AA 00 00 00 00 
"
"2016-11-21 14:00:24ID: BB  Data: 00 00 00 AA 00 00 00 00 
"
"2016-11-21 14:00:24ID: BC  Data: 00 00 00 AA 00 00 00 00 
"
"2016-11-21 14:00:24ID: BB  Data: 00 00 00 AA 00 00 00 00 
"
"2016-11-21 14:00:24ID: BC  Data: 00 00 00 AA 00 00 00 00 
"
"2016-11-21 14:00:24ID: BB  Data: 00 00 00 AA 00 00 00 00 
"
"2016-11-21 14:00:24ID: BC  Data: 00 00 00 AA 00 00 00 00 
"
"2016-11-21 14:00:25ID: BB  Data: 00 00 00 AA 00 00 00 00 
"
"2016-11-21 14:00:25ID: BC  Data: 00 00 00 AA 00 00 00 00 
"
"2016-11-21 14:00:25ID: BB  Data: 00 00 00 AA 00 00 00 00 
"
"2016-11-21 14:00:25ID: BC  Data: 00 00 00 AA 00 00 00 00 
"
"2016-11-21 14:00:25ID: BB  Data: 00 00 00 AA 00 00 00 00 
"
"2016-11-21 14:00:25ID: BC  Data: 00 00 00 AA 00 00 00 00 
"
"2016-11-21 14:00:25ID: BB  Data: 00 00 00 AA 00 00 00 00 
"
"2016-11-21 14:00:25ID: BC  Data: 00 00 00 AA 00 00 00 00 
"
"2016-11-21 14:00:25ID: BB  Data: 00 00 00 AA 00 00 00 00 
"
"2016-11-21 14:00:25ID: BC  Data: 00 00 00 AA 00 00 00 00 
"
"2016-11-21 14:00:25ID: BB  Data: 00 00 00 AA 00 00 00 00 
"
"2016-11-21 14:00:25ID: BC  Data: 00 00 00 AA 00 00 00 00 
"
"2016-11-21 14:00:25ID: BB  Data: 00 00 00 AA 00 00 00 00 
"
"2016-11-21 14:00:25ID: BC  Data: 00 00 00 AA 00 00 00 00 
"
"2016-11-21 14:00:25ID: BB  Data: 00 00 00 AA 00 00 00 00 
"
"2016-11-21 14:00:25ID: BC  Data: 00 00 00 AA 00 00 00 00 
"
"2016-11-21 14:00:25ID: BB  Data: 00 00 00 AA 00 00 00 00 
"
"2016-11-21 14:00:25ID: BC  Data: 00 00 00 AA 00 00 00 00 
"
"2016-11-21 14:00:25ID: BB  Data: 00 00 00 AA 00 00 00 00 
"
"2016-11-21 14:00:25ID: BC  Data: 00 00 00 AA 00 00 00 00 
"
"2016-11-21 14:00:25ID: BB  Data: 00 00 00 AA 00 00 00 00 
"
"2016-11-21 14:00:25ID: BC  Data: 00 00 00 AA 00 00 00 00 
"
"2016-11-21 14:00:25ID: BB  Data: 00 00 00 AA 00 00 00 00 
"
"2016-11-21 14:00:25ID: BC  Data: 00 00 00 AA 00 00 00 00 
"
"2016-11-21 14:00:26ID: BB  Data: 00 00 00 AA 00 00 00 00 
"
"2016-11-21 14:00:26ID: BC  Data: 00 00 00 AA 00 00 00 00 
"
"2016-11-21 14:00:26ID: BB  Data: 00 00 00 AA 00 00 00 00 
"
"2016-11-21 14:00:26ID: BC  Data: 00 00 00 AA 00 00 00 00 
"
"2016-11-21 14:00:26ID: BB  Data: 00 00 00 AA 00 00 00 00 
"
"2016-11-21 14:00:26ID: BC  Data: 00 00 00 AA 00 00 00 00 
"
"2016-11-21 14:00:26ID: BB  Data: 00 00 00 AA 00 00 00 00 
"
"2016-11-21 14:00:26ID: BC  Data: 00 00 00 AA 00 00 00 00 
"
"2016-11-21 14:00:26ID: BB  Data: 00 00 00 AA 00 00 00 00 
"
"2016-11-21 14:00:26ID: BC  Data: 00 00 00 AA 00 00 00 00 
"
"2016-11-21 14:00:26ID: BB  Data: 00 00 00 AA 00 00 00 00 
"
"2016-11-21 14:00:26ID: BC  Data: 00 00 00 AA 00 00 00 00 
"
"2016-11-21 14:00:26ID: BB  Data: 00 00 00 AA 00 00 00 00 
"
"2016-11-21 14:00:26ID: BC  Data: 00 00 00 AA 00 00 00 00 
"
"2016-11-21 14:00:26ID: BB  Data: 00 00 00 AA 00 00 00 00 
"
"2016-11-21 14:00:26ID: BC  Data: 00 00 00 AA 00 00 00 00 
"
"2016-11-21 14:00:26ID: BB  Data: 00 00 00 AA 00 00 00 00 
"
"2016-11-21 14:00:26ID: BC  Data: 00 00 00 AA 00 00 00 00 
"
"2016-11-21 14:00:26ID: BB  Data: 00 00 00 AA 00 00 00 00 
"
"2016-11-21 14:00:26ID: BC  Data: 00 00 00 AA 00 00 00 00 
"
"2016-11-21 14:00:26ID: BB  Data: 00 00 00 AA 00 00 00 00 
"
"2016-11-21 14:00:26ID: BC  Data: 00 00 00 AA 00 00 00 00 
"
"2016-11-21 14:00:27ID: BB  Data: 00 00 00 AA 00 00 00 00 
"
"2016-11-21 14:00:27ID: BC  Data: 00 00 00 AA 00 00 00 00 
"
"2016-11-21 14:00:27ID: BB  Data: 00 00 00 AA 00 00 00 00 
"
"2016-11-21 14:00:27ID: BC  Data: 00 00 00 AA 00 00 00 00 
"
"2016-11-21 14:00:27ID: BB  Data: 00 00 00 AA 00 00 00 00 
"
"2016-11-21 14:00:27ID: BC  Data: 00 00 00 AA 00 00 00 00 
"
"2016-11-21 14:00:27ID: BB  Data: 00 00 00 AA 00 00 00 00 
"
"2016-11-21 14:00:27ID: BC  Data: 00 00 00 AA 00 00 00 00 
"
"2016-11-21 14:00:27ID: BB  Data: 00 00 00 AA 00 00 00 00 
"
"2016-11-21 14:00:27ID: BC  Data: 00 00 00 AA 00 00 00 00 
"
"2016-11-21 14:00:27ID: BB  Data: 00 00 00 AA 00 00 00 00 
"
"2016-11-21 14:00:27ID: BC  Data: 00 00 00 AA 00 00 00 00 
"
"2016-11-21 14:00:27ID: BB  Data: 00 00 00 AA 00 00 00 00 
"
"2016-11-21 14:00:27ID: BC  Data: 00 00 00 AA 00 00 00 00 
"
"2016-11-21 14:00:27ID: BB  Data: 00 00 00 AA 00 00 00 00 
"
"2016-11-21 14:00:27ID: BC  Data: 00 00 00 AA 00 00 00 00 
"
"2016-11-21 14:00:27ID: BB  Data: 00 00 00 AA 00 00 00 00 
"
"2016-11-21 14:00:27ID: BC  Data: 00 00 00 AA 00 00 00 00 
"
"2016-11-21 14:00:27ID: BB  Data: 00 00 00 AA 00 00 00 00 
"
"2016-11-21 14:00:27ID: BC  Data: 00 00 00 AA 00 00 00 00 
"
"2016-11-21 14:00:27ID: BB  Data: 00 00 00 AA 00 00 00 00 
"
"2016-11-21 14:00:27ID: BC  Data: 00 00 00 AA 00 00 00 00 
"
"2016-11-21 14:00:27ID: BB  Data: 00 00 00 AA 00 00 00 00 
"
"2016-11-21 14:00:28ID: BC  Data: 00 00 00 AA 00 00 00 00 
"
"2016-11-21 14:00:28ID: BB  Data: 00 00 00 AA 00 00 00 00 
"
"2016-11-21 14:00:28ID: BC  Data: 00 00 00 AA 00 00 00 00 
"
"2016-11-21 14:00:28ID: BB  Data: 00 00 00 AA 00 00 00 00 
"
"2016-11-21 14:00:28ID: BC  Data: 00 00 00 AA 00 00 00 00 
"
"2016-11-21 14:00:28ID: BB  Data: 00 00 00 AA 00 00 00 00 
"
"2016-11-21 14:00:28ID: BC  Data: 00 00 00 AA 00 00 00 00 
"
"2016-11-21 14:00:28ID: BB  Data: 00 00 00 AA 00 00 00 00 
"
"2016-11-21 14:00:28ID: BC  Data: 00 00 00 AA 00 00 00 00 
"
"2016-11-21 14:00:28ID: BB  Data: 00 00 00 AA 00 00 00 00 
"
"2016-11-21 14:00:28ID: BC  Data: 00 00 00 AA 00 00 00 00 
"
"2016-11-21 14:00:28ID: BB  Data: 00 00 00 AA 00 00 00 00 
"
"2016-11-21 14:00:28ID: BC  Data: 00 00 00 AA 00 00 00 00 
"
"2016-11-21 14:00:28ID: BB  Data: 00 00 00 AA 00 00 00 00 
"
"2016-11-21 14:00:28ID: BC  Data: 00 00 00 AA 00 00 00 00 
"
"2016-11-21 14:00:28ID: BB  Data: 00 00 00 AA 00 00 00 00 
"
"2016-11-21 14:00:28ID: BC  Data: 00 00 00 AA 00 00 00 00 
"
"2016-11-21 14:00:28ID: BB  Data: 00 00 00 AA 00 00 00 00 
"
"2016-11-21 14:00:28ID: BC  Data: 00 00 00 AA 00 00 00 00 
"
"2016-11-21 14:00:28ID: BB  Data: 00 00 00 AA 00 00 00 00 
"
"2016-11-21 14:00:28ID: BC  Data: 00 00 00 AA 00 00 00 00 
"
"2016-11-21 14:00:28ID: BB  Data: 00 00 00 AA 00 00 00 00 
"
"2016-11-21 14:00:28ID: BC  Data: 00 00 00 AA 00 00 00 00 
"
"2016-11-21 14:00:29ID: BB  Data: 00 00 00 AA 00 00 00 00 
"
"2016-11-21 14:00:29ID: BC  Data: 00 00 00 AA 00 00 00 00 
"
"2016-11-21 14:00:29ID: BB  Data: 00 00 00 AA 00 00 00 00 
"
"2016-11-21 14:00:29ID: BC  Data: 00 00 00 AA 00 00 00 00 
"
"2016-11-21 14:00:29ID: BB  Data: 00 00 00 AA 00 00 00 00 
"
"2016-11-21 14:00:29ID: BC  Data: 00 00 00 AA 00 00 00 00 
"
"2016-11-21 14:00:29ID: BB  Data: 00 00 00 AA 00 00 00 00 
"
"2016-11-21 14:00:29ID: BC  Data: 00 00 00 AA 00 00 00 00 
"
"2016-11-21 14:00:29ID: BB  Data: 00 00 00 AA 00 00 00 00 
"
"2016-11-21 14:00:29ID: BC  Data: 00 00 00 AA 00 00 00 00 
"
"2016-11-21 14:00:29ID: BB  Data: 00 00 00 AA 00 00 00 00 
"
"2016-11-21 14:00:29ID: BC  Data: 00 00 00 AA 00 00 00 00 
"
"2016-11-21 14:00:29ID: BB  Data: 00 00 00 AA 00 00 00 00 
"
"2016-11-21 14:00:29ID: BC  Data: 00 00 00 AA 00 00 00 00 
"
"2016-11-21 14:00:29ID: BB  Data: 00 00 00 AA 00 00 00 00 
"
"2016-11-21 14:00:29ID: BC  Data: 00 00 00 AA 00 00 00 00 
"
"2016-11-21 14:00:29ID: BB  Data: 00 00 00 AA 00 00 00 00 
"
"2016-11-21 14:00:29ID: BC  Data: 00 00 00 AA 00 00 00 00 
"
"2016-11-21 14:00:29ID: BB  Data: 00 00 00 AA 00 00 00 00 
"
"2016-11-21 14:00:29ID: BC  Data: 00 00 00 AA 00 00 00 00 
"
"2016-11-21 14:00:29ID: BB  Data: 00 00 00 AA 00 00 00 00 
"
"2016-11-21 14:00:29ID: BC  Data: 00 00 00 AA 00 00 00 00 
"
"2016-11-21 14:00:30ID: BB  Data: 00 00 00 AA 00 00 00 00 
"
"2016-11-21 14:00:30ID: BC  Data: 00 00 00 AA 00 00 00 00 
"
"2016-11-21 14:00:30ID: BB  Data: 00 00 00 AA 00 00 00 00 
"
"2016-11-21 14:00:30ID: BC  Data: 00 00 00 AA 00 00 00 00 
"
"2016-11-21 14:00:30ID: BB  Data: 00 00 00 AA 00 00 00 00 
"
"2016-11-21 14:00:30ID: BC  Data: 00 00 00 AA 00 00 00 00 
"
"2016-11-21 14:00:30ID: BB  Data: 00 00 00 AA 00 00 00 00 
"
"2016-11-21 14:00:30ID: BC  Data: 00 00 00 AA 00 00 00 00 
"
"2016-11-21 14:00:30ID: BB  Data: 00 00 00 AA 00 00 00 00 
"
"2016-11-21 14:00:30ID: BC  Data: 00 00 00 AA 00 00 00 00 
"
"2016-11-21 14:00:30ID: BB  Data: 00 00 00 AA 00 00 00 00 
"
"2016-11-21 14:00:30ID: BC  Data: 00 00 00 AA 00 00 00 00 
"
"2016-11-21 14:00:30ID: BB  Data: 00 00 00 AA 00 00 00 00 
"
"2016-11-21 14:00:30ID: BC  Data: 00 00 00 AA 00 00 00 00 
"
"2016-11-21 14:00:30ID: BB  Data: 00 00 00 AA 00 00 00 00 
"
"2016-11-21 14:00:30ID: BC  Data: 00 00 00 AA 00 00 00 00 
"
"2016-11-21 14:00:30ID: BB  Data: 00 00 00 AA 00 00 00 00 
"
"2016-11-21 14:00:30ID: BC  Data: 00 00 00 AA 00 00 00 00 
"
"2016-11-21 14:00:30ID: BB  Data: 00 00 00 AA 00 00 00 00 
"
"2016-11-21 14:00:30ID: BC  Data: 00 00 00 AA 00 00 00 00 
"
"2016-11-21 14:00:30ID: BB  Data: 00 00 00 AA 00 00 00 00 
"
"2016-11-21 14:00:30ID: BC  Data: 00 00 00 AA 00 00 00 00 
"
"2016-11-21 14:00:30ID: BB  Data: 00 00 00 AA 00 00 00 00 
"
"2016-11-21 14:00:30ID: BC  Data: 00 00 00 AA 00 00 00 00 
"
"2016-11-21 14:00:31ID: BB  Data: 00 00 00 AA 00 00 00 00 
"
"2016-11-21 14:00:31ID: BC  Data: 00 00 00 AA 00 00 00 00 
"
"2016-11-21 14:00:31ID: BB  Data: 00 00 00 AA 00 00 00 00 
"
"2016-11-21 14:00:31ID: BC  Data: 00 00 00 AA 00 00 00 00 
"
"2016-11-21 14:00:31ID: BB  Data: 00 00 00 AA 00 00 00 00 
"
"2016-11-21 14:00:31ID: BC  Data: 00 00 00 AA 00 00 00 00 
"
"2016-11-21 14:00:31ID: BB  Data: 00 00 00 AA 00 00 00 00 
"
"2016-11-21 14:00:31ID: BC  Data: 00 00 00 AA 00 00 00 00 
"
"2016-11-21 14:00:31ID: BB  Data: 00 00 00 AA 00 00 00 00 
"
"2016-11-21 14:00:31ID: BC  Data: 00 00 00 AA 00 00 00 00 
"
"2016-11-21 14:00:31ID: BB  Data: 00 00 00 AA 00 00 00 00 
"
"2016-11-21 14:00:31ID: BC  Data: 00 00 00 AA 00 00 00 00 
"
"2016-11-21 14:00:31ID: BB  Data: 00 00 00 AA 00 00 00 00 
"
"2016-11-21 14:00:31ID: BC  Data: 00 00 00 AA 00 00 00 00 
"
"2016-11-21 14:00:31ID: BB  Data: 00 00 00 AA 00 00 00 00 
"
"2016-11-21 14:00:31ID: BC  Data: 00 00 00 AA 00 00 00 00 
"
"2016-11-21 14:00:31ID: BB  Data: 00 00 00 AA 00 00 00 00 
"
"2016-11-21 14:00:31ID: BC  Data: 00 00 00 AA 00 00 00 00 
"
"2016-11-21 14:00:31ID: BB  Data: 00 00 00 AA 00 00 00 00 
"
"2016-11-21 14:00:31ID: BC  Data: 00 00 00 AA 00 00 00 00 
"
"2016-11-21 14:00:31ID: BB  Data: 00 00 00 AA 00 00 00 00 
"
"2016-11-21 14:00:31ID: BC  Data: 00 00 00 AA 00 00 00 00 
"
"2016-11-21 14:00:32ID: BB  Data: 00 00 00 AA 00 00 00 00 
"
"2016-11-21 14:00:32ID: BC  Data: 00 00 00 AA 00 00 00 00 
"
"2016-11-21 14:00:32ID: BB  Data: 00 00 00 AA 00 00 00 00 
"
"2016-11-21 14:00:32ID: BC  Data: 00 00 00 AA 00 00 00 00 
"
"2016-11-21 14:00:32ID: BB  Data: 00 00 00 AA 00 00 00 00 
"
"2016-11-21 14:00:32ID: BC  Data: 00 00 00 AA 00 00 00 00 
"
"2016-11-21 14:00:32ID: BB  Data: 00 00 00 AA 00 00 00 00 
"
"2016-11-21 14:00:32ID: BC  Data: 00 00 00 AA 00 00 00 00 
"
"2016-11-21 14:00:32ID: BB  Data: 00 00 00 AA 00 00 00 00 
"
"2016-11-21 14:00:32ID: BC  Data: 00 00 00 AA 00 00 00 00 
"
"2016-11-21 14:00:32ID: BB  Data: 00 00 00 AA 00 00 00 00 
"
"2016-11-21 14:00:32ID: BC  Data: 00 00 00 AA 00 00 00 00 
"
"2016-11-21 14:00:32ID: BB  Data: 00 00 00 AA 00 00 00 00 
"
"2016-11-21 14:00:32ID: BC  Data: 00 00 00 AA 00 00 00 00 
"
"2016-11-21 14:00:32ID: BB  Data: 00 00 00 AA 00 00 00 00 
"
"2016-11-21 14:00:32ID: BC  Data: 00 00 00 AA 00 00 00 00 
"
"2016-11-21 14:00:32ID: BB  Data: 00 00 00 AA 00 00 00 00 
"
"2016-11-21 14:00:32ID: BC  Data: 00 00 00 AA 00 00 00 00 
"
"2016-11-21 14:00:32ID: BB  Data: 00 00 00 AA 00 00 00 00 
"
"2016-11-21 14:00:32ID: BC  Data: 00 00 00 AA 00 00 00 00 
"
"2016-11-21 14:00:32ID: BB  Data: 00 00 00 AA 00 00 00 00 
"
"2016-11-21 14:00:32ID: BC  Data: 00 00 00 AA 00 00 00 00 
"
"2016-11-21 14:00:33ID: BB  Data: 00 00 00 AA 00 00 00 00 
"
"2016-11-21 14:00:33ID: BC  Data: 00 00 00 AA 00 00 00 00 
"
"2016-11-21 14:00:33ID: BB  Data: 00 00 00 AA 00 00 00 00 
"
"2016-11-21 14:00:33ID: BC  Data: 00 00 00 AA 00 00 00 00 
"
"2016-11-21 14:00:33ID: BB  Data: 00 00 00 AA 00 00 00 00 
"
"2016-11-21 14:00:33ID: BC  Data: 00 00 00 AA 00 00 00 00 
"
"2016-11-21 14:00:33ID: BB  Data: 00 00 00 AA 00 00 00 00 
"
"2016-11-21 14:00:33ID: BC  Data: 00 00 00 AA 00 00 00 00 
"
"2016-11-21 14:00:33ID: BB  Data: 00 00 00 AA 00 00 00 00 
"
"2016-11-21 14:00:33ID: BC  Data: 00 00 00 AA 00 00 00 00 
"
"2016-11-21 14:00:33ID: BB  Data: 00 00 00 AA 00 00 00 00 
"
"2016-11-21 14:00:33ID: BC  Data: 00 00 00 AA 00 00 00 00 
"
"2016-11-21 14:00:33ID: BB  Data: 00 00 00 AA 00 00 00 00 
"
"2016-11-21 14:00:33ID: BC  Data: 00 00 00 AA 00 00 00 00 
"
"2016-11-21 14:00:33ID: BB  Data: 00 00 00 AA 00 00 00 00 
"
"2016-11-21 14:00:33ID: BC  Data: 00 00 00 AA 00 00 00 00 
"
"2016-11-21 14:00:33ID: BB  Data: 00 00 00 AA 00 00 00 00 
"
"2016-11-21 14:00:33ID: BC  Data: 00 00 00 AA 00 00 00 00 
"
"2016-11-21 14:00:33ID: BB  Data: 00 00 00 AA 00 00 00 00 
"
"2016-11-21 14:00:33ID: BC  Data: 00 00 00 AA 00 00 00 00 
"
"2016-11-21 14:00:33ID: BB  Data: 00 00 00 AA 00 00 00 00 
"
"2016-11-21 14:00:33ID: BC  Data: 00 00 00 AA 00 00 00 00 
"
"2016-11-21 14:00:33ID: BB  Data: 00 00 00 AA 00 00 00 00 
"
"2016-11-21 14:00:33ID: BC  Data: 00 00 00 AA 00 00 00 00 
"
"2016-11-21 14:00:34ID: BB  Data: 00 00 00 AA 00 00 00 00 
"
"2016-11-21 14:00:34ID: BC  Data: 00 00 00 AA 00 00 00 00 
"
"2016-11-21 14:00:34ID: BB  Data: 00 00 00 AA 00 00 00 00 
"
"2016-11-21 14:00:34ID: BC  Data: 00 00 00 AA 00 00 00 00 
"
"2016-11-21 14:00:34ID: BB  Data: 00 00 00 AA 00 00 00 00 
"
"2016-11-21 14:00:34ID: BC  Data: 00 00 00 AA 00 00 00 00 
"
"2016-11-21 14:00:34ID: BB  Data: 00 00 00 AA 00 00 00 00 
"
"2016-11-21 14:00:34ID: BC  Data: 00 00 00 AA 00 00 00 00 
"
"2016-11-21 14:00:34ID: BB  Data: 00 00 00 AA 00 00 00 00 
"
"2016-11-21 14:00:34ID: BC  Data: 00 00 00 AA 00 00 00 00 
"
"2016-11-21 14:00:34ID: BB  Data: 00 00 00 AA 00 00 00 00 
"
"2016-11-21 14:00:34ID: BC  Data: 00 00 00 AA 00 00 00 00 
"
"2016-11-21 14:00:34ID: BB  Data: 00 00 00 AA 00 00 00 00 
"
"2016-11-21 14:00:34ID: BC  Data: 00 00 00 AA 00 00 00 00 
"
"2016-11-21 14:00:34ID: BB  Data: 00 00 00 AA 00 00 00 00 
"
"2016-11-21 14:00:34ID: BC  Data: 00 00 00 AA 00 00 00 00 
"
"2016-11-21 14:00:34ID: BB  Data: 00 00 00 AA 00 00 00 00 
"
"2016-11-21 14:00:34ID: BC  Data: 00 00 00 AA 00 00 00 00 
"
"2016-11-21 14:00:34ID: BB  Data: 00 00 00 AA 00 00 00 00 
"
"2016-11-21 14:00:34ID: BC  Data: 00 00 00 AA 00 00 00 00 
"
"2016-11-21 14:00:34ID: BB  Data: 00 00 00 AA 00 00 00 00 
"
"2016-11-21 14:00:34ID: BC  Data: 00 00 00 AA 00 00 00 00 
"
"2016-11-21 14:00:35ID: BB  Data: 00 00 00 AA 00 00 00 00 
"
"2016-11-21 14:00:35ID: BC  Data: 00 00 00 AA 00 00 00 00 
"
"2016-11-21 14:00:35ID: BB  Data: 00 00 00 AA 00 00 00 00 
"
"2016-11-21 14:00:35ID: BC  Data: 00 00 00 AA 00 00 00 00 
"
"2016-11-21 14:00:35ID: BB  Data: 00 00 00 AA 00 00 00 00 
"
"2016-11-21 14:00:35ID: BC  Data: 00 00 00 AA 00 00 00 00 
"
"2016-11-21 14:00:35ID: BB  Data: 00 00 00 AA 00 00 00 00 
"
"2016-11-21 14:00:35ID: BC  Data: 00 00 00 AA 00 00 00 00 
"
"2016-11-21 14:00:35ID: BB  Data: 00 00 00 AA 00 00 00 00 
"
"2016-11-21 14:00:35ID: BC  Data: 00 00 00 AA 00 00 00 00 
"
"2016-11-21 14:00:35ID: BB  Data: 00 00 00 AA 00 00 00 00 
"
"2016-11-21 14:00:35ID: BC  Data: 00 00 00 AA 00 00 00 00 
"
"2016-11-21 14:00:35ID: BB  Data: 00 00 00 AA 00 00 00 00 
"
"2016-11-21 14:00:35ID: BC  Data: 00 00 00 AA 00 00 00 00 
"
"2016-11-21 14:00:35ID: BB  Data: 00 00 00 AA 00 00 00 00 
"
"2016-11-21 14:00:35ID: BC  Data: 00 00 00 AA 00 00 00 00 
"
"2016-11-21 14:00:35ID: BB  Data: 00 00 00 AA 00 00 00 00 
"
"2016-11-21 14:00:35ID: BC  Data: 00 00 00 AA 00 00 00 00 
"
"2016-11-21 14:00:35ID: BB  Data: 00 00 00 AA 00 00 00 00 
"
"2016-11-21 14:00:35ID: BC  Data: 00 00 00 AA 00 00 00 00 
"
"2016-11-21 14:00:35ID: BB  Data: 00 00 00 AA 00 00 00 00 
"
"2016-11-21 14:00:35ID: BC  Data: 00 00 00 AA 00 00 00 00 
"
"2016-11-21 14:00:36ID: BB  Data: 00 00 00 AA 00 00 00 00 
"
"2016-11-21 14:00:36ID: BC  Data: 00 00 00 AA 00 00 00 00 
"
"2016-11-21 14:00:36ID: BB  Data: 00 00 00 AA 00 00 00 00 
"
"2016-11-21 14:00:36ID: BC  Data: 00 00 00 AA 00 00 00 00 
"
"2016-11-21 14:00:36ID: BB  Data: 00 00 00 AA 00 00 00 00 
"
"2016-11-21 14:00:36ID: BC  Data: 00 00 00 AA 00 00 00 00 
"
"2016-11-21 14:00:36ID: BB  Data: 00 00 00 AA 00 00 00 00 
"
"2016-11-21 14:00:36ID: BC  Data: 00 00 00 AA 00 00 00 00 
"
"2016-11-21 14:00:36ID: BB  Data: 00 00 00 AA 00 00 00 00 
"
"2016-11-21 14:00:36ID: BC  Data: 00 00 00 AA 00 00 00 00 
"
"2016-11-21 14:00:36ID: BB  Data: 00 00 00 AA 00 00 00 00 
"
"2016-11-21 14:00:36ID: BC  Data: 00 00 00 AA 00 00 00 00 
"
"2016-11-21 14:00:36ID: BB  Data: 00 00 00 AA 00 00 00 00 
"
"2016-11-21 14:00:36ID: BC  Data: 00 00 00 AA 00 00 00 00 
"
"2016-11-21 14:00:36ID: BB  Data: 00 00 00 AA 00 00 00 00 
"
"2016-11-21 14:00:36ID: BC  Data: 00 00 00 AA 00 00 00 00 
"
"2016-11-21 14:00:36ID: BB  Data: 00 00 00 AA 00 00 00 00 
"
"2016-11-21 14:00:36ID: BC  Data: 00 00 00 AA 00 00 00 00 
"
"2016-11-21 14:00:36ID: BB  Data: 00 00 00 AA 00 00 00 00 
"
"2016-11-21 14:00:36ID: BC  Data: 00 00 00 AA 00 00 00 00 
"
"2016-11-21 14:00:36ID: BB  Data: 00 00 00 AA 00 00 00 00 
"
"2016-11-21 14:00:36ID: BC  Data: 00 00 00 AA 00 00 00 00 
"
"2016-11-21 14:00:36ID: BB  Data: 00 00 00 AA 00 00 00 00 
"
"2016-11-21 14:00:36ID: BC  Data: 00 00 00 AA 00 00 00 00 
"
"2016-11-21 14:00:37ID: BB  Data: 00 00 00 AA 00 00 00 00 
"
"2016-11-21 14:00:37ID: BC  Data: 00 00 00 AA 00 00 00 00 
"
"2016-11-21 14:00:37ID: BB  Data: 00 00 00 AA 00 00 00 00 
"
"2016-11-21 14:00:37ID: BC  Data: 00 00 00 AA 00 00 00 00 
"
"2016-11-21 14:00:37ID: BB  Data: 00 00 00 AA 00 00 00 00 
"
"2016-11-21 14:00:37ID: BC  Data: 00 00 00 AA 00 00 00 00 
"
"2016-11-21 14:00:37ID: BB  Data: 00 00 00 AA 00 00 00 00 
"
"2016-11-21 14:00:37ID: BC  Data: 00 00 00 AA 00 00 00 00 
"
"2016-11-21 14:00:37ID: BB  Data: 00 00 00 AA 00 00 00 00 
"
"2016-11-21 14:00:37ID: BC  Data: 00 00 00 AA 00 00 00 00 
"
"2016-11-21 14:00:37ID: BB  Data: 00 00 00 AA 00 00 00 00 
"
"2016-11-21 14:00:37ID: BC  Data: 00 00 00 AA 00 00 00 00 
"
"2016-11-21 14:00:37ID: BB  Data: 00 00 00 AA 00 00 00 00 
"
"2016-11-21 14:00:37ID: BC  Data: 00 00 00 AA 00 00 00 00 
"
"2016-11-21 14:00:37ID: BB  Data: 00 00 00 AA 00 00 00 00 
"
"2016-11-21 14:00:37ID: BC  Data: 00 00 00 AA 00 00 00 00 
"
"2016-11-21 14:00:37ID: BB  Data: 00 00 00 AA 00 00 00 00 
"
"2016-11-21 14:00:37ID: BC  Data: 00 00 00 AA 00 00 00 00 
"
"2016-11-21 14:00:37ID: BB  Data: 00 00 00 AA 00 00 00 00 
"
"2016-11-21 14:00:37ID: BC  Data: 00 00 00 AA 00 00 00 00 
"
"2016-11-21 14:00:37ID: BB  Data: 00 00 00 AA 00 00 00 00 
"
"2016-11-21 14:00:37ID: BC  Data: 00 00 00 AA 00 00 00 00 
"
"2016-11-21 14:00:38ID: BB  Data: 00 00 00 AA 00 00 00 00 
"
"2016-11-21 14:00:38ID: BC  Data: 00 00 00 AA 00 00 00 00 
"
"2016-11-21 14:00:38ID: BB  Data: 00 00 00 AA 00 00 00 00 
"
"2016-11-21 14:00:38ID: BC  Data: 00 00 00 AA 00 00 00 00 
"
"2016-11-21 14:00:38ID: BB  Data: 00 00 00 AA 00 00 00 00 
"
"2016-11-21 14:00:38ID: BC  Data: 00 00 00 AA 00 00 00 00 
"
"2016-11-21 14:00:38ID: BB  Data: 00 00 00 AA 00 00 00 00 
"
"2016-11-21 14:00:38ID: BC  Data: 00 00 00 AA 00 00 00 00 
"
"2016-11-21 14:00:38ID: BB  Data: 00 00 00 AA 00 00 00 00 
"
"2016-11-21 14:00:38ID: BC  Data: 00 00 00 AA 00 00 00 00 
"
"2016-11-21 14:00:38ID: BB  Data: 00 00 00 AA 00 00 00 00 
"
"2016-11-21 14:00:38ID: BC  Data: 00 00 00 AA 00 00 00 00 
"
"2016-11-21 14:00:38ID: BB  Data: 00 00 00 AA 00 00 00 00 
"
"2016-11-21 14:00:38ID: BC  Data: 00 00 00 AA 00 00 00 00 
"
"2016-11-21 14:00:38ID: BB  Data: 00 00 00 AA 00 00 00 00 
"
"2016-11-21 14:00:38ID: BC  Data: 00 00 00 AA 00 00 00 00 
"
"2016-11-21 14:00:38ID: BB  Data: 00 00 00 AA 00 00 00 00 
"
"2016-11-21 14:00:38ID: BC  Data: 00 00 00 AA 00 00 00 00 
"
"2016-11-21 14:00:38ID: BB  Data: 00 00 00 AA 00 00 00 00 
"
"2016-11-21 14:00:38ID: BC  Data: 00 00 00 AA 00 00 00 00 
"
"2016-11-21 14:00:38ID: BB  Data: 00 00 00 AA 00 00 00 00 
"
"2016-11-21 14:00:38ID: BC  Data: 00 00 00 AA 00 00 00 00 
"
"2016-11-21 14:00:38ID: BB  Data: 00 00 00 AA 00 00 00 00 
"
"2016-11-21 14:00:39ID: BC  Data: 00 00 00 AA 00 00 00 00 
"
"2016-11-21 14:00:39ID: BB  Data: 00 00 00 AA 00 00 00 00 
"
"2016-11-21 14:00:39ID: BC  Data: 00 00 00 AA 00 00 00 00 
"
"2016-11-21 14:00:39ID: BB  Data: 00 00 00 AA 00 00 00 00 
"
"2016-11-21 14:00:39ID: BC  Data: 00 00 00 AA 00 00 00 00 
"
"2016-11-21 14:00:39ID: BB  Data: 00 00 00 AA 00 00 00 00 
"
"2016-11-21 14:00:39ID: BC  Data: 00 00 00 AA 00 00 00 00 
"
"2016-11-21 14:00:39ID: BB  Data: 00 00 00 AA 00 00 00 00 
"
"2016-11-21 14:00:39ID: BC  Data: 00 00 00 AA 00 00 00 00 
"
"2016-11-21 14:00:39ID: BB  Data: 00 00 00 AA 00 00 00 00 
"
"2016-11-21 14:00:39ID: BC  Data: 00 00 00 AA 00 00 00 00 
"
"2016-11-21 14:00:39ID: BB  Data: 00 00 00 AA 00 00 00 00 
"
"2016-11-21 14:00:39ID: BC  Data: 00 00 00 AA 00 00 00 00 
"
"2016-11-21 14:00:39ID: BB  Data: 00 00 00 AA 00 00 00 00 
"
"2016-11-21 14:00:39ID: BC  Data: 00 00 00 AA 00 00 00 00 
"
"2016-11-21 14:00:39ID: BB  Data: 00 00 00 AA 00 00 00 00 
"
"2016-11-21 14:00:39ID: BC  Data: 00 00 00 AA 00 00 00 00 
"
"2016-11-21 14:00:39ID: BB  Data: 00 00 00 AA 00 00 00 00 
"
"2016-11-21 14:00:39ID: BC  Data: 00 00 00 AA 00 00 00 00 
"
"2016-11-21 14:00:39ID: BB  Data: 00 00 00 AA 00 00 00 00 
"
"2016-11-21 14:00:39ID: BC  Data: 00 00 00 AA 00 00 00 00 
"
"2016-11-21 14:00:39ID: BB  Data: 00 00 00 AA 00 00 00 00 
"
"2016-11-21 14:00:39ID: BC  Data: 00 00 00 AA 00 00 00 00 
"
"2016-11-21 14:00:40ID: BB  Data: 00 00 00 AA 00 00 00 00 
"
"2016-11-21 14:00:40ID: BC  Data: 00 00 00 AA 00 00 00 00 
"
"2016-11-21 14:00:40ID: BB  Data: 00 00 00 AA 00 00 00 00 
"
"2016-11-21 14:00:40ID: BC  Data: 00 00 00 AA 00 00 00 00 
"
"2016-11-21 14:00:40ID: BB  Data: 00 00 00 AA 00 00 00 00 
"
"2016-11-21 14:00:40ID: BC  Data: 00 00 00 AA 00 00 00 00 
"
"2016-11-21 14:00:40ID: BB  Data: 00 00 00 AA 00 00 00 00 
"
"2016-11-21 14:00:40ID: BC  Data: 00 00 00 AA 00 00 00 00 
"
"2016-11-21 14:00:40ID: BB  Data: 00 00 00 AA 00 00 00 00 
"
"2016-11-21 14:00:40ID: BC  Data: 00 00 00 AA 00 00 00 00 
"
"2016-11-21 14:00:40ID: BB  Data: 00 00 00 AA 00 00 00 00 
"
"2016-11-21 14:00:40ID: BC  Data: 00 00 00 AA 00 00 00 00 
"
"2016-11-21 14:00:40ID: BB  Data: 00 00 00 AA 00 00 00 00 
"
"2016-11-21 14:00:40ID: BC  Data: 00 00 00 AA 00 00 00 00 
"
"2016-11-21 14:00:40ID: BB  Data: 00 00 00 AA 00 00 00 00 
"
"2016-11-21 14:00:40ID: BC  Data: 00 00 00 AA 00 00 00 00 
"
"2016-11-21 14:00:40ID: BB  Data: 00 00 00 AA 00 00 00 00 
"
"2016-11-21 14:00:40ID: BC  Data: 00 00 00 AA 00 00 00 00 
"
"2016-11-21 14:00:40ID: BB  Data: 00 00 00 AA 00 00 00 00 
"
"2016-11-21 14:00:40ID: BC  Data: 00 00 00 AA 00 00 00 00 
"
"2016-11-21 14:00:40ID: BB  Data: 00 00 00 AA 00 00 00 00 
"
"2016-11-21 14:00:40ID: BC  Data: 00 00 00 AA 00 00 00 00 
"
"2016-11-21 14:00:41ID: BB  Data: 00 00 00 AA 00 00 00 00 
"
"2016-11-21 14:00:41ID: BC  Data: 00 00 00 AA 00 00 00 00 
"
"2016-11-21 14:00:41ID: BB  Data: 00 00 00 AA 00 00 00 00 
"
"2016-11-21 14:00:41ID: BC  Data: 00 00 00 AA 00 00 00 00 
"
"2016-11-21 14:00:41ID: BB  Data: 00 00 00 AA 00 00 00 00 
"
"2016-11-21 14:00:41ID: BC  Data: 00 00 00 AA 00 00 00 00 
"
"2016-11-21 14:00:41ID: BB  Data: 00 00 00 AA 00 00 00 00 
"
"2016-11-21 14:00:41ID: BC  Data: 00 00 00 AA 00 00 00 00 
"
"2016-11-21 14:00:41ID: BB  Data: 00 00 00 AA 00 00 00 00 
"
"2016-11-21 14:00:41ID: BC  Data: 00 00 00 AA 00 00 00 00 
"
"2016-11-21 14:00:41ID: BB  Data: 00 00 00 AA 00 00 00 00 
"
"2016-11-21 14:00:41ID: BC  Data: 00 00 00 AA 00 00 00 00 
"
"2016-11-21 14:00:41ID: BB  Data: 00 00 00 AA 00 00 00 00 
"
"2016-11-21 14:00:41ID: BC  Data: 00 00 00 AA 00 00 00 00 
"
"2016-11-21 14:00:41ID: BB  Data: 00 00 00 AA 00 00 00 00 
"
"2016-11-21 14:00:41ID: BC  Data: 00 00 00 AA 00 00 00 00 
"
"2016-11-21 14:00:41ID: BB  Data: 00 00 00 AA 00 00 00 00 
"
"2016-11-21 14:00:41ID: BC  Data: 00 00 00 AA 00 00 00 00 
"
"2016-11-21 14:00:41ID: BB  Data: 00 00 00 AA 00 00 00 00 
"
"2016-11-21 14:00:41ID: BC  Data: 00 00 00 AA 00 00 00 00 
"
"2016-11-21 14:00:41ID: BB  Data: 00 00 00 AA 00 00 00 00 
"
"2016-11-21 14:00:41ID: BC  Data: 00 00 00 AA 00 00 00 00 
"
"2016-11-21 14:00:41ID: BB  Data: 00 00 00 AA 00 00 00 00 
"
"2016-11-21 14:00:41ID: BC  Data: 00 00 00 AA 00 00 00 00 
"
"2016-11-21 14:00:42ID: BB  Data: 00 00 00 AA 00 00 00 00 
"
"2016-11-21 14:00:42ID: BC  Data: 00 00 00 AA 00 00 00 00 
"
"2016-11-21 14:00:42ID: BB  Data: 00 00 00 AA 00 00 00 00 
"
"2016-11-21 14:00:42ID: BC  Data: 00 00 00 AA 00 00 00 00 
"
"2016-11-21 14:00:42ID: BB  Data: 00 00 00 AA 00 00 00 00 
"
"2016-11-21 14:00:42ID: BC  Data: 00 00 00 AA 00 00 00 00 
"
"2016-11-21 14:00:42ID: BB  Data: 00 00 00 AA 00 00 00 00 
"
"2016-11-21 14:00:42ID: BC  Data: 00 00 00 AA 00 00 00 00 
"
"2016-11-21 14:00:42ID: BB  Data: 00 00 00 AA 00 00 00 00 
"
"2016-11-21 14:00:42ID: BC  Data: 00 00 00 AA 00 00 00 00 
"
"2016-11-21 14:00:42ID: BB  Data: 00 00 00 AA 00 00 00 00 
"
"2016-11-21 14:00:42ID: BC  Data: 00 00 00 AA 00 00 00 00 
"
"2016-11-21 14:00:42ID: BB  Data: 00 00 00 AA 00 00 00 00 
"
"2016-11-21 14:00:42ID: BC  Data: 00 00 00 AA 00 00 00 00 
"
"2016-11-21 14:00:42ID: BB  Data: 00 00 00 AA 00 00 00 00 
"
"2016-11-21 14:00:42ID: BC  Data: 00 00 00 AA 00 00 00 00 
"
"2016-11-21 14:00:42ID: BB  Data: 00 00 00 AA 00 00 00 00 
"
"2016-11-21 14:00:42ID: BC  Data: 00 00 00 AA 00 00 00 00 
"
"2016-11-21 14:00:42ID: BB  Data: 00 00 00 AA 00 00 00 00 
"
"2016-11-21 14:00:42ID: BC  Data: 00 00 00 AA 00 00 00 00 
"
"2016-11-21 14:00:42ID: BB  Data: 00 00 00 AA 00 00 00 00 
"
"2016-11-21 14:00:42ID: BC  Data: 00 00 00 AA 00 00 00 00 
"
"2016-11-21 14:00:43ID: BB  Data: 00 00 00 AA 00 00 00 00 
"
"2016-11-21 14:00:43ID: BC  Data: 00 00 00 AA 00 00 00 00 
"
"2016-11-21 14:00:43ID: BB  Data: 00 00 00 AA 00 00 00 00 
"
"2016-11-21 14:00:43ID: BC  Data: 00 00 00 AA 00 00 00 00 
"
"2016-11-21 14:00:43ID: BB  Data: 00 00 00 AA 00 00 00 00 
"
"2016-11-21 14:00:43ID: BC  Data: 00 00 00 AA 00 00 00 00 
"
"2016-11-21 14:00:43ID: BB  Data: 00 00 00 AA 00 00 00 00 
"
"2016-11-21 14:00:43ID: BC  Data: 00 00 00 AA 00 00 00 00 
"
"2016-11-21 14:00:43ID: BB  Data: 00 00 00 AA 00 00 00 00 
"
"2016-11-21 14:00:43ID: BC  Data: 00 00 00 AA 00 00 00 00 
"
"2016-11-21 14:00:43ID: BB  Data: 00 00 00 AA 00 00 00 00 
"
"2016-11-21 14:00:43ID: BC  Data: 00 00 00 AA 00 00 00 00 
"
"2016-11-21 14:00:43ID: BB  Data: 00 00 00 AA 00 00 00 00 
"
"2016-11-21 14:00:43ID: BC  Data: 00 00 00 AA 00 00 00 00 
"
"2016-11-21 14:00:43ID: BB  Data: 00 00 00 AA 00 00 00 00 
"
"2016-11-21 14:00:43ID: BC  Data: 00 00 00 AA 00 00 00 00 
"
"2016-11-21 14:00:43ID: BB  Data: 00 00 00 AA 00 00 00 00 
"
"2016-11-21 14:00:43ID: BC  Data: 00 00 00 AA 00 00 00 00 
"
"2016-11-21 14:00:43ID: BB  Data: 00 00 00 AA 00 00 00 00 
"
"2016-11-21 14:00:43ID: BC  Data: 00 00 00 AA 00 00 00 00 
"
"2016-11-21 14:00:43ID: BB  Data: 00 00 00 AA 00 00 00 00 
"
"2016-11-21 14:00:43ID: BC  Data: 00 00 00 AA 00 00 00 00 
"
"2016-11-21 14:00:44ID: BB  Data: 00 00 00 AA 00 00 00 00 
"
"2016-11-21 14:00:44ID: BC  Data: 00 00 00 AA 00 00 00 00 
"
"2016-11-21 14:00:44ID: BB  Data: 00 00 00 AA 00 00 00 00 
"
"2016-11-21 14:00:44ID: BC  Data: 00 00 00 AA 00 00 00 00 
"
"2016-11-21 14:00:44ID: BB  Data: 00 00 00 AA 00 00 00 00 
"
"2016-11-21 14:00:44ID: BC  Data: 00 00 00 AA 00 00 00 00 
"
"2016-11-21 14:00:44ID: BB  Data: 00 00 00 AA 00 00 00 00 
"
"2016-11-21 14:00:44ID: BC  Data: 00 00 00 AA 00 00 00 00 
"
"2016-11-21 14:00:44ID: BB  Data: 00 00 00 AA 00 00 00 00 
"
"2016-11-21 14:00:44ID: BC  Data: 00 00 00 AA 00 00 00 00 
"
"2016-11-21 14:00:44ID: BB  Data: 00 00 00 AA 00 00 00 00 
"
"2016-11-21 14:00:44ID: BC  Data: 00 00 00 AA 00 00 00 00 
"
"2016-11-21 14:00:44ID: BB  Data: 00 00 00 AA 00 00 00 00 
"
"2016-11-21 14:00:44ID: BC  Data: 00 00 00 AA 00 00 00 00 
"
"2016-11-21 14:00:44ID: BB  Data: 00 00 00 AA 00 00 00 00 
"
"2016-11-21 14:00:44ID: BC  Data: 00 00 00 AA 00 00 00 00 
"
"2016-11-21 14:00:44ID: BB  Data: 00 00 00 AA 00 00 00 00 
"
"2016-11-21 14:00:44ID: BC  Data: 00 00 00 AA 00 00 00 00 
"
"2016-11-21 14:00:44ID: BB  Data: 00 00 00 AA 00 00 00 00 
"
"2016-11-21 14:00:44ID: BC  Data: 00 00 00 AA 00 00 00 00 
"
"2016-11-21 14:00:44ID: BB  Data: 00 00 00 AA 00 00 00 00 
"
"2016-11-21 14:00:44ID: BC  Data: 00 00 00 AA 00 00 00 00 
"
"2016-11-21 14:00:44ID: BB  Data: 00 00 00 AA 00 00 00 00 
"
"2016-11-21 14:00:44ID: BC  Data: 00 00 00 AA 00 00 00 00 
"
"2016-11-21 14:00:45ID: BB  Data: 00 00 00 AA 00 00 00 00 
"
"2016-11-21 14:00:45ID: BC  Data: 00 00 00 AA 00 00 00 00 
"
"2016-11-21 14:00:45ID: BB  Data: 00 00 00 AA 00 00 00 00 
"
"2016-11-21 14:00:45ID: BC  Data: 00 00 00 AA 00 00 00 00 
"
"2016-11-21 14:00:45ID: BB  Data: 00 00 00 AA 00 00 00 00 
"
"2016-11-21 14:00:45ID: BC  Data: 00 00 00 AA 00 00 00 00 
"
"2016-11-21 14:00:45ID: BB  Data: 00 00 00 AA 00 00 00 00 
"
"2016-11-21 14:00:45ID: BC  Data: 00 00 00 AA 00 00 00 00 
"
"2016-11-21 14:00:45ID: BB  Data: 00 00 00 AA 00 00 00 00 
"
"2016-11-21 14:00:45ID: BC  Data: 00 00 00 AA 00 00 00 00 
"
"2016-11-21 14:00:45ID: BB  Data: 00 00 00 AA 00 00 00 00 
"
"2016-11-21 14:00:45ID: BC  Data: 00 00 00 AA 00 00 00 00 
"
"2016-11-21 14:00:45ID: BB  Data: 00 00 00 AA 00 00 00 00 
"
"2016-11-21 14:00:45ID: BC  Data: 00 00 00 AA 00 00 00 00 
"
"2016-11-21 14:00:45ID: BB  Data: 00 00 00 AA 00 00 00 00 
"
"2016-11-21 14:00:45ID: BC  Data: 00 00 00 AA 00 00 00 00 
"
"2016-11-21 14:00:45ID: BB  Data: 00 00 00 AA 00 00 00 00 
"
"2016-11-21 14:00:45ID: BC  Data: 00 00 00 AA 00 00 00 00 
"
"2016-11-21 14:00:45ID: BB  Data: 00 00 00 AA 00 00 00 00 
"
"2016-11-21 14:00:45ID: BC  Data: 00 00 00 AA 00 00 00 00 
"
"2016-11-21 14:00:45ID: BB  Data: 00 00 00 AA 00 00 00 00 
"
"2016-11-21 14:00:45ID: BC  Data: 00 00 00 AA 00 00 00 00 
"
"2016-11-21 14:00:46ID: BB  Data: 00 00 00 AA 00 00 00 00 
"
"2016-11-21 14:00:46ID: BC  Data: 00 00 00 AA 00 00 00 00 
"
"2016-11-21 14:00:46ID: BB  Data: 00 00 00 AA 00 00 00 00 
"
"2016-11-21 14:00:46ID: BC  Data: 00 00 00 AA 00 00 00 00 
"
"2016-11-21 14:00:46ID: BB  Data: 00 00 00 AA 00 00 00 00 
"
"2016-11-21 14:00:46ID: BC  Data: 00 00 00 AA 00 00 00 00 
"
"2016-11-21 14:00:46ID: BB  Data: 00 00 00 AA 00 00 00 00 
"
"2016-11-21 14:00:46ID: BC  Data: 00 00 00 AA 00 00 00 00 
"
"2016-11-21 14:00:46ID: BB  Data: 00 00 00 AA 00 00 00 00 
"
"2016-11-21 14:00:46ID: BC  Data: 00 00 00 AA 00 00 00 00 
"
"2016-11-21 14:00:46ID: BB  Data: 00 00 00 AA 00 00 00 00 
"
"2016-11-21 14:00:46ID: BC  Data: 00 00 00 AA 00 00 00 00 
"
"2016-11-21 14:00:46ID: BB  Data: 00 00 00 AA 00 00 00 00 
"
"2016-11-21 14:00:46ID: BC  Data: 00 00 00 AA 00 00 00 00 
"
"2016-11-21 14:00:46ID: BB  Data: 00 00 00 AA 00 00 00 00 
"
"2016-11-21 14:00:46ID: BC  Data: 00 00 00 AA 00 00 00 00 
"
"2016-11-21 14:00:46ID: BB  Data: 00 00 00 AA 00 00 00 00 
"
"2016-11-21 14:00:46ID: BC  Data: 00 00 00 AA 00 00 00 00 
"
"2016-11-21 14:00:46ID: BB  Data: 00 00 00 AA 00 00 00 00 
"
"2016-11-21 14:00:46ID: BC  Data: 00 00 00 AA 00 00 00 00 
"
"2016-11-21 14:00:46ID: BB  Data: 00 00 00 AA 00 00 00 00 
"
"2016-11-21 14:00:46ID: BC  Data: 00 00 00 AA 00 00 00 00 
"
"2016-11-21 14:00:47ID: BB  Data: 00 00 00 AA 00 00 00 00 
"
"2016-11-21 14:00:47ID: BC  Data: 00 00 00 AA 00 00 00 00 
"
"2016-11-21 14:00:47ID: BB  Data: 00 00 00 AA 00 00 00 00 
"
"2016-11-21 14:00:47ID: BC  Data: 00 00 00 AA 00 00 00 00 
"
"2016-11-21 14:00:47ID: BB  Data: 00 00 00 AA 00 00 00 00 
"
"2016-11-21 14:00:47ID: BC  Data: 00 00 00 AA 00 00 00 00 
"
"2016-11-21 14:00:47ID: BB  Data: 00 00 00 AA 00 00 00 00 
"
"2016-11-21 14:00:47ID: BC  Data: 00 00 00 AA 00 00 00 00 
"
"2016-11-21 14:00:47ID: BB  Data: 00 00 00 AA 00 00 00 00 
"
"2016-11-21 14:00:47ID: BC  Data: 00 00 00 AA 00 00 00 00 
"
"2016-11-21 14:00:47ID: BB  Data: 00 00 00 AA 00 00 00 00 
"
"2016-11-21 14:00:47ID: BC  Data: 00 00 00 AA 00 00 00 00 
"
"2016-11-21 14:00:47ID: BB  Data: 00 00 00 AA 00 00 00 00 
"
"2016-11-21 14:00:47ID: BC  Data: 00 00 00 AA 00 00 00 00 
"
"2016-11-21 14:00:47ID: BB  Data: 00 00 00 AA 00 00 00 00 
"
"2016-11-21 14:00:47ID: BC  Data: 00 00 00 AA 00 00 00 00 
"
"2016-11-21 14:00:47ID: BB  Data: 00 00 00 AA 00 00 00 00 
"
"2016-11-21 14:00:47ID: BC  Data: 00 00 00 AA 00 00 00 00 
"
"2016-11-21 14:00:47ID: BB  Data: 00 00 00 AA 00 00 00 00 
"
"2016-11-21 14:00:47ID: BC  Data: 00 00 00 AA 00 00 00 00 
"
"2016-11-21 14:00:47ID: BB  Data: 00 00 00 AA 00 00 00 00 
"
"2016-11-21 14:00:47ID: BC  Data: 00 00 00 AA 00 00 00 00 
"
"2016-11-21 14:00:47ID: BB  Data: 00 00 00 AA 00 00 00 00 
"
"2016-11-21 14:00:47ID: BC  Data: 00 00 00 AA 00 00 00 00 
"
"2016-11-21 14:00:48ID: BB  Data: 00 00 00 AA 00 00 00 00 
"
"2016-11-21 14:00:48ID: BC  Data: 00 00 00 AA 00 00 00 00 
"
"2016-11-21 14:00:48ID: BB  Data: 00 00 00 AA 00 00 00 00 
"
"2016-11-21 14:00:48ID: BC  Data: 00 00 00 AA 00 00 00 00 
"
"2016-11-21 14:00:48ID: BB  Data: 00 00 00 AA 00 00 00 00 
"
"2016-11-21 14:00:48ID: BC  Data: 00 00 00 AA 00 00 00 00 
"
"2016-11-21 14:00:48ID: BB  Data: 00 00 00 AA 00 00 00 00 
"
"2016-11-21 14:00:48ID: BC  Data: 00 00 00 AA 00 00 00 00 
"
"2016-11-21 14:00:48ID: BB  Data: 00 00 00 AA 00 00 00 00 
"
"2016-11-21 14:00:48ID: BC  Data: 00 00 00 AA 00 00 00 00 
"
"2016-11-21 14:00:48ID: BB  Data: 00 00 00 AA 00 00 00 00 
"
"2016-11-21 14:00:48ID: BC  Data: 00 00 00 AA 00 00 00 00 
"
"2016-11-21 14:00:48ID: BB  Data: 00 00 00 AA 00 00 00 00 
"
"2016-11-21 14:00:48ID: BC  Data: 00 00 00 AA 00 00 00 00 
"
"2016-11-21 14:00:48ID: BB  Data: 00 00 00 AA 00 00 00 00 
"
"2016-11-21 14:00:48ID: BC  Data: 00 00 00 AA 00 00 00 00 
"
"2016-11-21 14:00:48ID: BB  Data: 00 00 00 AA 00 00 00 00 
"
"2016-11-21 14:00:48ID: BC  Data: 00 00 00 AA 00 00 00 00 
"
"2016-11-21 14:00:48ID: BB  Data: 00 00 00 AA 00 00 00 00 
"
"2016-11-21 14:00:48ID: BC  Data: 00 00 00 AA 00 00 00 00 
"
"2016-11-21 14:00:48ID: BB  Data: 00 00 00 AA 00 00 00 00 
"
"2016-11-21 14:00:48ID: BC  Data: 00 00 00 AA 00 00 00 00 
"
"2016-11-21 14:00:49ID: BB  Data: 00 00 00 AA 00 00 00 00 
"
"2016-11-21 14:00:49ID: BC  Data: 00 00 00 AA 00 00 00 00 
"
"2016-11-21 14:00:49ID: BB  Data: 00 00 00 AA 00 00 00 00 
"
"2016-11-21 14:00:49ID: BC  Data: 00 00 00 AA 00 00 00 00 
"
"2016-11-21 14:00:49ID: BB  Data: 00 00 00 AA 00 00 00 00 
"
"2016-11-21 14:00:49ID: BC  Data: 00 00 00 AA 00 00 00 00 
"
"2016-11-21 14:00:49ID: BB  Data: 00 00 00 AA 00 00 00 00 
"
"2016-11-21 14:00:49ID: BC  Data: 00 00 00 AA 00 00 00 00 
"
"2016-11-21 14:00:49ID: BB  Data: 00 00 00 AA 00 00 00 00 
"
"2016-11-21 14:00:49ID: BC  Data: 00 00 00 AA 00 00 00 00 
"
"2016-11-21 14:00:49ID: BB  Data: 00 00 00 AA 00 00 00 00 
"
"2016-11-21 14:00:49ID: BC  Data: 00 00 00 AA 00 00 00 00 
"
"2016-11-21 14:00:49ID: BB  Data: 00 00 00 AA 00 00 00 00 
"
"2016-11-21 14:00:49ID: BC  Data: 00 00 00 AA 00 00 00 00 
"
"2016-11-21 14:00:49ID: BB  Data: 00 00 00 AA 00 00 00 00 
"
"2016-11-21 14:00:49ID: BC  Data: 00 00 00 AA 00 00 00 00 
"
"2016-11-21 14:00:49ID: BB  Data: 00 00 00 AA 00 00 00 00 
"
"2016-11-21 14:00:49ID: BC  Data: 00 00 00 AA 00 00 00 00 
"
"2016-11-21 14:00:49ID: BB  Data: 00 00 00 AA 00 00 00 00 
"
"2016-11-21 14:00:49ID: BC  Data: 00 00 00 AA 00 00 00 00 
"
"2016-11-21 14:00:49ID: BB  Data: 00 00 00 AA 00 00 00 00 
"
"2016-11-21 14:00:49ID: BC  Data: 00 00 00 AA 00 00 00 00 
"
"2016-11-21 14:00:49ID: BB  Data: 00 00 00 AA 00 00 00 00 
"
"2016-11-21 14:00:50ID: BC  Data: 00 00 00 AA 00 00 00 00 
"
"2016-11-21 14:00:50ID: BB  Data: 00 00 00 AA 00 00 00 00 
"
"2016-11-21 14:00:50ID: BC  Data: 00 00 00 AA 00 00 00 00 
"
"2016-11-21 14:00:50ID: BB  Data: 00 00 00 AA 00 00 00 00 
"
"2016-11-21 14:00:50ID: BC  Data: 00 00 00 AA 00 00 00 00 
"
"2016-11-21 14:00:50ID: BB  Data: 00 00 00 AA 00 00 00 00 
"
"2016-11-21 14:00:50ID: BC  Data: 00 00 00 AA 00 00 00 00 
"
"2016-11-21 14:00:50ID: BB  Data: 00 00 00 AA 00 00 00 00 
"
"2016-11-21 14:00:50ID: BC  Data: 00 00 00 AA 00 00 00 00 
"
"2016-11-21 14:00:50ID: BB  Data: 00 00 00 AA 00 00 00 00 
"
"2016-11-21 14:00:50ID: BC  Data: 00 00 00 AA 00 00 00 00 
"
"2016-11-21 14:00:50ID: BB  Data: 00 00 00 AA 00 00 00 00 
"
"2016-11-21 14:00:50ID: BC  Data: 00 00 00 AA 00 00 00 00 
"
"2016-11-21 14:00:50ID: BB  Data: 00 00 00 AA 00 00 00 00 
"
"2016-11-21 14:00:50ID: BC  Data: 00 00 00 AA 00 00 00 00 
"
"2016-11-21 14:00:50ID: BB  Data: 00 00 00 AA 00 00 00 00 
"
"2016-11-21 14:00:50ID: BC  Data: 00 00 00 AA 00 00 00 00 
"
"2016-11-21 14:00:50ID: BB  Data: 00 00 00 AA 00 00 00 00 
"
"2016-11-21 14:00:50ID: BC  Data: 00 00 00 AA 00 00 00 00 
"
"2016-11-21 14:00:50ID: BB  Data: 00 00 00 AA 00 00 00 00 
"
"2016-11-21 14:00:50ID: BC  Data: 00 00 00 AA 00 00 00 00 
"
"2016-11-21 14:00:50ID: BB  Data: 00 00 00 AA 00 00 00 00 
"
"2016-11-21 14:00:50ID: BC  Data: 00 00 00 AA 00 00 00 00 
"
"2016-11-21 14:00:51ID: BB  Data: 00 00 00 AA 00 00 00 00 
"
"2016-11-21 14:00:51ID: BC  Data: 00 00 00 AA 00 00 00 00 
"
"2016-11-21 14:00:51ID: BB  Data: 00 00 00 AA 00 00 00 00 
"
"2016-11-21 14:00:51ID: BC  Data: 00 00 00 AA 00 00 00 00 
"
"2016-11-21 14:00:51ID: BB  Data: 00 00 00 AA 00 00 00 00 
"
"2016-11-21 14:00:51ID: BC  Data: 00 00 00 AA 00 00 00 00 
"
"2016-11-21 14:00:51ID: BB  Data: 00 00 00 AA 00 00 00 00 
"
"2016-11-21 14:00:51ID: BC  Data: 00 00 00 AA 00 00 00 00 
"
"2016-11-21 14:00:51ID: BB  Data: 00 00 00 AA 00 00 00 00 
"
"2016-11-21 14:00:51ID: BC  Data: 00 00 00 AA 00 00 00 00 
"
"2016-11-21 14:00:51ID: BB  Data: 00 00 00 AA 00 00 00 00 
"
"2016-11-21 14:00:51ID: BC  Data: 00 00 00 AA 00 00 00 00 
"
"2016-11-21 14:00:51ID: BB  Data: 00 00 00 AA 00 00 00 00 
"
"2016-11-21 14:00:51ID: BC  Data: 00 00 00 AA 00 00 00 00 
"
"2016-11-21 14:00:51ID: BB  Data: 00 00 00 AA 00 00 00 00 
"
"2016-11-21 14:00:51ID: BC  Data: 00 00 00 AA 00 00 00 00 
"
"2016-11-21 14:00:51ID: BB  Data: 00 00 00 AA 00 00 00 00 
"
"2016-11-21 14:00:51ID: BC  Data: 00 00 00 AA 00 00 00 00 
"
"2016-11-21 14:00:51ID: BB  Data: 00 00 00 AA 00 00 00 00 
"
"2016-11-21 14:00:51ID: BC  Data: 00 00 00 AA 00 00 00 00 
"
"2016-11-21 14:00:51ID: BB  Data: 00 00 00 AA 00 00 00 00 
"
"2016-11-21 14:00:51ID: BC  Data: 00 00 00 AA 00 00 00 00 
"
"2016-11-21 14:00:52ID: BB  Data: 00 00 00 AA 00 00 00 00 
"
"2016-11-21 14:00:52ID: BC  Data: 00 00 00 AA 00 00 00 00 
"
"2016-11-21 14:00:52ID: BB  Data: 00 00 00 AA 00 00 00 00 
"
"2016-11-21 14:00:52ID: BC  Data: 00 00 00 AA 00 00 00 00 
"
"2016-11-21 14:00:52ID: BB  Data: 00 00 00 AA 00 00 00 00 
"
"2016-11-21 14:00:52ID: BC  Data: 00 00 00 AA 00 00 00 00 
"
"2016-11-21 14:00:52ID: BB  Data: 00 00 00 AA 00 00 00 00 
"
"2016-11-21 14:00:52ID: BC  Data: 00 00 00 AA 00 00 00 00 
"
"2016-11-21 14:00:52ID: BB  Data: 00 00 00 AA 00 00 00 00 
"
"2016-11-21 14:00:52ID: BC  Data: 00 00 00 AA 00 00 00 00 
"
"2016-11-21 14:00:52ID: BB  Data: 00 00 00 AA 00 00 00 00 
"
"2016-11-21 14:00:52ID: BC  Data: 00 00 00 AA 00 00 00 00 
"
"2016-11-21 14:00:52ID: BB  Data: 00 00 00 AA 00 00 00 00 
"
"2016-11-21 14:00:52ID: BC  Data: 00 00 00 AA 00 00 00 00 
"
"2016-11-21 14:00:52ID: BB  Data: 00 00 00 AA 00 00 00 00 
"
"2016-11-21 14:00:52ID: BC  Data: 00 00 00 AA 00 00 00 00 
"
"2016-11-21 14:00:52ID: BB  Data: 00 00 00 AA 00 00 00 00 
"
"2016-11-21 14:00:52ID: BC  Data: 00 00 00 AA 00 00 00 00 
"
"2016-11-21 14:00:52ID: BB  Data: 00 00 00 AA 00 00 00 00 
"
"2016-11-21 14:00:52ID: BC  Data: 00 00 00 AA 00 00 00 00 
"
"2016-11-21 14:00:52ID: BB  Data: 00 00 00 AA 00 00 00 00 
"
"2016-11-21 14:00:52ID: BC  Data: 00 00 00 AA 00 00 00 00 
"
"2016-11-21 14:00:52ID: BB  Data: 00 00 00 AA 00 00 00 00 
"
"2016-11-21 14:00:52ID: BC  Data: 00 00 00 AA 00 00 00 00 
"
"2016-11-21 14:00:53ID: BB  Data: 00 00 00 AA 00 00 00 00 
"
"2016-11-21 14:00:53ID: BC  Data: 00 00 00 AA 00 00 00 00 
"
"2016-11-21 14:00:53ID: BB  Data: 00 00 00 AA 00 00 00 00 
"
"2016-11-21 14:00:53ID: BC  Data: 00 00 00 AA 00 00 00 00 
"
"2016-11-21 14:00:53ID: BB  Data: 00 00 00 AA 00 00 00 00 
"
"2016-11-21 14:00:53ID: BC  Data: 00 00 00 AA 00 00 00 00 
"
"2016-11-21 14:00:53ID: BB  Data: 00 00 00 AA 00 00 00 00 
"
"2016-11-21 14:00:53ID: BC  Data: 00 00 00 AA 00 00 00 00 
"
"2016-11-21 14:00:53ID: BB  Data: 00 00 00 AA 00 00 00 00 
"
"2016-11-21 14:00:53ID: BC  Data: 00 00 00 AA 00 00 00 00 
"
"2016-11-21 14:00:53ID: BB  Data: 00 00 00 AA 00 00 00 00 
"
"2016-11-21 14:00:53ID: BC  Data: 00 00 00 AA 00 00 00 00 
"
"2016-11-21 14:00:53ID: BB  Data: 00 00 00 AA 00 00 00 00 
"
"2016-11-21 14:00:53ID: BC  Data: 00 00 00 AA 00 00 00 00 
"
"2016-11-21 14:00:53ID: BB  Data: 00 00 00 AA 00 00 00 00 
"
"2016-11-21 14:00:53ID: BC  Data: 00 00 00 AA 00 00 00 00 
"
"2016-11-21 14:00:53ID: BB  Data: 00 00 00 AA 00 00 00 00 
"
"2016-11-21 14:00:53ID: BC  Data: 00 00 00 AA 00 00 00 00 
"
"2016-11-21 14:00:53ID: BB  Data: 00 00 00 AA 00 00 00 00 
"
"2016-11-21 14:00:53ID: BC  Data: 00 00 00 AA 00 00 00 00 
"
"2016-11-21 14:00:53ID: BB  Data: 00 00 00 AA 00 00 00 00 
"
"2016-11-21 14:00:53ID: BC  Data: 00 00 00 AA 00 00 00 00 
"
"2016-11-21 14:00:54ID: BB  Data: 00 00 00 AA 00 00 00 00 
"
"2016-11-21 14:00:54ID: BC  Data: 00 00 00 AA 00 00 00 00 
"
"2016-11-21 14:00:54ID: BB  Data: 00 00 00 AA 00 00 00 00 
"
"2016-11-21 14:00:54ID: BC  Data: 00 00 00 AA 00 00 00 00 
"
"2016-11-21 14:00:54ID: BB  Data: 00 00 00 AA 00 00 00 00 
"
"2016-11-21 14:00:54ID: BC  Data: 00 00 00 AA 00 00 00 00 
"
"2016-11-21 14:00:54ID: BB  Data: 00 00 00 AA 00 00 00 00 
"
"2016-11-21 14:00:54ID: BC  Data: 00 00 00 AA 00 00 00 00 
"
"2016-11-21 14:00:54ID: BB  Data: 00 00 00 AA 00 00 00 00 
"
"2016-11-21 14:00:54ID: BC  Data: 00 00 00 AA 00 00 00 00 
"
"2016-11-21 14:00:54ID: BB  Data: 00 00 00 AA 00 00 00 00 
"
"2016-11-21 14:00:54ID: BC  Data: 00 00 00 AA 00 00 00 00 
"
"2016-11-21 14:00:54ID: BB  Data: 00 00 00 AA 00 00 00 00 
"
"2016-11-21 14:00:54ID: BC  Data: 00 00 00 AA 00 00 00 00 
"
"2016-11-21 14:00:54ID: BB  Data: 00 00 00 AA 00 00 00 00 
"
"2016-11-21 14:00:54ID: BC  Data: 00 00 00 AA 00 00 00 00 
"
"2016-11-21 14:00:54ID: BB  Data: 00 00 00 AA 00 00 00 00 
"
"2016-11-21 14:00:54ID: BC  Data: 00 00 00 AA 00 00 00 00 
"
"2016-11-21 14:00:54ID: BB  Data: 00 00 00 AA 00 00 00 00 
"
"2016-11-21 14:00:54ID: BC  Data: 00 00 00 AA 00 00 00 00 
"
"2016-11-21 14:00:54ID: BB  Data: 00 00 00 AA 00 00 00 00 
"
"2016-11-21 14:00:54ID: BC  Data: 00 00 00 AA 00 00 00 00 
"
"2016-11-21 14:00:55ID: BB  Data: 00 00 00 AA 00 00 00 00 
"
"2016-11-21 14:00:55ID: BC  Data: 00 00 00 AA 00 00 00 00 
"
"2016-11-21 14:00:55ID: BB  Data: 00 00 00 AA 00 00 00 00 
"
"2016-11-21 14:00:55ID: BC  Data: 00 00 00 AA 00 00 00 00 
"
"2016-11-21 14:00:55ID: BB  Data: 00 00 00 AA 00 00 00 00 
"
"2016-11-21 14:00:55ID: BC  Data: 00 00 00 AA 00 00 00 00 
"
"2016-11-21 14:00:55ID: BB  Data: 00 00 00 AA 00 00 00 00 
"
"2016-11-21 14:00:55ID: BC  Data: 00 00 00 AA 00 00 00 00 
"
"2016-11-21 14:00:55ID: BB  Data: 00 00 00 AA 00 00 00 00 
"
"2016-11-21 14:00:55ID: BC  Data: 00 00 00 AA 00 00 00 00 
"
"2016-11-21 14:00:55ID: BB  Data: 00 00 00 AA 00 00 00 00 
"
"2016-11-21 14:00:55ID: BC  Data: 00 00 00 AA 00 00 00 00 
"
"2016-11-21 14:00:55ID: BB  Data: 00 00 00 AA 00 00 00 00 
"
"2016-11-21 14:00:55ID: BC  Data: 00 00 00 AA 00 00 00 00 
"
"2016-11-21 14:00:55ID: BB  Data: 00 00 00 AA 00 00 00 00 
"
"2016-11-21 14:00:55ID: BC  Data: 00 00 00 AA 00 00 00 00 
"
"2016-11-21 14:00:55ID: BB  Data: 00 00 00 AA 00 00 00 00 
"
"2016-11-21 14:00:55ID: BC  Data: 00 00 00 AA 00 00 00 00 
"
"2016-11-21 14:00:55ID: BB  Data: 00 00 00 AA 00 00 00 00 
"
"2016-11-21 14:00:55ID: BC  Data: 00 00 00 AA 00 00 00 00 
"
"2016-11-21 14:00:55ID: BB  Data: 00 00 00 AA 00 00 00 00 
"
"2016-11-21 14:00:55ID: BC  Data: 00 00 00 AA 00 00 00 00 
"
"2016-11-21 14:00:55ID: BB  Data: 00 00 00 AA 00 00 00 00 
"
"2016-11-21 14:00:55ID: BC  Data: 00 00 00 AA 00 00 00 00 
"
"2016-11-21 14:00:56ID: BB  Data: 00 00 00 AA 00 00 00 00 
"
"2016-11-21 14:00:56ID: BC  Data: 00 00 00 AA 00 00 00 00 
"
"2016-11-21 14:00:56ID: BB  Data: 00 00 00 AA 00 00 00 00 
"
"2016-11-21 14:00:56ID: BC  Data: 00 00 00 AA 00 00 00 00 
"
"2016-11-21 14:00:56ID: BB  Data: 00 00 00 AA 00 00 00 00 
"
"2016-11-21 14:00:56ID: BC  Data: 00 00 00 AA 00 00 00 00 
"
"2016-11-21 14:00:56ID: BB  Data: 00 00 00 AA 00 00 00 00 
"
"2016-11-21 14:00:56ID: BC  Data: 00 00 00 AA 00 00 00 00 
"
"2016-11-21 14:00:56ID: BB  Data: 00 00 00 AA 00 00 00 00 
"
"2016-11-21 14:00:56ID: BC  Data: 00 00 00 AA 00 00 00 00 
"
"2016-11-21 14:00:56ID: BB  Data: 00 00 00 AA 00 00 00 00 
"
"2016-11-21 14:00:56ID: BC  Data: 00 00 00 AA 00 00 00 00 
"
"2016-11-21 14:00:56ID: BB  Data: 00 00 00 AA 00 00 00 00 
"
"2016-11-21 14:00:56ID: BC  Data: 00 00 00 AA 00 00 00 00 
"
"2016-11-21 14:00:56ID: BB  Data: 00 00 00 AA 00 00 00 00 
"
"2016-11-21 14:00:56ID: BC  Data: 00 00 00 AA 00 00 00 00 
"
"2016-11-21 14:00:56ID: BB  Data: 00 00 00 AA 00 00 00 00 
"
"2016-11-21 14:00:56ID: BC  Data: 00 00 00 AA 00 00 00 00 
"
"2016-11-21 14:00:56ID: BB  Data: 00 00 00 AA 00 00 00 00 
"
"2016-11-21 14:00:56ID: BC  Data: 00 00 00 AA 00 00 00 00 
"
"2016-11-21 14:00:56ID: BB  Data: 00 00 00 AA 00 00 00 00 
"
"2016-11-21 14:00:56ID: BC  Data: 00 00 00 AA 00 00 00 00 
"
"2016-11-21 14:00:57ID: BB  Data: 00 00 00 AA 00 00 00 00 
"
"2016-11-21 14:00:57ID: BC  Data: 00 00 00 AA 00 00 00 00 
"
"2016-11-21 14:00:57ID: BB  Data: 00 00 00 AA 00 00 00 00 
"
"2016-11-21 14:00:57ID: BC  Data: 00 00 00 AA 00 00 00 00 
"
"2016-11-21 14:00:57ID: BB  Data: 00 00 00 AA 00 00 00 00 
"
"2016-11-21 14:00:57ID: BC  Data: 00 00 00 AA 00 00 00 00 
"
"2016-11-21 14:00:57ID: BB  Data: 00 00 00 AA 00 00 00 00 
"
"2016-11-21 14:00:57ID: BC  Data: 00 00 00 AA 00 00 00 00 
"
"2016-11-21 14:00:57ID: BB  Data: 00 00 00 AA 00 00 00 00 
"
"2016-11-21 14:00:57ID: BC  Data: 00 00 00 AA 00 00 00 00 
"
"2016-11-21 14:00:57ID: BB  Data: 00 00 00 AA 00 00 00 00 
"
"2016-11-21 14:00:57ID: BC  Data: 00 00 00 AA 00 00 00 00 
"
"2016-11-21 14:00:57ID: BB  Data: 00 00 00 AA 00 00 00 00 
"
"2016-11-21 14:00:57ID: BC  Data: 00 00 00 AA 00 00 00 00 
"
"2016-11-21 14:00:57ID: BB  Data: 00 00 00 AA 00 00 00 00 
"
"2016-11-21 14:00:57ID: BC  Data: 00 00 00 AA 00 00 00 00 
"
"2016-11-21 14:00:57ID: BB  Data: 00 00 00 AA 00 00 00 00 
"
"2016-11-21 14:00:57ID: BC  Data: 00 00 00 AA 00 00 00 00 
"
"2016-11-21 14:00:57ID: BB  Data: 00 00 00 AA 00 00 00 00 
"
"2016-11-21 14:00:57ID: BC  Data: 00 00 00 AA 00 00 00 00 
"
"2016-11-21 14:00:57ID: BB  Data: 00 00 00 AA 00 00 00 00 
"
"2016-11-21 14:00:57ID: BC  Data: 00 00 00 AA 00 00 00 00 
"
"2016-11-21 14:00:58ID: BB  Data: 00 00 00 AA 00 00 00 00 
"
"2016-11-21 14:00:58ID: BC  Data: 00 00 00 AA 00 00 00 00 
"
"2016-11-21 14:00:58ID: BB  Data: 00 00 00 AA 00 00 00 00 
"
"2016-11-21 14:00:58ID: BC  Data: 00 00 00 AA 00 00 00 00 
"
"2016-11-21 14:00:58ID: BB  Data: 00 00 00 AA 00 00 00 00 
"
"2016-11-21 14:00:58ID: BC  Data: 00 00 00 AA 00 00 00 00 
"
"2016-11-21 14:00:58ID: BB  Data: 00 00 00 AA 00 00 00 00 
"
"2016-11-21 14:00:58ID: BC  Data: 00 00 00 AA 00 00 00 00 
"
"2016-11-21 14:00:58ID: BB  Data: 00 00 00 AA 00 00 00 00 
"
"2016-11-21 14:00:58ID: BC  Data: 00 00 00 AA 00 00 00 00 
"
"2016-11-21 14:00:58ID: BB  Data: 00 00 00 AA 00 00 00 00 
"
"2016-11-21 14:00:58ID: BC  Data: 00 00 00 AA 00 00 00 00 
"
"2016-11-21 14:00:58ID: BB  Data: 00 00 00 AA 00 00 00 00 
"
"2016-11-21 14:00:58ID: BC  Data: 00 00 00 AA 00 00 00 00 
"
"2016-11-21 14:00:58ID: BB  Data: 00 00 00 AA 00 00 00 00 
"
"2016-11-21 14:00:58ID: BC  Data: 00 00 00 AA 00 00 00 00 
"
"2016-11-21 14:00:58ID: BB  Data: 00 00 00 AA 00 00 00 00 
"
"2016-11-21 14:00:58ID: BC  Data: 00 00 00 AA 00 00 00 00 
"
"2016-11-21 14:00:58ID: BB  Data: 00 00 00 AA 00 00 00 00 
"
"2016-11-21 14:00:58ID: BC  Data: 00 00 00 AA 00 00 00 00 
"
"2016-11-21 14:00:58ID: BB  Data: 00 00 00 AA 00 00 00 00 
"
"2016-11-21 14:00:58ID: BC  Data: 00 00 00 AA 00 00 00 00 
"
"2016-11-21 14:00:58ID: BB  Data: 00 00 00 AA 00 00 00 00 
"
"2016-11-21 14:00:58ID: BC  Data: 00 00 00 AA 00 00 00 00 
"
"2016-11-21 14:00:59ID: BB  Data: 00 00 00 AA 00 00 00 00 
"
"2016-11-21 14:00:59ID: BC  Data: 00 00 00 AA 00 00 00 00 
"
"2016-11-21 14:00:59ID: BB  Data: 00 00 00 AA 00 00 00 00 
"
"2016-11-21 14:00:59ID: BC  Data: 00 00 00 AA 00 00 00 00 
"
"2016-11-21 14:00:59ID: BB  Data: 00 00 00 AA 00 00 00 00 
"
"2016-11-21 14:00:59ID: BC  Data: 00 00 00 AA 00 00 00 00 
"
"2016-11-21 14:00:59ID: BB  Data: 00 00 00 AA 00 00 00 00 
"
"2016-11-21 14:00:59ID: BC  Data: 00 00 00 AA 00 00 00 00 
"
"2016-11-21 14:00:59ID: BB  Data: 00 00 00 AA 00 00 00 00 
"
"2016-11-21 14:00:59ID: BC  Data: 00 00 00 AA 00 00 00 00 
"
"2016-11-21 14:00:59ID: BB  Data: 00 00 00 AA 00 00 00 00 
"
"2016-11-21 14:00:59ID: BC  Data: 00 00 00 AA 00 00 00 00 
"
"2016-11-21 14:00:59ID: BB  Data: 00 00 00 AA 00 00 00 00 
"
"2016-11-21 14:00:59ID: BC  Data: 00 00 00 AA 00 00 00 00 
"
"2016-11-21 14:00:59ID: BB  Data: 00 00 00 AA 00 00 00 00 
"
"2016-11-21 14:00:59ID: BC  Data: 00 00 00 AA 00 00 00 00 
"
"2016-11-21 14:00:59ID: BB  Data: 00 00 00 AA 00 00 00 00 
"
"2016-11-21 14:00:59ID: BC  Data: 00 00 00 AA 00 00 00 00 
"
"2016-11-21 14:00:59ID: BB  Data: 00 00 00 AA 00 00 00 00 
"
"2016-11-21 14:00:59ID: BC  Data: 00 00 00 AA 00 00 00 00 
"
"2016-11-21 14:00:59ID: BB  Data: 00 00 00 AA 00 00 00 00 
"
"2016-11-21 14:00:59ID: BC  Data: 00 00 00 AA 00 00 00 00 
"
"2016-11-21 14:01:00ID: BB  Data: 00 00 00 AA 00 00 00 00 
"
"2016-11-21 14:01:00ID: BC  Data: 00 00 00 AA 00 00 00 00 
"
"2016-11-21 14:01:00ID: BB  Data: 00 00 00 AA 00 00 00 00 
"
"2016-11-21 14:01:00ID: BC  Data: 00 00 00 AA 00 00 00 00 
"
"2016-11-21 14:01:00ID: BB  Data: 00 00 00 AA 00 00 00 00 
"
"2016-11-21 14:01:00ID: BC  Data: 00 00 00 AA 00 00 00 00 
"
"2016-11-21 14:01:00ID: BB  Data: 00 00 00 AA 00 00 00 00 
"
"2016-11-21 14:01:00ID: BC  Data: 00 00 00 AA 00 00 00 00 
"
"2016-11-21 14:01:00ID: BB  Data: 00 00 00 AA 00 00 00 00 
"
"2016-11-21 14:01:00ID: BC  Data: 00 00 00 AA 00 00 00 00 
"
"2016-11-21 14:01:00ID: BB  Data: 00 00 00 AA 00 00 00 00 
"
"2016-11-21 14:01:00ID: BC  Data: 00 00 00 AA 00 00 00 00 
"
"2016-11-21 14:01:00ID: BB  Data: 00 00 00 AA 00 00 00 00 
"
"2016-11-21 14:01:00ID: BC  Data: 00 00 00 AA 00 00 00 00 
"
"2016-11-21 14:01:00ID: BB  Data: 00 00 00 AA 00 00 00 00 
"
"2016-11-21 14:01:00ID: BC  Data: 00 00 00 AA 00 00 00 00 
"
"2016-11-21 14:01:00ID: BB  Data: 00 00 00 AA 00 00 00 00 
"
"2016-11-21 14:01:00ID: BC  Data: 00 00 00 AA 00 00 00 00 
"
"2016-11-21 14:01:00ID: BB  Data: 00 00 00 AA 00 00 00 00 
"
"2016-11-21 14:01:00ID: BC  Data: 00 00 00 AA 00 00 00 00 
"
"2016-11-21 14:01:00ID: BB  Data: 00 00 00 AA 00 00 00 00 
"
"2016-11-21 14:01:00ID: BC  Data: 00 00 00 AA 00 00 00 00 
"
"2016-11-21 14:01:00ID: BB  Data: 00 00 00 AA 00 00 00 00 
"
"2016-11-21 14:01:01ID: BC  Data: 00 00 00 AA 00 00 00 00 
"
"2016-11-21 14:01:01ID: BB  Data: 00 00 00 AA 00 00 00 00 
"
"2016-11-21 14:01:01ID: BC  Data: 00 00 00 AA 00 00 00 00 
"
"2016-11-21 14:01:01ID: BB  Data: 00 00 00 AA 00 00 00 00 
"
"2016-11-21 14:01:01ID: BC  Data: 00 00 00 AA 00 00 00 00 
"
"2016-11-21 14:01:01ID: BB  Data: 00 00 00 AA 00 00 00 00 
"
"2016-11-21 14:01:01ID: BC  Data: 00 00 00 AA 00 00 00 00 
"
"2016-11-21 14:01:01ID: BB  Data: 00 00 00 AA 00 00 00 00 
"
"2016-11-21 14:01:01ID: BC  Data: 00 00 00 AA 00 00 00 00 
"
"2016-11-21 14:01:01ID: BB  Data: 00 00 00 AA 00 00 00 00 
"
"2016-11-21 14:01:01ID: BC  Data: 00 00 00 AA 00 00 00 00 
"
"2016-11-21 14:01:01ID: BB  Data: 00 00 00 AA 00 00 00 00 
"
"2016-11-21 14:01:01ID: BC  Data: 00 00 00 AA 00 00 00 00 
"
"2016-11-21 14:01:01ID: BB  Data: 00 00 00 AA 00 00 00 00 
"
"2016-11-21 14:01:01ID: BC  Data: 00 00 00 AA 00 00 00 00 
"
"2016-11-21 14:01:01ID: BB  Data: 00 00 00 AA 00 00 00 00 
"
"2016-11-21 14:01:01ID: BC  Data: 00 00 00 AA 00 00 00 00 
"
"2016-11-21 14:01:01ID: BB  Data: 00 00 00 AA 00 00 00 00 
"
"2016-11-21 14:01:01ID: BC  Data: 00 00 00 AA 00 00 00 00 
"
"2016-11-21 14:01:01ID: BB  Data: 00 00 00 AA 00 00 00 00 
"
"2016-11-21 14:01:01ID: BC  Data: 00 00 00 AA 00 00 00 00 
"
"2016-11-21 14:01:01ID: BB  Data: 00 00 00 AA 00 00 00 00 
"
"2016-11-21 14:01:01ID: BC  Data: 00 00 00 AA 00 00 00 00 
"
"2016-11-21 14:01:02ID: BB  Data: 00 00 00 AA 00 00 00 00 
"
"2016-11-21 14:01:02ID: BC  Data: 00 00 00 AA 00 00 00 00 
"
"2016-11-21 14:01:02ID: BB  Data: 00 00 00 AA 00 00 00 00 
"
"2016-11-21 14:01:02ID: BC  Data: 00 00 00 AA 00 00 00 00 
"
"2016-11-21 14:01:02ID: BB  Data: 00 00 00 AA 00 00 00 00 
"
"2016-11-21 14:01:02ID: BC  Data: 00 00 00 AA 00 00 00 00 
"
"2016-11-21 14:01:02ID: BB  Data: 00 00 00 AA 00 00 00 00 
"
"2016-11-21 14:01:02ID: BC  Data: 00 00 00 AA 00 00 00 00 
"
"2016-11-21 14:01:02ID: BB  Data: 00 00 00 AA 00 00 00 00 
"
"2016-11-21 14:01:02ID: BC  Data: 00 00 00 AA 00 00 00 00 
"
"2016-11-21 14:01:02ID: BB  Data: 00 00 00 AA 00 00 00 00 
"
"2016-11-21 14:01:02ID: BC  Data: 00 00 00 AA 00 00 00 00 
"
"2016-11-21 14:01:02ID: BB  Data: 00 00 00 AA 00 00 00 00 
"
"2016-11-21 14:01:02ID: BC  Data: 00 00 00 AA 00 00 00 00 
"
"2016-11-21 14:01:02ID: BB  Data: 00 00 00 AA 00 00 00 00 
"
"2016-11-21 14:01:02ID: BC  Data: 00 00 00 AA 00 00 00 00 
"
"2016-11-21 14:01:02ID: BB  Data: 00 00 00 AA 00 00 00 00 
"
"2016-11-21 14:01:02ID: BC  Data: 00 00 00 AA 00 00 00 00 
"
"2016-11-21 14:01:02ID: BB  Data: 00 00 00 AA 00 00 00 00 
"
"2016-11-21 14:01:02ID: BC  Data: 00 00 00 AA 00 00 00 00 
"
"2016-11-21 14:01:02ID: BB  Data: 00 00 00 AA 00 00 00 00 
"
"2016-11-21 14:01:02ID: BC  Data: 00 00 00 AA 00 00 00 00 
"
"2016-11-21 14:01:03ID: BB  Data: 00 00 00 AA 00 00 00 00 
"
"2016-11-21 14:01:03ID: BC  Data: 00 00 00 AA 00 00 00 00 
"
"2016-11-21 14:01:03ID: BB  Data: 00 00 00 AA 00 00 00 00 
"
"2016-11-21 14:01:03ID: BC  Data: 00 00 00 AA 00 00 00 00 
"
"2016-11-21 14:01:03ID: BB  Data: 00 00 00 AA 00 00 00 00 
"
"2016-11-21 14:01:03ID: BC  Data: 00 00 00 AA 00 00 00 00 
"
"2016-11-21 14:01:03ID: BB  Data: 00 00 00 AA 00 00 00 00 
"
"2016-11-21 14:01:03ID: BC  Data: 00 00 00 AA 00 00 00 00 
"
"2016-11-21 14:01:03ID: BB  Data: 00 00 00 AA 00 00 00 00 
"
"2016-11-21 14:01:03ID: BC  Data: 00 00 00 AA 00 00 00 00 
"
"2016-11-21 14:01:03ID: BB  Data: 00 00 00 AA 00 00 00 00 
"
"2016-11-21 14:01:03ID: BC  Data: 00 00 00 AA 00 00 00 00 
"
"2016-11-21 14:01:03ID: BB  Data: 00 00 00 AA 00 00 00 00 
"
"2016-11-21 14:01:03ID: BC  Data: 00 00 00 AA 00 00 00 00 
"
"2016-11-21 14:01:03ID: BB  Data: 00 00 00 AA 00 00 00 00 
"
"2016-11-21 14:01:03ID: BC  Data: 00 00 00 AA 00 00 00 00 
"
"2016-11-21 14:01:03ID: BB  Data: 00 00 00 AA 00 00 00 00 
"
"2016-11-21 14:01:03ID: BC  Data: 00 00 00 AA 00 00 00 00 
"
"2016-11-21 14:01:03ID: BB  Data: 00 00 00 AA 00 00 00 00 
"
"2016-11-21 14:01:03ID: BC  Data: 00 00 00 AA 00 00 00 00 
"
"2016-11-21 14:01:03ID: BB  Data: 00 00 00 AA 00 00 00 00 
"
"2016-11-21 14:01:03ID: BC  Data: 00 00 00 AA 00 00 00 00 
"
"2016-11-21 14:01:03ID: BB  Data: 00 00 00 AA 00 00 00 00 
"
"2016-11-21 14:01:03ID: BC  Data: 00 00 00 AA 00 00 00 00 
"
"2016-11-21 14:01:04ID: BB  Data: 00 00 00 AA 00 00 00 00 
"
"2016-11-21 14:01:04ID: BC  Data: 00 00 00 AA 00 00 00 00 
"
"2016-11-21 14:01:04ID: BB  Data: 00 00 00 AA 00 00 00 00 
"
"2016-11-21 14:01:04ID: BC  Data: 00 00 00 AA 00 00 00 00 
"
"2016-11-21 14:01:04ID: BB  Data: 00 00 00 AA 00 00 00 00 
"
"2016-11-21 14:01:04ID: BC  Data: 00 00 00 AA 00 00 00 00 
"
"2016-11-21 14:01:04ID: BB  Data: 00 00 00 AA 00 00 00 00 
"
"2016-11-21 14:01:04ID: BC  Data: 00 00 00 AA 00 00 00 00 
"
"2016-11-21 14:01:04ID: BB  Data: 00 00 00 AA 00 00 00 00 
"
"2016-11-21 14:01:04ID: BC  Data: 00 00 00 AA 00 00 00 00 
"
"2016-11-21 14:01:04ID: BB  Data: 00 00 00 AA 00 00 00 00 
"
"2016-11-21 14:01:04ID: BC  Data: 00 00 00 AA 00 00 00 00 
"
"2016-11-21 14:01:04ID: BB  Data: 00 00 00 AA 00 00 00 00 
"
"2016-11-21 14:01:04ID: BC  Data: 00 00 00 AA 00 00 00 00 
"
"2016-11-21 14:01:04ID: BB  Data: 00 00 00 AA 00 00 00 00 
"
"2016-11-21 14:01:04ID: BC  Data: 00 00 00 AA 00 00 00 00 
"
"2016-11-21 14:01:04ID: BB  Data: 00 00 00 AA 00 00 00 00 
"
"2016-11-21 14:01:04ID: BC  Data: 00 00 00 AA 00 00 00 00 
"
"2016-11-21 14:01:04ID: BB  Data: 00 00 00 AA 00 00 00 00 
"
"2016-11-21 14:01:04ID: BC  Data: 00 00 00 AA 00 00 00 00 
"
"2016-11-21 14:01:04ID: BB  Data: 00 00 00 AA 00 00 00 00 
"
"2016-11-21 14:01:04ID: BC  Data: 00 00 00 AA 00 00 00 00 
"
"2016-11-21 14:01:05ID: BB  Data: 00 00 00 AA 00 00 00 00 
"
"2016-11-21 14:01:05ID: BC  Data: 00 00 00 AA 00 00 00 00 
"
"2016-11-21 14:01:05ID: BB  Data: 00 00 00 AA 00 00 00 00 
"
"2016-11-21 14:01:05ID: BC  Data: 00 00 00 AA 00 00 00 00 
"
"2016-11-21 14:01:05ID: BB  Data: 00 00 00 AA 00 00 00 00 
"
"2016-11-21 14:01:05ID: BC  Data: 00 00 00 AA 00 00 00 00 
"
"2016-11-21 14:01:05ID: BB  Data: 00 00 00 AA 00 00 00 00 
"
"2016-11-21 14:01:05ID: BC  Data: 00 00 00 AA 00 00 00 00 
"
"2016-11-21 14:01:05ID: BB  Data: 00 00 00 AA 00 00 00 00 
"
"2016-11-21 14:01:05ID: BC  Data: 00 00 00 AA 00 00 00 00 
"
"2016-11-21 14:01:05ID: BB  Data: 00 00 00 AA 00 00 00 00 
"
"2016-11-21 14:01:05ID: BC  Data: 00 00 00 AA 00 00 00 00 
"
"2016-11-21 14:01:05ID: BB  Data: 00 00 00 AA 00 00 00 00 
"
"2016-11-21 14:01:05ID: BC  Data: 00 00 00 AA 00 00 00 00 
"
"2016-11-21 14:01:05ID: BB  Data: 00 00 00 AA 00 00 00 00 
"
"2016-11-21 14:01:05ID: BC  Data: 00 00 00 AA 00 00 00 00 
"
"2016-11-21 14:01:05ID: BB  Data: 00 00 00 AA 00 00 00 00 
"
"2016-11-21 14:01:05ID: BC  Data: 00 00 00 AA 00 00 00 00 
"
"2016-11-21 14:01:05ID: BB  Data: 00 00 00 AA 00 00 00 00 
"
"2016-11-21 14:01:05ID: BC  Data: 00 00 00 AA 00 00 00 00 
"
"2016-11-21 14:01:05ID: BB  Data: 00 00 00 AA 00 00 00 00 
"
"2016-11-21 14:01:05ID: BC  Data: 00 00 00 AA 00 00 00 00 
"
"2016-11-21 14:01:06ID: BB  Data: 00 00 00 AA 00 00 00 00 
"
"2016-11-21 14:01:06ID: BC  Data: 00 00 00 AA 00 00 00 00 
"
"2016-11-21 14:01:06ID: BB  Data: 00 00 00 AA 00 00 00 00 
"
"2016-11-21 14:01:06ID: BC  Data: 00 00 00 AA 00 00 00 00 
"
"2016-11-21 14:01:06ID: BB  Data: 00 00 00 AA 00 00 00 00 
"
"2016-11-21 14:01:06ID: BC  Data: 00 00 00 AA 00 00 00 00 
"
"2016-11-21 14:01:06ID: BB  Data: 00 00 00 AA 00 00 00 00 
"
"2016-11-21 14:01:06ID: BC  Data: 00 00 00 AA 00 00 00 00 
"
"2016-11-21 14:01:06ID: BB  Data: 00 00 00 AA 00 00 00 00 
"
"2016-11-21 14:01:06ID: BC  Data: 00 00 00 AA 00 00 00 00 
"
"2016-11-21 14:01:06ID: BB  Data: 00 00 00 AA 00 00 00 00 
"
"2016-11-21 14:01:06ID: BC  Data: 00 00 00 AA 00 00 00 00 
"
"2016-11-21 14:01:06ID: BB  Data: 00 00 00 AA 00 00 00 00 
"
"2016-11-21 14:01:06ID: BC  Data: 00 00 00 AA 00 00 00 00 
"
"2016-11-21 14:01:06ID: BB  Data: 00 00 00 AA 00 00 00 00 
"
"2016-11-21 14:01:06ID: BC  Data: 00 00 00 AA 00 00 00 00 
"
"2016-11-21 14:01:06ID: BB  Data: 00 00 00 AA 00 00 00 00 
"
"2016-11-21 14:01:06ID: BC  Data: 00 00 00 AA 00 00 00 00 
"
"2016-11-21 14:01:06ID: BB  Data: 00 00 00 AA 00 00 00 00 
"
"2016-11-21 14:01:06ID: BC  Data: 00 00 00 AA 00 00 00 00 
"
"2016-11-21 14:01:06ID: BB  Data: 00 00 00 AA 00 00 00 00 
"
"2016-11-21 14:01:06ID: BC  Data: 00 00 00 AA 00 00 00 00 
"
"2016-11-21 14:01:06ID: BB  Data: 00 00 00 AA 00 00 00 00 
"
"2016-11-21 14:01:06ID: BC  Data: 00 00 00 AA 00 00 00 00 
"
"2016-11-21 14:01:07ID: BB  Data: 00 00 00 AA 00 00 00 00 
"
"2016-11-21 14:01:07ID: BC  Data: 00 00 00 AA 00 00 00 00 
"
"2016-11-21 14:01:07ID: BB  Data: 00 00 00 AA 00 00 00 00 
"
"2016-11-21 14:01:07ID: BC  Data: 00 00 00 AA 00 00 00 00 
"
"2016-11-21 14:01:07ID: BB  Data: 00 00 00 AA 00 00 00 00 
"
"2016-11-21 14:01:07ID: BC  Data: 00 00 00 AA 00 00 00 00 
"
"2016-11-21 14:01:07ID: BB  Data: 00 00 00 AA 00 00 00 00 
"
"2016-11-21 14:01:07ID: BC  Data: 00 00 00 AA 00 00 00 00 
"
"2016-11-21 14:01:07ID: BB  Data: 00 00 00 AA 00 00 00 00 
"
"2016-11-21 14:01:07ID: BC  Data: 00 00 00 AA 00 00 00 00 
"
"2016-11-21 14:01:07ID: BB  Data: 00 00 00 AA 00 00 00 00 
"
"2016-11-21 14:01:07ID: BC  Data: 00 00 00 AA 00 00 00 00 
"
"2016-11-21 14:01:07ID: BB  Data: 00 00 00 AA 00 00 00 00 
"
"2016-11-21 14:01:07ID: BC  Data: 00 00 00 AA 00 00 00 00 
"
"2016-11-21 14:01:07ID: BB  Data: 00 00 00 AA 00 00 00 00 
"
"2016-11-21 14:01:07ID: BC  Data: 00 00 00 AA 00 00 00 00 
"
"2016-11-21 14:01:07ID: BB  Data: 00 00 00 AA 00 00 00 00 
"
"2016-11-21 14:01:07ID: BC  Data: 00 00 00 AA 00 00 00 00 
"
"2016-11-21 14:01:07ID: BB  Data: 00 00 00 AA 00 00 00 00 
"
"2016-11-21 14:01:07ID: BC  Data: 00 00 00 AA 00 00 00 00 
"
"2016-11-21 14:01:07ID: BB  Data: 00 00 00 AA 00 00 00 00 
"
"2016-11-21 14:01:07ID: BC  Data: 00 00 00 AA 00 00 00 00 
"
"2016-11-21 14:01:08ID: BB  Data: 00 00 00 AA 00 00 00 00 
"
"2016-11-21 14:01:08ID: BC  Data: 00 00 00 AA 00 00 00 00 
"
"2016-11-21 14:01:08ID: BB  Data: 00 00 00 AA 00 00 00 00 
"
"2016-11-21 14:01:08ID: BC  Data: 00 00 00 AA 00 00 00 00 
"
"2016-11-21 14:01:08ID: BB  Data: 00 00 00 AA 00 00 00 00 
"
"2016-11-21 14:01:08ID: BC  Data: 00 00 00 AA 00 00 00 00 
"
"2016-11-21 14:01:08ID: BB  Data: 00 00 00 AA 00 00 00 00 
"
"2016-11-21 14:01:08ID: BC  Data: 00 00 00 AA 00 00 00 00 
"
"2016-11-21 14:01:08ID: BB  Data: 00 00 00 AA 00 00 00 00 
"
"2016-11-21 14:01:08ID: BC  Data: 00 00 00 AA 00 00 00 00 
"
"2016-11-21 14:01:08ID: BB  Data: 00 00 00 AA 00 00 00 00 
"
"2016-11-21 14:01:08ID: BC  Data: 00 00 00 AA 00 00 00 00 
"
"2016-11-21 14:01:08ID: BB  Data: 00 00 00 AA 00 00 00 00 
"
"2016-11-21 14:01:08ID: BC  Data: 00 00 00 AA 00 00 00 00 
"
"2016-11-21 14:01:08ID: BB  Data: 00 00 00 AA 00 00 00 00 
"
"2016-11-21 14:01:08ID: BC  Data: 00 00 00 AA 00 00 00 00 
"
"2016-11-21 14:01:08ID: BB  Data: 00 00 00 AA 00 00 00 00 
"
"2016-11-21 14:01:08ID: BC  Data: 00 00 00 AA 00 00 00 00 
"
"2016-11-21 14:01:08ID: BB  Data: 00 00 00 AA 00 00 00 00 
"
"2016-11-21 14:01:08ID: BC  Data: 00 00 00 AA 00 00 00 00 
"
"2016-11-21 14:01:08ID: BB  Data: 00 00 00 AA 00 00 00 00 
"
"2016-11-21 14:01:08ID: BC  Data: 00 00 00 AA 00 00 00 00 
"
"2016-11-21 14:01:08ID: BB  Data: 00 00 00 AA 00 00 00 00 
"
"2016-11-21 14:01:09ID: BC  Data: 00 00 00 AA 00 00 00 00 
"
"2016-11-21 14:01:09ID: BB  Data: 00 00 00 AA 00 00 00 00 
"
"2016-11-21 14:01:09ID: BC  Data: 00 00 00 AA 00 00 00 00 
"
"2016-11-21 14:01:09ID: BB  Data: 00 00 00 AA 00 00 00 00 
"
"2016-11-21 14:01:09ID: BC  Data: 00 00 00 AA 00 00 00 00 
"
"2016-11-21 14:01:09ID: BB  Data: 00 00 00 AA 00 00 00 00 
"
"2016-11-21 14:01:09ID: BC  Data: 00 00 00 AA 00 00 00 00 
"
"2016-11-21 14:01:09ID: BB  Data: 00 00 00 AA 00 00 00 00 
"
"2016-11-21 14:01:09ID: BC  Data: 00 00 00 AA 00 00 00 00 
"
"2016-11-21 14:01:09ID: BB  Data: 00 00 00 AA 00 00 00 00 
"
"2016-11-21 14:01:09ID: BC  Data: 00 00 00 AA 00 00 00 00 
"
"2016-11-21 14:01:09ID: BB  Data: 00 00 00 AA 00 00 00 00 
"
"2016-11-21 14:01:09ID: BC  Data: 00 00 00 AA 00 00 00 00 
"
"2016-11-21 14:01:09ID: BB  Data: 00 00 00 AA 00 00 00 00 
"
"2016-11-21 14:01:09ID: BC  Data: 00 00 00 AA 00 00 00 00 
"
"2016-11-21 14:01:09ID: BB  Data: 00 00 00 AA 00 00 00 00 
"
"2016-11-21 14:01:09ID: BC  Data: 00 00 00 AA 00 00 00 00 
"
"2016-11-21 14:01:09ID: BB  Data: 00 00 00 AA 00 00 00 00 
"
"2016-11-21 14:01:09ID: BC  Data: 00 00 00 AA 00 00 00 00 
"
"2016-11-21 14:01:09ID: BB  Data: 00 00 00 AA 00 00 00 00 
"
"2016-11-21 14:01:09ID: BC  Data: 00 00 00 AA 00 00 00 00 
"
"2016-11-21 14:01:09ID: BB  Data: 00 00 00 AA 00 00 00 00 
"
"2016-11-21 14:01:09ID: BC  Data: 00 00 00 AA 00 00 00 00 
"
"2016-11-21 14:01:10ID: BB  Data: 00 00 00 AA 00 00 00 00 
"
"2016-11-21 14:01:10ID: BC  Data: 00 00 00 AA 00 00 00 00 
"
"2016-11-21 14:01:10ID: BB  Data: 00 00 00 AA 00 00 00 00 
"
"2016-11-21 14:01:10ID: BC  Data: 00 00 00 AA 00 00 00 00 
"
"2016-11-21 14:01:10ID: BB  Data: 00 00 00 AA 00 00 00 00 
"
"2016-11-21 14:01:10ID: BC  Data: 00 00 00 AA 00 00 00 00 
"
"2016-11-21 14:01:10ID: BB  Data: 00 00 00 AA 00 00 00 00 
"
"2016-11-21 14:01:10ID: BC  Data: 00 00 00 AA 00 00 00 00 
"
"2016-11-21 14:01:10ID: BB  Data: 00 00 00 AA 00 00 00 00 
"
"2016-11-21 14:01:10ID: BC  Data: 00 00 00 AA 00 00 00 00 
"
"2016-11-21 14:01:10ID: BB  Data: 00 00 00 AA 00 00 00 00 
"
"2016-11-21 14:01:10ID: BC  Data: 00 00 00 AA 00 00 00 00 
"
"2016-11-21 14:01:10ID: BB  Data: 00 00 00 AA 00 00 00 00 
"
"2016-11-21 14:01:10ID: BC  Data: 00 00 00 AA 00 00 00 00 
"
"2016-11-21 14:01:10ID: BB  Data: 00 00 00 AA 00 00 00 00 
"
"2016-11-21 14:01:10ID: BC  Data: 00 00 00 AA 00 00 00 00 
"
"2016-11-21 14:01:10ID: BB  Data: 00 00 00 AA 00 00 00 00 
"
"2016-11-21 14:01:10ID: BC  Data: 00 00 00 AA 00 00 00 00 
"
"2016-11-21 14:01:10ID: BB  Data: 00 00 00 AA 00 00 00 00 
"
"2016-11-21 14:01:10ID: BC  Data: 00 00 00 AA 00 00 00 00 
"
"2016-11-21 14:01:10ID: BB  Data: 00 00 00 AA 00 00 00 00 
"
"2016-11-21 14:01:10ID: BC  Data: 00 00 00 AA 00 00 00 00 
"
"2016-11-21 14:01:11ID: BB  Data: 00 00 00 AA 00 00 00 00 
"
"2016-11-21 14:01:11ID: BC  Data: 00 00 00 AA 00 00 00 00 
"
"2016-11-21 14:01:11ID: BB  Data: 00 00 00 AA 00 00 00 00 
"
"2016-11-21 14:01:11ID: BC  Data: 00 00 00 AA 00 00 00 00 
"
"2016-11-21 14:01:11ID: BB  Data: 00 00 00 AA 00 00 00 00 
"
"2016-11-21 14:01:11ID: BC  Data: 00 00 00 AA 00 00 00 00 
"
"2016-11-21 14:01:11ID: BB  Data: 00 00 00 AA 00 00 00 00 
"
"2016-11-21 14:01:11ID: BC  Data: 00 00 00 AA 00 00 00 00 
"
"2016-11-21 14:01:11ID: BB  Data: 00 00 00 AA 00 00 00 00 
"
"2016-11-21 14:01:11ID: BC  Data: 00 00 00 AA 00 00 00 00 
"
"2016-11-21 14:01:11ID: BB  Data: 00 00 00 AA 00 00 00 00 
"
"2016-11-21 14:01:11ID: BC  Data: 00 00 00 AA 00 00 00 00 
"
"2016-11-21 14:01:11ID: BB  Data: 00 00 00 AA 00 00 00 00 
"
"2016-11-21 14:01:11ID: BC  Data: 00 00 00 AA 00 00 00 00 
"
"2016-11-21 14:01:11ID: BB  Data: 00 00 00 AA 00 00 00 00 
"
"2016-11-21 14:01:11ID: BC  Data: 00 00 00 AA 00 00 00 00 
"
"2016-11-21 14:01:11ID: BB  Data: 00 00 00 AA 00 00 00 00 
"
"2016-11-21 14:01:11ID: BC  Data: 00 00 00 AA 00 00 00 00 
"
"2016-11-21 14:01:11ID: BB  Data: 00 00 00 AA 00 00 00 00 
"
"2016-11-21 14:01:11ID: BC  Data: 00 00 00 AA 00 00 00 00 
"
"2016-11-21 14:01:11ID: BB  Data: 00 00 00 AA 00 00 00 00 
"
"2016-11-21 14:01:11ID: BC  Data: 00 00 00 AA 00 00 00 00 
"
"2016-11-21 14:01:11ID: BB  Data: 00 00 00 AA 00 00 00 00 
"
"2016-11-21 14:01:11ID: BC  Data: 00 00 00 AA 00 00 00 00 
"
"2016-11-21 14:01:12ID: BB  Data: 00 00 00 AA 00 00 00 00 
"
"2016-11-21 14:01:12ID: BC  Data: 00 00 00 AA 00 00 00 00 
"
"2016-11-21 14:01:12ID: BB  Data: 00 00 00 AA 00 00 00 00 
"
"2016-11-21 14:01:12ID: BC  Data: 00 00 00 AA 00 00 00 00 
"
"2016-11-21 14:01:12ID: BB  Data: 00 00 00 AA 00 00 00 00 
"
"2016-11-21 14:01:12ID: BC  Data: 00 00 00 AA 00 00 00 00 
"
"2016-11-21 14:01:12ID: BB  Data: 00 00 00 AA 00 00 00 00 
"
"2016-11-21 14:01:12ID: BC  Data: 00 00 00 AA 00 00 00 00 
"
"2016-11-21 14:01:12ID: BB  Data: 00 00 00 AA 00 00 00 00 
"
"2016-11-21 14:01:12ID: BC  Data: 00 00 00 AA 00 00 00 00 
"
"2016-11-21 14:01:12ID: BB  Data: 00 00 00 AA 00 00 00 00 
"
"2016-11-21 14:01:12ID: BC  Data: 00 00 00 AA 00 00 00 00 
"
"2016-11-21 14:01:12ID: BB  Data: 00 00 00 AA 00 00 00 00 
"
"2016-11-21 14:01:12ID: BC  Data: 00 00 00 AA 00 00 00 00 
"
"2016-11-21 14:01:12ID: BB  Data: 00 00 00 AA 00 00 00 00 
"
"2016-11-21 14:01:12ID: BC  Data: 00 00 00 AA 00 00 00 00 
"
"2016-11-21 14:01:12ID: BB  Data: 00 00 00 AA 00 00 00 00 
"
"2016-11-21 14:01:12ID: BC  Data: 00 00 00 AA 00 00 00 00 
"
"2016-11-21 14:01:12ID: BB  Data: 00 00 00 AA 00 00 00 00 
"
"2016-11-21 14:01:12ID: BC  Data: 00 00 00 AA 00 00 00 00 
"
"2016-11-21 14:01:12ID: BB  Data: 00 00 00 AA 00 00 00 00 
"
"2016-11-21 14:01:12ID: BC  Data: 00 00 00 AA 00 00 00 00 
"
"2016-11-21 14:01:13ID: BB  Data: 00 00 00 AA 00 00 00 00 
"
"2016-11-21 14:01:13ID: BC  Data: 00 00 00 AA 00 00 00 00 
"
"2016-11-21 14:01:13ID: BB  Data: 00 00 00 AA 00 00 00 00 
"
"2016-11-21 14:01:13ID: BC  Data: 00 00 00 AA 00 00 00 00 
"
"2016-11-21 14:01:13ID: BB  Data: 00 00 00 AA 00 00 00 00 
"
"2016-11-21 14:01:13ID: BC  Data: 00 00 00 AA 00 00 00 00 
"
"2016-11-21 14:01:13ID: BB  Data: 00 00 00 AA 00 00 00 00 
"
"2016-11-21 14:01:13ID: BC  Data: 00 00 00 AA 00 00 00 00 
"
"2016-11-21 14:01:13ID: BB  Data: 00 00 00 AA 00 00 00 00 
"
"2016-11-21 14:01:13ID: BC  Data: 00 00 00 AA 00 00 00 00 
"
"2016-11-21 14:01:13ID: BB  Data: 00 00 00 AA 00 00 00 00 
"
"2016-11-21 14:01:13ID: BC  Data: 00 00 00 AA 00 00 00 00 
"
"2016-11-21 14:01:13ID: BB  Data: 00 00 00 AA 00 00 00 00 
"
"2016-11-21 14:01:13ID: BC  Data: 00 00 00 AA 00 00 00 00 
"
"2016-11-21 14:01:13ID: BB  Data: 00 00 00 AA 00 00 00 00 
"
"2016-11-21 14:01:13ID: BC  Data: 00 00 00 AA 00 00 00 00 
"
"2016-11-21 14:01:13ID: BB  Data: 00 00 00 AA 00 00 00 00 
"
"2016-11-21 14:01:13ID: BC  Data: 00 00 00 AA 00 00 00 00 
"
"2016-11-21 14:01:13ID: BB  Data: 00 00 00 AA 00 00 00 00 
"
"2016-11-21 14:01:13ID: BC  Data: 00 00 00 AA 00 00 00 00 
"
"2016-11-21 14:01:13ID: BB  Data: 00 00 00 AA 00 00 00 00 
"
"2016-11-21 14:01:13ID: BC  Data: 00 00 00 AA 00 00 00 00 
"
"2016-11-21 14:01:14ID: BB  Data: 00 00 00 AA 00 00 00 00 
"
"2016-11-21 14:01:14ID: BC  Data: 00 00 00 AA 00 00 00 00 
"
"2016-11-21 14:01:14ID: BB  Data: 00 00 00 AA 00 00 00 00 
"
"2016-11-21 14:01:14ID: BC  Data: 00 00 00 AA 00 00 00 00 
"
"2016-11-21 14:01:14ID: BB  Data: 00 00 00 AA 00 00 00 00 
"
"2016-11-21 14:01:14ID: BC  Data: 00 00 00 AA 00 00 00 00 
"
"2016-11-21 14:01:14ID: BB  Data: 00 00 00 AA 00 00 00 00 
"
"2016-11-21 14:01:14ID: BC  Data: 00 00 00 AA 00 00 00 00 
"
"2016-11-21 14:01:14ID: BB  Data: 00 00 00 AA 00 00 00 00 
"
"2016-11-21 14:01:14ID: BC  Data: 00 00 00 AA 00 00 00 00 
"
"2016-11-21 14:01:14ID: BB  Data: 00 00 00 AA 00 00 00 00 
"
"2016-11-21 14:01:14ID: BC  Data: 00 00 00 AA 00 00 00 00 
"
"2016-11-21 14:01:14ID: BB  Data: 00 00 00 AA 00 00 00 00 
"
"2016-11-21 14:01:14ID: BC  Data: 00 00 00 AA 00 00 00 00 
"
"2016-11-21 14:01:14ID: BB  Data: 00 00 00 AA 00 00 00 00 
"
"2016-11-21 14:01:14ID: BC  Data: 00 00 00 AA 00 00 00 00 
"
"2016-11-21 14:01:14ID: BB  Data: 00 00 00 AA 00 00 00 00 
"
"2016-11-21 14:01:14ID: BC  Data: 00 00 00 AA 00 00 00 00 
"
"2016-11-21 14:01:14ID: BB  Data: 00 00 00 AA 00 00 00 00 
"
"2016-11-21 14:01:14ID: BC  Data: 00 00 00 AA 00 00 00 00 
"
"2016-11-21 14:01:14ID: BB  Data: 00 00 00 AA 00 00 00 00 
"
"2016-11-21 14:01:14ID: BC  Data: 00 00 00 AA 00 00 00 00 
"
"2016-11-21 14:01:14ID: BB  Data: 00 00 00 AA 00 00 00 00 
"
"2016-11-21 14:01:14ID: BC  Data: 00 00 00 AA 00 00 00 00 
"
"2016-11-21 14:01:15ID: BB  Data: 00 00 00 AA 00 00 00 00 
"
"2016-11-21 14:01:15ID: BC  Data: 00 00 00 AA 00 00 00 00 
"
"2016-11-21 14:01:15ID: BB  Data: 00 00 00 AA 00 00 00 00 
"
"2016-11-21 14:01:15ID: BC  Data: 00 00 00 AA 00 00 00 00 
"
"2016-11-21 14:01:15ID: BB  Data: 00 00 00 AA 00 00 00 00 
"
"2016-11-21 14:01:15ID: BC  Data: 00 00 00 AA 00 00 00 00 
"
"2016-11-21 14:01:15ID: BB  Data: 00 00 00 AA 00 00 00 00 
"
"2016-11-21 14:01:15ID: BC  Data: 00 00 00 AA 00 00 00 00 
"
"2016-11-21 14:01:15ID: BB  Data: 00 00 00 AA 00 00 00 00 
"
"2016-11-21 14:01:15ID: BC  Data: 00 00 00 AA 00 00 00 00 
"
"2016-11-21 14:01:15ID: BB  Data: 00 00 00 AA 00 00 00 00 
"
"2016-11-21 14:01:15ID: BC  Data: 00 00 00 AA 00 00 00 00 
"
"2016-11-21 14:01:15ID: BB  Data: 00 00 00 AA 00 00 00 00 
"
"2016-11-21 14:01:15ID: BC  Data: 00 00 00 AA 00 00 00 00 
"
"2016-11-21 14:01:15ID: BB  Data: 00 00 00 AA 00 00 00 00 
"
"2016-11-21 14:01:15ID: BC  Data: 00 00 00 AA 00 00 00 00 
"
"2016-11-21 14:01:15ID: BB  Data: 00 00 00 AA 00 00 00 00 
"
"2016-11-21 14:01:15ID: BC  Data: 00 00 00 AA 00 00 00 00 
"
"2016-11-21 14:01:15ID: BB  Data: 00 00 00 AA 00 00 00 00 
"
"2016-11-21 14:01:15ID: BC  Data: 00 00 00 AA 00 00 00 00 
"
"2016-11-21 14:01:15ID: BB  Data: 00 00 00 AA 00 00 00 00 
"
"2016-11-21 14:01:15ID: BC  Data: 00 00 00 AA 00 00 00 00 
"
"2016-11-21 14:01:16ID: BB  Data: 00 00 00 AA 00 00 00 00 
"
"2016-11-21 14:01:16ID: BC  Data: 00 00 00 AA 00 00 00 00 
"
"2016-11-21 14:01:16ID: BB  Data: 00 00 00 AA 00 00 00 00 
"
"2016-11-21 14:01:16ID: BC  Data: 00 00 00 AA 00 00 00 00 
"
"2016-11-21 14:01:16ID: BB  Data: 00 00 00 AA 00 00 00 00 
"
"2016-11-21 14:01:16ID: BC  Data: 00 00 00 AA 00 00 00 00 
"
"2016-11-21 14:01:16ID: BB  Data: 00 00 00 AA 00 00 00 00 
"
"2016-11-21 14:01:16ID: BC  Data: 00 00 00 AA 00 00 00 00 
"
"2016-11-21 14:01:16ID: BB  Data: 00 00 00 AA 00 00 00 00 
"
"2016-11-21 14:01:16ID: BC  Data: 00 00 00 AA 00 00 00 00 
"
"2016-11-21 14:01:16ID: BB  Data: 00 00 00 AA 00 00 00 00 
"
"2016-11-21 14:01:16ID: BC  Data: 00 00 00 AA 00 00 00 00 
"
"2016-11-21 14:01:16ID: BB  Data: 00 00 00 AA 00 00 00 00 
"
"2016-11-21 14:01:16ID: BC  Data: 00 00 00 AA 00 00 00 00 
"
"2016-11-21 14:01:16ID: BB  Data: 00 00 00 AA 00 00 00 00 
"
"2016-11-21 14:01:16ID: BC  Data: 00 00 00 AA 00 00 00 00 
"
"2016-11-21 14:01:16ID: BB  Data: 00 00 00 AA 00 00 00 00 
"
"2016-11-21 14:01:16ID: BC  Data: 00 00 00 AA 00 00 00 00 
"
"2016-11-21 14:01:16ID: BB  Data: 00 00 00 AA 00 00 00 00 
"
"2016-11-21 14:01:16ID: BC  Data: 00 00 00 AA 00 00 00 00 
"
"2016-11-21 14:01:16ID: BB  Data: 00 00 00 AA 00 00 00 00 
"
"2016-11-21 14:01:16ID: BC  Data: 00 00 00 AA 00 00 00 00 
"
"2016-11-21 14:01:17ID: BB  Data: 00 00 00 AA 00 00 00 00 
"
"2016-11-21 14:01:17ID: BC  Data: 00 00 00 AA 00 00 00 00 
"
"2016-11-21 14:01:17ID: BB  Data: 00 00 00 AA 00 00 00 00 
"
"2016-11-21 14:01:17ID: BC  Data: 00 00 00 AA 00 00 00 00 
"
"2016-11-21 14:01:17ID: BB  Data: 00 00 00 AA 00 00 00 00 
"
"2016-11-21 14:01:17ID: BC  Data: 00 00 00 AA 00 00 00 00 
"
"2016-11-21 14:01:17ID: BB  Data: 00 00 00 AA 00 00 00 00 
"
"2016-11-21 14:01:17ID: BC  Data: 00 00 00 AA 00 00 00 00 
"
"2016-11-21 14:01:17ID: BB  Data: 00 00 00 AA 00 00 00 00 
"
"2016-11-21 14:01:17ID: BC  Data: 00 00 00 AA 00 00 00 00 
"
"2016-11-21 14:01:17ID: BB  Data: 00 00 00 AA 00 00 00 00 
"
"2016-11-21 14:01:17ID: BC  Data: 00 00 00 AA 00 00 00 00 
"
"2016-11-21 14:01:17ID: BB  Data: 00 00 00 AA 00 00 00 00 
"
"2016-11-21 14:01:17ID: BC  Data: 00 00 00 AA 00 00 00 00 
"
"2016-11-21 14:01:17ID: BB  Data: 00 00 00 AA 00 00 00 00 
"
"2016-11-21 14:01:17ID: BC  Data: 00 00 00 AA 00 00 00 00 
"
"2016-11-21 14:01:17ID: BB  Data: 00 00 00 AA 00 00 00 00 
"
"2016-11-21 14:01:17ID: BC  Data: 00 00 00 AA 00 00 00 00 
"
"2016-11-21 14:01:17ID: BB  Data: 00 00 00 AA 00 00 00 00 
"
"2016-11-21 14:01:17ID: BC  Data: 00 00 00 AA 00 00 00 00 
"
"2016-11-21 14:01:17ID: BB  Data: 00 00 00 AA 00 00 00 00 
"
"2016-11-21 14:01:17ID: BC  Data: 00 00 00 AA 00 00 00 00 
"
"2016-11-21 14:01:17ID: BB  Data: 00 00 00 AA 00 00 00 00 
"
"2016-11-21 14:01:17ID: BC  Data: 00 00 00 AA 00 00 00 00 
"
"2016-11-21 14:01:18ID: BB  Data: 00 00 00 AA 00 00 00 00 
"
"2016-11-21 14:01:18ID: BC  Data: 00 00 00 AA 00 00 00 00 
"
"2016-11-21 14:01:18ID: BB  Data: 00 00 00 AA 00 00 00 00 
"
"2016-11-21 14:01:18ID: BC  Data: 00 00 00 AA 00 00 00 00 
"
"2016-11-21 14:01:18ID: BB  Data: 00 00 00 AA 00 00 00 00 
"
"2016-11-21 14:01:18ID: BC  Data: 00 00 00 AA 00 00 00 00 
"
"2016-11-21 14:01:18ID: BB  Data: 00 00 00 AA 00 00 00 00 
"
"2016-11-21 14:01:18ID: BC  Data: 00 00 00 AA 00 00 00 00 
"
"2016-11-21 14:01:18ID: BB  Data: 00 00 00 AA 00 00 00 00 
"
"2016-11-21 14:01:18ID: BC  Data: 00 00 00 AA 00 00 00 00 
"
"2016-11-21 14:01:18ID: BB  Data: 00 00 00 AA 00 00 00 00 
"
"2016-11-21 14:01:18ID: BC  Data: 00 00 00 AA 00 00 00 00 
"
"2016-11-21 14:01:18ID: BB  Data: 00 00 00 AA 00 00 00 00 
"
"2016-11-21 14:01:18ID: BC  Data: 00 00 00 AA 00 00 00 00 
"
"2016-11-21 14:01:18ID: BB  Data: 00 00 00 AA 00 00 00 00 
"
"2016-11-21 14:01:18ID: BC  Data: 00 00 00 AA 00 00 00 00 
"
"2016-11-21 14:01:18ID: BB  Data: 00 00 00 AA 00 00 00 00 
"
"2016-11-21 14:01:18ID: BC  Data: 00 00 00 AA 00 00 00 00 
"
"2016-11-21 14:01:18ID: BB  Data: 00 00 00 AA 00 00 00 00 
"
"2016-11-21 14:01:18ID: BC  Data: 00 00 00 AA 00 00 00 00 
"
"2016-11-21 14:01:18ID: BB  Data: 00 00 00 AA 00 00 00 00 
"
"2016-11-21 14:01:18ID: BC  Data: 00 00 00 AA 00 00 00 00 
"
"2016-11-21 14:01:19ID: BB  Data: 00 00 00 AA 00 00 00 00 
"
"2016-11-21 14:01:19ID: BC  Data: 00 00 00 AA 00 00 00 00 
"
"2016-11-21 14:01:19ID: BB  Data: 00 00 00 AA 00 00 00 00 
"
"2016-11-21 14:01:19ID: BC  Data: 00 00 00 AA 00 00 00 00 
"
"2016-11-21 14:01:19ID: BB  Data: 00 00 00 AA 00 00 00 00 
"
"2016-11-21 14:01:19ID: BC  Data: 00 00 00 AA 00 00 00 00 
"
"2016-11-21 14:01:19ID: BB  Data: 00 00 00 AA 00 00 00 00 
"
"2016-11-21 14:01:19ID: BC  Data: 00 00 00 AA 00 00 00 00 
"
"2016-11-21 14:01:19ID: BB  Data: 00 00 00 AA 00 00 00 00 
"
"2016-11-21 14:01:19ID: BC  Data: 00 00 00 AA 00 00 00 00 
"
"2016-11-21 14:01:19ID: BB  Data: 00 00 00 AA 00 00 00 00 
"
"2016-11-21 14:01:19ID: BC  Data: 00 00 00 AA 00 00 00 00 
"
"2016-11-21 14:01:19ID: BB  Data: 00 00 00 AA 00 00 00 00 
"
"2016-11-21 14:01:19ID: BC  Data: 00 00 00 AA 00 00 00 00 
"
"2016-11-21 14:01:19ID: BB  Data: 00 00 00 AA 00 00 00 00 
"
"2016-11-21 14:01:19ID: BC  Data: 00 00 00 AA 00 00 00 00 
"
"2016-11-21 14:01:19ID: BB  Data: 00 00 00 AA 00 00 00 00 
"
"2016-11-21 14:01:19ID: BC  Data: 00 00 00 AA 00 00 00 00 
"
"2016-11-21 14:01:19ID: BB  Data: 00 00 00 AA 00 00 00 00 
"
"2016-11-21 14:01:19ID: BC  Data: 00 00 00 AA 00 00 00 00 
"
"2016-11-21 14:01:19ID: BB  Data: 00 00 00 AA 00 00 00 00 
"
"2016-11-21 14:01:19ID: BC  Data: 00 00 00 AA 00 00 00 00 
"
"2016-11-21 14:01:19ID: BB  Data: 00 00 00 AA 00 00 00 00 
"
"2016-11-21 14:01:20ID: BC  Data: 00 00 00 AA 00 00 00 00 
"
"2016-11-21 14:01:20ID: BB  Data: 00 00 00 AA 00 00 00 00 
"
"2016-11-21 14:01:20ID: BC  Data: 00 00 00 AA 00 00 00 00 
"
"2016-11-21 14:01:20ID: BB  Data: 00 00 00 AA 00 00 00 00 
"
"2016-11-21 14:01:20ID: BC  Data: 00 00 00 AA 00 00 00 00 
"
"2016-11-21 14:01:20ID: BB  Data: 00 00 00 AA 00 00 00 00 
"
"2016-11-21 14:01:20ID: BC  Data: 00 00 00 AA 00 00 00 00 
"
"2016-11-21 14:01:20ID: BB  Data: 00 00 00 AA 00 00 00 00 
"
"2016-11-21 14:01:20ID: BC  Data: 00 00 00 AA 00 00 00 00 
"
"2016-11-21 14:01:20ID: BB  Data: 00 00 00 AA 00 00 00 00 
"
"2016-11-21 14:01:20ID: BC  Data: 00 00 00 AA 00 00 00 00 
"
"2016-11-21 14:01:20ID: BB  Data: 00 00 00 AA 00 00 00 00 
"
"2016-11-21 14:01:20ID: BC  Data: 00 00 00 AA 00 00 00 00 
"
"2016-11-21 14:01:20ID: BB  Data: 00 00 00 AA 00 00 00 00 
"
"2016-11-21 14:01:20ID: BC  Data: 00 00 00 AA 00 00 00 00 
"
"2016-11-21 14:01:20ID: BB  Data: 00 00 00 AA 00 00 00 00 
"
"2016-11-21 14:01:20ID: BC  Data: 00 00 00 AA 00 00 00 00 
"
"2016-11-21 14:01:20ID: BB  Data: 00 00 00 AA 00 00 00 00 
"
"2016-11-21 14:01:20ID: BC  Data: 00 00 00 AA 00 00 00 00 
"
"2016-11-21 14:01:20ID: BB  Data: 00 00 00 AA 00 00 00 00 
"
"2016-11-21 14:01:20ID: BC  Data: 00 00 00 AA 00 00 00 00 
"
"2016-11-21 14:01:20ID: BB  Data: 00 00 00 AA 00 00 00 00 
"
"2016-11-21 14:01:20ID: BC  Data: 00 00 00 AA 00 00 00 00 
"
"2016-11-21 14:01:21ID: BB  Data: 00 00 00 AA 00 00 00 00 
"
"2016-11-21 14:01:21ID: BC  Data: 00 00 00 AA 00 00 00 00 
"
"2016-11-21 14:01:21ID: BB  Data: 00 00 00 AA 00 00 00 00 
"
"2016-11-21 14:01:21ID: BC  Data: 00 00 00 AA 00 00 00 00 
"
"2016-11-21 14:01:21ID: BB  Data: 00 00 00 AA 00 00 00 00 
"
"2016-11-21 14:01:21ID: BC  Data: 00 00 00 AA 00 00 00 00 
"
"2016-11-21 14:01:21ID: BB  Data: 00 00 00 AA 00 00 00 00 
"
"2016-11-21 14:01:21ID: BC  Data: 00 00 00 AA 00 00 00 00 
"
"2016-11-21 14:01:21ID: BB  Data: 00 00 00 AA 00 00 00 00 
"
"2016-11-21 14:01:21ID: BC  Data: 00 00 00 AA 00 00 00 00 
"
"2016-11-21 14:01:21ID: BB  Data: 00 00 00 AA 00 00 00 00 
"
"2016-11-21 14:01:21ID: BC  Data: 00 00 00 AA 00 00 00 00 
"
"2016-11-21 14:01:21ID: BB  Data: 00 00 00 AA 00 00 00 00 
"
"2016-11-21 14:01:21ID: BC  Data: 00 00 00 AA 00 00 00 00 
"
"2016-11-21 14:01:21ID: BB  Data: 00 00 00 AA 00 00 00 00 
"
"2016-11-21 14:01:21ID: BC  Data: 00 00 00 AA 00 00 00 00 
"
"2016-11-21 14:01:21ID: BB  Data: 00 00 00 AA 00 00 00 00 
"
"2016-11-21 14:01:21ID: BC  Data: 00 00 00 AA 00 00 00 00 
"
"2016-11-21 14:01:21ID: BB  Data: 00 00 00 AA 00 00 00 00 
"
"2016-11-21 14:01:21ID: BC  Data: 00 00 00 AA 00 00 00 00 
"
"2016-11-21 14:01:21ID: BB  Data: 00 00 00 AA 00 00 00 00 
"
"2016-11-21 14:01:21ID: BC  Data: 00 00 00 AA 00 00 00 00 
"
"2016-11-21 14:01:22ID: BB  Data: 00 00 00 AA 00 00 00 00 
"
"2016-11-21 14:01:22ID: BC  Data: 00 00 00 AA 00 00 00 00 
"
"2016-11-21 14:01:22ID: BB  Data: 00 00 00 AA 00 00 00 00 
"
"2016-11-21 14:01:22ID: BC  Data: 00 00 00 AA 00 00 00 00 
"
"2016-11-21 14:01:22ID: BB  Data: 00 00 00 AA 00 00 00 00 
"
"2016-11-21 14:01:22ID: BC  Data: 00 00 00 AA 00 00 00 00 
"
"2016-11-21 14:01:22ID: BB  Data: 00 00 00 AA 00 00 00 00 
"
"2016-11-21 14:01:22ID: BC  Data: 00 00 00 AA 00 00 00 00 
"
"2016-11-21 14:01:22ID: BB  Data: 00 00 00 AA 00 00 00 00 
"
"2016-11-21 14:01:22ID: BC  Data: 00 00 00 AA 00 00 00 00 
"
"2016-11-21 14:01:22ID: BB  Data: 00 00 00 AA 00 00 00 00 
"
"2016-11-21 14:01:22ID: BC  Data: 00 00 00 AA 00 00 00 00 
"
"2016-11-21 14:01:22ID: BB  Data: 00 00 00 AA 00 00 00 00 
"
"2016-11-21 14:01:22ID: BC  Data: 00 00 00 AA 00 00 00 00 
"
"2016-11-21 14:01:22ID: BB  Data: 00 00 00 AA 00 00 00 00 
"
"2016-11-21 14:01:22ID: BC  Data: 00 00 00 AA 00 00 00 00 
"
"2016-11-21 14:01:22ID: BB  Data: 00 00 00 AA 00 00 00 00 
"
"2016-11-21 14:01:22ID: BC  Data: 00 00 00 AA 00 00 00 00 
"
"2016-11-21 14:01:22ID: BB  Data: 00 00 00 AA 00 00 00 00 
"
"2016-11-21 14:01:22ID: BC  Data: 00 00 00 AA 00 00 00 00 
"
"2016-11-21 14:01:22ID: BB  Data: 00 00 00 AA 00 00 00 00 
"
"2016-11-21 14:01:22ID: BC  Data: 00 00 00 AA 00 00 00 00 
"
"2016-11-21 14:01:22ID: BB  Data: 00 00 00 AA 00 00 00 00 
"
"2016-11-21 14:01:22ID: BC  Data: 00 00 00 AA 00 00 00 00 
"
"2016-11-21 14:01:23ID: BB  Data: 00 00 00 AA 00 00 00 00 
"
"2016-11-21 14:01:23ID: BC  Data: 00 00 00 AA 00 00 00 00 
"
"2016-11-21 14:01:23ID: BB  Data: 00 00 00 AA 00 00 00 00 
"
"2016-11-21 14:01:23ID: BC  Data: 00 00 00 AA 00 00 00 00 
"
"2016-11-21 14:01:23ID: BB  Data: 00 00 00 AA 00 00 00 00 
"
"2016-11-21 14:01:23ID: BC  Data: 00 00 00 AA 00 00 00 00 
"
"2016-11-21 14:01:23ID: BB  Data: 00 00 00 AA 00 00 00 00 
"
"2016-11-21 14:01:23ID: BC  Data: 00 00 00 AA 00 00 00 00 
"
"2016-11-21 14:01:23ID: BB  Data: 00 00 00 AA 00 00 00 00 
"
"2016-11-21 14:01:23ID: BC  Data: 00 00 00 AA 00 00 00 00 
"
"2016-11-21 14:01:23ID: BB  Data: 00 00 00 AA 00 00 00 00 
"
"2016-11-21 14:01:23ID: BC  Data: 00 00 00 AA 00 00 00 00 
"
"2016-11-21 14:01:23ID: BB  Data: 00 00 00 AA 00 00 00 00 
"
"2016-11-21 14:01:23ID: BC  Data: 00 00 00 AA 00 00 00 00 
"
"2016-11-21 14:01:23ID: BB  Data: 00 00 00 AA 00 00 00 00 
"
"2016-11-21 14:01:23ID: BC  Data: 00 00 00 AA 00 00 00 00 
"
"2016-11-21 14:01:23ID: BB  Data: 00 00 00 AA 00 00 00 00 
"
"2016-11-21 14:01:23ID: BC  Data: 00 00 00 AA 00 00 00 00 
"
"2016-11-21 14:01:23ID: BB  Data: 00 00 00 AA 00 00 00 00 
"
"2016-11-21 14:01:23ID: BC  Data: 00 00 00 AA 00 00 00 00 
"
"2016-11-21 14:01:23ID: BB  Data: 00 00 00 AA 00 00 00 00 
"
"2016-11-21 14:01:23ID: BC  Data: 00 00 00 AA 00 00 00 00 
"
"2016-11-21 14:01:24ID: BB  Data: 00 00 00 AA 00 00 00 00 
"
"2016-11-21 14:01:24ID: BC  Data: 00 00 00 AA 00 00 00 00 
"
"2016-11-21 14:01:24ID: BB  Data: 00 00 00 AA 00 00 00 00 
"
"2016-11-21 14:01:24ID: BC  Data: 00 00 00 AA 00 00 00 00 
"
"2016-11-21 14:01:24ID: BB  Data: 00 00 00 AA 00 00 00 00 
"
"2016-11-21 14:01:24ID: BC  Data: 00 00 00 AA 00 00 00 00 
"
"2016-11-21 14:01:24ID: BB  Data: 00 00 00 AA 00 00 00 00 
"
"2016-11-21 14:01:24ID: BC  Data: 00 00 00 AA 00 00 00 00 
"
"2016-11-21 14:01:24ID: BB  Data: 00 00 00 AA 00 00 00 00 
"
"2016-11-21 14:01:24ID: BC  Data: 00 00 00 AA 00 00 00 00 
"
"2016-11-21 14:01:24ID: BB  Data: 00 00 00 AA 00 00 00 00 
"
"2016-11-21 14:01:24ID: BC  Data: 00 00 00 AA 00 00 00 00 
"
"2016-11-21 14:01:24ID: BB  Data: 00 00 00 AA 00 00 00 00 
"
"2016-11-21 14:01:24ID: BC  Data: 00 00 00 AA 00 00 00 00 
"
"2016-11-21 14:01:24ID: BB  Data: 00 00 00 AA 00 00 00 00 
"
"2016-11-21 14:01:24ID: BC  Data: 00 00 00 AA 00 00 00 00 
"
"2016-11-21 14:01:24ID: BB  Data: 00 00 00 AA 00 00 00 00 
"
"2016-11-21 14:01:24ID: BC  Data: 00 00 00 AA 00 00 00 00 
"
"2016-11-21 14:01:24ID: BB  Data: 00 00 00 AA 00 00 00 00 
"
"2016-11-21 14:01:24ID: BC  Data: 00 00 00 AA 00 00 00 00 
"
"2016-11-21 14:01:24ID: BB  Data: 00 00 00 AA 00 00 00 00 
"
"2016-11-21 14:01:24ID: BC  Data: 00 00 00 AA 00 00 00 00 
"
"2016-11-21 14:01:25ID: BB  Data: 00 00 00 AA 00 00 00 00 
"
"2016-11-21 14:01:25ID: BC  Data: 00 00 00 AA 00 00 00 00 
"
"2016-11-21 14:01:25ID: BB  Data: 00 00 00 AA 00 00 00 00 
"
"2016-11-21 14:01:25ID: BC  Data: 00 00 00 AA 00 00 00 00 
"
"2016-11-21 14:01:25ID: BB  Data: 00 00 00 AA 00 00 00 00 
"
"2016-11-21 14:01:25ID: BC  Data: 00 00 00 AA 00 00 00 00 
"
"2016-11-21 14:01:25ID: BB  Data: 00 00 00 AA 00 00 00 00 
"
"2016-11-21 14:01:25ID: BC  Data: 00 00 00 AA 00 00 00 00 
"
"2016-11-21 14:01:25ID: BB  Data: 00 00 00 AA 00 00 00 00 
"
"2016-11-21 14:01:25ID: BC  Data: 00 00 00 AA 00 00 00 00 
"
"2016-11-21 14:01:25ID: BB  Data: 00 00 00 AA 00 00 00 00 
"
"2016-11-21 14:01:25ID: BC  Data: 00 00 00 AA 00 00 00 00 
"
"2016-11-21 14:01:25ID: BB  Data: 00 00 00 AA 00 00 00 00 
"
"2016-11-21 14:01:25ID: BC  Data: 00 00 00 AA 00 00 00 00 
"
"2016-11-21 14:01:25ID: BB  Data: 00 00 00 AA 00 00 00 00 
"
"2016-11-21 14:01:25ID: BC  Data: 00 00 00 AA 00 00 00 00 
"
"2016-11-21 14:01:25ID: BB  Data: 00 00 00 AA 00 00 00 00 
"
"2016-11-21 14:01:25ID: BC  Data: 00 00 00 AA 00 00 00 00 
"
"2016-11-21 14:01:25ID: BB  Data: 00 00 00 AA 00 00 00 00 
"
"2016-11-21 14:01:25ID: BC  Data: 00 00 00 AA 00 00 00 00 
"
"2016-11-21 14:01:25ID: BB  Data: 00 00 00 AA 00 00 00 00 
"
"2016-11-21 14:01:25ID: BC  Data: 00 00 00 AA 00 00 00 00 
"
"2016-11-21 14:01:25ID: BB  Data: 00 00 00 AA 00 00 00 00 
"
"2016-11-21 14:01:25ID: BC  Data: 00 00 00 AA 00 00 00 00 
"
"2016-11-21 14:01:26ID: BB  Data: 00 00 00 AA 00 00 00 00 
"
"2016-11-21 14:01:26ID: BC  Data: 00 00 00 AA 00 00 00 00 
"
"2016-11-21 14:01:26ID: BB  Data: 00 00 00 AA 00 00 00 00 
"
"2016-11-21 14:01:26ID: BC  Data: 00 00 00 AA 00 00 00 00 
"
"2016-11-21 14:01:26ID: BB  Data: 00 00 00 AA 00 00 00 00 
"
"2016-11-21 14:01:26ID: BC  Data: 00 00 00 AA 00 00 00 00 
"
"2016-11-21 14:01:26ID: BB  Data: 00 00 00 AA 00 00 00 00 
"
"2016-11-21 14:01:26ID: BC  Data: 00 00 00 AA 00 00 00 00 
"
"2016-11-21 14:01:26ID: BB  Data: 00 00 00 AA 00 00 00 00 
"
"2016-11-21 14:01:26ID: BC  Data: 00 00 00 AA 00 00 00 00 
"
"2016-11-21 14:01:26ID: BB  Data: 00 00 00 AA 00 00 00 00 
"
"2016-11-21 14:01:26ID: BC  Data: 00 00 00 AA 00 00 00 00 
"
"2016-11-21 14:01:26ID: BB  Data: 00 00 00 AA 00 00 00 00 
"
"2016-11-21 14:01:26ID: BC  Data: 00 00 00 AA 00 00 00 00 
"
"2016-11-21 14:01:26ID: BB  Data: 00 00 00 AA 00 00 00 00 
"
"2016-11-21 14:01:26ID: BC  Data: 00 00 00 AA 00 00 00 00 
"
"2016-11-21 14:01:26ID: BB  Data: 00 00 00 AA 00 00 00 00 
"
"2016-11-21 14:01:26ID: BC  Data: 00 00 00 AA 00 00 00 00 
"
"2016-11-21 14:01:26ID: BB  Data: 00 00 00 AA 00 00 00 00 
"
"2016-11-21 14:01:26ID: BC  Data: 00 00 00 AA 00 00 00 00 
"
"2016-11-21 14:01:26ID: BB  Data: 00 00 00 AA 00 00 00 00 
"
"2016-11-21 14:01:26ID: BC  Data: 00 00 00 AA 00 00 00 00 
"
"2016-11-21 14:01:27ID: BB  Data: 00 00 00 AA 00 00 00 00 
"
"2016-11-21 14:01:27ID: BC  Data: 00 00 00 AA 00 00 00 00 
"
"2016-11-21 14:01:27ID: BB  Data: 00 00 00 AA 00 00 00 00 
"
"2016-11-21 14:01:27ID: BC  Data: 00 00 00 AA 00 00 00 00 
"
"2016-11-21 14:01:27ID: BB  Data: 00 00 00 AA 00 00 00 00 
"
"2016-11-21 14:01:27ID: BC  Data: 00 00 00 AA 00 00 00 00 
"
"2016-11-21 14:01:27ID: BB  Data: 00 00 00 AA 00 00 00 00 
"
"2016-11-21 14:01:27ID: BC  Data: 00 00 00 AA 00 00 00 00 
"
"2016-11-21 14:01:27ID: BB  Data: 00 00 00 AA 00 00 00 00 
"
"2016-11-21 14:01:27ID: BC  Data: 00 00 00 AA 00 00 00 00 
"
"2016-11-21 14:01:27ID: BB  Data: 00 00 00 AA 00 00 00 00 
"
"2016-11-21 14:01:27ID: BC  Data: 00 00 00 AA 00 00 00 00 
"
"2016-11-21 14:01:27ID: BB  Data: 00 00 00 AA 00 00 00 00 
"
"2016-11-21 14:01:27ID: BC  Data: 00 00 00 AA 00 00 00 00 
"
"2016-11-21 14:01:27ID: BB  Data: 00 00 00 AA 00 00 00 00 
"
"2016-11-21 14:01:27ID: BC  Data: 00 00 00 AA 00 00 00 00 
"
"2016-11-21 14:01:27ID: BB  Data: 00 00 00 AA 00 00 00 00 
"
"2016-11-21 14:01:27ID: BC  Data: 00 00 00 AA 00 00 00 00 
"
"2016-11-21 14:01:27ID: BB  Data: 00 00 00 AA 00 00 00 00 
"
"2016-11-21 14:01:27ID: BC  Data: 00 00 00 AA 00 00 00 00 
"
"2016-11-21 14:01:27ID: BB  Data: 00 00 00 AA 00 00 00 00 
"
"2016-11-21 14:01:27ID: BC  Data: 00 00 00 AA 00 00 00 00 
"
"2016-11-21 14:01:28ID: BB  Data: 00 00 00 AA 00 00 00 00 
"
"2016-11-21 14:01:28ID: BC  Data: 00 00 00 AA 00 00 00 00 
"
"2016-11-21 14:01:28ID: BB  Data: 00 00 00 AA 00 00 00 00 
"
"2016-11-21 14:01:28ID: BC  Data: 00 00 00 AA 00 00 00 00 
"
"2016-11-21 14:01:28ID: BB  Data: 00 00 00 AA 00 00 00 00 
"
"2016-11-21 14:01:28ID: BC  Data: 00 00 00 AA 00 00 00 00 
"
"2016-11-21 14:01:28ID: BB  Data: 00 00 00 AA 00 00 00 00 
"
"2016-11-21 14:01:28ID: BC  Data: 00 00 00 AA 00 00 00 00 
"
"2016-11-21 14:01:28ID: BB  Data: 00 00 00 AA 00 00 00 00 
"
"2016-11-21 14:01:28ID: BC  Data: 00 00 00 AA 00 00 00 00 
"
"2016-11-21 14:01:28ID: BB  Data: 00 00 00 AA 00 00 00 00 
"
"2016-11-21 14:01:28ID: BC  Data: 00 00 00 AA 00 00 00 00 
"
"2016-11-21 14:01:28ID: BB  Data: 00 00 00 AA 00 00 00 00 
"
"2016-11-21 14:01:28ID: BC  Data: 00 00 00 AA 00 00 00 00 
"
"2016-11-21 14:01:28ID: BB  Data: 00 00 00 AA 00 00 00 00 
"
"2016-11-21 14:01:28ID: BC  Data: 00 00 00 AA 00 00 00 00 
"
"2016-11-21 14:01:28ID: BB  Data: 00 00 00 AA 00 00 00 00 
"
"2016-11-21 14:01:28ID: BC  Data: 00 00 00 AA 00 00 00 00 
"
"2016-11-21 14:01:28ID: BB  Data: 00 00 00 AA 00 00 00 00 
"
"2016-11-21 14:01:28ID: BC  Data: 00 00 00 AA 00 00 00 00 
"
"2016-11-21 14:01:28ID: BB  Data: 00 00 00 AA 00 00 00 00 
"
"2016-11-21 14:01:28ID: BC  Data: 00 00 00 AA 00 00 00 00 
"
"2016-11-21 14:01:28ID: BB  Data: 00 00 00 AA 00 00 00 00 
"
"2016-11-21 14:01:28ID: BC  Data: 00 00 00 AA 00 00 00 00 
"
"2016-11-21 14:01:29ID: BB  Data: 00 00 00 AA 00 00 00 00 
"
"2016-11-21 14:01:29ID: BC  Data: 00 00 00 AA 00 00 00 00 
"
"2016-11-21 14:01:29ID: BB  Data: 00 00 00 AA 00 00 00 00 
"
"2016-11-21 14:01:29ID: BC  Data: 00 00 00 AA 00 00 00 00 
"
"2016-11-21 14:01:29ID: BB  Data: 00 00 00 AA 00 00 00 00 
"
"2016-11-21 14:01:29ID: BC  Data: 00 00 00 AA 00 00 00 00 
"
"2016-11-21 14:01:29ID: BB  Data: 00 00 00 AA 00 00 00 00 
"
"2016-11-21 14:01:29ID: BC  Data: 00 00 00 AA 00 00 00 00 
"
"2016-11-21 14:01:29ID: BB  Data: 00 00 00 AA 00 00 00 00 
"
"2016-11-21 14:01:29ID: BC  Data: 00 00 00 AA 00 00 00 00 
"
"2016-11-21 14:01:29ID: BB  Data: 00 00 00 AA 00 00 00 00 
"
"2016-11-21 14:01:29ID: BC  Data: 00 00 00 AA 00 00 00 00 
"
"2016-11-21 14:01:29ID: BB  Data: 00 00 00 AA 00 00 00 00 
"
"2016-11-21 14:01:29ID: BC  Data: 00 00 00 AA 00 00 00 00 
"
"2016-11-21 14:01:29ID: BB  Data: 00 00 00 AA 00 00 00 00 
"
"2016-11-21 14:01:29ID: BC  Data: 00 00 00 AA 00 00 00 00 
"
"2016-11-21 14:01:29ID: BB  Data: 00 00 00 AA 00 00 00 00 
"
"2016-11-21 14:01:29ID: BC  Data: 00 00 00 AA 00 00 00 00 
"
"2016-11-21 14:01:29ID: BB  Data: 00 00 00 AA 00 00 00 00 
"
"2016-11-21 14:01:29ID: BC  Data: 00 00 00 AA 00 00 00 00 
"
"2016-11-21 14:01:29ID: BB  Data: 00 00 00 AA 00 00 00 00 
"
"2016-11-21 14:01:29ID: BC  Data: 00 00 00 AA 00 00 00 00 
"
"2016-11-21 14:01:30ID: BB  Data: 00 00 00 AA 00 00 00 00 
"
"2016-11-21 14:01:30ID: BC  Data: 00 00 00 AA 00 00 00 00 
"
"2016-11-21 14:01:30ID: BB  Data: 00 00 00 AA 00 00 00 00 
"
"2016-11-21 14:01:30ID: BC  Data: 00 00 00 AA 00 00 00 00 
"
"2016-11-21 14:01:30ID: BB  Data: 00 00 00 AA 00 00 00 00 
"
"2016-11-21 14:01:30ID: BC  Data: 00 00 00 AA 00 00 00 00 
"
"2016-11-21 14:01:30ID: BB  Data: 00 00 00 AA 00 00 00 00 
"
"2016-11-21 14:01:30ID: BC  Data: 00 00 00 AA 00 00 00 00 
"
"2016-11-21 14:01:30ID: BB  Data: 00 00 00 AA 00 00 00 00 
"
"2016-11-21 14:01:30ID: BC  Data: 00 00 00 AA 00 00 00 00 
"
"2016-11-21 14:01:30ID: BB  Data: 00 00 00 AA 00 00 00 00 
"
"2016-11-21 14:01:30ID: BC  Data: 00 00 00 AA 00 00 00 00 
"
"2016-11-21 14:01:30ID: BB  Data: 00 00 00 AA 00 00 00 00 
"
"2016-11-21 14:01:30ID: BC  Data: 00 00 00 AA 00 00 00 00 
"
"2016-11-21 14:01:30ID: BB  Data: 00 00 00 AA 00 00 00 00 
"
"2016-11-21 14:01:30ID: BC  Data: 00 00 00 AA 00 00 00 00 
"
"2016-11-21 14:01:30ID: BB  Data: 00 00 00 AA 00 00 00 00 
"
"2016-11-21 14:01:30ID: BC  Data: 00 00 00 AA 00 00 00 00 
"
"2016-11-21 14:01:30ID: BB  Data: 00 00 00 AA 00 00 00 00 
"
"2016-11-21 14:01:30ID: BC  Data: 00 00 00 AA 00 00 00 00 
"
"2016-11-21 14:01:30ID: BB  Data: 00 00 00 AA 00 00 00 00 
"
"2016-11-21 14:01:30ID: BC  Data: 00 00 00 AA 00 00 00 00 
"
"2016-11-21 14:01:30ID: BB  Data: 00 00 00 AA 00 00 00 00 
"
"2016-11-21 14:01:31ID: BC  Data: 00 00 00 AA 00 00 00 00 
"
"2016-11-21 14:01:31ID: BB  Data: 00 00 00 AA 00 00 00 00 
"
"2016-11-21 14:01:31ID: BC  Data: 00 00 00 AA 00 00 00 00 
"
"2016-11-21 14:01:31ID: BB  Data: 00 00 00 AA 00 00 00 00 
"
"2016-11-21 14:01:31ID: BC  Data: 00 00 00 AA 00 00 00 00 
"
"2016-11-21 14:01:31ID: BB  Data: 00 00 00 AA 00 00 00 00 
"
"2016-11-21 14:01:31ID: BC  Data: 00 00 00 AA 00 00 00 00 
"
"2016-11-21 14:01:31ID: BB  Data: 00 00 00 AA 00 00 00 00 
"
"2016-11-21 14:01:31ID: BC  Data: 00 00 00 AA 00 00 00 00 
"
"2016-11-21 14:01:31ID: BB  Data: 00 00 00 AA 00 00 00 00 
"
"2016-11-21 14:01:31ID: BC  Data: 00 00 00 AA 00 00 00 00 
"
"2016-11-21 14:01:31ID: BB  Data: 00 00 00 AA 00 00 00 00 
"
"2016-11-21 14:01:31ID: BC  Data: 00 00 00 AA 00 00 00 00 
"
"2016-11-21 14:01:31ID: BB  Data: 00 00 00 AA 00 00 00 00 
"
"2016-11-21 14:01:31ID: BC  Data: 00 00 00 AA 00 00 00 00 
"
"2016-11-21 14:01:31ID: BB  Data: 00 00 00 AA 00 00 00 00 
"
"2016-11-21 14:01:31ID: BC  Data: 00 00 00 AA 00 00 00 00 
"
"2016-11-21 14:01:31ID: BB  Data: 00 00 00 AA 00 00 00 00 
"
"2016-11-21 14:01:31ID: BC  Data: 00 00 00 AA 00 00 00 00 
"
"2016-11-21 14:01:31ID: BB  Data: 00 00 00 AA 00 00 00 00 
"
"2016-11-21 14:01:31ID: BC  Data: 00 00 00 AA 00 00 00 00 
"
"2016-11-21 14:01:31ID: BB  Data: 00 00 00 AA 00 00 00 00 
"
"2016-11-21 14:01:31ID: BC  Data: 00 00 00 AA 00 00 00 00 
"
"2016-11-21 14:01:32ID: BB  Data: 00 00 00 AA 00 00 00 00 
"
"2016-11-21 14:01:32ID: BC  Data: 00 00 00 AA 00 00 00 00 
"
"2016-11-21 14:01:32ID: BB  Data: 00 00 00 AA 00 00 00 00 
"
"2016-11-21 14:01:32ID: BC  Data: 00 00 00 AA 00 00 00 00 
"
"2016-11-21 14:01:32ID: BB  Data: 00 00 00 AA 00 00 00 00 
"
"2016-11-21 14:01:32ID: BC  Data: 00 00 00 AA 00 00 00 00 
"
"2016-11-21 14:01:32ID: BB  Data: 00 00 00 AA 00 00 00 00 
"
"2016-11-21 14:01:32ID: BC  Data: 00 00 00 AA 00 00 00 00 
"
"2016-11-21 14:01:32ID: BB  Data: 00 00 00 AA 00 00 00 00 
"
"2016-11-21 14:01:32ID: BC  Data: 00 00 00 AA 00 00 00 00 
"
"2016-11-21 14:01:32ID: BB  Data: 00 00 00 AA 00 00 00 00 
"
"2016-11-21 14:01:32ID: BC  Data: 00 00 00 AA 00 00 00 00 
"
"2016-11-21 14:01:32ID: BB  Data: 00 00 00 AA 00 00 00 00 
"
"2016-11-21 14:01:32ID: BC  Data: 00 00 00 AA 00 00 00 00 
"
"2016-11-21 14:01:32ID: BB  Data: 00 00 00 AA 00 00 00 00 
"
"2016-11-21 14:01:32ID: BC  Data: 00 00 00 AA 00 00 00 00 
"
"2016-11-21 14:01:32ID: BB  Data: 00 00 00 AA 00 00 00 00 
"
"2016-11-21 14:01:32ID: BC  Data: 00 00 00 AA 00 00 00 00 
"
"2016-11-21 14:01:32ID: BB  Data: 00 00 00 AA 00 00 00 00 
"
"2016-11-21 14:01:32ID: BC  Data: 00 00 00 AA 00 00 00 00 
"
"2016-11-21 14:01:32ID: BB  Data: 00 00 00 AA 00 00 00 00 
"
"2016-11-21 14:01:32ID: BC  Data: 00 00 00 AA 00 00 00 00 
"
"2016-11-21 14:01:33ID: BB  Data: 00 00 00 AA 00 00 00 00 
"
"2016-11-21 14:01:33ID: BC  Data: 00 00 00 AA 00 00 00 00 
"
"2016-11-21 14:01:33ID: BB  Data: 00 00 00 AA 00 00 00 00 
"
"2016-11-21 14:01:33ID: BC  Data: 00 00 00 AA 00 00 00 00 
"
"2016-11-21 14:01:33ID: BB  Data: 00 00 00 AA 00 00 00 00 
"
"2016-11-21 14:01:33ID: BC  Data: 00 00 00 AA 00 00 00 00 
"
"2016-11-21 14:01:33ID: BB  Data: 00 00 00 AA 00 00 00 00 
"
"2016-11-21 14:01:33ID: BC  Data: 00 00 00 AA 00 00 00 00 
"
"2016-11-21 14:01:33ID: BB  Data: 00 00 00 AA 00 00 00 00 
"
"2016-11-21 14:01:33ID: BC  Data: 00 00 00 AA 00 00 00 00 
"
"2016-11-21 14:01:33ID: BB  Data: 00 00 00 AA 00 00 00 00 
"
"2016-11-21 14:01:33ID: BC  Data: 00 00 00 AA 00 00 00 00 
"
"2016-11-21 14:01:33ID: BB  Data: 00 00 00 AA 00 00 00 00 
"
"2016-11-21 14:01:33ID: BC  Data: 00 00 00 AA 00 00 00 00 
"
"2016-11-21 14:01:33ID: BB  Data: 00 00 00 AA 00 00 00 00 
"
"2016-11-21 14:01:33ID: BC  Data: 00 00 00 AA 00 00 00 00 
"
"2016-11-21 14:01:33ID: BB  Data: 00 00 00 AA 00 00 00 00 
"
"2016-11-21 14:01:33ID: BC  Data: 00 00 00 AA 00 00 00 00 
"
"2016-11-21 14:01:33ID: BB  Data: 00 00 00 AA 00 00 00 00 
"
"2016-11-21 14:01:33ID: BC  Data: 00 00 00 AA 00 00 00 00 
"
"2016-11-21 14:01:33ID: BB  Data: 00 00 00 AA 00 00 00 00 
"
"2016-11-21 14:01:33ID: BC  Data: 00 00 00 AA 00 00 00 00 
"
"2016-11-21 14:01:33ID: BB  Data: 00 00 00 AA 00 00 00 00 
"
"2016-11-21 14:01:33ID: BC  Data: 00 00 00 AA 00 00 00 00 
"
"2016-11-21 14:01:34ID: BB  Data: 00 00 00 AA 00 00 00 00 
"
"2016-11-21 14:01:34ID: BC  Data: 00 00 00 AA 00 00 00 00 
"
"2016-11-21 14:01:34ID: BB  Data: 00 00 00 AA 00 00 00 00 
"
"2016-11-21 14:01:34ID: BC  Data: 00 00 00 AA 00 00 00 00 
"
"2016-11-21 14:01:34ID: BB  Data: 00 00 00 AA 00 00 00 00 
"
"2016-11-21 14:01:34ID: BC  Data: 00 00 00 AA 00 00 00 00 
"
"2016-11-21 14:01:34ID: BB  Data: 00 00 00 AA 00 00 00 00 
"
"2016-11-21 14:01:34ID: BC  Data: 00 00 00 AA 00 00 00 00 
"
"2016-11-21 14:01:34ID: BB  Data: 00 00 00 AA 00 00 00 00 
"
"2016-11-21 14:01:34ID: BC  Data: 00 00 00 AA 00 00 00 00 
"
"2016-11-21 14:01:34ID: BB  Data: 00 00 00 AA 00 00 00 00 
"
"2016-11-21 14:01:34ID: BC  Data: 00 00 00 AA 00 00 00 00 
"
"2016-11-21 14:01:34ID: BB  Data: 00 00 00 AA 00 00 00 00 
"
"2016-11-21 14:01:34ID: BC  Data: 00 00 00 AA 00 00 00 00 
"
"2016-11-21 14:01:34ID: BB  Data: 00 00 00 AA 00 00 00 00 
"
"2016-11-21 14:01:34ID: BC  Data: 00 00 00 AA 00 00 00 00 
"
"2016-11-21 14:01:34ID: BB  Data: 00 00 00 AA 00 00 00 00 
"
"2016-11-21 14:01:34ID: BC  Data: 00 00 00 AA 00 00 00 00 
"
"2016-11-21 14:01:34ID: BB  Data: 00 00 00 AA 00 00 00 00 
"
"2016-11-21 14:01:34ID: BC  Data: 00 00 00 AA 00 00 00 00 
"
"2016-11-21 14:01:34ID: BB  Data: 00 00 00 AA 00 00 00 00 
"
"2016-11-21 14:01:34ID: BC  Data: 00 00 00 AA 00 00 00 00 
"
"2016-11-21 14:01:35ID: BB  Data: 00 00 00 AA 00 00 00 00 
"
"2016-11-21 14:01:35ID: BC  Data: 00 00 00 AA 00 00 00 00 
"
"2016-11-21 14:01:35ID: BB  Data: 00 00 00 AA 00 00 00 00 
"
"2016-11-21 14:01:35ID: BC  Data: 00 00 00 AA 00 00 00 00 
"
"2016-11-21 14:01:35ID: BB  Data: 00 00 00 AA 00 00 00 00 
"
"2016-11-21 14:01:35ID: BC  Data: 00 00 00 AA 00 00 00 00 
"
"2016-11-21 14:01:35ID: BB  Data: 00 00 00 AA 00 00 00 00 
"
"2016-11-21 14:01:35ID: BC  Data: 00 00 00 AA 00 00 00 00 
"
"2016-11-21 14:01:35ID: BB  Data: 00 00 00 AA 00 00 00 00 
"
"2016-11-21 14:01:35ID: BC  Data: 00 00 00 AA 00 00 00 00 
"
"2016-11-21 14:01:35ID: BB  Data: 00 00 00 AA 00 00 00 00 
"
"2016-11-21 14:01:35ID: BC  Data: 00 00 00 AA 00 00 00 00 
"
"2016-11-21 14:01:35ID: BB  Data: 00 00 00 AA 00 00 00 00 
"
"2016-11-21 14:01:35ID: BC  Data: 00 00 00 AA 00 00 00 00 
"
"2016-11-21 14:01:35ID: BB  Data: 00 00 00 AA 00 00 00 00 
"
"2016-11-21 14:01:35ID: BC  Data: 00 00 00 AA 00 00 00 00 
"
"2016-11-21 14:01:35ID: BB  Data: 00 00 00 AA 00 00 00 00 
"
"2016-11-21 14:01:35ID: BC  Data: 00 00 00 AA 00 00 00 00 
"
"2016-11-21 14:01:35ID: BB  Data: 00 00 00 AA 00 00 00 00 
"
"2016-11-21 14:01:35ID: BC  Data: 00 00 00 AA 00 00 00 00 
"
"2016-11-21 14:01:35ID: BB  Data: 00 00 00 AA 00 00 00 00 
"
"2016-11-21 14:01:35ID: BC  Data: 00 00 00 AA 00 00 00 00 
"
"2016-11-21 14:01:36ID: BB  Data: 00 00 00 AA 00 00 00 00 
"
"2016-11-21 14:01:36ID: BC  Data: 00 00 00 AA 00 00 00 00 
"
"2016-11-21 14:01:36ID: BB  Data: 00 00 00 AA 00 00 00 00 
"
"2016-11-21 14:01:36ID: BC  Data: 00 00 00 AA 00 00 00 00 
"
"2016-11-21 14:01:36ID: BB  Data: 00 00 00 AA 00 00 00 00 
"
"2016-11-21 14:01:36ID: BC  Data: 00 00 00 AA 00 00 00 00 
"
"2016-11-21 14:01:36ID: BB  Data: 00 00 00 AA 00 00 00 00 
"
"2016-11-21 14:01:36ID: BC  Data: 00 00 00 AA 00 00 00 00 
"
"2016-11-21 14:01:36ID: BB  Data: 00 00 00 AA 00 00 00 00 
"
"2016-11-21 14:01:36ID: BC  Data: 00 00 00 AA 00 00 00 00 
"
"2016-11-21 14:01:36ID: BB  Data: 00 00 00 AA 00 00 00 00 
"
"2016-11-21 14:01:36ID: BC  Data: 00 00 00 AA 00 00 00 00 
"
"2016-11-21 14:01:36ID: BB  Data: 00 00 00 AA 00 00 00 00 
"
"2016-11-21 14:01:36ID: BC  Data: 00 00 00 AA 00 00 00 00 
"
"2016-11-21 14:01:36ID: BB  Data: 00 00 00 AA 00 00 00 00 
"
"2016-11-21 14:01:36ID: BC  Data: 00 00 00 AA 00 00 00 00 
"
"2016-11-21 14:01:36ID: BB  Data: 00 00 00 AA 00 00 00 00 
"
"2016-11-21 14:01:36ID: BC  Data: 00 00 00 AA 00 00 00 00 
"
"2016-11-21 14:01:36ID: BB  Data: 00 00 00 AA 00 00 00 00 
"
"2016-11-21 14:01:36ID: BC  Data: 00 00 00 AA 00 00 00 00 
"
"2016-11-21 14:01:36ID: BB  Data: 00 00 00 AA 00 00 00 00 
"
"2016-11-21 14:01:36ID: BC  Data: 00 00 00 AA 00 00 00 00 
"
"2016-11-21 14:01:36ID: BB  Data: 00 00 00 AA 00 00 00 00 
"
"2016-11-21 14:01:36ID: BC  Data: 00 00 00 AA 00 00 00 00 
"
"2016-11-21 14:01:37ID: BB  Data: 00 00 00 AA 00 00 00 00 
"
"2016-11-21 14:01:37ID: BC  Data: 00 00 00 AA 00 00 00 00 
"
"2016-11-21 14:01:37ID: BB  Data: 00 00 00 AA 00 00 00 00 
"
"2016-11-21 14:01:37ID: BC  Data: 00 00 00 AA 00 00 00 00 
"
"2016-11-21 14:01:37ID: BB  Data: 00 00 00 AA 00 00 00 00 
"
"2016-11-21 14:01:37ID: BC  Data: 00 00 00 AA 00 00 00 00 
"
"2016-11-21 14:01:37ID: BB  Data: 00 00 00 AA 00 00 00 00 
"
"2016-11-21 14:01:37ID: BC  Data: 00 00 00 AA 00 00 00 00 
"
"2016-11-21 14:01:37ID: BB  Data: 00 00 00 AA 00 00 00 00 
"
"2016-11-21 14:01:37ID: BC  Data: 00 00 00 AA 00 00 00 00 
"
"2016-11-21 14:01:37ID: BB  Data: 00 00 00 AA 00 00 00 00 
"
"2016-11-21 14:01:37ID: BC  Data: 00 00 00 AA 00 00 00 00 
"
"2016-11-21 14:01:37ID: BB  Data: 00 00 00 AA 00 00 00 00 
"
"2016-11-21 14:01:37ID: BC  Data: 00 00 00 AA 00 00 00 00 
"
"2016-11-21 14:01:37ID: BB  Data: 00 00 00 AA 00 00 00 00 
"
"2016-11-21 14:01:37ID: BC  Data: 00 00 00 AA 00 00 00 00 
"
"2016-11-21 14:01:37ID: BB  Data: 00 00 00 AA 00 00 00 00 
"
"2016-11-21 14:01:37ID: BC  Data: 00 00 00 AA 00 00 00 00 
"
"2016-11-21 14:01:37ID: BB  Data: 00 00 00 AA 00 00 00 00 
"
"2016-11-21 14:01:37ID: BC  Data: 00 00 00 AA 00 00 00 00 
"
"2016-11-21 14:01:37ID: BB  Data: 00 00 00 AA 00 00 00 00 
"
"2016-11-21 14:01:37ID: BC  Data: 00 00 00 AA 00 00 00 00 
"
"2016-11-21 14:01:38ID: BB  Data: 00 00 00 AA 00 00 00 00 
"
"2016-11-21 14:01:38ID: BC  Data: 00 00 00 AA 00 00 00 00 
"
"2016-11-21 14:01:38ID: BB  Data: 00 00 00 AA 00 00 00 00 
"
"2016-11-21 14:01:38ID: BC  Data: 00 00 00 AA 00 00 00 00 
"
"2016-11-21 14:01:38ID: BB  Data: 00 00 00 AA 00 00 00 00 
"
"2016-11-21 14:01:38ID: BC  Data: 00 00 00 AA 00 00 00 00 
"
"2016-11-21 14:01:38ID: BB  Data: 00 00 00 AA 00 00 00 00 
"
"2016-11-21 14:01:38ID: BC  Data: 00 00 00 AA 00 00 00 00 
"
"2016-11-21 14:01:38ID: BB  Data: 00 00 00 AA 00 00 00 00 
"
"2016-11-21 14:01:38ID: BC  Data: 00 00 00 AA 00 00 00 00 
"
"2016-11-21 14:01:38ID: BB  Data: 00 00 00 AA 00 00 00 00 
"
"2016-11-21 14:01:38ID: BC  Data: 00 00 00 AA 00 00 00 00 
"
"2016-11-21 14:01:38ID: BB  Data: 00 00 00 AA 00 00 00 00 
"
"2016-11-21 14:01:38ID: BC  Data: 00 00 00 AA 00 00 00 00 
"
"2016-11-21 14:01:38ID: BB  Data: 00 00 00 AA 00 00 00 00 
"
"2016-11-21 14:01:38ID: BC  Data: 00 00 00 AA 00 00 00 00 
"
"2016-11-21 14:01:38ID: BB  Data: 00 00 00 AA 00 00 00 00 
"
"2016-11-21 14:01:38ID: BC  Data: 00 00 00 AA 00 00 00 00 
"
"2016-11-21 14:01:38ID: BB  Data: 00 00 00 AA 00 00 00 00 
"
"2016-11-21 14:01:38ID: BC  Data: 00 00 00 AA 00 00 00 00 
"
"2016-11-21 14:01:38ID: BB  Data: 00 00 00 AA 00 00 00 00 
"
"2016-11-21 14:01:38ID: BC  Data: 00 00 00 AA 00 00 00 00 
"
"2016-11-21 14:01:38ID: BB  Data: 00 00 00 AA 00 00 00 00 
"
"2016-11-21 14:01:39ID: BC  Data: 00 00 00 AA 00 00 00 00 
"
"2016-11-21 14:01:39ID: BB  Data: 00 00 00 AA 00 00 00 00 
"
"2016-11-21 14:01:39ID: BC  Data: 00 00 00 AA 00 00 00 00 
"
"2016-11-21 14:01:39ID: BB  Data: 00 00 00 AA 00 00 00 00 
"
"2016-11-21 14:01:39ID: BC  Data: 00 00 00 AA 00 00 00 00 
"
"2016-11-21 14:01:39ID: BB  Data: 00 00 00 AA 00 00 00 00 
"
"2016-11-21 14:01:39ID: BC  Data: 00 00 00 AA 00 00 00 00 
"
"2016-11-21 14:01:39ID: BB  Data: 00 00 00 AA 00 00 00 00 
"
"2016-11-21 14:01:39ID: BC  Data: 00 00 00 AA 00 00 00 00 
"
"2016-11-21 14:01:39ID: BB  Data: 00 00 00 AA 00 00 00 00 
"
"2016-11-21 14:01:39ID: BC  Data: 00 00 00 AA 00 00 00 00 
"
"2016-11-21 14:01:39ID: BB  Data: 00 00 00 AA 00 00 00 00 
"
"2016-11-21 14:01:39ID: BC  Data: 00 00 00 AA 00 00 00 00 
"
"2016-11-21 14:01:39ID: BB  Data: 00 00 00 AA 00 00 00 00 
"
"2016-11-21 14:01:39ID: BC  Data: 00 00 00 AA 00 00 00 00 
"
"2016-11-21 14:01:39ID: BB  Data: 00 00 00 AA 00 00 00 00 
"
"2016-11-21 14:01:39ID: BC  Data: 00 00 00 AA 00 00 00 00 
"
"2016-11-21 14:01:39ID: BB  Data: 00 00 00 AA 00 00 00 00 
"
"2016-11-21 14:01:39ID: BC  Data: 00 00 00 AA 00 00 00 00 
"
"2016-11-21 14:01:39ID: BB  Data: 00 00 00 AA 00 00 00 00 
"
"2016-11-21 14:01:39ID: BC  Data: 00 00 00 AA 00 00 00 00 
"
"2016-11-21 14:01:39ID: BB  Data: 00 00 00 AA 00 00 00 00 
"
"2016-11-21 14:01:39ID: BC  Data: 00 00 00 AA 00 00 00 00 
"
"2016-11-21 14:01:40ID: BB  Data: 00 00 00 AA 00 00 00 00 
"
"2016-11-21 14:01:40ID: BC  Data: 00 00 00 AA 00 00 00 00 
"
"2016-11-21 14:01:40ID: BB  Data: 00 00 00 AA 00 00 00 00 
"
"2016-11-21 14:01:40ID: BC  Data: 00 00 00 AA 00 00 00 00 
"
"2016-11-21 14:01:40ID: BB  Data: 00 00 00 AA 00 00 00 00 
"
"2016-11-21 14:01:40ID: BC  Data: 00 00 00 AA 00 00 00 00 
"
"2016-11-21 14:01:40ID: BB  Data: 00 00 00 AA 00 00 00 00 
"
"2016-11-21 14:01:40ID: BC  Data: 00 00 00 AA 00 00 00 00 
"
"2016-11-21 14:01:40ID: BB  Data: 00 00 00 AA 00 00 00 00 
"
"2016-11-21 14:01:40ID: BC  Data: 00 00 00 AA 00 00 00 00 
"
"2016-11-21 14:01:40ID: BB  Data: 00 00 00 AA 00 00 00 00 
"
"2016-11-21 14:01:40ID: BC  Data: 00 00 00 AA 00 00 00 00 
"
"2016-11-21 14:01:40ID: BB  Data: 00 00 00 AA 00 00 00 00 
"
"2016-11-21 14:01:40ID: BC  Data: 00 00 00 AA 00 00 00 00 
"
"2016-11-21 14:01:40ID: BB  Data: 00 00 00 AA 00 00 00 00 
"
"2016-11-21 14:01:40ID: BC  Data: 00 00 00 AA 00 00 00 00 
"
"2016-11-21 14:01:40ID: BB  Data: 00 00 00 AA 00 00 00 00 
"
"2016-11-21 14:01:40ID: BC  Data: 00 00 00 AA 00 00 00 00 
"
"2016-11-21 14:01:40ID: BB  Data: 00 00 00 AA 00 00 00 00 
"
"2016-11-21 14:01:40ID: BC  Data: 00 00 00 AA 00 00 00 00 
"
"2016-11-21 14:01:40ID: BB  Data: 00 00 00 AA 00 00 00 00 
"
"2016-11-21 14:01:40ID: BC  Data: 00 00 00 AA 00 00 00 00 
"
"2016-11-21 14:01:41ID: BB  Data: 00 00 00 AA 00 00 00 00 
"
"2016-11-21 14:01:41ID: BC  Data: 00 00 00 AA 00 00 00 00 
"
"2016-11-21 14:01:41ID: BB  Data: 00 00 00 AA 00 00 00 00 
"
"2016-11-21 14:01:41ID: BC  Data: 00 00 00 AA 00 00 00 00 
"
"2016-11-21 14:01:41ID: BB  Data: 00 00 00 AA 00 00 00 00 
"
"2016-11-21 14:01:41ID: BC  Data: 00 00 00 AA 00 00 00 00 
"
"2016-11-21 14:01:41ID: BB  Data: 00 00 00 AA 00 00 00 00 
"
"2016-11-21 14:01:41ID: BC  Data: 00 00 00 AA 00 00 00 00 
"
"2016-11-21 14:01:41ID: BB  Data: 00 00 00 AA 00 00 00 00 
"
"2016-11-21 14:01:41ID: BC  Data: 00 00 00 AA 00 00 00 00 
"
"2016-11-21 14:01:41ID: BB  Data: 00 00 00 AA 00 00 00 00 
"
"2016-11-21 14:01:41ID: BC  Data: 00 00 00 AA 00 00 00 00 
"
"2016-11-21 14:01:41ID: BB  Data: 00 00 00 AA 00 00 00 00 
"
"2016-11-21 14:01:41ID: BC  Data: 00 00 00 AA 00 00 00 00 
"
"2016-11-21 14:01:41ID: BB  Data: 00 00 00 AA 00 00 00 00 
"
"2016-11-21 14:01:41ID: BC  Data: 00 00 00 AA 00 00 00 00 
"
"2016-11-21 14:01:41ID: BB  Data: 00 00 00 AA 00 00 00 00 
"
"2016-11-21 14:01:41ID: BC  Data: 00 00 00 AA 00 00 00 00 
"
"2016-11-21 14:01:41ID: BB  Data: 00 00 00 AA 00 00 00 00 
"
"2016-11-21 14:01:41ID: BC  Data: 00 00 00 AA 00 00 00 00 
"
"2016-11-21 14:01:41ID: BB  Data: 00 00 00 AA 00 00 00 00 
"
"2016-11-21 14:01:41ID: BC  Data: 00 00 00 AA 00 00 00 00 
"
"2016-11-21 14:01:41ID: BB  Data: 00 00 00 AA 00 00 00 00 
"
"2016-11-21 14:01:41ID: BC  Data: 00 00 00 AA 00 00 00 00 
"
"2016-11-21 14:01:42ID: BB  Data: 00 00 00 AA 00 00 00 00 
"
"2016-11-21 14:01:42ID: BC  Data: 00 00 00 AA 00 00 00 00 
"
"2016-11-21 14:01:42ID: BB  Data: 00 00 00 AA 00 00 00 00 
"
"2016-11-21 14:01:42ID: BC  Data: 00 00 00 AA 00 00 00 00 
"
"2016-11-21 14:01:42ID: BB  Data: 00 00 00 AA 00 00 00 00 
"
"2016-11-21 14:01:42ID: BC  Data: 00 00 00 AA 00 00 00 00 
"
"2016-11-21 14:01:42ID: BB  Data: 00 00 00 AA 00 00 00 00 
"
"2016-11-21 14:01:42ID: BC  Data: 00 00 00 AA 00 00 00 00 
"
"2016-11-21 14:01:42ID: BB  Data: 00 00 00 AA 00 00 00 00 
"
"2016-11-21 14:01:42ID: BC  Data: 00 00 00 AA 00 00 00 00 
"
"2016-11-21 14:01:42ID: BB  Data: 00 00 00 AA 00 00 00 00 
"
"2016-11-21 14:01:42ID: BC  Data: 00 00 00 AA 00 00 00 00 
"
"2016-11-21 14:01:42ID: BB  Data: 00 00 00 AA 00 00 00 00 
"
"2016-11-21 14:01:42ID: BC  Data: 00 00 00 AA 00 00 00 00 
"
"2016-11-21 14:01:42ID: BB  Data: 00 00 00 AA 00 00 00 00 
"
"2016-11-21 14:01:42ID: BC  Data: 00 00 00 AA 00 00 00 00 
"
"2016-11-21 14:01:42ID: BB  Data: 00 00 00 AA 00 00 00 00 
"
"2016-11-21 14:01:42ID: BC  Data: 00 00 00 AA 00 00 00 00 
"
"2016-11-21 14:01:42ID: BB  Data: 00 00 00 AA 00 00 00 00 
"
"2016-11-21 14:01:42ID: BC  Data: 00 00 00 AA 00 00 00 00 
"
"2016-11-21 14:01:42ID: BB  Data: 00 00 00 AA 00 00 00 00 
"
"2016-11-21 14:01:42ID: BC  Data: 00 00 00 AA 00 00 00 00 
"
"2016-11-21 14:01:43ID: BB  Data: 00 00 00 AA 00 00 00 00 
"
"2016-11-21 14:01:43ID: BC  Data: 00 00 00 AA 00 00 00 00 
"
"2016-11-21 14:01:43ID: BB  Data: 00 00 00 AA 00 00 00 00 
"
"2016-11-21 14:01:43ID: BC  Data: 00 00 00 AA 00 00 00 00 
"
"2016-11-21 14:01:43ID: BB  Data: 00 00 00 AA 00 00 00 00 
"
"2016-11-21 14:01:43ID: BC  Data: 00 00 00 AA 00 00 00 00 
"
"2016-11-21 14:01:43ID: BB  Data: 00 00 00 AA 00 00 00 00 
"
"2016-11-21 14:01:43ID: BC  Data: 00 00 00 AA 00 00 00 00 
"
"2016-11-21 14:01:43ID: BB  Data: 00 00 00 AA 00 00 00 00 
"
"2016-11-21 14:01:43ID: BC  Data: 00 00 00 AA 00 00 00 00 
"
"2016-11-21 14:01:43ID: BB  Data: 00 00 00 AA 00 00 00 00 
"
"2016-11-21 14:01:43ID: BC  Data: 00 00 00 AA 00 00 00 00 
"
"2016-11-21 14:01:43ID: BB  Data: 00 00 00 AA 00 00 00 00 
"
"2016-11-21 14:01:43ID: BC  Data: 00 00 00 AA 00 00 00 00 
"
"2016-11-21 14:01:43ID: BB  Data: 00 00 00 AA 00 00 00 00 
"
"2016-11-21 14:01:43ID: BC  Data: 00 00 00 AA 00 00 00 00 
"
"2016-11-21 14:01:43ID: BB  Data: 00 00 00 AA 00 00 00 00 
"
"2016-11-21 14:01:43ID: BC  Data: 00 00 00 AA 00 00 00 00 
"
"2016-11-21 14:01:43ID: BB  Data: 00 00 00 AA 00 00 00 00 
"
"2016-11-21 14:01:43ID: BC  Data: 00 00 00 AA 00 00 00 00 
"
"2016-11-21 14:01:43ID: BB  Data: 00 00 00 AA 00 00 00 00 
"
"2016-11-21 14:01:43ID: BC  Data: 00 00 00 AA 00 00 00 00 
"
"2016-11-21 14:01:44ID: BB  Data: 00 00 00 AA 00 00 00 00 
"
"2016-11-21 14:01:44ID: BC  Data: 00 00 00 AA 00 00 00 00 
"
"2016-11-21 14:01:44ID: BB  Data: 00 00 00 AA 00 00 00 00 
"
"2016-11-21 14:01:44ID: BC  Data: 00 00 00 AA 00 00 00 00 
"
"2016-11-21 14:01:44ID: BB  Data: 00 00 00 AA 00 00 00 00 
"
"2016-11-21 14:01:44ID: BC  Data: 00 00 00 AA 00 00 00 00 
"
"2016-11-21 14:01:44ID: BB  Data: 00 00 00 AA 00 00 00 00 
"
"2016-11-21 14:01:44ID: BC  Data: 00 00 00 AA 00 00 00 00 
"
"2016-11-21 14:01:44ID: BB  Data: 00 00 00 AA 00 00 00 00 
"
"2016-11-21 14:01:44ID: BC  Data: 00 00 00 AA 00 00 00 00 
"
"2016-11-21 14:01:44ID: BB  Data: 00 00 00 AA 00 00 00 00 
"
"2016-11-21 14:01:44ID: BC  Data: 00 00 00 AA 00 00 00 00 
"
"2016-11-21 14:01:44ID: BB  Data: 00 00 00 AA 00 00 00 00 
"
"2016-11-21 14:01:44ID: BC  Data: 00 00 00 AA 00 00 00 00 
"
"2016-11-21 14:01:44ID: BB  Data: 00 00 00 AA 00 00 00 00 
"
"2016-11-21 14:01:44ID: BC  Data: 00 00 00 AA 00 00 00 00 
"
"2016-11-21 14:01:44ID: BB  Data: 00 00 00 AA 00 00 00 00 
"
"2016-11-21 14:01:44ID: BC  Data: 00 00 00 AA 00 00 00 00 
"
"2016-11-21 14:01:44ID: BB  Data: 00 00 00 AA 00 00 00 00 
"
"2016-11-21 14:01:44ID: BC  Data: 00 00 00 AA 00 00 00 00 
"
"2016-11-21 14:01:44ID: BB  Data: 00 00 00 AA 00 00 00 00 
"
"2016-11-21 14:01:44ID: BC  Data: 00 00 00 AA 00 00 00 00 
"
"2016-11-21 14:01:44ID: BB  Data: 00 00 00 AA 00 00 00 00 
"
"2016-11-21 14:01:44ID: BC  Data: 00 00 00 AA 00 00 00 00 
"
"2016-11-21 14:01:45ID: BB  Data: 00 00 00 AA 00 00 00 00 
"
"2016-11-21 14:01:45ID: BC  Data: 00 00 00 AA 00 00 00 00 
"
"2016-11-21 14:01:45ID: BB  Data: 00 00 00 AA 00 00 00 00 
"
"2016-11-21 14:01:45ID: BC  Data: 00 00 00 AA 00 00 00 00 
"
"2016-11-21 14:01:45ID: BB  Data: 00 00 00 AA 00 00 00 00 
"
"2016-11-21 14:01:45ID: BC  Data: 00 00 00 AA 00 00 00 00 
"
"2016-11-21 14:01:45ID: BB  Data: 00 00 00 AA 00 00 00 00 
"
"2016-11-21 14:01:45ID: BC  Data: 00 00 00 AA 00 00 00 00 
"
"2016-11-21 14:01:45ID: BB  Data: 00 00 00 AA 00 00 00 00 
"
"2016-11-21 14:01:45ID: BC  Data: 00 00 00 AA 00 00 00 00 
"
"2016-11-21 14:01:45ID: BB  Data: 00 00 00 AA 00 00 00 00 
"
"2016-11-21 14:01:45ID: BC  Data: 00 00 00 AA 00 00 00 00 
"
"2016-11-21 14:01:45ID: BB  Data: 00 00 00 AA 00 00 00 00 
"
"2016-11-21 14:01:45ID: BC  Data: 00 00 00 AA 00 00 00 00 
"
"2016-11-21 14:01:45ID: BB  Data: 00 00 00 AA 00 00 00 00 
"
"2016-11-21 14:01:45ID: BC  Data: 00 00 00 AA 00 00 00 00 
"
"2016-11-21 14:01:45ID: BB  Data: 00 00 00 AA 00 00 00 00 
"
"2016-11-21 14:01:45ID: BC  Data: 00 00 00 AA 00 00 00 00 
"
"2016-11-21 14:01:45ID: BB  Data: 00 00 00 AA 00 00 00 00 
"
"2016-11-21 14:01:45ID: BC  Data: 00 00 00 AA 00 00 00 00 
"
"2016-11-21 14:01:45ID: BB  Data: 00 00 00 AA 00 00 00 00 
"
"2016-11-21 14:01:45ID: BC  Data: 00 00 00 AA 00 00 00 00 
"
"2016-11-21 14:01:46ID: BB  Data: 00 00 00 AA 00 00 00 00 
"
"2016-11-21 14:01:46ID: BC  Data: 00 00 00 AA 00 00 00 00 
"
"2016-11-21 14:01:46ID: BB  Data: 00 00 00 AA 00 00 00 00 
"
"2016-11-21 14:01:46ID: BC  Data: 00 00 00 AA 00 00 00 00 
"
"2016-11-21 14:01:46ID: BB  Data: 00 00 00 AA 00 00 00 00 
"
"2016-11-21 14:01:46ID: BC  Data: 00 00 00 AA 00 00 00 00 
"
"2016-11-21 14:01:46ID: BB  Data: 00 00 00 AA 00 00 00 00 
"
"2016-11-21 14:01:46ID: BC  Data: 00 00 00 AA 00 00 00 00 
"
"2016-11-21 14:01:46ID: BB  Data: 00 00 00 AA 00 00 00 00 
"
"2016-11-21 14:01:46ID: BC  Data: 00 00 00 AA 00 00 00 00 
"
"2016-11-21 14:01:46ID: BB  Data: 00 00 00 AA 00 00 00 00 
"
"2016-11-21 14:01:46ID: BC  Data: 00 00 00 AA 00 00 00 00 
"
"2016-11-21 14:01:46ID: BB  Data: 00 00 00 AA 00 00 00 00 
"
"2016-11-21 14:01:46ID: BC  Data: 00 00 00 AA 00 00 00 00 
"
"2016-11-21 14:01:46ID: BB  Data: 00 00 00 AA 00 00 00 00 
"
"2016-11-21 14:01:46ID: BC  Data: 00 00 00 AA 00 00 00 00 
"
"2016-11-21 14:01:46ID: BB  Data: 00 00 00 AA 00 00 00 00 
"
"2016-11-21 14:01:46ID: BC  Data: 00 00 00 AA 00 00 00 00 
"
"2016-11-21 14:01:46ID: BB  Data: 00 00 00 AA 00 00 00 00 
"
"2016-11-21 14:01:46ID: BC  Data: 00 00 00 AA 00 00 00 00 
"
"2016-11-21 14:01:46ID: BB  Data: 00 00 00 AA 00 00 00 00 
"
"2016-11-21 14:01:46ID: BC  Data: 00 00 00 AA 00 00 00 00 
"
"2016-11-21 14:01:47ID: BB  Data: 00 00 00 AA 00 00 00 00 
"
"2016-11-21 14:01:47ID: BC  Data: 00 00 00 AA 00 00 00 00 
"
"2016-11-21 14:01:47ID: BB  Data: 00 00 00 AA 00 00 00 00 
"
"2016-11-21 14:01:47ID: BC  Data: 00 00 00 AA 00 00 00 00 
"
"2016-11-21 14:01:47ID: BB  Data: 00 00 00 AA 00 00 00 00 
"
"2016-11-21 14:01:47ID: BC  Data: 00 00 00 AA 00 00 00 00 
"
"2016-11-21 14:01:47ID: BB  Data: 00 00 00 AA 00 00 00 00 
"
"2016-11-21 14:01:47ID: BC  Data: 00 00 00 AA 00 00 00 00 
"
"2016-11-21 14:01:47ID: BB  Data: 00 00 00 AA 00 00 00 00 
"
"2016-11-21 14:01:47ID: BC  Data: 00 00 00 AA 00 00 00 00 
"
"2016-11-21 14:01:47ID: BB  Data: 00 00 00 AA 00 00 00 00 
"
"2016-11-21 14:01:47ID: BC  Data: 00 00 00 AA 00 00 00 00 
"
"2016-11-21 14:01:47ID: BB  Data: 00 00 00 AA 00 00 00 00 
"
"2016-11-21 14:01:47ID: BC  Data: 00 00 00 AA 00 00 00 00 
"
"2016-11-21 14:01:47ID: BB  Data: 00 00 00 AA 00 00 00 00 
"
"2016-11-21 14:01:47ID: BC  Data: 00 00 00 AA 00 00 00 00 
"
"2016-11-21 14:01:47ID: BB  Data: 00 00 00 AA 00 00 00 00 
"
"2016-11-21 14:01:47ID: BC  Data: 00 00 00 AA 00 00 00 00 
"
"2016-11-21 14:01:47ID: BB  Data: 00 00 00 AA 00 00 00 00 
"
"2016-11-21 14:01:47ID: BC  Data: 00 00 00 AA 00 00 00 00 
"
"2016-11-21 14:01:47ID: BB  Data: 00 00 00 AA 00 00 00 00 
"
"2016-11-21 14:01:47ID: BC  Data: 00 00 00 AA 00 00 00 00 
"
"2016-11-21 14:01:47ID: BB  Data: 00 00 00 AA 00 00 00 00 
"
"2016-11-21 14:01:47ID: BC  Data: 00 00 00 AA 00 00 00 00 
"
"2016-11-21 14:01:48ID: BB  Data: 00 00 00 AA 00 00 00 00 
"
"2016-11-21 14:01:48ID: BC  Data: 00 00 00 AA 00 00 00 00 
"
"2016-11-21 14:01:48ID: BB  Data: 00 00 00 AA 00 00 00 00 
"
"2016-11-21 14:01:48ID: BC  Data: 00 00 00 AA 00 00 00 00 
"
"2016-11-21 14:01:48ID: BB  Data: 00 00 00 AA 00 00 00 00 
"
"2016-11-21 14:01:48ID: BC  Data: 00 00 00 AA 00 00 00 00 
"
"2016-11-21 14:01:48ID: BB  Data: 00 00 00 AA 00 00 00 00 
"
"2016-11-21 14:01:48ID: BC  Data: 00 00 00 AA 00 00 00 00 
"
"2016-11-21 14:01:48ID: BB  Data: 00 00 00 AA 00 00 00 00 
"
"2016-11-21 14:01:48ID: BC  Data: 00 00 00 AA 00 00 00 00 
"
"2016-11-21 14:01:48ID: BB  Data: 00 00 00 AA 00 00 00 00 
"
"2016-11-21 14:01:48ID: BC  Data: 00 00 00 AA 00 00 00 00 
"
"2016-11-21 14:01:48ID: BB  Data: 00 00 00 AA 00 00 00 00 
"
"2016-11-21 14:01:48ID: BC  Data: 00 00 00 AA 00 00 00 00 
"
"2016-11-21 14:01:48ID: BB  Data: 00 00 00 AA 00 00 00 00 
"
"2016-11-21 14:01:48ID: BC  Data: 00 00 00 AA 00 00 00 00 
"
"2016-11-21 14:01:48ID: BB  Data: 00 00 00 AA 00 00 00 00 
"
"2016-11-21 14:01:48ID: BC  Data: 00 00 00 AA 00 00 00 00 
"
"2016-11-21 14:01:48ID: BB  Data: 00 00 00 AA 00 00 00 00 
"
"2016-11-21 14:01:48ID: BC  Data: 00 00 00 AA 00 00 00 00 
"
"2016-11-21 14:01:48ID: BB  Data: 00 00 00 AA 00 00 00 00 
"
"2016-11-21 14:01:48ID: BC  Data: 00 00 00 AA 00 00 00 00 
"
"2016-11-21 14:01:49ID: BB  Data: 00 00 00 AA 00 00 00 00 
"
"2016-11-21 14:01:49ID: BC  Data: 00 00 00 AA 00 00 00 00 
"
"2016-11-21 14:01:49ID: BB  Data: 00 00 00 AA 00 00 00 00 
"
"2016-11-21 14:01:49ID: BC  Data: 00 00 00 AA 00 00 00 00 
"
"2016-11-21 14:01:49ID: BB  Data: 00 00 00 AA 00 00 00 00 
"
"2016-11-21 14:01:49ID: BC  Data: 00 00 00 AA 00 00 00 00 
"
"2016-11-21 14:01:49ID: BB  Data: 00 00 00 AA 00 00 00 00 
"
"2016-11-21 14:01:49ID: BC  Data: 00 00 00 AA 00 00 00 00 
"
"2016-11-21 14:01:49ID: BB  Data: 00 00 00 AA 00 00 00 00 
"
"2016-11-21 14:01:49ID: BC  Data: 00 00 00 AA 00 00 00 00 
"
"2016-11-21 14:01:49ID: BB  Data: 00 00 00 AA 00 00 00 00 
"
"2016-11-21 14:01:49ID: BC  Data: 00 00 00 AA 00 00 00 00 
"
"2016-11-21 14:01:49ID: BB  Data: 00 00 00 AA 00 00 00 00 
"
"2016-11-21 14:01:49ID: BC  Data: 00 00 00 AA 00 00 00 00 
"
"2016-11-21 14:01:49ID: BB  Data: 00 00 00 AA 00 00 00 00 
"
"2016-11-21 14:01:49ID: BC  Data: 00 00 00 AA 00 00 00 00 
"
"2016-11-21 14:01:49ID: BB  Data: 00 00 00 AA 00 00 00 00 
"
"2016-11-21 14:01:49ID: BC  Data: 00 00 00 AA 00 00 00 00 
"
"2016-11-21 14:01:49ID: BB  Data: 00 00 00 AA 00 00 00 00 
"
"2016-11-21 14:01:49ID: BC  Data: 00 00 00 AA 00 00 00 00 
"
"2016-11-21 14:01:49ID: BB  Data: 00 00 00 AA 00 00 00 00 
"
"2016-11-21 14:01:49ID: BC  Data: 00 00 00 AA 00 00 00 00 
"
"2016-11-21 14:01:49ID: BB  Data: 00 00 00 AA 00 00 00 00 
"
"2016-11-21 14:01:50ID: BC  Data: 00 00 00 AA 00 00 00 00 
"
"2016-11-21 14:01:50ID: BB  Data: 00 00 00 AA 00 00 00 00 
"
"2016-11-21 14:01:50ID: BC  Data: 00 00 00 AA 00 00 00 00 
"
"2016-11-21 14:01:50ID: BB  Data: 00 00 00 AA 00 00 00 00 
"
"2016-11-21 14:01:50ID: BC  Data: 00 00 00 AA 00 00 00 00 
"
"2016-11-21 14:01:50ID: BB  Data: 00 00 00 AA 00 00 00 00 
"
"2016-11-21 14:01:50ID: BC  Data: 00 00 00 AA 00 00 00 00 
"
"2016-11-21 14:01:50ID: BB  Data: 00 00 00 AA 00 00 00 00 
"
"2016-11-21 14:01:50ID: BC  Data: 00 00 00 AA 00 00 00 00 
"
"2016-11-21 14:01:50ID: BB  Data: 00 00 00 AA 00 00 00 00 
"
"2016-11-21 14:01:50ID: BC  Data: 00 00 00 AA 00 00 00 00 
"
"2016-11-21 14:01:50ID: BB  Data: 00 00 00 AA 00 00 00 00 
"
"2016-11-21 14:01:50ID: BC  Data: 00 00 00 AA 00 00 00 00 
"
"2016-11-21 14:01:50ID: BB  Data: 00 00 00 AA 00 00 00 00 
"
"2016-11-21 14:01:50ID: BC  Data: 00 00 00 AA 00 00 00 00 
"
"2016-11-21 14:01:50ID: BB  Data: 00 00 00 AA 00 00 00 00 
"
"2016-11-21 14:01:50ID: BC  Data: 00 00 00 AA 00 00 00 00 
"
"2016-11-21 14:01:50ID: BB  Data: 00 00 00 AA 00 00 00 00 
"
"2016-11-21 14:01:50ID: BC  Data: 00 00 00 AA 00 00 00 00 
"
"2016-11-21 14:01:50ID: BB  Data: 00 00 00 AA 00 00 00 00 
"
"2016-11-21 14:01:50ID: BC  Data: 00 00 00 AA 00 00 00 00 
"
"2016-11-21 14:01:50ID: BB  Data: 00 00 00 AA 00 00 00 00 
"
"2016-11-21 14:01:50ID: BC  Data: 00 00 00 AA 00 00 00 00 
"
"2016-11-21 14:01:51ID: BB  Data: 00 00 00 AA 00 00 00 00 
"
"2016-11-21 14:01:51ID: BC  Data: 00 00 00 AA 00 00 00 00 
"
"2016-11-21 14:01:51ID: BB  Data: 00 00 00 AA 00 00 00 00 
"
"2016-11-21 14:01:51ID: BC  Data: 00 00 00 AA 00 00 00 00 
"
"2016-11-21 14:01:51ID: BB  Data: 00 00 00 AA 00 00 00 00 
"
"2016-11-21 14:01:51ID: BC  Data: 00 00 00 AA 00 00 00 00 
"
"2016-11-21 14:01:51ID: BB  Data: 00 00 00 AA 00 00 00 00 
"
"2016-11-21 14:01:51ID: BC  Data: 00 00 00 AA 00 00 00 00 
"
"2016-11-21 14:01:51ID: BB  Data: 00 00 00 AA 00 00 00 00 
"
"2016-11-21 14:01:51ID: BC  Data: 00 00 00 AA 00 00 00 00 
"
"2016-11-21 14:01:51ID: BB  Data: 00 00 00 AA 00 00 00 00 
"
"2016-11-21 14:01:51ID: BC  Data: 00 00 00 AA 00 00 00 00 
"
"2016-11-21 14:01:51ID: BB  Data: 00 00 00 AA 00 00 00 00 
"
"2016-11-21 14:01:51ID: BC  Data: 00 00 00 AA 00 00 00 00 
"
"2016-11-21 14:01:51ID: BB  Data: 00 00 00 AA 00 00 00 00 
"
"2016-11-21 14:01:51ID: BC  Data: 00 00 00 AA 00 00 00 00 
"
"2016-11-21 14:01:51ID: BB  Data: 00 00 00 AA 00 00 00 00 
"
"2016-11-21 14:01:51ID: BC  Data: 00 00 00 AA 00 00 00 00 
"
"2016-11-21 14:01:51ID: BB  Data: 00 00 00 AA 00 00 00 00 
"
"2016-11-21 14:01:51ID: BC  Data: 00 00 00 AA 00 00 00 00 
"
"2016-11-21 14:01:51ID: BB  Data: 00 00 00 AA 00 00 00 00 
"
"2016-11-21 14:01:51ID: BC  Data: 00 00 00 AA 00 00 00 00 
"
"2016-11-21 14:01:52ID: BB  Data: 00 00 00 AA 00 00 00 00 
"
"2016-11-21 14:01:52ID: BC  Data: 00 00 00 AA 00 00 00 00 
"
"2016-11-21 14:01:52ID: BB  Data: 00 00 00 AA 00 00 00 00 
"
"2016-11-21 14:01:52ID: BC  Data: 00 00 00 AA 00 00 00 00 
"
"2016-11-21 14:01:52ID: BB  Data: 00 00 00 AA 00 00 00 00 
"
"2016-11-21 14:01:52ID: BC  Data: 00 00 00 AA 00 00 00 00 
"
"2016-11-21 14:01:52ID: BB  Data: 00 00 00 AA 00 00 00 00 
"
"2016-11-21 14:01:52ID: BC  Data: 00 00 00 AA 00 00 00 00 
"
"2016-11-21 14:01:52ID: BB  Data: 00 00 00 AA 00 00 00 00 
"
"2016-11-21 14:01:52ID: BC  Data: 00 00 00 AA 00 00 00 00 
"
"2016-11-21 14:01:52ID: BB  Data: 00 00 00 AA 00 00 00 00 
"
"2016-11-21 14:01:52ID: BC  Data: 00 00 00 AA 00 00 00 00 
"
"2016-11-21 14:01:52ID: BB  Data: 00 00 00 AA 00 00 00 00 
"
"2016-11-21 14:01:52ID: BC  Data: 00 00 00 AA 00 00 00 00 
"
"2016-11-21 14:01:52ID: BB  Data: 00 00 00 AA 00 00 00 00 
"
"2016-11-21 14:01:52ID: BC  Data: 00 00 00 AA 00 00 00 00 
"
"2016-11-21 14:01:52ID: BB  Data: 00 00 00 AA 00 00 00 00 
"
"2016-11-21 14:01:52ID: BC  Data: 00 00 00 AA 00 00 00 00 
"
"2016-11-21 14:01:52ID: BB  Data: 00 00 00 AA 00 00 00 00 
"
"2016-11-21 14:01:52ID: BC  Data: 00 00 00 AA 00 00 00 00 
"
"2016-11-21 14:01:52ID: BB  Data: 00 00 00 AA 00 00 00 00 
"
"2016-11-21 14:01:52ID: BC  Data: 00 00 00 AA 00 00 00 00 
"
"2016-11-21 14:01:52ID: BB  Data: 00 00 00 AA 00 00 00 00 
"
"2016-11-21 14:01:52ID: BC  Data: 00 00 00 AA 00 00 00 00 
"
"2016-11-21 14:01:53ID: BB  Data: 00 00 00 AA 00 00 00 00 
"
"2016-11-21 14:01:53ID: BC  Data: 00 00 00 AA 00 00 00 00 
"
"2016-11-21 14:01:53ID: BB  Data: 00 00 00 AA 00 00 00 00 
"
"2016-11-21 14:01:53ID: BC  Data: 00 00 00 AA 00 00 00 00 
"
"2016-11-21 14:01:53ID: BB  Data: 00 00 00 AA 00 00 00 00 
"
"2016-11-21 14:01:53ID: BC  Data: 00 00 00 AA 00 00 00 00 
"
"2016-11-21 14:01:53ID: BB  Data: 00 00 00 AA 00 00 00 00 
"
"2016-11-21 14:01:53ID: BC  Data: 00 00 00 AA 00 00 00 00 
"
"2016-11-21 14:01:53ID: BB  Data: 00 00 00 AA 00 00 00 00 
"
"2016-11-21 14:01:53ID: BC  Data: 00 00 00 AA 00 00 00 00 
"
"2016-11-21 14:01:53ID: BB  Data: 00 00 00 AA 00 00 00 00 
"
"2016-11-21 14:01:53ID: BC  Data: 00 00 00 AA 00 00 00 00 
"
"2016-11-21 14:01:53ID: BB  Data: 00 00 00 AA 00 00 00 00 
"
"2016-11-21 14:01:53ID: BC  Data: 00 00 00 AA 00 00 00 00 
"
"2016-11-21 14:01:53ID: BB  Data: 00 00 00 AA 00 00 00 00 
"
"2016-11-21 14:01:53ID: BC  Data: 00 00 00 AA 00 00 00 00 
"
"2016-11-21 14:01:53ID: BB  Data: 00 00 00 AA 00 00 00 00 
"
"2016-11-21 14:01:53ID: BC  Data: 00 00 00 AA 00 00 00 00 
"
"2016-11-21 14:01:53ID: BB  Data: 00 00 00 AA 00 00 00 00 
"
"2016-11-21 14:01:53ID: BC  Data: 00 00 00 AA 00 00 00 00 
"
"2016-11-21 14:01:53ID: BB  Data: 00 00 00 AA 00 00 00 00 
"
"2016-11-21 14:01:53ID: BC  Data: 00 00 00 AA 00 00 00 00 
"
"2016-11-21 14:01:54ID: BB  Data: 00 00 00 AA 00 00 00 00 
"
"2016-11-21 14:01:54ID: BC  Data: 00 00 00 AA 00 00 00 00 
"
"2016-11-21 14:01:54ID: BB  Data: 00 00 00 AA 00 00 00 00 
"
"2016-11-21 14:01:54ID: BC  Data: 00 00 00 AA 00 00 00 00 
"
"2016-11-21 14:01:54ID: BB  Data: 00 00 00 AA 00 00 00 00 
"
"2016-11-21 14:01:54ID: BC  Data: 00 00 00 AA 00 00 00 00 
"
"2016-11-21 14:01:54ID: BB  Data: 00 00 00 AA 00 00 00 00 
"
"2016-11-21 14:01:54ID: BC  Data: 00 00 00 AA 00 00 00 00 
"
"2016-11-21 14:01:54ID: BB  Data: 00 00 00 AA 00 00 00 00 
"
"2016-11-21 14:01:54ID: BC  Data: 00 00 00 AA 00 00 00 00 
"
"2016-11-21 14:01:54ID: BB  Data: 00 00 00 AA 00 00 00 00 
"
"2016-11-21 14:01:54ID: BC  Data: 00 00 00 AA 00 00 00 00 
"
"2016-11-21 14:01:54ID: BB  Data: 00 00 00 AA 00 00 00 00 
"
"2016-11-21 14:01:54ID: BC  Data: 00 00 00 AA 00 00 00 00 
"
"2016-11-21 14:01:54ID: BB  Data: 00 00 00 AA 00 00 00 00 
"
"2016-11-21 14:01:54ID: BC  Data: 00 00 00 AA 00 00 00 00 
"
"2016-11-21 14:01:54ID: BB  Data: 00 00 00 AA 00 00 00 00 
"
"2016-11-21 14:01:54ID: BC  Data: 00 00 00 AA 00 00 00 00 
"
"2016-11-21 14:01:54ID: BB  Data: 00 00 00 AA 00 00 00 00 
"
"2016-11-21 14:01:54ID: BC  Data: 00 00 00 AA 00 00 00 00 
"
"2016-11-21 14:01:54ID: BB  Data: 00 00 00 AA 00 00 00 00 
"
"2016-11-21 14:01:54ID: BC  Data: 00 00 00 AA 00 00 00 00 
"
"2016-11-21 14:01:55ID: BB  Data: 00 00 00 AA 00 00 00 00 
"
"2016-11-21 14:01:55ID: BC  Data: 00 00 00 AA 00 00 00 00 
"
"2016-11-21 14:01:55ID: BB  Data: 00 00 00 AA 00 00 00 00 
"
"2016-11-21 14:01:55ID: BC  Data: 00 00 00 AA 00 00 00 00 
"
"2016-11-21 14:01:55ID: BB  Data: 00 00 00 AA 00 00 00 00 
"
"2016-11-21 14:01:55ID: BC  Data: 00 00 00 AA 00 00 00 00 
"
"2016-11-21 14:01:55ID: BB  Data: 00 00 00 AA 00 00 00 00 
"
"2016-11-21 14:01:55ID: BC  Data: 00 00 00 AA 00 00 00 00 
"
"2016-11-21 14:01:55ID: BB  Data: 00 00 00 AA 00 00 00 00 
"
"2016-11-21 14:01:55ID: BC  Data: 00 00 00 AA 00 00 00 00 
"
"2016-11-21 14:01:55ID: BB  Data: 00 00 00 AA 00 00 00 00 
"
"2016-11-21 14:01:55ID: BC  Data: 00 00 00 AA 00 00 00 00 
"
"2016-11-21 14:01:55ID: BB  Data: 00 00 00 AA 00 00 00 00 
"
"2016-11-21 14:01:55ID: BC  Data: 00 00 00 AA 00 00 00 00 
"
"2016-11-21 14:01:55ID: BB  Data: 00 00 00 AA 00 00 00 00 
"
"2016-11-21 14:01:55ID: BC  Data: 00 00 00 AA 00 00 00 00 
"
"2016-11-21 14:01:55ID: BB  Data: 00 00 00 AA 00 00 00 00 
"
"2016-11-21 14:01:55ID: BC  Data: 00 00 00 AA 00 00 00 00 
"
"2016-11-21 14:01:55ID: BB  Data: 00 00 00 AA 00 00 00 00 
"
"2016-11-21 14:01:55ID: BC  Data: 00 00 00 AA 00 00 00 00 
"
"2016-11-21 14:01:55ID: BB  Data: 00 00 00 AA 00 00 00 00 
"
"2016-11-21 14:01:55ID: BC  Data: 00 00 00 AA 00 00 00 00 
"
"2016-11-21 14:01:55ID: BB  Data: 00 00 00 AA 00 00 00 00 
"
"2016-11-21 14:01:55ID: BC  Data: 00 00 00 AA 00 00 00 00 
"
"2016-11-21 14:01:56ID: BB  Data: 00 00 00 AA 00 00 00 00 
"
"2016-11-21 14:01:56ID: BC  Data: 00 00 00 AA 00 00 00 00 
"
"2016-11-21 14:01:56ID: BB  Data: 00 00 00 AA 00 00 00 00 
"
"2016-11-21 14:01:56ID: BC  Data: 00 00 00 AA 00 00 00 00 
"
"2016-11-21 14:01:56ID: BB  Data: 00 00 00 AA 00 00 00 00 
"
"2016-11-21 14:01:56ID: BC  Data: 00 00 00 AA 00 00 00 00 
"
"2016-11-21 14:01:56ID: BB  Data: 00 00 00 AA 00 00 00 00 
"
"2016-11-21 14:01:56ID: BC  Data: 00 00 00 AA 00 00 00 00 
"
"2016-11-21 14:01:56ID: BB  Data: 00 00 00 AA 00 00 00 00 
"
"2016-11-21 14:01:56ID: BC  Data: 00 00 00 AA 00 00 00 00 
"
"2016-11-21 14:01:56ID: BB  Data: 00 00 00 AA 00 00 00 00 
"
"2016-11-21 14:01:56ID: BC  Data: 00 00 00 AA 00 00 00 00 
"
"2016-11-21 14:01:56ID: BB  Data: 00 00 00 AA 00 00 00 00 
"
"2016-11-21 14:01:56ID: BC  Data: 00 00 00 AA 00 00 00 00 
"
"2016-11-21 14:01:56ID: BB  Data: 00 00 00 AA 00 00 00 00 
"
"2016-11-21 14:01:56ID: BC  Data: 00 00 00 AA 00 00 00 00 
"
"2016-11-21 14:01:56ID: BB  Data: 00 00 00 AA 00 00 00 00 
"
"2016-11-21 14:01:56ID: BC  Data: 00 00 00 AA 00 00 00 00 
"
"2016-11-21 14:01:56ID: BB  Data: 00 00 00 AA 00 00 00 00 
"
"2016-11-21 14:01:56ID: BC  Data: 00 00 00 AA 00 00 00 00 
"
"2016-11-21 14:01:56ID: BB  Data: 00 00 00 AA 00 00 00 00 
"
"2016-11-21 14:01:56ID: BC  Data: 00 00 00 AA 00 00 00 00 
"
"2016-11-21 14:01:57ID: BB  Data: 00 00 00 AA 00 00 00 00 
"
"2016-11-21 14:01:57ID: BC  Data: 00 00 00 AA 00 00 00 00 
"
"2016-11-21 14:01:57ID: BB  Data: 00 00 00 AA 00 00 00 00 
"
"2016-11-21 14:01:57ID: BC  Data: 00 00 00 AA 00 00 00 00 
"
"2016-11-21 14:01:57ID: BB  Data: 00 00 00 AA 00 00 00 00 
"
"2016-11-21 14:01:57ID: BC  Data: 00 00 00 AA 00 00 00 00 
"
"2016-11-21 14:01:57ID: BB  Data: 00 00 00 AA 00 00 00 00 
"
"2016-11-21 14:01:57ID: BC  Data: 00 00 00 AA 00 00 00 00 
"
"2016-11-21 14:01:57ID: BB  Data: 00 00 00 AA 00 00 00 00 
"
"2016-11-21 14:01:57ID: BC  Data: 00 00 00 AA 00 00 00 00 
"
"2016-11-21 14:01:57ID: BB  Data: 00 00 00 AA 00 00 00 00 
"
"2016-11-21 14:01:57ID: BC  Data: 00 00 00 AA 00 00 00 00 
"
"2016-11-21 14:01:57ID: BB  Data: 00 00 00 AA 00 00 00 00 
"
"2016-11-21 14:01:57ID: BC  Data: 00 00 00 AA 00 00 00 00 
"
"2016-11-21 14:01:57ID: BB  Data: 00 00 00 AA 00 00 00 00 
"
"2016-11-21 14:01:57ID: BC  Data: 00 00 00 AA 00 00 00 00 
"
"2016-11-21 14:01:57ID: BB  Data: 00 00 00 AA 00 00 00 00 
"
"2016-11-21 14:01:57ID: BC  Data: 00 00 00 AA 00 00 00 00 
"
"2016-11-21 14:01:57ID: BB  Data: 00 00 00 AA 00 00 00 00 
"
"2016-11-21 14:01:57ID: BC  Data: 00 00 00 AA 00 00 00 00 
"
"2016-11-21 14:01:57ID: BB  Data: 00 00 00 AA 00 00 00 00 
"
"2016-11-21 14:01:57ID: BC  Data: 00 00 00 AA 00 00 00 00 
"
"2016-11-21 14:01:58ID: BB  Data: 00 00 00 AA 00 00 00 00 
"
"2016-11-21 14:01:58ID: BC  Data: 00 00 00 AA 00 00 00 00 
"
"2016-11-21 14:01:58ID: BB  Data: 00 00 00 AA 00 00 00 00 
"
"2016-11-21 14:01:58ID: BC  Data: 00 00 00 AA 00 00 00 00 
"
"2016-11-21 14:01:58ID: BB  Data: 00 00 00 AA 00 00 00 00 
"
"2016-11-21 14:01:58ID: BC  Data: 00 00 00 AA 00 00 00 00 
"
"2016-11-21 14:01:58ID: BB  Data: 00 00 00 AA 00 00 00 00 
"
"2016-11-21 14:01:58ID: BC  Data: 00 00 00 AA 00 00 00 00 
"
"2016-11-21 14:01:58ID: BB  Data: 00 00 00 AA 00 00 00 00 
"
"2016-11-21 14:01:58ID: BC  Data: 00 00 00 AA 00 00 00 00 
"
"2016-11-21 14:01:58ID: BB  Data: 00 00 00 AA 00 00 00 00 
"
"2016-11-21 14:01:58ID: BC  Data: 00 00 00 AA 00 00 00 00 
"
"2016-11-21 14:01:58ID: BB  Data: 00 00 00 AA 00 00 00 00 
"
"2016-11-21 14:01:58ID: BC  Data: 00 00 00 AA 00 00 00 00 
"
"2016-11-21 14:01:58ID: BB  Data: 00 00 00 AA 00 00 00 00 
"
"2016-11-21 14:01:58ID: BC  Data: 00 00 00 AA 00 00 00 00 
"
"2016-11-21 14:01:58ID: BB  Data: 00 00 00 AA 00 00 00 00 
"
"2016-11-21 14:01:58ID: BC  Data: 00 00 00 AA 00 00 00 00 
"
"2016-11-21 14:01:58ID: BB  Data: 00 00 00 AA 00 00 00 00 
"
"2016-11-21 14:01:58ID: BC  Data: 00 00 00 AA 00 00 00 00 
"
"2016-11-21 14:01:58ID: BB  Data: 00 00 00 AA 00 00 00 00 
"
"2016-11-21 14:01:58ID: BC  Data: 00 00 00 AA 00 00 00 00 
"
"2016-11-21 14:01:58ID: BB  Data: 00 00 00 AA 00 00 00 00 
"
"2016-11-21 14:01:58ID: BC  Data: 00 00 00 AA 00 00 00 00 
"
"2016-11-21 14:01:59ID: BB  Data: 00 00 00 AA 00 00 00 00 
"
"2016-11-21 14:01:59ID: BC  Data: 00 00 00 AA 00 00 00 00 
"
"2016-11-21 14:01:59ID: BB  Data: 00 00 00 AA 00 00 00 00 
"
"2016-11-21 14:01:59ID: BC  Data: 00 00 00 AA 00 00 00 00 
"
"2016-11-21 14:01:59ID: BB  Data: 00 00 00 AA 00 00 00 00 
"
"2016-11-21 14:01:59ID: BC  Data: 00 00 00 AA 00 00 00 00 
"
"2016-11-21 14:01:59ID: BB  Data: 00 00 00 AA 00 00 00 00 
"
"2016-11-21 14:01:59ID: BC  Data: 00 00 00 AA 00 00 00 00 
"
"2016-11-21 14:01:59ID: BB  Data: 00 00 00 AA 00 00 00 00 
"
"2016-11-21 14:01:59ID: BC  Data: 00 00 00 AA 00 00 00 00 
"
"2016-11-21 14:01:59ID: BB  Data: 00 00 00 AA 00 00 00 00 
"
"2016-11-21 14:01:59ID: BC  Data: 00 00 00 AA 00 00 00 00 
"
"2016-11-21 14:01:59ID: BB  Data: 00 00 00 AA 00 00 00 00 
"
"2016-11-21 14:01:59ID: BC  Data: 00 00 00 AA 00 00 00 00 
"
"2016-11-21 14:01:59ID: BB  Data: 00 00 00 AA 00 00 00 00 
"
"2016-11-21 14:01:59ID: BC  Data: 00 00 00 AA 00 00 00 00 
"
"2016-11-21 14:01:59ID: BB  Data: 00 00 00 AA 00 00 00 00 
"
"2016-11-21 14:01:59ID: BC  Data: 00 00 00 AA 00 00 00 00 
"
"2016-11-21 14:01:59ID: BB  Data: 00 00 00 AA 00 00 00 00 
"
"2016-11-21 14:01:59ID: BC  Data: 00 00 00 AA 00 00 00 00 
"
"2016-11-21 14:01:59ID: BB  Data: 00 00 00 AA 00 00 00 00 
"
"2016-11-21 14:01:59ID: BC  Data: 00 00 00 AA 00 00 00 00 
"
"2016-11-21 14:02:00ID: BB  Data: 00 00 00 AA 00 00 00 00 
"
"2016-11-21 14:02:00ID: BC  Data: 00 00 00 AA 00 00 00 00 
"
"2016-11-21 14:02:00ID: BB  Data: 00 00 00 AA 00 00 00 00 
"
"2016-11-21 14:02:00ID: BC  Data: 00 00 00 AA 00 00 00 00 
"
"2016-11-21 14:02:00ID: BB  Data: 00 00 00 AA 00 00 00 00 
"
"2016-11-21 14:02:00ID: BC  Data: 00 00 00 AA 00 00 00 00 
"
"2016-11-21 14:02:00ID: BB  Data: 00 00 00 AA 00 00 00 00 
"
"2016-11-21 14:02:00ID: BC  Data: 00 00 00 AA 00 00 00 00 
"
"2016-11-21 14:02:00ID: BB  Data: 00 00 00 AA 00 00 00 00 
"
"2016-11-21 14:02:00ID: BC  Data: 00 00 00 AA 00 00 00 00 
"
"2016-11-21 14:02:00ID: BB  Data: 00 00 00 AA 00 00 00 00 
"
"2016-11-21 14:02:00ID: BC  Data: 00 00 00 AA 00 00 00 00 
"
"2016-11-21 14:02:00ID: BB  Data: 00 00 00 AA 00 00 00 00 
"
"2016-11-21 14:02:00ID: BC  Data: 00 00 00 AA 00 00 00 00 
"
"2016-11-21 14:02:00ID: BB  Data: 00 00 00 AA 00 00 00 00 
"
"2016-11-21 14:02:00ID: BC  Data: 00 00 00 AA 00 00 00 00 
"
"2016-11-21 14:02:00ID: BB  Data: 00 00 00 AA 00 00 00 00 
"
"2016-11-21 14:02:00ID: BC  Data: 00 00 00 AA 00 00 00 00 
"
"2016-11-21 14:02:00ID: BB  Data: 00 00 00 AA 00 00 00 00 
"
"2016-11-21 14:02:00ID: BC  Data: 00 00 00 AA 00 00 00 00 
"
"2016-11-21 14:02:00ID: BB  Data: 00 00 00 AA 00 00 00 00 
"
"2016-11-21 14:02:00ID: BC  Data: 00 00 00 AA 00 00 00 00 
"
"2016-11-21 14:02:00ID: BB  Data: 00 00 00 AA 00 00 00 00 
"
"2016-11-21 14:02:01ID: BC  Data: 00 00 00 AA 00 00 00 00 
"
"2016-11-21 14:02:01ID: BB  Data: 00 00 00 AA 00 00 00 00 
"
"2016-11-21 14:02:01ID: BC  Data: 00 00 00 AA 00 00 00 00 
"
"2016-11-21 14:02:01ID: BB  Data: 00 00 00 AA 00 00 00 00 
"
"2016-11-21 14:02:01ID: BC  Data: 00 00 00 AA 00 00 00 00 
"
"2016-11-21 14:02:01ID: BB  Data: 00 00 00 AA 00 00 00 00 
"
"2016-11-21 14:02:01ID: BC  Data: 00 00 00 AA 00 00 00 00 
"
"2016-11-21 14:02:01ID: BB  Data: 00 00 00 AA 00 00 00 00 
"
"2016-11-21 14:02:01ID: BC  Data: 00 00 00 AA 00 00 00 00 
"
"2016-11-21 14:02:01ID: BB  Data: 00 00 00 AA 00 00 00 00 
"
"2016-11-21 14:02:01ID: BC  Data: 00 00 00 AA 00 00 00 00 
"
"2016-11-21 14:02:01ID: BB  Data: 00 00 00 AA 00 00 00 00 
"
"2016-11-21 14:02:01ID: BC  Data: 00 00 00 AA 00 00 00 00 
"
"2016-11-21 14:02:01ID: BB  Data: 00 00 00 AA 00 00 00 00 
"
"2016-11-21 14:02:01ID: BC  Data: 00 00 00 AA 00 00 00 00 
"
"2016-11-21 14:02:01ID: BB  Data: 00 00 00 AA 00 00 00 00 
"
"2016-11-21 14:02:01ID: BC  Data: 00 00 00 AA 00 00 00 00 
"
"2016-11-21 14:02:01ID: BB  Data: 00 00 00 AA 00 00 00 00 
"
"2016-11-21 14:02:01ID: BC  Data: 00 00 00 AA 00 00 00 00 
"
"2016-11-21 14:02:01ID: BB  Data: 00 00 00 AA 00 00 00 00 
"
"2016-11-21 14:02:01ID: BC  Data: 00 00 00 AA 00 00 00 00 
"
"2016-11-21 14:02:01ID: BB  Data: 00 00 00 AA 00 00 00 00 
"
"2016-11-21 14:02:01ID: BC  Data: 00 00 00 AA 00 00 00 00 
"
"2016-11-21 14:02:02ID: BB  Data: 00 00 00 AA 00 00 00 00 
"
"2016-11-21 14:02:02ID: BC  Data: 00 00 00 AA 00 00 00 00 
"
"2016-11-21 14:02:02ID: BB  Data: 00 00 00 AA 00 00 00 00 
"
"2016-11-21 14:02:02ID: BC  Data: 00 00 00 AA 00 00 00 00 
"
"2016-11-21 14:02:02ID: BB  Data: 00 00 00 AA 00 00 00 00 
"
"2016-11-21 14:02:02ID: BC  Data: 00 00 00 AA 00 00 00 00 
"
"2016-11-21 14:02:02ID: BB  Data: 00 00 00 AA 00 00 00 00 
"
"2016-11-21 14:02:02ID: BC  Data: 00 00 00 AA 00 00 00 00 
"
"2016-11-21 14:02:02ID: BB  Data: 00 00 00 AA 00 00 00 00 
"
"2016-11-21 14:02:02ID: BC  Data: 00 00 00 AA 00 00 00 00 
"
"2016-11-21 14:02:02ID: BB  Data: 00 00 00 AA 00 00 00 00 
"
"2016-11-21 14:02:02ID: BC  Data: 00 00 00 AA 00 00 00 00 
"
"2016-11-21 14:02:02ID: BB  Data: 00 00 00 AA 00 00 00 00 
"
"2016-11-21 14:02:02ID: BC  Data: 00 00 00 AA 00 00 00 00 
"
"2016-11-21 14:02:02ID: BB  Data: 00 00 00 AA 00 00 00 00 
"
"2016-11-21 14:02:02ID: BC  Data: 00 00 00 AA 00 00 00 00 
"
"2016-11-21 14:02:02ID: BB  Data: 00 00 00 AA 00 00 00 00 
"
"2016-11-21 14:02:02ID: BC  Data: 00 00 00 AA 00 00 00 00 
"
"2016-11-21 14:02:02ID: BB  Data: 00 00 00 AA 00 00 00 00 
"
"2016-11-21 14:02:02ID: BC  Data: 00 00 00 AA 00 00 00 00 
"
"2016-11-21 14:02:02ID: BB  Data: 00 00 00 AA 00 00 00 00 
"
"2016-11-21 14:02:02ID: BC  Data: 00 00 00 AA 00 00 00 00 
"
"2016-11-21 14:02:03ID: BB  Data: 00 00 00 AA 00 00 00 00 
"
"2016-11-21 14:02:03ID: BC  Data: 00 00 00 AA 00 00 00 00 
"
"2016-11-21 14:02:03ID: BB  Data: 00 00 00 AA 00 00 00 00 
"
"2016-11-21 14:02:03ID: BC  Data: 00 00 00 AA 00 00 00 00 
"
"2016-11-21 14:02:03ID: BB  Data: 00 00 00 AA 00 00 00 00 
"
"2016-11-21 14:02:03ID: BC  Data: 00 00 00 AA 00 00 00 00 
"
"2016-11-21 14:02:03ID: BB  Data: 00 00 00 AA 00 00 00 00 
"
"2016-11-21 14:02:03ID: BC  Data: 00 00 00 AA 00 00 00 00 
"
"2016-11-21 14:02:03ID: BB  Data: 00 00 00 AA 00 00 00 00 
"
"2016-11-21 14:02:03ID: BC  Data: 00 00 00 AA 00 00 00 00 
"
"2016-11-21 14:02:03ID: BB  Data: 00 00 00 AA 00 00 00 00 
"
"2016-11-21 14:02:03ID: BC  Data: 00 00 00 AA 00 00 00 00 
"
"2016-11-21 14:02:03ID: BB  Data: 00 00 00 AA 00 00 00 00 
"
"2016-11-21 14:02:03ID: BC  Data: 00 00 00 AA 00 00 00 00 
"
"2016-11-21 14:02:03ID: BB  Data: 00 00 00 AA 00 00 00 00 
"
"2016-11-21 14:02:03ID: BC  Data: 00 00 00 AA 00 00 00 00 
"
"2016-11-21 14:02:03ID: BB  Data: 00 00 00 AA 00 00 00 00 
"
"2016-11-21 14:02:03ID: BC  Data: 00 00 00 AA 00 00 00 00 
"
"2016-11-21 14:02:03ID: BB  Data: 00 00 00 AA 00 00 00 00 
"
"2016-11-21 14:02:03ID: BC  Data: 00 00 00 AA 00 00 00 00 
"
"2016-11-21 14:02:03ID: BB  Data: 00 00 00 AA 00 00 00 00 
"
"2016-11-21 14:02:03ID: BC  Data: 00 00 00 AA 00 00 00 00 
"
"2016-11-21 14:02:03ID: BB  Data: 00 00 00 AA 00 00 00 00 
"
"2016-11-21 14:02:03ID: BC  Data: 00 00 00 AA 00 00 00 00 
"
"2016-11-21 14:02:04ID: BB  Data: 00 00 00 AA 00 00 00 00 
"
"2016-11-21 14:02:04ID: BC  Data: 00 00 00 AA 00 00 00 00 
"
"2016-11-21 14:02:04ID: BB  Data: 00 00 00 AA 00 00 00 00 
"
"2016-11-21 14:02:04ID: BC  Data: 00 00 00 AA 00 00 00 00 
"
"2016-11-21 14:02:04ID: BB  Data: 00 00 00 AA 00 00 00 00 
"
"2016-11-21 14:02:04ID: BC  Data: 00 00 00 AA 00 00 00 00 
"
"2016-11-21 14:02:04ID: BB  Data: 00 00 00 AA 00 00 00 00 
"
"2016-11-21 14:02:04ID: BC  Data: 00 00 00 AA 00 00 00 00 
"
"2016-11-21 14:02:04ID: BB  Data: 00 00 00 AA 00 00 00 00 
"
"2016-11-21 14:02:04ID: BC  Data: 00 00 00 AA 00 00 00 00 
"
"2016-11-21 14:02:04ID: BB  Data: 00 00 00 AA 00 00 00 00 
"
"2016-11-21 14:02:04ID: BC  Data: 00 00 00 AA 00 00 00 00 
"
"2016-11-21 14:02:04ID: BB  Data: 00 00 00 AA 00 00 00 00 
"
"2016-11-21 14:02:04ID: BC  Data: 00 00 00 AA 00 00 00 00 
"
"2016-11-21 14:02:04ID: BB  Data: 00 00 00 AA 00 00 00 00 
"
"2016-11-21 14:02:04ID: BC  Data: 00 00 00 AA 00 00 00 00 
"
"2016-11-21 14:02:04ID: BB  Data: 00 00 00 AA 00 00 00 00 
"
"2016-11-21 14:02:04ID: BC  Data: 00 00 00 AA 00 00 00 00 
"
"2016-11-21 14:02:04ID: BB  Data: 00 00 00 AA 00 00 00 00 
"
"2016-11-21 14:02:04ID: BC  Data: 00 00 00 AA 00 00 00 00 
"
"2016-11-21 14:02:04ID: BB  Data: 00 00 00 AA 00 00 00 00 
"
"2016-11-21 14:02:04ID: BC  Data: 00 00 00 AA 00 00 00 00 
"
"2016-11-21 14:02:05ID: BB  Data: 00 00 00 AA 00 00 00 00 
"
"2016-11-21 14:02:05ID: BC  Data: 00 00 00 AA 00 00 00 00 
"
"2016-11-21 14:02:05ID: BB  Data: 00 00 00 AA 00 00 00 00 
"
"2016-11-21 14:02:05ID: BC  Data: 00 00 00 AA 00 00 00 00 
"
"2016-11-21 14:02:05ID: BB  Data: 00 00 00 AA 00 00 00 00 
"
"2016-11-21 14:02:05ID: BC  Data: 00 00 00 AA 00 00 00 00 
"
"2016-11-21 14:02:05ID: BB  Data: 00 00 00 AA 00 00 00 00 
"
"2016-11-21 14:02:05ID: BC  Data: 00 00 00 AA 00 00 00 00 
"
"2016-11-21 14:02:05ID: BB  Data: 00 00 00 AA 00 00 00 00 
"
"2016-11-21 14:02:05ID: BC  Data: 00 00 00 AA 00 00 00 00 
"
"2016-11-21 14:02:05ID: BB  Data: 00 00 00 AA 00 00 00 00 
"
"2016-11-21 14:02:05ID: BC  Data: 00 00 00 AA 00 00 00 00 
"
"2016-11-21 14:02:05ID: BB  Data: 00 00 00 AA 00 00 00 00 
"
"2016-11-21 14:02:05ID: BC  Data: 00 00 00 AA 00 00 00 00 
"
"2016-11-21 14:02:05ID: BB  Data: 00 00 00 AA 00 00 00 00 
"
"2016-11-21 14:02:05ID: BC  Data: 00 00 00 AA 00 00 00 00 
"
"2016-11-21 14:02:05ID: BB  Data: 00 00 00 AA 00 00 00 00 
"
"2016-11-21 14:02:05ID: BC  Data: 00 00 00 AA 00 00 00 00 
"
"2016-11-21 14:02:05ID: BB  Data: 00 00 00 AA 00 00 00 00 
"
"2016-11-21 14:02:05ID: BC  Data: 00 00 00 AA 00 00 00 00 
"
"2016-11-21 14:02:05ID: BB  Data: 00 00 00 AA 00 00 00 00 
"
"2016-11-21 14:02:05ID: BC  Data: 00 00 00 AA 00 00 00 00 
"
"2016-11-21 14:02:06ID: BB  Data: 00 00 00 AA 00 00 00 00 
"
"2016-11-21 14:02:06ID: BC  Data: 00 00 00 AA 00 00 00 00 
"
"2016-11-21 14:02:06ID: BB  Data: 00 00 00 AA 00 00 00 00 
"
"2016-11-21 14:02:06ID: BC  Data: 00 00 00 AA 00 00 00 00 
"
"2016-11-21 14:02:06ID: BB  Data: 00 00 00 AA 00 00 00 00 
"
"2016-11-21 14:02:06ID: BC  Data: 00 00 00 AA 00 00 00 00 
"
"2016-11-21 14:02:06ID: BB  Data: 00 00 00 AA 00 00 00 00 
"
"2016-11-21 14:02:06ID: BC  Data: 00 00 00 AA 00 00 00 00 
"
"2016-11-21 14:02:06ID: BB  Data: 00 00 00 AA 00 00 00 00 
"
"2016-11-21 14:02:06ID: BC  Data: 00 00 00 AA 00 00 00 00 
"
"2016-11-21 14:02:06ID: BB  Data: 00 00 00 AA 00 00 00 00 
"
"2016-11-21 14:02:06ID: BC  Data: 00 00 00 AA 00 00 00 00 
"
"2016-11-21 14:02:06ID: BB  Data: 00 00 00 AA 00 00 00 00 
"
"2016-11-21 14:02:06ID: BC  Data: 00 00 00 AA 00 00 00 00 
"
"2016-11-21 14:02:06ID: BB  Data: 00 00 00 AA 00 00 00 00 
"
"2016-11-21 14:02:06ID: BC  Data: 00 00 00 AA 00 00 00 00 
"
"2016-11-21 14:02:06ID: BB  Data: 00 00 00 AA 00 00 00 00 
"
"2016-11-21 14:02:06ID: BC  Data: 00 00 00 AA 00 00 00 00 
"
"2016-11-21 14:02:06ID: BB  Data: 00 00 00 AA 00 00 00 00 
"
"2016-11-21 14:02:06ID: BC  Data: 00 00 00 AA 00 00 00 00 
"
"2016-11-21 14:02:06ID: BB  Data: 00 00 00 AA 00 00 00 00 
"
"2016-11-21 14:02:06ID: BC  Data: 00 00 00 AA 00 00 00 00 
"
"2016-11-21 14:02:06ID: BB  Data: 00 00 00 AA 00 00 00 00 
"
"2016-11-21 14:02:06ID: BC  Data: 00 00 00 AA 00 00 00 00 
"
"2016-11-21 14:02:07ID: BB  Data: 00 00 00 AA 00 00 00 00 
"
"2016-11-21 14:02:07ID: BC  Data: 00 00 00 AA 00 00 00 00 
"
"2016-11-21 14:02:07ID: BB  Data: 00 00 00 AA 00 00 00 00 
"
"2016-11-21 14:02:07ID: BC  Data: 00 00 00 AA 00 00 00 00 
"
"2016-11-21 14:02:07ID: BB  Data: 00 00 00 AA 00 00 00 00 
"
"2016-11-21 14:02:07ID: BC  Data: 00 00 00 AA 00 00 00 00 
"
"2016-11-21 14:02:07ID: BB  Data: 00 00 00 AA 00 00 00 00 
"
"2016-11-21 14:02:07ID: BC  Data: 00 00 00 AA 00 00 00 00 
"
"2016-11-21 14:02:07ID: BB  Data: 00 00 00 AA 00 00 00 00 
"
"2016-11-21 14:02:07ID: BC  Data: 00 00 00 AA 00 00 00 00 
"
"2016-11-21 14:02:07ID: BB  Data: 00 00 00 AA 00 00 00 00 
"
"2016-11-21 14:02:07ID: BC  Data: 00 00 00 AA 00 00 00 00 
"
"2016-11-21 14:02:07ID: BB  Data: 00 00 00 AA 00 00 00 00 
"
"2016-11-21 14:02:07ID: BC  Data: 00 00 00 AA 00 00 00 00 
"
"2016-11-21 14:02:07ID: BB  Data: 00 00 00 AA 00 00 00 00 
"
"2016-11-21 14:02:07ID: BC  Data: 00 00 00 AA 00 00 00 00 
"
"2016-11-21 14:02:07ID: BB  Data: 00 00 00 AA 00 00 00 00 
"
"2016-11-21 14:02:07ID: BC  Data: 00 00 00 AA 00 00 00 00 
"
"2016-11-21 14:02:07ID: BB  Data: 00 00 00 AA 00 00 00 00 
"
"2016-11-21 14:02:07ID: BC  Data: 00 00 00 AA 00 00 00 00 
"
"2016-11-21 14:02:07ID: BB  Data: 00 00 00 AA 00 00 00 00 
"
"2016-11-21 14:02:07ID: BC  Data: 00 00 00 AA 00 00 00 00 
"
"2016-11-21 14:02:08ID: BB  Data: 00 00 00 AA 00 00 00 00 
"
"2016-11-21 14:02:08ID: BC  Data: 00 00 00 AA 00 00 00 00 
"
"2016-11-21 14:02:08ID: BB  Data: 00 00 00 AA 00 00 00 00 
"
"2016-11-21 14:02:08ID: BC  Data: 00 00 00 AA 00 00 00 00 
"
"2016-11-21 14:02:08ID: BB  Data: 00 00 00 AA 00 00 00 00 
"
"2016-11-21 14:02:08ID: BC  Data: 00 00 00 AA 00 00 00 00 
"
"2016-11-21 14:02:08ID: BB  Data: 00 00 00 AA 00 00 00 00 
"
"2016-11-21 14:02:08ID: BC  Data: 00 00 00 AA 00 00 00 00 
"
"2016-11-21 14:02:08ID: BB  Data: 00 00 00 AA 00 00 00 00 
"
"2016-11-21 14:02:08ID: BC  Data: 00 00 00 AA 00 00 00 00 
"
"2016-11-21 14:02:08ID: BB  Data: 00 00 00 AA 00 00 00 00 
"
"2016-11-21 14:02:08ID: BC  Data: 00 00 00 AA 00 00 00 00 
"
"2016-11-21 14:02:08ID: BB  Data: 00 00 00 AA 00 00 00 00 
"
"2016-11-21 14:02:08ID: BC  Data: 00 00 00 AA 00 00 00 00 
"
"2016-11-21 14:02:08ID: BB  Data: 00 00 00 AA 00 00 00 00 
"
"2016-11-21 14:02:08ID: BC  Data: 00 00 00 AA 00 00 00 00 
"
"2016-11-21 14:02:08ID: BB  Data: 00 00 00 AA 00 00 00 00 
"
"2016-11-21 14:02:08ID: BC  Data: 00 00 00 AA 00 00 00 00 
"
"2016-11-21 14:02:08ID: BB  Data: 00 00 00 AA 00 00 00 00 
"
"2016-11-21 14:02:08ID: BC  Data: 00 00 00 AA 00 00 00 00 
"
"2016-11-21 14:02:08ID: BB  Data: 00 00 00 AA 00 00 00 00 
"
"2016-11-21 14:02:08ID: BC  Data: 00 00 00 AA 00 00 00 00 
"
"2016-11-21 14:02:08ID: BB  Data: 00 00 00 AA 00 00 00 00 
"
"2016-11-21 14:02:09ID: BC  Data: 00 00 00 AA 00 00 00 00 
"
"2016-11-21 14:02:09ID: BB  Data: 00 00 00 AA 00 00 00 00 
"
"2016-11-21 14:02:09ID: BC  Data: 00 00 00 AA 00 00 00 00 
"
"2016-11-21 14:02:09ID: BB  Data: 00 00 00 AA 00 00 00 00 
"
"2016-11-21 14:02:09ID: BC  Data: 00 00 00 AA 00 00 00 00 
"
"2016-11-21 14:02:09ID: BB  Data: 00 00 00 AA 00 00 00 00 
"
"2016-11-21 14:02:09ID: BC  Data: 00 00 00 AA 00 00 00 00 
"
"2016-11-21 14:02:09ID: BB  Data: 00 00 00 AA 00 00 00 00 
"
"2016-11-21 14:02:09ID: BC  Data: 00 00 00 AA 00 00 00 00 
"
"2016-11-21 14:02:09ID: BB  Data: 00 00 00 AA 00 00 00 00 
"
"2016-11-21 14:02:09ID: BC  Data: 00 00 00 AA 00 00 00 00 
"
"2016-11-21 14:02:09ID: BB  Data: 00 00 00 AA 00 00 00 00 
"
"2016-11-21 14:02:09ID: BC  Data: 00 00 00 AA 00 00 00 00 
"
"2016-11-21 14:02:09ID: BB  Data: 00 00 00 AA 00 00 00 00 
"
"2016-11-21 14:02:09ID: BC  Data: 00 00 00 AA 00 00 00 00 
"
"2016-11-21 14:02:09ID: BB  Data: 00 00 00 AA 00 00 00 00 
"
"2016-11-21 14:02:09ID: BC  Data: 00 00 00 AA 00 00 00 00 
"
"2016-11-21 14:02:09ID: BB  Data: 00 00 00 AA 00 00 00 00 
"
"2016-11-21 14:02:09ID: BC  Data: 00 00 00 AA 00 00 00 00 
"
"2016-11-21 14:02:09ID: BB  Data: 00 00 00 AA 00 00 00 00 
"
"2016-11-21 14:02:09ID: BC  Data: 00 00 00 AA 00 00 00 00 
"
"2016-11-21 14:02:09ID: BB  Data: 00 00 00 AA 00 00 00 00 
"
"2016-11-21 14:02:09ID: BC  Data: 00 00 00 AA 00 00 00 00 
"
"2016-11-21 14:02:10ID: BB  Data: 00 00 00 AA 00 00 00 00 
"
"2016-11-21 14:02:10ID: BC  Data: 00 00 00 AA 00 00 00 00 
"
"2016-11-21 14:02:10ID: BB  Data: 00 00 00 AA 00 00 00 00 
"
"2016-11-21 14:02:10ID: BC  Data: 00 00 00 AA 00 00 00 00 
"
"2016-11-21 14:02:10ID: BB  Data: 00 00 00 AA 00 00 00 00 
"
"2016-11-21 14:02:10ID: BC  Data: 00 00 00 AA 00 00 00 00 
"
"2016-11-21 14:02:10ID: BB  Data: 00 00 00 AA 00 00 00 00 
"
"2016-11-21 14:02:10ID: BC  Data: 00 00 00 AA 00 00 00 00 
"
"2016-11-21 14:02:10ID: BB  Data: 00 00 00 AA 00 00 00 00 
"
"2016-11-21 14:02:10ID: BC  Data: 00 00 00 AA 00 00 00 00 
"
"2016-11-21 14:02:10ID: BB  Data: 00 00 00 AA 00 00 00 00 
"
"2016-11-21 14:02:10ID: BC  Data: 00 00 00 AA 00 00 00 00 
"
"2016-11-21 14:02:10ID: BB  Data: 00 00 00 AA 00 00 00 00 
"
"2016-11-21 14:02:10ID: BC  Data: 00 00 00 AA 00 00 00 00 
"
"2016-11-21 14:02:10ID: BB  Data: 00 00 00 AA 00 00 00 00 
"
"2016-11-21 14:02:10ID: BC  Data: 00 00 00 AA 00 00 00 00 
"
"2016-11-21 14:02:10ID: BB  Data: 00 00 00 AA 00 00 00 00 
"
"2016-11-21 14:02:10ID: BC  Data: 00 00 00 AA 00 00 00 00 
"
"2016-11-21 14:02:10ID: BB  Data: 00 00 00 AA 00 00 00 00 
"
"2016-11-21 14:02:10ID: BC  Data: 00 00 00 AA 00 00 00 00 
"
"2016-11-21 14:02:10ID: BB  Data: 00 00 00 AA 00 00 00 00 
"
"2016-11-21 14:02:10ID: BC  Data: 00 00 00 AA 00 00 00 00 
"
"2016-11-21 14:02:11ID: BB  Data: 00 00 00 AA 00 00 00 00 
"
"2016-11-21 14:02:11ID: BC  Data: 00 00 00 AA 00 00 00 00 
"
"2016-11-21 14:02:11ID: BB  Data: 00 00 00 AA 00 00 00 00 
"
"2016-11-21 14:02:11ID: BC  Data: 00 00 00 AA 00 00 00 00 
"
"2016-11-21 14:02:11ID: BB  Data: 00 00 00 AA 00 00 00 00 
"
"2016-11-21 14:02:11ID: BC  Data: 00 00 00 AA 00 00 00 00 
"
"2016-11-21 14:02:11ID: BB  Data: 00 00 00 AA 00 00 00 00 
"
"2016-11-21 14:02:11ID: BC  Data: 00 00 00 AA 00 00 00 00 
"
"2016-11-21 14:02:11ID: BB  Data: 00 00 00 AA 00 00 00 00 
"
"2016-11-21 14:02:11ID: BC  Data: 00 00 00 AA 00 00 00 00 
"
"2016-11-21 14:02:11ID: BB  Data: 00 00 00 AA 00 00 00 00 
"
"2016-11-21 14:02:11ID: BC  Data: 00 00 00 AA 00 00 00 00 
"
"2016-11-21 14:02:11ID: BB  Data: 00 00 00 AA 00 00 00 00 
"
"2016-11-21 14:02:11ID: BC  Data: 00 00 00 AA 00 00 00 00 
"
"2016-11-21 14:02:11ID: BB  Data: 00 00 00 AA 00 00 00 00 
"
"2016-11-21 14:02:11ID: BC  Data: 00 00 00 AA 00 00 00 00 
"
"2016-11-21 14:02:11ID: BB  Data: 00 00 00 AA 00 00 00 00 
"
"2016-11-21 14:02:11ID: BC  Data: 00 00 00 AA 00 00 00 00 
"
"2016-11-21 14:02:11ID: BB  Data: 00 00 00 AA 00 00 00 00 
"
"2016-11-21 14:02:11ID: BC  Data: 00 00 00 AA 00 00 00 00 
"
"2016-11-21 14:02:11ID: BB  Data: 00 00 00 AA 00 00 00 00 
"
"2016-11-21 14:02:11ID: BC  Data: 00 00 00 AA 00 00 00 00 
"
"2016-11-21 14:02:11ID: BB  Data: 00 00 00 AA 00 00 00 00 
"
"2016-11-21 14:02:12ID: BC  Data: 00 00 00 AA 00 00 00 00 
"
"2016-11-21 14:02:12ID: BB  Data: 00 00 00 AA 00 00 00 00 
"
"2016-11-21 14:02:12ID: BC  Data: 00 00 00 AA 00 00 00 00 
"
"2016-11-21 14:02:12ID: BB  Data: 00 00 00 AA 00 00 00 00 
"
"2016-11-21 14:02:12ID: BC  Data: 00 00 00 AA 00 00 00 00 
"
"2016-11-21 14:02:12ID: BB  Data: 00 00 00 AA 00 00 00 00 
"
"2016-11-21 14:02:12ID: BC  Data: 00 00 00 AA 00 00 00 00 
"
"2016-11-21 14:02:12ID: BB  Data: 00 00 00 AA 00 00 00 00 
"
"2016-11-21 14:02:12ID: BC  Data: 00 00 00 AA 00 00 00 00 
"
"2016-11-21 14:02:12ID: BB  Data: 00 00 00 AA 00 00 00 00 
"
"2016-11-21 14:02:12ID: BC  Data: 00 00 00 AA 00 00 00 00 
"
"2016-11-21 14:02:12ID: BB  Data: 00 00 00 AA 00 00 00 00 
"
"2016-11-21 14:02:12ID: BC  Data: 00 00 00 AA 00 00 00 00 
"
"2016-11-21 14:02:12ID: BB  Data: 00 00 00 AA 00 00 00 00 
"
"2016-11-21 14:02:12ID: BC  Data: 00 00 00 AA 00 00 00 00 
"
"2016-11-21 14:02:12ID: BB  Data: 00 00 00 AA 00 00 00 00 
"
"2016-11-21 14:02:12ID: BC  Data: 00 00 00 AA 00 00 00 00 
"
"2016-11-21 14:02:12ID: BB  Data: 00 00 00 AA 00 00 00 00 
"
"2016-11-21 14:02:12ID: BC  Data: 00 00 00 AA 00 00 00 00 
"
"2016-11-21 14:02:12ID: BB  Data: 00 00 00 AA 00 00 00 00 
"
"2016-11-21 14:02:12ID: BC  Data: 00 00 00 AA 00 00 00 00 
"
"2016-11-21 14:02:12ID: BB  Data: 00 00 00 AA 00 00 00 00 
"
"2016-11-21 14:02:12ID: BC  Data: 00 00 00 AA 00 00 00 00 
"
"2016-11-21 14:02:13ID: BB  Data: 00 00 00 AA 00 00 00 00 
"
"2016-11-21 14:02:13ID: BC  Data: 00 00 00 AA 00 00 00 00 
"
"2016-11-21 14:02:13ID: BB  Data: 00 00 00 AA 00 00 00 00 
"
"2016-11-21 14:02:13ID: BC  Data: 00 00 00 AA 00 00 00 00 
"
"2016-11-21 14:02:13ID: BB  Data: 00 00 00 AA 00 00 00 00 
"
"2016-11-21 14:02:13ID: BC  Data: 00 00 00 AA 00 00 00 00 
"
"2016-11-21 14:02:13ID: BB  Data: 00 00 00 AA 00 00 00 00 
"
"2016-11-21 14:02:13ID: BC  Data: 00 00 00 AA 00 00 00 00 
"
"2016-11-21 14:02:13ID: BB  Data: 00 00 00 AA 00 00 00 00 
"
"2016-11-21 14:02:13ID: BC  Data: 00 00 00 AA 00 00 00 00 
"
"2016-11-21 14:02:13ID: BB  Data: 00 00 00 AA 00 00 00 00 
"
"2016-11-21 14:02:13ID: BC  Data: 00 00 00 AA 00 00 00 00 
"
"2016-11-21 14:02:13ID: BB  Data: 00 00 00 AA 00 00 00 00 
"
"2016-11-21 14:02:13ID: BC  Data: 00 00 00 AA 00 00 00 00 
"
"2016-11-21 14:02:13ID: BB  Data: 00 00 00 AA 00 00 00 00 
"
"2016-11-21 14:02:13ID: BC  Data: 00 00 00 AA 00 00 00 00 
"
"2016-11-21 14:02:13ID: BB  Data: 00 00 00 AA 00 00 00 00 
"
"2016-11-21 14:02:13ID: BC  Data: 00 00 00 AA 00 00 00 00 
"
"2016-11-21 14:02:13ID: BB  Data: 00 00 00 AA 00 00 00 00 
"
"2016-11-21 14:02:13ID: BC  Data: 00 00 00 AA 00 00 00 00 
"
"2016-11-21 14:02:13ID: BB  Data: 00 00 00 AA 00 00 00 00 
"
"2016-11-21 14:02:13ID: BC  Data: 00 00 00 AA 00 00 00 00 
"
"2016-11-21 14:02:14ID: BB  Data: 00 00 00 AA 00 00 00 00 
"
"2016-11-21 14:02:14ID: BC  Data: 00 00 00 AA 00 00 00 00 
"
"2016-11-21 14:02:14ID: BB  Data: 00 00 00 AA 00 00 00 00 
"
"2016-11-21 14:02:14ID: BC  Data: 00 00 00 AA 00 00 00 00 
"
"2016-11-21 14:02:14ID: BB  Data: 00 00 00 AA 00 00 00 00 
"
"2016-11-21 14:02:14ID: BC  Data: 00 00 00 AA 00 00 00 00 
"
"2016-11-21 14:02:14ID: BB  Data: 00 00 00 AA 00 00 00 00 
"
"2016-11-21 14:02:14ID: BC  Data: 00 00 00 AA 00 00 00 00 
"
"2016-11-21 14:02:14ID: BB  Data: 00 00 00 AA 00 00 00 00 
"
"2016-11-21 14:02:14ID: BC  Data: 00 00 00 AA 00 00 00 00 
"
"2016-11-21 14:02:14ID: BB  Data: 00 00 00 AA 00 00 00 00 
"
"2016-11-21 14:02:14ID: BC  Data: 00 00 00 AA 00 00 00 00 
"
"2016-11-21 14:02:14ID: BB  Data: 00 00 00 AA 00 00 00 00 
"
"2016-11-21 14:02:14ID: BC  Data: 00 00 00 AA 00 00 00 00 
"
"2016-11-21 14:02:14ID: BB  Data: 00 00 00 AA 00 00 00 00 
"
"2016-11-21 14:02:14ID: BC  Data: 00 00 00 AA 00 00 00 00 
"
"2016-11-21 14:02:14ID: BB  Data: 00 00 00 AA 00 00 00 00 
"
"2016-11-21 14:02:14ID: BC  Data: 00 00 00 AA 00 00 00 00 
"
"2016-11-21 14:02:14ID: BB  Data: 00 00 00 AA 00 00 00 00 
"
"2016-11-21 14:02:14ID: BC  Data: 00 00 00 AA 00 00 00 00 
"
"2016-11-21 14:02:14ID: BB  Data: 00 00 00 AA 00 00 00 00 
"
"2016-11-21 14:02:14ID: BC  Data: 00 00 00 AA 00 00 00 00 
"
"2016-11-21 14:02:14ID: BB  Data: 00 00 00 AA 00 00 00 00 
"
"2016-11-21 14:02:14ID: BC  Data: 00 00 00 AA 00 00 00 00 
"
"2016-11-21 14:02:15ID: BB  Data: 00 00 00 AA 00 00 00 00 
"
"2016-11-21 14:02:15ID: BC  Data: 00 00 00 AA 00 00 00 00 
"
"2016-11-21 14:02:15ID: BB  Data: 00 00 00 AA 00 00 00 00 
"
"2016-11-21 14:02:15ID: BC  Data: 00 00 00 AA 00 00 00 00 
"
"2016-11-21 14:02:15ID: BB  Data: 00 00 00 AA 00 00 00 00 
"
"2016-11-21 14:02:15ID: BC  Data: 00 00 00 AA 00 00 00 00 
"
"2016-11-21 14:02:15ID: BB  Data: 00 00 00 AA 00 00 00 00 
"
"2016-11-21 14:02:15ID: BC  Data: 00 00 00 AA 00 00 00 00 
"
"2016-11-21 14:02:15ID: BB  Data: 00 00 00 AA 00 00 00 00 
"
"2016-11-21 14:02:15ID: BC  Data: 00 00 00 AA 00 00 00 00 
"
"2016-11-21 14:02:15ID: BB  Data: 00 00 00 AA 00 00 00 00 
"
"2016-11-21 14:02:15ID: BC  Data: 00 00 00 AA 00 00 00 00 
"
"2016-11-21 14:02:15ID: BB  Data: 00 00 00 AA 00 00 00 00 
"
"2016-11-21 14:02:15ID: BC  Data: 00 00 00 AA 00 00 00 00 
"
"2016-11-21 14:02:15ID: BB  Data: 00 00 00 AA 00 00 00 00 
"
"2016-11-21 14:02:15ID: BC  Data: 00 00 00 AA 00 00 00 00 
"
"2016-11-21 14:02:15ID: BB  Data: 00 00 00 AA 00 00 00 00 
"
"2016-11-21 14:02:15ID: BC  Data: 00 00 00 AA 00 00 00 00 
"
"2016-11-21 14:02:15ID: BB  Data: 00 00 00 AA 00 00 00 00 
"
"2016-11-21 14:02:15ID: BC  Data: 00 00 00 AA 00 00 00 00 
"
"2016-11-21 14:02:15ID: BB  Data: 00 00 00 AA 00 00 00 00 
"
"2016-11-21 14:02:15ID: BC  Data: 00 00 00 AA 00 00 00 00 
"
"2016-11-21 14:02:16ID: BB  Data: 00 00 00 AA 00 00 00 00 
"
"2016-11-21 14:02:16ID: BC  Data: 00 00 00 AA 00 00 00 00 
"
"2016-11-21 14:02:16ID: BB  Data: 00 00 00 AA 00 00 00 00 
"
"2016-11-21 14:02:16ID: BC  Data: 00 00 00 AA 00 00 00 00 
"
"2016-11-21 14:02:16ID: BB  Data: 00 00 00 AA 00 00 00 00 
"
"2016-11-21 14:02:16ID: BC  Data: 00 00 00 AA 00 00 00 00 
"
"2016-11-21 14:02:16ID: BB  Data: 00 00 00 AA 00 00 00 00 
"
"2016-11-21 14:02:16ID: BC  Data: 00 00 00 AA 00 00 00 00 
"
"2016-11-21 14:02:16ID: BB  Data: 00 00 00 AA 00 00 00 00 
"
"2016-11-21 14:02:16ID: BC  Data: 00 00 00 AA 00 00 00 00 
"
"2016-11-21 14:02:16ID: BB  Data: 00 00 00 AA 00 00 00 00 
"
"2016-11-21 14:02:16ID: BC  Data: 00 00 00 AA 00 00 00 00 
"
"2016-11-21 14:02:16ID: BB  Data: 00 00 00 AA 00 00 00 00 
"
"2016-11-21 14:02:16ID: BC  Data: 00 00 00 AA 00 00 00 00 
"
"2016-11-21 14:02:16ID: BB  Data: 00 00 00 AA 00 00 00 00 
"
"2016-11-21 14:02:16ID: BC  Data: 00 00 00 AA 00 00 00 00 
"
"2016-11-21 14:02:16ID: BB  Data: 00 00 00 AA 00 00 00 00 
"
"2016-11-21 14:02:16ID: BC  Data: 00 00 00 AA 00 00 00 00 
"
"2016-11-21 14:02:16ID: BB  Data: 00 00 00 AA 00 00 00 00 
"
"2016-11-21 14:02:16ID: BC  Data: 00 00 00 AA 00 00 00 00 
"
"2016-11-21 14:02:16ID: BB  Data: 00 00 00 AA 00 00 00 00 
"
"2016-11-21 14:02:16ID: BC  Data: 00 00 00 AA 00 00 00 00 
"
"2016-11-21 14:02:17ID: BB  Data: 00 00 00 AA 00 00 00 00 
"
"2016-11-21 14:02:17ID: BC  Data: 00 00 00 AA 00 00 00 00 
"
"2016-11-21 14:02:17ID: BB  Data: 00 00 00 AA 00 00 00 00 
"
"2016-11-21 14:02:17ID: BC  Data: 00 00 00 AA 00 00 00 00 
"
"2016-11-21 14:02:17ID: BB  Data: 00 00 00 AA 00 00 00 00 
"
"2016-11-21 14:02:17ID: BC  Data: 00 00 00 AA 00 00 00 00 
"
"2016-11-21 14:02:17ID: BB  Data: 00 00 00 AA 00 00 00 00 
"
"2016-11-21 14:02:17ID: BC  Data: 00 00 00 AA 00 00 00 00 
"
"2016-11-21 14:02:17ID: BB  Data: 00 00 00 AA 00 00 00 00 
"
"2016-11-21 14:02:17ID: BC  Data: 00 00 00 AA 00 00 00 00 
"
"2016-11-21 14:02:17ID: BB  Data: 00 00 00 AA 00 00 00 00 
"
"2016-11-21 14:02:17ID: BC  Data: 00 00 00 AA 00 00 00 00 
"
"2016-11-21 14:02:17ID: BB  Data: 00 00 00 AA 00 00 00 00 
"
"2016-11-21 14:02:17ID: BC  Data: 00 00 00 AA 00 00 00 00 
"
"2016-11-21 14:02:17ID: BB  Data: 00 00 00 AA 00 00 00 00 
"
"2016-11-21 14:02:17ID: BC  Data: 00 00 00 AA 00 00 00 00 
"
"2016-11-21 14:02:17ID: BB  Data: 00 00 00 AA 00 00 00 00 
"
"2016-11-21 14:02:17ID: BC  Data: 00 00 00 AA 00 00 00 00 
"
"2016-11-21 14:02:17ID: BB  Data: 00 00 00 AA 00 00 00 00 
"
"2016-11-21 14:02:17ID: BC  Data: 00 00 00 AA 00 00 00 00 
"
"2016-11-21 14:02:17ID: BB  Data: 00 00 00 AA 00 00 00 00 
"
"2016-11-21 14:02:17ID: BC  Data: 00 00 00 AA 00 00 00 00 
"
"2016-11-21 14:02:17ID: BB  Data: 00 00 00 AA 00 00 00 00 
"
"2016-11-21 14:02:17ID: BC  Data: 00 00 00 AA 00 00 00 00 
"
"2016-11-21 14:02:18ID: BB  Data: 00 00 00 AA 00 00 00 00 
"
"2016-11-21 14:02:18ID: BC  Data: 00 00 00 AA 00 00 00 00 
"
"2016-11-21 14:02:18ID: BB  Data: 00 00 00 AA 00 00 00 00 
"
"2016-11-21 14:02:18ID: BC  Data: 00 00 00 AA 00 00 00 00 
"
"2016-11-21 14:02:18ID: BB  Data: 00 00 00 AA 00 00 00 00 
"
"2016-11-21 14:02:18ID: BC  Data: 00 00 00 AA 00 00 00 00 
"
"2016-11-21 14:02:18ID: BB  Data: 00 00 00 AA 00 00 00 00 
"
"2016-11-21 14:02:18ID: BC  Data: 00 00 00 AA 00 00 00 00 
"
"2016-11-21 14:02:18ID: BB  Data: 00 00 00 AA 00 00 00 00 
"
"2016-11-21 14:02:18ID: BC  Data: 00 00 00 AA 00 00 00 00 
"
"2016-11-21 14:02:18ID: BB  Data: 00 00 00 AA 00 00 00 00 
"
"2016-11-21 14:02:18ID: BC  Data: 00 00 00 AA 00 00 00 00 
"
"2016-11-21 14:02:18ID: BB  Data: 00 00 00 AA 00 00 00 00 
"
"2016-11-21 14:02:18ID: BC  Data: 00 00 00 AA 00 00 00 00 
"
"2016-11-21 14:02:18ID: BB  Data: 00 00 00 AA 00 00 00 00 
"
"2016-11-21 14:02:18ID: BC  Data: 00 00 00 AA 00 00 00 00 
"
"2016-11-21 14:02:18ID: BB  Data: 00 00 00 AA 00 00 00 00 
"
"2016-11-21 14:02:18ID: BC  Data: 00 00 00 AA 00 00 00 00 
"
"2016-11-21 14:02:18ID: BB  Data: 00 00 00 AA 00 00 00 00 
"
"2016-11-21 14:02:18ID: BC  Data: 00 00 00 AA 00 00 00 00 
"
"2016-11-21 14:02:18ID: BB  Data: 00 00 00 AA 00 00 00 00 
"
"2016-11-21 14:02:18ID: BC  Data: 00 00 00 AA 00 00 00 00 
"
"2016-11-21 14:02:19ID: BB  Data: 00 00 00 AA 00 00 00 00 
"
"2016-11-21 14:02:19ID: BC  Data: 00 00 00 AA 00 00 00 00 
"
"2016-11-21 14:02:19ID: BB  Data: 00 00 00 AA 00 00 00 00 
"
"2016-11-21 14:02:19ID: BC  Data: 00 00 00 AA 00 00 00 00 
"
"2016-11-21 14:02:19ID: BB  Data: 00 00 00 AA 00 00 00 00 
"
"2016-11-21 14:02:19ID: BC  Data: 00 00 00 AA 00 00 00 00 
"
"2016-11-21 14:02:19ID: BB  Data: 00 00 00 AA 00 00 00 00 
"
"2016-11-21 14:02:19ID: BC  Data: 00 00 00 AA 00 00 00 00 
"
"2016-11-21 14:02:19ID: BB  Data: 00 00 00 AA 00 00 00 00 
"
"2016-11-21 14:02:19ID: BC  Data: 00 00 00 AA 00 00 00 00 
"
"2016-11-21 14:02:19ID: BB  Data: 00 00 00 AA 00 00 00 00 
"
"2016-11-21 14:02:19ID: BC  Data: 00 00 00 AA 00 00 00 00 
"
"2016-11-21 14:02:19ID: BB  Data: 00 00 00 AA 00 00 00 00 
"
"2016-11-21 14:02:19ID: BC  Data: 00 00 00 AA 00 00 00 00 
"
"2016-11-21 14:02:19ID: BB  Data: 00 00 00 AA 00 00 00 00 
"
"2016-11-21 14:02:19ID: BC  Data: 00 00 00 AA 00 00 00 00 
"
"2016-11-21 14:02:19ID: BB  Data: 00 00 00 AA 00 00 00 00 
"
"2016-11-21 14:02:19ID: BC  Data: 00 00 00 AA 00 00 00 00 
"
"2016-11-21 14:02:19ID: BB  Data: 00 00 00 AA 00 00 00 00 
"
"2016-11-21 14:02:19ID: BC  Data: 00 00 00 AA 00 00 00 00 
"
"2016-11-21 14:02:19ID: BB  Data: 00 00 00 AA 00 00 00 00 
"
"2016-11-21 14:02:19ID: BC  Data: 00 00 00 AA 00 00 00 00 
"
"2016-11-21 14:02:19ID: BB  Data: 00 00 00 AA 00 00 00 00 
"
"2016-11-21 14:02:20ID: BC  Data: 00 00 00 AA 00 00 00 00 
"
"2016-11-21 14:02:20ID: BB  Data: 00 00 00 AA 00 00 00 00 
"
"2016-11-21 14:02:20ID: BC  Data: 00 00 00 AA 00 00 00 00 
"
"2016-11-21 14:02:20ID: BB  Data: 00 00 00 AA 00 00 00 00 
"
"2016-11-21 14:02:20ID: BC  Data: 00 00 00 AA 00 00 00 00 
"
"2016-11-21 14:02:20ID: BB  Data: 00 00 00 AA 00 00 00 00 
"
"2016-11-21 14:02:20ID: BC  Data: 00 00 00 AA 00 00 00 00 
"
"2016-11-21 14:02:20ID: BB  Data: 00 00 00 AA 00 00 00 00 
"
"2016-11-21 14:02:20ID: BC  Data: 00 00 00 AA 00 00 00 00 
"
"2016-11-21 14:02:20ID: BB  Data: 00 00 00 AA 00 00 00 00 
"
"2016-11-21 14:02:20ID: BC  Data: 00 00 00 AA 00 00 00 00 
"
"2016-11-21 14:02:20ID: BB  Data: 00 00 00 AA 00 00 00 00 
"
"2016-11-21 14:02:20ID: BC  Data: 00 00 00 AA 00 00 00 00 
"
"2016-11-21 14:02:20ID: BB  Data: 00 00 00 AA 00 00 00 00 
"
"2016-11-21 14:02:20ID: BC  Data: 00 00 00 AA 00 00 00 00 
"
"2016-11-21 14:02:20ID: BB  Data: 00 00 00 AA 00 00 00 00 
"
"2016-11-21 14:02:20ID: BC  Data: 00 00 00 AA 00 00 00 00 
"
"2016-11-21 14:02:20ID: BB  Data: 00 00 00 AA 00 00 00 00 
"
"2016-11-21 14:02:20ID: BC  Data: 00 00 00 AA 00 00 00 00 
"
"2016-11-21 14:02:20ID: BB  Data: 00 00 00 AA 00 00 00 00 
"
"2016-11-21 14:02:20ID: BC  Data: 00 00 00 AA 00 00 00 00 
"
"2016-11-21 14:02:20ID: BB  Data: 00 00 00 AA 00 00 00 00 
"
"2016-11-21 14:02:20ID: BC  Data: 00 00 00 AA 00 00 00 00 
"
"2016-11-21 14:02:21ID: BB  Data: 00 00 00 AA 00 00 00 00 
"
"2016-11-21 14:02:21ID: BC  Data: 00 00 00 AA 00 00 00 00 
"
"2016-11-21 14:02:21ID: BB  Data: 00 00 00 AA 00 00 00 00 
"
"2016-11-21 14:02:21ID: BC  Data: 00 00 00 AA 00 00 00 00 
"
"2016-11-21 14:02:21ID: BB  Data: 00 00 00 AA 00 00 00 00 
"
"2016-11-21 14:02:21ID: BC  Data: 00 00 00 AA 00 00 00 00 
"
"2016-11-21 14:02:21ID: BB  Data: 00 00 00 AA 00 00 00 00 
"
"2016-11-21 14:02:21ID: BC  Data: 00 00 00 AA 00 00 00 00 
"
"2016-11-21 14:02:21ID: BB  Data: 00 00 00 AA 00 00 00 00 
"
"2016-11-21 14:02:21ID: BC  Data: 00 00 00 AA 00 00 00 00 
"
"2016-11-21 14:02:21ID: BB  Data: 00 00 00 AA 00 00 00 00 
"
"2016-11-21 14:02:21ID: BC  Data: 00 00 00 AA 00 00 00 00 
"
"2016-11-21 14:02:21ID: BB  Data: 00 00 00 AA 00 00 00 00 
"
"2016-11-21 14:02:21ID: BC  Data: 00 00 00 AA 00 00 00 00 
"
"2016-11-21 14:02:21ID: BB  Data: 00 00 00 AA 00 00 00 00 
"
"2016-11-21 14:02:21ID: BC  Data: 00 00 00 AA 00 00 00 00 
"
"2016-11-21 14:02:21ID: BB  Data: 00 00 00 AA 00 00 00 00 
"
"2016-11-21 14:02:21ID: BC  Data: 00 00 00 AA 00 00 00 00 
"
"2016-11-21 14:02:21ID: BB  Data: 00 00 00 AA 00 00 00 00 
"
"2016-11-21 14:02:21ID: BC  Data: 00 00 00 AA 00 00 00 00 
"
"2016-11-21 14:02:21ID: BB  Data: 00 00 00 AA 00 00 00 00 
"
"2016-11-21 14:02:21ID: BC  Data: 00 00 00 AA 00 00 00 00 
"
"2016-11-21 14:02:22ID: BB  Data: 00 00 00 AA 00 00 00 00 
"
"2016-11-21 14:02:22ID: BC  Data: 00 00 00 AA 00 00 00 00 
"
"2016-11-21 14:02:22ID: BB  Data: 00 00 00 AA 00 00 00 00 
"
"2016-11-21 14:02:22ID: BC  Data: 00 00 00 AA 00 00 00 00 
"
"2016-11-21 14:02:22ID: BB  Data: 00 00 00 AA 00 00 00 00 
"
"2016-11-21 14:02:22ID: BC  Data: 00 00 00 AA 00 00 00 00 
"
"2016-11-21 14:02:22ID: BB  Data: 00 00 00 AA 00 00 00 00 
"
"2016-11-21 14:02:22ID: BC  Data: 00 00 00 AA 00 00 00 00 
"
"2016-11-21 14:02:22ID: BB  Data: 00 00 00 AA 00 00 00 00 
"
"2016-11-21 14:02:22ID: BC  Data: 00 00 00 AA 00 00 00 00 
"
"2016-11-21 14:02:22ID: BB  Data: 00 00 00 AA 00 00 00 00 
"
"2016-11-21 14:02:22ID: BC  Data: 00 00 00 AA 00 00 00 00 
"
"2016-11-21 14:02:22ID: BB  Data: 00 00 00 AA 00 00 00 00 
"
"2016-11-21 14:02:22ID: BC  Data: 00 00 00 AA 00 00 00 00 
"
"2016-11-21 14:02:22ID: BB  Data: 00 00 00 AA 00 00 00 00 
"
"2016-11-21 14:02:22ID: BC  Data: 00 00 00 AA 00 00 00 00 
"
"2016-11-21 14:02:22ID: BB  Data: 00 00 00 AA 00 00 00 00 
"
"2016-11-21 14:02:22ID: BC  Data: 00 00 00 AA 00 00 00 00 
"
"2016-11-21 14:02:22ID: BB  Data: 00 00 00 AA 00 00 00 00 
"
"2016-11-21 14:02:22ID: BC  Data: 00 00 00 AA 00 00 00 00 
"
"2016-11-21 14:02:22ID: BB  Data: 00 00 00 AA 00 00 00 00 
"
"2016-11-21 14:02:22ID: BC  Data: 00 00 00 AA 00 00 00 00 
"
"2016-11-21 14:02:22ID: BB  Data: 00 00 00 AA 00 00 00 00 
"
"2016-11-21 14:02:22ID: BC  Data: 00 00 00 AA 00 00 00 00 
"
"2016-11-21 14:02:23ID: BB  Data: 00 00 00 AA 00 00 00 00 
"
"2016-11-21 14:02:23ID: BC  Data: 00 00 00 AA 00 00 00 00 
"
"2016-11-21 14:02:23ID: BB  Data: 00 00 00 AA 00 00 00 00 
"
"2016-11-21 14:02:23ID: BC  Data: 00 00 00 AA 00 00 00 00 
"
"2016-11-21 14:02:23ID: BB  Data: 00 00 00 AA 00 00 00 00 
"
"2016-11-21 14:02:23ID: BC  Data: 00 00 00 AA 00 00 00 00 
"
"2016-11-21 14:02:23ID: BB  Data: 00 00 00 AA 00 00 00 00 
"
"2016-11-21 14:02:23ID: BC  Data: 00 00 00 AA 00 00 00 00 
"
"2016-11-21 14:02:23ID: BB  Data: 00 00 00 AA 00 00 00 00 
"
"2016-11-21 14:02:23ID: BC  Data: 00 00 00 AA 00 00 00 00 
"
"2016-11-21 14:02:23ID: BB  Data: 00 00 00 AA 00 00 00 00 
"
"2016-11-21 14:02:23ID: BC  Data: 00 00 00 AA 00 00 00 00 
"
"2016-11-21 14:02:23ID: BB  Data: 00 00 00 AA 00 00 00 00 
"
"2016-11-21 14:02:23ID: BC  Data: 00 00 00 AA 00 00 00 00 
"
"2016-11-21 14:02:23ID: BB  Data: 00 00 00 AA 00 00 00 00 
"
"2016-11-21 14:02:23ID: BC  Data: 00 00 00 AA 00 00 00 00 
"
"2016-11-21 14:02:23ID: BB  Data: 00 00 00 AA 00 00 00 00 
"
"2016-11-21 14:02:23ID: BC  Data: 00 00 00 AA 00 00 00 00 
"
"2016-11-21 14:02:23ID: BB  Data: 00 00 00 AA 00 00 00 00 
"
"2016-11-21 14:02:23ID: BC  Data: 00 00 00 AA 00 00 00 00 
"
"2016-11-21 14:02:23ID: BB  Data: 00 00 00 AA 00 00 00 00 
"
"2016-11-21 14:02:23ID: BC  Data: 00 00 00 AA 00 00 00 00 
"
"2016-11-21 14:02:24ID: BB  Data: 00 00 00 AA 00 00 00 00 
"
"2016-11-21 14:02:24ID: BC  Data: 00 00 00 AA 00 00 00 00 
"
"2016-11-21 14:02:24ID: BB  Data: 00 00 00 AA 00 00 00 00 
"
"2016-11-21 14:02:24ID: BC  Data: 00 00 00 AA 00 00 00 00 
"
"2016-11-21 14:02:24ID: BB  Data: 00 00 00 AA 00 00 00 00 
"
"2016-11-21 14:02:24ID: BC  Data: 00 00 00 AA 00 00 00 00 
"
"2016-11-21 14:02:24ID: BB  Data: 00 00 00 AA 00 00 00 00 
"
"2016-11-21 14:02:24ID: BC  Data: 00 00 00 AA 00 00 00 00 
"
"2016-11-21 14:02:24ID: BB  Data: 00 00 00 AA 00 00 00 00 
"
"2016-11-21 14:02:24ID: BC  Data: 00 00 00 AA 00 00 00 00 
"
"2016-11-21 14:02:24ID: BB  Data: 00 00 00 AA 00 00 00 00 
"
"2016-11-21 14:02:24ID: BC  Data: 00 00 00 AA 00 00 00 00 
"
"2016-11-21 14:02:24ID: BB  Data: 00 00 00 AA 00 00 00 00 
"
"2016-11-21 14:02:24ID: BC  Data: 00 00 00 AA 00 00 00 00 
"
"2016-11-21 14:02:24ID: BB  Data: 00 00 00 AA 00 00 00 00 
"
"2016-11-21 14:02:24ID: BC  Data: 00 00 00 AA 00 00 00 00 
"
"2016-11-21 14:02:24ID: BB  Data: 00 00 00 AA 00 00 00 00 
"
"2016-11-21 14:02:24ID: BC  Data: 00 00 00 AA 00 00 00 00 
"
"2016-11-21 14:02:24ID: BB  Data: 00 00 00 AA 00 00 00 00 
"
"2016-11-21 14:02:24ID: BC  Data: 00 00 00 AA 00 00 00 00 
"
"2016-11-21 14:02:24ID: BB  Data: 00 00 00 AA 00 00 00 00 
"
"2016-11-21 14:02:24ID: BC  Data: 00 00 00 AA 00 00 00 00 
"
"2016-11-21 14:02:25ID: BB  Data: 00 00 00 AA 00 00 00 00 
"
"2016-11-21 14:02:25ID: BC  Data: 00 00 00 AA 00 00 00 00 
"
"2016-11-21 14:02:25ID: BB  Data: 00 00 00 AA 00 00 00 00 
"
"2016-11-21 14:02:25ID: BC  Data: 00 00 00 AA 00 00 00 00 
"
"2016-11-21 14:02:25ID: BB  Data: 00 00 00 AA 00 00 00 00 
"
"2016-11-21 14:02:25ID: BC  Data: 00 00 00 AA 00 00 00 00 
"
"2016-11-21 14:02:25ID: BB  Data: 00 00 00 AA 00 00 00 00 
"
"2016-11-21 14:02:25ID: BC  Data: 00 00 00 AA 00 00 00 00 
"
"2016-11-21 14:02:25ID: BB  Data: 00 00 00 AA 00 00 00 00 
"
"2016-11-21 14:02:25ID: BC  Data: 00 00 00 AA 00 00 00 00 
"
"2016-11-21 14:02:25ID: BB  Data: 00 00 00 AA 00 00 00 00 
"
"2016-11-21 14:02:25ID: BC  Data: 00 00 00 AA 00 00 00 00 
"
"2016-11-21 14:02:25ID: BB  Data: 00 00 00 AA 00 00 00 00 
"
"2016-11-21 14:02:25ID: BC  Data: 00 00 00 AA 00 00 00 00 
"
"2016-11-21 14:02:25ID: BB  Data: 00 00 00 AA 00 00 00 00 
"
"2016-11-21 14:02:25ID: BC  Data: 00 00 00 AA 00 00 00 00 
"
"2016-11-21 14:02:25ID: BB  Data: 00 00 00 AA 00 00 00 00 
"
"2016-11-21 14:02:25ID: BC  Data: 00 00 00 AA 00 00 00 00 
"
"2016-11-21 14:02:25ID: BB  Data: 00 00 00 AA 00 00 00 00 
"
"2016-11-21 14:02:25ID: BC  Data: 00 00 00 AA 00 00 00 00 
"
"2016-11-21 14:02:25ID: BB  Data: 00 00 00 AA 00 00 00 00 
"
"2016-11-21 14:02:25ID: BC  Data: 00 00 00 AA 00 00 00 00 
"
"2016-11-21 14:02:25ID: BB  Data: 00 00 00 AA 00 00 00 00 
"
"2016-11-21 14:02:25ID: BC  Data: 00 00 00 AA 00 00 00 00 
"
"2016-11-21 14:02:26ID: BB  Data: 00 00 00 AA 00 00 00 00 
"
"2016-11-21 14:02:26ID: BC  Data: 00 00 00 AA 00 00 00 00 
"
"2016-11-21 14:02:26ID: BB  Data: 00 00 00 AA 00 00 00 00 
"
"2016-11-21 14:02:26ID: BC  Data: 00 00 00 AA 00 00 00 00 
"
"2016-11-21 14:02:26ID: BB  Data: 00 00 00 AA 00 00 00 00 
"
"2016-11-21 14:02:26ID: BC  Data: 00 00 00 AA 00 00 00 00 
"
"2016-11-21 14:02:26ID: BB  Data: 00 00 00 AA 00 00 00 00 
"
"2016-11-21 14:02:26ID: BC  Data: 00 00 00 AA 00 00 00 00 
"
"2016-11-21 14:02:26ID: BB  Data: 00 00 00 AA 00 00 00 00 
"
"2016-11-21 14:02:26ID: BC  Data: 00 00 00 AA 00 00 00 00 
"
"2016-11-21 14:02:26ID: BB  Data: 00 00 00 AA 00 00 00 00 
"
"2016-11-21 14:02:26ID: BC  Data: 00 00 00 AA 00 00 00 00 
"
"2016-11-21 14:02:26ID: BB  Data: 00 00 00 AA 00 00 00 00 
"
"2016-11-21 14:02:26ID: BC  Data: 00 00 00 AA 00 00 00 00 
"
"2016-11-21 14:02:26ID: BB  Data: 00 00 00 AA 00 00 00 00 
"
"2016-11-21 14:02:26ID: BC  Data: 00 00 00 AA 00 00 00 00 
"
"2016-11-21 14:02:26ID: BB  Data: 00 00 00 AA 00 00 00 00 
"
"2016-11-21 14:02:26ID: BC  Data: 00 00 00 AA 00 00 00 00 
"
"2016-11-21 14:02:26ID: BB  Data: 00 00 00 AA 00 00 00 00 
"
"2016-11-21 14:02:26ID: BC  Data: 00 00 00 AA 00 00 00 00 
"
"2016-11-21 14:02:26ID: BB  Data: 00 00 00 AA 00 00 00 00 
"
"2016-11-21 14:02:26ID: BC  Data: 00 00 00 AA 00 00 00 00 
"
"2016-11-21 14:02:27ID: BB  Data: 00 00 00 AA 00 00 00 00 
"
"2016-11-21 14:02:27ID: BC  Data: 00 00 00 AA 00 00 00 00 
"
"2016-11-21 14:02:27ID: BB  Data: 00 00 00 AA 00 00 00 00 
"
"2016-11-21 14:02:27ID: BC  Data: 00 00 00 AA 00 00 00 00 
"
"2016-11-21 14:02:27ID: BB  Data: 00 00 00 AA 00 00 00 00 
"
"2016-11-21 14:02:27ID: BC  Data: 00 00 00 AA 00 00 00 00 
"
"2016-11-21 14:02:27ID: BB  Data: 00 00 00 AA 00 00 00 00 
"
"2016-11-21 14:02:27ID: BC  Data: 00 00 00 AA 00 00 00 00 
"
"2016-11-21 14:02:27ID: BB  Data: 00 00 00 AA 00 00 00 00 
"
"2016-11-21 14:02:27ID: BC  Data: 00 00 00 AA 00 00 00 00 
"
"2016-11-21 14:02:27ID: BB  Data: 00 00 00 AA 00 00 00 00 
"
"2016-11-21 14:02:27ID: BC  Data: 00 00 00 AA 00 00 00 00 
"
"2016-11-21 14:02:27ID: BB  Data: 00 00 00 AA 00 00 00 00 
"
"2016-11-21 14:02:27ID: BC  Data: 00 00 00 AA 00 00 00 00 
"
"2016-11-21 14:02:27ID: BB  Data: 00 00 00 AA 00 00 00 00 
"
"2016-11-21 14:02:27ID: BC  Data: 00 00 00 AA 00 00 00 00 
"
"2016-11-21 14:02:27ID: BB  Data: 00 00 00 AA 00 00 00 00 
"
"2016-11-21 14:02:27ID: BC  Data: 00 00 00 AA 00 00 00 00 
"
"2016-11-21 14:02:27ID: BB  Data: 00 00 00 AA 00 00 00 00 
"
"2016-11-21 14:02:27ID: BC  Data: 00 00 00 AA 00 00 00 00 
"
"2016-11-21 14:02:27ID: BB  Data: 00 00 00 AA 00 00 00 00 
"
"2016-11-21 14:02:27ID: BC  Data: 00 00 00 AA 00 00 00 00 
"
"2016-11-21 14:02:28ID: BB  Data: 00 00 00 AA 00 00 00 00 
"
"2016-11-21 14:02:28ID: BC  Data: 00 00 00 AA 00 00 00 00 
"
"2016-11-21 14:02:28ID: BB  Data: 00 00 00 AA 00 00 00 00 
"
"2016-11-21 14:02:28ID: BC  Data: 00 00 00 AA 00 00 00 00 
"
"2016-11-21 14:02:28ID: BB  Data: 00 00 00 AA 00 00 00 00 
"
"2016-11-21 14:02:28ID: BC  Data: 00 00 00 AA 00 00 00 00 
"
"2016-11-21 14:02:28ID: BB  Data: 00 00 00 AA 00 00 00 00 
"
"2016-11-21 14:02:28ID: BC  Data: 00 00 00 AA 00 00 00 00 
"
"2016-11-21 14:02:28ID: BB  Data: 00 00 00 AA 00 00 00 00 
"
"2016-11-21 14:02:28ID: BC  Data: 00 00 00 AA 00 00 00 00 
"
"2016-11-21 14:02:28ID: BB  Data: 00 00 00 AA 00 00 00 00 
"
"2016-11-21 14:02:28ID: BC  Data: 00 00 00 AA 00 00 00 00 
"
"2016-11-21 14:02:28ID: BB  Data: 00 00 00 AA 00 00 00 00 
"
"2016-11-21 14:02:28ID: BC  Data: 00 00 00 AA 00 00 00 00 
"
"2016-11-21 14:02:28ID: BB  Data: 00 00 00 AA 00 00 00 00 
"
"2016-11-21 14:02:28ID: BC  Data: 00 00 00 AA 00 00 00 00 
"
"2016-11-21 14:02:28ID: BB  Data: 00 00 00 AA 00 00 00 00 
"
"2016-11-21 14:02:28ID: BC  Data: 00 00 00 AA 00 00 00 00 
"
"2016-11-21 14:02:28ID: BB  Data: 00 00 00 AA 00 00 00 00 
"
"2016-11-21 14:02:28ID: BC  Data: 00 00 00 AA 00 00 00 00 
"
"2016-11-21 14:02:28ID: BB  Data: 00 00 00 AA 00 00 00 00 
"
"2016-11-21 14:02:28ID: BC  Data: 00 00 00 AA 00 00 00 00 
"
"2016-11-21 14:02:28ID: BB  Data: 00 00 00 AA 00 00 00 00 
"
"2016-11-21 14:02:28ID: BC  Data: 00 00 00 AA 00 00 00 00 
"
"2016-11-21 14:02:29ID: BB  Data: 00 00 00 AA 00 00 00 00 
"
"2016-11-21 14:02:29ID: BC  Data: 00 00 00 AA 00 00 00 00 
"
"2016-11-21 14:02:29ID: BB  Data: 00 00 00 AA 00 00 00 00 
"
"2016-11-21 14:02:29ID: BC  Data: 00 00 00 AA 00 00 00 00 
"
"2016-11-21 14:02:29ID: BB  Data: 00 00 00 AA 00 00 00 00 
"
"2016-11-21 14:02:29ID: BC  Data: 00 00 00 AA 00 00 00 00 
"
"2016-11-21 14:02:29ID: BB  Data: 00 00 00 AA 00 00 00 00 
"
"2016-11-21 14:02:29ID: BC  Data: 00 00 00 AA 00 00 00 00 
"
"2016-11-21 14:02:29ID: BB  Data: 00 00 00 AA 00 00 00 00 
"
"2016-11-21 14:02:29ID: BC  Data: 00 00 00 AA 00 00 00 00 
"
"2016-11-21 14:02:29ID: BB  Data: 00 00 00 AA 00 00 00 00 
"
"2016-11-21 14:02:29ID: BC  Data: 00 00 00 AA 00 00 00 00 
"
"2016-11-21 14:02:29ID: BB  Data: 00 00 00 AA 00 00 00 00 
"
"2016-11-21 14:02:29ID: BC  Data: 00 00 00 AA 00 00 00 00 
"
"2016-11-21 14:02:29ID: BB  Data: 00 00 00 AA 00 00 00 00 
"
"2016-11-21 14:02:29ID: BC  Data: 00 00 00 AA 00 00 00 00 
"
"2016-11-21 14:02:29ID: BB  Data: 00 00 00 AA 00 00 00 00 
"
"2016-11-21 14:02:29ID: BC  Data: 00 00 00 AA 00 00 00 00 
"
"2016-11-21 14:02:29ID: BB  Data: 00 00 00 AA 00 00 00 00 
"
"2016-11-21 14:02:29ID: BC  Data: 00 00 00 AA 00 00 00 00 
"
"2016-11-21 14:02:29ID: BB  Data: 00 00 00 AA 00 00 00 00 
"
"2016-11-21 14:02:29ID: BC  Data: 00 00 00 AA 00 00 00 00 
"
"2016-11-21 14:02:30ID: BB  Data: 00 00 00 AA 00 00 00 00 
"
"2016-11-21 14:02:30ID: BC  Data: 00 00 00 AA 00 00 00 00 
"
"2016-11-21 14:02:30ID: BB  Data: 00 00 00 AA 00 00 00 00 
"
"2016-11-21 14:02:30ID: BC  Data: 00 00 00 AA 00 00 00 00 
"
"2016-11-21 14:02:30ID: BB  Data: 00 00 00 AA 00 00 00 00 
"
"2016-11-21 14:02:30ID: BC  Data: 00 00 00 AA 00 00 00 00 
"
"2016-11-21 14:02:30ID: BB  Data: 00 00 00 AA 00 00 00 00 
"
"2016-11-21 14:02:30ID: BC  Data: 00 00 00 AA 00 00 00 00 
"
"2016-11-21 14:02:30ID: BB  Data: 00 00 00 AA 00 00 00 00 
"
"2016-11-21 14:02:30ID: BC  Data: 00 00 00 AA 00 00 00 00 
"
"2016-11-21 14:02:30ID: BB  Data: 00 00 00 AA 00 00 00 00 
"
"2016-11-21 14:02:30ID: BC  Data: 00 00 00 AA 00 00 00 00 
"
"2016-11-21 14:02:30ID: BB  Data: 00 00 00 AA 00 00 00 00 
"
"2016-11-21 14:02:30ID: BC  Data: 00 00 00 AA 00 00 00 00 
"
"2016-11-21 14:02:30ID: BB  Data: 00 00 00 AA 00 00 00 00 
"
"2016-11-21 14:02:30ID: BC  Data: 00 00 00 AA 00 00 00 00 
"
"2016-11-21 14:02:30ID: BB  Data: 00 00 00 AA 00 00 00 00 
"
"2016-11-21 14:02:30ID: BC  Data: 00 00 00 AA 00 00 00 00 
"
"2016-11-21 14:02:30ID: BB  Data: 00 00 00 AA 00 00 00 00 
"
"2016-11-21 14:02:30ID: BC  Data: 00 00 00 AA 00 00 00 00 
"
"2016-11-21 14:02:30ID: BB  Data: 00 00 00 AA 00 00 00 00 
"
"2016-11-21 14:02:30ID: BC  Data: 00 00 00 AA 00 00 00 00 
"
"2016-11-21 14:02:30ID: BB  Data: 00 00 00 AA 00 00 00 00 
"
"2016-11-21 14:02:31ID: BC  Data: 00 00 00 AA 00 00 00 00 
"
"2016-11-21 14:02:31ID: BB  Data: 00 00 00 AA 00 00 00 00 
"
"2016-11-21 14:02:31ID: BC  Data: 00 00 00 AA 00 00 00 00 
"
"2016-11-21 14:02:31ID: BB  Data: 00 00 00 AA 00 00 00 00 
"
"2016-11-21 14:02:31ID: BC  Data: 00 00 00 AA 00 00 00 00 
"
"2016-11-21 14:02:31ID: BB  Data: 00 00 00 AA 00 00 00 00 
"
"2016-11-21 14:02:31ID: BC  Data: 00 00 00 AA 00 00 00 00 
"
"2016-11-21 14:02:31ID: BB  Data: 00 00 00 AA 00 00 00 00 
"
"2016-11-21 14:02:31ID: BC  Data: 00 00 00 AA 00 00 00 00 
"
"2016-11-21 14:02:31ID: BB  Data: 00 00 00 AA 00 00 00 00 
"
"2016-11-21 14:02:31ID: BC  Data: 00 00 00 AA 00 00 00 00 
"
"2016-11-21 14:02:31ID: BB  Data: 00 00 00 AA 00 00 00 00 
"
"2016-11-21 14:02:31ID: BC  Data: 00 00 00 AA 00 00 00 00 
"
"2016-11-21 14:02:31ID: BB  Data: 00 00 00 AA 00 00 00 00 
"
"2016-11-21 14:02:31ID: BC  Data: 00 00 00 AA 00 00 00 00 
"
"2016-11-21 14:02:31ID: BB  Data: 00 00 00 AA 00 00 00 00 
"
"2016-11-21 14:02:31ID: BC  Data: 00 00 00 AA 00 00 00 00 
"
"2016-11-21 14:02:31ID: BB  Data: 00 00 00 AA 00 00 00 00 
"
"2016-11-21 14:02:31ID: BC  Data: 00 00 00 AA 00 00 00 00 
"
"2016-11-21 14:02:31ID: BB  Data: 00 00 00 AA 00 00 00 00 
"
"2016-11-21 14:02:31ID: BC  Data: 00 00 00 AA 00 00 00 00 
"
"2016-11-21 14:02:31ID: BB  Data: 00 00 00 AA 00 00 00 00 
"
"2016-11-21 14:02:31ID: BC  Data: 00 00 00 AA 00 00 00 00 
"
"2016-11-21 14:02:32ID: BB  Data: 00 00 00 AA 00 00 00 00 
"
"2016-11-21 14:02:32ID: BC  Data: 00 00 00 AA 00 00 00 00 
"
"2016-11-21 14:02:32ID: BB  Data: 00 00 00 AA 00 00 00 00 
"
"2016-11-21 14:02:32ID: BC  Data: 00 00 00 AA 00 00 00 00 
"
"2016-11-21 14:02:32ID: BB  Data: 00 00 00 AA 00 00 00 00 
"
"2016-11-21 14:02:32ID: BC  Data: 00 00 00 AA 00 00 00 00 
"
"2016-11-21 14:02:32ID: BB  Data: 00 00 00 AA 00 00 00 00 
"
"2016-11-21 14:02:32ID: BC  Data: 00 00 00 AA 00 00 00 00 
"
"2016-11-21 14:02:32ID: BB  Data: 00 00 00 AA 00 00 00 00 
"
"2016-11-21 14:02:32ID: BC  Data: 00 00 00 AA 00 00 00 00 
"
"2016-11-21 14:02:32ID: BB  Data: 00 00 00 AA 00 00 00 00 
"
"2016-11-21 14:02:32ID: BC  Data: 00 00 00 AA 00 00 00 00 
"
"2016-11-21 14:02:32ID: BB  Data: 00 00 00 AA 00 00 00 00 
"
"2016-11-21 14:02:32ID: BC  Data: 00 00 00 AA 00 00 00 00 
"
"2016-11-21 14:02:32ID: BB  Data: 00 00 00 AA 00 00 00 00 
"
"2016-11-21 14:02:32ID: BC  Data: 00 00 00 AA 00 00 00 00 
"
"2016-11-21 14:02:32ID: BB  Data: 00 00 00 AA 00 00 00 00 
"
"2016-11-21 14:02:32ID: BC  Data: 00 00 00 AA 00 00 00 00 
"
"2016-11-21 14:02:32ID: BB  Data: 00 00 00 AA 00 00 00 00 
"
"2016-11-21 14:02:32ID: BC  Data: 00 00 00 AA 00 00 00 00 
"
"2016-11-21 14:02:32ID: BB  Data: 00 00 00 AA 00 00 00 00 
"
"2016-11-21 14:02:32ID: BC  Data: 00 00 00 AA 00 00 00 00 
"
"2016-11-21 14:02:33ID: BB  Data: 00 00 00 AA 00 00 00 00 
"
"2016-11-21 14:02:33ID: BC  Data: 00 00 00 AA 00 00 00 00 
"
"2016-11-21 14:02:33ID: BB  Data: 00 00 00 AA 00 00 00 00 
"
"2016-11-21 14:02:33ID: BC  Data: 00 00 00 AA 00 00 00 00 
"
"2016-11-21 14:02:33ID: BB  Data: 00 00 00 AA 00 00 00 00 
"
"2016-11-21 14:02:33ID: BC  Data: 00 00 00 AA 00 00 00 00 
"
"2016-11-21 14:02:33ID: BB  Data: 00 00 00 AA 00 00 00 00 
"
"2016-11-21 14:02:33ID: BC  Data: 00 00 00 AA 00 00 00 00 
"
"2016-11-21 14:02:33ID: BB  Data: 00 00 00 AA 00 00 00 00 
"
"2016-11-21 14:02:33ID: BC  Data: 00 00 00 AA 00 00 00 00 
"
"2016-11-21 14:02:33ID: BB  Data: 00 00 00 AA 00 00 00 00 
"
"2016-11-21 14:02:33ID: BC  Data: 00 00 00 AA 00 00 00 00 
"
"2016-11-21 14:02:33ID: BB  Data: 00 00 00 AA 00 00 00 00 
"
"2016-11-21 14:02:33ID: BC  Data: 00 00 00 AA 00 00 00 00 
"
"2016-11-21 14:02:33ID: BB  Data: 00 00 00 AA 00 00 00 00 
"
"2016-11-21 14:02:33ID: BC  Data: 00 00 00 AA 00 00 00 00 
"
"2016-11-21 14:02:33ID: BB  Data: 00 00 00 AA 00 00 00 00 
"
"2016-11-21 14:02:33ID: BC  Data: 00 00 00 AA 00 00 00 00 
"
"2016-11-21 14:02:33ID: BB  Data: 00 00 00 AA 00 00 00 00 
"
"2016-11-21 14:02:33ID: BC  Data: 00 00 00 AA 00 00 00 00 
"
"2016-11-21 14:02:33ID: BB  Data: 00 00 00 AA 00 00 00 00 
"
"2016-11-21 14:02:33ID: BC  Data: 00 00 00 AA 00 00 00 00 
"
"2016-11-21 14:02:33ID: BB  Data: 00 00 00 AA 00 00 00 00 
"
"2016-11-21 14:02:33ID: BC  Data: 00 00 00 AA 00 00 00 00 
"
"2016-11-21 14:02:34ID: BB  Data: 00 00 00 AA 00 00 00 00 
"
"2016-11-21 14:02:34ID: BC  Data: 00 00 00 AA 00 00 00 00 
"
"2016-11-21 14:02:34ID: BB  Data: 00 00 00 AA 00 00 00 00 
"
"2016-11-21 14:02:34ID: BC  Data: 00 00 00 AA 00 00 00 00 
"
"2016-11-21 14:02:34ID: BB  Data: 00 00 00 AA 00 00 00 00 
"
"2016-11-21 14:02:34ID: BC  Data: 00 00 00 AA 00 00 00 00 
"
"2016-11-21 14:02:34ID: BB  Data: 00 00 00 AA 00 00 00 00 
"
"2016-11-21 14:02:34ID: BC  Data: 00 00 00 AA 00 00 00 00 
"
"2016-11-21 14:02:34ID: BB  Data: 00 00 00 AA 00 00 00 00 
"
"2016-11-21 14:02:34ID: BC  Data: 00 00 00 AA 00 00 00 00 
"
"2016-11-21 14:02:34ID: BB  Data: 00 00 00 AA 00 00 00 00 
"
"2016-11-21 14:02:34ID: BC  Data: 00 00 00 AA 00 00 00 00 
"
"2016-11-21 14:02:34ID: BB  Data: 00 00 00 AA 00 00 00 00 
"
"2016-11-21 14:02:34ID: BC  Data: 00 00 00 AA 00 00 00 00 
"
"2016-11-21 14:02:34ID: BB  Data: 00 00 00 AA 00 00 00 00 
"
"2016-11-21 14:02:34ID: BC  Data: 00 00 00 AA 00 00 00 00 
"
"2016-11-21 14:02:34ID: BB  Data: 00 00 00 AA 00 00 00 00 
"
"2016-11-21 14:02:34ID: BC  Data: 00 00 00 AA 00 00 00 00 
"
"2016-11-21 14:02:34ID: BB  Data: 00 00 00 AA 00 00 00 00 
"
"2016-11-21 14:02:34ID: BC  Data: 00 00 00 AA 00 00 00 00 
"
"2016-11-21 14:02:34ID: BB  Data: 00 00 00 AA 00 00 00 00 
"
"2016-11-21 14:02:34ID: BC  Data: 00 00 00 AA 00 00 00 00 
"
"2016-11-21 14:02:35ID: BB  Data: 00 00 00 AA 00 00 00 00 
"
"2016-11-21 14:02:35ID: BC  Data: 00 00 00 AA 00 00 00 00 
"
"2016-11-21 14:02:35ID: BB  Data: 00 00 00 AA 00 00 00 00 
"
"2016-11-21 14:02:35ID: BC  Data: 00 00 00 AA 00 00 00 00 
"
"2016-11-21 14:02:35ID: BB  Data: 00 00 00 AA 00 00 00 00 
"
"2016-11-21 14:02:35ID: BC  Data: 00 00 00 AA 00 00 00 00 
"
"2016-11-21 14:02:35ID: BB  Data: 00 00 00 AA 00 00 00 00 
"
"2016-11-21 14:02:35ID: BC  Data: 00 00 00 AA 00 00 00 00 
"
"2016-11-21 14:02:35ID: BB  Data: 00 00 00 AA 00 00 00 00 
"
"2016-11-21 14:02:35ID: BC  Data: 00 00 00 AA 00 00 00 00 
"
"2016-11-21 14:02:35ID: BB  Data: 00 00 00 AA 00 00 00 00 
"
"2016-11-21 14:02:35ID: BC  Data: 00 00 00 AA 00 00 00 00 
"
"2016-11-21 14:02:35ID: BB  Data: 00 00 00 AA 00 00 00 00 
"
"2016-11-21 14:02:35ID: BC  Data: 00 00 00 AA 00 00 00 00 
"
"2016-11-21 14:02:35ID: BB  Data: 00 00 00 AA 00 00 00 00 
"
"2016-11-21 14:02:35ID: BC  Data: 00 00 00 AA 00 00 00 00 
"
"2016-11-21 14:02:35ID: BB  Data: 00 00 00 AA 00 00 00 00 
"
"2016-11-21 14:02:35ID: BC  Data: 00 00 00 AA 00 00 00 00 
"
"2016-11-21 14:02:35ID: BB  Data: 00 00 00 AA 00 00 00 00 
"
"2016-11-21 14:02:35ID: BC  Data: 00 00 00 AA 00 00 00 00 
"
"2016-11-21 14:02:35ID: BB  Data: 00 00 00 AA 00 00 00 00 
"
"2016-11-21 14:02:35ID: BC  Data: 00 00 00 AA 00 00 00 00 
"
"2016-11-21 14:02:36ID: BB  Data: 00 00 00 AA 00 00 00 00 
"
"2016-11-21 14:02:36ID: BC  Data: 00 00 00 AA 00 00 00 00 
"
"2016-11-21 14:02:36ID: BB  Data: 00 00 00 AA 00 00 00 00 
"
"2016-11-21 14:02:36ID: BC  Data: 00 00 00 AA 00 00 00 00 
"
"2016-11-21 14:02:36ID: BB  Data: 00 00 00 AA 00 00 00 00 
"
"2016-11-21 14:02:36ID: BC  Data: 00 00 00 AA 00 00 00 00 
"
"2016-11-21 14:02:36ID: BB  Data: 00 00 00 AA 00 00 00 00 
"
"2016-11-21 14:02:36ID: BC  Data: 00 00 00 AA 00 00 00 00 
"
"2016-11-21 14:02:36ID: BB  Data: 00 00 00 AA 00 00 00 00 
"
"2016-11-21 14:02:36ID: BC  Data: 00 00 00 AA 00 00 00 00 
"
"2016-11-21 14:02:36ID: BB  Data: 00 00 00 AA 00 00 00 00 
"
"2016-11-21 14:02:36ID: BC  Data: 00 00 00 AA 00 00 00 00 
"
"2016-11-21 14:02:36ID: BB  Data: 00 00 00 AA 00 00 00 00 
"
"2016-11-21 14:02:36ID: BC  Data: 00 00 00 AA 00 00 00 00 
"
"2016-11-21 14:02:36ID: BB  Data: 00 00 00 AA 00 00 00 00 
"
"2016-11-21 14:02:36ID: BC  Data: 00 00 00 AA 00 00 00 00 
"
"2016-11-21 14:02:36ID: BB  Data: 00 00 00 AA 00 00 00 00 
"
"2016-11-21 14:02:36ID: BC  Data: 00 00 00 AA 00 00 00 00 
"
"2016-11-21 14:02:36ID: BB  Data: 00 00 00 AA 00 00 00 00 
"
"2016-11-21 14:02:36ID: BC  Data: 00 00 00 AA 00 00 00 00 
"
"2016-11-21 14:02:36ID: BB  Data: 00 00 00 AA 00 00 00 00 
"
"2016-11-21 14:02:36ID: BC  Data: 00 00 00 AA 00 00 00 00 
"
"2016-11-21 14:02:36ID: BB  Data: 00 00 00 AA 00 00 00 00 
"
"2016-11-21 14:02:36ID: BC  Data: 00 00 00 AA 00 00 00 00 
"
"2016-11-21 14:02:37ID: BB  Data: 00 00 00 AA 00 00 00 00 
"
"2016-11-21 14:02:37ID: BC  Data: 00 00 00 AA 00 00 00 00 
"
"2016-11-21 14:02:37ID: BB  Data: 00 00 00 AA 00 00 00 00 
"
"2016-11-21 14:02:37ID: BC  Data: 00 00 00 AA 00 00 00 00 
"
"2016-11-21 14:02:37ID: BB  Data: 00 00 00 AA 00 00 00 00 
"
"2016-11-21 14:02:37ID: BC  Data: 00 00 00 AA 00 00 00 00 
"
"2016-11-21 14:02:37ID: BB  Data: 00 00 00 AA 00 00 00 00 
"
"2016-11-21 14:02:37ID: BC  Data: 00 00 00 AA 00 00 00 00 
"
"2016-11-21 14:02:37ID: BB  Data: 00 00 00 AA 00 00 00 00 
"
"2016-11-21 14:02:37ID: BC  Data: 00 00 00 AA 00 00 00 00 
"
"2016-11-21 14:02:37ID: BB  Data: 00 00 00 AA 00 00 00 00 
"
"2016-11-21 14:02:37ID: BC  Data: 00 00 00 AA 00 00 00 00 
"
"2016-11-21 14:02:37ID: BB  Data: 00 00 00 AA 00 00 00 00 
"
"2016-11-21 14:02:37ID: BC  Data: 00 00 00 AA 00 00 00 00 
"
"2016-11-21 14:02:37ID: BB  Data: 00 00 00 AA 00 00 00 00 
"
"2016-11-21 14:02:37ID: BC  Data: 00 00 00 AA 00 00 00 00 
"
"2016-11-21 14:02:37ID: BB  Data: 00 00 00 AA 00 00 00 00 
"
"2016-11-21 14:02:37ID: BC  Data: 00 00 00 AA 00 00 00 00 
"
"2016-11-21 14:02:37ID: BB  Data: 00 00 00 AA 00 00 00 00 
"
"2016-11-21 14:02:37ID: BC  Data: 00 00 00 AA 00 00 00 00 
"
"2016-11-21 14:02:37ID: BB  Data: 00 00 00 AA 00 00 00 00 
"
"2016-11-21 14:02:37ID: BC  Data: 00 00 00 AA 00 00 00 00 
"
"2016-11-21 14:02:38ID: BB  Data: 00 00 00 AA 00 00 00 00 
"
"2016-11-21 14:02:38ID: BC  Data: 00 00 00 AA 00 00 00 00 
"
"2016-11-21 14:02:38ID: BB  Data: 00 00 00 AA 00 00 00 00 
"
"2016-11-21 14:02:38ID: BC  Data: 00 00 00 AA 00 00 00 00 
"
"2016-11-21 14:02:38ID: BB  Data: 00 00 00 AA 00 00 00 00 
"
"2016-11-21 14:02:38ID: BC  Data: 00 00 00 AA 00 00 00 00 
"
"2016-11-21 14:02:38ID: BB  Data: 00 00 00 AA 00 00 00 00 
"
"2016-11-21 14:02:38ID: BC  Data: 00 00 00 AA 00 00 00 00 
"
"2016-11-21 14:02:38ID: BB  Data: 00 00 00 AA 00 00 00 00 
"
"2016-11-21 14:02:38ID: BC  Data: 00 00 00 AA 00 00 00 00 
"
"2016-11-21 14:02:38ID: BB  Data: 00 00 00 AA 00 00 00 00 
"
"2016-11-21 14:02:38ID: BC  Data: 00 00 00 AA 00 00 00 00 
"
"2016-11-21 14:02:38ID: BB  Data: 00 00 00 AA 00 00 00 00 
"
"2016-11-21 14:02:38ID: BC  Data: 00 00 00 AA 00 00 00 00 
"
"2016-11-21 14:02:38ID: BB  Data: 00 00 00 AA 00 00 00 00 
"
"2016-11-21 14:02:38ID: BC  Data: 00 00 00 AA 00 00 00 00 
"
"2016-11-21 14:02:38ID: BB  Data: 00 00 00 AA 00 00 00 00 
"
"2016-11-21 14:02:38ID: BC  Data: 00 00 00 AA 00 00 00 00 
"
"2016-11-21 14:02:38ID: BB  Data: 00 00 00 AA 00 00 00 00 
"
"2016-11-21 14:02:38ID: BC  Data: 00 00 00 AA 00 00 00 00 
"
"2016-11-21 14:02:38ID: BB  Data: 00 00 00 AA 00 00 00 00 
"
"2016-11-21 14:02:38ID: BC  Data: 00 00 00 AA 00 00 00 00 
"
"2016-11-21 14:02:39ID: BB  Data: 00 00 00 AA 00 00 00 00 
"
"2016-11-21 14:02:39ID: BC  Data: 00 00 00 AA 00 00 00 00 
"
"2016-11-21 14:02:39ID: BB  Data: 00 00 00 AA 00 00 00 00 
"
"2016-11-21 14:02:39ID: BC  Data: 00 00 00 AA 00 00 00 00 
"
"2016-11-21 14:02:39ID: BB  Data: 00 00 00 AA 00 00 00 00 
"
"2016-11-21 14:02:39ID: BC  Data: 00 00 00 AA 00 00 00 00 
"
"2016-11-21 14:02:39ID: BB  Data: 00 00 00 AA 00 00 00 00 
"
"2016-11-21 14:02:39ID: BC  Data: 00 00 00 AA 00 00 00 00 
"
"2016-11-21 14:02:39ID: BB  Data: 00 00 00 AA 00 00 00 00 
"
"2016-11-21 14:02:39ID: BC  Data: 00 00 00 AA 00 00 00 00 
"
"2016-11-21 14:02:39ID: BB  Data: 00 00 00 AA 00 00 00 00 
"
"2016-11-21 14:02:39ID: BC  Data: 00 00 00 AA 00 00 00 00 
"
"2016-11-21 14:02:39ID: BB  Data: 00 00 00 AA 00 00 00 00 
"
"2016-11-21 14:02:39ID: BC  Data: 00 00 00 AA 00 00 00 00 
"
"2016-11-21 14:02:39ID: BB  Data: 00 00 00 AA 00 00 00 00 
"
"2016-11-21 14:02:39ID: BC  Data: 00 00 00 AA 00 00 00 00 
"
"2016-11-21 14:02:39ID: BB  Data: 00 00 00 AA 00 00 00 00 
"
"2016-11-21 14:02:39ID: BC  Data: 00 00 00 AA 00 00 00 00 
"
"2016-11-21 14:02:39ID: BB  Data: 00 00 00 AA 00 00 00 00 
"
"2016-11-21 14:02:39ID: BC  Data: 00 00 00 AA 00 00 00 00 
"
"2016-11-21 14:02:39ID: BB  Data: 00 00 00 AA 00 00 00 00 
"
"2016-11-21 14:02:39ID: BC  Data: 00 00 00 AA 00 00 00 00 
"
"2016-11-21 14:02:39ID: BB  Data: 00 00 00 AA 00 00 00 00 
"
"2016-11-21 14:02:39ID: BC  Data: 00 00 00 AA 00 00 00 00 
"
"2016-11-21 14:02:40ID: BB  Data: 00 00 00 AA 00 00 00 00 
"
"2016-11-21 14:02:40ID: BC  Data: 00 00 00 AA 00 00 00 00 
"
"2016-11-21 14:02:40ID: BB  Data: 00 00 00 AA 00 00 00 00 
"
"2016-11-21 14:02:40ID: BC  Data: 00 00 00 AA 00 00 00 00 
"
"2016-11-21 14:02:40ID: BB  Data: 00 00 00 AA 00 00 00 00 
"
"2016-11-21 14:02:40ID: BC  Data: 00 00 00 AA 00 00 00 00 
"
"2016-11-21 14:02:40ID: BB  Data: 00 00 00 AA 00 00 00 00 
"
"2016-11-21 14:02:40ID: BC  Data: 00 00 00 AA 00 00 00 00 
"
"2016-11-21 14:02:40ID: BB  Data: 00 00 00 AA 00 00 00 00 
"
"2016-11-21 14:02:40ID: BC  Data: 00 00 00 AA 00 00 00 00 
"
"2016-11-21 14:02:40ID: BB  Data: 00 00 00 AA 00 00 00 00 
"
"2016-11-21 14:02:40ID: BC  Data: 00 00 00 AA 00 00 00 00 
"
"2016-11-21 14:02:40ID: BB  Data: 00 00 00 AA 00 00 00 00 
"
"2016-11-21 14:02:40ID: BC  Data: 00 00 00 AA 00 00 00 00 
"
"2016-11-21 14:02:40ID: BB  Data: 00 00 00 AA 00 00 00 00 
"
"2016-11-21 14:02:40ID: BC  Data: 00 00 00 AA 00 00 00 00 
"
"2016-11-21 14:02:40ID: BB  Data: 00 00 00 AA 00 00 00 00 
"
"2016-11-21 14:02:40ID: BC  Data: 00 00 00 AA 00 00 00 00 
"
"2016-11-21 14:02:40ID: BB  Data: 00 00 00 AA 00 00 00 00 
"
"2016-11-21 14:02:40ID: BC  Data: 00 00 00 AA 00 00 00 00 
"
"2016-11-21 14:02:40ID: BB  Data: 00 00 00 AA 00 00 00 00 
"
"2016-11-21 14:02:40ID: BC  Data: 00 00 00 AA 00 00 00 00 
"
"2016-11-21 14:02:41ID: BB  Data: 00 00 00 AA 00 00 00 00 
"
"2016-11-21 14:02:41ID: BC  Data: 00 00 00 AA 00 00 00 00 
"
"2016-11-21 14:02:41ID: BB  Data: 00 00 00 AA 00 00 00 00 
"
"2016-11-21 14:02:41ID: BC  Data: 00 00 00 AA 00 00 00 00 
"
"2016-11-21 14:02:41ID: BB  Data: 00 00 00 AA 00 00 00 00 
"
"2016-11-21 14:02:41ID: BC  Data: 00 00 00 AA 00 00 00 00 
"
"2016-11-21 14:02:41ID: BB  Data: 00 00 00 AA 00 00 00 00 
"
"2016-11-21 14:02:41ID: BC  Data: 00 00 00 AA 00 00 00 00 
"
"2016-11-21 14:02:41ID: BB  Data: 00 00 00 AA 00 00 00 00 
"
"2016-11-21 14:02:41ID: BC  Data: 00 00 00 AA 00 00 00 00 
"
"2016-11-21 14:02:41ID: BB  Data: 00 00 00 AA 00 00 00 00 
"
"2016-11-21 14:02:41ID: BC  Data: 00 00 00 AA 00 00 00 00 
"
"2016-11-21 14:02:41ID: BB  Data: 00 00 00 AA 00 00 00 00 
"
"2016-11-21 14:02:41ID: BC  Data: 00 00 00 AA 00 00 00 00 
"
"2016-11-21 14:02:41ID: BB  Data: 00 00 00 AA 00 00 00 00 
"
"2016-11-21 14:02:41ID: BC  Data: 00 00 00 AA 00 00 00 00 
"
"2016-11-21 14:02:41ID: BB  Data: 00 00 00 AA 00 00 00 00 
"
"2016-11-21 14:02:41ID: BC  Data: 00 00 00 AA 00 00 00 00 
"
"2016-11-21 14:02:41ID: BB  Data: 00 00 00 AA 00 00 00 00 
"
"2016-11-21 14:02:41ID: BC  Data: 00 00 00 AA 00 00 00 00 
"
"2016-11-21 14:02:41ID: BB  Data: 00 00 00 AA 00 00 00 00 
"
"2016-11-21 14:02:41ID: BC  Data: 00 00 00 AA 00 00 00 00 
"
"2016-11-21 14:02:41ID: BB  Data: 00 00 00 AA 00 00 00 00 
"
"2016-11-21 14:02:42ID: BC  Data: 00 00 00 AA 00 00 00 00 
"
"2016-11-21 14:02:42ID: BB  Data: 00 00 00 AA 00 00 00 00 
"
"2016-11-21 14:02:42ID: BC  Data: 00 00 00 AA 00 00 00 00 
"
"2016-11-21 14:02:42ID: BB  Data: 00 00 00 AA 00 00 00 00 
"
"2016-11-21 14:02:42ID: BC  Data: 00 00 00 AA 00 00 00 00 
"
"2016-11-21 14:02:42ID: BB  Data: 00 00 00 AA 00 00 00 00 
"
"2016-11-21 14:02:42ID: BC  Data: 00 00 00 AA 00 00 00 00 
"
"2016-11-21 14:02:42ID: BB  Data: 00 00 00 AA 00 00 00 00 
"
"2016-11-21 14:02:42ID: BC  Data: 00 00 00 AA 00 00 00 00 
"
"2016-11-21 14:02:42ID: BB  Data: 00 00 00 AA 00 00 00 00 
"
"2016-11-21 14:02:42ID: BC  Data: 00 00 00 AA 00 00 00 00 
"
"2016-11-21 14:02:42ID: BB  Data: 00 00 00 AA 00 00 00 00 
"
"2016-11-21 14:02:42ID: BC  Data: 00 00 00 AA 00 00 00 00 
"
"2016-11-21 14:02:42ID: BB  Data: 00 00 00 AA 00 00 00 00 
"
"2016-11-21 14:02:42ID: BC  Data: 00 00 00 AA 00 00 00 00 
"
"2016-11-21 14:02:42ID: BB  Data: 00 00 00 AA 00 00 00 00 
"
"2016-11-21 14:02:42ID: BC  Data: 00 00 00 AA 00 00 00 00 
"
"2016-11-21 14:02:42ID: BB  Data: 00 00 00 AA 00 00 00 00 
"
"2016-11-21 14:02:42ID: BC  Data: 00 00 00 AA 00 00 00 00 
"
"2016-11-21 14:02:42ID: BB  Data: 00 00 00 AA 00 00 00 00 
"
"2016-11-21 14:02:42ID: BC  Data: 00 00 00 AA 00 00 00 00 
"
"2016-11-21 14:02:42ID: BB  Data: 00 00 00 AA 00 00 00 00 
"
"2016-11-21 14:02:42ID: BC  Data: 00 00 00 AA 00 00 00 00 
"
"2016-11-21 14:02:43ID: BB  Data: 00 00 00 AA 00 00 00 00 
"
"2016-11-21 14:02:43ID: BC  Data: 00 00 00 AA 00 00 00 00 
"
"2016-11-21 14:02:43ID: BB  Data: 00 00 00 AA 00 00 00 00 
"
"2016-11-21 14:02:43ID: BC  Data: 00 00 00 AA 00 00 00 00 
"
"2016-11-21 14:02:43ID: BB  Data: 00 00 00 AA 00 00 00 00 
"
"2016-11-21 14:02:43ID: BC  Data: 00 00 00 AA 00 00 00 00 
"
"2016-11-21 14:02:43ID: BB  Data: 00 00 00 AA 00 00 00 00 
"
"2016-11-21 14:02:43ID: BC  Data: 00 00 00 AA 00 00 00 00 
"
"2016-11-21 14:02:43ID: BB  Data: 00 00 00 AA 00 00 00 00 
"
"2016-11-21 14:02:43ID: BC  Data: 00 00 00 AA 00 00 00 00 
"
"2016-11-21 14:02:43ID: BB  Data: 00 00 00 AA 00 00 00 00 
"
"2016-11-21 14:02:43ID: BC  Data: 00 00 00 AA 00 00 00 00 
"
"2016-11-21 14:02:43ID: BB  Data: 00 00 00 AA 00 00 00 00 
"
"2016-11-21 14:02:43ID: BC  Data: 00 00 00 AA 00 00 00 00 
"
"2016-11-21 14:02:43ID: BB  Data: 00 00 00 AA 00 00 00 00 
"
"2016-11-21 14:02:43ID: BC  Data: 00 00 00 AA 00 00 00 00 
"
"2016-11-21 14:02:43ID: BB  Data: 00 00 00 AA 00 00 00 00 
"
"2016-11-21 14:02:43ID: BC  Data: 00 00 00 AA 00 00 00 00 
"
"2016-11-21 14:02:43ID: BB  Data: 00 00 00 AA 00 00 00 00 
"
"2016-11-21 14:02:43ID: BC  Data: 00 00 00 AA 00 00 00 00 
"
"2016-11-21 14:02:43ID: BB  Data: 00 00 00 AA 00 00 00 00 
"
"2016-11-21 14:02:43ID: BC  Data: 00 00 00 AA 00 00 00 00 
"
"2016-11-21 14:02:44ID: BB  Data: 00 00 00 AA 00 00 00 00 
"
"2016-11-21 14:02:44ID: BC  Data: 00 00 00 AA 00 00 00 00 
"
"2016-11-21 14:02:44ID: BB  Data: 00 00 00 AA 00 00 00 00 
"
"2016-11-21 14:02:44ID: BC  Data: 00 00 00 AA 00 00 00 00 
"
"2016-11-21 14:02:44ID: BB  Data: 00 00 00 AA 00 00 00 00 
"
"2016-11-21 14:02:44ID: BC  Data: 00 00 00 AA 00 00 00 00 
"
"2016-11-21 14:02:44ID: BB  Data: 00 00 00 AA 00 00 00 00 
"
"2016-11-21 14:02:44ID: BC  Data: 00 00 00 AA 00 00 00 00 
"
"2016-11-21 14:02:44ID: BB  Data: 00 00 00 AA 00 00 00 00 
"
"2016-11-21 14:02:44ID: BC  Data: 00 00 00 AA 00 00 00 00 
"
"2016-11-21 14:02:44ID: BB  Data: 00 00 00 AA 00 00 00 00 
"
"2016-11-21 14:02:44ID: BC  Data: 00 00 00 AA 00 00 00 00 
"
"2016-11-21 14:02:44ID: BB  Data: 00 00 00 AA 00 00 00 00 
"
"2016-11-21 14:02:44ID: BC  Data: 00 00 00 AA 00 00 00 00 
"
"2016-11-21 14:02:44ID: BB  Data: 00 00 00 AA 00 00 00 00 
"
"2016-11-21 14:02:44ID: BC  Data: 00 00 00 AA 00 00 00 00 
"
"2016-11-21 14:02:44ID: BB  Data: 00 00 00 AA 00 00 00 00 
"
"2016-11-21 14:02:44ID: BC  Data: 00 00 00 AA 00 00 00 00 
"
"2016-11-21 14:02:44ID: BB  Data: 00 00 00 AA 00 00 00 00 
"
"2016-11-21 14:02:44ID: BC  Data: 00 00 00 AA 00 00 00 00 
"
"2016-11-21 14:02:44ID: BB  Data: 00 00 00 AA 00 00 00 00 
"
"2016-11-21 14:02:44ID: BC  Data: 00 00 00 AA 00 00 00 00 
"
"2016-11-21 14:02:44ID: BB  Data: 00 00 00 AA 00 00 00 00 
"
"2016-11-21 14:02:44ID: BC  Data: 00 00 00 AA 00 00 00 00 
"
"2016-11-21 14:02:45ID: BB  Data: 00 00 00 AA 00 00 00 00 
"
"2016-11-21 14:02:45ID: BC  Data: 00 00 00 AA 00 00 00 00 
"
"2016-11-21 14:02:45ID: BB  Data: 00 00 00 AA 00 00 00 00 
"
"2016-11-21 14:02:45ID: BC  Data: 00 00 00 AA 00 00 00 00 
"
"2016-11-21 14:02:45ID: BB  Data: 00 00 00 AA 00 00 00 00 
"
"2016-11-21 14:02:45ID: BC  Data: 00 00 00 AA 00 00 00 00 
"
"2016-11-21 14:02:45ID: BB  Data: 00 00 00 AA 00 00 00 00 
"
"2016-11-21 14:02:45ID: BC  Data: 00 00 00 AA 00 00 00 00 
"
"2016-11-21 14:02:45ID: BB  Data: 00 00 00 AA 00 00 00 00 
"
"2016-11-21 14:02:45ID: BC  Data: 00 00 00 AA 00 00 00 00 
"
"2016-11-21 14:02:45ID: BB  Data: 00 00 00 AA 00 00 00 00 
"
"2016-11-21 14:02:45ID: BC  Data: 00 00 00 AA 00 00 00 00 
"
"2016-11-21 14:02:45ID: BB  Data: 00 00 00 AA 00 00 00 00 
"
"2016-11-21 14:02:45ID: BC  Data: 00 00 00 AA 00 00 00 00 
"
"2016-11-21 14:02:45ID: BB  Data: 00 00 00 AA 00 00 00 00 
"
"2016-11-21 14:02:45ID: BC  Data: 00 00 00 AA 00 00 00 00 
"
"2016-11-21 14:02:45ID: BB  Data: 00 00 00 AA 00 00 00 00 
"
"2016-11-21 14:02:45ID: BC  Data: 00 00 00 AA 00 00 00 00 
"
"2016-11-21 14:02:45ID: BB  Data: 00 00 00 AA 00 00 00 00 
"
"2016-11-21 14:02:45ID: BC  Data: 00 00 00 AA 00 00 00 00 
"
"2016-11-21 14:02:45ID: BB  Data: 00 00 00 AA 00 00 00 00 
"
"2016-11-21 14:02:45ID: BC  Data: 00 00 00 AA 00 00 00 00 
"
"2016-11-21 14:02:46ID: BB  Data: 00 00 00 AA 00 00 00 00 
"
"2016-11-21 14:02:46ID: BC  Data: 00 00 00 AA 00 00 00 00 
"
"2016-11-21 14:02:46ID: BB  Data: 00 00 00 AA 00 00 00 00 
"
"2016-11-21 14:02:46ID: BC  Data: 00 00 00 AA 00 00 00 00 
"
"2016-11-21 14:02:46ID: BB  Data: 00 00 00 AA 00 00 00 00 
"
"2016-11-21 14:02:46ID: BC  Data: 00 00 00 AA 00 00 00 00 
"
"2016-11-21 14:02:46ID: BB  Data: 00 00 00 AA 00 00 00 00 
"
"2016-11-21 14:02:46ID: BC  Data: 00 00 00 AA 00 00 00 00 
"
"2016-11-21 14:02:46ID: BB  Data: 00 00 00 AA 00 00 00 00 
"
"2016-11-21 14:02:46ID: BC  Data: 00 00 00 AA 00 00 00 00 
"
"2016-11-21 14:02:46ID: BB  Data: 00 00 00 AA 00 00 00 00 
"
"2016-11-21 14:02:46ID: BC  Data: 00 00 00 AA 00 00 00 00 
"
"2016-11-21 14:02:46ID: BB  Data: 00 00 00 AA 00 00 00 00 
"
"2016-11-21 14:02:46ID: BC  Data: 00 00 00 AA 00 00 00 00 
"
"2016-11-21 14:02:46ID: BB  Data: 00 00 00 AA 00 00 00 00 
"
"2016-11-21 14:02:46ID: BC  Data: 00 00 00 AA 00 00 00 00 
"
"2016-11-21 14:02:46ID: BB  Data: 00 00 00 AA 00 00 00 00 
"
"2016-11-21 14:02:46ID: BC  Data: 00 00 00 AA 00 00 00 00 
"
"2016-11-21 14:02:46ID: BB  Data: 00 00 00 AA 00 00 00 00 
"
"2016-11-21 14:02:46ID: BC  Data: 00 00 00 AA 00 00 00 00 
"
"2016-11-21 14:02:46ID: BB  Data: 00 00 00 AA 00 00 00 00 
"
"2016-11-21 14:02:46ID: BC  Data: 00 00 00 AA 00 00 00 00 
"
"2016-11-21 14:02:47ID: BB  Data: 00 00 00 AA 00 00 00 00 
"
"2016-11-21 14:02:47ID: BC  Data: 00 00 00 AA 00 00 00 00 
"
"2016-11-21 14:02:47ID: BB  Data: 00 00 00 AA 00 00 00 00 
"
"2016-11-21 14:02:47ID: BC  Data: 00 00 00 AA 00 00 00 00 
"
"2016-11-21 14:02:47ID: BB  Data: 00 00 00 AA 00 00 00 00 
"
"2016-11-21 14:02:47ID: BC  Data: 00 00 00 AA 00 00 00 00 
"
"2016-11-21 14:02:47ID: BB  Data: 00 00 00 AA 00 00 00 00 
"
"2016-11-21 14:02:47ID: BC  Data: 00 00 00 AA 00 00 00 00 
"
"2016-11-21 14:02:47ID: BB  Data: 00 00 00 AA 00 00 00 00 
"
"2016-11-21 14:02:47ID: BC  Data: 00 00 00 AA 00 00 00 00 
"
"2016-11-21 14:02:47ID: BB  Data: 00 00 00 AA 00 00 00 00 
"
"2016-11-21 14:02:47ID: BC  Data: 00 00 00 AA 00 00 00 00 
"
"2016-11-21 14:02:47ID: BB  Data: 00 00 00 AA 00 00 00 00 
"
"2016-11-21 14:02:47ID: BC  Data: 00 00 00 AA 00 00 00 00 
"
"2016-11-21 14:02:47ID: BB  Data: 00 00 00 AA 00 00 00 00 
"
"2016-11-21 14:02:47ID: BC  Data: 00 00 00 AA 00 00 00 00 
"
"2016-11-21 14:02:47ID: BB  Data: 00 00 00 AA 00 00 00 00 
"
"2016-11-21 14:02:47ID: BC  Data: 00 00 00 AA 00 00 00 00 
"
"2016-11-21 14:02:47ID: BB  Data: 00 00 00 AA 00 00 00 00 
"
"2016-11-21 14:02:47ID: BC  Data: 00 00 00 AA 00 00 00 00 
"
"2016-11-21 14:02:47ID: BB  Data: 00 00 00 AA 00 00 00 00 
"
"2016-11-21 14:02:47ID: BC  Data: 00 00 00 AA 00 00 00 00 
"
"2016-11-21 14:02:47ID: BB  Data: 00 00 00 AA 00 00 00 00 
"
"2016-11-21 14:02:47ID: BC  Data: 00 00 00 AA 00 00 00 00 
"
"2016-11-21 14:02:48ID: BB  Data: 00 00 00 AA 00 00 00 00 
"
"2016-11-21 14:02:48ID: BC  Data: 00 00 00 AA 00 00 00 00 
"
"2016-11-21 14:02:48ID: BB  Data: 00 00 00 AA 00 00 00 00 
"
"2016-11-21 14:02:48ID: BC  Data: 00 00 00 AA 00 00 00 00 
"
"2016-11-21 14:02:48ID: BB  Data: 00 00 00 AA 00 00 00 00 
"
"2016-11-21 14:02:48ID: BC  Data: 00 00 00 AA 00 00 00 00 
"
"2016-11-21 14:02:48ID: BB  Data: 00 00 00 AA 00 00 00 00 
"
"2016-11-21 14:02:48ID: BC  Data: 00 00 00 AA 00 00 00 00 
"
"2016-11-21 14:02:48ID: BB  Data: 00 00 00 AA 00 00 00 00 
"
"2016-11-21 14:02:48ID: BC  Data: 00 00 00 AA 00 00 00 00 
"
"2016-11-21 14:02:48ID: BB  Data: 00 00 00 AA 00 00 00 00 
"
"2016-11-21 14:02:48ID: BC  Data: 00 00 00 AA 00 00 00 00 
"
"2016-11-21 14:02:48ID: BB  Data: 00 00 00 AA 00 00 00 00 
"
"2016-11-21 14:02:48ID: BC  Data: 00 00 00 AA 00 00 00 00 
"
"2016-11-21 14:02:48ID: BB  Data: 00 00 00 AA 00 00 00 00 
"
"2016-11-21 14:02:48ID: BC  Data: 00 00 00 AA 00 00 00 00 
"
"2016-11-21 14:02:48ID: BB  Data: 00 00 00 AA 00 00 00 00 
"
"2016-11-21 14:02:48ID: BC  Data: 00 00 00 AA 00 00 00 00 
"
"2016-11-21 14:02:48ID: BB  Data: 00 00 00 AA 00 00 00 00 
"
"2016-11-21 14:02:48ID: BC  Data: 00 00 00 AA 00 00 00 00 
"
"2016-11-21 14:02:48ID: BB  Data: 00 00 00 AA 00 00 00 00 
"
"2016-11-21 14:02:48ID: BC  Data: 00 00 00 AA 00 00 00 00 
"
"2016-11-21 14:02:49ID: BB  Data: 00 00 00 AA 00 00 00 00 
"
"2016-11-21 14:02:49ID: BC  Data: 00 00 00 AA 00 00 00 00 
"
"2016-11-21 14:02:49ID: BB  Data: 00 00 00 AA 00 00 00 00 
"
"2016-11-21 14:02:49ID: BC  Data: 00 00 00 AA 00 00 00 00 
"
"2016-11-21 14:02:49ID: BB  Data: 00 00 00 AA 00 00 00 00 
"
"2016-11-21 14:02:49ID: BC  Data: 00 00 00 AA 00 00 00 00 
"
"2016-11-21 14:02:49ID: BB  Data: 00 00 00 AA 00 00 00 00 
"
"2016-11-21 14:02:49ID: BC  Data: 00 00 00 AA 00 00 00 00 
"
"2016-11-21 14:02:49ID: BB  Data: 00 00 00 AA 00 00 00 00 
"
"2016-11-21 14:02:49ID: BC  Data: 00 00 00 AA 00 00 00 00 
"
"2016-11-21 14:02:49ID: BB  Data: 00 00 00 AA 00 00 00 00 
"
"2016-11-21 14:02:49ID: BC  Data: 00 00 00 AA 00 00 00 00 
"
"2016-11-21 14:02:49ID: BB  Data: 00 00 00 AA 00 00 00 00 
"
"2016-11-21 14:02:49ID: BC  Data: 00 00 00 AA 00 00 00 00 
"
"2016-11-21 14:02:49ID: BB  Data: 00 00 00 AA 00 00 00 00 
"
"2016-11-21 14:02:49ID: BC  Data: 00 00 00 AA 00 00 00 00 
"
"2016-11-21 14:02:49ID: BB  Data: 00 00 00 AA 00 00 00 00 
"
"2016-11-21 14:02:49ID: BC  Data: 00 00 00 AA 00 00 00 00 
"
"2016-11-21 14:02:49ID: BB  Data: 00 00 00 AA 00 00 00 00 
"
"2016-11-21 14:02:49ID: BC  Data: 00 00 00 AA 00 00 00 00 
"
"2016-11-21 14:02:49ID: BB  Data: 00 00 00 AA 00 00 00 00 
"
"2016-11-21 14:02:49ID: BC  Data: 00 00 00 AA 00 00 00 00 
"
"2016-11-21 14:02:49ID: BB  Data: 00 00 00 AA 00 00 00 00 
"
"2016-11-21 14:02:50ID: BC  Data: 00 00 00 AA 00 00 00 00 
"
"2016-11-21 14:02:50ID: BB  Data: 00 00 00 AA 00 00 00 00 
"
"2016-11-21 14:02:50ID: BC  Data: 00 00 00 AA 00 00 00 00 
"
"2016-11-21 14:02:50ID: BB  Data: 00 00 00 AA 00 00 00 00 
"
"2016-11-21 14:02:50ID: BC  Data: 00 00 00 AA 00 00 00 00 
"
"2016-11-21 14:02:50ID: BB  Data: 00 00 00 AA 00 00 00 00 
"
"2016-11-21 14:02:50ID: BC  Data: 00 00 00 AA 00 00 00 00 
"
"2016-11-21 14:02:50ID: BB  Data: 00 00 00 AA 00 00 00 00 
"
"2016-11-21 14:02:50ID: BC  Data: 00 00 00 AA 00 00 00 00 
"
"2016-11-21 14:02:50ID: BB  Data: 00 00 00 AA 00 00 00 00 
"
"2016-11-21 14:02:50ID: BC  Data: 00 00 00 AA 00 00 00 00 
"
"2016-11-21 14:02:50ID: BB  Data: 00 00 00 AA 00 00 00 00 
"
"2016-11-21 14:02:50ID: BC  Data: 00 00 00 AA 00 00 00 00 
"
"2016-11-21 14:02:50ID: BB  Data: 00 00 00 AA 00 00 00 00 
"
"2016-11-21 14:02:50ID: BC  Data: 00 00 00 AA 00 00 00 00 
"
"2016-11-21 14:02:50ID: BB  Data: 00 00 00 AA 00 00 00 00 
"
"2016-11-21 14:02:50ID: BC  Data: 00 00 00 AA 00 00 00 00 
"
"2016-11-21 14:02:50ID: BB  Data: 00 00 00 AA 00 00 00 00 
"
"2016-11-21 14:02:50ID: BC  Data: 00 00 00 AA 00 00 00 00 
"
"2016-11-21 14:02:50ID: BB  Data: 00 00 00 AA 00 00 00 00 
"
"2016-11-21 14:02:50ID: BC  Data: 00 00 00 AA 00 00 00 00 
"
"2016-11-21 14:02:50ID: BB  Data: 00 00 00 AA 00 00 00 00 
"
"2016-11-21 14:02:50ID: BC  Data: 00 00 00 AA 00 00 00 00 
"
"2016-11-21 14:02:51ID: BB  Data: 00 00 00 AA 00 00 00 00 
"
"2016-11-21 14:02:51ID: BC  Data: 00 00 00 AA 00 00 00 00 
"
"2016-11-21 14:02:51ID: BB  Data: 00 00 00 AA 00 00 00 00 
"
"2016-11-21 14:02:51ID: BC  Data: 00 00 00 AA 00 00 00 00 
"
"2016-11-21 14:02:51ID: BB  Data: 00 00 00 AA 00 00 00 00 
"
"2016-11-21 14:02:51ID: BC  Data: 00 00 00 AA 00 00 00 00 
"
"2016-11-21 14:02:51ID: BB  Data: 00 00 00 AA 00 00 00 00 
"
"2016-11-21 14:02:51ID: BC  Data: 00 00 00 AA 00 00 00 00 
"
"2016-11-21 14:02:51ID: BB  Data: 00 00 00 AA 00 00 00 00 
"
"2016-11-21 14:02:51ID: BC  Data: 00 00 00 AA 00 00 00 00 
"
"2016-11-21 14:02:51ID: BB  Data: 00 00 00 AA 00 00 00 00 
"
"2016-11-21 14:02:51ID: BC  Data: 00 00 00 AA 00 00 00 00 
"
"2016-11-21 14:02:51ID: BB  Data: 00 00 00 AA 00 00 00 00 
"
"2016-11-21 14:02:51ID: BC  Data: 00 00 00 AA 00 00 00 00 
"
"2016-11-21 14:02:51ID: BB  Data: 00 00 00 AA 00 00 00 00 
"
"2016-11-21 14:02:51ID: BC  Data: 00 00 00 AA 00 00 00 00 
"
"2016-11-21 14:02:51ID: BB  Data: 00 00 00 AA 00 00 00 00 
"
"2016-11-21 14:02:51ID: BC  Data: 00 00 00 AA 00 00 00 00 
"
"2016-11-21 14:02:51ID: BB  Data: 00 00 00 AA 00 00 00 00 
"
"2016-11-21 14:02:51ID: BC  Data: 00 00 00 AA 00 00 00 00 
"
"2016-11-21 14:02:51ID: BB  Data: 00 00 00 AA 00 00 00 00 
"
"2016-11-21 14:02:51ID: BC  Data: 00 00 00 AA 00 00 00 00 
"
"2016-11-21 14:02:52ID: BB  Data: 00 00 00 AA 00 00 00 00 
"
"2016-11-21 14:02:52ID: BC  Data: 00 00 00 AA 00 00 00 00 
"
"2016-11-21 14:02:52ID: BB  Data: 00 00 00 AA 00 00 00 00 
"
"2016-11-21 14:02:52ID: BC  Data: 00 00 00 AA 00 00 00 00 
"
"2016-11-21 14:02:52ID: BB  Data: 00 00 00 AA 00 00 00 00 
"
"2016-11-21 14:02:52ID: BC  Data: 00 00 00 AA 00 00 00 00 
"
"2016-11-21 14:02:52ID: BB  Data: 00 00 00 AA 00 00 00 00 
"
"2016-11-21 14:02:52ID: BC  Data: 00 00 00 AA 00 00 00 00 
"
"2016-11-21 14:02:52ID: BB  Data: 00 00 00 AA 00 00 00 00 
"
"2016-11-21 14:02:52ID: BC  Data: 00 00 00 AA 00 00 00 00 
"
"2016-11-21 14:02:52ID: BB  Data: 00 00 00 AA 00 00 00 00 
"
"2016-11-21 14:02:52ID: BC  Data: 00 00 00 AA 00 00 00 00 
"
"2016-11-21 14:02:52ID: BB  Data: 00 00 00 AA 00 00 00 00 
"
"2016-11-21 14:02:52ID: BC  Data: 00 00 00 AA 00 00 00 00 
"
"2016-11-21 14:02:52ID: BB  Data: 00 00 00 AA 00 00 00 00 
"
"2016-11-21 14:02:52ID: BC  Data: 00 00 00 AA 00 00 00 00 
"
"2016-11-21 14:02:52ID: BB  Data: 00 00 00 AA 00 00 00 00 
"
"2016-11-21 14:02:52ID: BC  Data: 00 00 00 AA 00 00 00 00 
"
"2016-11-21 14:02:52ID: BB  Data: 00 00 00 AA 00 00 00 00 
"
"2016-11-21 14:02:52ID: BC  Data: 00 00 00 AA 00 00 00 00 
"
"2016-11-21 14:02:52ID: BB  Data: 00 00 00 AA 00 00 00 00 
"
"2016-11-21 14:02:52ID: BC  Data: 00 00 00 AA 00 00 00 00 
"
"2016-11-21 14:02:52ID: BB  Data: 00 00 00 AA 00 00 00 00 
"
"2016-11-21 14:02:52ID: BC  Data: 00 00 00 AA 00 00 00 00 
"
"2016-11-21 14:02:53ID: BB  Data: 00 00 00 AA 00 00 00 00 
"
"2016-11-21 14:02:53ID: BC  Data: 00 00 00 AA 00 00 00 00 
"
"2016-11-21 14:02:53ID: BB  Data: 00 00 00 AA 00 00 00 00 
"
"2016-11-21 14:02:53ID: BC  Data: 00 00 00 AA 00 00 00 00 
"
"2016-11-21 14:02:53ID: BB  Data: 00 00 00 AA 00 00 00 00 
"
"2016-11-21 14:02:53ID: BC  Data: 00 00 00 AA 00 00 00 00 
"
"2016-11-21 14:02:53ID: BB  Data: 00 00 00 AA 00 00 00 00 
"
"2016-11-21 14:02:53ID: BC  Data: 00 00 00 AA 00 00 00 00 
"
"2016-11-21 14:02:53ID: BB  Data: 00 00 00 AA 00 00 00 00 
"
"2016-11-21 14:02:53ID: BC  Data: 00 00 00 AA 00 00 00 00 
"
"2016-11-21 14:02:53ID: BB  Data: 00 00 00 AA 00 00 00 00 
"
"2016-11-21 14:02:53ID: BC  Data: 00 00 00 AA 00 00 00 00 
"
"2016-11-21 14:02:53ID: BB  Data: 00 00 00 AA 00 00 00 00 
"
"2016-11-21 14:02:53ID: BC  Data: 00 00 00 AA 00 00 00 00 
"
"2016-11-21 14:02:53ID: BB  Data: 00 00 00 AA 00 00 00 00 
"
"2016-11-21 14:02:53ID: BC  Data: 00 00 00 AA 00 00 00 00 
"
"2016-11-21 14:02:53ID: BB  Data: 00 00 00 AA 00 00 00 00 
"
"2016-11-21 14:02:53ID: BC  Data: 00 00 00 AA 00 00 00 00 
"
"2016-11-21 14:02:53ID: BB  Data: 00 00 00 AA 00 00 00 00 
"
"2016-11-21 14:02:53ID: BC  Data: 00 00 00 AA 00 00 00 00 
"
"2016-11-21 14:02:53ID: BB  Data: 00 00 00 AA 00 00 00 00 
"
"2016-11-21 14:02:53ID: BC  Data: 00 00 00 AA 00 00 00 00 
"
"2016-11-21 14:02:54ID: BB  Data: 00 00 00 AA 00 00 00 00 
"
"2016-11-21 14:02:54ID: BC  Data: 00 00 00 AA 00 00 00 00 
"
"2016-11-21 14:02:54ID: BB  Data: 00 00 00 AA 00 00 00 00 
"
"2016-11-21 14:02:54ID: BC  Data: 00 00 00 AA 00 00 00 00 
"
"2016-11-21 14:02:54ID: BB  Data: 00 00 00 AA 00 00 00 00 
"
"2016-11-21 14:02:54ID: BC  Data: 00 00 00 AA 00 00 00 00 
"
"2016-11-21 14:02:54ID: BB  Data: 00 00 00 AA 00 00 00 00 
"
"2016-11-21 14:02:54ID: BC  Data: 00 00 00 AA 00 00 00 00 
"
"2016-11-21 14:02:54ID: BB  Data: 00 00 00 AA 00 00 00 00 
"
"2016-11-21 14:02:54ID: BC  Data: 00 00 00 AA 00 00 00 00 
"
"2016-11-21 14:02:54ID: BB  Data: 00 00 00 AA 00 00 00 00 
"
"2016-11-21 14:02:54ID: BC  Data: 00 00 00 AA 00 00 00 00 
"
"2016-11-21 14:02:54ID: BB  Data: 00 00 00 AA 00 00 00 00 
"
"2016-11-21 14:02:54ID: BC  Data: 00 00 00 AA 00 00 00 00 
"
"2016-11-21 14:02:54ID: BB  Data: 00 00 00 AA 00 00 00 00 
"
"2016-11-21 14:02:54ID: BC  Data: 00 00 00 AA 00 00 00 00 
"
"2016-11-21 14:02:54ID: BB  Data: 00 00 00 AA 00 00 00 00 
"
"2016-11-21 14:02:54ID: BC  Data: 00 00 00 AA 00 00 00 00 
"
"2016-11-21 14:02:54ID: BB  Data: 00 00 00 AA 00 00 00 00 
"
"2016-11-21 14:02:54ID: BC  Data: 00 00 00 AA 00 00 00 00 
"
"2016-11-21 14:02:54ID: BB  Data: 00 00 00 AA 00 00 00 00 
"
"2016-11-21 14:02:54ID: BC  Data: 00 00 00 AA 00 00 00 00 
"
"2016-11-21 14:02:55ID: BB  Data: 00 00 00 AA 00 00 00 00 
"
"2016-11-21 14:02:55ID: BC  Data: 00 00 00 AA 00 00 00 00 
"
"2016-11-21 14:02:55ID: BB  Data: 00 00 00 AA 00 00 00 00 
"
"2016-11-21 14:02:55ID: BC  Data: 00 00 00 AA 00 00 00 00 
"
"2016-11-21 14:02:55ID: BB  Data: 00 00 00 AA 00 00 00 00 
"
"2016-11-21 14:02:55ID: BC  Data: 00 00 00 AA 00 00 00 00 
"
"2016-11-21 14:02:55ID: BB  Data: 00 00 00 AA 00 00 00 00 
"
"2016-11-21 14:02:55ID: BC  Data: 00 00 00 AA 00 00 00 00 
"
"2016-11-21 14:02:55ID: BB  Data: 00 00 00 AA 00 00 00 00 
"
"2016-11-21 14:02:55ID: BC  Data: 00 00 00 AA 00 00 00 00 
"
"2016-11-21 14:02:55ID: BB  Data: 00 00 00 AA 00 00 00 00 
"
"2016-11-21 14:02:55ID: BC  Data: 00 00 00 AA 00 00 00 00 
"
"2016-11-21 14:02:55ID: BB  Data: 00 00 00 AA 00 00 00 00 
"
"2016-11-21 14:02:55ID: BC  Data: 00 00 00 AA 00 00 00 00 
"
"2016-11-21 14:02:55ID: BB  Data: 00 00 00 AA 00 00 00 00 
"
"2016-11-21 14:02:55ID: BC  Data: 00 00 00 AA 00 00 00 00 
"
"2016-11-21 14:02:55ID: BB  Data: 00 00 00 AA 00 00 00 00 
"
"2016-11-21 14:02:55ID: BC  Data: 00 00 00 AA 00 00 00 00 
"
"2016-11-21 14:02:55ID: BB  Data: 00 00 00 AA 00 00 00 00 
"
"2016-11-21 14:02:55ID: BC  Data: 00 00 00 AA 00 00 00 00 
"
"2016-11-21 14:02:55ID: BB  Data: 00 00 00 AA 00 00 00 00 
"
"2016-11-21 14:02:55ID: BC  Data: 00 00 00 AA 00 00 00 00 
"
"2016-11-21 14:02:55ID: BB  Data: 00 00 00 AA 00 00 00 00 
"
"2016-11-21 14:02:55ID: BC  Data: 00 00 00 AA 00 00 00 00 
"
"2016-11-21 14:02:56ID: BB  Data: 00 00 00 AA 00 00 00 00 
"
"2016-11-21 14:02:56ID: BC  Data: 00 00 00 AA 00 00 00 00 
"
"2016-11-21 14:02:56ID: BB  Data: 00 00 00 AA 00 00 00 00 
"
"2016-11-21 14:02:56ID: BC  Data: 00 00 00 AA 00 00 00 00 
"
"2016-11-21 14:02:56ID: BB  Data: 00 00 00 AA 00 00 00 00 
"
"2016-11-21 14:02:56ID: BC  Data: 00 00 00 AA 00 00 00 00 
"
"2016-11-21 14:02:56ID: BB  Data: 00 00 00 AA 00 00 00 00 
"
"2016-11-21 14:02:56ID: BC  Data: 00 00 00 AA 00 00 00 00 
"
"2016-11-21 14:02:56ID: BB  Data: 00 00 00 AA 00 00 00 00 
"
"2016-11-21 14:02:56ID: BC  Data: 00 00 00 AA 00 00 00 00 
"
"2016-11-21 14:02:56ID: BB  Data: 00 00 00 AA 00 00 00 00 
"
"2016-11-21 14:02:56ID: BC  Data: 00 00 00 AA 00 00 00 00 
"
"2016-11-21 14:02:56ID: BB  Data: 00 00 00 AA 00 00 00 00 
"
"2016-11-21 14:02:56ID: BC  Data: 00 00 00 AA 00 00 00 00 
"
"2016-11-21 14:02:56ID: BB  Data: 00 00 00 AA 00 00 00 00 
"
"2016-11-21 14:02:56ID: BC  Data: 00 00 00 AA 00 00 00 00 
"
"2016-11-21 14:02:56ID: BB  Data: 00 00 00 AA 00 00 00 00 
"
"2016-11-21 14:02:56ID: BC  Data: 00 00 00 AA 00 00 00 00 
"
"2016-11-21 14:02:56ID: BB  Data: 00 00 00 AA 00 00 00 00 
"
"2016-11-21 14:02:56ID: BC  Data: 00 00 00 AA 00 00 00 00 
"
"2016-11-21 14:02:56ID: BB  Data: 00 00 00 AA 00 00 00 00 
"
"2016-11-21 14:02:56ID: BC  Data: 00 00 00 AA 00 00 00 00 
"
"2016-11-21 14:02:57ID: BB  Data: 00 00 00 AA 00 00 00 00 
"
"2016-11-21 14:02:57ID: BC  Data: 00 00 00 AA 00 00 00 00 
"
"2016-11-21 14:02:57ID: BB  Data: 00 00 00 AA 00 00 00 00 
"
"2016-11-21 14:02:57ID: BC  Data: 00 00 00 AA 00 00 00 00 
"
"2016-11-21 14:02:57ID: BB  Data: 00 00 00 AA 00 00 00 00 
"
"2016-11-21 14:02:57ID: BC  Data: 00 00 00 AA 00 00 00 00 
"
"2016-11-21 14:02:57ID: BB  Data: 00 00 00 AA 00 00 00 00 
"
"2016-11-21 14:02:57ID: BC  Data: 00 00 00 AA 00 00 00 00 
"
"2016-11-21 14:02:57ID: BB  Data: 00 00 00 AA 00 00 00 00 
"
"2016-11-21 14:02:57ID: BC  Data: 00 00 00 AA 00 00 00 00 
"
"2016-11-21 14:02:57ID: BB  Data: 00 00 00 AA 00 00 00 00 
"
"2016-11-21 14:02:57ID: BC  Data: 00 00 00 AA 00 00 00 00 
"
"2016-11-21 14:02:57ID: BB  Data: 00 00 00 AA 00 00 00 00 
"
"2016-11-21 14:02:57ID: BC  Data: 00 00 00 AA 00 00 00 00 
"
"2016-11-21 14:02:57ID: BB  Data: 00 00 00 AA 00 00 00 00 
"
"2016-11-21 14:02:57ID: BC  Data: 00 00 00 AA 00 00 00 00 
"
"2016-11-21 14:02:57ID: BB  Data: 00 00 00 AA 00 00 00 00 
"
"2016-11-21 14:02:57ID: BC  Data: 00 00 00 AA 00 00 00 00 
"
"2016-11-21 14:02:57ID: BB  Data: 00 00 00 AA 00 00 00 00 
"
"2016-11-21 14:02:57ID: BC  Data: 00 00 00 AA 00 00 00 00 
"
"2016-11-21 14:02:57ID: BB  Data: 00 00 00 AA 00 00 00 00 
"
"2016-11-21 14:02:57ID: BC  Data: 00 00 00 AA 00 00 00 00 
"
"2016-11-21 14:02:58ID: BB  Data: 00 00 00 AA 00 00 00 00 
"
"2016-11-21 14:02:58ID: BC  Data: 00 00 00 AA 00 00 00 00 
"
"2016-11-21 14:02:58ID: BB  Data: 00 00 00 AA 00 00 00 00 
"
"2016-11-21 14:02:58ID: BC  Data: 00 00 00 AA 00 00 00 00 
"
"2016-11-21 14:02:58ID: BB  Data: 00 00 00 AA 00 00 00 00 
"
"2016-11-21 14:02:58ID: BC  Data: 00 00 00 AA 00 00 00 00 
"
"2016-11-21 14:02:58ID: BB  Data: 00 00 00 AA 00 00 00 00 
"
"2016-11-21 14:02:58ID: BC  Data: 00 00 00 AA 00 00 00 00 
"
"2016-11-21 14:02:58ID: BB  Data: 00 00 00 AA 00 00 00 00 
"
"2016-11-21 14:02:58ID: BC  Data: 00 00 00 AA 00 00 00 00 
"
"2016-11-21 14:02:58ID: BB  Data: 00 00 00 AA 00 00 00 00 
"
"2016-11-21 14:02:58ID: BC  Data: 00 00 00 AA 00 00 00 00 
"
"2016-11-21 14:02:58ID: BB  Data: 00 00 00 AA 00 00 00 00 
"
"2016-11-21 14:02:58ID: BC  Data: 00 00 00 AA 00 00 00 00 
"
"2016-11-21 14:02:58ID: BB  Data: 00 00 00 AA 00 00 00 00 
"
"2016-11-21 14:02:58ID: BC  Data: 00 00 00 AA 00 00 00 00 
"
"2016-11-21 14:02:58ID: BB  Data: 00 00 00 AA 00 00 00 00 
"
"2016-11-21 14:02:58ID: BC  Data: 00 00 00 AA 00 00 00 00 
"
"2016-11-21 14:02:58ID: BB  Data: 00 00 00 AA 00 00 00 00 
"
"2016-11-21 14:02:58ID: BC  Data: 00 00 00 AA 00 00 00 00 
"
"2016-11-21 14:02:58ID: BB  Data: 00 00 00 AA 00 00 00 00 
"
"2016-11-21 14:02:58ID: BC  Data: 00 00 00 AA 00 00 00 00 
"
"2016-11-21 14:02:58ID: BB  Data: 00 00 00 AA 00 00 00 00 
"
"2016-11-21 14:02:58ID: BC  Data: 00 00 00 AA 00 00 00 00 
"
"2016-11-21 14:02:59ID: BB  Data: 00 00 00 AA 00 00 00 00 
"
"2016-11-21 14:02:59ID: BC  Data: 00 00 00 AA 00 00 00 00 
"
"2016-11-21 14:02:59ID: BB  Data: 00 00 00 AA 00 00 00 00 
"
"2016-11-21 14:02:59ID: BC  Data: 00 00 00 AA 00 00 00 00 
"
"2016-11-21 14:02:59ID: BB  Data: 00 00 00 AA 00 00 00 00 
"
"2016-11-21 14:02:59ID: BC  Data: 00 00 00 AA 00 00 00 00 
"
"2016-11-21 14:02:59ID: BB  Data: 00 00 00 AA 00 00 00 00 
"
"2016-11-21 14:02:59ID: BC  Data: 00 00 00 AA 00 00 00 00 
"
"2016-11-21 14:02:59ID: BB  Data: 00 00 00 AA 00 00 00 00 
"
"2016-11-21 14:02:59ID: BC  Data: 00 00 00 AA 00 00 00 00 
"
"2016-11-21 14:02:59ID: BB  Data: 00 00 00 AA 00 00 00 00 
"
"2016-11-21 14:02:59ID: BC  Data: 00 00 00 AA 00 00 00 00 
"
"2016-11-21 14:02:59ID: BB  Data: 00 00 00 AA 00 00 00 00 
"
"2016-11-21 14:02:59ID: BC  Data: 00 00 00 AA 00 00 00 00 
"
"2016-11-21 14:02:59ID: BB  Data: 00 00 00 AA 00 00 00 00 
"
"2016-11-21 14:02:59ID: BC  Data: 00 00 00 AA 00 00 00 00 
"
"2016-11-21 14:02:59ID: BB  Data: 00 00 00 AA 00 00 00 00 
"
"2016-11-21 14:02:59ID: BC  Data: 00 00 00 AA 00 00 00 00 
"
"2016-11-21 14:02:59ID: BB  Data: 00 00 00 AA 00 00 00 00 
"
"2016-11-21 14:02:59ID: BC  Data: 00 00 00 AA 00 00 00 00 
"
"2016-11-21 14:02:59ID: BB  Data: 00 00 00 AA 00 00 00 00 
"
"2016-11-21 14:02:59ID: BC  Data: 00 00 00 AA 00 00 00 00 
"
"2016-11-21 14:03:00ID: BB  Data: 00 00 00 AA 00 00 00 00 
"
"2016-11-21 14:03:00ID: BC  Data: 00 00 00 AA 00 00 00 00 
"
"2016-11-21 14:03:00ID: BB  Data: 00 00 00 AA 00 00 00 00 
"
"2016-11-21 14:03:00ID: BC  Data: 00 00 00 AA 00 00 00 00 
"
"2016-11-21 14:03:00ID: BB  Data: 00 00 00 AA 00 00 00 00 
"
"2016-11-21 14:03:00ID: BC  Data: 00 00 00 AA 00 00 00 00 
"
"2016-11-21 14:03:00ID: BB  Data: 00 00 00 AA 00 00 00 00 
"
"2016-11-21 14:03:00ID: BC  Data: 00 00 00 AA 00 00 00 00 
"
"2016-11-21 14:03:00ID: BB  Data: 00 00 00 AA 00 00 00 00 
"
"2016-11-21 14:03:00ID: BC  Data: 00 00 00 AA 00 00 00 00 
"
"2016-11-21 14:03:00ID: BB  Data: 00 00 00 AA 00 00 00 00 
"
"2016-11-21 14:03:00ID: BC  Data: 00 00 00 AA 00 00 00 00 
"
"2016-11-21 14:03:00ID: BB  Data: 00 00 00 AA 00 00 00 00 
"
"2016-11-21 14:03:00ID: BC  Data: 00 00 00 AA 00 00 00 00 
"
"2016-11-21 14:03:00ID: BB  Data: 00 00 00 AA 00 00 00 00 
"
"2016-11-21 14:03:00ID: BC  Data: 00 00 00 AA 00 00 00 00 
"
"2016-11-21 14:03:00ID: BB  Data: 00 00 00 AA 00 00 00 00 
"
"2016-11-21 14:03:00ID: BC  Data: 00 00 00 AA 00 00 00 00 
"
"2016-11-21 14:03:00ID: BB  Data: 00 00 00 AA 00 00 00 00 
"
"2016-11-21 14:03:00ID: BC  Data: 00 00 00 AA 00 00 00 00 
"
"2016-11-21 14:03:00ID: BB  Data: 00 00 00 AA 00 00 00 00 
"
"2016-11-21 14:03:00ID: BC  Data: 00 00 00 AA 00 00 00 00 
"
"2016-11-21 14:03:00ID: BB  Data: 00 00 00 AA 00 00 00 00 
"
"2016-11-21 14:03:01ID: BC  Data: 00 00 00 AA 00 00 00 00 
"
"2016-11-21 14:03:01ID: BB  Data: 00 00 00 AA 00 00 00 00 
"
"2016-11-21 14:03:01ID: BC  Data: 00 00 00 AA 00 00 00 00 
"
"2016-11-21 14:03:01ID: BB  Data: 00 00 00 AA 00 00 00 00 
"
"2016-11-21 14:03:01ID: BC  Data: 00 00 00 AA 00 00 00 00 
"
"2016-11-21 14:03:01ID: BB  Data: 00 00 00 AA 00 00 00 00 
"
"2016-11-21 14:03:01ID: BC  Data: 00 00 00 AA 00 00 00 00 
"
"2016-11-21 14:03:01ID: BB  Data: 00 00 00 AA 00 00 00 00 
"
"2016-11-21 14:03:01ID: BC  Data: 00 00 00 AA 00 00 00 00 
"
"2016-11-21 14:03:01ID: BB  Data: 00 00 00 AA 00 00 00 00 
"
"2016-11-21 14:03:01ID: BC  Data: 00 00 00 AA 00 00 00 00 
"
"2016-11-21 14:03:01ID: BB  Data: 00 00 00 AA 00 00 00 00 
"
"2016-11-21 14:03:01ID: BC  Data: 00 00 00 AA 00 00 00 00 
"
"2016-11-21 14:03:01ID: BB  Data: 00 00 00 AA 00 00 00 00 
"
"2016-11-21 14:03:01ID: BC  Data: 00 00 00 AA 00 00 00 00 
"
"2016-11-21 14:03:01ID: BB  Data: 00 00 00 AA 00 00 00 00 
"
"2016-11-21 14:03:01ID: BC  Data: 00 00 00 AA 00 00 00 00 
"
"2016-11-21 14:03:01ID: BB  Data: 00 00 00 AA 00 00 00 00 
"
"2016-11-21 14:03:01ID: BC  Data: 00 00 00 AA 00 00 00 00 
"
"2016-11-21 14:03:01ID: BB  Data: 00 00 00 AA 00 00 00 00 
"
"2016-11-21 14:03:01ID: BC  Data: 00 00 00 AA 00 00 00 00 
"
"2016-11-21 14:03:01ID: BB  Data: 00 00 00 AA 00 00 00 00 
"
"2016-11-21 14:03:01ID: BC  Data: 00 00 00 AA 00 00 00 00 
"
"2016-11-21 14:03:02ID: BB  Data: 00 00 00 AA 00 00 00 00 
"
"2016-11-21 14:03:02ID: BC  Data: 00 00 00 AA 00 00 00 00 
"
"2016-11-21 14:03:02ID: BB  Data: 00 00 00 AA 00 00 00 00 
"
"2016-11-21 14:03:02ID: BC  Data: 00 00 00 AA 00 00 00 00 
"
"2016-11-21 14:03:02ID: BB  Data: 00 00 00 AA 00 00 00 00 
"
"2016-11-21 14:03:02ID: BC  Data: 00 00 00 AA 00 00 00 00 
"
"2016-11-21 14:03:02ID: BB  Data: 00 00 00 AA 00 00 00 00 
"
"2016-11-21 14:03:02ID: BC  Data: 00 00 00 AA 00 00 00 00 
"
"2016-11-21 14:03:02ID: BB  Data: 00 00 00 AA 00 00 00 00 
"
"2016-11-21 14:03:02ID: BC  Data: 00 00 00 AA 00 00 00 00 
"
"2016-11-21 14:03:02ID: BB  Data: 00 00 00 AA 00 00 00 00 
"
"2016-11-21 14:03:02ID: BC  Data: 00 00 00 AA 00 00 00 00 
"
"2016-11-21 14:03:02ID: BB  Data: 00 00 00 AA 00 00 00 00 
"
"2016-11-21 14:03:02ID: BC  Data: 00 00 00 AA 00 00 00 00 
"
"2016-11-21 14:03:02ID: BB  Data: 00 00 00 AA 00 00 00 00 
"
"2016-11-21 14:03:02ID: BC  Data: 00 00 00 AA 00 00 00 00 
"
"2016-11-21 14:03:02ID: BB  Data: 00 00 00 AA 00 00 00 00 
"
"2016-11-21 14:03:02ID: BC  Data: 00 00 00 AA 00 00 00 00 
"
"2016-11-21 14:03:02ID: BB  Data: 00 00 00 AA 00 00 00 00 
"
"2016-11-21 14:03:02ID: BC  Data: 00 00 00 AA 00 00 00 00 
"
"2016-11-21 14:03:02ID: BB  Data: 00 00 00 AA 00 00 00 00 
"
"2016-11-21 14:03:02ID: BC  Data: 00 00 00 AA 00 00 00 00 
"
"2016-11-21 14:03:03ID: BB  Data: 00 00 00 AA 00 00 00 00 
"
"2016-11-21 14:03:03ID: BC  Data: 00 00 00 AA 00 00 00 00 
"
"2016-11-21 14:03:03ID: BB  Data: 00 00 00 AA 00 00 00 00 
"
"2016-11-21 14:03:03ID: BC  Data: 00 00 00 AA 00 00 00 00 
"
"2016-11-21 14:03:03ID: BB  Data: 00 00 00 AA 00 00 00 00 
"
"2016-11-21 14:03:03ID: BC  Data: 00 00 00 AA 00 00 00 00 
"
"2016-11-21 14:03:03ID: BB  Data: 00 00 00 AA 00 00 00 00 
"
"2016-11-21 14:03:03ID: BC  Data: 00 00 00 AA 00 00 00 00 
"
"2016-11-21 14:03:03ID: BB  Data: 00 00 00 AA 00 00 00 00 
"
"2016-11-21 14:03:03ID: BC  Data: 00 00 00 AA 00 00 00 00 
"
"2016-11-21 14:03:03ID: BB  Data: 00 00 00 AA 00 00 00 00 
"
"2016-11-21 14:03:03ID: BC  Data: 00 00 00 AA 00 00 00 00 
"
"2016-11-21 14:03:03ID: BB  Data: 00 00 00 AA 00 00 00 00 
"
"2016-11-21 14:03:03ID: BC  Data: 00 00 00 AA 00 00 00 00 
"
"2016-11-21 14:03:03ID: BB  Data: 00 00 00 AA 00 00 00 00 
"
"2016-11-21 14:03:03ID: BC  Data: 00 00 00 AA 00 00 00 00 
"
"2016-11-21 14:03:03ID: BB  Data: 00 00 00 AA 00 00 00 00 
"
"2016-11-21 14:03:03ID: BC  Data: 00 00 00 AA 00 00 00 00 
"
"2016-11-21 14:03:03ID: BB  Data: 00 00 00 AA 00 00 00 00 
"
"2016-11-21 14:03:03ID: BC  Data: 00 00 00 AA 00 00 00 00 
"
"2016-11-21 14:03:03ID: BB  Data: 00 00 00 AA 00 00 00 00 
"
"2016-11-21 14:03:03ID: BC  Data: 00 00 00 AA 00 00 00 00 
"
"2016-11-21 14:03:03ID: BB  Data: 00 00 00 AA 00 00 00 00 
"
"2016-11-21 14:03:03ID: BC  Data: 00 00 00 AA 00 00 00 00 
"
"2016-11-21 14:03:04ID: BB  Data: 00 00 00 AA 00 00 00 00 
"
"2016-11-21 14:03:04ID: BC  Data: 00 00 00 AA 00 00 00 00 
"
"2016-11-21 14:03:04ID: BB  Data: 00 00 00 AA 00 00 00 00 
"
"2016-11-21 14:03:04ID: BC  Data: 00 00 00 AA 00 00 00 00 
"
"2016-11-21 14:03:04ID: BB  Data: 00 00 00 AA 00 00 00 00 
"
"2016-11-21 14:03:04ID: BC  Data: 00 00 00 AA 00 00 00 00 
"
"2016-11-21 14:03:04ID: BB  Data: 00 00 00 AA 00 00 00 00 
"
"2016-11-21 14:03:04ID: BC  Data: 00 00 00 AA 00 00 00 00 
"
"2016-11-21 14:03:04ID: BB  Data: 00 00 00 AA 00 00 00 00 
"
"2016-11-21 14:03:04ID: BC  Data: 00 00 00 AA 00 00 00 00 
"
"2016-11-21 14:03:04ID: BB  Data: 00 00 00 AA 00 00 00 00 
"
"2016-11-21 14:03:04ID: BC  Data: 00 00 00 AA 00 00 00 00 
"
"2016-11-21 14:03:04ID: BB  Data: 00 00 00 AA 00 00 00 00 
"
"2016-11-21 14:03:04ID: BC  Data: 00 00 00 AA 00 00 00 00 
"
"2016-11-21 14:03:04ID: BB  Data: 00 00 00 AA 00 00 00 00 
"
"2016-11-21 14:03:04ID: BC  Data: 00 00 00 AA 00 00 00 00 
"
"2016-11-21 14:03:04ID: BB  Data: 00 00 00 AA 00 00 00 00 
"
"2016-11-21 14:03:04ID: BC  Data: 00 00 00 AA 00 00 00 00 
"
"2016-11-21 14:03:04ID: BB  Data: 00 00 00 AA 00 00 00 00 
"
"2016-11-21 14:03:04ID: BC  Data: 00 00 00 AA 00 00 00 00 
"
"2016-11-21 14:03:04ID: BB  Data: 00 00 00 AA 00 00 00 00 
"
"2016-11-21 14:03:04ID: BC  Data: 00 00 00 AA 00 00 00 00 
"
"2016-11-21 14:03:05ID: BB  Data: 00 00 00 AA 00 00 00 00 
"
"2016-11-21 14:03:05ID: BC  Data: 00 00 00 AA 00 00 00 00 
"
"2016-11-21 14:03:05ID: BB  Data: 00 00 00 AA 00 00 00 00 
"
"2016-11-21 14:03:05ID: BC  Data: 00 00 00 AA 00 00 00 00 
"
"2016-11-21 14:03:05ID: BB  Data: 00 00 00 AA 00 00 00 00 
"
"2016-11-21 14:03:05ID: BC  Data: 00 00 00 AA 00 00 00 00 
"
"2016-11-21 14:03:05ID: BB  Data: 00 00 00 AA 00 00 00 00 
"
"2016-11-21 14:03:05ID: BC  Data: 00 00 00 AA 00 00 00 00 
"
"2016-11-21 14:03:05ID: BB  Data: 00 00 00 AA 00 00 00 00 
"
"2016-11-21 14:03:05ID: BC  Data: 00 00 00 AA 00 00 00 00 
"
"2016-11-21 14:03:05ID: BB  Data: 00 00 00 AA 00 00 00 00 
"
"2016-11-21 14:03:05ID: BC  Data: 00 00 00 AA 00 00 00 00 
"
"2016-11-21 14:03:05ID: BB  Data: 00 00 00 AA 00 00 00 00 
"
"2016-11-21 14:03:05ID: BC  Data: 00 00 00 AA 00 00 00 00 
"
"2016-11-21 14:03:05ID: BB  Data: 00 00 00 AA 00 00 00 00 
"
"2016-11-21 14:03:05ID: BC  Data: 00 00 00 AA 00 00 00 00 
"
"2016-11-21 14:03:05ID: BB  Data: 00 00 00 AA 00 00 00 00 
"
"2016-11-21 14:03:05ID: BC  Data: 00 00 00 AA 00 00 00 00 
"
"2016-11-21 14:03:05ID: BB  Data: 00 00 00 AA 00 00 00 00 
"
"2016-11-21 14:03:05ID: BC  Data: 00 00 00 AA 00 00 00 00 
"
"2016-11-21 14:03:05ID: BB  Data: 00 00 00 AA 00 00 00 00 
"
"2016-11-21 14:03:05ID: BC  Data: 00 00 00 AA 00 00 00 00 
"
"2016-11-21 14:03:06ID: BB  Data: 00 00 00 AA 00 00 00 00 
"
"2016-11-21 14:03:06ID: BC  Data: 00 00 00 AA 00 00 00 00 
"
"2016-11-21 14:03:06ID: BB  Data: 00 00 00 AA 00 00 00 00 
"
"2016-11-21 14:03:06ID: BC  Data: 00 00 00 AA 00 00 00 00 
"
"2016-11-21 14:03:06ID: BB  Data: 00 00 00 AA 00 00 00 00 
"
"2016-11-21 14:03:06ID: BC  Data: 00 00 00 AA 00 00 00 00 
"
"2016-11-21 14:03:06ID: BB  Data: 00 00 00 AA 00 00 00 00 
"
"2016-11-21 14:03:06ID: BC  Data: 00 00 00 AA 00 00 00 00 
"
"2016-11-21 14:03:06ID: BB  Data: 00 00 00 AA 00 00 00 00 
"
"2016-11-21 14:03:06ID: BC  Data: 00 00 00 AA 00 00 00 00 
"
"2016-11-21 14:03:06ID: BB  Data: 00 00 00 AA 00 00 00 00 
"
"2016-11-21 14:03:06ID: BC  Data: 00 00 00 AA 00 00 00 00 
"
"2016-11-21 14:03:06ID: BB  Data: 00 00 00 AA 00 00 00 00 
"
"2016-11-21 14:03:06ID: BC  Data: 00 00 00 AA 00 00 00 00 
"
"2016-11-21 14:03:06ID: BB  Data: 00 00 00 AA 00 00 00 00 
"
"2016-11-21 14:03:06ID: BC  Data: 00 00 00 AA 00 00 00 00 
"
"2016-11-21 14:03:06ID: BB  Data: 00 00 00 AA 00 00 00 00 
"
"2016-11-21 14:03:06ID: BC  Data: 00 00 00 AA 00 00 00 00 
"
"2016-11-21 14:03:06ID: BB  Data: 00 00 00 AA 00 00 00 00 
"
"2016-11-21 14:03:06ID: BC  Data: 00 00 00 AA 00 00 00 00 
"
"2016-11-21 14:03:06ID: BB  Data: 00 00 00 AA 00 00 00 00 
"
"2016-11-21 14:03:06ID: BC  Data: 00 00 00 AA 00 00 00 00 
"
"2016-11-21 14:03:06ID: BB  Data: 00 00 00 AA 00 00 00 00 
"
"2016-11-21 14:03:06ID: BC  Data: 00 00 00 AA 00 00 00 00 
"
"2016-11-21 14:03:07ID: BB  Data: 00 00 00 AA 00 00 00 00 
"
"2016-11-21 14:03:07ID: BC  Data: 00 00 00 AA 00 00 00 00 
"
"2016-11-21 14:03:07ID: BB  Data: 00 00 00 AA 00 00 00 00 
"
"2016-11-21 14:03:07ID: BC  Data: 00 00 00 AA 00 00 00 00 
"
"2016-11-21 14:03:07ID: BB  Data: 00 00 00 AA 00 00 00 00 
"
"2016-11-21 14:03:07ID: BC  Data: 00 00 00 AA 00 00 00 00 
"
"2016-11-21 14:03:07ID: BB  Data: 00 00 00 AA 00 00 00 00 
"
"2016-11-21 14:03:07ID: BC  Data: 00 00 00 AA 00 00 00 00 
"
"2016-11-21 14:03:07ID: BB  Data: 00 00 00 AA 00 00 00 00 
"
"2016-11-21 14:03:07ID: BC  Data: 00 00 00 AA 00 00 00 00 
"
"2016-11-21 14:03:07ID: BB  Data: 00 00 00 AA 00 00 00 00 
"
"2016-11-21 14:03:07ID: BC  Data: 00 00 00 AA 00 00 00 00 
"
"2016-11-21 14:03:07ID: BB  Data: 00 00 00 AA 00 00 00 00 
"
"2016-11-21 14:03:07ID: BC  Data: 00 00 00 AA 00 00 00 00 
"
"2016-11-21 14:03:07ID: BB  Data: 00 00 00 AA 00 00 00 00 
"
"2016-11-21 14:03:07ID: BC  Data: 00 00 00 AA 00 00 00 00 
"
"2016-11-21 14:03:07ID: BB  Data: 00 00 00 AA 00 00 00 00 
"
"2016-11-21 14:03:07ID: BC  Data: 00 00 00 AA 00 00 00 00 
"
"2016-11-21 14:03:07ID: BB  Data: 00 00 00 AA 00 00 00 00 
"
"2016-11-21 14:03:07ID: BC  Data: 00 00 00 AA 00 00 00 00 
"
"2016-11-21 14:03:07ID: BB  Data: 00 00 00 AA 00 00 00 00 
"
"2016-11-21 14:03:07ID: BC  Data: 00 00 00 AA 00 00 00 00 
"
"2016-11-21 14:03:08ID: BB  Data: 00 00 00 AA 00 00 00 00 
"
"2016-11-21 14:03:08ID: BC  Data: 00 00 00 AA 00 00 00 00 
"
"2016-11-21 14:03:08ID: BB  Data: 00 00 00 AA 00 00 00 00 
"
"2016-11-21 14:03:08ID: BC  Data: 00 00 00 AA 00 00 00 00 
"
"2016-11-21 14:03:08ID: BB  Data: 00 00 00 AA 00 00 00 00 
"
"2016-11-21 14:03:08ID: BC  Data: 00 00 00 AA 00 00 00 00 
"
"2016-11-21 14:03:08ID: BB  Data: 00 00 00 AA 00 00 00 00 
"
"2016-11-21 14:03:08ID: BC  Data: 00 00 00 AA 00 00 00 00 
"
"2016-11-21 14:03:08ID: BB  Data: 00 00 00 AA 00 00 00 00 
"
"2016-11-21 14:03:08ID: BC  Data: 00 00 00 AA 00 00 00 00 
"
"2016-11-21 14:03:08ID: BB  Data: 00 00 00 AA 00 00 00 00 
"
"2016-11-21 14:03:08ID: BC  Data: 00 00 00 AA 00 00 00 00 
"
"2016-11-21 14:03:08ID: BB  Data: 00 00 00 AA 00 00 00 00 
"
"2016-11-21 14:03:08ID: BC  Data: 00 00 00 AA 00 00 00 00 
"
"2016-11-21 14:03:08ID: BB  Data: 00 00 00 AA 00 00 00 00 
"
"2016-11-21 14:03:08ID: BC  Data: 00 00 00 AA 00 00 00 00 
"
"2016-11-21 14:03:08ID: BB  Data: 00 00 00 AA 00 00 00 00 
"
"2016-11-21 14:03:08ID: BC  Data: 00 00 00 AA 00 00 00 00 
"
"2016-11-21 14:03:08ID: BB  Data: 00 00 00 AA 00 00 00 00 
"
"2016-11-21 14:03:08ID: BC  Data: 00 00 00 AA 00 00 00 00 
"
"2016-11-21 14:03:08ID: BB  Data: 00 00 00 AA 00 00 00 00 
"
"2016-11-21 14:03:08ID: BC  Data: 00 00 00 AA 00 00 00 00 
"
"2016-11-21 14:03:08ID: BB  Data: 00 00 00 AA 00 00 00 00 
"
"2016-11-21 14:03:09ID: BC  Data: 00 00 00 AA 00 00 00 00 
"
"2016-11-21 14:03:09ID: BB  Data: 00 00 00 AA 00 00 00 00 
"
"2016-11-21 14:03:09ID: BC  Data: 00 00 00 AA 00 00 00 00 
"
"2016-11-21 14:03:09ID: BB  Data: 00 00 00 AA 00 00 00 00 
"
"2016-11-21 14:03:09ID: BC  Data: 00 00 00 AA 00 00 00 00 
"
"2016-11-21 14:03:09ID: BB  Data: 00 00 00 AA 00 00 00 00 
"
"2016-11-21 14:03:09ID: BC  Data: 00 00 00 AA 00 00 00 00 
"
"2016-11-21 14:03:09ID: BB  Data: 00 00 00 AA 00 00 00 00 
"
"2016-11-21 14:03:09ID: BC  Data: 00 00 00 AA 00 00 00 00 
"
"2016-11-21 14:03:09ID: BB  Data: 00 00 00 AA 00 00 00 00 
"
"2016-11-21 14:03:09ID: BC  Data: 00 00 00 AA 00 00 00 00 
"
"2016-11-21 14:03:09ID: BB  Data: 00 00 00 AA 00 00 00 00 
"
"2016-11-21 14:03:09ID: BC  Data: 00 00 00 AA 00 00 00 00 
"
"2016-11-21 14:03:09ID: BB  Data: 00 00 00 AA 00 00 00 00 
"
"2016-11-21 14:03:09ID: BC  Data: 00 00 00 AA 00 00 00 00 
"
"2016-11-21 14:03:09ID: BB  Data: 00 00 00 AA 00 00 00 00 
"
"2016-11-21 14:03:09ID: BC  Data: 00 00 00 AA 00 00 00 00 
"
"2016-11-21 14:03:09ID: BB  Data: 00 00 00 AA 00 00 00 00 
"
"2016-11-21 14:03:09ID: BC  Data: 00 00 00 AA 00 00 00 00 
"
"2016-11-21 14:03:09ID: BB  Data: 00 00 00 AA 00 00 00 00 
"
"2016-11-21 14:03:09ID: BC  Data: 00 00 00 AA 00 00 00 00 
"
"2016-11-21 14:03:09ID: BB  Data: 00 00 00 AA 00 00 00 00 
"
"2016-11-21 14:03:09ID: BC  Data: 00 00 00 AA 00 00 00 00 
"
"2016-11-21 14:03:10ID: BB  Data: 00 00 00 AA 00 00 00 00 
"
"2016-11-21 14:03:10ID: BC  Data: 00 00 00 AA 00 00 00 00 
"
"2016-11-21 14:03:10ID: BB  Data: 00 00 00 AA 00 00 00 00 
"
"2016-11-21 14:03:10ID: BC  Data: 00 00 00 AA 00 00 00 00 
"
"2016-11-21 14:03:10ID: BB  Data: 00 00 00 AA 00 00 00 00 
"
"2016-11-21 14:03:10ID: BC  Data: 00 00 00 AA 00 00 00 00 
"
"2016-11-21 14:03:10ID: BB  Data: 00 00 00 AA 00 00 00 00 
"
"2016-11-21 14:03:10ID: BC  Data: 00 00 00 AA 00 00 00 00 
"
"2016-11-21 14:03:10ID: BB  Data: 00 00 00 AA 00 00 00 00 
"
"2016-11-21 14:03:10ID: BC  Data: 00 00 00 AA 00 00 00 00 
"
"2016-11-21 14:03:10ID: BB  Data: 00 00 00 AA 00 00 00 00 
"
"2016-11-21 14:03:10ID: BC  Data: 00 00 00 AA 00 00 00 00 
"
"2016-11-21 14:03:10ID: BB  Data: 00 00 00 AA 00 00 00 00 
"
"2016-11-21 14:03:10ID: BC  Data: 00 00 00 AA 00 00 00 00 
"
"2016-11-21 14:03:10ID: BB  Data: 00 00 00 AA 00 00 00 00 
"
"2016-11-21 14:03:10ID: BC  Data: 00 00 00 AA 00 00 00 00 
"
"2016-11-21 14:03:10ID: BB  Data: 00 00 00 AA 00 00 00 00 
"
"2016-11-21 14:03:10ID: BC  Data: 00 00 00 AA 00 00 00 00 
"
"2016-11-21 14:03:10ID: BB  Data: 00 00 00 AA 00 00 00 00 
"
"2016-11-21 14:03:10ID: BC  Data: 00 00 00 AA 00 00 00 00 
"
"2016-11-21 14:03:10ID: BB  Data: 00 00 00 AA 00 00 00 00 
"
"2016-11-21 14:03:10ID: BC  Data: 00 00 00 AA 00 00 00 00 
"
"2016-11-21 14:03:11ID: BB  Data: 00 00 00 AA 00 00 00 00 
"
"2016-11-21 14:03:11ID: BC  Data: 00 00 00 AA 00 00 00 00 
"
"2016-11-21 14:03:11ID: BB  Data: 00 00 00 AA 00 00 00 00 
"
"2016-11-21 14:03:11ID: BC  Data: 00 00 00 AA 00 00 00 00 
"
"2016-11-21 14:03:11ID: BB  Data: 00 00 00 AA 00 00 00 00 
"
"2016-11-21 14:03:11ID: BC  Data: 00 00 00 AA 00 00 00 00 
"
"2016-11-21 14:03:11ID: BB  Data: 00 00 00 AA 00 00 00 00 
"
"2016-11-21 14:03:11ID: BC  Data: 00 00 00 AA 00 00 00 00 
"
"2016-11-21 14:03:11ID: BB  Data: 00 00 00 AA 00 00 00 00 
"
"2016-11-21 14:03:11ID: BC  Data: 00 00 00 AA 00 00 00 00 
"
"2016-11-21 14:03:11ID: BB  Data: 00 00 00 AA 00 00 00 00 
"
"2016-11-21 14:03:11ID: BC  Data: 00 00 00 AA 00 00 00 00 
"
"2016-11-21 14:03:11ID: BB  Data: 00 00 00 AA 00 00 00 00 
"
"2016-11-21 14:03:11ID: BC  Data: 00 00 00 AA 00 00 00 00 
"
"2016-11-21 14:03:11ID: BB  Data: 00 00 00 AA 00 00 00 00 
"
"2016-11-21 14:03:11ID: BC  Data: 00 00 00 AA 00 00 00 00 
"
"2016-11-21 14:03:11ID: BB  Data: 00 00 00 AA 00 00 00 00 
"
"2016-11-21 14:03:11ID: BC  Data: 00 00 00 AA 00 00 00 00 
"
"2016-11-21 14:03:11ID: BB  Data: 00 00 00 AA 00 00 00 00 
"
"2016-11-21 14:03:11ID: BC  Data: 00 00 00 AA 00 00 00 00 
"
"2016-11-21 14:03:11ID: BB  Data: 00 00 00 AA 00 00 00 00 
"
"2016-11-21 14:03:11ID: BC  Data: 00 00 00 AA 00 00 00 00 
"
"2016-11-21 14:03:11ID: BB  Data: 00 00 00 AA 00 00 00 00 
"
"2016-11-21 14:03:11ID: BC  Data: 00 00 00 AA 00 00 00 00 
"
"2016-11-21 14:03:12ID: BB  Data: 00 00 00 AA 00 00 00 00 
"
"2016-11-21 14:03:12ID: BC  Data: 00 00 00 AA 00 00 00 00 
"
"2016-11-21 14:03:12ID: BB  Data: 00 00 00 AA 00 00 00 00 
"
"2016-11-21 14:03:12ID: BC  Data: 00 00 00 AA 00 00 00 00 
"
"2016-11-21 14:03:12ID: BB  Data: 00 00 00 AA 00 00 00 00 
"
"2016-11-21 14:03:12ID: BC  Data: 00 00 00 AA 00 00 00 00 
"
"2016-11-21 14:03:12ID: BB  Data: 00 00 00 AA 00 00 00 00 
"
"2016-11-21 14:03:12ID: BC  Data: 00 00 00 AA 00 00 00 00 
"
"2016-11-21 14:03:12ID: BB  Data: 00 00 00 AA 00 00 00 00 
"
"2016-11-21 14:03:12ID: BC  Data: 00 00 00 AA 00 00 00 00 
"
"2016-11-21 14:03:12ID: BB  Data: 00 00 00 AA 00 00 00 00 
"
"2016-11-21 14:03:12ID: BC  Data: 00 00 00 AA 00 00 00 00 
"
"2016-11-21 14:03:12ID: BB  Data: 00 00 00 AA 00 00 00 00 
"
"2016-11-21 14:03:12ID: BC  Data: 00 00 00 AA 00 00 00 00 
"
"2016-11-21 14:03:12ID: BB  Data: 00 00 00 AA 00 00 00 00 
"
"2016-11-21 14:03:12ID: BC  Data: 00 00 00 AA 00 00 00 00 
"
"2016-11-21 14:03:12ID: BB  Data: 00 00 00 AA 00 00 00 00 
"
"2016-11-21 14:03:12ID: BC  Data: 00 00 00 AA 00 00 00 00 
"
"2016-11-21 14:03:12ID: BB  Data: 00 00 00 AA 00 00 00 00 
"
"2016-11-21 14:03:12ID: BC  Data: 00 00 00 AA 00 00 00 00 
"
"2016-11-21 14:03:12ID: BB  Data: 00 00 00 AA 00 00 00 00 
"
"2016-11-21 14:03:12ID: BC  Data: 00 00 00 AA 00 00 00 00 
"
"2016-11-21 14:03:13ID: BB  Data: 00 00 00 AA 00 00 00 00 
"
"2016-11-21 14:03:13ID: BC  Data: 00 00 00 AA 00 00 00 00 
"
"2016-11-21 14:03:13ID: BB  Data: 00 00 00 AA 00 00 00 00 
"
"2016-11-21 14:03:13ID: BC  Data: 00 00 00 AA 00 00 00 00 
"
"2016-11-21 14:03:13ID: BB  Data: 00 00 00 AA 00 00 00 00 
"
"2016-11-21 14:03:13ID: BC  Data: 00 00 00 AA 00 00 00 00 
"
"2016-11-21 14:03:13ID: BB  Data: 00 00 00 AA 00 00 00 00 
"
"2016-11-21 14:03:13ID: BC  Data: 00 00 00 AA 00 00 00 00 
"
"2016-11-21 14:03:13ID: BB  Data: 00 00 00 AA 00 00 00 00 
"
"2016-11-21 14:03:13ID: BC  Data: 00 00 00 AA 00 00 00 00 
"
"2016-11-21 14:03:13ID: BB  Data: 00 00 00 AA 00 00 00 00 
"
"2016-11-21 14:03:13ID: BC  Data: 00 00 00 AA 00 00 00 00 
"
"2016-11-21 14:03:13ID: BB  Data: 00 00 00 AA 00 00 00 00 
"
"2016-11-21 14:03:13ID: BC  Data: 00 00 00 AA 00 00 00 00 
"
"2016-11-21 14:03:13ID: BB  Data: 00 00 00 AA 00 00 00 00 
"
"2016-11-21 14:03:13ID: BC  Data: 00 00 00 AA 00 00 00 00 
"
"2016-11-21 14:03:13ID: BB  Data: 00 00 00 AA 00 00 00 00 
"
"2016-11-21 14:03:13ID: BC  Data: 00 00 00 AA 00 00 00 00 
"
"2016-11-21 14:03:13ID: BB  Data: 00 00 00 AA 00 00 00 00 
"
"2016-11-21 14:03:13ID: BC  Data: 00 00 00 AA 00 00 00 00 
"
"2016-11-21 14:03:13ID: BB  Data: 00 00 00 AA 00 00 00 00 
"
"2016-11-21 14:03:13ID: BC  Data: 00 00 00 AA 00 00 00 00 
"
"2016-11-21 14:03:14ID: BB  Data: 00 00 00 AA 00 00 00 00 
"
"2016-11-21 14:03:14ID: BC  Data: 00 00 00 AA 00 00 00 00 
"
"2016-11-21 14:03:14ID: BB  Data: 00 00 00 AA 00 00 00 00 
"
"2016-11-21 14:03:14ID: BC  Data: 00 00 00 AA 00 00 00 00 
"
"2016-11-21 14:03:14ID: BB  Data: 00 00 00 AA 00 00 00 00 
"
"2016-11-21 14:03:14ID: BC  Data: 00 00 00 AA 00 00 00 00 
"
"2016-11-21 14:03:14ID: BB  Data: 00 00 00 AA 00 00 00 00 
"
"2016-11-21 14:03:14ID: BC  Data: 00 00 00 AA 00 00 00 00 
"
"2016-11-21 14:03:14ID: BB  Data: 00 00 00 AA 00 00 00 00 
"
"2016-11-21 14:03:14ID: BC  Data: 00 00 00 AA 00 00 00 00 
"
"2016-11-21 14:03:14ID: BB  Data: 00 00 00 AA 00 00 00 00 
"
"2016-11-21 14:03:14ID: BC  Data: 00 00 00 AA 00 00 00 00 
"
"2016-11-21 14:03:14ID: BB  Data: 00 00 00 AA 00 00 00 00 
"
"2016-11-21 14:03:14ID: BC  Data: 00 00 00 AA 00 00 00 00 
"
"2016-11-21 14:03:14ID: BB  Data: 00 00 00 AA 00 00 00 00 
"
"2016-11-21 14:03:14ID: BC  Data: 00 00 00 AA 00 00 00 00 
"
"2016-11-21 14:03:14ID: BB  Data: 00 00 00 AA 00 00 00 00 
"
"2016-11-21 14:03:14ID: BC  Data: 00 00 00 AA 00 00 00 00 
"
"2016-11-21 14:03:14ID: BB  Data: 00 00 00 AA 00 00 00 00 
"
"2016-11-21 14:03:14ID: BC  Data: 00 00 00 AA 00 00 00 00 
"
"2016-11-21 14:03:14ID: BB  Data: 00 00 00 AA 00 00 00 00 
"
"2016-11-21 14:03:14ID: BC  Data: 00 00 00 AA 00 00 00 00 
"
"2016-11-21 14:03:14ID: BB  Data: 00 00 00 AA 00 00 00 00 
"
"2016-11-21 14:03:14ID: BC  Data: 00 00 00 AA 00 00 00 00 
"
"2016-11-21 14:03:15ID: BB  Data: 00 00 00 AA 00 00 00 00 
"
"2016-11-21 14:03:15ID: BC  Data: 00 00 00 AA 00 00 00 00 
"
"2016-11-21 14:03:15ID: BB  Data: 00 00 00 AA 00 00 00 00 
"
"2016-11-21 14:03:15ID: BC  Data: 00 00 00 AA 00 00 00 00 
"
"2016-11-21 14:03:15ID: BB  Data: 00 00 00 AA 00 00 00 00 
"
"2016-11-21 14:03:15ID: BC  Data: 00 00 00 AA 00 00 00 00 
"
"2016-11-21 14:03:15ID: BB  Data: 00 00 00 AA 00 00 00 00 
"
"2016-11-21 14:03:15ID: BC  Data: 00 00 00 AA 00 00 00 00 
"
"2016-11-21 14:03:15ID: BB  Data: 00 00 00 AA 00 00 00 00 
"
"2016-11-21 14:03:15ID: BC  Data: 00 00 00 AA 00 00 00 00 
"
"2016-11-21 14:03:15ID: BB  Data: 00 00 00 AA 00 00 00 00 
"
"2016-11-21 14:03:15ID: BC  Data: 00 00 00 AA 00 00 00 00 
"
"2016-11-21 14:03:15ID: BB  Data: 00 00 00 AA 00 00 00 00 
"
"2016-11-21 14:03:15ID: BC  Data: 00 00 00 AA 00 00 00 00 
"
"2016-11-21 14:03:15ID: BB  Data: 00 00 00 AA 00 00 00 00 
"
"2016-11-21 14:03:15ID: BC  Data: 00 00 00 AA 00 00 00 00 
"
"2016-11-21 14:03:15ID: BB  Data: 00 00 00 AA 00 00 00 00 
"
"2016-11-21 14:03:15ID: BC  Data: 00 00 00 AA 00 00 00 00 
"
"2016-11-21 14:03:15ID: BB  Data: 00 00 00 AA 00 00 00 00 
"
"2016-11-21 14:03:15ID: BC  Data: 00 00 00 AA 00 00 00 00 
"
"2016-11-21 14:03:15ID: BB  Data: 00 00 00 AA 00 00 00 00 
"
"2016-11-21 14:03:15ID: BC  Data: 00 00 00 AA 00 00 00 00 
"
"2016-11-21 14:03:16ID: BB  Data: 00 00 00 AA 00 00 00 00 
"
"2016-11-21 14:03:16ID: BC  Data: 00 00 00 AA 00 00 00 00 
"
"2016-11-21 14:03:16ID: BB  Data: 00 00 00 AA 00 00 00 00 
"
"2016-11-21 14:03:16ID: BC  Data: 00 00 00 AA 00 00 00 00 
"
"2016-11-21 14:03:16ID: BB  Data: 00 00 00 AA 00 00 00 00 
"
"2016-11-21 14:03:16ID: BC  Data: 00 00 00 AA 00 00 00 00 
"
"2016-11-21 14:03:16ID: BB  Data: 00 00 00 AA 00 00 00 00 
"
"2016-11-21 14:03:16ID: BC  Data: 00 00 00 AA 00 00 00 00 
"
"2016-11-21 14:03:16ID: BB  Data: 00 00 00 AA 00 00 00 00 
"
"2016-11-21 14:03:16ID: BC  Data: 00 00 00 AA 00 00 00 00 
"
"2016-11-21 14:03:16ID: BB  Data: 00 00 00 AA 00 00 00 00 
"
"2016-11-21 14:03:16ID: BC  Data: 00 00 00 AA 00 00 00 00 
"
"2016-11-21 14:03:16ID: BB  Data: 00 00 00 AA 00 00 00 00 
"
"2016-11-21 14:03:16ID: BC  Data: 00 00 00 AA 00 00 00 00 
"
"2016-11-21 14:03:16ID: BB  Data: 00 00 00 AA 00 00 00 00 
"
"2016-11-21 14:03:16ID: BC  Data: 00 00 00 AA 00 00 00 00 
"
"2016-11-21 14:03:16ID: BB  Data: 00 00 00 AA 00 00 00 00 
"
"2016-11-21 14:03:16ID: BC  Data: 00 00 00 AA 00 00 00 00 
"
"2016-11-21 14:03:16ID: BB  Data: 00 00 00 AA 00 00 00 00 
"
"2016-11-21 14:03:16ID: BC  Data: 00 00 00 AA 00 00 00 00 
"
"2016-11-21 14:03:16ID: BB  Data: 00 00 00 AA 00 00 00 00 
"
"2016-11-21 14:03:16ID: BC  Data: 00 00 00 AA 00 00 00 00 
"
"2016-11-21 14:03:16ID: BB  Data: 00 00 00 AA 00 00 00 00 
"
"2016-11-21 14:03:17ID: BC  Data: 00 00 00 AA 00 00 00 00 
"
"2016-11-21 14:03:17ID: BB  Data: 00 00 00 AA 00 00 00 00 
"
"2016-11-21 14:03:17ID: BC  Data: 00 00 00 AA 00 00 00 00 
"
"2016-11-21 14:03:17ID: BB  Data: 00 00 00 AA 00 00 00 00 
"
"2016-11-21 14:03:17ID: BC  Data: 00 00 00 AA 00 00 00 00 
"
"2016-11-21 14:03:17ID: BB  Data: 00 00 00 AA 00 00 00 00 
"
"2016-11-21 14:03:17ID: BC  Data: 00 00 00 AA 00 00 00 00 
"
"2016-11-21 14:03:17ID: BB  Data: 00 00 00 AA 00 00 00 00 
"
"2016-11-21 14:03:17ID: BC  Data: 00 00 00 AA 00 00 00 00 
"
"2016-11-21 14:03:17ID: BB  Data: 00 00 00 AA 00 00 00 00 
"
"2016-11-21 14:03:17ID: BC  Data: 00 00 00 AA 00 00 00 00 
"
"2016-11-21 14:03:17ID: BB  Data: 00 00 00 AA 00 00 00 00 
"
"2016-11-21 14:03:17ID: BC  Data: 00 00 00 AA 00 00 00 00 
"
"2016-11-21 14:03:17ID: BB  Data: 00 00 00 AA 00 00 00 00 
"
"2016-11-21 14:03:17ID: BC  Data: 00 00 00 AA 00 00 00 00 
"
"2016-11-21 14:03:17ID: BB  Data: 00 00 00 AA 00 00 00 00 
"
"2016-11-21 14:03:17ID: BC  Data: 00 00 00 AA 00 00 00 00 
"
"2016-11-21 14:03:17ID: BB  Data: 00 00 00 AA 00 00 00 00 
"
"2016-11-21 14:03:17ID: BC  Data: 00 00 00 AA 00 00 00 00 
"
"2016-11-21 14:03:17ID: BB  Data: 00 00 00 AA 00 00 00 00 
"
"2016-11-21 14:03:17ID: BC  Data: 00 00 00 AA 00 00 00 00 
"
"2016-11-21 14:03:17ID: BB  Data: 00 00 00 AA 00 00 00 00 
"
"2016-11-21 14:03:17ID: BC  Data: 00 00 00 AA 00 00 00 00 
"
"2016-11-21 14:03:18ID: BB  Data: 00 00 00 AA 00 00 00 00 
"
"2016-11-21 14:03:18ID: BC  Data: 00 00 00 AA 00 00 00 00 
"
"2016-11-21 14:03:18ID: BB  Data: 00 00 00 AA 00 00 00 00 
"
"2016-11-21 14:03:18ID: BC  Data: 00 00 00 AA 00 00 00 00 
"
"2016-11-21 14:03:18ID: BB  Data: 00 00 00 AA 00 00 00 00 
"
"2016-11-21 14:03:18ID: BC  Data: 00 00 00 AA 00 00 00 00 
"
"2016-11-21 14:03:18ID: BB  Data: 00 00 00 AA 00 00 00 00 
"
"2016-11-21 14:03:18ID: BC  Data: 00 00 00 AA 00 00 00 00 
"
"2016-11-21 14:03:18ID: BB  Data: 00 00 00 AA 00 00 00 00 
"
"2016-11-21 14:03:18ID: BC  Data: 00 00 00 AA 00 00 00 00 
"
"2016-11-21 14:03:18ID: BB  Data: 00 00 00 AA 00 00 00 00 
"
"2016-11-21 14:03:18ID: BC  Data: 00 00 00 AA 00 00 00 00 
"
"2016-11-21 14:03:18ID: BB  Data: 00 00 00 AA 00 00 00 00 
"
"2016-11-21 14:03:18ID: BC  Data: 00 00 00 AA 00 00 00 00 
"
"2016-11-21 14:03:18ID: BB  Data: 00 00 00 AA 00 00 00 00 
"
"2016-11-21 14:03:18ID: BC  Data: 00 00 00 AA 00 00 00 00 
"
"2016-11-21 14:03:18ID: BB  Data: 00 00 00 AA 00 00 00 00 
"
"2016-11-21 14:03:18ID: BC  Data: 00 00 00 AA 00 00 00 00 
"
"2016-11-21 14:03:18ID: BB  Data: 00 00 00 AA 00 00 00 00 
"
"2016-11-21 14:03:18ID: BC  Data: 00 00 00 AA 00 00 00 00 
"
"2016-11-21 14:03:18ID: BB  Data: 00 00 00 AA 00 00 00 00 
"
"2016-11-21 14:03:18ID: BC  Data: 00 00 00 AA 00 00 00 00 
"
"2016-11-21 14:03:19ID: BB  Data: 00 00 00 AA 00 00 00 00 
"
"2016-11-21 14:03:19ID: BC  Data: 00 00 00 AA 00 00 00 00 
"
"2016-11-21 14:03:19ID: BB  Data: 00 00 00 AA 00 00 00 00 
"
"2016-11-21 14:03:19ID: BC  Data: 00 00 00 AA 00 00 00 00 
"
"2016-11-21 14:03:19ID: BB  Data: 00 00 00 AA 00 00 00 00 
"
"2016-11-21 14:03:19ID: BC  Data: 00 00 00 AA 00 00 00 00 
"
"2016-11-21 14:03:19ID: BB  Data: 00 00 00 AA 00 00 00 00 
"
"2016-11-21 14:03:19ID: BC  Data: 00 00 00 AA 00 00 00 00 
"
"2016-11-21 14:03:19ID: BB  Data: 00 00 00 AA 00 00 00 00 
"
"2016-11-21 14:03:19ID: BC  Data: 00 00 00 AA 00 00 00 00 
"
"2016-11-21 14:03:19ID: BB  Data: 00 00 00 AA 00 00 00 00 
"
"2016-11-21 14:03:19ID: BC  Data: 00 00 00 AA 00 00 00 00 
"
"2016-11-21 14:03:19ID: BB  Data: 00 00 00 AA 00 00 00 00 
"
"2016-11-21 14:03:19ID: BC  Data: 00 00 00 AA 00 00 00 00 
"
"2016-11-21 14:03:19ID: BB  Data: 00 00 00 AA 00 00 00 00 
"
"2016-11-21 14:03:19ID: BC  Data: 00 00 00 AA 00 00 00 00 
"
"2016-11-21 14:03:19ID: BB  Data: 00 00 00 AA 00 00 00 00 
"
"2016-11-21 14:03:19ID: BC  Data: 00 00 00 AA 00 00 00 00 
"
"2016-11-21 14:03:19ID: BB  Data: 00 00 00 AA 00 00 00 00 
"
"2016-11-21 14:03:19ID: BC  Data: 00 00 00 AA 00 00 00 00 
"
"2016-11-21 14:03:19ID: BB  Data: 00 00 00 AA 00 00 00 00 
"
"2016-11-21 14:03:19ID: BC  Data: 00 00 00 AA 00 00 00 00 
"
"2016-11-21 14:03:19ID: BB  Data: 00 00 00 AA 00 00 00 00 
"
"2016-11-21 14:03:19ID: BC  Data: 00 00 00 AA 00 00 00 00 
"
"2016-11-21 14:03:20ID: BB  Data: 00 00 00 AA 00 00 00 00 
"
"2016-11-21 14:03:20ID: BC  Data: 00 00 00 AA 00 00 00 00 
"
"2016-11-21 14:03:20ID: BB  Data: 00 00 00 AA 00 00 00 00 
"
"2016-11-21 14:03:20ID: BC  Data: 00 00 00 AA 00 00 00 00 
"
"2016-11-21 14:03:20ID: BB  Data: 00 00 00 AA 00 00 00 00 
"
"2016-11-21 14:03:20ID: BC  Data: 00 00 00 AA 00 00 00 00 
"
"2016-11-21 14:03:20ID: BB  Data: 00 00 00 AA 00 00 00 00 
"
"2016-11-21 14:03:20ID: BC  Data: 00 00 00 AA 00 00 00 00 
"
"2016-11-21 14:03:20ID: BB  Data: 00 00 00 AA 00 00 00 00 
"
"2016-11-21 14:03:20ID: BC  Data: 00 00 00 AA 00 00 00 00 
"
"2016-11-21 14:03:20ID: BB  Data: 00 00 00 AA 00 00 00 00 
"
"2016-11-21 14:03:20ID: BC  Data: 00 00 00 AA 00 00 00 00 
"
"2016-11-21 14:03:20ID: BB  Data: 00 00 00 AA 00 00 00 00 
"
"2016-11-21 14:03:20ID: BC  Data: 00 00 00 AA 00 00 00 00 
"
"2016-11-21 14:03:20ID: BB  Data: 00 00 00 AA 00 00 00 00 
"
"2016-11-21 14:03:20ID: BC  Data: 00 00 00 AA 00 00 00 00 
"
"2016-11-21 14:03:20ID: BB  Data: 00 00 00 AA 00 00 00 00 
"
"2016-11-21 14:03:20ID: BC  Data: 00 00 00 AA 00 00 00 00 
"
"2016-11-21 14:03:20ID: BB  Data: 00 00 00 AA 00 00 00 00 
"
"2016-11-21 14:03:20ID: BC  Data: 00 00 00 AA 00 00 00 00 
"
"2016-11-21 14:03:20ID: BB  Data: 00 00 00 AA 00 00 00 00 
"
"2016-11-21 14:03:20ID: BC  Data: 00 00 00 AA 00 00 00 00 
"
"2016-11-21 14:03:21ID: BB  Data: 00 00 00 AA 00 00 00 00 
"
"2016-11-21 14:03:21ID: BC  Data: 00 00 00 AA 00 00 00 00 
"
"2016-11-21 14:03:21ID: BB  Data: 00 00 00 AA 00 00 00 00 
"
"2016-11-21 14:03:21ID: BC  Data: 00 00 00 AA 00 00 00 00 
"
"2016-11-21 14:03:21ID: BB  Data: 00 00 00 AA 00 00 00 00 
"
"2016-11-21 14:03:21ID: BC  Data: 00 00 00 AA 00 00 00 00 
"
"2016-11-21 14:03:21ID: BB  Data: 00 00 00 AA 00 00 00 00 
"
"2016-11-21 14:03:21ID: BC  Data: 00 00 00 AA 00 00 00 00 
"
"2016-11-21 14:03:21ID: BB  Data: 00 00 00 AA 00 00 00 00 
"
"2016-11-21 14:03:21ID: BC  Data: 00 00 00 AA 00 00 00 00 
"
"2016-11-21 14:03:21ID: BB  Data: 00 00 00 AA 00 00 00 00 
"
"2016-11-21 14:03:21ID: BC  Data: 00 00 00 AA 00 00 00 00 
"
"2016-11-21 14:03:21ID: BB  Data: 00 00 00 AA 00 00 00 00 
"
"2016-11-21 14:03:21ID: BC  Data: 00 00 00 AA 00 00 00 00 
"
"2016-11-21 14:03:21ID: BB  Data: 00 00 00 AA 00 00 00 00 
"
"2016-11-21 14:03:21ID: BC  Data: 00 00 00 AA 00 00 00 00 
"
"2016-11-21 14:03:21ID: BB  Data: 00 00 00 AA 00 00 00 00 
"
"2016-11-21 14:03:21ID: BC  Data: 00 00 00 AA 00 00 00 00 
"
"2016-11-21 14:03:21ID: BB  Data: 00 00 00 AA 00 00 00 00 
"
"2016-11-21 14:03:21ID: BC  Data: 00 00 00 AA 00 00 00 00 
"
"2016-11-21 14:03:21ID: BB  Data: 00 00 00 AA 00 00 00 00 
"
"2016-11-21 14:03:21ID: BC  Data: 00 00 00 AA 00 00 00 00 
"
"2016-11-21 14:03:22ID: BB  Data: 00 00 00 AA 00 00 00 00 
"
"2016-11-21 14:03:22ID: BC  Data: 00 00 00 AA 00 00 00 00 
"
"2016-11-21 14:03:22ID: BB  Data: 00 00 00 AA 00 00 00 00 
"
"2016-11-21 14:03:22ID: BC  Data: 00 00 00 AA 00 00 00 00 
"
"2016-11-21 14:03:22ID: BB  Data: 00 00 00 AA 00 00 00 00 
"
"2016-11-21 14:03:22ID: BC  Data: 00 00 00 AA 00 00 00 00 
"
"2016-11-21 14:03:22ID: BB  Data: 00 00 00 AA 00 00 00 00 
"
"2016-11-21 14:03:22ID: BC  Data: 00 00 00 AA 00 00 00 00 
"
"2016-11-21 14:03:22ID: BB  Data: 00 00 00 AA 00 00 00 00 
"
"2016-11-21 14:03:22ID: BC  Data: 00 00 00 AA 00 00 00 00 
"
"2016-11-21 14:03:22ID: BB  Data: 00 00 00 AA 00 00 00 00 
"
"2016-11-21 14:03:22ID: BC  Data: 00 00 00 AA 00 00 00 00 
"
"2016-11-21 14:03:22ID: BB  Data: 00 00 00 AA 00 00 00 00 
"
"2016-11-21 14:03:22ID: BC  Data: 00 00 00 AA 00 00 00 00 
"
"2016-11-21 14:03:22ID: BB  Data: 00 00 00 AA 00 00 00 00 
"
"2016-11-21 14:03:22ID: BC  Data: 00 00 00 AA 00 00 00 00 
"
"2016-11-21 14:03:22ID: BB  Data: 00 00 00 AA 00 00 00 00 
"
"2016-11-21 14:03:22ID: BC  Data: 00 00 00 AA 00 00 00 00 
"
"2016-11-21 14:03:22ID: BB  Data: 00 00 00 AA 00 00 00 00 
"
"2016-11-21 14:03:22ID: BC  Data: 00 00 00 AA 00 00 00 00 
"
"2016-11-21 14:03:22ID: BB  Data: 00 00 00 AA 00 00 00 00 
"
"2016-11-21 14:03:22ID: BC  Data: 00 00 00 AA 00 00 00 00 
"
"2016-11-21 14:03:22ID: BB  Data: 00 00 00 AA 00 00 00 00 
"
"2016-11-21 14:03:22ID: BC  Data: 00 00 00 AA 00 00 00 00 
"
"2016-11-21 14:03:23ID: BB  Data: 00 00 00 AA 00 00 00 00 
"
"2016-11-21 14:03:23ID: BC  Data: 00 00 00 AA 00 00 00 00 
"
"2016-11-21 14:03:23ID: BB  Data: 00 00 00 AA 00 00 00 00 
"
"2016-11-21 14:03:23ID: BC  Data: 00 00 00 AA 00 00 00 00 
"
"2016-11-21 14:03:23ID: BB  Data: 00 00 00 AA 00 00 00 00 
"
"2016-11-21 14:03:23ID: BC  Data: 00 00 00 AA 00 00 00 00 
"
"2016-11-21 14:03:23ID: BB  Data: 00 00 00 AA 00 00 00 00 
"
"2016-11-21 14:03:23ID: BC  Data: 00 00 00 AA 00 00 00 00 
"
"2016-11-21 14:03:23ID: BB  Data: 00 00 00 AA 00 00 00 00 
"
"2016-11-21 14:03:23ID: BC  Data: 00 00 00 AA 00 00 00 00 
"
"2016-11-21 14:03:23ID: BB  Data: 00 00 00 AA 00 00 00 00 
"
"2016-11-21 14:03:23ID: BC  Data: 00 00 00 AA 00 00 00 00 
"
"2016-11-21 14:03:23ID: BB  Data: 00 00 00 AA 00 00 00 00 
"
"2016-11-21 14:03:23ID: BC  Data: 00 00 00 AA 00 00 00 00 
"
"2016-11-21 14:03:23ID: BB  Data: 00 00 00 AA 00 00 00 00 
"
"2016-11-21 14:03:23ID: BC  Data: 00 00 00 AA 00 00 00 00 
"
"2016-11-21 14:03:23ID: BB  Data: 00 00 00 AA 00 00 00 00 
"
"2016-11-21 14:03:23ID: BC  Data: 00 00 00 AA 00 00 00 00 
"
"2016-11-21 14:03:23ID: BB  Data: 00 00 00 AA 00 00 00 00 
"
"2016-11-21 14:03:23ID: BC  Data: 00 00 00 AA 00 00 00 00 
"
"2016-11-21 14:03:23ID: BB  Data: 00 00 00 AA 00 00 00 00 
"
"2016-11-21 14:03:23ID: BC  Data: 00 00 00 AA 00 00 00 00 
"
"2016-11-21 14:03:24ID: BB  Data: 00 00 00 AA 00 00 00 00 
"
"2016-11-21 14:03:24ID: BC  Data: 00 00 00 AA 00 00 00 00 
"
"2016-11-21 14:03:24ID: BB  Data: 00 00 00 AA 00 00 00 00 
"
"2016-11-21 14:03:24ID: BC  Data: 00 00 00 AA 00 00 00 00 
"
"2016-11-21 14:03:24ID: BB  Data: 00 00 00 AA 00 00 00 00 
"
"2016-11-21 14:03:24ID: BC  Data: 00 00 00 AA 00 00 00 00 
"
"2016-11-21 14:03:24ID: BB  Data: 00 00 00 AA 00 00 00 00 
"
"2016-11-21 14:03:24ID: BC  Data: 00 00 00 AA 00 00 00 00 
"
"2016-11-21 14:03:24ID: BB  Data: 00 00 00 AA 00 00 00 00 
"
"2016-11-21 14:03:24ID: BC  Data: 00 00 00 AA 00 00 00 00 
"
"2016-11-21 14:03:24ID: BB  Data: 00 00 00 AA 00 00 00 00 
"
"2016-11-21 14:03:24ID: BC  Data: 00 00 00 AA 00 00 00 00 
"
"2016-11-21 14:03:24ID: BB  Data: 00 00 00 AA 00 00 00 00 
"
"2016-11-21 14:03:24ID: BC  Data: 00 00 00 AA 00 00 00 00 
"
"2016-11-21 14:03:24ID: BB  Data: 00 00 00 AA 00 00 00 00 
"
"2016-11-21 14:03:24ID: BC  Data: 00 00 00 AA 00 00 00 00 
"
"2016-11-21 14:03:24ID: BB  Data: 00 00 00 AA 00 00 00 00 
"
"2016-11-21 14:03:24ID: BC  Data: 00 00 00 AA 00 00 00 00 
"
"2016-11-21 14:03:24ID: BB  Data: 00 00 00 AA 00 00 00 00 
"
"2016-11-21 14:03:24ID: BC  Data: 00 00 00 AA 00 00 00 00 
"
"2016-11-21 14:03:24ID: BB  Data: 00 00 00 AA 00 00 00 00 
"
"2016-11-21 14:03:24ID: BC  Data: 00 00 00 AA 00 00 00 00 
"
"2016-11-21 14:03:25ID: BB  Data: 00 00 00 AA 00 00 00 00 
"
"2016-11-21 14:03:25ID: BC  Data: 00 00 00 AA 00 00 00 00 
"
"2016-11-21 14:03:25ID: BB  Data: 00 00 00 AA 00 00 00 00 
"
"2016-11-21 14:03:25ID: BC  Data: 00 00 00 AA 00 00 00 00 
"
"2016-11-21 14:03:25ID: BB  Data: 00 00 00 AA 00 00 00 00 
"
"2016-11-21 14:03:25ID: BC  Data: 00 00 00 AA 00 00 00 00 
"
"2016-11-21 14:03:25ID: BB  Data: 00 00 00 AA 00 00 00 00 
"
"2016-11-21 14:03:25ID: BC  Data: 00 00 00 AA 00 00 00 00 
"
"2016-11-21 14:03:25ID: BB  Data: 00 00 00 AA 00 00 00 00 
"
"2016-11-21 14:03:25ID: BC  Data: 00 00 00 AA 00 00 00 00 
"
"2016-11-21 14:03:25ID: BB  Data: 00 00 00 AA 00 00 00 00 
"
"2016-11-21 14:03:25ID: BC  Data: 00 00 00 AA 00 00 00 00 
"
"2016-11-21 14:03:25ID: BB  Data: 00 00 00 AA 00 00 00 00 
"
"2016-11-21 14:03:25ID: BC  Data: 00 00 00 AA 00 00 00 00 
"
"2016-11-21 14:03:25ID: BB  Data: 00 00 00 AA 00 00 00 00 
"
"2016-11-21 14:03:25ID: BC  Data: 00 00 00 AA 00 00 00 00 
"
"2016-11-21 14:03:25ID: BB  Data: 00 00 00 AA 00 00 00 00 
"
"2016-11-21 14:03:25ID: BC  Data: 00 00 00 AA 00 00 00 00 
"
"2016-11-21 14:03:25ID: BB  Data: 00 00 00 AA 00 00 00 00 
"
"2016-11-21 14:03:25ID: BC  Data: 00 00 00 AA 00 00 00 00 
"
"2016-11-21 14:03:25ID: BB  Data: 00 00 00 AA 00 00 00 00 
"
"2016-11-21 14:03:25ID: BC  Data: 00 00 00 AA 00 00 00 00 
"
"2016-11-21 14:03:25ID: BB  Data: 00 00 00 AA 00 00 00 00 
"
"2016-11-21 14:03:25ID: BC  Data: 00 00 00 AA 00 00 00 00 
"
"2016-11-21 14:03:26ID: BB  Data: 00 00 00 AA 00 00 00 00 
"
"2016-11-21 14:03:26ID: BC  Data: 00 00 00 AA 00 00 00 00 
"
"2016-11-21 14:03:26ID: BB  Data: 00 00 00 AA 00 00 00 00 
"
"2016-11-21 14:03:26ID: BC  Data: 00 00 00 AA 00 00 00 00 
"
"2016-11-21 14:03:26ID: BB  Data: 00 00 00 AA 00 00 00 00 
"
"2016-11-21 14:03:26ID: BC  Data: 00 00 00 AA 00 00 00 00 
"
"2016-11-21 14:03:26ID: BB  Data: 00 00 00 AA 00 00 00 00 
"
"2016-11-21 14:03:26ID: BC  Data: 00 00 00 AA 00 00 00 00 
"
"2016-11-21 14:03:26ID: BB  Data: 00 00 00 AA 00 00 00 00 
"
"2016-11-21 14:03:26ID: BC  Data: 00 00 00 AA 00 00 00 00 
"
"2016-11-21 14:03:26ID: BB  Data: 00 00 00 AA 00 00 00 00 
"
"2016-11-21 14:03:26ID: BC  Data: 00 00 00 AA 00 00 00 00 
"
"2016-11-21 14:03:26ID: BB  Data: 00 00 00 AA 00 00 00 00 
"
"2016-11-21 14:03:26ID: BC  Data: 00 00 00 AA 00 00 00 00 
"
"2016-11-21 14:03:26ID: BB  Data: 00 00 00 AA 00 00 00 00 
"
"2016-11-21 14:03:26ID: BC  Data: 00 00 00 AA 00 00 00 00 
"
"2016-11-21 14:03:26ID: BB  Data: 00 00 00 AA 00 00 00 00 
"
"2016-11-21 14:03:26ID: BC  Data: 00 00 00 AA 00 00 00 00 
"
"2016-11-21 14:03:26ID: BB  Data: 00 00 00 AA 00 00 00 00 
"
"2016-11-21 14:03:26ID: BC  Data: 00 00 00 AA 00 00 00 00 
"
"2016-11-21 14:03:26ID: BB  Data: 00 00 00 AA 00 00 00 00 
"
"2016-11-21 14:03:26ID: BC  Data: 00 00 00 AA 00 00 00 00 
"
"2016-11-21 14:03:27ID: BB  Data: 00 00 00 AA 00 00 00 00 
"
"2016-11-21 14:03:27ID: BC  Data: 00 00 00 AA 00 00 00 00 
"
"2016-11-21 14:03:27ID: BB  Data: 00 00 00 AA 00 00 00 00 
"
"2016-11-21 14:03:27ID: BC  Data: 00 00 00 AA 00 00 00 00 
"
"2016-11-21 14:03:27ID: BB  Data: 00 00 00 AA 00 00 00 00 
"
"2016-11-21 14:03:27ID: BC  Data: 00 00 00 AA 00 00 00 00 
"
"2016-11-21 14:03:27ID: BB  Data: 00 00 00 AA 00 00 00 00 
"
"2016-11-21 14:03:27ID: BC  Data: 00 00 00 AA 00 00 00 00 
"
"2016-11-21 14:03:27ID: BB  Data: 00 00 00 AA 00 00 00 00 
"
"2016-11-21 14:03:27ID: BC  Data: 00 00 00 AA 00 00 00 00 
"
"2016-11-21 14:03:27ID: BB  Data: 00 00 00 AA 00 00 00 00 
"
"2016-11-21 14:03:27ID: BC  Data: 00 00 00 AA 00 00 00 00 
"
"2016-11-21 14:03:27ID: BB  Data: 00 00 00 AA 00 00 00 00 
"
"2016-11-21 14:03:27ID: BC  Data: 00 00 00 AA 00 00 00 00 
"
"2016-11-21 14:03:27ID: BB  Data: 00 00 00 AA 00 00 00 00 
"
"2016-11-21 14:03:27ID: BC  Data: 00 00 00 AA 00 00 00 00 
"
"2016-11-21 14:03:27ID: BB  Data: 00 00 00 AA 00 00 00 00 
"
"2016-11-21 14:03:27ID: BC  Data: 00 00 00 AA 00 00 00 00 
"
"2016-11-21 14:03:27ID: BB  Data: 00 00 00 AA 00 00 00 00 
"
"2016-11-21 14:03:27ID: BC  Data: 00 00 00 AA 00 00 00 00 
"
"2016-11-21 14:03:27ID: BB  Data: 00 00 00 AA 00 00 00 00 
"
"2016-11-21 14:03:27ID: BC  Data: 00 00 00 AA 00 00 00 00 
"
"2016-11-21 14:03:27ID: BB  Data: 00 00 00 AA 00 00 00 00 
"
"2016-11-21 14:03:28ID: BC  Data: 00 00 00 AA 00 00 00 00 
"
"2016-11-21 14:03:28ID: BB  Data: 00 00 00 AA 00 00 00 00 
"
"2016-11-21 14:03:28ID: BC  Data: 00 00 00 AA 00 00 00 00 
"
"2016-11-21 14:03:28ID: BB  Data: 00 00 00 AA 00 00 00 00 
"
"2016-11-21 14:03:28ID: BC  Data: 00 00 00 AA 00 00 00 00 
"
"2016-11-21 14:03:28ID: BB  Data: 00 00 00 AA 00 00 00 00 
"
"2016-11-21 14:03:28ID: BC  Data: 00 00 00 AA 00 00 00 00 
"
"2016-11-21 14:03:28ID: BB  Data: 00 00 00 AA 00 00 00 00 
"
"2016-11-21 14:03:28ID: BC  Data: 00 00 00 AA 00 00 00 00 
"
"2016-11-21 14:03:28ID: BB  Data: 00 00 00 AA 00 00 00 00 
"
"2016-11-21 14:03:28ID: BC  Data: 00 00 00 AA 00 00 00 00 
"
"2016-11-21 14:03:28ID: BB  Data: 00 00 00 AA 00 00 00 00 
"
"2016-11-21 14:03:28ID: BC  Data: 00 00 00 AA 00 00 00 00 
"
"2016-11-21 14:03:28ID: BB  Data: 00 00 00 AA 00 00 00 00 
"
"2016-11-21 14:03:28ID: BC  Data: 00 00 00 AA 00 00 00 00 
"
"2016-11-21 14:03:28ID: BB  Data: 00 00 00 AA 00 00 00 00 
"
"2016-11-21 14:03:28ID: BC  Data: 00 00 00 AA 00 00 00 00 
"
"2016-11-21 14:03:28ID: BB  Data: 00 00 00 AA 00 00 00 00 
"
"2016-11-21 14:03:28ID: BC  Data: 00 00 00 AA 00 00 00 00 
"
"2016-11-21 14:03:28ID: BB  Data: 00 00 00 AA 00 00 00 00 
"
"2016-11-21 14:03:28ID: BC  Data: 00 00 00 AA 00 00 00 00 
"
"2016-11-21 14:03:28ID: BB  Data: 00 00 00 AA 00 00 00 00 
"
"2016-11-21 14:03:28ID: BC  Data: 00 00 00 AA 00 00 00 00 
"
"2016-11-21 14:03:29ID: BB  Data: 00 00 00 AA 00 00 00 00 
"
"2016-11-21 14:03:29ID: BC  Data: 00 00 00 AA 00 00 00 00 
"
"2016-11-21 14:03:29ID: BB  Data: 00 00 00 AA 00 00 00 00 
"
"2016-11-21 14:03:29ID: BC  Data: 00 00 00 AA 00 00 00 00 
"
"2016-11-21 14:03:29ID: BB  Data: 00 00 00 AA 00 00 00 00 
"
"2016-11-21 14:03:29ID: BC  Data: 00 00 00 AA 00 00 00 00 
"
"2016-11-21 14:03:29ID: BB  Data: 00 00 00 AA 00 00 00 00 
"
"2016-11-21 14:03:29ID: BC  Data: 00 00 00 AA 00 00 00 00 
"
"2016-11-21 14:03:29ID: BB  Data: 00 00 00 AA 00 00 00 00 
"
"2016-11-21 14:03:29ID: BC  Data: 00 00 00 AA 00 00 00 00 
"
"2016-11-21 14:03:29ID: BB  Data: 00 00 00 AA 00 00 00 00 
"
"2016-11-21 14:03:29ID: BC  Data: 00 00 00 AA 00 00 00 00 
"
"2016-11-21 14:03:29ID: BB  Data: 00 00 00 AA 00 00 00 00 
"
"2016-11-21 14:03:29ID: BC  Data: 00 00 00 AA 00 00 00 00 
"
"2016-11-21 14:03:29ID: BB  Data: 00 00 00 AA 00 00 00 00 
"
"2016-11-21 14:03:29ID: BC  Data: 00 00 00 AA 00 00 00 00 
"
"2016-11-21 14:03:29ID: BB  Data: 00 00 00 AA 00 00 00 00 
"
"2016-11-21 14:03:29ID: BC  Data: 00 00 00 AA 00 00 00 00 
"
"2016-11-21 14:03:29ID: BB  Data: 00 00 00 AA 00 00 00 00 
"
"2016-11-21 14:03:29ID: BC  Data: 00 00 00 AA 00 00 00 00 
"
"2016-11-21 14:03:29ID: BB  Data: 00 00 00 AA 00 00 00 00 
"
"2016-11-21 14:03:29ID: BC  Data: 00 00 00 AA 00 00 00 00 
"
"2016-11-21 14:03:30ID: BB  Data: 00 00 00 AA 00 00 00 00 
"
"2016-11-21 14:03:30ID: BC  Data: 00 00 00 AA 00 00 00 00 
"
"2016-11-21 14:03:30ID: BB  Data: 00 00 00 AA 00 00 00 00 
"
"2016-11-21 14:03:30ID: BC  Data: 00 00 00 AA 00 00 00 00 
"
"2016-11-21 14:03:30ID: BB  Data: 00 00 00 AA 00 00 00 00 
"
"2016-11-21 14:03:30ID: BC  Data: 00 00 00 AA 00 00 00 00 
"
"2016-11-21 14:03:30ID: BB  Data: 00 00 00 AA 00 00 00 00 
"
"2016-11-21 14:03:30ID: BC  Data: 00 00 00 AA 00 00 00 00 
"
"2016-11-21 14:03:30ID: BB  Data: 00 00 00 AA 00 00 00 00 
"
"2016-11-21 14:03:30ID: BC  Data: 00 00 00 AA 00 00 00 00 
"
"2016-11-21 14:03:30ID: BB  Data: 00 00 00 AA 00 00 00 00 
"
"2016-11-21 14:03:30ID: BC  Data: 00 00 00 AA 00 00 00 00 
"
"2016-11-21 14:03:30ID: BB  Data: 00 00 00 AA 00 00 00 00 
"
"2016-11-21 14:03:30ID: BC  Data: 00 00 00 AA 00 00 00 00 
"
"2016-11-21 14:03:30ID: BB  Data: 00 00 00 AA 00 00 00 00 
"
"2016-11-21 14:03:30ID: BC  Data: 00 00 00 AA 00 00 00 00 
"
"2016-11-21 14:03:30ID: BB  Data: 00 00 00 AA 00 00 00 00 
"
"2016-11-21 14:03:30ID: BC  Data: 00 00 00 AA 00 00 00 00 
"
"2016-11-21 14:03:30ID: BB  Data: 00 00 00 AA 00 00 00 00 
"
"2016-11-21 14:03:30ID: BC  Data: 00 00 00 AA 00 00 00 00 
"
"2016-11-21 14:03:30ID: BB  Data: 00 00 00 AA 00 00 00 00 
"
"2016-11-21 14:03:30ID: BC  Data: 00 00 00 AA 00 00 00 00 
"
"2016-11-21 14:03:30ID: BB  Data: 00 00 00 AA 00 00 00 00 
"
"2016-11-21 14:03:30ID: BC  Data: 00 00 00 AA 00 00 00 00 
"
"2016-11-21 14:03:31ID: BB  Data: 00 00 00 AA 00 00 00 00 
"
"2016-11-21 14:03:31ID: BC  Data: 00 00 00 AA 00 00 00 00 
"
"2016-11-21 14:03:31ID: BB  Data: 00 00 00 AA 00 00 00 00 
"
"2016-11-21 14:03:31ID: BC  Data: 00 00 00 AA 00 00 00 00 
"
"2016-11-21 14:03:31ID: BB  Data: 00 00 00 AA 00 00 00 00 
"
"2016-11-21 14:03:31ID: BC  Data: 00 00 00 AA 00 00 00 00 
"
"2016-11-21 14:03:31ID: BB  Data: 00 00 00 AA 00 00 00 00 
"
"2016-11-21 14:03:31ID: BC  Data: 00 00 00 AA 00 00 00 00 
"
"2016-11-21 14:03:31ID: BB  Data: 00 00 00 AA 00 00 00 00 
"
"2016-11-21 14:03:31ID: BC  Data: 00 00 00 AA 00 00 00 00 
"
"2016-11-21 14:03:31ID: BB  Data: 00 00 00 AA 00 00 00 00 
"
"2016-11-21 14:03:31ID: BC  Data: 00 00 00 AA 00 00 00 00 
"
"2016-11-21 14:03:31ID: BB  Data: 00 00 00 AA 00 00 00 00 
"
"2016-11-21 14:03:31ID: BC  Data: 00 00 00 AA 00 00 00 00 
"
"2016-11-21 14:03:31ID: BB  Data: 00 00 00 AA 00 00 00 00 
"
"2016-11-21 14:03:31ID: BC  Data: 00 00 00 AA 00 00 00 00 
"
"2016-11-21 14:03:31ID: BB  Data: 00 00 00 AA 00 00 00 00 
"
"2016-11-21 14:03:31ID: BC  Data: 00 00 00 AA 00 00 00 00 
"
"2016-11-21 14:03:31ID: BB  Data: 00 00 00 AA 00 00 00 00 
"
"2016-11-21 14:03:31ID: BC  Data: 00 00 00 AA 00 00 00 00 
"
"2016-11-21 14:03:31ID: BB  Data: 00 00 00 AA 00 00 00 00 
"
"2016-11-21 14:03:31ID: BC  Data: 00 00 00 AA 00 00 00 00 
"
"2016-11-21 14:03:32ID: BB  Data: 00 00 00 AA 00 00 00 00 
"
"2016-11-21 14:03:32ID: BC  Data: 00 00 00 AA 00 00 00 00 
"
"2016-11-21 14:03:32ID: BB  Data: 00 00 00 AA 00 00 00 00 
"
"2016-11-21 14:03:32ID: BC  Data: 00 00 00 AA 00 00 00 00 
"
"2016-11-21 14:03:32ID: BB  Data: 00 00 00 AA 00 00 00 00 
"
"2016-11-21 14:03:32ID: BC  Data: 00 00 00 AA 00 00 00 00 
"
"2016-11-21 14:03:32ID: BB  Data: 00 00 00 AA 00 00 00 00 
"
"2016-11-21 14:03:32ID: BC  Data: 00 00 00 AA 00 00 00 00 
"
"2016-11-21 14:03:32ID: BB  Data: 00 00 00 AA 00 00 00 00 
"
"2016-11-21 14:03:32ID: BC  Data: 00 00 00 AA 00 00 00 00 
"
"2016-11-21 14:03:32ID: BB  Data: 00 00 00 AA 00 00 00 00 
"
"2016-11-21 14:03:32ID: BC  Data: 00 00 00 AA 00 00 00 00 
"
"2016-11-21 14:03:32ID: BB  Data: 00 00 00 AA 00 00 00 00 
"
"2016-11-21 14:03:32ID: BC  Data: 00 00 00 AA 00 00 00 00 
"
"2016-11-21 14:03:32ID: BB  Data: 00 00 00 AA 00 00 00 00 
"
"2016-11-21 14:03:32ID: BC  Data: 00 00 00 AA 00 00 00 00 
"
"2016-11-21 14:03:32ID: BB  Data: 00 00 00 AA 00 00 00 00 
"
"2016-11-21 14:03:32ID: BC  Data: 00 00 00 AA 00 00 00 00 
"
"2016-11-21 14:03:32ID: BB  Data: 00 00 00 AA 00 00 00 00 
"
"2016-11-21 14:03:32ID: BC  Data: 00 00 00 AA 00 00 00 00 
"
"2016-11-21 14:03:32ID: BB  Data: 00 00 00 AA 00 00 00 00 
"
"2016-11-21 14:03:32ID: BC  Data: 00 00 00 AA 00 00 00 00 
"
"2016-11-21 14:03:33ID: BB  Data: 00 00 00 AA 00 00 00 00 
"
"2016-11-21 14:03:33ID: BC  Data: 00 00 00 AA 00 00 00 00 
"
"2016-11-21 14:03:33ID: BB  Data: 00 00 00 AA 00 00 00 00 
"
"2016-11-21 14:03:33ID: BC  Data: 00 00 00 AA 00 00 00 00 
"
"2016-11-21 14:03:33ID: BB  Data: 00 00 00 AA 00 00 00 00 
"
"2016-11-21 14:03:33ID: BC  Data: 00 00 00 AA 00 00 00 00 
"
"2016-11-21 14:03:33ID: BB  Data: 00 00 00 AA 00 00 00 00 
"
"2016-11-21 14:03:33ID: BC  Data: 00 00 00 AA 00 00 00 00 
"
"2016-11-21 14:03:33ID: BB  Data: 00 00 00 AA 00 00 00 00 
"
"2016-11-21 14:03:33ID: BC  Data: 00 00 00 AA 00 00 00 00 
"
"2016-11-21 14:03:33ID: BB  Data: 00 00 00 AA 00 00 00 00 
"
"2016-11-21 14:03:33ID: BC  Data: 00 00 00 AA 00 00 00 00 
"
"2016-11-21 14:03:33ID: BB  Data: 00 00 00 AA 00 00 00 00 
"
"2016-11-21 14:03:33ID: BC  Data: 00 00 00 AA 00 00 00 00 
"
"2016-11-21 14:03:33ID: BB  Data: 00 00 00 AA 00 00 00 00 
"
"2016-11-21 14:03:33ID: BC  Data: 00 00 00 AA 00 00 00 00 
"
"2016-11-21 14:03:33ID: BB  Data: 00 00 00 AA 00 00 00 00 
"
"2016-11-21 14:03:33ID: BC  Data: 00 00 00 AA 00 00 00 00 
"
"2016-11-21 14:03:33ID: BB  Data: 00 00 00 AA 00 00 00 00 
"
"2016-11-21 14:03:33ID: BC  Data: 00 00 00 AA 00 00 00 00 
"
"2016-11-21 14:03:33ID: BB  Data: 00 00 00 AA 00 00 00 00 
"
"2016-11-21 14:03:33ID: BC  Data: 00 00 00 AA 00 00 00 00 
"
"2016-11-21 14:03:33ID: BB  Data: 00 00 00 AA 00 00 00 00 
"
"2016-11-21 14:03:33ID: BC  Data: 00 00 00 AA 00 00 00 00 
"
"2016-11-21 14:03:34ID: BB  Data: 00 00 00 AA 00 00 00 00 
"
"2016-11-21 14:03:34ID: BC  Data: 00 00 00 AA 00 00 00 00 
"
"2016-11-21 14:03:34ID: BB  Data: 00 00 00 AA 00 00 00 00 
"
"2016-11-21 14:03:34ID: BC  Data: 00 00 00 AA 00 00 00 00 
"
"2016-11-21 14:03:34ID: BB  Data: 00 00 00 AA 00 00 00 00 
"
"2016-11-21 14:03:34ID: BC  Data: 00 00 00 AA 00 00 00 00 
"
"2016-11-21 14:03:34ID: BB  Data: 00 00 00 AA 00 00 00 00 
"
"2016-11-21 14:03:34ID: BC  Data: 00 00 00 AA 00 00 00 00 
"
"2016-11-21 14:03:34ID: BB  Data: 00 00 00 AA 00 00 00 00 
"
"2016-11-21 14:03:34ID: BC  Data: 00 00 00 AA 00 00 00 00 
"
"2016-11-21 14:03:34ID: BB  Data: 00 00 00 AA 00 00 00 00 
"
"2016-11-21 14:03:34ID: BC  Data: 00 00 00 AA 00 00 00 00 
"
"2016-11-21 14:03:34ID: BB  Data: 00 00 00 AA 00 00 00 00 
"
"2016-11-21 14:03:34ID: BC  Data: 00 00 00 AA 00 00 00 00 
"
"2016-11-21 14:03:34ID: BB  Data: 00 00 00 AA 00 00 00 00 
"
"2016-11-21 14:03:34ID: BC  Data: 00 00 00 AA 00 00 00 00 
"
"2016-11-21 14:03:34ID: BB  Data: 00 00 00 AA 00 00 00 00 
"
"2016-11-21 14:03:34ID: BC  Data: 00 00 00 AA 00 00 00 00 
"
"2016-11-21 14:03:34ID: BB  Data: 00 00 00 AA 00 00 00 00 
"
"2016-11-21 14:03:34ID: BC  Data: 00 00 00 AA 00 00 00 00 
"
"2016-11-21 14:03:34ID: BB  Data: 00 00 00 AA 00 00 00 00 
"
"2016-11-21 14:03:34ID: BC  Data: 00 00 00 AA 00 00 00 00 
"
"2016-11-21 14:03:35ID: BB  Data: 00 00 00 AA 00 00 00 00 
"
"2016-11-21 14:03:35ID: BC  Data: 00 00 00 AA 00 00 00 00 
"
"2016-11-21 14:03:35ID: BB  Data: 00 00 00 AA 00 00 00 00 
"
"2016-11-21 14:03:35ID: BC  Data: 00 00 00 AA 00 00 00 00 
"
"2016-11-21 14:03:35ID: BB  Data: 00 00 00 AA 00 00 00 00 
"
"2016-11-21 14:03:35ID: BC  Data: 00 00 00 AA 00 00 00 00 
"
"2016-11-21 14:03:35ID: BB  Data: 00 00 00 AA 00 00 00 00 
"
"2016-11-21 14:03:35ID: BC  Data: 00 00 00 AA 00 00 00 00 
"
"2016-11-21 14:03:35ID: BB  Data: 00 00 00 AA 00 00 00 00 
"
"2016-11-21 14:03:35ID: BC  Data: 00 00 00 AA 00 00 00 00 
"
"2016-11-21 14:03:35ID: BB  Data: 00 00 00 AA 00 00 00 00 
"
"2016-11-21 14:03:35ID: BC  Data: 00 00 00 AA 00 00 00 00 
"
"2016-11-21 14:03:35ID: BB  Data: 00 00 00 AA 00 00 00 00 
"
"2016-11-21 14:03:35ID: BC  Data: 00 00 00 AA 00 00 00 00 
"
"2016-11-21 14:03:35ID: BB  Data: 00 00 00 AA 00 00 00 00 
"
"2016-11-21 14:03:35ID: BC  Data: 00 00 00 AA 00 00 00 00 
"
"2016-11-21 14:03:35ID: BB  Data: 00 00 00 AA 00 00 00 00 
"
"2016-11-21 14:03:35ID: BC  Data: 00 00 00 AA 00 00 00 00 
"
"2016-11-21 14:03:35ID: BB  Data: 00 00 00 AA 00 00 00 00 
"
"2016-11-21 14:03:35ID: BC  Data: 00 00 00 AA 00 00 00 00 
"
"2016-11-21 14:03:35ID: BB  Data: 00 00 00 AA 00 00 00 00 
"
"2016-11-21 14:03:35ID: BC  Data: 00 00 00 AA 00 00 00 00 
"
"2016-11-21 14:03:35ID: BB  Data: 00 00 00 AA 00 00 00 00 
"
"2016-11-21 14:03:36ID: BC  Data: 00 00 00 AA 00 00 00 00 
"
"2016-11-21 14:03:36ID: BB  Data: 00 00 00 AA 00 00 00 00 
"
"2016-11-21 14:03:36ID: BC  Data: 00 00 00 AA 00 00 00 00 
"
"2016-11-21 14:03:36ID: BB  Data: 00 00 00 AA 00 00 00 00 
"
"2016-11-21 14:03:36ID: BC  Data: 00 00 00 AA 00 00 00 00 
"
"2016-11-21 14:03:36ID: BB  Data: 00 00 00 AA 00 00 00 00 
"
"2016-11-21 14:03:36ID: BC  Data: 00 00 00 AA 00 00 00 00 
"
"2016-11-21 14:03:36ID: BB  Data: 00 00 00 AA 00 00 00 00 
"
"2016-11-21 14:03:36ID: BC  Data: 00 00 00 AA 00 00 00 00 
"
"2016-11-21 14:03:36ID: BB  Data: 00 00 00 AA 00 00 00 00 
"
"2016-11-21 14:03:36ID: BC  Data: 00 00 00 AA 00 00 00 00 
"
"2016-11-21 14:03:36ID: BB  Data: 00 00 00 AA 00 00 00 00 
"
"2016-11-21 14:03:36ID: BC  Data: 00 00 00 AA 00 00 00 00 
"
"2016-11-21 14:03:36ID: BB  Data: 00 00 00 AA 00 00 00 00 
"
"2016-11-21 14:03:36ID: BC  Data: 00 00 00 AA 00 00 00 00 
"
"2016-11-21 14:03:36ID: BB  Data: 00 00 00 AA 00 00 00 00 
"
"2016-11-21 14:03:36ID: BC  Data: 00 00 00 AA 00 00 00 00 
"
"2016-11-21 14:03:36ID: BB  Data: 00 00 00 AA 00 00 00 00 
"
"2016-11-21 14:03:36ID: BC  Data: 00 00 00 AA 00 00 00 00 
"
"2016-11-21 14:03:36ID: BB  Data: 00 00 00 AA 00 00 00 00 
"
"2016-11-21 14:03:36ID: BC  Data: 00 00 00 AA 00 00 00 00 
"
"2016-11-21 14:03:36ID: BB  Data: 00 00 00 AA 00 00 00 00 
"
"2016-11-21 14:03:36ID: BC  Data: 00 00 00 AA 00 00 00 00 
"
"2016-11-21 14:03:37ID: BB  Data: 00 00 00 AA 00 00 00 00 
"
"2016-11-21 14:03:37ID: BC  Data: 00 00 00 AA 00 00 00 00 
"
"2016-11-21 14:03:37ID: BB  Data: 00 00 00 AA 00 00 00 00 
"
"2016-11-21 14:03:37ID: BC  Data: 00 00 00 AA 00 00 00 00 
"
"2016-11-21 14:03:37ID: BB  Data: 00 00 00 AA 00 00 00 00 
"
"2016-11-21 14:03:37ID: BC  Data: 00 00 00 AA 00 00 00 00 
"
"2016-11-21 14:03:37ID: BB  Data: 00 00 00 AA 00 00 00 00 
"
"2016-11-21 14:03:37ID: BC  Data: 00 00 00 AA 00 00 00 00 
"
"2016-11-21 14:03:37ID: BB  Data: 00 00 00 AA 00 00 00 00 
"
"2016-11-21 14:03:37ID: BC  Data: 00 00 00 AA 00 00 00 00 
"
"2016-11-21 14:03:37ID: BB  Data: 00 00 00 AA 00 00 00 00 
"
"2016-11-21 14:03:37ID: BC  Data: 00 00 00 AA 00 00 00 00 
"
"2016-11-21 14:03:37ID: BB  Data: 00 00 00 AA 00 00 00 00 
"
"2016-11-21 14:03:37ID: BC  Data: 00 00 00 AA 00 00 00 00 
"
"2016-11-21 14:03:37ID: BB  Data: 00 00 00 AA 00 00 00 00 
"
"2016-11-21 14:03:37ID: BC  Data: 00 00 00 AA 00 00 00 00 
"
"2016-11-21 14:03:37ID: BB  Data: 00 00 00 AA 00 00 00 00 
"
"2016-11-21 14:03:37ID: BC  Data: 00 00 00 AA 00 00 00 00 
"
"2016-11-21 14:03:37ID: BB  Data: 00 00 00 AA 00 00 00 00 
"
"2016-11-21 14:03:37ID: BC  Data: 00 00 00 AA 00 00 00 00 
"
"2016-11-21 14:03:37ID: BB  Data: 00 00 00 AA 00 00 00 00 
"
"2016-11-21 14:03:37ID: BC  Data: 00 00 00 AA 00 00 00 00 
"
"2016-11-21 14:03:38ID: BB  Data: 00 00 00 AA 00 00 00 00 
"
"2016-11-21 14:03:38ID: BC  Data: 00 00 00 AA 00 00 00 00 
"
"2016-11-21 14:03:38ID: BB  Data: 00 00 00 AA 00 00 00 00 
"
"2016-11-21 14:03:38ID: BC  Data: 00 00 00 AA 00 00 00 00 
"
"2016-11-21 14:03:38ID: BB  Data: 00 00 00 AA 00 00 00 00 
"
"2016-11-21 14:03:38ID: BC  Data: 00 00 00 AA 00 00 00 00 
"
"2016-11-21 14:03:38ID: BB  Data: 00 00 00 AA 00 00 00 00 
"
"2016-11-21 14:03:38ID: BC  Data: 00 00 00 AA 00 00 00 00 
"
"2016-11-21 14:03:38ID: BB  Data: 00 00 00 AA 00 00 00 00 
"
"2016-11-21 14:03:38ID: BC  Data: 00 00 00 AA 00 00 00 00 
"
"2016-11-21 14:03:38ID: BB  Data: 00 00 00 AA 00 00 00 00 
"
"2016-11-21 14:03:38ID: BC  Data: 00 00 00 AA 00 00 00 00 
"
"2016-11-21 14:03:38ID: BB  Data: 00 00 00 AA 00 00 00 00 
"
"2016-11-21 14:03:38ID: BC  Data: 00 00 00 AA 00 00 00 00 
"
"2016-11-21 14:03:38ID: BB  Data: 00 00 00 AA 00 00 00 00 
"
"2016-11-21 14:03:38ID: BC  Data: 00 00 00 AA 00 00 00 00 
"
"2016-11-21 14:03:38ID: BB  Data: 00 00 00 AA 00 00 00 00 
"
"2016-11-21 14:03:38ID: BC  Data: 00 00 00 AA 00 00 00 00 
"
"2016-11-21 14:03:38ID: BB  Data: 00 00 00 AA 00 00 00 00 
"
"2016-11-21 14:03:38ID: BC  Data: 00 00 00 AA 00 00 00 00 
"
"2016-11-21 14:03:38ID: BB  Data: 00 00 00 AA 00 00 00 00 
"
"2016-11-21 14:03:38ID: BC  Data: 00 00 00 AA 00 00 00 00 
"
"2016-11-21 14:03:38ID: BB  Data: 00 00 00 AA 00 00 00 00 
"
"2016-11-21 14:03:38ID: BC  Data: 00 00 00 AA 00 00 00 00 
"
"2016-11-21 14:03:39ID: BB  Data: 00 00 00 AA 00 00 00 00 
"
"2016-11-21 14:03:39ID: BC  Data: 00 00 00 AA 00 00 00 00 
"
"2016-11-21 14:03:39ID: BB  Data: 00 00 00 AA 00 00 00 00 
"
"2016-11-21 14:03:39ID: BC  Data: 00 00 00 AA 00 00 00 00 
"
"2016-11-21 14:03:39ID: BB  Data: 00 00 00 AA 00 00 00 00 
"
"2016-11-21 14:03:39ID: BC  Data: 00 00 00 AA 00 00 00 00 
"
"2016-11-21 14:03:39ID: BB  Data: 00 00 00 AA 00 00 00 00 
"
"2016-11-21 14:03:39ID: BC  Data: 00 00 00 AA 00 00 00 00 
"
"2016-11-21 14:03:39ID: BB  Data: 00 00 00 AA 00 00 00 00 
"
"2016-11-21 14:03:39ID: BC  Data: 00 00 00 AA 00 00 00 00 
"
"2016-11-21 14:03:39ID: BB  Data: 00 00 00 AA 00 00 00 00 
"
"2016-11-21 14:03:39ID: BC  Data: 00 00 00 AA 00 00 00 00 
"
"2016-11-21 14:03:39ID: BB  Data: 00 00 00 AA 00 00 00 00 
"
"2016-11-21 14:03:39ID: BC  Data: 00 00 00 AA 00 00 00 00 
"
"2016-11-21 14:03:39ID: BB  Data: 00 00 00 AA 00 00 00 00 
"
"2016-11-21 14:03:39ID: BC  Data: 00 00 00 AA 00 00 00 00 
"
"2016-11-21 14:03:39ID: BB  Data: 00 00 00 AA 00 00 00 00 
"
"2016-11-21 14:03:39ID: BC  Data: 00 00 00 AA 00 00 00 00 
"
"2016-11-21 14:03:39ID: BB  Data: 00 00 00 AA 00 00 00 00 
"
"2016-11-21 14:03:39ID: BC  Data: 00 00 00 AA 00 00 00 00 
"
"2016-11-21 14:03:39ID: BB  Data: 00 00 00 AA 00 00 00 00 
"
"2016-11-21 14:03:39ID: BC  Data: 00 00 00 AA 00 00 00 00 
"
"2016-11-21 14:03:40ID: BB  Data: 00 00 00 AA 00 00 00 00 
"
"2016-11-21 14:03:40ID: BC  Data: 00 00 00 AA 00 00 00 00 
"
"2016-11-21 14:03:40ID: BB  Data: 00 00 00 AA 00 00 00 00 
"
"2016-11-21 14:03:40ID: BC  Data: 00 00 00 AA 00 00 00 00 
"
"2016-11-21 14:03:40ID: BB  Data: 00 00 00 AA 00 00 00 00 
"
"2016-11-21 14:03:40ID: BC  Data: 00 00 00 AA 00 00 00 00 
"
"2016-11-21 14:03:40ID: BB  Data: 00 00 00 AA 00 00 00 00 
"
"2016-11-21 14:03:40ID: BC  Data: 00 00 00 AA 00 00 00 00 
"
"2016-11-21 14:03:40ID: BB  Data: 00 00 00 AA 00 00 00 00 
"
"2016-11-21 14:03:40ID: BC  Data: 00 00 00 AA 00 00 00 00 
"
"2016-11-21 14:03:40ID: BB  Data: 00 00 00 AA 00 00 00 00 
"
"2016-11-21 14:03:40ID: BC  Data: 00 00 00 AA 00 00 00 00 
"
"2016-11-21 14:03:40ID: BB  Data: 00 00 00 AA 00 00 00 00 
"
"2016-11-21 14:03:40ID: BC  Data: 00 00 00 AA 00 00 00 00 
"
"2016-11-21 14:03:40ID: BB  Data: 00 00 00 AA 00 00 00 00 
"
"2016-11-21 14:03:40ID: BC  Data: 00 00 00 AA 00 00 00 00 
"
"2016-11-21 14:03:40ID: BB  Data: 00 00 00 AA 00 00 00 00 
"
"2016-11-21 14:03:40ID: BC  Data: 00 00 00 AA 00 00 00 00 
"
"2016-11-21 14:03:40ID: BB  Data: 00 00 00 AA 00 00 00 00 
"
"2016-11-21 14:03:40ID: BC  Data: 00 00 00 AA 00 00 00 00 
"
"2016-11-21 14:03:40ID: BB  Data: 00 00 00 AA 00 00 00 00 
"
"2016-11-21 14:03:40ID: BC  Data: 00 00 00 AA 00 00 00 00 
"
"2016-11-21 14:03:41ID: BB  Data: 00 00 00 AA 00 00 00 00 
"
"2016-11-21 14:03:41ID: BC  Data: 00 00 00 AA 00 00 00 00 
"
"2016-11-21 14:03:41ID: BB  Data: 00 00 00 AA 00 00 00 00 
"
"2016-11-21 14:03:41ID: BC  Data: 00 00 00 AA 00 00 00 00 
"
"2016-11-21 14:03:41ID: BB  Data: 00 00 00 AA 00 00 00 00 
"
"2016-11-21 14:03:41ID: BC  Data: 00 00 00 AA 00 00 00 00 
"
"2016-11-21 14:03:41ID: BB  Data: 00 00 00 AA 00 00 00 00 
"
"2016-11-21 14:03:41ID: BC  Data: 00 00 00 AA 00 00 00 00 
"
"2016-11-21 14:03:41ID: BB  Data: 00 00 00 AA 00 00 00 00 
"
"2016-11-21 14:03:41ID: BC  Data: 00 00 00 AA 00 00 00 00 
"
"2016-11-21 14:03:41ID: BB  Data: 00 00 00 AA 00 00 00 00 
"
"2016-11-21 14:03:41ID: BC  Data: 00 00 00 AA 00 00 00 00 
"
"2016-11-21 14:03:41ID: BB  Data: 00 00 00 AA 00 00 00 00 
"
"2016-11-21 14:03:41ID: BC  Data: 00 00 00 AA 00 00 00 00 
"
"2016-11-21 14:03:41ID: BB  Data: 00 00 00 AA 00 00 00 00 
"
"2016-11-21 14:03:41ID: BC  Data: 00 00 00 AA 00 00 00 00 
"
"2016-11-21 14:03:41ID: BB  Data: 00 00 00 AA 00 00 00 00 
"
"2016-11-21 14:03:41ID: BC  Data: 00 00 00 AA 00 00 00 00 
"
"2016-11-21 14:03:41ID: BB  Data: 00 00 00 AA 00 00 00 00 
"
"2016-11-21 14:03:41ID: BC  Data: 00 00 00 AA 00 00 00 00 
"
"2016-11-21 14:03:41ID: BB  Data: 00 00 00 AA 00 00 00 00 
"
"2016-11-21 14:03:41ID: BC  Data: 00 00 00 AA 00 00 00 00 
"
"2016-11-21 14:03:41ID: BB  Data: 00 00 00 AA 00 00 00 00 
"
"2016-11-21 14:03:41ID: BC  Data: 00 00 00 AA 00 00 00 00 
"
"2016-11-21 14:03:42ID: BB  Data: 00 00 00 AA 00 00 00 00 
"
"2016-11-21 14:03:42ID: BC  Data: 00 00 00 AA 00 00 00 00 
"
"2016-11-21 14:03:42ID: BB  Data: 00 00 00 AA 00 00 00 00 
"
"2016-11-21 14:03:42ID: BC  Data: 00 00 00 AA 00 00 00 00 
"
"2016-11-21 14:03:42ID: BB  Data: 00 00 00 AA 00 00 00 00 
"
"2016-11-21 14:03:42ID: BC  Data: 00 00 00 AA 00 00 00 00 
"
"2016-11-21 14:03:42ID: BB  Data: 00 00 00 AA 00 00 00 00 
"
"2016-11-21 14:03:42ID: BC  Data: 00 00 00 AA 00 00 00 00 
"
"2016-11-21 14:03:42ID: BB  Data: 00 00 00 AA 00 00 00 00 
"
"2016-11-21 14:03:42ID: BC  Data: 00 00 00 AA 00 00 00 00 
"
"2016-11-21 14:03:42ID: BB  Data: 00 00 00 AA 00 00 00 00 
"
"2016-11-21 14:03:42ID: BC  Data: 00 00 00 AA 00 00 00 00 
"
"2016-11-21 14:03:42ID: BB  Data: 00 00 00 AA 00 00 00 00 
"
"2016-11-21 14:03:42ID: BC  Data: 00 00 00 AA 00 00 00 00 
"
"2016-11-21 14:03:42ID: BB  Data: 00 00 00 AA 00 00 00 00 
"
"2016-11-21 14:03:42ID: BC  Data: 00 00 00 AA 00 00 00 00 
"
"2016-11-21 14:03:42ID: BB  Data: 00 00 00 AA 00 00 00 00 
"
"2016-11-21 14:03:42ID: BC  Data: 00 00 00 AA 00 00 00 00 
"
"2016-11-21 14:03:42ID: BB  Data: 00 00 00 AA 00 00 00 00 
"
"2016-11-21 14:03:42ID: BC  Data: 00 00 00 AA 00 00 00 00 
"
"2016-11-21 14:03:42ID: BB  Data: 00 00 00 AA 00 00 00 00 
"
"2016-11-21 14:03:42ID: BC  Data: 00 00 00 AA 00 00 00 00 
"
"2016-11-21 14:03:43ID: BB  Data: 00 00 00 AA 00 00 00 00 
"
"2016-11-21 14:03:43ID: BC  Data: 00 00 00 AA 00 00 00 00 
"
"2016-11-21 14:03:43ID: BB  Data: 00 00 00 AA 00 00 00 00 
"
"2016-11-21 14:03:43ID: BC  Data: 00 00 00 AA 00 00 00 00 
"
"2016-11-21 14:03:43ID: BB  Data: 00 00 00 AA 00 00 00 00 
"
"2016-11-21 14:03:43ID: BC  Data: 00 00 00 AA 00 00 00 00 
"
"2016-11-21 14:03:43ID: BB  Data: 00 00 00 AA 00 00 00 00 
"
"2016-11-21 14:03:43ID: BC  Data: 00 00 00 AA 00 00 00 00 
"
"2016-11-21 14:03:43ID: BB  Data: 00 00 00 AA 00 00 00 00 
"
"2016-11-21 14:03:43ID: BC  Data: 00 00 00 AA 00 00 00 00 
"
"2016-11-21 14:03:43ID: BB  Data: 00 00 00 AA 00 00 00 00 
"
"2016-11-21 14:03:43ID: BC  Data: 00 00 00 AA 00 00 00 00 
"
"2016-11-21 14:03:43ID: BB  Data: 00 00 00 AA 00 00 00 00 
"
"2016-11-21 14:03:43ID: BC  Data: 00 00 00 AA 00 00 00 00 
"
"2016-11-21 14:03:43ID: BB  Data: 00 00 00 AA 00 00 00 00 
"
"2016-11-21 14:03:43ID: BC  Data: 00 00 00 AA 00 00 00 00 
"
"2016-11-21 14:03:43ID: BB  Data: 00 00 00 AA 00 00 00 00 
"
"2016-11-21 14:03:43ID: BC  Data: 00 00 00 AA 00 00 00 00 
"
"2016-11-21 14:03:43ID: BB  Data: 00 00 00 AA 00 00 00 00 
"
"2016-11-21 14:03:43ID: BC  Data: 00 00 00 AA 00 00 00 00 
"
"2016-11-21 14:03:43ID: BB  Data: 00 00 00 AA 00 00 00 00 
"
"2016-11-21 14:03:43ID: BC  Data: 00 00 00 AA 00 00 00 00 
"
"2016-11-21 14:03:44ID: BB  Data: 00 00 00 AA 00 00 00 00 
"
"2016-11-21 14:03:44ID: BC  Data: 00 00 00 AA 00 00 00 00 
"
"2016-11-21 14:03:44ID: BB  Data: 00 00 00 AA 00 00 00 00 
"
"2016-11-21 14:03:44ID: BC  Data: 00 00 00 AA 00 00 00 00 
"
"2016-11-21 14:03:44ID: BB  Data: 00 00 00 AA 00 00 00 00 
"
"2016-11-21 14:03:44ID: BC  Data: 00 00 00 AA 00 00 00 00 
"
"2016-11-21 14:03:44ID: BB  Data: 00 00 00 AA 00 00 00 00 
"
"2016-11-21 14:03:44ID: BC  Data: 00 00 00 AA 00 00 00 00 
"
"2016-11-21 14:03:44ID: BB  Data: 00 00 00 AA 00 00 00 00 
"
"2016-11-21 14:03:44ID: BC  Data: 00 00 00 AA 00 00 00 00 
"
"2016-11-21 14:03:44ID: BB  Data: 00 00 00 AA 00 00 00 00 
"
"2016-11-21 14:03:44ID: BC  Data: 00 00 00 AA 00 00 00 00 
"
"2016-11-21 14:03:44ID: BB  Data: 00 00 00 AA 00 00 00 00 
"
"2016-11-21 14:03:44ID: BC  Data: 00 00 00 AA 00 00 00 00 
"
"2016-11-21 14:03:44ID: BB  Data: 00 00 00 AA 00 00 00 00 
"
"2016-11-21 14:03:44ID: BC  Data: 00 00 00 AA 00 00 00 00 
"
"2016-11-21 14:03:44ID: BB  Data: 00 00 00 AA 00 00 00 00 
"
"2016-11-21 14:03:44ID: BC  Data: 00 00 00 AA 00 00 00 00 
"
"2016-11-21 14:03:44ID: BB  Data: 00 00 00 AA 00 00 00 00 
"
"2016-11-21 14:03:44ID: BC  Data: 00 00 00 AA 00 00 00 00 
"
"2016-11-21 14:03:44ID: BB  Data: 00 00 00 AA 00 00 00 00 
"
"2016-11-21 14:03:44ID: BC  Data: 00 00 00 AA 00 00 00 00 
"
"2016-11-21 14:03:44ID: BB  Data: 00 00 00 AA 00 00 00 00 
"
"2016-11-21 14:03:44ID: BC  Data: 00 00 00 AA 00 00 00 00 
"
"2016-11-21 14:03:45ID: BB  Data: 00 00 00 AA 00 00 00 00 
"
"2016-11-21 14:03:45ID: BC  Data: 00 00 00 AA 00 00 00 00 
"
"2016-11-21 14:03:45ID: BB  Data: 00 00 00 AA 00 00 00 00 
"
"2016-11-21 14:03:45ID: BC  Data: 00 00 00 AA 00 00 00 00 
"
"2016-11-21 14:03:45ID: BB  Data: 00 00 00 AA 00 00 00 00 
"
"2016-11-21 14:03:45ID: BC  Data: 00 00 00 AA 00 00 00 00 
"
"2016-11-21 14:03:45ID: BB  Data: 00 00 00 AA 00 00 00 00 
"
"2016-11-21 14:03:45ID: BC  Data: 00 00 00 AA 00 00 00 00 
"
"2016-11-21 14:03:45ID: BB  Data: 00 00 00 AA 00 00 00 00 
"
"2016-11-21 14:03:45ID: BC  Data: 00 00 00 AA 00 00 00 00 
"
"2016-11-21 14:03:45ID: BB  Data: 00 00 00 AA 00 00 00 00 
"
"2016-11-21 14:03:45ID: BC  Data: 00 00 00 AA 00 00 00 00 
"
"2016-11-21 14:03:45ID: BB  Data: 00 00 00 AA 00 00 00 00 
"
"2016-11-21 14:03:45ID: BC  Data: 00 00 00 AA 00 00 00 00 
"
"2016-11-21 14:03:45ID: BB  Data: 00 00 00 AA 00 00 00 00 
"
"2016-11-21 14:03:45ID: BC  Data: 00 00 00 AA 00 00 00 00 
"
"2016-11-21 14:03:45ID: BB  Data: 00 00 00 AA 00 00 00 00 
"
"2016-11-21 14:03:45ID: BC  Data: 00 00 00 AA 00 00 00 00 
"
"2016-11-21 14:03:45ID: BB  Data: 00 00 00 AA 00 00 00 00 
"
"2016-11-21 14:03:45ID: BC  Data: 00 00 00 AA 00 00 00 00 
"
"2016-11-21 14:03:45ID: BB  Data: 00 00 00 AA 00 00 00 00 
"
"2016-11-21 14:03:45ID: BC  Data: 00 00 00 AA 00 00 00 00 
"
"2016-11-21 14:03:46ID: BB  Data: 00 00 00 AA 00 00 00 00 
"
"2016-11-21 14:03:46ID: BC  Data: 00 00 00 AA 00 00 00 00 
"
"2016-11-21 14:03:46ID: BB  Data: 00 00 00 AA 00 00 00 00 
"
"2016-11-21 14:03:46ID: BC  Data: 00 00 00 AA 00 00 00 00 
"
"2016-11-21 14:03:46ID: BB  Data: 00 00 00 AA 00 00 00 00 
"
"2016-11-21 14:03:46ID: BC  Data: 00 00 00 AA 00 00 00 00 
"
"2016-11-21 14:03:46ID: BB  Data: 00 00 00 AA 00 00 00 00 
"
"2016-11-21 14:03:46ID: BC  Data: 00 00 00 AA 00 00 00 00 
"
"2016-11-21 14:03:46ID: BB  Data: 00 00 00 AA 00 00 00 00 
"
"2016-11-21 14:03:46ID: BC  Data: 00 00 00 AA 00 00 00 00 
"
"2016-11-21 14:03:46ID: BB  Data: 00 00 00 AA 00 00 00 00 
"
"2016-11-21 14:03:46ID: BC  Data: 00 00 00 AA 00 00 00 00 
"
"2016-11-21 14:03:46ID: BB  Data: 00 00 00 AA 00 00 00 00 
"
"2016-11-21 14:03:46ID: BC  Data: 00 00 00 AA 00 00 00 00 
"
"2016-11-21 14:03:46ID: BB  Data: 00 00 00 AA 00 00 00 00 
"
"2016-11-21 14:03:46ID: BC  Data: 00 00 00 AA 00 00 00 00 
"
"2016-11-21 14:03:46ID: BB  Data: 00 00 00 AA 00 00 00 00 
"
"2016-11-21 14:03:46ID: BC  Data: 00 00 00 AA 00 00 00 00 
"
"2016-11-21 14:03:46ID: BB  Data: 00 00 00 AA 00 00 00 00 
"
"2016-11-21 14:03:46ID: BC  Data: 00 00 00 AA 00 00 00 00 
"
"2016-11-21 14:03:46ID: BB  Data: 00 00 00 AA 00 00 00 00 
"
"2016-11-21 14:03:46ID: BC  Data: 00 00 00 AA 00 00 00 00 
"
"2016-11-21 14:03:46ID: BB  Data: 00 00 00 AA 00 00 00 00 
"
"2016-11-21 14:03:47ID: BC  Data: 00 00 00 AA 00 00 00 00 
"
"2016-11-21 14:03:47ID: BB  Data: 00 00 00 AA 00 00 00 00 
"
"2016-11-21 14:03:47ID: BC  Data: 00 00 00 AA 00 00 00 00 
"
"2016-11-21 14:03:47ID: BB  Data: 00 00 00 AA 00 00 00 00 
"
"2016-11-21 14:03:47ID: BC  Data: 00 00 00 AA 00 00 00 00 
"
"2016-11-21 14:03:47ID: BB  Data: 00 00 00 AA 00 00 00 00 
"
"2016-11-21 14:03:47ID: BC  Data: 00 00 00 AA 00 00 00 00 
"
"2016-11-21 14:03:47ID: BB  Data: 00 00 00 AA 00 00 00 00 
"
"2016-11-21 14:03:47ID: BC  Data: 00 00 00 AA 00 00 00 00 
"
"2016-11-21 14:03:47ID: BB  Data: 00 00 00 AA 00 00 00 00 
"
"2016-11-21 14:03:47ID: BC  Data: 00 00 00 AA 00 00 00 00 
"
"2016-11-21 14:03:47ID: BB  Data: 00 00 00 AA 00 00 00 00 
"
"2016-11-21 14:03:47ID: BC  Data: 00 00 00 AA 00 00 00 00 
"
"2016-11-21 14:03:47ID: BB  Data: 00 00 00 AA 00 00 00 00 
"
"2016-11-21 14:03:47ID: BC  Data: 00 00 00 AA 00 00 00 00 
"
"2016-11-21 14:03:47ID: BB  Data: 00 00 00 AA 00 00 00 00 
"
"2016-11-21 14:03:47ID: BC  Data: 00 00 00 AA 00 00 00 00 
"
"2016-11-21 14:03:47ID: BB  Data: 00 00 00 AA 00 00 00 00 
"
"2016-11-21 14:03:47ID: BC  Data: 00 00 00 AA 00 00 00 00 
"
"2016-11-21 14:03:47ID: BB  Data: 00 00 00 AA 00 00 00 00 
"
"2016-11-21 14:03:47ID: BC  Data: 00 00 00 AA 00 00 00 00 
"
"2016-11-21 14:03:47ID: BB  Data: 00 00 00 AA 00 00 00 00 
"
"2016-11-21 14:03:47ID: BC  Data: 00 00 00 AA 00 00 00 00 
"
"2016-11-21 14:03:48ID: BB  Data: 00 00 00 AA 00 00 00 00 
"
"2016-11-21 14:03:48ID: BC  Data: 00 00 00 AA 00 00 00 00 
"
"2016-11-21 14:03:48ID: BB  Data: 00 00 00 AA 00 00 00 00 
"
"2016-11-21 14:03:48ID: BC  Data: 00 00 00 AA 00 00 00 00 
"
"2016-11-21 14:03:48ID: BB  Data: 00 00 00 AA 00 00 00 00 
"
"2016-11-21 14:03:48ID: BC  Data: 00 00 00 AA 00 00 00 00 
"
"2016-11-21 14:03:48ID: BB  Data: 00 00 00 AA 00 00 00 00 
"
"2016-11-21 14:03:48ID: BC  Data: 00 00 00 AA 00 00 00 00 
"
"2016-11-21 14:03:48ID: BB  Data: 00 00 00 AA 00 00 00 00 
"
"2016-11-21 14:03:48ID: BC  Data: 00 00 00 AA 00 00 00 00 
"
"2016-11-21 14:03:48ID: BB  Data: 00 00 00 AA 00 00 00 00 
"
"2016-11-21 14:03:48ID: BC  Data: 00 00 00 AA 00 00 00 00 
"
"2016-11-21 14:03:48ID: BB  Data: 00 00 00 AA 00 00 00 00 
"
"2016-11-21 14:03:48ID: BC  Data: 00 00 00 AA 00 00 00 00 
"
"2016-11-21 14:03:48ID: BB  Data: 00 00 00 AA 00 00 00 00 
"
"2016-11-21 14:03:48ID: BC  Data: 00 00 00 AA 00 00 00 00 
"
"2016-11-21 14:03:48ID: BB  Data: 00 00 00 AA 00 00 00 00 
"
"2016-11-21 14:03:48ID: BC  Data: 00 00 00 AA 00 00 00 00 
"
"2016-11-21 14:03:48ID: BB  Data: 00 00 00 AA 00 00 00 00 
"
"2016-11-21 14:03:48ID: BC  Data: 00 00 00 AA 00 00 00 00 
"
"2016-11-21 14:03:48ID: BB  Data: 00 00 00 AA 00 00 00 00 
"
"2016-11-21 14:03:48ID: BC  Data: 00 00 00 AA 00 00 00 00 
"
"2016-11-21 14:03:49ID: BB  Data: 00 00 00 AA 00 00 00 00 
"
"2016-11-21 14:03:49ID: BC  Data: 00 00 00 AA 00 00 00 00 
"
"2016-11-21 14:03:49ID: BB  Data: 00 00 00 AA 00 00 00 00 
"
"2016-11-21 14:03:49ID: BC  Data: 00 00 00 AA 00 00 00 00 
"
"2016-11-21 14:03:49ID: BB  Data: 00 00 00 AA 00 00 00 00 
"
"2016-11-21 14:03:49ID: BC  Data: 00 00 00 AA 00 00 00 00 
"
"2016-11-21 14:03:49ID: BB  Data: 00 00 00 AA 00 00 00 00 
"
"2016-11-21 14:03:49ID: BC  Data: 00 00 00 AA 00 00 00 00 
"
"2016-11-21 14:03:49ID: BB  Data: 00 00 00 AA 00 00 00 00 
"
"2016-11-21 14:03:49ID: BC  Data: 00 00 00 AA 00 00 00 00 
"
"2016-11-21 14:03:49ID: BB  Data: 00 00 00 AA 00 00 00 00 
"
"2016-11-21 14:03:49ID: BC  Data: 00 00 00 AA 00 00 00 00 
"
"2016-11-21 14:03:49ID: BB  Data: 00 00 00 AA 00 00 00 00 
"
"2016-11-21 14:03:49ID: BC  Data: 00 00 00 AA 00 00 00 00 
"
"2016-11-21 14:03:49ID: BB  Data: 00 00 00 AA 00 00 00 00 
"
"2016-11-21 14:03:49ID: BC  Data: 00 00 00 AA 00 00 00 00 
"
"2016-11-21 14:03:49ID: BB  Data: 00 00 00 AA 00 00 00 00 
"
"2016-11-21 14:03:49ID: BC  Data: 00 00 00 AA 00 00 00 00 
"
"2016-11-21 14:03:49ID: BB  Data: 00 00 00 AA 00 00 00 00 
"
"2016-11-21 14:03:49ID: BC  Data: 00 00 00 AA 00 00 00 00 
"
"2016-11-21 14:03:49ID: BB  Data: 00 00 00 AA 00 00 00 00 
"
"2016-11-21 14:03:49ID: BC  Data: 00 00 00 AA 00 00 00 00 
"
"2016-11-21 14:03:49ID: BB  Data: 00 00 00 AA 00 00 00 00 
"
"2016-11-21 14:03:49ID: BC  Data: 00 00 00 AA 00 00 00 00 
"
"2016-11-21 14:03:50ID: BB  Data: 00 00 00 AA 00 00 00 00 
"
"2016-11-21 14:03:50ID: BC  Data: 00 00 00 AA 00 00 00 00 
"
"2016-11-21 14:03:50ID: BB  Data: 00 00 00 AA 00 00 00 00 
"
"2016-11-21 14:03:50ID: BC  Data: 00 00 00 AA 00 00 00 00 
"
"2016-11-21 14:03:50ID: BB  Data: 00 00 00 AA 00 00 00 00 
"
"2016-11-21 14:03:50ID: BC  Data: 00 00 00 AA 00 00 00 00 
"
"2016-11-21 14:03:50ID: BB  Data: 00 00 00 AA 00 00 00 00 
"
"2016-11-21 14:03:50ID: BC  Data: 00 00 00 AA 00 00 00 00 
"
"2016-11-21 14:03:50ID: BB  Data: 00 00 00 AA 00 00 00 00 
"
"2016-11-21 14:03:50ID: BC  Data: 00 00 00 AA 00 00 00 00 
"
"2016-11-21 14:03:50ID: BB  Data: 00 00 00 AA 00 00 00 00 
"
"2016-11-21 14:03:50ID: BC  Data: 00 00 00 AA 00 00 00 00 
"
"2016-11-21 14:03:50ID: BB  Data: 00 00 00 AA 00 00 00 00 
"
"2016-11-21 14:03:50ID: BC  Data: 00 00 00 AA 00 00 00 00 
"
"2016-11-21 14:03:50ID: BB  Data: 00 00 00 AA 00 00 00 00 
"
"2016-11-21 14:03:50ID: BC  Data: 00 00 00 AA 00 00 00 00 
"
"2016-11-21 14:03:50ID: BB  Data: 00 00 00 AA 00 00 00 00 
"
"2016-11-21 14:03:50ID: BC  Data: 00 00 00 AA 00 00 00 00 
"
"2016-11-21 14:03:50ID: BB  Data: 00 00 00 AA 00 00 00 00 
"
"2016-11-21 14:03:50ID: BC  Data: 00 00 00 AA 00 00 00 00 
"
"2016-11-21 14:03:50ID: BB  Data: 00 00 00 AA 00 00 00 00 
"
"2016-11-21 14:03:50ID: BC  Data: 00 00 00 AA 00 00 00 00 
"
"2016-11-21 14:03:51ID: BB  Data: 00 00 00 AA 00 00 00 00 
"
"2016-11-21 14:03:51ID: BC  Data: 00 00 00 AA 00 00 00 00 
"
"2016-11-21 14:03:51ID: BB  Data: 00 00 00 AA 00 00 00 00 
"
"2016-11-21 14:03:51ID: BC  Data: 00 00 00 AA 00 00 00 00 
"
"2016-11-21 14:03:51ID: BB  Data: 00 00 00 AA 00 00 00 00 
"
"2016-11-21 14:03:51ID: BC  Data: 00 00 00 AA 00 00 00 00 
"
"2016-11-21 14:03:51ID: BB  Data: 00 00 00 AA 00 00 00 00 
"
"2016-11-21 14:03:51ID: BC  Data: 00 00 00 AA 00 00 00 00 
"
"2016-11-21 14:03:51ID: BB  Data: 00 00 00 AA 00 00 00 00 
"
"2016-11-21 14:03:51ID: BC  Data: 00 00 00 AA 00 00 00 00 
"
"2016-11-21 14:03:51ID: BB  Data: 00 00 00 AA 00 00 00 00 
"
"2016-11-21 14:03:51ID: BC  Data: 00 00 00 AA 00 00 00 00 
"
"2016-11-21 14:03:51ID: BB  Data: 00 00 00 AA 00 00 00 00 
"
"2016-11-21 14:03:51ID: BC  Data: 00 00 00 AA 00 00 00 00 
"
"2016-11-21 14:03:51ID: BB  Data: 00 00 00 AA 00 00 00 00 
"
"2016-11-21 14:03:51ID: BC  Data: 00 00 00 AA 00 00 00 00 
"
"2016-11-21 14:03:51ID: BB  Data: 00 00 00 AA 00 00 00 00 
"
"2016-11-21 14:03:51ID: BC  Data: 00 00 00 AA 00 00 00 00 
"
"2016-11-21 14:03:51ID: BB  Data: 00 00 00 AA 00 00 00 00 
"
"2016-11-21 14:03:51ID: BC  Data: 00 00 00 AA 00 00 00 00 
"
"2016-11-21 14:03:51ID: BB  Data: 00 00 00 AA 00 00 00 00 
"
"2016-11-21 14:03:51ID: BC  Data: 00 00 00 AA 00 00 00 00 
"
"2016-11-21 14:03:52ID: BB  Data: 00 00 00 AA 00 00 00 00 
"
"2016-11-21 14:03:52ID: BC  Data: 00 00 00 AA 00 00 00 00 
"
"2016-11-21 14:03:52ID: BB  Data: 00 00 00 AA 00 00 00 00 
"
"2016-11-21 14:03:52ID: BC  Data: 00 00 00 AA 00 00 00 00 
"
"2016-11-21 14:03:52ID: BB  Data: 00 00 00 AA 00 00 00 00 
"
"2016-11-21 14:03:52ID: BC  Data: 00 00 00 AA 00 00 00 00 
"
"2016-11-21 14:03:52ID: BB  Data: 00 00 00 AA 00 00 00 00 
"
"2016-11-21 14:03:52ID: BC  Data: 00 00 00 AA 00 00 00 00 
"
"2016-11-21 14:03:52ID: BB  Data: 00 00 00 AA 00 00 00 00 
"
"2016-11-21 14:03:52ID: BC  Data: 00 00 00 AA 00 00 00 00 
"
"2016-11-21 14:03:52ID: BB  Data: 00 00 00 AA 00 00 00 00 
"
"2016-11-21 14:03:52ID: BC  Data: 00 00 00 AA 00 00 00 00 
"
"2016-11-21 14:03:52ID: BB  Data: 00 00 00 AA 00 00 00 00 
"
"2016-11-21 14:03:52ID: BC  Data: 00 00 00 AA 00 00 00 00 
"
"2016-11-21 14:03:52ID: BB  Data: 00 00 00 AA 00 00 00 00 
"
"2016-11-21 14:03:52ID: BC  Data: 00 00 00 AA 00 00 00 00 
"
"2016-11-21 14:03:52ID: BB  Data: 00 00 00 AA 00 00 00 00 
"
"2016-11-21 14:03:52ID: BC  Data: 00 00 00 AA 00 00 00 00 
"
"2016-11-21 14:03:52ID: BB  Data: 00 00 00 AA 00 00 00 00 
"
"2016-11-21 14:03:52ID: BC  Data: 00 00 00 AA 00 00 00 00 
"
"2016-11-21 14:03:52ID: BB  Data: 00 00 00 AA 00 00 00 00 
"
"2016-11-21 14:03:52ID: BC  Data: 00 00 00 AA 00 00 00 00 
"
"2016-11-21 14:03:52ID: BB  Data: 00 00 00 AA 00 00 00 00 
"
"2016-11-21 14:03:52ID: BC  Data: 00 00 00 AA 00 00 00 00 
"
"2016-11-21 14:03:53ID: BB  Data: 00 00 00 AA 00 00 00 00 
"
"2016-11-21 14:03:53ID: BC  Data: 00 00 00 AA 00 00 00 00 
"
"2016-11-21 14:03:53ID: BB  Data: 00 00 00 AA 00 00 00 00 
"
"2016-11-21 14:03:53ID: BC  Data: 00 00 00 AA 00 00 00 00 
"
"2016-11-21 14:03:53ID: BB  Data: 00 00 00 AA 00 00 00 00 
"
"2016-11-21 14:03:53ID: BC  Data: 00 00 00 AA 00 00 00 00 
"
"2016-11-21 14:03:53ID: BB  Data: 00 00 00 AA 00 00 00 00 
"
"2016-11-21 14:03:53ID: BC  Data: 00 00 00 AA 00 00 00 00 
"
"2016-11-21 14:03:53ID: BB  Data: 00 00 00 AA 00 00 00 00 
"
"2016-11-21 14:03:53ID: BC  Data: 00 00 00 AA 00 00 00 00 
"
"2016-11-21 14:03:53ID: BB  Data: 00 00 00 AA 00 00 00 00 
"
"2016-11-21 14:03:53ID: BC  Data: 00 00 00 AA 00 00 00 00 
"
"2016-11-21 14:03:53ID: BB  Data: 00 00 00 AA 00 00 00 00 
"
"2016-11-21 14:03:53ID: BC  Data: 00 00 00 AA 00 00 00 00 
"
"2016-11-21 14:03:53ID: BB  Data: 00 00 00 AA 00 00 00 00 
"
"2016-11-21 14:03:53ID: BC  Data: 00 00 00 AA 00 00 00 00 
"
"2016-11-21 14:03:53ID: BB  Data: 00 00 00 AA 00 00 00 00 
"
"2016-11-21 14:03:53ID: BC  Data: 00 00 00 AA 00 00 00 00 
"
"2016-11-21 14:03:53ID: BB  Data: 00 00 00 AA 00 00 00 00 
"
"2016-11-21 14:03:53ID: BC  Data: 00 00 00 AA 00 00 00 00 
"
"2016-11-21 14:03:53ID: BB  Data: 00 00 00 AA 00 00 00 00 
"
"2016-11-21 14:03:53ID: BC  Data: 00 00 00 AA 00 00 00 00 
"
"2016-11-21 14:03:54ID: BB  Data: 00 00 00 AA 00 00 00 00 
"
"2016-11-21 14:03:54ID: BC  Data: 00 00 00 AA 00 00 00 00 
"
"2016-11-21 14:03:54ID: BB  Data: 00 00 00 AA 00 00 00 00 
"
"2016-11-21 14:03:54ID: BC  Data: 00 00 00 AA 00 00 00 00 
"
"2016-11-21 14:03:54ID: BB  Data: 00 00 00 AA 00 00 00 00 
"
"2016-11-21 14:03:54ID: BC  Data: 00 00 00 AA 00 00 00 00 
"
"2016-11-21 14:03:54ID: BB  Data: 00 00 00 AA 00 00 00 00 
"
"2016-11-21 14:03:54ID: BC  Data: 00 00 00 AA 00 00 00 00 
"
"2016-11-21 14:03:54ID: BB  Data: 00 00 00 AA 00 00 00 00 
"
"2016-11-21 14:03:54ID: BC  Data: 00 00 00 AA 00 00 00 00 
"
"2016-11-21 14:03:54ID: BB  Data: 00 00 00 AA 00 00 00 00 
"
"2016-11-21 14:03:54ID: BC  Data: 00 00 00 AA 00 00 00 00 
"
"2016-11-21 14:03:54ID: BB  Data: 00 00 00 AA 00 00 00 00 
"
"2016-11-21 14:03:54ID: BC  Data: 00 00 00 AA 00 00 00 00 
"
"2016-11-21 14:03:54ID: BB  Data: 00 00 00 AA 00 00 00 00 
"
"2016-11-21 14:03:54ID: BC  Data: 00 00 00 AA 00 00 00 00 
"
"2016-11-21 14:03:54ID: BB  Data: 00 00 00 AA 00 00 00 00 
"
"2016-11-21 14:03:54ID: BC  Data: 00 00 00 AA 00 00 00 00 
"
"2016-11-21 14:03:54ID: BB  Data: 00 00 00 AA 00 00 00 00 
"
"2016-11-21 14:03:54ID: BC  Data: 00 00 00 AA 00 00 00 00 
"
"2016-11-21 14:03:54ID: BB  Data: 00 00 00 AA 00 00 00 00 
"
"2016-11-21 14:03:54ID: BC  Data: 00 00 00 AA 00 00 00 00 
"
"2016-11-21 14:03:54ID: BB  Data: 00 00 00 AA 00 00 00 00 
"
"2016-11-21 14:03:55ID: BC  Data: 00 00 00 AA 00 00 00 00 
"
"2016-11-21 14:03:55ID: BB  Data: 00 00 00 AA 00 00 00 00 
"
"2016-11-21 14:03:55ID: BC  Data: 00 00 00 AA 00 00 00 00 
"
"2016-11-21 14:03:55ID: BB  Data: 00 00 00 AA 00 00 00 00 
"
"2016-11-21 14:03:55ID: BC  Data: 00 00 00 AA 00 00 00 00 
"
"2016-11-21 14:03:55ID: BB  Data: 00 00 00 AA 00 00 00 00 
"
"2016-11-21 14:03:55ID: BC  Data: 00 00 00 AA 00 00 00 00 
"
"2016-11-21 14:03:55ID: BB  Data: 00 00 00 AA 00 00 00 00 
"
"2016-11-21 14:03:55ID: BC  Data: 00 00 00 AA 00 00 00 00 
"
"2016-11-21 14:03:55ID: BB  Data: 00 00 00 AA 00 00 00 00 
"
"2016-11-21 14:03:55ID: BC  Data: 00 00 00 AA 00 00 00 00 
"
"2016-11-21 14:03:55ID: BB  Data: 00 00 00 AA 00 00 00 00 
"
"2016-11-21 14:03:55ID: BC  Data: 00 00 00 AA 00 00 00 00 
"
"2016-11-21 14:03:55ID: BB  Data: 00 00 00 AA 00 00 00 00 
"
"2016-11-21 14:03:55ID: BC  Data: 00 00 00 AA 00 00 00 00 
"
"2016-11-21 14:03:55ID: BB  Data: 00 00 00 AA 00 00 00 00 
"
"2016-11-21 14:03:55ID: BC  Data: 00 00 00 AA 00 00 00 00 
"
"2016-11-21 14:03:55ID: BB  Data: 00 00 00 AA 00 00 00 00 
"
"2016-11-21 14:03:55ID: BC  Data: 00 00 00 AA 00 00 00 00 
"
"2016-11-21 14:03:55ID: BB  Data: 00 00 00 AA 00 00 00 00 
"
"2016-11-21 14:03:55ID: BC  Data: 00 00 00 AA 00 00 00 00 
"
"2016-11-21 14:03:55ID: BB  Data: 00 00 00 AA 00 00 00 00 
"
"2016-11-21 14:03:55ID: BC  Data: 00 00 00 AA 00 00 00 00 
"
"2016-11-21 14:03:56ID: BB  Data: 00 00 00 AA 00 00 00 00 
"
"2016-11-21 14:03:56ID: BC  Data: 00 00 00 AA 00 00 00 00 
"
"2016-11-21 14:03:56ID: BB  Data: 00 00 00 AA 00 00 00 00 
"
"2016-11-21 14:03:56ID: BC  Data: 00 00 00 AA 00 00 00 00 
"
"2016-11-21 14:03:56ID: BB  Data: 00 00 00 AA 00 00 00 00 
"
"2016-11-21 14:03:56ID: BC  Data: 00 00 00 AA 00 00 00 00 
"
"2016-11-21 14:03:56ID: BB  Data: 00 00 00 AA 00 00 00 00 
"
"2016-11-21 14:03:56ID: BC  Data: 00 00 00 AA 00 00 00 00 
"
"2016-11-21 14:03:56ID: BB  Data: 00 00 00 AA 00 00 00 00 
"
"2016-11-21 14:03:56ID: BC  Data: 00 00 00 AA 00 00 00 00 
"
"2016-11-21 14:03:56ID: BB  Data: 00 00 00 AA 00 00 00 00 
"
"2016-11-21 14:03:56ID: BC  Data: 00 00 00 AA 00 00 00 00 
"
"2016-11-21 14:03:56ID: BB  Data: 00 00 00 AA 00 00 00 00 
"
"2016-11-21 14:03:56ID: BC  Data: 00 00 00 AA 00 00 00 00 
"
"2016-11-21 14:03:56ID: BB  Data: 00 00 00 AA 00 00 00 00 
"
"2016-11-21 14:03:56ID: BC  Data: 00 00 00 AA 00 00 00 00 
"
"2016-11-21 14:03:56ID: BB  Data: 00 00 00 AA 00 00 00 00 
"
"2016-11-21 14:03:56ID: BC  Data: 00 00 00 AA 00 00 00 00 
"
"2016-11-21 14:03:56ID: BB  Data: 00 00 00 AA 00 00 00 00 
"
"2016-11-21 14:03:56ID: BC  Data: 00 00 00 AA 00 00 00 00 
"
"2016-11-21 14:03:56ID: BB  Data: 00 00 00 AA 00 00 00 00 
"
"2016-11-21 14:03:56ID: BC  Data: 00 00 00 AA 00 00 00 00 
"
"2016-11-21 14:03:57ID: BB  Data: 00 00 00 AA 00 00 00 00 
"
"2016-11-21 14:03:57ID: BC  Data: 00 00 00 AA 00 00 00 00 
"
"2016-11-21 14:03:57ID: BB  Data: 00 00 00 AA 00 00 00 00 
"
"2016-11-21 14:03:57ID: BC  Data: 00 00 00 AA 00 00 00 00 
"
"2016-11-21 14:03:57ID: BB  Data: 00 00 00 AA 00 00 00 00 
"
"2016-11-21 14:03:57ID: BC  Data: 00 00 00 AA 00 00 00 00 
"
"2016-11-21 14:03:57ID: BB  Data: 00 00 00 AA 00 00 00 00 
"
"2016-11-21 14:03:57ID: BC  Data: 00 00 00 AA 00 00 00 00 
"
"2016-11-21 14:03:57ID: BB  Data: 00 00 00 AA 00 00 00 00 
"
"2016-11-21 14:03:57ID: BC  Data: 00 00 00 AA 00 00 00 00 
"
"2016-11-21 14:03:57ID: BB  Data: 00 00 00 AA 00 00 00 00 
"
"2016-11-21 14:03:57ID: BC  Data: 00 00 00 AA 00 00 00 00 
"
"2016-11-21 14:03:57ID: BB  Data: 00 00 00 AA 00 00 00 00 
"
"2016-11-21 14:03:57ID: BC  Data: 00 00 00 AA 00 00 00 00 
"
"2016-11-21 14:03:57ID: BB  Data: 00 00 00 AA 00 00 00 00 
"
"2016-11-21 14:03:57ID: BC  Data: 00 00 00 AA 00 00 00 00 
"
"2016-11-21 14:03:57ID: BB  Data: 00 00 00 AA 00 00 00 00 
"
"2016-11-21 14:03:57ID: BC  Data: 00 00 00 AA 00 00 00 00 
"
"2016-11-21 14:03:57ID: BB  Data: 00 00 00 AA 00 00 00 00 
"
"2016-11-21 14:03:57ID: BC  Data: 00 00 00 AA 00 00 00 00 
"
"2016-11-21 14:03:57ID: BB  Data: 00 00 00 AA 00 00 00 00 
"
"2016-11-21 14:03:57ID: BC  Data: 00 00 00 AA 00 00 00 00 
"
"2016-11-21 14:03:57ID: BB  Data: 00 00 00 AA 00 00 00 00 
"
"2016-11-21 14:03:57ID: BC  Data: 00 00 00 AA 00 00 00 00 
"
"2016-11-21 14:03:58ID: BB  Data: 00 00 00 AA 00 00 00 00 
"
"2016-11-21 14:03:58ID: BC  Data: 00 00 00 AA 00 00 00 00 
"
"2016-11-21 14:03:58ID: BB  Data: 00 00 00 AA 00 00 00 00 
"
"2016-11-21 14:03:58ID: BC  Data: 00 00 00 AA 00 00 00 00 
"
"2016-11-21 14:03:58ID: BB  Data: 00 00 00 AA 00 00 00 00 
"
"2016-11-21 14:03:58ID: BC  Data: 00 00 00 AA 00 00 00 00 
"
"2016-11-21 14:03:58ID: BB  Data: 00 00 00 AA 00 00 00 00 
"
"2016-11-21 14:03:58ID: BC  Data: 00 00 00 AA 00 00 00 00 
"
"2016-11-21 14:03:58ID: BB  Data: 00 00 00 AA 00 00 00 00 
"
"2016-11-21 14:03:58ID: BC  Data: 00 00 00 AA 00 00 00 00 
"
"2016-11-21 14:03:58ID: BB  Data: 00 00 00 AA 00 00 00 00 
"
"2016-11-21 14:03:58ID: BC  Data: 00 00 00 AA 00 00 00 00 
"
"2016-11-21 14:03:58ID: BB  Data: 00 00 00 AA 00 00 00 00 
"
"2016-11-21 14:03:58ID: BC  Data: 00 00 00 AA 00 00 00 00 
"
"2016-11-21 14:03:58ID: BB  Data: 00 00 00 AA 00 00 00 00 
"
"2016-11-21 14:03:58ID: BC  Data: 00 00 00 AA 00 00 00 00 
"
"2016-11-21 14:03:58ID: BB  Data: 00 00 00 AA 00 00 00 00 
"
"2016-11-21 14:03:58ID: BC  Data: 00 00 00 AA 00 00 00 00 
"
"2016-11-21 14:03:58ID: BB  Data: 00 00 00 AA 00 00 00 00 
"
"2016-11-21 14:03:58ID: BC  Data: 00 00 00 AA 00 00 00 00 
"
"2016-11-21 14:03:58ID: BB  Data: 00 00 00 AA 00 00 00 00 
"
"2016-11-21 14:03:58ID: BC  Data: 00 00 00 AA 00 00 00 00 
"
"2016-11-21 14:03:59ID: BB  Data: 00 00 00 AA 00 00 00 00 
"
"2016-11-21 14:03:59ID: BC  Data: 00 00 00 AA 00 00 00 00 
"
"2016-11-21 14:03:59ID: BB  Data: 00 00 00 AA 00 00 00 00 
"
"2016-11-21 14:03:59ID: BC  Data: 00 00 00 AA 00 00 00 00 
"
"2016-11-21 14:03:59ID: BB  Data: 00 00 00 AA 00 00 00 00 
"
"2016-11-21 14:03:59ID: BC  Data: 00 00 00 AA 00 00 00 00 
"
"2016-11-21 14:03:59ID: BB  Data: 00 00 00 AA 00 00 00 00 
"
"2016-11-21 14:03:59ID: BC  Data: 00 00 00 AA 00 00 00 00 
"
"2016-11-21 14:03:59ID: BB  Data: 00 00 00 AA 00 00 00 00 
"
"2016-11-21 14:03:59ID: BC  Data: 00 00 00 AA 00 00 00 00 
"
"2016-11-21 14:03:59ID: BB  Data: 00 00 00 AA 00 00 00 00 
"
"2016-11-21 14:03:59ID: BC  Data: 00 00 00 AA 00 00 00 00 
"
"2016-11-21 14:03:59ID: BB  Data: 00 00 00 AA 00 00 00 00 
"
"2016-11-21 14:03:59ID: BC  Data: 00 00 00 AA 00 00 00 00 
"
"2016-11-21 14:03:59ID: BB  Data: 00 00 00 AA 00 00 00 00 
"
"2016-11-21 14:03:59ID: BC  Data: 00 00 00 AA 00 00 00 00 
"
"2016-11-21 14:03:59ID: BB  Data: 00 00 00 AA 00 00 00 00 
"
"2016-11-21 14:03:59ID: BC  Data: 00 00 00 AA 00 00 00 00 
"
"2016-11-21 14:03:59ID: BB  Data: 00 00 00 AA 00 00 00 00 
"
"2016-11-21 14:03:59ID: BC  Data: 00 00 00 AA 00 00 00 00 
"
"2016-11-21 14:03:59ID: BB  Data: 00 00 00 AA 00 00 00 00 
"
"2016-11-21 14:03:59ID: BC  Data: 00 00 00 AA 00 00 00 00 
"
"2016-11-21 14:04:00ID: BB  Data: 00 00 00 AA 00 00 00 00 
"
"2016-11-21 14:04:00ID: BC  Data: 00 00 00 AA 00 00 00 00 
"
"2016-11-21 14:04:00ID: BB  Data: 00 00 00 AA 00 00 00 00 
"
"2016-11-21 14:04:00ID: BC  Data: 00 00 00 AA 00 00 00 00 
"
"2016-11-21 14:04:00ID: BB  Data: 00 00 00 AA 00 00 00 00 
"
"2016-11-21 14:04:00ID: BC  Data: 00 00 00 AA 00 00 00 00 
"
"2016-11-21 14:04:00ID: BB  Data: 00 00 00 AA 00 00 00 00 
"
"2016-11-21 14:04:00ID: BC  Data: 00 00 00 AA 00 00 00 00 
"
"2016-11-21 14:04:00ID: BB  Data: 00 00 00 AA 00 00 00 00 
"
"2016-11-21 14:04:00ID: BC  Data: 00 00 00 AA 00 00 00 00 
"
"2016-11-21 14:04:00ID: BB  Data: 00 00 00 AA 00 00 00 00 
"
"2016-11-21 14:04:00ID: BC  Data: 00 00 00 AA 00 00 00 00 
"
"2016-11-21 14:04:00ID: BB  Data: 00 00 00 AA 00 00 00 00 
"
"2016-11-21 14:04:00ID: BC  Data: 00 00 00 AA 00 00 00 00 
"
"2016-11-21 14:04:00ID: BB  Data: 00 00 00 AA 00 00 00 00 
"
"2016-11-21 14:04:00ID: BC  Data: 00 00 00 AA 00 00 00 00 
"
"2016-11-21 14:04:00ID: BB  Data: 00 00 00 AA 00 00 00 00 
"
"2016-11-21 14:04:00ID: BC  Data: 00 00 00 AA 00 00 00 00 
"
"2016-11-21 14:04:00ID: BB  Data: 00 00 00 AA 00 00 00 00 
"
"2016-11-21 14:04:00ID: BC  Data: 00 00 00 AA 00 00 00 00 
"
"2016-11-21 14:04:00ID: BB  Data: 00 00 00 AA 00 00 00 00 
"
"2016-11-21 14:04:00ID: BC  Data: 00 00 00 AA 00 00 00 00 
"
"2016-11-21 14:04:00ID: BB  Data: 00 00 00 AA 00 00 00 00 
"
"2016-11-21 14:04:00ID: BC  Data: 00 00 00 AA 00 00 00 00 
"
"2016-11-21 14:04:01ID: BB  Data: 00 00 00 AA 00 00 00 00 
"
"2016-11-21 14:04:01ID: BC  Data: 00 00 00 AA 00 00 00 00 
"
"2016-11-21 14:04:01ID: BB  Data: 00 00 00 AA 00 00 00 00 
"
"2016-11-21 14:04:01ID: BC  Data: 00 00 00 AA 00 00 00 00 
"
"2016-11-21 14:04:01ID: BB  Data: 00 00 00 AA 00 00 00 00 
"
"2016-11-21 14:04:01ID: BC  Data: 00 00 00 AA 00 00 00 00 
"
"2016-11-21 14:04:01ID: BB  Data: 00 00 00 AA 00 00 00 00 
"
"2016-11-21 14:04:01ID: BC  Data: 00 00 00 AA 00 00 00 00 
"
"2016-11-21 14:04:01ID: BB  Data: 00 00 00 AA 00 00 00 00 
"
"2016-11-21 14:04:01ID: BC  Data: 00 00 00 AA 00 00 00 00 
"
"2016-11-21 14:04:01ID: BB  Data: 00 00 00 AA 00 00 00 00 
"
"2016-11-21 14:04:01ID: BC  Data: 00 00 00 AA 00 00 00 00 
"
"2016-11-21 14:04:01ID: BB  Data: 00 00 00 AA 00 00 00 00 
"
"2016-11-21 14:04:01ID: BC  Data: 00 00 00 AA 00 00 00 00 
"
"2016-11-21 14:04:01ID: BB  Data: 00 00 00 AA 00 00 00 00 
"
"2016-11-21 14:04:01ID: BC  Data: 00 00 00 AA 00 00 00 00 
"
"2016-11-21 14:04:01ID: BB  Data: 00 00 00 AA 00 00 00 00 
"
"2016-11-21 14:04:01ID: BC  Data: 00 00 00 AA 00 00 00 00 
"
"2016-11-21 14:04:01ID: BB  Data: 00 00 00 AA 00 00 00 00 
"
"2016-11-21 14:04:01ID: BC  Data: 00 00 00 AA 00 00 00 00 
"
"2016-11-21 14:04:01ID: BB  Data: 00 00 00 AA 00 00 00 00 
"
"2016-11-21 14:04:01ID: BC  Data: 00 00 00 AA 00 00 00 00 
"
"2016-11-21 14:04:02ID: BB  Data: 00 00 00 AA 00 00 00 00 
"
"2016-11-21 14:04:02ID: BC  Data: 00 00 00 AA 00 00 00 00 
"
"2016-11-21 14:04:02ID: BB  Data: 00 00 00 AA 00 00 00 00 
"
"2016-11-21 14:04:02ID: BC  Data: 00 00 00 AA 00 00 00 00 
"
"2016-11-21 14:04:02ID: BB  Data: 00 00 00 AA 00 00 00 00 
"
"2016-11-21 14:04:02ID: BC  Data: 00 00 00 AA 00 00 00 00 
"
"2016-11-21 14:04:02ID: BB  Data: 00 00 00 AA 00 00 00 00 
"
"2016-11-21 14:04:02ID: BC  Data: 00 00 00 AA 00 00 00 00 
"
"2016-11-21 14:04:02ID: BB  Data: 00 00 00 AA 00 00 00 00 
"
"2016-11-21 14:04:02ID: BC  Data: 00 00 00 AA 00 00 00 00 
"
"2016-11-21 14:04:02ID: BB  Data: 00 00 00 AA 00 00 00 00 
"
"2016-11-21 14:04:02ID: BC  Data: 00 00 00 AA 00 00 00 00 
"
"2016-11-21 14:04:02ID: BB  Data: 00 00 00 AA 00 00 00 00 
"
"2016-11-21 14:04:02ID: BC  Data: 00 00 00 AA 00 00 00 00 
"
"2016-11-21 14:04:02ID: BB  Data: 00 00 00 AA 00 00 00 00 
"
"2016-11-21 14:04:02ID: BC  Data: 00 00 00 AA 00 00 00 00 
"
"2016-11-21 14:04:02ID: BB  Data: 00 00 00 AA 00 00 00 00 
"
"2016-11-21 14:04:02ID: BC  Data: 00 00 00 AA 00 00 00 00 
"
"2016-11-21 14:04:02ID: BB  Data: 00 00 00 AA 00 00 00 00 
"
"2016-11-21 14:04:02ID: BC  Data: 00 00 00 AA 00 00 00 00 
"
"2016-11-21 14:04:02ID: BB  Data: 00 00 00 AA 00 00 00 00 
"
"2016-11-21 14:04:02ID: BC  Data: 00 00 00 AA 00 00 00 00 
"
"2016-11-21 14:04:02ID: BB  Data: 00 00 00 AA 00 00 00 00 
"
"2016-11-21 14:04:03ID: BC  Data: 00 00 00 AA 00 00 00 00 
"
"2016-11-21 14:04:03ID: BB  Data: 00 00 00 AA 00 00 00 00 
"
"2016-11-21 14:04:03ID: BC  Data: 00 00 00 AA 00 00 00 00 
"
"2016-11-21 14:04:03ID: BB  Data: 00 00 00 AA 00 00 00 00 
"
"2016-11-21 14:04:03ID: BC  Data: 00 00 00 AA 00 00 00 00 
"
"2016-11-21 14:04:03ID: BB  Data: 00 00 00 AA 00 00 00 00 
"
"2016-11-21 14:04:03ID: BC  Data: 00 00 00 AA 00 00 00 00 
"
"2016-11-21 14:04:03ID: BB  Data: 00 00 00 AA 00 00 00 00 
"
"2016-11-21 14:04:03ID: BC  Data: 00 00 00 AA 00 00 00 00 
"
"2016-11-21 14:04:03ID: BB  Data: 00 00 00 AA 00 00 00 00 
"
"2016-11-21 14:04:03ID: BC  Data: 00 00 00 AA 00 00 00 00 
"
"2016-11-21 14:04:03ID: BB  Data: 00 00 00 AA 00 00 00 00 
"
"2016-11-21 14:04:03ID: BC  Data: 00 00 00 AA 00 00 00 00 
"
"2016-11-21 14:04:03ID: BB  Data: 00 00 00 AA 00 00 00 00 
"
"2016-11-21 14:04:03ID: BC  Data: 00 00 00 AA 00 00 00 00 
"
"2016-11-21 14:04:03ID: BB  Data: 00 00 00 AA 00 00 00 00 
"
"2016-11-21 14:04:03ID: BC  Data: 00 00 00 AA 00 00 00 00 
"
"2016-11-21 14:04:03ID: BB  Data: 00 00 00 AA 00 00 00 00 
"
"2016-11-21 14:04:03ID: BC  Data: 00 00 00 AA 00 00 00 00 
"
"2016-11-21 14:04:03ID: BB  Data: 00 00 00 AA 00 00 00 00 
"
"2016-11-21 14:04:03ID: BC  Data: 00 00 00 AA 00 00 00 00 
"
"2016-11-21 14:04:03ID: BB  Data: 00 00 00 AA 00 00 00 00 
"
"2016-11-21 14:04:03ID: BC  Data: 00 00 00 AA 00 00 00 00 
"
"2016-11-21 14:04:04ID: BB  Data: 00 00 00 AA 00 00 00 00 
"
"2016-11-21 14:04:04ID: BC  Data: 00 00 00 AA 00 00 00 00 
"
"2016-11-21 14:04:04ID: BB  Data: 00 00 00 AA 00 00 00 00 
"
"2016-11-21 14:04:04ID: BC  Data: 00 00 00 AA 00 00 00 00 
"
"2016-11-21 14:04:04ID: BB  Data: 00 00 00 AA 00 00 00 00 
"
"2016-11-21 14:04:04ID: BC  Data: 00 00 00 AA 00 00 00 00 
"
"2016-11-21 14:04:04ID: BB  Data: 00 00 00 AA 00 00 00 00 
"
"2016-11-21 14:04:04ID: BC  Data: 00 00 00 AA 00 00 00 00 
"
"2016-11-21 14:04:04ID: BB  Data: 00 00 00 AA 00 00 00 00 
"
"2016-11-21 14:04:04ID: BC  Data: 00 00 00 AA 00 00 00 00 
"
"2016-11-21 14:04:04ID: BB  Data: 00 00 00 AA 00 00 00 00 
"
"2016-11-21 14:04:04ID: BC  Data: 00 00 00 AA 00 00 00 00 
"
"2016-11-21 14:04:04ID: BB  Data: 00 00 00 AA 00 00 00 00 
"
"2016-11-21 14:04:04ID: BC  Data: 00 00 00 AA 00 00 00 00 
"
"2016-11-21 14:04:04ID: BB  Data: 00 00 00 AA 00 00 00 00 
"
"2016-11-21 14:04:04ID: BC  Data: 00 00 00 AA 00 00 00 00 
"
"2016-11-21 14:04:04ID: BB  Data: 00 00 00 AA 00 00 00 00 
"
"2016-11-21 14:04:04ID: BC  Data: 00 00 00 AA 00 00 00 00 
"
"2016-11-21 14:04:04ID: BB  Data: 00 00 00 AA 00 00 00 00 
"
"2016-11-21 14:04:04ID: BC  Data: 00 00 00 AA 00 00 00 00 
"
"2016-11-21 14:04:04ID: BB  Data: 00 00 00 AA 00 00 00 00 
"
"2016-11-21 14:04:04ID: BC  Data: 00 00 00 AA 00 00 00 00 
"
"2016-11-21 14:04:05ID: BB  Data: 00 00 00 AA 00 00 00 00 
"
"2016-11-21 14:04:05ID: BC  Data: 00 00 00 AA 00 00 00 00 
"
"2016-11-21 14:04:05ID: BB  Data: 00 00 00 AA 00 00 00 00 
"
"2016-11-21 14:04:05ID: BC  Data: 00 00 00 AA 00 00 00 00 
"
"2016-11-21 14:04:05ID: BB  Data: 00 00 00 AA 00 00 00 00 
"
"2016-11-21 14:04:05ID: BC  Data: 00 00 00 AA 00 00 00 00 
"
"2016-11-21 14:04:05ID: BB  Data: 00 00 00 AA 00 00 00 00 
"
"2016-11-21 14:04:05ID: BC  Data: 00 00 00 AA 00 00 00 00 
"
"2016-11-21 14:04:05ID: BB  Data: 00 00 00 AA 00 00 00 00 
"
"2016-11-21 14:04:05ID: BC  Data: 00 00 00 AA 00 00 00 00 
"
"2016-11-21 14:04:05ID: BB  Data: 00 00 00 AA 00 00 00 00 
"
"2016-11-21 14:04:05ID: BC  Data: 00 00 00 AA 00 00 00 00 
"
"2016-11-21 14:04:05ID: BB  Data: 00 00 00 AA 00 00 00 00 
"
"2016-11-21 14:04:05ID: BC  Data: 00 00 00 AA 00 00 00 00 
"
"2016-11-21 14:04:05ID: BB  Data: 00 00 00 AA 00 00 00 00 
"
"2016-11-21 14:04:05ID: BC  Data: 00 00 00 AA 00 00 00 00 
"
"2016-11-21 14:04:05ID: BB  Data: 00 00 00 AA 00 00 00 00 
"
"2016-11-21 14:04:05ID: BC  Data: 00 00 00 AA 00 00 00 00 
"
"2016-11-21 14:04:05ID: BB  Data: 00 00 00 AA 00 00 00 00 
"
"2016-11-21 14:04:05ID: BC  Data: 00 00 00 AA 00 00 00 00 
"
"2016-11-21 14:04:05ID: BB  Data: 00 00 00 AA 00 00 00 00 
"
"2016-11-21 14:04:05ID: BC  Data: 00 00 00 AA 00 00 00 00 
"
"2016-11-21 14:04:05ID: BB  Data: 00 00 00 AA 00 00 00 00 
"
"2016-11-21 14:04:05ID: BC  Data: 00 00 00 AA 00 00 00 00 
"
"2016-11-21 14:04:06ID: BB  Data: 00 00 00 AA 00 00 00 00 
"
"2016-11-21 14:04:06ID: BC  Data: 00 00 00 AA 00 00 00 00 
"
"2016-11-21 14:04:06ID: BB  Data: 00 00 00 AA 00 00 00 00 
"
"2016-11-21 14:04:06ID: BC  Data: 00 00 00 AA 00 00 00 00 
"
"2016-11-21 14:04:06ID: BB  Data: 00 00 00 AA 00 00 00 00 
"
"2016-11-21 14:04:06ID: BC  Data: 00 00 00 AA 00 00 00 00 
"
"2016-11-21 14:04:06ID: BB  Data: 00 00 00 AA 00 00 00 00 
"
"2016-11-21 14:04:06ID: BC  Data: 00 00 00 AA 00 00 00 00 
"
"2016-11-21 14:04:06ID: BB  Data: 00 00 00 AA 00 00 00 00 
"
"2016-11-21 14:04:06ID: BC  Data: 00 00 00 AA 00 00 00 00 
"
"2016-11-21 14:04:06ID: BB  Data: 00 00 00 AA 00 00 00 00 
"
"2016-11-21 14:04:06ID: BC  Data: 00 00 00 AA 00 00 00 00 
"
"2016-11-21 14:04:06ID: BB  Data: 00 00 00 AA 00 00 00 00 
"
"2016-11-21 14:04:06ID: BC  Data: 00 00 00 AA 00 00 00 00 
"
"2016-11-21 14:04:06ID: BB  Data: 00 00 00 AA 00 00 00 00 
"
"2016-11-21 14:04:06ID: BC  Data: 00 00 00 AA 00 00 00 00 
"
"2016-11-21 14:04:06ID: BB  Data: 00 00 00 AA 00 00 00 00 
"
"2016-11-21 14:04:06ID: BC  Data: 00 00 00 AA 00 00 00 00 
"
"2016-11-21 14:04:06ID: BB  Data: 00 00 00 AA 00 00 00 00 
"
"2016-11-21 14:04:06ID: BC  Data: 00 00 00 AA 00 00 00 00 
"
"2016-11-21 14:04:06ID: BB  Data: 00 00 00 AA 00 00 00 00 
"
"2016-11-21 14:04:06ID: BC  Data: 00 00 00 AA 00 00 00 00 
"
"2016-11-21 14:04:07ID: BB  Data: 00 00 00 AA 00 00 00 00 
"
"2016-11-21 14:04:07ID: BC  Data: 00 00 00 AA 00 00 00 00 
"
"2016-11-21 14:04:07ID: BB  Data: 00 00 00 AA 00 00 00 00 
"
"2016-11-21 14:04:07ID: BC  Data: 00 00 00 AA 00 00 00 00 
"
"2016-11-21 14:04:07ID: BB  Data: 00 00 00 AA 00 00 00 00 
"
"2016-11-21 14:04:07ID: BC  Data: 00 00 00 AA 00 00 00 00 
"
"2016-11-21 14:04:07ID: BB  Data: 00 00 00 AA 00 00 00 00 
"
"2016-11-21 14:04:07ID: BC  Data: 00 00 00 AA 00 00 00 00 
"
"2016-11-21 14:04:07ID: BB  Data: 00 00 00 AA 00 00 00 00 
"
"2016-11-21 14:04:07ID: BC  Data: 00 00 00 AA 00 00 00 00 
"
"2016-11-21 14:04:07ID: BB  Data: 00 00 00 AA 00 00 00 00 
"
"2016-11-21 14:04:07ID: BC  Data: 00 00 00 AA 00 00 00 00 
"
"2016-11-21 14:04:07ID: BB  Data: 00 00 00 AA 00 00 00 00 
"
"2016-11-21 14:04:07ID: BC  Data: 00 00 00 AA 00 00 00 00 
"
"2016-11-21 14:04:07ID: BB  Data: 00 00 00 AA 00 00 00 00 
"
"2016-11-21 14:04:07ID: BC  Data: 00 00 00 AA 00 00 00 00 
"
"2016-11-21 14:04:07ID: BB  Data: 00 00 00 AA 00 00 00 00 
"
"2016-11-21 14:04:07ID: BC  Data: 00 00 00 AA 00 00 00 00 
"
"2016-11-21 14:04:07ID: BB  Data: 00 00 00 AA 00 00 00 00 
"
"2016-11-21 14:04:07ID: BC  Data: 00 00 00 AA 00 00 00 00 
"
"2016-11-21 14:04:07ID: BB  Data: 00 00 00 AA 00 00 00 00 
"
"2016-11-21 14:04:07ID: BC  Data: 00 00 00 AA 00 00 00 00 
"
"2016-11-21 14:04:08ID: BB  Data: 00 00 00 AA 00 00 00 00 
"
"2016-11-21 14:04:08ID: BC  Data: 00 00 00 AA 00 00 00 00 
"
"2016-11-21 14:04:08ID: BB  Data: 00 00 00 AA 00 00 00 00 
"
"2016-11-21 14:04:08ID: BC  Data: 00 00 00 AA 00 00 00 00 
"
"2016-11-21 14:04:08ID: BB  Data: 00 00 00 AA 00 00 00 00 
"
"2016-11-21 14:04:08ID: BC  Data: 00 00 00 AA 00 00 00 00 
"
"2016-11-21 14:04:08ID: BB  Data: 00 00 00 AA 00 00 00 00 
"
"2016-11-21 14:04:08ID: BC  Data: 00 00 00 AA 00 00 00 00 
"
"2016-11-21 14:04:08ID: BB  Data: 00 00 00 AA 00 00 00 00 
"
"2016-11-21 14:04:08ID: BC  Data: 00 00 00 AA 00 00 00 00 
"
"2016-11-21 14:04:08ID: BB  Data: 00 00 00 AA 00 00 00 00 
"
"2016-11-21 14:04:08ID: BC  Data: 00 00 00 AA 00 00 00 00 
"
"2016-11-21 14:04:08ID: BB  Data: 00 00 00 AA 00 00 00 00 
"
"2016-11-21 14:04:08ID: BC  Data: 00 00 00 AA 00 00 00 00 
"
"2016-11-21 14:04:08ID: BB  Data: 00 00 00 AA 00 00 00 00 
"
"2016-11-21 14:04:08ID: BC  Data: 00 00 00 AA 00 00 00 00 
"
"2016-11-21 14:04:08ID: BB  Data: 00 00 00 AA 00 00 00 00 
"
"2016-11-21 14:04:08ID: BC  Data: 00 00 00 AA 00 00 00 00 
"
"2016-11-21 14:04:08ID: BB  Data: 00 00 00 AA 00 00 00 00 
"
"2016-11-21 14:04:08ID: BC  Data: 00 00 00 AA 00 00 00 00 
"
"2016-11-21 14:04:08ID: BB  Data: 00 00 00 AA 00 00 00 00 
"
"2016-11-21 14:04:08ID: BC  Data: 00 00 00 AA 00 00 00 00 
"
"2016-11-21 14:04:08ID: BB  Data: 00 00 00 AA 00 00 00 00 
"
"2016-11-21 14:04:08ID: BC  Data: 00 00 00 AA 00 00 00 00 
"
"2016-11-21 14:04:09ID: BB  Data: 00 00 00 AA 00 00 00 00 
"
"2016-11-21 14:04:09ID: BC  Data: 00 00 00 AA 00 00 00 00 
"
"2016-11-21 14:04:09ID: BB  Data: 00 00 00 AA 00 00 00 00 
"
"2016-11-21 14:04:09ID: BC  Data: 00 00 00 AA 00 00 00 00 
"
"2016-11-21 14:04:09ID: BB  Data: 00 00 00 AA 00 00 00 00 
"
"2016-11-21 14:04:09ID: BC  Data: 00 00 00 AA 00 00 00 00 
"
"2016-11-21 14:04:09ID: BB  Data: 00 00 00 AA 00 00 00 00 
"
"2016-11-21 14:04:09ID: BC  Data: 00 00 00 AA 00 00 00 00 
"
"2016-11-21 14:04:09ID: BB  Data: 00 00 00 AA 00 00 00 00 
"
"2016-11-21 14:04:09ID: BC  Data: 00 00 00 AA 00 00 00 00 
"
"2016-11-21 14:04:09ID: BB  Data: 00 00 00 AA 00 00 00 00 
"
"2016-11-21 14:04:09ID: BC  Data: 00 00 00 AA 00 00 00 00 
"
"2016-11-21 14:04:09ID: BB  Data: 00 00 00 AA 00 00 00 00 
"
"2016-11-21 14:04:09ID: BC  Data: 00 00 00 AA 00 00 00 00 
"
"2016-11-21 14:04:09ID: BB  Data: 00 00 00 AA 00 00 00 00 
"
"2016-11-21 14:04:09ID: BC  Data: 00 00 00 AA 00 00 00 00 
"
"2016-11-21 14:04:09ID: BB  Data: 00 00 00 AA 00 00 00 00 
"
"2016-11-21 14:04:09ID: BC  Data: 00 00 00 AA 00 00 00 00 
"
"2016-11-21 14:04:09ID: BB  Data: 00 00 00 AA 00 00 00 00 
"
"2016-11-21 14:04:09ID: BC  Data: 00 00 00 AA 00 00 00 00 
"
"2016-11-21 14:04:09ID: BB  Data: 00 00 00 AA 00 00 00 00 
"
"2016-11-21 14:04:09ID: BC  Data: 00 00 00 AA 00 00 00 00 
"
"2016-11-21 14:04:10ID: BB  Data: 00 00 00 AA 00 00 00 00 
"
"2016-11-21 14:04:10ID: BC  Data: 00 00 00 AA 00 00 00 00 
"
"2016-11-21 14:04:10ID: BB  Data: 00 00 00 AA 00 00 00 00 
"
"2016-11-21 14:04:10ID: BC  Data: 00 00 00 AA 00 00 00 00 
"
"2016-11-21 14:04:10ID: BB  Data: 00 00 00 AA 00 00 00 00 
"
"2016-11-21 14:04:10ID: BC  Data: 00 00 00 AA 00 00 00 00 
"
"2016-11-21 14:04:10ID: BB  Data: 00 00 00 AA 00 00 00 00 
"
"2016-11-21 14:04:10ID: BC  Data: 00 00 00 AA 00 00 00 00 
"
"2016-11-21 14:04:10ID: BB  Data: 00 00 00 AA 00 00 00 00 
"
"2016-11-21 14:04:10ID: BC  Data: 00 00 00 AA 00 00 00 00 
"
"2016-11-21 14:04:10ID: BB  Data: 00 00 00 AA 00 00 00 00 
"
"2016-11-21 14:04:10ID: BC  Data: 00 00 00 AA 00 00 00 00 
"
"2016-11-21 14:04:10ID: BB  Data: 00 00 00 AA 00 00 00 00 
"
"2016-11-21 14:04:10ID: BC  Data: 00 00 00 AA 00 00 00 00 
"
"2016-11-21 14:04:10ID: BB  Data: 00 00 00 AA 00 00 00 00 
"
"2016-11-21 14:04:10ID: BC  Data: 00 00 00 AA 00 00 00 00 
"
"2016-11-21 14:04:10ID: BB  Data: 00 00 00 AA 00 00 00 00 
"
"2016-11-21 14:04:10ID: BC  Data: 00 00 00 AA 00 00 00 00 
"
"2016-11-21 14:04:10ID: BB  Data: 00 00 00 AA 00 00 00 00 
"
"2016-11-21 14:04:10ID: BC  Data: 00 00 00 AA 00 00 00 00 
"
"2016-11-21 14:04:10ID: BB  Data: 00 00 00 AA 00 00 00 00 
"
"2016-11-21 14:04:10ID: BC  Data: 00 00 00 AA 00 00 00 00 
"
"2016-11-21 14:04:10ID: BB  Data: 00 00 00 AA 00 00 00 00 
"
"2016-11-21 14:04:11ID: BC  Data: 00 00 00 AA 00 00 00 00 
"
"2016-11-21 14:04:11ID: BB  Data: 00 00 00 AA 00 00 00 00 
"
"2016-11-21 14:04:11ID: BC  Data: 00 00 00 AA 00 00 00 00 
"
"2016-11-21 14:04:11ID: BB  Data: 00 00 00 AA 00 00 00 00 
"
"2016-11-21 14:04:11ID: BC  Data: 00 00 00 AA 00 00 00 00 
"
"2016-11-21 14:04:11ID: BB  Data: 00 00 00 AA 00 00 00 00 
"
"2016-11-21 14:04:11ID: BC  Data: 00 00 00 AA 00 00 00 00 
"
"2016-11-21 14:04:11ID: BB  Data: 00 00 00 AA 00 00 00 00 
"
"2016-11-21 14:04:11ID: BC  Data: 00 00 00 AA 00 00 00 00 
"
"2016-11-21 14:04:11ID: BB  Data: 00 00 00 AA 00 00 00 00 
"
"2016-11-21 14:04:11ID: BC  Data: 00 00 00 AA 00 00 00 00 
"
"2016-11-21 14:04:11ID: BB  Data: 00 00 00 AA 00 00 00 00 
"
"2016-11-21 14:04:11ID: BC  Data: 00 00 00 AA 00 00 00 00 
"
"2016-11-21 14:04:11ID: BB  Data: 00 00 00 AA 00 00 00 00 
"
"2016-11-21 14:04:11ID: BC  Data: 00 00 00 AA 00 00 00 00 
"
"2016-11-21 14:04:11ID: BB  Data: 00 00 00 AA 00 00 00 00 
"
"2016-11-21 14:04:11ID: BC  Data: 00 00 00 AA 00 00 00 00 
"
"2016-11-21 14:04:11ID: BB  Data: 00 00 00 AA 00 00 00 00 
"
"2016-11-21 14:04:11ID: BC  Data: 00 00 00 AA 00 00 00 00 
"
"2016-11-21 14:04:11ID: BB  Data: 00 00 00 AA 00 00 00 00 
"
"2016-11-21 14:04:11ID: BC  Data: 00 00 00 AA 00 00 00 00 
"
"2016-11-21 14:04:11ID: BB  Data: 00 00 00 AA 00 00 00 00 
"
"2016-11-21 14:04:11ID: BC  Data: 00 00 00 AA 00 00 00 00 
"
"2016-11-21 14:04:12ID: BB  Data: 00 00 00 AA 00 00 00 00 
"
"2016-11-21 14:04:12ID: BC  Data: 00 00 00 AA 00 00 00 00 
"
"2016-11-21 14:04:12ID: BB  Data: 00 00 00 AA 00 00 00 00 
"
"2016-11-21 14:04:12ID: BC  Data: 00 00 00 AA 00 00 00 00 
"
"2016-11-21 14:04:12ID: BB  Data: 00 00 00 AA 00 00 00 00 
"
"2016-11-21 14:04:12ID: BC  Data: 00 00 00 AA 00 00 00 00 
"
"2016-11-21 14:04:12ID: BB  Data: 00 00 00 AA 00 00 00 00 
"
"2016-11-21 14:04:12ID: BC  Data: 00 00 00 AA 00 00 00 00 
"
"2016-11-21 14:04:12ID: BB  Data: 00 00 00 AA 00 00 00 00 
"
"2016-11-21 14:04:12ID: BC  Data: 00 00 00 AA 00 00 00 00 
"
"2016-11-21 14:04:12ID: BB  Data: 00 00 00 AA 00 00 00 00 
"
"2016-11-21 14:04:12ID: BC  Data: 00 00 00 AA 00 00 00 00 
"
"2016-11-21 14:04:12ID: BB  Data: 00 00 00 AA 00 00 00 00 
"
"2016-11-21 14:04:12ID: BC  Data: 00 00 00 AA 00 00 00 00 
"
"2016-11-21 14:04:12ID: BB  Data: 00 00 00 AA 00 00 00 00 
"
"2016-11-21 14:04:12ID: BC  Data: 00 00 00 AA 00 00 00 00 
"
"2016-11-21 14:04:12ID: BB  Data: 00 00 00 AA 00 00 00 00 
"
"2016-11-21 14:04:12ID: BC  Data: 00 00 00 AA 00 00 00 00 
"
"2016-11-21 14:04:12ID: BB  Data: 00 00 00 AA 00 00 00 00 
"
"2016-11-21 14:04:12ID: BC  Data: 00 00 00 AA 00 00 00 00 
"
"2016-11-21 14:04:12ID: BB  Data: 00 00 00 AA 00 00 00 00 
"
"2016-11-21 14:04:12ID: BC  Data: 00 00 00 AA 00 00 00 00 
"
"2016-11-21 14:04:13ID: BB  Data: 00 00 00 AA 00 00 00 00 
"
"2016-11-21 14:04:13ID: BC  Data: 00 00 00 AA 00 00 00 00 
"
"2016-11-21 14:04:13ID: BB  Data: 00 00 00 AA 00 00 00 00 
"
"2016-11-21 14:04:13ID: BC  Data: 00 00 00 AA 00 00 00 00 
"
"2016-11-21 14:04:13ID: BB  Data: 00 00 00 AA 00 00 00 00 
"
"2016-11-21 14:04:13ID: BC  Data: 00 00 00 AA 00 00 00 00 
"
"2016-11-21 14:04:13ID: BB  Data: 00 00 00 AA 00 00 00 00 
"
"2016-11-21 14:04:13ID: BC  Data: 00 00 00 AA 00 00 00 00 
"
"2016-11-21 14:04:13ID: BB  Data: 00 00 00 AA 00 00 00 00 
"
"2016-11-21 14:04:13ID: BC  Data: 00 00 00 AA 00 00 00 00 
"
"2016-11-21 14:04:13ID: BB  Data: 00 00 00 AA 00 00 00 00 
"
"2016-11-21 14:04:13ID: BC  Data: 00 00 00 AA 00 00 00 00 
"
"2016-11-21 14:04:13ID: BB  Data: 00 00 00 AA 00 00 00 00 
"
"2016-11-21 14:04:13ID: BC  Data: 00 00 00 AA 00 00 00 00 
"
"2016-11-21 14:04:13ID: BB  Data: 00 00 00 AA 00 00 00 00 
"
"2016-11-21 14:04:13ID: BC  Data: 00 00 00 AA 00 00 00 00 
"
"2016-11-21 14:04:13ID: BB  Data: 00 00 00 AA 00 00 00 00 
"
"2016-11-21 14:04:13ID: BC  Data: 00 00 00 AA 00 00 00 00 
"
"2016-11-21 14:04:13ID: BB  Data: 00 00 00 AA 00 00 00 00 
"
"2016-11-21 14:04:13ID: BC  Data: 00 00 00 AA 00 00 00 00 
"
"2016-11-21 14:04:13ID: BB  Data: 00 00 00 AA 00 00 00 00 
"
"2016-11-21 14:04:13ID: BC  Data: 00 00 00 AA 00 00 00 00 
"
"2016-11-21 14:04:13ID: BB  Data: 00 00 00 AA 00 00 00 00 
"
"2016-11-21 14:04:13ID: BC  Data: 00 00 00 AA 00 00 00 00 
"
"2016-11-21 14:04:14ID: BB  Data: 00 00 00 AA 00 00 00 00 
"
"2016-11-21 14:04:14ID: BC  Data: 00 00 00 AA 00 00 00 00 
"
"2016-11-21 14:04:14ID: BB  Data: 00 00 00 AA 00 00 00 00 
"
"2016-11-21 14:04:14ID: BC  Data: 00 00 00 AA 00 00 00 00 
"
"2016-11-21 14:04:14ID: BB  Data: 00 00 00 AA 00 00 00 00 
"
"2016-11-21 14:04:14ID: BC  Data: 00 00 00 AA 00 00 00 00 
"
"2016-11-21 14:04:14ID: BB  Data: 00 00 00 AA 00 00 00 00 
"
"2016-11-21 14:04:14ID: BC  Data: 00 00 00 AA 00 00 00 00 
"
"2016-11-21 14:04:14ID: BB  Data: 00 00 00 AA 00 00 00 00 
"
"2016-11-21 14:04:14ID: BC  Data: 00 00 00 AA 00 00 00 00 
"
"2016-11-21 14:04:14ID: BB  Data: 00 00 00 AA 00 00 00 00 
"
"2016-11-21 14:04:14ID: BC  Data: 00 00 00 AA 00 00 00 00 
"
"2016-11-21 14:04:14ID: BB  Data: 00 00 00 AA 00 00 00 00 
"
"2016-11-21 14:04:14ID: BC  Data: 00 00 00 AA 00 00 00 00 
"
"2016-11-21 14:04:14ID: BB  Data: 00 00 00 AA 00 00 00 00 
"
"2016-11-21 14:04:14ID: BC  Data: 00 00 00 AA 00 00 00 00 
"
"2016-11-21 14:04:14ID: BB  Data: 00 00 00 AA 00 00 00 00 
"
"2016-11-21 14:04:14ID: BC  Data: 00 00 00 AA 00 00 00 00 
"
"2016-11-21 14:04:14ID: BB  Data: 00 00 00 AA 00 00 00 00 
"
"2016-11-21 14:04:14ID: BC  Data: 00 00 00 AA 00 00 00 00 
"
"2016-11-21 14:04:14ID: BB  Data: 00 00 00 AA 00 00 00 00 
"
"2016-11-21 14:04:14ID: BC  Data: 00 00 00 AA 00 00 00 00 
"
"2016-11-21 14:04:15ID: BB  Data: 00 00 00 AA 00 00 00 00 
"
"2016-11-21 14:04:15ID: BC  Data: 00 00 00 AA 00 00 00 00 
"
"2016-11-21 14:04:15ID: BB  Data: 00 00 00 AA 00 00 00 00 
"
"2016-11-21 14:04:15ID: BC  Data: 00 00 00 AA 00 00 00 00 
"
"2016-11-21 14:04:15ID: BB  Data: 00 00 00 AA 00 00 00 00 
"
"2016-11-21 14:04:15ID: BC  Data: 00 00 00 AA 00 00 00 00 
"
"2016-11-21 14:04:15ID: BB  Data: 00 00 00 AA 00 00 00 00 
"
"2016-11-21 14:04:15ID: BC  Data: 00 00 00 AA 00 00 00 00 
"
"2016-11-21 14:04:15ID: BB  Data: 00 00 00 AA 00 00 00 00 
"
"2016-11-21 14:04:15ID: BC  Data: 00 00 00 AA 00 00 00 00 
"
"2016-11-21 14:04:15ID: BB  Data: 00 00 00 AA 00 00 00 00 
"
"2016-11-21 14:04:15ID: BC  Data: 00 00 00 AA 00 00 00 00 
"
"2016-11-21 14:04:15ID: BB  Data: 00 00 00 AA 00 00 00 00 
"
"2016-11-21 14:04:15ID: BC  Data: 00 00 00 AA 00 00 00 00 
"
"2016-11-21 14:04:15ID: BB  Data: 00 00 00 AA 00 00 00 00 
"
"2016-11-21 14:04:15ID: BC  Data: 00 00 00 AA 00 00 00 00 
"
"2016-11-21 14:04:15ID: BB  Data: 00 00 00 AA 00 00 00 00 
"
"2016-11-21 14:04:15ID: BC  Data: 00 00 00 AA 00 00 00 00 
"
"2016-11-21 14:04:15ID: BB  Data: 00 00 00 AA 00 00 00 00 
"
"2016-11-21 14:04:15ID: BC  Data: 00 00 00 AA 00 00 00 00 
"
"2016-11-21 14:04:15ID: BB  Data: 00 00 00 AA 00 00 00 00 
"
"2016-11-21 14:04:15ID: BC  Data: 00 00 00 AA 00 00 00 00 
"
"2016-11-21 14:04:16ID: BB  Data: 00 00 00 AA 00 00 00 00 
"
"2016-11-21 14:04:16ID: BC  Data: 00 00 00 AA 00 00 00 00 
"
"2016-11-21 14:04:16ID: BB  Data: 00 00 00 AA 00 00 00 00 
"
"2016-11-21 14:04:16ID: BC  Data: 00 00 00 AA 00 00 00 00 
"
"2016-11-21 14:04:16ID: BB  Data: 00 00 00 AA 00 00 00 00 
"
"2016-11-21 14:04:16ID: BC  Data: 00 00 00 AA 00 00 00 00 
"
"2016-11-21 14:04:16ID: BB  Data: 00 00 00 AA 00 00 00 00 
"
"2016-11-21 14:04:16ID: BC  Data: 00 00 00 AA 00 00 00 00 
"
"2016-11-21 14:04:16ID: BB  Data: 00 00 00 AA 00 00 00 00 
"
"2016-11-21 14:04:16ID: BC  Data: 00 00 00 AA 00 00 00 00 
"
"2016-11-21 14:04:16ID: BB  Data: 00 00 00 AA 00 00 00 00 
"
"2016-11-21 14:04:16ID: BC  Data: 00 00 00 AA 00 00 00 00 
"
"2016-11-21 14:04:16ID: BB  Data: 00 00 00 AA 00 00 00 00 
"
"2016-11-21 14:04:16ID: BC  Data: 00 00 00 AA 00 00 00 00 
"
"2016-11-21 14:04:16ID: BB  Data: 00 00 00 AA 00 00 00 00 
"
"2016-11-21 14:04:16ID: BC  Data: 00 00 00 AA 00 00 00 00 
"
"2016-11-21 14:04:16ID: BB  Data: 00 00 00 AA 00 00 00 00 
"
"2016-11-21 14:04:16ID: BC  Data: 00 00 00 AA 00 00 00 00 
"
"2016-11-21 14:04:16ID: BB  Data: 00 00 00 AA 00 00 00 00 
"
"2016-11-21 14:04:16ID: BC  Data: 00 00 00 AA 00 00 00 00 
"
"2016-11-21 14:04:16ID: BB  Data: 00 00 00 AA 00 00 00 00 
"
"2016-11-21 14:04:16ID: BC  Data: 00 00 00 AA 00 00 00 00 
"
"2016-11-21 14:04:16ID: BB  Data: 00 00 00 AA 00 00 00 00 
"
"2016-11-21 14:04:16ID: BC  Data: 00 00 00 AA 00 00 00 00 
"
"2016-11-21 14:04:17ID: BB  Data: 00 00 00 AA 00 00 00 00 
"
"2016-11-21 14:04:17ID: BC  Data: 00 00 00 AA 00 00 00 00 
"
"2016-11-21 14:04:17ID: BB  Data: 00 00 00 AA 00 00 00 00 
"
"2016-11-21 14:04:17ID: BC  Data: 00 00 00 AA 00 00 00 00 
"
"2016-11-21 14:04:17ID: BB  Data: 00 00 00 AA 00 00 00 00 
"
"2016-11-21 14:04:17ID: BC  Data: 00 00 00 AA 00 00 00 00 
"
"2016-11-21 14:04:17ID: BB  Data: 00 00 00 AA 00 00 00 00 
"
"2016-11-21 14:04:17ID: BC  Data: 00 00 00 AA 00 00 00 00 
"
"2016-11-21 14:04:17ID: BB  Data: 00 00 00 AA 00 00 00 00 
"
"2016-11-21 14:04:17ID: BC  Data: 00 00 00 AA 00 00 00 00 
"
"2016-11-21 14:04:17ID: BB  Data: 00 00 00 AA 00 00 00 00 
"
"2016-11-21 14:04:17ID: BC  Data: 00 00 00 AA 00 00 00 00 
"
"2016-11-21 14:04:17ID: BB  Data: 00 00 00 AA 00 00 00 00 
"
"2016-11-21 14:04:17ID: BC  Data: 00 00 00 AA 00 00 00 00 
"
"2016-11-21 14:04:17ID: BB  Data: 00 00 00 AA 00 00 00 00 
"
"2016-11-21 14:04:17ID: BC  Data: 00 00 00 AA 00 00 00 00 
"
"2016-11-21 14:04:17ID: BB  Data: 00 00 00 AA 00 00 00 00 
"
"2016-11-21 14:04:17ID: BC  Data: 00 00 00 AA 00 00 00 00 
"
"2016-11-21 14:04:17ID: BB  Data: 00 00 00 AA 00 00 00 00 
"
"2016-11-21 14:04:17ID: BC  Data: 00 00 00 AA 00 00 00 00 
"
"2016-11-21 14:04:17ID: BB  Data: 00 00 00 AA 00 00 00 00 
"
"2016-11-21 14:04:17ID: BC  Data: 00 00 00 AA 00 00 00 00 
"
"2016-11-21 14:04:18ID: BB  Data: 00 00 00 AA 00 00 00 00 
"
"2016-11-21 14:04:18ID: BC  Data: 00 00 00 AA 00 00 00 00 
"
"2016-11-21 14:04:18ID: BB  Data: 00 00 00 AA 00 00 00 00 
"
"2016-11-21 14:04:18ID: BC  Data: 00 00 00 AA 00 00 00 00 
"
"2016-11-21 14:04:18ID: BB  Data: 00 00 00 AA 00 00 00 00 
"
"2016-11-21 14:04:18ID: BC  Data: 00 00 00 AA 00 00 00 00 
"
"2016-11-21 14:04:18ID: BB  Data: 00 00 00 AA 00 00 00 00 
"
"2016-11-21 14:04:18ID: BC  Data: 00 00 00 AA 00 00 00 00 
"
"2016-11-21 14:04:18ID: BB  Data: 00 00 00 AA 00 00 00 00 
"
"2016-11-21 14:04:18ID: BC  Data: 00 00 00 AA 00 00 00 00 
"
"2016-11-21 14:04:18ID: BB  Data: 00 00 00 AA 00 00 00 00 
"
"2016-11-21 14:04:18ID: BC  Data: 00 00 00 AA 00 00 00 00 
"
"2016-11-21 14:04:18ID: BB  Data: 00 00 00 AA 00 00 00 00 
"
"2016-11-21 14:04:18ID: BC  Data: 00 00 00 AA 00 00 00 00 
"
"2016-11-21 14:04:18ID: BB  Data: 00 00 00 AA 00 00 00 00 
"
"2016-11-21 14:04:18ID: BC  Data: 00 00 00 AA 00 00 00 00 
"
"2016-11-21 14:04:18ID: BB  Data: 00 00 00 AA 00 00 00 00 
"
"2016-11-21 14:04:18ID: BC  Data: 00 00 00 AA 00 00 00 00 
"
"2016-11-21 14:04:18ID: BB  Data: 00 00 00 AA 00 00 00 00 
"
"2016-11-21 14:04:18ID: BC  Data: 00 00 00 AA 00 00 00 00 
"
"2016-11-21 14:04:18ID: BB  Data: 00 00 00 AA 00 00 00 00 
"
"2016-11-21 14:04:18ID: BC  Data: 00 00 00 AA 00 00 00 00 
"
"2016-11-21 14:04:19ID: BB  Data: 00 00 00 AA 00 00 00 00 
"
"2016-11-21 14:04:19ID: BC  Data: 00 00 00 AA 00 00 00 00 
"
"2016-11-21 14:04:19ID: BB  Data: 00 00 00 AA 00 00 00 00 
"
"2016-11-21 14:04:19ID: BC  Data: 00 00 00 AA 00 00 00 00 
"
"2016-11-21 14:04:19ID: BB  Data: 00 00 00 AA 00 00 00 00 
"
"2016-11-21 14:04:19ID: BC  Data: 00 00 00 AA 00 00 00 00 
"
"2016-11-21 14:04:19ID: BB  Data: 00 00 00 AA 00 00 00 00 
"
"2016-11-21 14:04:19ID: BC  Data: 00 00 00 AA 00 00 00 00 
"
"2016-11-21 14:04:19ID: BB  Data: 00 00 00 AA 00 00 00 00 
"
"2016-11-21 14:04:19ID: BC  Data: 00 00 00 AA 00 00 00 00 
"
"2016-11-21 14:04:19ID: BB  Data: 00 00 00 AA 00 00 00 00 
"
"2016-11-21 14:04:19ID: BC  Data: 00 00 00 AA 00 00 00 00 
"
"2016-11-21 14:04:19ID: BB  Data: 00 00 00 AA 00 00 00 00 
"
"2016-11-21 14:04:19ID: BC  Data: 00 00 00 AA 00 00 00 00 
"
"2016-11-21 14:04:19ID: BB  Data: 00 00 00 AA 00 00 00 00 
"
"2016-11-21 14:04:19ID: BC  Data: 00 00 00 AA 00 00 00 00 
"
"2016-11-21 14:04:19ID: BB  Data: 00 00 00 AA 00 00 00 00 
"
"2016-11-21 14:04:19ID: BC  Data: 00 00 00 AA 00 00 00 00 
"
"2016-11-21 14:04:19ID: BB  Data: 00 00 00 AA 00 00 00 00 
"
"2016-11-21 14:04:19ID: BC  Data: 00 00 00 AA 00 00 00 00 
"
"2016-11-21 14:04:19ID: BB  Data: 00 00 00 AA 00 00 00 00 
"
"2016-11-21 14:04:19ID: BC  Data: 00 00 00 AA 00 00 00 00 
"
"2016-11-21 14:04:19ID: BB  Data: 00 00 00 AA 00 00 00 00 
"
"2016-11-21 14:04:19ID: BC  Data: 00 00 00 AA 00 00 00 00 
"
"2016-11-21 14:04:20ID: BB  Data: 00 00 00 AA 00 00 00 00 
"
"2016-11-21 14:04:20ID: BC  Data: 00 00 00 AA 00 00 00 00 
"
"2016-11-21 14:04:20ID: BB  Data: 00 00 00 AA 00 00 00 00 
"
"2016-11-21 14:04:20ID: BC  Data: 00 00 00 AA 00 00 00 00 
"
"2016-11-21 14:04:20ID: BB  Data: 00 00 00 AA 00 00 00 00 
"
"2016-11-21 14:04:20ID: BC  Data: 00 00 00 AA 00 00 00 00 
"
"2016-11-21 14:04:20ID: BB  Data: 00 00 00 AA 00 00 00 00 
"
"2016-11-21 14:04:20ID: BC  Data: 00 00 00 AA 00 00 00 00 
"
"2016-11-21 14:04:20ID: BB  Data: 00 00 00 AA 00 00 00 00 
"
"2016-11-21 14:04:20ID: BC  Data: 00 00 00 AA 00 00 00 00 
"
"2016-11-21 14:04:20ID: BB  Data: 00 00 00 AA 00 00 00 00 
"
"2016-11-21 14:04:20ID: BC  Data: 00 00 00 AA 00 00 00 00 
"
"2016-11-21 14:04:20ID: BB  Data: 00 00 00 AA 00 00 00 00 
"
"2016-11-21 14:04:20ID: BC  Data: 00 00 00 AA 00 00 00 00 
"
"2016-11-21 14:04:20ID: BB  Data: 00 00 00 AA 00 00 00 00 
"
"2016-11-21 14:04:20ID: BC  Data: 00 00 00 AA 00 00 00 00 
"
"2016-11-21 14:04:20ID: BB  Data: 00 00 00 AA 00 00 00 00 
"
"2016-11-21 14:04:20ID: BC  Data: 00 00 00 AA 00 00 00 00 
"
"2016-11-21 14:04:20ID: BB  Data: 00 00 00 AA 00 00 00 00 
"
"2016-11-21 14:04:20ID: BC  Data: 00 00 00 AA 00 00 00 00 
"
"2016-11-21 14:04:20ID: BB  Data: 00 00 00 AA 00 00 00 00 
"
"2016-11-21 14:04:20ID: BC  Data: 00 00 00 AA 00 00 00 00 
"
"2016-11-21 14:04:21ID: BB  Data: 00 00 00 AA 00 00 00 00 
"
"2016-11-21 14:04:21ID: BC  Data: 00 00 00 AA 00 00 00 00 
"
"2016-11-21 14:04:21ID: BB  Data: 00 00 00 AA 00 00 00 00 
"
"2016-11-21 14:04:21ID: BC  Data: 00 00 00 AA 00 00 00 00 
"
"2016-11-21 14:04:21ID: BB  Data: 00 00 00 AA 00 00 00 00 
"
"2016-11-21 14:04:21ID: BC  Data: 00 00 00 AA 00 00 00 00 
"
"2016-11-21 14:04:21ID: BB  Data: 00 00 00 AA 00 00 00 00 
"
"2016-11-21 14:04:21ID: BC  Data: 00 00 00 AA 00 00 00 00 
"
"2016-11-21 14:04:21ID: BB  Data: 00 00 00 AA 00 00 00 00 
"
"2016-11-21 14:04:21ID: BC  Data: 00 00 00 AA 00 00 00 00 
"
"2016-11-21 14:04:21ID: BB  Data: 00 00 00 AA 00 00 00 00 
"
"2016-11-21 14:04:21ID: BC  Data: 00 00 00 AA 00 00 00 00 
"
"2016-11-21 14:04:21ID: BB  Data: 00 00 00 AA 00 00 00 00 
"
"2016-11-21 14:04:21ID: BC  Data: 00 00 00 AA 00 00 00 00 
"
"2016-11-21 14:04:21ID: BB  Data: 00 00 00 AA 00 00 00 00 
"
"2016-11-21 14:04:21ID: BC  Data: 00 00 00 AA 00 00 00 00 
"
"2016-11-21 14:04:21ID: BB  Data: 00 00 00 AA 00 00 00 00 
"
"2016-11-21 14:04:21ID: BC  Data: 00 00 00 AA 00 00 00 00 
"
"2016-11-21 14:04:21ID: BB  Data: 00 00 00 AA 00 00 00 00 
"
"2016-11-21 14:04:21ID: BC  Data: 00 00 00 AA 00 00 00 00 
"
"2016-11-21 14:04:21ID: BB  Data: 00 00 00 AA 00 00 00 00 
"
"2016-11-21 14:04:21ID: BC  Data: 00 00 00 AA 00 00 00 00 
"
"2016-11-21 14:04:21ID: BB  Data: 00 00 00 AA 00 00 00 00 
"
"2016-11-21 14:04:22ID: BC  Data: 00 00 00 AA 00 00 00 00 
"
"2016-11-21 14:04:22ID: BB  Data: 00 00 00 AA 00 00 00 00 
"
"2016-11-21 14:04:22ID: BC  Data: 00 00 00 AA 00 00 00 00 
"
"2016-11-21 14:04:22ID: BB  Data: 00 00 00 AA 00 00 00 00 
"
"2016-11-21 14:04:22ID: BC  Data: 00 00 00 AA 00 00 00 00 
"
"2016-11-21 14:04:22ID: BB  Data: 00 00 00 AA 00 00 00 00 
"
"2016-11-21 14:04:22ID: BC  Data: 00 00 00 AA 00 00 00 00 
"
"2016-11-21 14:04:22ID: BB  Data: 00 00 00 AA 00 00 00 00 
"
"2016-11-21 14:04:22ID: BC  Data: 00 00 00 AA 00 00 00 00 
"
"2016-11-21 14:04:22ID: BB  Data: 00 00 00 AA 00 00 00 00 
"
"2016-11-21 14:04:22ID: BC  Data: 00 00 00 AA 00 00 00 00 
"
"2016-11-21 14:04:22ID: BB  Data: 00 00 00 AA 00 00 00 00 
"
"2016-11-21 14:04:22ID: BC  Data: 00 00 00 AA 00 00 00 00 
"
"2016-11-21 14:04:22ID: BB  Data: 00 00 00 AA 00 00 00 00 
"
"2016-11-21 14:04:22ID: BC  Data: 00 00 00 AA 00 00 00 00 
"
"2016-11-21 14:04:22ID: BB  Data: 00 00 00 AA 00 00 00 00 
"
"2016-11-21 14:04:22ID: BC  Data: 00 00 00 AA 00 00 00 00 
"
"2016-11-21 14:04:22ID: BB  Data: 00 00 00 AA 00 00 00 00 
"
"2016-11-21 14:04:22ID: BC  Data: 00 00 00 AA 00 00 00 00 
"
"2016-11-21 14:04:22ID: BB  Data: 00 00 00 AA 00 00 00 00 
"
"2016-11-21 14:04:22ID: BC  Data: 00 00 00 AA 00 00 00 00 
"
"2016-11-21 14:04:22ID: BB  Data: 00 00 00 AA 00 00 00 00 
"
"2016-11-21 14:04:22ID: BC  Data: 00 00 00 AA 00 00 00 00 
"
"2016-11-21 14:04:23ID: BB  Data: 00 00 00 AA 00 00 00 00 
"
"2016-11-21 14:04:23ID: BC  Data: 00 00 00 AA 00 00 00 00 
"
"2016-11-21 14:04:23ID: BB  Data: 00 00 00 AA 00 00 00 00 
"
"2016-11-21 14:04:23ID: BC  Data: 00 00 00 AA 00 00 00 00 
"
"2016-11-21 14:04:23ID: BB  Data: 00 00 00 AA 00 00 00 00 
"
"2016-11-21 14:04:23ID: BC  Data: 00 00 00 AA 00 00 00 00 
"
"2016-11-21 14:04:23ID: BB  Data: 00 00 00 AA 00 00 00 00 
"
"2016-11-21 14:04:23ID: BC  Data: 00 00 00 AA 00 00 00 00 
"
"2016-11-21 14:04:23ID: BB  Data: 00 00 00 AA 00 00 00 00 
"
"2016-11-21 14:04:23ID: BC  Data: 00 00 00 AA 00 00 00 00 
"
"2016-11-21 14:04:23ID: BB  Data: 00 00 00 AA 00 00 00 00 
"
"2016-11-21 14:04:23ID: BC  Data: 00 00 00 AA 00 00 00 00 
"
"2016-11-21 14:04:23ID: BB  Data: 00 00 00 AA 00 00 00 00 
"
"2016-11-21 14:04:23ID: BC  Data: 00 00 00 AA 00 00 00 00 
"
"2016-11-21 14:04:23ID: BB  Data: 00 00 00 AA 00 00 00 00 
"
"2016-11-21 14:04:23ID: BC  Data: 00 00 00 AA 00 00 00 00 
"
"2016-11-21 14:04:23ID: BB  Data: 00 00 00 AA 00 00 00 00 
"
"2016-11-21 14:04:23ID: BC  Data: 00 00 00 AA 00 00 00 00 
"
"2016-11-21 14:04:23ID: BB  Data: 00 00 00 AA 00 00 00 00 
"
"2016-11-21 14:04:23ID: BC  Data: 00 00 00 AA 00 00 00 00 
"
"2016-11-21 14:04:23ID: BB  Data: 00 00 00 AA 00 00 00 00 
"
"2016-11-21 14:04:23ID: BC  Data: 00 00 00 AA 00 00 00 00 
"
"2016-11-21 14:04:24ID: BB  Data: 00 00 00 AA 00 00 00 00 
"
"2016-11-21 14:04:24ID: BC  Data: 00 00 00 AA 00 00 00 00 
"
"2016-11-21 14:04:24ID: BB  Data: 00 00 00 AA 00 00 00 00 
"
"2016-11-21 14:04:24ID: BC  Data: 00 00 00 AA 00 00 00 00 
"
"2016-11-21 14:04:24ID: BB  Data: 00 00 00 AA 00 00 00 00 
"
"2016-11-21 14:04:24ID: BC  Data: 00 00 00 AA 00 00 00 00 
"
"2016-11-21 14:04:24ID: BB  Data: 00 00 00 AA 00 00 00 00 
"
"2016-11-21 14:04:24ID: BC  Data: 00 00 00 AA 00 00 00 00 
"
"2016-11-21 14:04:24ID: BB  Data: 00 00 00 AA 00 00 00 00 
"
"2016-11-21 14:04:24ID: BC  Data: 00 00 00 AA 00 00 00 00 
"
"2016-11-21 14:04:24ID: BB  Data: 00 00 00 AA 00 00 00 00 
"
"2016-11-21 14:04:24ID: BC  Data: 00 00 00 AA 00 00 00 00 
"
"2016-11-21 14:04:24ID: BB  Data: 00 00 00 AA 00 00 00 00 
"
"2016-11-21 14:04:24ID: BC  Data: 00 00 00 AA 00 00 00 00 
"
"2016-11-21 14:04:24ID: BB  Data: 00 00 00 AA 00 00 00 00 
"
"2016-11-21 14:04:24ID: BC  Data: 00 00 00 AA 00 00 00 00 
"
"2016-11-21 14:04:24ID: BB  Data: 00 00 00 AA 00 00 00 00 
"
"2016-11-21 14:04:24ID: BC  Data: 00 00 00 AA 00 00 00 00 
"
"2016-11-21 14:04:24ID: BB  Data: 00 00 00 AA 00 00 00 00 
"
"2016-11-21 14:04:24ID: BC  Data: 00 00 00 AA 00 00 00 00 
"
"2016-11-21 14:04:24ID: BB  Data: 00 00 00 AA 00 00 00 00 
"
"2016-11-21 14:04:24ID: BC  Data: 00 00 00 AA 00 00 00 00 
"
"2016-11-21 14:04:24ID: BB  Data: 00 00 00 AA 00 00 00 00 
"
"2016-11-21 14:04:24ID: BC  Data: 00 00 00 AA 00 00 00 00 
"
"2016-11-21 14:04:25ID: BB  Data: 00 00 00 AA 00 00 00 00 
"
"2016-11-21 14:04:25ID: BC  Data: 00 00 00 AA 00 00 00 00 
"
"2016-11-21 14:04:25ID: BB  Data: 00 00 00 AA 00 00 00 00 
"
"2016-11-21 14:04:25ID: BC  Data: 00 00 00 AA 00 00 00 00 
"
"2016-11-21 14:04:25ID: BB  Data: 00 00 00 AA 00 00 00 00 
"
"2016-11-21 14:04:25ID: BC  Data: 00 00 00 AA 00 00 00 00 
"
"2016-11-21 14:04:25ID: BB  Data: 00 00 00 AA 00 00 00 00 
"
"2016-11-21 14:04:25ID: BC  Data: 00 00 00 AA 00 00 00 00 
"
"2016-11-21 14:04:25ID: BB  Data: 00 00 00 AA 00 00 00 00 
"
"2016-11-21 14:04:25ID: BC  Data: 00 00 00 AA 00 00 00 00 
"
"2016-11-21 14:04:25ID: BB  Data: 00 00 00 AA 00 00 00 00 
"
"2016-11-21 14:04:25ID: BC  Data: 00 00 00 AA 00 00 00 00 
"
"2016-11-21 14:04:25ID: BB  Data: 00 00 00 AA 00 00 00 00 
"
"2016-11-21 14:04:25ID: BC  Data: 00 00 00 AA 00 00 00 00 
"
"2016-11-21 14:04:25ID: BB  Data: 00 00 00 AA 00 00 00 00 
"
"2016-11-21 14:04:25ID: BC  Data: 00 00 00 AA 00 00 00 00 
"
"2016-11-21 14:04:25ID: BB  Data: 00 00 00 AA 00 00 00 00 
"
"2016-11-21 14:04:25ID: BC  Data: 00 00 00 AA 00 00 00 00 
"
"2016-11-21 14:04:25ID: BB  Data: 00 00 00 AA 00 00 00 00 
"
"2016-11-21 14:04:25ID: BC  Data: 00 00 00 AA 00 00 00 00 
"
"2016-11-21 14:04:25ID: BB  Data: 00 00 00 AA 00 00 00 00 
"
"2016-11-21 14:04:25ID: BC  Data: 00 00 00 AA 00 00 00 00 
"
"2016-11-21 14:04:26ID: BB  Data: 00 00 00 AA 00 00 00 00 
"
"2016-11-21 14:04:26ID: BC  Data: 00 00 00 AA 00 00 00 00 
"
"2016-11-21 14:04:26ID: BB  Data: 00 00 00 AA 00 00 00 00 
"
"2016-11-21 14:04:26ID: BC  Data: 00 00 00 AA 00 00 00 00 
"
"2016-11-21 14:04:26ID: BB  Data: 00 00 00 AA 00 00 00 00 
"
"2016-11-21 14:04:26ID: BC  Data: 00 00 00 AA 00 00 00 00 
"
"2016-11-21 14:04:26ID: BB  Data: 00 00 00 AA 00 00 00 00 
"
"2016-11-21 14:04:26ID: BC  Data: 00 00 00 AA 00 00 00 00 
"
"2016-11-21 14:04:26ID: BB  Data: 00 00 00 AA 00 00 00 00 
"
"2016-11-21 14:04:26ID: BC  Data: 00 00 00 AA 00 00 00 00 
"
"2016-11-21 14:04:26ID: BB  Data: 00 00 00 AA 00 00 00 00 
"
"2016-11-21 14:04:26ID: BC  Data: 00 00 00 AA 00 00 00 00 
"
"2016-11-21 14:04:26ID: BB  Data: 00 00 00 AA 00 00 00 00 
"
"2016-11-21 14:04:26ID: BC  Data: 00 00 00 AA 00 00 00 00 
"
"2016-11-21 14:04:26ID: BB  Data: 00 00 00 AA 00 00 00 00 
"
"2016-11-21 14:04:26ID: BC  Data: 00 00 00 AA 00 00 00 00 
"
"2016-11-21 14:04:26ID: BB  Data: 00 00 00 AA 00 00 00 00 
"
"2016-11-21 14:04:26ID: BC  Data: 00 00 00 AA 00 00 00 00 
"
"2016-11-21 14:04:26ID: BB  Data: 00 00 00 AA 00 00 00 00 
"
"2016-11-21 14:04:26ID: BC  Data: 00 00 00 AA 00 00 00 00 
"
"2016-11-21 14:04:26ID: BB  Data: 00 00 00 AA 00 00 00 00 
"
"2016-11-21 14:04:26ID: BC  Data: 00 00 00 AA 00 00 00 00 
"
"2016-11-21 14:04:27ID: BB  Data: 00 00 00 AA 00 00 00 00 
"
"2016-11-21 14:04:27ID: BC  Data: 00 00 00 AA 00 00 00 00 
"
"2016-11-21 14:04:27ID: BB  Data: 00 00 00 AA 00 00 00 00 
"
"2016-11-21 14:04:27ID: BC  Data: 00 00 00 AA 00 00 00 00 
"
"2016-11-21 14:04:27ID: BB  Data: 00 00 00 AA 00 00 00 00 
"
"2016-11-21 14:04:27ID: BC  Data: 00 00 00 AA 00 00 00 00 
"
"2016-11-21 14:04:27ID: BB  Data: 00 00 00 AA 00 00 00 00 
"
"2016-11-21 14:04:27ID: BC  Data: 00 00 00 AA 00 00 00 00 
"
"2016-11-21 14:04:27ID: BB  Data: 00 00 00 AA 00 00 00 00 
"
"2016-11-21 14:04:27ID: BC  Data: 00 00 00 AA 00 00 00 00 
"
"2016-11-21 14:04:27ID: BB  Data: 00 00 00 AA 00 00 00 00 
"
"2016-11-21 14:04:27ID: BC  Data: 00 00 00 AA 00 00 00 00 
"
"2016-11-21 14:04:27ID: BB  Data: 00 00 00 AA 00 00 00 00 
"
"2016-11-21 14:04:27ID: BC  Data: 00 00 00 AA 00 00 00 00 
"
"2016-11-21 14:04:27ID: BB  Data: 00 00 00 AA 00 00 00 00 
"
"2016-11-21 14:04:27ID: BC  Data: 00 00 00 AA 00 00 00 00 
"
"2016-11-21 14:04:27ID: BB  Data: 00 00 00 AA 00 00 00 00 
"
"2016-11-21 14:04:27ID: BC  Data: 00 00 00 AA 00 00 00 00 
"
"2016-11-21 14:04:27ID: BB  Data: 00 00 00 AA 00 00 00 00 
"
"2016-11-21 14:04:27ID: BC  Data: 00 00 00 AA 00 00 00 00 
"
"2016-11-21 14:04:27ID: BB  Data: 00 00 00 AA 00 00 00 00 
"
"2016-11-21 14:04:27ID: BC  Data: 00 00 00 AA 00 00 00 00 
"
"2016-11-21 14:04:27ID: BB  Data: 00 00 00 AA 00 00 00 00 
"
"2016-11-21 14:04:27ID: BC  Data: 00 00 00 AA 00 00 00 00 
"
"2016-11-21 14:04:28ID: BB  Data: 00 00 00 AA 00 00 00 00 
"
"2016-11-21 14:04:28ID: BC  Data: 00 00 00 AA 00 00 00 00 
"
"2016-11-21 14:04:28ID: BB  Data: 00 00 00 AA 00 00 00 00 
"
"2016-11-21 14:04:28ID: BC  Data: 00 00 00 AA 00 00 00 00 
"
"2016-11-21 14:04:28ID: BB  Data: 00 00 00 AA 00 00 00 00 
"
"2016-11-21 14:04:28ID: BC  Data: 00 00 00 AA 00 00 00 00 
"
"2016-11-21 14:04:28ID: BB  Data: 00 00 00 AA 00 00 00 00 
"
"2016-11-21 14:04:28ID: BC  Data: 00 00 00 AA 00 00 00 00 
"
"2016-11-21 14:04:28ID: BB  Data: 00 00 00 AA 00 00 00 00 
"
"2016-11-21 14:04:28ID: BC  Data: 00 00 00 AA 00 00 00 00 
"
"2016-11-21 14:04:28ID: BB  Data: 00 00 00 AA 00 00 00 00 
"
"2016-11-21 14:04:28ID: BC  Data: 00 00 00 AA 00 00 00 00 
"
"2016-11-21 14:04:28ID: BB  Data: 00 00 00 AA 00 00 00 00 
"
"2016-11-21 14:04:28ID: BC  Data: 00 00 00 AA 00 00 00 00 
"
"2016-11-21 14:04:28ID: BB  Data: 00 00 00 AA 00 00 00 00 
"
"2016-11-21 14:04:28ID: BC  Data: 00 00 00 AA 00 00 00 00 
"
"2016-11-21 14:04:28ID: BB  Data: 00 00 00 AA 00 00 00 00 
"
"2016-11-21 14:04:28ID: BC  Data: 00 00 00 AA 00 00 00 00 
"
"2016-11-21 14:04:28ID: BB  Data: 00 00 00 AA 00 00 00 00 
"
"2016-11-21 14:04:28ID: BC  Data: 00 00 00 AA 00 00 00 00 
"
"2016-11-21 14:04:28ID: BB  Data: 00 00 00 AA 00 00 00 00 
"
"2016-11-21 14:04:28ID: BC  Data: 00 00 00 AA 00 00 00 00 
"
"2016-11-21 14:04:29ID: BB  Data: 00 00 00 AA 00 00 00 00 
"
"2016-11-21 14:04:29ID: BC  Data: 00 00 00 AA 00 00 00 00 
"
"2016-11-21 14:04:29ID: BB  Data: 00 00 00 AA 00 00 00 00 
"
"2016-11-21 14:04:29ID: BC  Data: 00 00 00 AA 00 00 00 00 
"
"2016-11-21 14:04:29ID: BB  Data: 00 00 00 AA 00 00 00 00 
"
"2016-11-21 14:04:29ID: BC  Data: 00 00 00 AA 00 00 00 00 
"
"2016-11-21 14:04:29ID: BB  Data: 00 00 00 AA 00 00 00 00 
"
"2016-11-21 14:04:29ID: BC  Data: 00 00 00 AA 00 00 00 00 
"
"2016-11-21 14:04:29ID: BB  Data: 00 00 00 AA 00 00 00 00 
"
"2016-11-21 14:04:29ID: BC  Data: 00 00 00 AA 00 00 00 00 
"
"2016-11-21 14:04:29ID: BB  Data: 00 00 00 AA 00 00 00 00 
"
"2016-11-21 14:04:29ID: BC  Data: 00 00 00 AA 00 00 00 00 
"
"2016-11-21 14:04:29ID: BB  Data: 00 00 00 AA 00 00 00 00 
"
"2016-11-21 14:04:29ID: BC  Data: 00 00 00 AA 00 00 00 00 
"
"2016-11-21 14:04:29ID: BB  Data: 00 00 00 AA 00 00 00 00 
"
"2016-11-21 14:04:29ID: BC  Data: 00 00 00 AA 00 00 00 00 
"
"2016-11-21 14:04:29ID: BB  Data: 00 00 00 AA 00 00 00 00 
"
"2016-11-21 14:04:29ID: BC  Data: 00 00 00 AA 00 00 00 00 
"
"2016-11-21 14:04:29ID: BB  Data: 00 00 00 AA 00 00 00 00 
"
"2016-11-21 14:04:29ID: BC  Data: 00 00 00 AA 00 00 00 00 
"
"2016-11-21 14:04:29ID: BB  Data: 00 00 00 AA 00 00 00 00 
"
"2016-11-21 14:04:29ID: BC  Data: 00 00 00 AA 00 00 00 00 
"
"2016-11-21 14:04:29ID: BB  Data: 00 00 00 AA 00 00 00 00 
"
"2016-11-21 14:04:30ID: BC  Data: 00 00 00 AA 00 00 00 00 
"
"2016-11-21 14:04:30ID: BB  Data: 00 00 00 AA 00 00 00 00 
"
"2016-11-21 14:04:30ID: BC  Data: 00 00 00 AA 00 00 00 00 
"
"2016-11-21 14:04:30ID: BB  Data: 00 00 00 AA 00 00 00 00 
"
"2016-11-21 14:04:30ID: BC  Data: 00 00 00 AA 00 00 00 00 
"
"2016-11-21 14:04:30ID: BB  Data: 00 00 00 AA 00 00 00 00 
"
"2016-11-21 14:04:30ID: BC  Data: 00 00 00 AA 00 00 00 00 
"
"2016-11-21 14:04:30ID: BB  Data: 00 00 00 AA 00 00 00 00 
"
"2016-11-21 14:04:30ID: BC  Data: 00 00 00 AA 00 00 00 00 
"
"2016-11-21 14:04:30ID: BB  Data: 00 00 00 AA 00 00 00 00 
"
"2016-11-21 14:04:30ID: BC  Data: 00 00 00 AA 00 00 00 00 
"
"2016-11-21 14:04:30ID: BB  Data: 00 00 00 AA 00 00 00 00 
"
"2016-11-21 14:04:30ID: BC  Data: 00 00 00 AA 00 00 00 00 
"
"2016-11-21 14:04:30ID: BB  Data: 00 00 00 AA 00 00 00 00 
"
"2016-11-21 14:04:30ID: BC  Data: 00 00 00 AA 00 00 00 00 
"
"2016-11-21 14:04:30ID: BB  Data: 00 00 00 AA 00 00 00 00 
"
"2016-11-21 14:04:30ID: BC  Data: 00 00 00 AA 00 00 00 00 
"
"2016-11-21 14:04:30ID: BB  Data: 00 00 00 AA 00 00 00 00 
"
"2016-11-21 14:04:30ID: BC  Data: 00 00 00 AA 00 00 00 00 
"
"2016-11-21 14:04:30ID: BB  Data: 00 00 00 AA 00 00 00 00 
"
"2016-11-21 14:04:30ID: BC  Data: 00 00 00 AA 00 00 00 00 
"
"2016-11-21 14:04:30ID: BB  Data: 00 00 00 AA 00 00 00 00 
"
"2016-11-21 14:04:30ID: BC  Data: 00 00 00 AA 00 00 00 00 
"
"2016-11-21 14:04:31ID: BB  Data: 00 00 00 AA 00 00 00 00 
"
"2016-11-21 14:04:31ID: BC  Data: 00 00 00 AA 00 00 00 00 
"
"2016-11-21 14:04:31ID: BB  Data: 00 00 00 AA 00 00 00 00 
"
"2016-11-21 14:04:31ID: BC  Data: 00 00 00 AA 00 00 00 00 
"
"2016-11-21 14:04:31ID: BB  Data: 00 00 00 AA 00 00 00 00 
"
"2016-11-21 14:04:31ID: BC  Data: 00 00 00 AA 00 00 00 00 
"
"2016-11-21 14:04:31ID: BB  Data: 00 00 00 AA 00 00 00 00 
"
"2016-11-21 14:04:31ID: BC  Data: 00 00 00 AA 00 00 00 00 
"
"2016-11-21 14:04:31ID: BB  Data: 00 00 00 AA 00 00 00 00 
"
"2016-11-21 14:04:31ID: BC  Data: 00 00 00 AA 00 00 00 00 
"
"2016-11-21 14:04:31ID: BB  Data: 00 00 00 AA 00 00 00 00 
"
"2016-11-21 14:04:31ID: BC  Data: 00 00 00 AA 00 00 00 00 
"
"2016-11-21 14:04:31ID: BB  Data: 00 00 00 AA 00 00 00 00 
"
"2016-11-21 14:04:31ID: BC  Data: 00 00 00 AA 00 00 00 00 
"
"2016-11-21 14:04:31ID: BB  Data: 00 00 00 AA 00 00 00 00 
"
"2016-11-21 14:04:31ID: BC  Data: 00 00 00 AA 00 00 00 00 
"
"2016-11-21 14:04:31ID: BB  Data: 00 00 00 AA 00 00 00 00 
"
"2016-11-21 14:04:31ID: BC  Data: 00 00 00 AA 00 00 00 00 
"
"2016-11-21 14:04:31ID: BB  Data: 00 00 00 AA 00 00 00 00 
"
"2016-11-21 14:04:31ID: BC  Data: 00 00 00 AA 00 00 00 00 
"
"2016-11-21 14:04:31ID: BB  Data: 00 00 00 AA 00 00 00 00 
"
"2016-11-21 14:04:31ID: BC  Data: 00 00 00 AA 00 00 00 00 
"
"2016-11-21 14:04:32ID: BB  Data: 00 00 00 AA 00 00 00 00 
"
"2016-11-21 14:04:32ID: BC  Data: 00 00 00 AA 00 00 00 00 
"
"2016-11-21 14:04:32ID: BB  Data: 00 00 00 AA 00 00 00 00 
"
"2016-11-21 14:04:32ID: BC  Data: 00 00 00 AA 00 00 00 00 
"
"2016-11-21 14:04:32ID: BB  Data: 00 00 00 AA 00 00 00 00 
"
"2016-11-21 14:04:32ID: BC  Data: 00 00 00 AA 00 00 00 00 
"
"2016-11-21 14:04:32ID: BB  Data: 00 00 00 AA 00 00 00 00 
"
"2016-11-21 14:04:32ID: BC  Data: 00 00 00 AA 00 00 00 00 
"
"2016-11-21 14:04:32ID: BB  Data: 00 00 00 AA 00 00 00 00 
"
"2016-11-21 14:04:32ID: BC  Data: 00 00 00 AA 00 00 00 00 
"
"2016-11-21 14:04:32ID: BB  Data: 00 00 00 AA 00 00 00 00 
"
"2016-11-21 14:04:32ID: BC  Data: 00 00 00 AA 00 00 00 00 
"
"2016-11-21 14:04:32ID: BB  Data: 00 00 00 AA 00 00 00 00 
"
"2016-11-21 14:04:32ID: BC  Data: 00 00 00 AA 00 00 00 00 
"
"2016-11-21 14:04:32ID: BB  Data: 00 00 00 AA 00 00 00 00 
"
"2016-11-21 14:04:32ID: BC  Data: 00 00 00 AA 00 00 00 00 
"
"2016-11-21 14:04:32ID: BB  Data: 00 00 00 AA 00 00 00 00 
"
"2016-11-21 14:04:32ID: BC  Data: 00 00 00 AA 00 00 00 00 
"
"2016-11-21 14:04:32ID: BB  Data: 00 00 00 AA 00 00 00 00 
"
"2016-11-21 14:04:32ID: BC  Data: 00 00 00 AA 00 00 00 00 
"
"2016-11-21 14:04:32ID: BB  Data: 00 00 00 AA 00 00 00 00 
"
"2016-11-21 14:04:32ID: BC  Data: 00 00 00 AA 00 00 00 00 
"
"2016-11-21 14:04:32ID: BB  Data: 00 00 00 AA 00 00 00 00 
"
"2016-11-21 14:04:32ID: BC  Data: 00 00 00 AA 00 00 00 00 
"
"2016-11-21 14:04:33ID: BB  Data: 00 00 00 AA 00 00 00 00 
"
"2016-11-21 14:04:33ID: BC  Data: 00 00 00 AA 00 00 00 00 
"
"2016-11-21 14:04:33ID: BB  Data: 00 00 00 AA 00 00 00 00 
"
"2016-11-21 14:04:33ID: BC  Data: 00 00 00 AA 00 00 00 00 
"
"2016-11-21 14:04:33ID: BB  Data: 00 00 00 AA 00 00 00 00 
"
"2016-11-21 14:04:33ID: BC  Data: 00 00 00 AA 00 00 00 00 
"
"2016-11-21 14:04:33ID: BB  Data: 00 00 00 AA 00 00 00 00 
"
"2016-11-21 14:04:33ID: BC  Data: 00 00 00 AA 00 00 00 00 
"
"2016-11-21 14:04:33ID: BB  Data: 00 00 00 AA 00 00 00 00 
"
"2016-11-21 14:04:33ID: BC  Data: 00 00 00 AA 00 00 00 00 
"
"2016-11-21 14:04:33ID: BB  Data: 00 00 00 AA 00 00 00 00 
"
"2016-11-21 14:04:33ID: BC  Data: 00 00 00 AA 00 00 00 00 
"
"2016-11-21 14:04:33ID: BB  Data: 00 00 00 AA 00 00 00 00 
"
"2016-11-21 14:04:33ID: BC  Data: 00 00 00 AA 00 00 00 00 
"
"2016-11-21 14:04:33ID: BB  Data: 00 00 00 AA 00 00 00 00 
"
"2016-11-21 14:04:33ID: BC  Data: 00 00 00 AA 00 00 00 00 
"
"2016-11-21 14:04:33ID: BB  Data: 00 00 00 AA 00 00 00 00 
"
"2016-11-21 14:04:33ID: BC  Data: 00 00 00 AA 00 00 00 00 
"
"2016-11-21 14:04:33ID: BB  Data: 00 00 00 AA 00 00 00 00 
"
"2016-11-21 14:04:33ID: BC  Data: 00 00 00 AA 00 00 00 00 
"
"2016-11-21 14:04:33ID: BB  Data: 00 00 00 AA 00 00 00 00 
"
"2016-11-21 14:04:33ID: BC  Data: 00 00 00 AA 00 00 00 00 
"
"2016-11-21 14:04:34ID: BB  Data: 00 00 00 AA 00 00 00 00 
"
"2016-11-21 14:04:34ID: BC  Data: 00 00 00 AA 00 00 00 00 
"
"2016-11-21 14:04:34ID: BB  Data: 00 00 00 AA 00 00 00 00 
"
"2016-11-21 14:04:34ID: BC  Data: 00 00 00 AA 00 00 00 00 
"
"2016-11-21 14:04:34ID: BB  Data: 00 00 00 AA 00 00 00 00 
"
"2016-11-21 14:04:34ID: BC  Data: 00 00 00 AA 00 00 00 00 
"
"2016-11-21 14:04:34ID: BB  Data: 00 00 00 AA 00 00 00 00 
"
"2016-11-21 14:04:34ID: BC  Data: 00 00 00 AA 00 00 00 00 
"
"2016-11-21 14:04:34ID: BB  Data: 00 00 00 AA 00 00 00 00 
"
"2016-11-21 14:04:34ID: BC  Data: 00 00 00 AA 00 00 00 00 
"
"2016-11-21 14:04:34ID: BB  Data: 00 00 00 AA 00 00 00 00 
"
"2016-11-21 14:04:34ID: BC  Data: 00 00 00 AA 00 00 00 00 
"
"2016-11-21 14:04:34ID: BB  Data: 00 00 00 AA 00 00 00 00 
"
"2016-11-21 14:04:34ID: BC  Data: 00 00 00 AA 00 00 00 00 
"
"2016-11-21 14:04:34ID: BB  Data: 00 00 00 AA 00 00 00 00 
"
"2016-11-21 14:04:34ID: BC  Data: 00 00 00 AA 00 00 00 00 
"
"2016-11-21 14:04:34ID: BB  Data: 00 00 00 AA 00 00 00 00 
"
"2016-11-21 14:04:34ID: BC  Data: 00 00 00 AA 00 00 00 00 
"
"2016-11-21 14:04:34ID: BB  Data: 00 00 00 AA 00 00 00 00 
"
"2016-11-21 14:04:34ID: BC  Data: 00 00 00 AA 00 00 00 00 
"
"2016-11-21 14:04:34ID: BB  Data: 00 00 00 AA 00 00 00 00 
"
"2016-11-21 14:04:34ID: BC  Data: 00 00 00 AA 00 00 00 00 
"
"2016-11-21 14:04:35ID: BB  Data: 00 00 00 AA 00 00 00 00 
"
"2016-11-21 14:04:35ID: BC  Data: 00 00 00 AA 00 00 00 00 
"
"2016-11-21 14:04:35ID: BB  Data: 00 00 00 AA 00 00 00 00 
"
"2016-11-21 14:04:35ID: BC  Data: 00 00 00 AA 00 00 00 00 
"
"2016-11-21 14:04:35ID: BB  Data: 00 00 00 AA 00 00 00 00 
"
"2016-11-21 14:04:35ID: BC  Data: 00 00 00 AA 00 00 00 00 
"
"2016-11-21 14:04:35ID: BB  Data: 00 00 00 AA 00 00 00 00 
"
"2016-11-21 14:04:35ID: BC  Data: 00 00 00 AA 00 00 00 00 
"
"2016-11-21 14:04:35ID: BB  Data: 00 00 00 AA 00 00 00 00 
"
"2016-11-21 14:04:35ID: BC  Data: 00 00 00 AA 00 00 00 00 
"
"2016-11-21 14:04:35ID: BB  Data: 00 00 00 AA 00 00 00 00 
"
"2016-11-21 14:04:35ID: BC  Data: 00 00 00 AA 00 00 00 00 
"
"2016-11-21 14:04:35ID: BB  Data: 00 00 00 AA 00 00 00 00 
"
"2016-11-21 14:04:35ID: BC  Data: 00 00 00 AA 00 00 00 00 
"
"2016-11-21 14:04:35ID: BB  Data: 00 00 00 AA 00 00 00 00 
"
"2016-11-21 14:04:35ID: BC  Data: 00 00 00 AA 00 00 00 00 
"
"2016-11-21 14:04:35ID: BB  Data: 00 00 00 AA 00 00 00 00 
"
"2016-11-21 14:04:35ID: BC  Data: 00 00 00 AA 00 00 00 00 
"
"2016-11-21 14:04:35ID: BB  Data: 00 00 00 AA 00 00 00 00 
"
"2016-11-21 14:04:35ID: BC  Data: 00 00 00 AA 00 00 00 00 
"
"2016-11-21 14:04:35ID: BB  Data: 00 00 00 AA 00 00 00 00 
"
"2016-11-21 14:04:35ID: BC  Data: 00 00 00 AA 00 00 00 00 
"
"2016-11-21 14:04:35ID: BB  Data: 00 00 00 AA 00 00 00 00 
"
"2016-11-21 14:04:35ID: BC  Data: 00 00 00 AA 00 00 00 00 
"
"2016-11-21 14:04:36ID: BB  Data: 00 00 00 AA 00 00 00 00 
"
"2016-11-21 14:04:36ID: BC  Data: 00 00 00 AA 00 00 00 00 
"
"2016-11-21 14:04:36ID: BB  Data: 00 00 00 AA 00 00 00 00 
"
"2016-11-21 14:04:36ID: BC  Data: 00 00 00 AA 00 00 00 00 
"
"2016-11-21 14:04:36ID: BB  Data: 00 00 00 AA 00 00 00 00 
"
"2016-11-21 14:04:36ID: BC  Data: 00 00 00 AA 00 00 00 00 
"
"2016-11-21 14:04:36ID: BB  Data: 00 00 00 AA 00 00 00 00 
"
"2016-11-21 14:04:36ID: BC  Data: 00 00 00 AA 00 00 00 00 
"
"2016-11-21 14:04:36ID: BB  Data: 00 00 00 AA 00 00 00 00 
"
"2016-11-21 14:04:36ID: BC  Data: 00 00 00 AA 00 00 00 00 
"
"2016-11-21 14:04:36ID: BB  Data: 00 00 00 AA 00 00 00 00 
"
"2016-11-21 14:04:36ID: BC  Data: 00 00 00 AA 00 00 00 00 
"
"2016-11-21 14:04:36ID: BB  Data: 00 00 00 AA 00 00 00 00 
"
"2016-11-21 14:04:36ID: BC  Data: 00 00 00 AA 00 00 00 00 
"
"2016-11-21 14:04:36ID: BB  Data: 00 00 00 AA 00 00 00 00 
"
"2016-11-21 14:04:36ID: BC  Data: 00 00 00 AA 00 00 00 00 
"
"2016-11-21 14:04:36ID: BB  Data: 00 00 00 AA 00 00 00 00 
"
"2016-11-21 14:04:36ID: BC  Data: 00 00 00 AA 00 00 00 00 
"
"2016-11-21 14:04:36ID: BB  Data: 00 00 00 AA 00 00 00 00 
"
"2016-11-21 14:04:36ID: BC  Data: 00 00 00 AA 00 00 00 00 
"
"2016-11-21 14:04:36ID: BB  Data: 00 00 00 AA 00 00 00 00 
"
"2016-11-21 14:04:36ID: BC  Data: 00 00 00 AA 00 00 00 00 
"
"2016-11-21 14:04:37ID: BB  Data: 00 00 00 AA 00 00 00 00 
"
"2016-11-21 14:04:37ID: BC  Data: 00 00 00 AA 00 00 00 00 
"
"2016-11-21 14:04:37ID: BB  Data: 00 00 00 AA 00 00 00 00 
"
"2016-11-21 14:04:37ID: BC  Data: 00 00 00 AA 00 00 00 00 
"
"2016-11-21 14:04:37ID: BB  Data: 00 00 00 AA 00 00 00 00 
"
"2016-11-21 14:04:37ID: BC  Data: 00 00 00 AA 00 00 00 00 
"
"2016-11-21 14:04:37ID: BB  Data: 00 00 00 AA 00 00 00 00 
"
"2016-11-21 14:04:37ID: BC  Data: 00 00 00 AA 00 00 00 00 
"
"2016-11-21 14:04:37ID: BB  Data: 00 00 00 AA 00 00 00 00 
"
"2016-11-21 14:04:37ID: BC  Data: 00 00 00 AA 00 00 00 00 
"
"2016-11-21 14:04:37ID: BB  Data: 00 00 00 AA 00 00 00 00 
"
"2016-11-21 14:04:37ID: BC  Data: 00 00 00 AA 00 00 00 00 
"
"2016-11-21 14:04:37ID: BB  Data: 00 00 00 AA 00 00 00 00 
"
"2016-11-21 14:04:37ID: BC  Data: 00 00 00 AA 00 00 00 00 
"
"2016-11-21 14:04:37ID: BB  Data: 00 00 00 AA 00 00 00 00 
"
"2016-11-21 14:04:37ID: BC  Data: 00 00 00 AA 00 00 00 00 
"
"2016-11-21 14:04:37ID: BB  Data: 00 00 00 AA 00 00 00 00 
"
"2016-11-21 14:04:37ID: BC  Data: 00 00 00 AA 00 00 00 00 
"
"2016-11-21 14:04:37ID: BB  Data: 00 00 00 AA 00 00 00 00 
"
"2016-11-21 14:04:37ID: BC  Data: 00 00 00 AA 00 00 00 00 
"
"2016-11-21 14:04:37ID: BB  Data: 00 00 00 AA 00 00 00 00 
"
"2016-11-21 14:04:37ID: BC  Data: 00 00 00 AA 00 00 00 00 
"
"2016-11-21 14:04:37ID: BB  Data: 00 00 00 AA 00 00 00 00 
"
"2016-11-21 14:04:38ID: BC  Data: 00 00 00 AA 00 00 00 00 
"
"2016-11-21 14:04:38ID: BB  Data: 00 00 00 AA 00 00 00 00 
"
"2016-11-21 14:04:38ID: BC  Data: 00 00 00 AA 00 00 00 00 
"
"2016-11-21 14:04:38ID: BB  Data: 00 00 00 AA 00 00 00 00 
"
"2016-11-21 14:04:38ID: BC  Data: 00 00 00 AA 00 00 00 00 
"
"2016-11-21 14:04:38ID: BB  Data: 00 00 00 AA 00 00 00 00 
"
"2016-11-21 14:04:38ID: BC  Data: 00 00 00 AA 00 00 00 00 
"
"2016-11-21 14:04:38ID: BB  Data: 00 00 00 AA 00 00 00 00 
"
"2016-11-21 14:04:38ID: BC  Data: 00 00 00 AA 00 00 00 00 
"
"2016-11-21 14:04:38ID: BB  Data: 00 00 00 AA 00 00 00 00 
"
"2016-11-21 14:04:38ID: BC  Data: 00 00 00 AA 00 00 00 00 
"
"2016-11-21 14:04:38ID: BB  Data: 00 00 00 AA 00 00 00 00 
"
"2016-11-21 14:04:38ID: BC  Data: 00 00 00 AA 00 00 00 00 
"
"2016-11-21 14:04:38ID: BB  Data: 00 00 00 AA 00 00 00 00 
"
"2016-11-21 14:04:38ID: BC  Data: 00 00 00 AA 00 00 00 00 
"
"2016-11-21 14:04:38ID: BB  Data: 00 00 00 AA 00 00 00 00 
"
"2016-11-21 14:04:38ID: BC  Data: 00 00 00 AA 00 00 00 00 
"
"2016-11-21 14:04:38ID: BB  Data: 00 00 00 AA 00 00 00 00 
"
"2016-11-21 14:04:38ID: BC  Data: 00 00 00 AA 00 00 00 00 
"
"2016-11-21 14:04:38ID: BB  Data: 00 00 00 AA 00 00 00 00 
"
"2016-11-21 14:04:38ID: BC  Data: 00 00 00 AA 00 00 00 00 
"
"2016-11-21 14:04:38ID: BB  Data: 00 00 00 AA 00 00 00 00 
"
"2016-11-21 14:04:38ID: BC  Data: 00 00 00 AA 00 00 00 00 
"
"2016-11-21 14:04:39ID: BB  Data: 00 00 00 AA 00 00 00 00 
"
"2016-11-21 14:04:39ID: BC  Data: 00 00 00 AA 00 00 00 00 
"
"2016-11-21 14:04:39ID: BB  Data: 00 00 00 AA 00 00 00 00 
"
"2016-11-21 14:04:39ID: BC  Data: 00 00 00 AA 00 00 00 00 
"
"2016-11-21 14:04:39ID: BB  Data: 00 00 00 AA 00 00 00 00 
"
"2016-11-21 14:04:39ID: BC  Data: 00 00 00 AA 00 00 00 00 
"
"2016-11-21 14:04:39ID: BB  Data: 00 00 00 AA 00 00 00 00 
"
"2016-11-21 14:04:39ID: BC  Data: 00 00 00 AA 00 00 00 00 
"
"2016-11-21 14:04:39ID: BB  Data: 00 00 00 AA 00 00 00 00 
"
"2016-11-21 14:04:39ID: BC  Data: 00 00 00 AA 00 00 00 00 
"
"2016-11-21 14:04:39ID: BB  Data: 00 00 00 AA 00 00 00 00 
"
"2016-11-21 14:04:39ID: BC  Data: 00 00 00 AA 00 00 00 00 
"
"2016-11-21 14:04:39ID: BB  Data: 00 00 00 AA 00 00 00 00 
"
"2016-11-21 14:04:39ID: BC  Data: 00 00 00 AA 00 00 00 00 
"
"2016-11-21 14:04:39ID: BB  Data: 00 00 00 AA 00 00 00 00 
"
"2016-11-21 14:04:39ID: BC  Data: 00 00 00 AA 00 00 00 00 
"
"2016-11-21 14:04:39ID: BB  Data: 00 00 00 AA 00 00 00 00 
"
"2016-11-21 14:04:39ID: BC  Data: 00 00 00 AA 00 00 00 00 
"
"2016-11-21 14:04:39ID: BB  Data: 00 00 00 AA 00 00 00 00 
"
"2016-11-21 14:04:39ID: BC  Data: 00 00 00 AA 00 00 00 00 
"
"2016-11-21 14:04:39ID: BB  Data: 00 00 00 AA 00 00 00 00 
"
"2016-11-21 14:04:39ID: BC  Data: 00 00 00 AA 00 00 00 00 
"
"2016-11-21 14:04:40ID: BB  Data: 00 00 00 AA 00 00 00 00 
"
"2016-11-21 14:04:40ID: BC  Data: 00 00 00 AA 00 00 00 00 
"
"2016-11-21 14:04:40ID: BB  Data: 00 00 00 AA 00 00 00 00 
"
"2016-11-21 14:04:40ID: BC  Data: 00 00 00 AA 00 00 00 00 
"
"2016-11-21 14:04:40ID: BB  Data: 00 00 00 AA 00 00 00 00 
"
"2016-11-21 14:04:40ID: BC  Data: 00 00 00 AA 00 00 00 00 
"
"2016-11-21 14:04:40ID: BB  Data: 00 00 00 AA 00 00 00 00 
"
"2016-11-21 14:04:40ID: BC  Data: 00 00 00 AA 00 00 00 00 
"
"2016-11-21 14:04:40ID: BB  Data: 00 00 00 AA 00 00 00 00 
"
"2016-11-21 14:04:40ID: BC  Data: 00 00 00 AA 00 00 00 00 
"
"2016-11-21 14:04:40ID: BB  Data: 00 00 00 AA 00 00 00 00 
"
"2016-11-21 14:04:40ID: BC  Data: 00 00 00 AA 00 00 00 00 
"
"2016-11-21 14:04:40ID: BB  Data: 00 00 00 AA 00 00 00 00 
"
"2016-11-21 14:04:40ID: BC  Data: 00 00 00 AA 00 00 00 00 
"
"2016-11-21 14:04:40ID: BB  Data: 00 00 00 AA 00 00 00 00 
"
"2016-11-21 14:04:40ID: BC  Data: 00 00 00 AA 00 00 00 00 
"
"2016-11-21 14:04:40ID: BB  Data: 00 00 00 AA 00 00 00 00 
"
"2016-11-21 14:04:40ID: BC  Data: 00 00 00 AA 00 00 00 00 
"
"2016-11-21 14:04:40ID: BB  Data: 00 00 00 AA 00 00 00 00 
"
"2016-11-21 14:04:40ID: BC  Data: 00 00 00 AA 00 00 00 00 
"
"2016-11-21 14:04:40ID: BB  Data: 00 00 00 AA 00 00 00 00 
"
"2016-11-21 14:04:40ID: BC  Data: 00 00 00 AA 00 00 00 00 
"
"2016-11-21 14:04:40ID: BB  Data: 00 00 00 AA 00 00 00 00 
"
"2016-11-21 14:04:40ID: BC  Data: 00 00 00 AA 00 00 00 00 
"
"2016-11-21 14:04:41ID: BB  Data: 00 00 00 AA 00 00 00 00 
"
"2016-11-21 14:04:41ID: BC  Data: 00 00 00 AA 00 00 00 00 
"
"2016-11-21 14:04:41ID: BB  Data: 00 00 00 AA 00 00 00 00 
"
"2016-11-21 14:04:41ID: BC  Data: 00 00 00 AA 00 00 00 00 
"
"2016-11-21 14:04:41ID: BB  Data: 00 00 00 AA 00 00 00 00 
"
"2016-11-21 14:04:41ID: BC  Data: 00 00 00 AA 00 00 00 00 
"
"2016-11-21 14:04:41ID: BB  Data: 00 00 00 AA 00 00 00 00 
"
"2016-11-21 14:04:41ID: BC  Data: 00 00 00 AA 00 00 00 00 
"
"2016-11-21 14:04:41ID: BB  Data: 00 00 00 AA 00 00 00 00 
"
"2016-11-21 14:04:41ID: BC  Data: 00 00 00 AA 00 00 00 00 
"
"2016-11-21 14:04:41ID: BB  Data: 00 00 00 AA 00 00 00 00 
"
"2016-11-21 14:04:41ID: BC  Data: 00 00 00 AA 00 00 00 00 
"
"2016-11-21 14:04:41ID: BB  Data: 00 00 00 AA 00 00 00 00 
"
"2016-11-21 14:04:41ID: BC  Data: 00 00 00 AA 00 00 00 00 
"
"2016-11-21 14:04:41ID: BB  Data: 00 00 00 AA 00 00 00 00 
"
"2016-11-21 14:04:41ID: BC  Data: 00 00 00 AA 00 00 00 00 
"
"2016-11-21 14:04:41ID: BB  Data: 00 00 00 AA 00 00 00 00 
"
"2016-11-21 14:04:41ID: BC  Data: 00 00 00 AA 00 00 00 00 
"
"2016-11-21 14:04:41ID: BB  Data: 00 00 00 AA 00 00 00 00 
"
"2016-11-21 14:04:41ID: BC  Data: 00 00 00 AA 00 00 00 00 
"
"2016-11-21 14:04:41ID: BB  Data: 00 00 00 AA 00 00 00 00 
"
"2016-11-21 14:04:41ID: BC  Data: 00 00 00 AA 00 00 00 00 
"
"2016-11-21 14:04:42ID: BB  Data: 00 00 00 AA 00 00 00 00 
"
"2016-11-21 14:04:42ID: BC  Data: 00 00 00 AA 00 00 00 00 
"
"2016-11-21 14:04:42ID: BB  Data: 00 00 00 AA 00 00 00 00 
"
"2016-11-21 14:04:42ID: BC  Data: 00 00 00 AA 00 00 00 00 
"
"2016-11-21 14:04:42ID: BB  Data: 00 00 00 AA 00 00 00 00 
"
"2016-11-21 14:04:42ID: BC  Data: 00 00 00 AA 00 00 00 00 
"
"2016-11-21 14:04:42ID: BB  Data: 00 00 00 AA 00 00 00 00 
"
"2016-11-21 14:04:42ID: BC  Data: 00 00 00 AA 00 00 00 00 
"
"2016-11-21 14:04:42ID: BB  Data: 00 00 00 AA 00 00 00 00 
"
"2016-11-21 14:04:42ID: BC  Data: 00 00 00 AA 00 00 00 00 
"
"2016-11-21 14:04:42ID: BB  Data: 00 00 00 AA 00 00 00 00 
"
"2016-11-21 14:04:42ID: BC  Data: 00 00 00 AA 00 00 00 00 
"
"2016-11-21 14:04:42ID: BB  Data: 00 00 00 AA 00 00 00 00 
"
"2016-11-21 14:04:42ID: BC  Data: 00 00 00 AA 00 00 00 00 
"
"2016-11-21 14:04:42ID: BB  Data: 00 00 00 AA 00 00 00 00 
"
"2016-11-21 14:04:42ID: BC  Data: 00 00 00 AA 00 00 00 00 
"
"2016-11-21 14:04:42ID: BB  Data: 00 00 00 AA 00 00 00 00 
"
"2016-11-21 14:04:42ID: BC  Data: 00 00 00 AA 00 00 00 00 
"
"2016-11-21 14:04:42ID: BB  Data: 00 00 00 AA 00 00 00 00 
"
"2016-11-21 14:04:42ID: BC  Data: 00 00 00 AA 00 00 00 00 
"
"2016-11-21 14:04:42ID: BB  Data: 00 00 00 AA 00 00 00 00 
"
"2016-11-21 14:04:42ID: BC  Data: 00 00 00 AA 00 00 00 00 
"
"2016-11-21 14:04:43ID: BB  Data: 00 00 00 AA 00 00 00 00 
"
"2016-11-21 14:04:43ID: BC  Data: 00 00 00 AA 00 00 00 00 
"
"2016-11-21 14:04:43ID: BB  Data: 00 00 00 AA 00 00 00 00 
"
"2016-11-21 14:04:43ID: BC  Data: 00 00 00 AA 00 00 00 00 
"
"2016-11-21 14:04:43ID: BB  Data: 00 00 00 AA 00 00 00 00 
"
"2016-11-21 14:04:43ID: BC  Data: 00 00 00 AA 00 00 00 00 
"
"2016-11-21 14:04:43ID: BB  Data: 00 00 00 AA 00 00 00 00 
"
"2016-11-21 14:04:43ID: BC  Data: 00 00 00 AA 00 00 00 00 
"
"2016-11-21 14:04:43ID: BB  Data: 00 00 00 AA 00 00 00 00 
"
"2016-11-21 14:04:43ID: BC  Data: 00 00 00 AA 00 00 00 00 
"
"2016-11-21 14:04:43ID: BB  Data: 00 00 00 AA 00 00 00 00 
"
"2016-11-21 14:04:43ID: BC  Data: 00 00 00 AA 00 00 00 00 
"
"2016-11-21 14:04:43ID: BB  Data: 00 00 00 AA 00 00 00 00 
"
"2016-11-21 14:04:43ID: BC  Data: 00 00 00 AA 00 00 00 00 
"
"2016-11-21 14:04:43ID: BB  Data: 00 00 00 AA 00 00 00 00 
"
"2016-11-21 14:04:43ID: BC  Data: 00 00 00 AA 00 00 00 00 
"
"2016-11-21 14:04:43ID: BB  Data: 00 00 00 AA 00 00 00 00 
"
"2016-11-21 14:04:43ID: BC  Data: 00 00 00 AA 00 00 00 00 
"
"2016-11-21 14:04:43ID: BB  Data: 00 00 00 AA 00 00 00 00 
"
"2016-11-21 14:04:43ID: BC  Data: 00 00 00 AA 00 00 00 00 
"
"2016-11-21 14:04:43ID: BB  Data: 00 00 00 AA 00 00 00 00 
"
"2016-11-21 14:04:43ID: BC  Data: 00 00 00 AA 00 00 00 00 
"
"2016-11-21 14:04:43ID: BB  Data: 00 00 00 AA 00 00 00 00 
"
"2016-11-21 14:04:43ID: BC  Data: 00 00 00 AA 00 00 00 00 
"
"2016-11-21 14:04:44ID: BB  Data: 00 00 00 AA 00 00 00 00 
"
"2016-11-21 14:04:44ID: BC  Data: 00 00 00 AA 00 00 00 00 
"
"2016-11-21 14:04:44ID: BB  Data: 00 00 00 AA 00 00 00 00 
"
"2016-11-21 14:04:44ID: BC  Data: 00 00 00 AA 00 00 00 00 
"
"2016-11-21 14:04:44ID: BB  Data: 00 00 00 AA 00 00 00 00 
"
"2016-11-21 14:04:44ID: BC  Data: 00 00 00 AA 00 00 00 00 
"
"2016-11-21 14:04:44ID: BB  Data: 00 00 00 AA 00 00 00 00 
"
"2016-11-21 14:04:44ID: BC  Data: 00 00 00 AA 00 00 00 00 
"
"2016-11-21 14:04:44ID: BB  Data: 00 00 00 AA 00 00 00 00 
"
"2016-11-21 14:04:44ID: BC  Data: 00 00 00 AA 00 00 00 00 
"
"2016-11-21 14:04:44ID: BB  Data: 00 00 00 AA 00 00 00 00 
"
"2016-11-21 14:04:44ID: BC  Data: 00 00 00 AA 00 00 00 00 
"
"2016-11-21 14:04:44ID: BB  Data: 00 00 00 AA 00 00 00 00 
"
"2016-11-21 14:04:44ID: BC  Data: 00 00 00 AA 00 00 00 00 
"
"2016-11-21 14:04:44ID: BB  Data: 00 00 00 AA 00 00 00 00 
"
"2016-11-21 14:04:44ID: BC  Data: 00 00 00 AA 00 00 00 00 
"
"2016-11-21 14:04:44ID: BB  Data: 00 00 00 AA 00 00 00 00 
"
"2016-11-21 14:04:44ID: BC  Data: 00 00 00 AA 00 00 00 00 
"
"2016-11-21 14:04:44ID: BB  Data: 00 00 00 AA 00 00 00 00 
"
"2016-11-21 14:04:44ID: BC  Data: 00 00 00 AA 00 00 00 00 
"
"2016-11-21 14:04:44ID: BB  Data: 00 00 00 AA 00 00 00 00 
"
"2016-11-21 14:04:44ID: BC  Data: 00 00 00 AA 00 00 00 00 
"
"2016-11-21 14:04:45ID: BB  Data: 00 00 00 AA 00 00 00 00 
"
"2016-11-21 14:04:45ID: BC  Data: 00 00 00 AA 00 00 00 00 
"
"2016-11-21 14:04:45ID: BB  Data: 00 00 00 AA 00 00 00 00 
"
"2016-11-21 14:04:45ID: BC  Data: 00 00 00 AA 00 00 00 00 
"
"2016-11-21 14:04:45ID: BB  Data: 00 00 00 AA 00 00 00 00 
"
"2016-11-21 14:04:45ID: BC  Data: 00 00 00 AA 00 00 00 00 
"
"2016-11-21 14:04:45ID: BB  Data: 00 00 00 AA 00 00 00 00 
"
"2016-11-21 14:04:45ID: BC  Data: 00 00 00 AA 00 00 00 00 
"
"2016-11-21 14:04:45ID: BB  Data: 00 00 00 AA 00 00 00 00 
"
"2016-11-21 14:04:45ID: BC  Data: 00 00 00 AA 00 00 00 00 
"
"2016-11-21 14:04:45ID: BB  Data: 00 00 00 AA 00 00 00 00 
"
"2016-11-21 14:04:45ID: BC  Data: 00 00 00 AA 00 00 00 00 
"
"2016-11-21 14:04:45ID: BB  Data: 00 00 00 AA 00 00 00 00 
"
"2016-11-21 14:04:45ID: BC  Data: 00 00 00 AA 00 00 00 00 
"
"2016-11-21 14:04:45ID: BB  Data: 00 00 00 AA 00 00 00 00 
"
"2016-11-21 14:04:45ID: BC  Data: 00 00 00 AA 00 00 00 00 
"
"2016-11-21 14:04:45ID: BB  Data: 00 00 00 AA 00 00 00 00 
"
"2016-11-21 14:04:45ID: BC  Data: 00 00 00 AA 00 00 00 00 
"
"2016-11-21 14:04:45ID: BB  Data: 00 00 00 AA 00 00 00 00 
"
"2016-11-21 14:04:45ID: BC  Data: 00 00 00 AA 00 00 00 00 
"
"2016-11-21 14:04:45ID: BB  Data: 00 00 00 AA 00 00 00 00 
"
"2016-11-21 14:04:45ID: BC  Data: 00 00 00 AA 00 00 00 00 
"
"2016-11-21 14:04:45ID: BB  Data: 00 00 00 AA 00 00 00 00 
"
"2016-11-21 14:04:46ID: BC  Data: 00 00 00 AA 00 00 00 00 
"
"2016-11-21 14:04:46ID: BB  Data: 00 00 00 AA 00 00 00 00 
"
"2016-11-21 14:04:46ID: BC  Data: 00 00 00 AA 00 00 00 00 
"
"2016-11-21 14:04:46ID: BB  Data: 00 00 00 AA 00 00 00 00 
"
"2016-11-21 14:04:46ID: BC  Data: 00 00 00 AA 00 00 00 00 
"
"2016-11-21 14:04:46ID: BB  Data: 00 00 00 AA 00 00 00 00 
"
"2016-11-21 14:04:46ID: BC  Data: 00 00 00 AA 00 00 00 00 
"
"2016-11-21 14:04:46ID: BB  Data: 00 00 00 AA 00 00 00 00 
"
"2016-11-21 14:04:46ID: BC  Data: 00 00 00 AA 00 00 00 00 
"
"2016-11-21 14:04:46ID: BB  Data: 00 00 00 AA 00 00 00 00 
"
"2016-11-21 14:04:46ID: BC  Data: 00 00 00 AA 00 00 00 00 
"
"2016-11-21 14:04:46ID: BB  Data: 00 00 00 AA 00 00 00 00 
"
"2016-11-21 14:04:46ID: BC  Data: 00 00 00 AA 00 00 00 00 
"
"2016-11-21 14:04:46ID: BB  Data: 00 00 00 AA 00 00 00 00 
"
"2016-11-21 14:04:46ID: BC  Data: 00 00 00 AA 00 00 00 00 
"
"2016-11-21 14:04:46ID: BB  Data: 00 00 00 AA 00 00 00 00 
"
"2016-11-21 14:04:46ID: BC  Data: 00 00 00 AA 00 00 00 00 
"
"2016-11-21 14:04:46ID: BB  Data: 00 00 00 AA 00 00 00 00 
"
"2016-11-21 14:04:46ID: BC  Data: 00 00 00 AA 00 00 00 00 
"
"2016-11-21 14:04:46ID: BB  Data: 00 00 00 AA 00 00 00 00 
"
"2016-11-21 14:04:46ID: BC  Data: 00 00 00 AA 00 00 00 00 
"
"2016-11-21 14:04:46ID: BB  Data: 00 00 00 AA 00 00 00 00 
"
"2016-11-21 14:04:46ID: BC  Data: 00 00 00 AA 00 00 00 00 
"
"2016-11-21 14:04:47ID: BB  Data: 00 00 00 AA 00 00 00 00 
"
"2016-11-21 14:04:47ID: BC  Data: 00 00 00 AA 00 00 00 00 
"
"2016-11-21 14:04:47ID: BB  Data: 00 00 00 AA 00 00 00 00 
"
"2016-11-21 14:04:47ID: BC  Data: 00 00 00 AA 00 00 00 00 
"
"2016-11-21 14:04:47ID: BB  Data: 00 00 00 AA 00 00 00 00 
"
"2016-11-21 14:04:47ID: BC  Data: 00 00 00 AA 00 00 00 00 
"
"2016-11-21 14:04:47ID: BB  Data: 00 00 00 AA 00 00 00 00 
"
"2016-11-21 14:04:47ID: BC  Data: 00 00 00 AA 00 00 00 00 
"
"2016-11-21 14:04:47ID: BB  Data: 00 00 00 AA 00 00 00 00 
"
"2016-11-21 14:04:47ID: BC  Data: 00 00 00 AA 00 00 00 00 
"
"2016-11-21 14:04:47ID: BB  Data: 00 00 00 AA 00 00 00 00 
"
"2016-11-21 14:04:47ID: BC  Data: 00 00 00 AA 00 00 00 00 
"
"2016-11-21 14:04:47ID: BB  Data: 00 00 00 AA 00 00 00 00 
"
"2016-11-21 14:04:47ID: BC  Data: 00 00 00 AA 00 00 00 00 
"
"2016-11-21 14:04:47ID: BB  Data: 00 00 00 AA 00 00 00 00 
"
"2016-11-21 14:04:47ID: BC  Data: 00 00 00 AA 00 00 00 00 
"
"2016-11-21 14:04:47ID: BB  Data: 00 00 00 AA 00 00 00 00 
"
"2016-11-21 14:04:47ID: BC  Data: 00 00 00 AA 00 00 00 00 
"
"2016-11-21 14:04:47ID: BB  Data: 00 00 00 AA 00 00 00 00 
"
"2016-11-21 14:04:47ID: BC  Data: 00 00 00 AA 00 00 00 00 
"
"2016-11-21 14:04:47ID: BB  Data: 00 00 00 AA 00 00 00 00 
"
"2016-11-21 14:04:47ID: BC  Data: 00 00 00 AA 00 00 00 00 
"
"2016-11-21 14:04:48ID: BB  Data: 00 00 00 AA 00 00 00 00 
"
"2016-11-21 14:04:48ID: BC  Data: 00 00 00 AA 00 00 00 00 
"
"2016-11-21 14:04:48ID: BB  Data: 00 00 00 AA 00 00 00 00 
"
"2016-11-21 14:04:48ID: BC  Data: 00 00 00 AA 00 00 00 00 
"
"2016-11-21 14:04:48ID: BB  Data: 00 00 00 AA 00 00 00 00 
"
"2016-11-21 14:04:48ID: BC  Data: 00 00 00 AA 00 00 00 00 
"
"2016-11-21 14:04:48ID: BB  Data: 00 00 00 AA 00 00 00 00 
"
"2016-11-21 14:04:48ID: BC  Data: 00 00 00 AA 00 00 00 00 
"
"2016-11-21 14:04:48ID: BB  Data: 00 00 00 AA 00 00 00 00 
"
"2016-11-21 14:04:48ID: BC  Data: 00 00 00 AA 00 00 00 00 
"
"2016-11-21 14:04:48ID: BB  Data: 00 00 00 AA 00 00 00 00 
"
"2016-11-21 14:04:48ID: BC  Data: 00 00 00 AA 00 00 00 00 
"
"2016-11-21 14:04:48ID: BB  Data: 00 00 00 AA 00 00 00 00 
"
"2016-11-21 14:04:48ID: BC  Data: 00 00 00 AA 00 00 00 00 
"
"2016-11-21 14:04:48ID: BB  Data: 00 00 00 AA 00 00 00 00 
"
"2016-11-21 14:04:48ID: BC  Data: 00 00 00 AA 00 00 00 00 
"
"2016-11-21 14:04:48ID: BB  Data: 00 00 00 AA 00 00 00 00 
"
"2016-11-21 14:04:48ID: BC  Data: 00 00 00 AA 00 00 00 00 
"
"2016-11-21 14:04:48ID: BB  Data: 00 00 00 AA 00 00 00 00 
"
"2016-11-21 14:04:48ID: BC  Data: 00 00 00 AA 00 00 00 00 
"
"2016-11-21 14:04:48ID: BB  Data: 00 00 00 AA 00 00 00 00 
"
"2016-11-21 14:04:48ID: BC  Data: 00 00 00 AA 00 00 00 00 
"
"2016-11-21 14:04:48ID: BB  Data: 00 00 00 AA 00 00 00 00 
"
"2016-11-21 14:04:48ID: BC  Data: 00 00 00 AA 00 00 00 00 
"
"2016-11-21 14:04:49ID: BB  Data: 00 00 00 AA 00 00 00 00 
"
"2016-11-21 14:04:49ID: BC  Data: 00 00 00 AA 00 00 00 00 
"
"2016-11-21 14:04:49ID: BB  Data: 00 00 00 AA 00 00 00 00 
"
"2016-11-21 14:04:49ID: BC  Data: 00 00 00 AA 00 00 00 00 
"
"2016-11-21 14:04:49ID: BB  Data: 00 00 00 AA 00 00 00 00 
"
"2016-11-21 14:04:49ID: BC  Data: 00 00 00 AA 00 00 00 00 
"
"2016-11-21 14:04:49ID: BB  Data: 00 00 00 AA 00 00 00 00 
"
"2016-11-21 14:04:49ID: BC  Data: 00 00 00 AA 00 00 00 00 
"
"2016-11-21 14:04:49ID: BB  Data: 00 00 00 AA 00 00 00 00 
"
"2016-11-21 14:04:49ID: BC  Data: 00 00 00 AA 00 00 00 00 
"
"2016-11-21 14:04:49ID: BB  Data: 00 00 00 AA 00 00 00 00 
"
"2016-11-21 14:04:49ID: BC  Data: 00 00 00 AA 00 00 00 00 
"
"2016-11-21 14:04:49ID: BB  Data: 00 00 00 AA 00 00 00 00 
"
"2016-11-21 14:04:49ID: BC  Data: 00 00 00 AA 00 00 00 00 
"
"2016-11-21 14:04:49ID: BB  Data: 00 00 00 AA 00 00 00 00 
"
"2016-11-21 14:04:49ID: BC  Data: 00 00 00 AA 00 00 00 00 
"
"2016-11-21 14:04:49ID: BB  Data: 00 00 00 AA 00 00 00 00 
"
"2016-11-21 14:04:49ID: BC  Data: 00 00 00 AA 00 00 00 00 
"
"2016-11-21 14:04:49ID: BB  Data: 00 00 00 AA 00 00 00 00 
"
"2016-11-21 14:04:49ID: BC  Data: 00 00 00 AA 00 00 00 00 
"
"2016-11-21 14:04:49ID: BB  Data: 00 00 00 AA 00 00 00 00 
"
"2016-11-21 14:04:49ID: BC  Data: 00 00 00 AA 00 00 00 00 
"
"2016-11-21 14:04:50ID: BB  Data: 00 00 00 AA 00 00 00 00 
"
"2016-11-21 14:04:50ID: BC  Data: 00 00 00 AA 00 00 00 00 
"
"2016-11-21 14:04:50ID: BB  Data: 00 00 00 AA 00 00 00 00 
"
"2016-11-21 14:04:50ID: BC  Data: 00 00 00 AA 00 00 00 00 
"
"2016-11-21 14:04:50ID: BB  Data: 00 00 00 AA 00 00 00 00 
"
"2016-11-21 14:04:50ID: BC  Data: 00 00 00 AA 00 00 00 00 
"
"2016-11-21 14:04:50ID: BB  Data: 00 00 00 AA 00 00 00 00 
"
"2016-11-21 14:04:50ID: BC  Data: 00 00 00 AA 00 00 00 00 
"
"2016-11-21 14:04:50ID: BB  Data: 00 00 00 AA 00 00 00 00 
"
"2016-11-21 14:04:50ID: BC  Data: 00 00 00 AA 00 00 00 00 
"
"2016-11-21 14:04:50ID: BB  Data: 00 00 00 AA 00 00 00 00 
"
"2016-11-21 14:04:50ID: BC  Data: 00 00 00 AA 00 00 00 00 
"
"2016-11-21 14:04:50ID: BB  Data: 00 00 00 AA 00 00 00 00 
"
"2016-11-21 14:04:50ID: BC  Data: 00 00 00 AA 00 00 00 00 
"
"2016-11-21 14:04:50ID: BB  Data: 00 00 00 AA 00 00 00 00 
"
"2016-11-21 14:04:50ID: BC  Data: 00 00 00 AA 00 00 00 00 
"
"2016-11-21 14:04:50ID: BB  Data: 00 00 00 AA 00 00 00 00 
"
"2016-11-21 14:04:50ID: BC  Data: 00 00 00 AA 00 00 00 00 
"
"2016-11-21 14:04:50ID: BB  Data: 00 00 00 AA 00 00 00 00 
"
"2016-11-21 14:04:50ID: BC  Data: 00 00 00 AA 00 00 00 00 
"
"2016-11-21 14:04:50ID: BB  Data: 00 00 00 AA 00 00 00 00 
"
"2016-11-21 14:04:50ID: BC  Data: 00 00 00 AA 00 00 00 00 
"
"2016-11-21 14:04:51ID: BB  Data: 00 00 00 AA 00 00 00 00 
"
"2016-11-21 14:04:51ID: BC  Data: 00 00 00 AA 00 00 00 00 
"
"2016-11-21 14:04:51ID: BB  Data: 00 00 00 AA 00 00 00 00 
"
"2016-11-21 14:04:51ID: BC  Data: 00 00 00 AA 00 00 00 00 
"
"2016-11-21 14:04:51ID: BB  Data: 00 00 00 AA 00 00 00 00 
"
"2016-11-21 14:04:51ID: BC  Data: 00 00 00 AA 00 00 00 00 
"
"2016-11-21 14:04:51ID: BB  Data: 00 00 00 AA 00 00 00 00 
"
"2016-11-21 14:04:51ID: BC  Data: 00 00 00 AA 00 00 00 00 
"
"2016-11-21 14:04:51ID: BB  Data: 00 00 00 AA 00 00 00 00 
"
"2016-11-21 14:04:51ID: BC  Data: 00 00 00 AA 00 00 00 00 
"
"2016-11-21 14:04:51ID: BB  Data: 00 00 00 AA 00 00 00 00 
"
"2016-11-21 14:04:51ID: BC  Data: 00 00 00 AA 00 00 00 00 
"
"2016-11-21 14:04:51ID: BB  Data: 00 00 00 AA 00 00 00 00 
"
"2016-11-21 14:04:51ID: BC  Data: 00 00 00 AA 00 00 00 00 
"
"2016-11-21 14:04:51ID: BB  Data: 00 00 00 AA 00 00 00 00 
"
"2016-11-21 14:04:51ID: BC  Data: 00 00 00 AA 00 00 00 00 
"
"2016-11-21 14:04:51ID: BB  Data: 00 00 00 AA 00 00 00 00 
"
"2016-11-21 14:04:51ID: BC  Data: 00 00 00 AA 00 00 00 00 
"
"2016-11-21 14:04:51ID: BB  Data: 00 00 00 AA 00 00 00 00 
"
"2016-11-21 14:04:51ID: BC  Data: 00 00 00 AA 00 00 00 00 
"
"2016-11-21 14:04:51ID: BB  Data: 00 00 00 AA 00 00 00 00 
"
"2016-11-21 14:04:51ID: BC  Data: 00 00 00 AA 00 00 00 00 
"
"2016-11-21 14:04:51ID: BB  Data: 00 00 00 AA 00 00 00 00 
"
"2016-11-21 14:04:51ID: BC  Data: 00 00 00 AA 00 00 00 00 
"
"2016-11-21 14:04:52ID: BB  Data: 00 00 00 AA 00 00 00 00 
"
"2016-11-21 14:04:52ID: BC  Data: 00 00 00 AA 00 00 00 00 
"
"2016-11-21 14:04:52ID: BB  Data: 00 00 00 AA 00 00 00 00 
"
"2016-11-21 14:04:52ID: BC  Data: 00 00 00 AA 00 00 00 00 
"
"2016-11-21 14:04:52ID: BB  Data: 00 00 00 AA 00 00 00 00 
"
"2016-11-21 14:04:52ID: BC  Data: 00 00 00 AA 00 00 00 00 
"
"2016-11-21 14:04:52ID: BB  Data: 00 00 00 AA 00 00 00 00 
"
"2016-11-21 14:04:52ID: BC  Data: 00 00 00 AA 00 00 00 00 
"
"2016-11-21 14:04:52ID: BB  Data: 00 00 00 AA 00 00 00 00 
"
"2016-11-21 14:04:52ID: BC  Data: 00 00 00 AA 00 00 00 00 
"
"2016-11-21 14:04:52ID: BB  Data: 00 00 00 AA 00 00 00 00 
"
"2016-11-21 14:04:52ID: BC  Data: 00 00 00 AA 00 00 00 00 
"
"2016-11-21 14:04:52ID: BB  Data: 00 00 00 AA 00 00 00 00 
"
"2016-11-21 14:04:52ID: BC  Data: 00 00 00 AA 00 00 00 00 
"
"2016-11-21 14:04:52ID: BB  Data: 00 00 00 AA 00 00 00 00 
"
"2016-11-21 14:04:52ID: BC  Data: 00 00 00 AA 00 00 00 00 
"
"2016-11-21 14:04:52ID: BB  Data: 00 00 00 AA 00 00 00 00 
"
"2016-11-21 14:04:52ID: BC  Data: 00 00 00 AA 00 00 00 00 
"
"2016-11-21 14:04:52ID: BB  Data: 00 00 00 AA 00 00 00 00 
"
"2016-11-21 14:04:52ID: BC  Data: 00 00 00 AA 00 00 00 00 
"
"2016-11-21 14:04:52ID: BB  Data: 00 00 00 AA 00 00 00 00 
"
"2016-11-21 14:04:52ID: BC  Data: 00 00 00 AA 00 00 00 00 
"
"2016-11-21 14:04:53ID: BB  Data: 00 00 00 AA 00 00 00 00 
"
"2016-11-21 14:04:53ID: BC  Data: 00 00 00 AA 00 00 00 00 
"
"2016-11-21 14:04:53ID: BB  Data: 00 00 00 AA 00 00 00 00 
"
"2016-11-21 14:04:53ID: BC  Data: 00 00 00 AA 00 00 00 00 
"
"2016-11-21 14:04:53ID: BB  Data: 00 00 00 AA 00 00 00 00 
"
"2016-11-21 14:04:53ID: BC  Data: 00 00 00 AA 00 00 00 00 
"
"2016-11-21 14:04:53ID: BB  Data: 00 00 00 AA 00 00 00 00 
"
"2016-11-21 14:04:53ID: BC  Data: 00 00 00 AA 00 00 00 00 
"
"2016-11-21 14:04:53ID: BB  Data: 00 00 00 AA 00 00 00 00 
"
"2016-11-21 14:04:53ID: BC  Data: 00 00 00 AA 00 00 00 00 
"
"2016-11-21 14:04:53ID: BB  Data: 00 00 00 AA 00 00 00 00 
"
"2016-11-21 14:04:53ID: BC  Data: 00 00 00 AA 00 00 00 00 
"
"2016-11-21 14:04:53ID: BB  Data: 00 00 00 AA 00 00 00 00 
"
"2016-11-21 14:04:53ID: BC  Data: 00 00 00 AA 00 00 00 00 
"
"2016-11-21 14:04:53ID: BB  Data: 00 00 00 AA 00 00 00 00 
"
"2016-11-21 14:04:53ID: BC  Data: 00 00 00 AA 00 00 00 00 
"
"2016-11-21 14:04:53ID: BB  Data: 00 00 00 AA 00 00 00 00 
"
"2016-11-21 14:04:53ID: BC  Data: 00 00 00 AA 00 00 00 00 
"
"2016-11-21 14:04:53ID: BB  Data: 00 00 00 AA 00 00 00 00 
"
"2016-11-21 14:04:53ID: BC  Data: 00 00 00 AA 00 00 00 00 
"
"2016-11-21 14:04:53ID: BB  Data: 00 00 00 AA 00 00 00 00 
"
"2016-11-21 14:04:53ID: BC  Data: 00 00 00 AA 00 00 00 00 
"
"2016-11-21 14:04:54ID: BB  Data: 00 00 00 AA 00 00 00 00 
"
"2016-11-21 14:04:54ID: BC  Data: 00 00 00 AA 00 00 00 00 
"
"2016-11-21 14:04:54ID: BB  Data: 00 00 00 AA 00 00 00 00 
"
"2016-11-21 14:04:54ID: BC  Data: 00 00 00 AA 00 00 00 00 
"
"2016-11-21 14:04:54ID: BB  Data: 00 00 00 AA 00 00 00 00 
"
"2016-11-21 14:04:54ID: BC  Data: 00 00 00 AA 00 00 00 00 
"
"2016-11-21 14:04:54ID: BB  Data: 00 00 00 AA 00 00 00 00 
"
"2016-11-21 14:04:54ID: BC  Data: 00 00 00 AA 00 00 00 00 
"
"2016-11-21 14:04:54ID: BB  Data: 00 00 00 AA 00 00 00 00 
"
"2016-11-21 14:04:54ID: BC  Data: 00 00 00 AA 00 00 00 00 
"
"2016-11-21 14:04:54ID: BB  Data: 00 00 00 AA 00 00 00 00 
"
"2016-11-21 14:04:54ID: BC  Data: 00 00 00 AA 00 00 00 00 
"
"2016-11-21 14:04:54ID: BB  Data: 00 00 00 AA 00 00 00 00 
"
"2016-11-21 14:04:54ID: BC  Data: 00 00 00 AA 00 00 00 00 
"
"2016-11-21 14:04:54ID: BB  Data: 00 00 00 AA 00 00 00 00 
"
"2016-11-21 14:04:54ID: BC  Data: 00 00 00 AA 00 00 00 00 
"
"2016-11-21 14:04:54ID: BB  Data: 00 00 00 AA 00 00 00 00 
"
"2016-11-21 14:04:54ID: BC  Data: 00 00 00 AA 00 00 00 00 
"
"2016-11-21 14:04:54ID: BB  Data: 00 00 00 AA 00 00 00 00 
"
"2016-11-21 14:04:54ID: BC  Data: 00 00 00 AA 00 00 00 00 
"
"2016-11-21 14:04:54ID: BB  Data: 00 00 00 AA 00 00 00 00 
"
"2016-11-21 14:04:54ID: BC  Data: 00 00 00 AA 00 00 00 00 
"
"2016-11-21 14:04:54ID: BB  Data: 00 00 00 AA 00 00 00 00 
"
"2016-11-21 14:04:54ID: BC  Data: 00 00 00 AA 00 00 00 00 
"
"2016-11-21 14:04:55ID: BB  Data: 00 00 00 AA 00 00 00 00 
"
"2016-11-21 14:04:55ID: BC  Data: 00 00 00 AA 00 00 00 00 
"
"2016-11-21 14:04:55ID: BB  Data: 00 00 00 AA 00 00 00 00 
"
"2016-11-21 14:04:55ID: BC  Data: 00 00 00 AA 00 00 00 00 
"
"2016-11-21 14:04:55ID: BB  Data: 00 00 00 AA 00 00 00 00 
"
"2016-11-21 14:04:55ID: BC  Data: 00 00 00 AA 00 00 00 00 
"
"2016-11-21 14:04:55ID: BB  Data: 00 00 00 AA 00 00 00 00 
"
"2016-11-21 14:04:55ID: BC  Data: 00 00 00 AA 00 00 00 00 
"
"2016-11-21 14:04:55ID: BB  Data: 00 00 00 AA 00 00 00 00 
"
"2016-11-21 14:04:55ID: BC  Data: 00 00 00 AA 00 00 00 00 
"
"2016-11-21 14:04:55ID: BB  Data: 00 00 00 AA 00 00 00 00 
"
"2016-11-21 14:04:55ID: BC  Data: 00 00 00 AA 00 00 00 00 
"
"2016-11-21 14:04:55ID: BB  Data: 00 00 00 AA 00 00 00 00 
"
"2016-11-21 14:04:55ID: BC  Data: 00 00 00 AA 00 00 00 00 
"
"2016-11-21 14:04:55ID: BB  Data: 00 00 00 AA 00 00 00 00 
"
"2016-11-21 14:04:55ID: BC  Data: 00 00 00 AA 00 00 00 00 
"
"2016-11-21 14:04:55ID: BB  Data: 00 00 00 AA 00 00 00 00 
"
"2016-11-21 14:04:55ID: BC  Data: 00 00 00 AA 00 00 00 00 
"
"2016-11-21 14:04:55ID: BB  Data: 00 00 00 AA 00 00 00 00 
"
"2016-11-21 14:04:55ID: BC  Data: 00 00 00 AA 00 00 00 00 
"
"2016-11-21 14:04:55ID: BB  Data: 00 00 00 AA 00 00 00 00 
"
"2016-11-21 14:04:55ID: BC  Data: 00 00 00 AA 00 00 00 00 
"
"2016-11-21 14:04:56ID: BB  Data: 00 00 00 AA 00 00 00 00 
"
"2016-11-21 14:04:56ID: BC  Data: 00 00 00 AA 00 00 00 00 
"
"2016-11-21 14:04:56ID: BB  Data: 00 00 00 AA 00 00 00 00 
"
"2016-11-21 14:04:56ID: BC  Data: 00 00 00 AA 00 00 00 00 
"
"2016-11-21 14:04:56ID: BB  Data: 00 00 00 AA 00 00 00 00 
"
"2016-11-21 14:04:56ID: BC  Data: 00 00 00 AA 00 00 00 00 
"
"2016-11-21 14:04:56ID: BB  Data: 00 00 00 AA 00 00 00 00 
"
"2016-11-21 14:04:56ID: BC  Data: 00 00 00 AA 00 00 00 00 
"
"2016-11-21 14:04:56ID: BB  Data: 00 00 00 AA 00 00 00 00 
"
"2016-11-21 14:04:56ID: BC  Data: 00 00 00 AA 00 00 00 00 
"
"2016-11-21 14:04:56ID: BB  Data: 00 00 00 AA 00 00 00 00 
"
"2016-11-21 14:04:56ID: BC  Data: 00 00 00 AA 00 00 00 00 
"
"2016-11-21 14:04:56ID: BB  Data: 00 00 00 AA 00 00 00 00 
"
"2016-11-21 14:04:56ID: BC  Data: 00 00 00 AA 00 00 00 00 
"
"2016-11-21 14:04:56ID: BB  Data: 00 00 00 AA 00 00 00 00 
"
"2016-11-21 14:04:56ID: BC  Data: 00 00 00 AA 00 00 00 00 
"
"2016-11-21 14:04:56ID: BB  Data: 00 00 00 AA 00 00 00 00 
"
"2016-11-21 14:04:56ID: BC  Data: 00 00 00 AA 00 00 00 00 
"
"2016-11-21 14:04:56ID: BB  Data: 00 00 00 AA 00 00 00 00 
"
"2016-11-21 14:04:56ID: BC  Data: 00 00 00 AA 00 00 00 00 
"
"2016-11-21 14:04:56ID: BB  Data: 00 00 00 AA 00 00 00 00 
"
"2016-11-21 14:04:56ID: BC  Data: 00 00 00 AA 00 00 00 00 
"
"2016-11-21 14:04:56ID: BB  Data: 00 00 00 AA 00 00 00 00 
"
"2016-11-21 14:04:57ID: BC  Data: 00 00 00 AA 00 00 00 00 
"
"2016-11-21 14:04:57ID: BB  Data: 00 00 00 AA 00 00 00 00 
"
"2016-11-21 14:04:57ID: BC  Data: 00 00 00 AA 00 00 00 00 
"
"2016-11-21 14:04:57ID: BB  Data: 00 00 00 AA 00 00 00 00 
"
"2016-11-21 14:04:57ID: BC  Data: 00 00 00 AA 00 00 00 00 
"
"2016-11-21 14:04:57ID: BB  Data: 00 00 00 AA 00 00 00 00 
"
"2016-11-21 14:04:57ID: BC  Data: 00 00 00 AA 00 00 00 00 
"
"2016-11-21 14:04:57ID: BB  Data: 00 00 00 AA 00 00 00 00 
"
"2016-11-21 14:04:57ID: BC  Data: 00 00 00 AA 00 00 00 00 
"
"2016-11-21 14:04:57ID: BB  Data: 00 00 00 AA 00 00 00 00 
"
"2016-11-21 14:04:57ID: BC  Data: 00 00 00 AA 00 00 00 00 
"
"2016-11-21 14:04:57ID: BB  Data: 00 00 00 AA 00 00 00 00 
"
"2016-11-21 14:04:57ID: BC  Data: 00 00 00 AA 00 00 00 00 
"
"2016-11-21 14:04:57ID: BB  Data: 00 00 00 AA 00 00 00 00 
"
"2016-11-21 14:04:57ID: BC  Data: 00 00 00 AA 00 00 00 00 
"
"2016-11-21 14:04:57ID: BB  Data: 00 00 00 AA 00 00 00 00 
"
"2016-11-21 14:04:57ID: BC  Data: 00 00 00 AA 00 00 00 00 
"
"2016-11-21 14:04:57ID: BB  Data: 00 00 00 AA 00 00 00 00 
"
"2016-11-21 14:04:57ID: BC  Data: 00 00 00 AA 00 00 00 00 
"
"2016-11-21 14:04:57ID: BB  Data: 00 00 00 AA 00 00 00 00 
"
"2016-11-21 14:04:57ID: BC  Data: 00 00 00 AA 00 00 00 00 
"
"2016-11-21 14:04:57ID: BB  Data: 00 00 00 AA 00 00 00 00 
"
"2016-11-21 14:04:57ID: BC  Data: 00 00 00 AA 00 00 00 00 
"
"2016-11-21 14:04:58ID: BB  Data: 00 00 00 AA 00 00 00 00 
"
"2016-11-21 14:04:58ID: BC  Data: 00 00 00 AA 00 00 00 00 
"
"2016-11-21 14:04:58ID: BB  Data: 00 00 00 AA 00 00 00 00 
"
"2016-11-21 14:04:58ID: BC  Data: 00 00 00 AA 00 00 00 00 
"
"2016-11-21 14:04:58ID: BB  Data: 00 00 00 AA 00 00 00 00 
"
"2016-11-21 14:04:58ID: BC  Data: 00 00 00 AA 00 00 00 00 
"
"2016-11-21 14:04:58ID: BB  Data: 00 00 00 AA 00 00 00 00 
"
"2016-11-21 14:04:58ID: BC  Data: 00 00 00 AA 00 00 00 00 
"
"2016-11-21 14:04:58ID: BB  Data: 00 00 00 AA 00 00 00 00 
"
"2016-11-21 14:04:58ID: BC  Data: 00 00 00 AA 00 00 00 00 
"
"2016-11-21 14:04:58ID: BB  Data: 00 00 00 AA 00 00 00 00 
"
"2016-11-21 14:04:58ID: BC  Data: 00 00 00 AA 00 00 00 00 
"
"2016-11-21 14:04:58ID: BB  Data: 00 00 00 AA 00 00 00 00 
"
"2016-11-21 14:04:58ID: BC  Data: 00 00 00 AA 00 00 00 00 
"
"2016-11-21 14:04:58ID: BB  Data: 00 00 00 AA 00 00 00 00 
"
"2016-11-21 14:04:58ID: BC  Data: 00 00 00 AA 00 00 00 00 
"
"2016-11-21 14:04:58ID: BB  Data: 00 00 00 AA 00 00 00 00 
"
"2016-11-21 14:04:58ID: BC  Data: 00 00 00 AA 00 00 00 00 
"
"2016-11-21 14:04:58ID: BB  Data: 00 00 00 AA 00 00 00 00 
"
"2016-11-21 14:04:58ID: BC  Data: 00 00 00 AA 00 00 00 00 
"
"2016-11-21 14:04:58ID: BB  Data: 00 00 00 AA 00 00 00 00 
"
"2016-11-21 14:04:58ID: BC  Data: 00 00 00 AA 00 00 00 00 
"
"2016-11-21 14:04:59ID: BB  Data: 00 00 00 AA 00 00 00 00 
"
"2016-11-21 14:04:59ID: BC  Data: 00 00 00 AA 00 00 00 00 
"
"2016-11-21 14:04:59ID: BB  Data: 00 00 00 AA 00 00 00 00 
"
"2016-11-21 14:04:59ID: BC  Data: 00 00 00 AA 00 00 00 00 
"
"2016-11-21 14:04:59ID: BB  Data: 00 00 00 AA 00 00 00 00 
"
"2016-11-21 14:04:59ID: BC  Data: 00 00 00 AA 00 00 00 00 
"
"2016-11-21 14:04:59ID: BB  Data: 00 00 00 AA 00 00 00 00 
"
"2016-11-21 14:04:59ID: BC  Data: 00 00 00 AA 00 00 00 00 
"
"2016-11-21 14:04:59ID: BB  Data: 00 00 00 AA 00 00 00 00 
"
"2016-11-21 14:04:59ID: BC  Data: 00 00 00 AA 00 00 00 00 
"
"2016-11-21 14:04:59ID: BB  Data: 00 00 00 AA 00 00 00 00 
"
"2016-11-21 14:04:59ID: BC  Data: 00 00 00 AA 00 00 00 00 
"
"2016-11-21 14:04:59ID: BB  Data: 00 00 00 AA 00 00 00 00 
"
"2016-11-21 14:04:59ID: BC  Data: 00 00 00 AA 00 00 00 00 
"
"2016-11-21 14:04:59ID: BB  Data: 00 00 00 AA 00 00 00 00 
"
"2016-11-21 14:04:59ID: BC  Data: 00 00 00 AA 00 00 00 00 
"
"2016-11-21 14:04:59ID: BB  Data: 00 00 00 AA 00 00 00 00 
"
"2016-11-21 14:04:59ID: BC  Data: 00 00 00 AA 00 00 00 00 
"
"2016-11-21 14:04:59ID: BB  Data: 00 00 00 AA 00 00 00 00 
"
"2016-11-21 14:04:59ID: BC  Data: 00 00 00 AA 00 00 00 00 
"
"2016-11-21 14:04:59ID: BB  Data: 00 00 00 AA 00 00 00 00 
"
"2016-11-21 14:04:59ID: BC  Data: 00 00 00 AA 00 00 00 00 
"
"2016-11-21 14:04:59ID: BB  Data: 00 00 00 AA 00 00 00 00 
"
"2016-11-21 14:04:59ID: BC  Data: 00 00 00 AA 00 00 00 00 
"
"2016-11-21 14:05:00ID: BB  Data: 00 00 00 AA 00 00 00 00 
"
"2016-11-21 14:05:00ID: BC  Data: 00 00 00 AA 00 00 00 00 
"
"2016-11-21 14:05:00ID: BB  Data: 00 00 00 AA 00 00 00 00 
"
"2016-11-21 14:05:00ID: BC  Data: 00 00 00 AA 00 00 00 00 
"
"2016-11-21 14:05:00ID: BB  Data: 00 00 00 AA 00 00 00 00 
"
"2016-11-21 14:05:00ID: BC  Data: 00 00 00 AA 00 00 00 00 
"
"2016-11-21 14:05:00ID: BB  Data: 00 00 00 AA 00 00 00 00 
"
"2016-11-21 14:05:00ID: BC  Data: 00 00 00 AA 00 00 00 00 
"
"2016-11-21 14:05:00ID: BB  Data: 00 00 00 AA 00 00 00 00 
"
"2016-11-21 14:05:00ID: BC  Data: 00 00 00 AA 00 00 00 00 
"
"2016-11-21 14:05:00ID: BB  Data: 00 00 00 AA 00 00 00 00 
"
"2016-11-21 14:05:00ID: BC  Data: 00 00 00 AA 00 00 00 00 
"
"2016-11-21 14:05:00ID: BB  Data: 00 00 00 AA 00 00 00 00 
"
"2016-11-21 14:05:00ID: BC  Data: 00 00 00 AA 00 00 00 00 
"
"2016-11-21 14:05:00ID: BB  Data: 00 00 00 AA 00 00 00 00 
"
"2016-11-21 14:05:00ID: BC  Data: 00 00 00 AA 00 00 00 00 
"
"2016-11-21 14:05:00ID: BB  Data: 00 00 00 AA 00 00 00 00 
"
"2016-11-21 14:05:00ID: BC  Data: 00 00 00 AA 00 00 00 00 
"
"2016-11-21 14:05:00ID: BB  Data: 00 00 00 AA 00 00 00 00 
"
"2016-11-21 14:05:00ID: BC  Data: 00 00 00 AA 00 00 00 00 
"
"2016-11-21 14:05:00ID: BB  Data: 00 00 00 AA 00 00 00 00 
"
"2016-11-21 14:05:00ID: BC  Data: 00 00 00 AA 00 00 00 00 
"
"2016-11-21 14:05:01ID: BB  Data: 00 00 00 AA 00 00 00 00 
"
"2016-11-21 14:05:01ID: BC  Data: 00 00 00 AA 00 00 00 00 
"
"2016-11-21 14:05:01ID: BB  Data: 00 00 00 AA 00 00 00 00 
"
"2016-11-21 14:05:01ID: BC  Data: 00 00 00 AA 00 00 00 00 
"
"2016-11-21 14:05:01ID: BB  Data: 00 00 00 AA 00 00 00 00 
"
"2016-11-21 14:05:01ID: BC  Data: 00 00 00 AA 00 00 00 00 
"
"2016-11-21 14:05:01ID: BB  Data: 00 00 00 AA 00 00 00 00 
"
"2016-11-21 14:05:01ID: BC  Data: 00 00 00 AA 00 00 00 00 
"
"2016-11-21 14:05:01ID: BB  Data: 00 00 00 AA 00 00 00 00 
"
"2016-11-21 14:05:01ID: BC  Data: 00 00 00 AA 00 00 00 00 
"
"2016-11-21 14:05:01ID: BB  Data: 00 00 00 AA 00 00 00 00 
"
"2016-11-21 14:05:01ID: BC  Data: 00 00 00 AA 00 00 00 00 
"
"2016-11-21 14:05:01ID: BB  Data: 00 00 00 AA 00 00 00 00 
"
"2016-11-21 14:05:01ID: BC  Data: 00 00 00 AA 00 00 00 00 
"
"2016-11-21 14:05:01ID: BB  Data: 00 00 00 AA 00 00 00 00 
"
"2016-11-21 14:05:01ID: BC  Data: 00 00 00 AA 00 00 00 00 
"
"2016-11-21 14:05:01ID: BB  Data: 00 00 00 AA 00 00 00 00 
"
"2016-11-21 14:05:01ID: BC  Data: 00 00 00 AA 00 00 00 00 
"
"2016-11-21 14:05:01ID: BB  Data: 00 00 00 AA 00 00 00 00 
"
"2016-11-21 14:05:01ID: BC  Data: 00 00 00 AA 00 00 00 00 
"
"2016-11-21 14:05:01ID: BB  Data: 00 00 00 AA 00 00 00 00 
"
"2016-11-21 14:05:01ID: BC  Data: 00 00 00 AA 00 00 00 00 
"
"2016-11-21 14:05:02ID: BB  Data: 00 00 00 AA 00 00 00 00 
"
"2016-11-21 14:05:02ID: BC  Data: 00 00 00 AA 00 00 00 00 
"
"2016-11-21 14:05:02ID: BB  Data: 00 00 00 AA 00 00 00 00 
"
"2016-11-21 14:05:02ID: BC  Data: 00 00 00 AA 00 00 00 00 
"
"2016-11-21 14:05:02ID: BB  Data: 00 00 00 AA 00 00 00 00 
"
"2016-11-21 14:05:02ID: BC  Data: 00 00 00 AA 00 00 00 00 
"
"2016-11-21 14:05:02ID: BB  Data: 00 00 00 AA 00 00 00 00 
"
"2016-11-21 14:05:02ID: BC  Data: 00 00 00 AA 00 00 00 00 
"
"2016-11-21 14:05:02ID: BB  Data: 00 00 00 AA 00 00 00 00 
"
"2016-11-21 14:05:02ID: BC  Data: 00 00 00 AA 00 00 00 00 
"
"2016-11-21 14:05:02ID: BB  Data: 00 00 00 AA 00 00 00 00 
"
"2016-11-21 14:05:02ID: BC  Data: 00 00 00 AA 00 00 00 00 
"
"2016-11-21 14:05:02ID: BB  Data: 00 00 00 AA 00 00 00 00 
"
"2016-11-21 14:05:02ID: BC  Data: 00 00 00 AA 00 00 00 00 
"
"2016-11-21 14:05:02ID: BB  Data: 00 00 00 AA 00 00 00 00 
"
"2016-11-21 14:05:02ID: BC  Data: 00 00 00 AA 00 00 00 00 
"
"2016-11-21 14:05:02ID: BB  Data: 00 00 00 AA 00 00 00 00 
"
"2016-11-21 14:05:02ID: BC  Data: 00 00 00 AA 00 00 00 00 
"
"2016-11-21 14:05:02ID: BB  Data: 00 00 00 AA 00 00 00 00 
"
"2016-11-21 14:05:02ID: BC  Data: 00 00 00 AA 00 00 00 00 
"
"2016-11-21 14:05:02ID: BB  Data: 00 00 00 AA 00 00 00 00 
"
"2016-11-21 14:05:02ID: BC  Data: 00 00 00 AA 00 00 00 00 
"
"2016-11-21 14:05:02ID: BB  Data: 00 00 00 AA 00 00 00 00 
"
"2016-11-21 14:05:02ID: BC  Data: 00 00 00 AA 00 00 00 00 
"
"2016-11-21 14:05:03ID: BB  Data: 00 00 00 AA 00 00 00 00 
"
"2016-11-21 14:05:03ID: BC  Data: 00 00 00 AA 00 00 00 00 
"
"2016-11-21 14:05:03ID: BB  Data: 00 00 00 AA 00 00 00 00 
"
"2016-11-21 14:05:03ID: BC  Data: 00 00 00 AA 00 00 00 00 
"
"2016-11-21 14:05:03ID: BB  Data: 00 00 00 AA 00 00 00 00 
"
"2016-11-21 14:05:03ID: BC  Data: 00 00 00 AA 00 00 00 00 
"
"2016-11-21 14:05:03ID: BB  Data: 00 00 00 AA 00 00 00 00 
"
"2016-11-21 14:05:03ID: BC  Data: 00 00 00 AA 00 00 00 00 
"
"2016-11-21 14:05:03ID: BB  Data: 00 00 00 AA 00 00 00 00 
"
"2016-11-21 14:05:03ID: BC  Data: 00 00 00 AA 00 00 00 00 
"
"2016-11-21 14:05:03ID: BB  Data: 00 00 00 AA 00 00 00 00 
"
"2016-11-21 14:05:03ID: BC  Data: 00 00 00 AA 00 00 00 00 
"
"2016-11-21 14:05:03ID: BB  Data: 00 00 00 AA 00 00 00 00 
"
"2016-11-21 14:05:03ID: BC  Data: 00 00 00 AA 00 00 00 00 
"
"2016-11-21 14:05:03ID: BB  Data: 00 00 00 AA 00 00 00 00 
"
"2016-11-21 14:05:03ID: BC  Data: 00 00 00 AA 00 00 00 00 
"
"2016-11-21 14:05:03ID: BB  Data: 00 00 00 AA 00 00 00 00 
"
"2016-11-21 14:05:03ID: BC  Data: 00 00 00 AA 00 00 00 00 
"
"2016-11-21 14:05:03ID: BB  Data: 00 00 00 AA 00 00 00 00 
"
"2016-11-21 14:05:03ID: BC  Data: 00 00 00 AA 00 00 00 00 
"
"2016-11-21 14:05:03ID: BB  Data: 00 00 00 AA 00 00 00 00 
"
"2016-11-21 14:05:03ID: BC  Data: 00 00 00 AA 00 00 00 00 
"
"2016-11-21 14:05:04ID: BB  Data: 00 00 00 AA 00 00 00 00 
"
"2016-11-21 14:05:04ID: BC  Data: 00 00 00 AA 00 00 00 00 
"
"2016-11-21 14:05:04ID: BB  Data: 00 00 00 AA 00 00 00 00 
"
"2016-11-21 14:05:04ID: BC  Data: 00 00 00 AA 00 00 00 00 
"
"2016-11-21 14:05:04ID: BB  Data: 00 00 00 AA 00 00 00 00 
"
"2016-11-21 14:05:04ID: BC  Data: 00 00 00 AA 00 00 00 00 
"
"2016-11-21 14:05:04ID: BB  Data: 00 00 00 AA 00 00 00 00 
"
"2016-11-21 14:05:04ID: BC  Data: 00 00 00 AA 00 00 00 00 
"
"2016-11-21 14:05:04ID: BB  Data: 00 00 00 AA 00 00 00 00 
"
"2016-11-21 14:05:04ID: BC  Data: 00 00 00 AA 00 00 00 00 
"
"2016-11-21 14:05:04ID: BB  Data: 00 00 00 AA 00 00 00 00 
"
"2016-11-21 14:05:04ID: BC  Data: 00 00 00 AA 00 00 00 00 
"
"2016-11-21 14:05:04ID: BB  Data: 00 00 00 AA 00 00 00 00 
"
"2016-11-21 14:05:04ID: BC  Data: 00 00 00 AA 00 00 00 00 
"
"2016-11-21 14:05:04ID: BB  Data: 00 00 00 AA 00 00 00 00 
"
"2016-11-21 14:05:04ID: BC  Data: 00 00 00 AA 00 00 00 00 
"
"2016-11-21 14:05:04ID: BB  Data: 00 00 00 AA 00 00 00 00 
"
"2016-11-21 14:05:04ID: BC  Data: 00 00 00 AA 00 00 00 00 
"
"2016-11-21 14:05:04ID: BB  Data: 00 00 00 AA 00 00 00 00 
"
"2016-11-21 14:05:04ID: BC  Data: 00 00 00 AA 00 00 00 00 
"
"2016-11-21 14:05:04ID: BB  Data: 00 00 00 AA 00 00 00 00 
"
"2016-11-21 14:05:04ID: BC  Data: 00 00 00 AA 00 00 00 00 
"
"2016-11-21 14:05:04ID: BB  Data: 00 00 00 AA 00 00 00 00 
"
"2016-11-21 14:05:05ID: BC  Data: 00 00 00 AA 00 00 00 00 
"
"2016-11-21 14:05:05ID: BB  Data: 00 00 00 AA 00 00 00 00 
"
"2016-11-21 14:05:05ID: BC  Data: 00 00 00 AA 00 00 00 00 
"
"2016-11-21 14:05:05ID: BB  Data: 00 00 00 AA 00 00 00 00 
"
"2016-11-21 14:05:05ID: BC  Data: 00 00 00 AA 00 00 00 00 
"
"2016-11-21 14:05:05ID: BB  Data: 00 00 00 AA 00 00 00 00 
"
"2016-11-21 14:05:05ID: BC  Data: 00 00 00 AA 00 00 00 00 
"
"2016-11-21 14:05:05ID: BB  Data: 00 00 00 AA 00 00 00 00 
"
"2016-11-21 14:05:05ID: BC  Data: 00 00 00 AA 00 00 00 00 
"
"2016-11-21 14:05:05ID: BB  Data: 00 00 00 AA 00 00 00 00 
"
"2016-11-21 14:05:05ID: BC  Data: 00 00 00 AA 00 00 00 00 
"
"2016-11-21 14:05:05ID: BB  Data: 00 00 00 AA 00 00 00 00 
"
"2016-11-21 14:05:05ID: BC  Data: 00 00 00 AA 00 00 00 00 
"
"2016-11-21 14:05:05ID: BB  Data: 00 00 00 AA 00 00 00 00 
"
"2016-11-21 14:05:05ID: BC  Data: 00 00 00 AA 00 00 00 00 
"
"2016-11-21 14:05:05ID: BB  Data: 00 00 00 AA 00 00 00 00 
"
"2016-11-21 14:05:05ID: BC  Data: 00 00 00 AA 00 00 00 00 
"
"2016-11-21 14:05:05ID: BB  Data: 00 00 00 AA 00 00 00 00 
"
"2016-11-21 14:05:05ID: BC  Data: 00 00 00 AA 00 00 00 00 
"
"2016-11-21 14:05:05ID: BB  Data: 00 00 00 AA 00 00 00 00 
"
"2016-11-21 14:05:05ID: BC  Data: 00 00 00 AA 00 00 00 00 
"
"2016-11-21 14:05:05ID: BB  Data: 00 00 00 AA 00 00 00 00 
"
"2016-11-21 14:05:05ID: BC  Data: 00 00 00 AA 00 00 00 00 
"
"2016-11-21 14:05:06ID: BB  Data: 00 00 00 AA 00 00 00 00 
"
"2016-11-21 14:05:06ID: BC  Data: 00 00 00 AA 00 00 00 00 
"
"2016-11-21 14:05:06ID: BB  Data: 00 00 00 AA 00 00 00 00 
"
"2016-11-21 14:05:06ID: BC  Data: 00 00 00 AA 00 00 00 00 
"
"2016-11-21 14:05:06ID: BB  Data: 00 00 00 AA 00 00 00 00 
"
"2016-11-21 14:05:06ID: BC  Data: 00 00 00 AA 00 00 00 00 
"
"2016-11-21 14:05:06ID: BB  Data: 00 00 00 AA 00 00 00 00 
"
"2016-11-21 14:05:06ID: BC  Data: 00 00 00 AA 00 00 00 00 
"
"2016-11-21 14:05:06ID: BB  Data: 00 00 00 AA 00 00 00 00 
"
"2016-11-21 14:05:06ID: BC  Data: 00 00 00 AA 00 00 00 00 
"
"2016-11-21 14:05:06ID: BB  Data: 00 00 00 AA 00 00 00 00 
"
"2016-11-21 14:05:06ID: BC  Data: 00 00 00 AA 00 00 00 00 
"
"2016-11-21 14:05:06ID: BB  Data: 00 00 00 AA 00 00 00 00 
"
"2016-11-21 14:05:06ID: BC  Data: 00 00 00 AA 00 00 00 00 
"
"2016-11-21 14:05:06ID: BB  Data: 00 00 00 AA 00 00 00 00 
"
"2016-11-21 14:05:06ID: BC  Data: 00 00 00 AA 00 00 00 00 
"
"2016-11-21 14:05:06ID: BB  Data: 00 00 00 AA 00 00 00 00 
"
"2016-11-21 14:05:06ID: BC  Data: 00 00 00 AA 00 00 00 00 
"
"2016-11-21 14:05:06ID: BB  Data: 00 00 00 AA 00 00 00 00 
"
"2016-11-21 14:05:06ID: BC  Data: 00 00 00 AA 00 00 00 00 
"
"2016-11-21 14:05:06ID: BB  Data: 00 00 00 AA 00 00 00 00 
"
"2016-11-21 14:05:06ID: BC  Data: 00 00 00 AA 00 00 00 00 
"
"2016-11-21 14:05:07ID: BB  Data: 00 00 00 AA 00 00 00 00 
"
"2016-11-21 14:05:07ID: BC  Data: 00 00 00 AA 00 00 00 00 
"
"2016-11-21 14:05:07ID: BB  Data: 00 00 00 AA 00 00 00 00 
"
"2016-11-21 14:05:07ID: BC  Data: 00 00 00 AA 00 00 00 00 
"
"2016-11-21 14:05:07ID: BB  Data: 00 00 00 AA 00 00 00 00 
"
"2016-11-21 14:05:07ID: BC  Data: 00 00 00 AA 00 00 00 00 
"
"2016-11-21 14:05:07ID: BB  Data: 00 00 00 AA 00 00 00 00 
"
"2016-11-21 14:05:07ID: BC  Data: 00 00 00 AA 00 00 00 00 
"
"2016-11-21 14:05:07ID: BB  Data: 00 00 00 AA 00 00 00 00 
"
"2016-11-21 14:05:07ID: BC  Data: 00 00 00 AA 00 00 00 00 
"
"2016-11-21 14:05:07ID: BB  Data: 00 00 00 AA 00 00 00 00 
"
"2016-11-21 14:05:07ID: BC  Data: 00 00 00 AA 00 00 00 00 
"
"2016-11-21 14:05:07ID: BB  Data: 00 00 00 AA 00 00 00 00 
"
"2016-11-21 14:05:07ID: BC  Data: 00 00 00 AA 00 00 00 00 
"
"2016-11-21 14:05:07ID: BB  Data: 00 00 00 AA 00 00 00 00 
"
"2016-11-21 14:05:07ID: BC  Data: 00 00 00 AA 00 00 00 00 
"
"2016-11-21 14:05:07ID: BB  Data: 00 00 00 AA 00 00 00 00 
"
"2016-11-21 14:05:07ID: BC  Data: 00 00 00 AA 00 00 00 00 
"
"2016-11-21 14:05:07ID: BB  Data: 00 00 00 AA 00 00 00 00 
"
"2016-11-21 14:05:07ID: BC  Data: 00 00 00 AA 00 00 00 00 
"
"2016-11-21 14:05:07ID: BB  Data: 00 00 00 AA 00 00 00 00 
"
"2016-11-21 14:05:07ID: BC  Data: 00 00 00 AA 00 00 00 00 
"
"2016-11-21 14:05:07ID: BB  Data: 00 00 00 AA 00 00 00 00 
"
"2016-11-21 14:05:07ID: BC  Data: 00 00 00 AA 00 00 00 00 
"
"2016-11-21 14:05:08ID: BB  Data: 00 00 00 AA 00 00 00 00 
"
"2016-11-21 14:05:08ID: BC  Data: 00 00 00 AA 00 00 00 00 
"
"2016-11-21 14:05:08ID: BB  Data: 00 00 00 AA 00 00 00 00 
"
"2016-11-21 14:05:08ID: BC  Data: 00 00 00 AA 00 00 00 00 
"
"2016-11-21 14:05:08ID: BB  Data: 00 00 00 AA 00 00 00 00 
"
"2016-11-21 14:05:08ID: BC  Data: 00 00 00 AA 00 00 00 00 
"
"2016-11-21 14:05:08ID: BB  Data: 00 00 00 AA 00 00 00 00 
"
"2016-11-21 14:05:08ID: BC  Data: 00 00 00 AA 00 00 00 00 
"
"2016-11-21 14:05:08ID: BB  Data: 00 00 00 AA 00 00 00 00 
"
"2016-11-21 14:05:08ID: BC  Data: 00 00 00 AA 00 00 00 00 
"
"2016-11-21 14:05:08ID: BB  Data: 00 00 00 AA 00 00 00 00 
"
"2016-11-21 14:05:08ID: BC  Data: 00 00 00 AA 00 00 00 00 
"
"2016-11-21 14:05:08ID: BB  Data: 00 00 00 AA 00 00 00 00 
"
"2016-11-21 14:05:08ID: BC  Data: 00 00 00 AA 00 00 00 00 
"
"2016-11-21 14:05:08ID: BB  Data: 00 00 00 AA 00 00 00 00 
"
"2016-11-21 14:05:08ID: BC  Data: 00 00 00 AA 00 00 00 00 
"
"2016-11-21 14:05:08ID: BB  Data: 00 00 00 AA 00 00 00 00 
"
"2016-11-21 14:05:08ID: BC  Data: 00 00 00 AA 00 00 00 00 
"
"2016-11-21 14:05:08ID: BB  Data: 00 00 00 AA 00 00 00 00 
"
"2016-11-21 14:05:08ID: BC  Data: 00 00 00 AA 00 00 00 00 
"
"2016-11-21 14:05:08ID: BB  Data: 00 00 00 AA 00 00 00 00 
"
"2016-11-21 14:05:08ID: BC  Data: 00 00 00 AA 00 00 00 00 
"
"2016-11-21 14:05:09ID: BB  Data: 00 00 00 AA 00 00 00 00 
"
"2016-11-21 14:05:09ID: BC  Data: 00 00 00 AA 00 00 00 00 
"
"2016-11-21 14:05:09ID: BB  Data: 00 00 00 AA 00 00 00 00 
"
"2016-11-21 14:05:09ID: BC  Data: 00 00 00 AA 00 00 00 00 
"
"2016-11-21 14:05:09ID: BB  Data: 00 00 00 AA 00 00 00 00 
"
"2016-11-21 14:05:09ID: BC  Data: 00 00 00 AA 00 00 00 00 
"
"2016-11-21 14:05:09ID: BB  Data: 00 00 00 AA 00 00 00 00 
"
"2016-11-21 14:05:09ID: BC  Data: 00 00 00 AA 00 00 00 00 
"
"2016-11-21 14:05:09ID: BB  Data: 00 00 00 AA 00 00 00 00 
"
"2016-11-21 14:05:09ID: BC  Data: 00 00 00 AA 00 00 00 00 
"
"2016-11-21 14:05:09ID: BB  Data: 00 00 00 AA 00 00 00 00 
"
"2016-11-21 14:05:09ID: BC  Data: 00 00 00 AA 00 00 00 00 
"
"2016-11-21 14:05:09ID: BB  Data: 00 00 00 AA 00 00 00 00 
"
"2016-11-21 14:05:09ID: BC  Data: 00 00 00 AA 00 00 00 00 
"
"2016-11-21 14:05:09ID: BB  Data: 00 00 00 AA 00 00 00 00 
"
"2016-11-21 14:05:09ID: BC  Data: 00 00 00 AA 00 00 00 00 
"
"2016-11-21 14:05:09ID: BB  Data: 00 00 00 AA 00 00 00 00 
"
"2016-11-21 14:05:09ID: BC  Data: 00 00 00 AA 00 00 00 00 
"
"2016-11-21 14:05:09ID: BB  Data: 00 00 00 AA 00 00 00 00 
"
"2016-11-21 14:05:09ID: BC  Data: 00 00 00 AA 00 00 00 00 
"
"2016-11-21 14:05:09ID: BB  Data: 00 00 00 AA 00 00 00 00 
"
"2016-11-21 14:05:09ID: BC  Data: 00 00 00 AA 00 00 00 00 
"
"2016-11-21 14:05:10ID: BB  Data: 00 00 00 AA 00 00 00 00 
"
"2016-11-21 14:05:10ID: BC  Data: 00 00 00 AA 00 00 00 00 
"
"2016-11-21 14:05:10ID: BB  Data: 00 00 00 AA 00 00 00 00 
"
"2016-11-21 14:05:10ID: BC  Data: 00 00 00 AA 00 00 00 00 
"
"2016-11-21 14:05:10ID: BB  Data: 00 00 00 AA 00 00 00 00 
"
"2016-11-21 14:05:10ID: BC  Data: 00 00 00 AA 00 00 00 00 
"
"2016-11-21 14:05:10ID: BB  Data: 00 00 00 AA 00 00 00 00 
"
"2016-11-21 14:05:10ID: BC  Data: 00 00 00 AA 00 00 00 00 
"
"2016-11-21 14:05:10ID: BB  Data: 00 00 00 AA 00 00 00 00 
"
"2016-11-21 14:05:10ID: BC  Data: 00 00 00 AA 00 00 00 00 
"
"2016-11-21 14:05:10ID: BB  Data: 00 00 00 AA 00 00 00 00 
"
"2016-11-21 14:05:10ID: BC  Data: 00 00 00 AA 00 00 00 00 
"
"2016-11-21 14:05:10ID: BB  Data: 00 00 00 AA 00 00 00 00 
"
"2016-11-21 14:05:10ID: BC  Data: 00 00 00 AA 00 00 00 00 
"
"2016-11-21 14:05:10ID: BB  Data: 00 00 00 AA 00 00 00 00 
"
"2016-11-21 14:05:10ID: BC  Data: 00 00 00 AA 00 00 00 00 
"
"2016-11-21 14:05:10ID: BB  Data: 00 00 00 AA 00 00 00 00 
"
"2016-11-21 14:05:10ID: BC  Data: 00 00 00 AA 00 00 00 00 
"
"2016-11-21 14:05:10ID: BB  Data: 00 00 00 AA 00 00 00 00 
"
"2016-11-21 14:05:10ID: BC  Data: 00 00 00 AA 00 00 00 00 
"
"2016-11-21 14:05:10ID: BB  Data: 00 00 00 AA 00 00 00 00 
"
"2016-11-21 14:05:10ID: BC  Data: 00 00 00 AA 00 00 00 00 
"
"2016-11-21 14:05:10ID: BB  Data: 00 00 00 AA 00 00 00 00 
"
"2016-11-21 14:05:10ID: BC  Data: 00 00 00 AA 00 00 00 00 
"
"2016-11-21 14:05:11ID: BB  Data: 00 00 00 AA 00 00 00 00 
"
"2016-11-21 14:05:11ID: BC  Data: 00 00 00 AA 00 00 00 00 
"
"2016-11-21 14:05:11ID: BB  Data: 00 00 00 AA 00 00 00 00 
"
"2016-11-21 14:05:11ID: BC  Data: 00 00 00 AA 00 00 00 00 
"
"2016-11-21 14:05:11ID: BB  Data: 00 00 00 AA 00 00 00 00 
"
"2016-11-21 14:05:11ID: BC  Data: 00 00 00 AA 00 00 00 00 
"
"2016-11-21 14:05:11ID: BB  Data: 00 00 00 AA 00 00 00 00 
"
"2016-11-21 14:05:11ID: BC  Data: 00 00 00 AA 00 00 00 00 
"
"2016-11-21 14:05:11ID: BB  Data: 00 00 00 AA 00 00 00 00 
"
"2016-11-21 14:05:11ID: BC  Data: 00 00 00 AA 00 00 00 00 
"
"2016-11-21 14:05:11ID: BB  Data: 00 00 00 AA 00 00 00 00 
"
"2016-11-21 14:05:11ID: BC  Data: 00 00 00 AA 00 00 00 00 
"
"2016-11-21 14:05:11ID: BB  Data: 00 00 00 AA 00 00 00 00 
"
"2016-11-21 14:05:11ID: BC  Data: 00 00 00 AA 00 00 00 00 
"
"2016-11-21 14:05:11ID: BB  Data: 00 00 00 AA 00 00 00 00 
"
"2016-11-21 14:05:11ID: BC  Data: 00 00 00 AA 00 00 00 00 
"
"2016-11-21 14:05:11ID: BB  Data: 00 00 00 AA 00 00 00 00 
"
"2016-11-21 14:05:11ID: BC  Data: 00 00 00 AA 00 00 00 00 
"
"2016-11-21 14:05:11ID: BB  Data: 00 00 00 AA 00 00 00 00 
"
"2016-11-21 14:05:11ID: BC  Data: 00 00 00 AA 00 00 00 00 
"
"2016-11-21 14:05:11ID: BB  Data: 00 00 00 AA 00 00 00 00 
"
"2016-11-21 14:05:11ID: BC  Data: 00 00 00 AA 00 00 00 00 
"
"2016-11-21 14:05:12ID: BB  Data: 00 00 00 AA 00 00 00 00 
"
"2016-11-21 14:05:12ID: BC  Data: 00 00 00 AA 00 00 00 00 
"
"2016-11-21 14:05:12ID: BB  Data: 00 00 00 AA 00 00 00 00 
"
"2016-11-21 14:05:12ID: BC  Data: 00 00 00 AA 00 00 00 00 
"
"2016-11-21 14:05:12ID: BB  Data: 00 00 00 AA 00 00 00 00 
"
"2016-11-21 14:05:12ID: BC  Data: 00 00 00 AA 00 00 00 00 
"
"2016-11-21 14:05:12ID: BB  Data: 00 00 00 AA 00 00 00 00 
"
"2016-11-21 14:05:12ID: BC  Data: 00 00 00 AA 00 00 00 00 
"
"2016-11-21 14:05:12ID: BB  Data: 00 00 00 AA 00 00 00 00 
"
"2016-11-21 14:05:12ID: BC  Data: 00 00 00 AA 00 00 00 00 
"
"2016-11-21 14:05:12ID: BB  Data: 00 00 00 AA 00 00 00 00 
"
"2016-11-21 14:05:12ID: BC  Data: 00 00 00 AA 00 00 00 00 
"
"2016-11-21 14:05:12ID: BB  Data: 00 00 00 AA 00 00 00 00 
"
"2016-11-21 14:05:12ID: BC  Data: 00 00 00 AA 00 00 00 00 
"
"2016-11-21 14:05:12ID: BB  Data: 00 00 00 AA 00 00 00 00 
"
"2016-11-21 14:05:12ID: BC  Data: 00 00 00 AA 00 00 00 00 
"
"2016-11-21 14:05:12ID: BB  Data: 00 00 00 AA 00 00 00 00 
"
"2016-11-21 14:05:12ID: BC  Data: 00 00 00 AA 00 00 00 00 
"
"2016-11-21 14:05:12ID: BB  Data: 00 00 00 AA 00 00 00 00 
"
"2016-11-21 14:05:12ID: BC  Data: 00 00 00 AA 00 00 00 00 
"
"2016-11-21 14:05:12ID: BB  Data: 00 00 00 AA 00 00 00 00 
"
"2016-11-21 14:05:12ID: BC  Data: 00 00 00 AA 00 00 00 00 
"
"2016-11-21 14:05:12ID: BB  Data: 00 00 00 AA 00 00 00 00 
"
"2016-11-21 14:05:13ID: BC  Data: 00 00 00 AA 00 00 00 00 
"
"2016-11-21 14:05:13ID: BB  Data: 00 00 00 AA 00 00 00 00 
"
"2016-11-21 14:05:13ID: BC  Data: 00 00 00 AA 00 00 00 00 
"
"2016-11-21 14:05:13ID: BB  Data: 00 00 00 AA 00 00 00 00 
"
"2016-11-21 14:05:13ID: BC  Data: 00 00 00 AA 00 00 00 00 
"
"2016-11-21 14:05:13ID: BB  Data: 00 00 00 AA 00 00 00 00 
"
"2016-11-21 14:05:13ID: BC  Data: 00 00 00 AA 00 00 00 00 
"
"2016-11-21 14:05:13ID: BB  Data: 00 00 00 AA 00 00 00 00 
"
"2016-11-21 14:05:13ID: BC  Data: 00 00 00 AA 00 00 00 00 
"
"2016-11-21 14:05:13ID: BB  Data: 00 00 00 AA 00 00 00 00 
"
"2016-11-21 14:05:13ID: BC  Data: 00 00 00 AA 00 00 00 00 
"
"2016-11-21 14:05:13ID: BB  Data: 00 00 00 AA 00 00 00 00 
"
"2016-11-21 14:05:13ID: BC  Data: 00 00 00 AA 00 00 00 00 
"
"2016-11-21 14:05:13ID: BB  Data: 00 00 00 AA 00 00 00 00 
"
"2016-11-21 14:05:13ID: BC  Data: 00 00 00 AA 00 00 00 00 
"
"2016-11-21 14:05:13ID: BB  Data: 00 00 00 AA 00 00 00 00 
"
"2016-11-21 14:05:13ID: BC  Data: 00 00 00 AA 00 00 00 00 
"
"2016-11-21 14:05:13ID: BB  Data: 00 00 00 AA 00 00 00 00 
"
"2016-11-21 14:05:13ID: BC  Data: 00 00 00 AA 00 00 00 00 
"
"2016-11-21 14:05:13ID: BB  Data: 00 00 00 AA 00 00 00 00 
"
"2016-11-21 14:05:13ID: BC  Data: 00 00 00 AA 00 00 00 00 
"
"2016-11-21 14:05:13ID: BB  Data: 00 00 00 AA 00 00 00 00 
"
"2016-11-21 14:05:13ID: BC  Data: 00 00 00 AA 00 00 00 00 
"
"2016-11-21 14:05:14ID: BB  Data: 00 00 00 AA 00 00 00 00 
"
"2016-11-21 14:05:14ID: BC  Data: 00 00 00 AA 00 00 00 00 
"
"2016-11-21 14:05:14ID: BB  Data: 00 00 00 AA 00 00 00 00 
"
"2016-11-21 14:05:14ID: BC  Data: 00 00 00 AA 00 00 00 00 
"
"2016-11-21 14:05:14ID: BB  Data: 00 00 00 AA 00 00 00 00 
"
"2016-11-21 14:05:14ID: BC  Data: 00 00 00 AA 00 00 00 00 
"
"2016-11-21 14:05:14ID: BB  Data: 00 00 00 AA 00 00 00 00 
"
"2016-11-21 14:05:14ID: BC  Data: 00 00 00 AA 00 00 00 00 
"
"2016-11-21 14:05:14ID: BB  Data: 00 00 00 AA 00 00 00 00 
"
"2016-11-21 14:05:14ID: BC  Data: 00 00 00 AA 00 00 00 00 
"
"2016-11-21 14:05:14ID: BB  Data: 00 00 00 AA 00 00 00 00 
"
"2016-11-21 14:05:14ID: BC  Data: 00 00 00 AA 00 00 00 00 
"
"2016-11-21 14:05:14ID: BB  Data: 00 00 00 AA 00 00 00 00 
"
"2016-11-21 14:05:14ID: BC  Data: 00 00 00 AA 00 00 00 00 
"
"2016-11-21 14:05:14ID: BB  Data: 00 00 00 AA 00 00 00 00 
"
"2016-11-21 14:05:14ID: BC  Data: 00 00 00 AA 00 00 00 00 
"
"2016-11-21 14:05:14ID: BB  Data: 00 00 00 AA 00 00 00 00 
"
"2016-11-21 14:05:14ID: BC  Data: 00 00 00 AA 00 00 00 00 
"
"2016-11-21 14:05:14ID: BB  Data: 00 00 00 AA 00 00 00 00 
"
"2016-11-21 14:05:14ID: BC  Data: 00 00 00 AA 00 00 00 00 
"
"2016-11-21 14:05:14ID: BB  Data: 00 00 00 AA 00 00 00 00 
"
"2016-11-21 14:05:14ID: BC  Data: 00 00 00 AA 00 00 00 00 
"
"2016-11-21 14:05:15ID: BB  Data: 00 00 00 AA 00 00 00 00 
"
"2016-11-21 14:05:15ID: BC  Data: 00 00 00 AA 00 00 00 00 
"
"2016-11-21 14:05:15ID: BB  Data: 00 00 00 AA 00 00 00 00 
"
"2016-11-21 14:05:15ID: BC  Data: 00 00 00 AA 00 00 00 00 
"
"2016-11-21 14:05:15ID: BB  Data: 00 00 00 AA 00 00 00 00 
"
"2016-11-21 14:05:15ID: BC  Data: 00 00 00 AA 00 00 00 00 
"
"2016-11-21 14:05:15ID: BB  Data: 00 00 00 AA 00 00 00 00 
"
"2016-11-21 14:05:15ID: BC  Data: 00 00 00 AA 00 00 00 00 
"
"2016-11-21 14:05:15ID: BB  Data: 00 00 00 AA 00 00 00 00 
"
"2016-11-21 14:05:15ID: BC  Data: 00 00 00 AA 00 00 00 00 
"
"2016-11-21 14:05:15ID: BB  Data: 00 00 00 AA 00 00 00 00 
"
"2016-11-21 14:05:15ID: BC  Data: 00 00 00 AA 00 00 00 00 
"
"2016-11-21 14:05:15ID: BB  Data: 00 00 00 AA 00 00 00 00 
"
"2016-11-21 14:05:15ID: BC  Data: 00 00 00 AA 00 00 00 00 
"
"2016-11-21 14:05:15ID: BB  Data: 00 00 00 AA 00 00 00 00 
"
"2016-11-21 14:05:15ID: BC  Data: 00 00 00 AA 00 00 00 00 
"
"2016-11-21 14:05:15ID: BB  Data: 00 00 00 AA 00 00 00 00 
"
"2016-11-21 14:05:15ID: BC  Data: 00 00 00 AA 00 00 00 00 
"
"2016-11-21 14:05:15ID: BB  Data: 00 00 00 AA 00 00 00 00 
"
"2016-11-21 14:05:15ID: BC  Data: 00 00 00 AA 00 00 00 00 
"
"2016-11-21 14:05:15ID: BB  Data: 00 00 00 AA 00 00 00 00 
"
"2016-11-21 14:05:15ID: BC  Data: 00 00 00 AA 00 00 00 00 
"
"2016-11-21 14:05:15ID: BB  Data: 00 00 00 AA 00 00 00 00 
"
"2016-11-21 14:05:15ID: BC  Data: 00 00 00 AA 00 00 00 00 
"
"2016-11-21 14:05:16ID: BB  Data: 00 00 00 AA 00 00 00 00 
"
"2016-11-21 14:05:16ID: BC  Data: 00 00 00 AA 00 00 00 00 
"
"2016-11-21 14:05:16ID: BB  Data: 00 00 00 AA 00 00 00 00 
"
"2016-11-21 14:05:16ID: BC  Data: 00 00 00 AA 00 00 00 00 
"
"2016-11-21 14:05:16ID: BB  Data: 00 00 00 AA 00 00 00 00 
"
"2016-11-21 14:05:16ID: BC  Data: 00 00 00 AA 00 00 00 00 
"
"2016-11-21 14:05:16ID: BB  Data: 00 00 00 AA 00 00 00 00 
"
"2016-11-21 14:05:16ID: BC  Data: 00 00 00 AA 00 00 00 00 
"
"2016-11-21 14:05:16ID: BB  Data: 00 00 00 AA 00 00 00 00 
"
"2016-11-21 14:05:16ID: BC  Data: 00 00 00 AA 00 00 00 00 
"
"2016-11-21 14:05:16ID: BB  Data: 00 00 00 AA 00 00 00 00 
"
"2016-11-21 14:05:16ID: BC  Data: 00 00 00 AA 00 00 00 00 
"
"2016-11-21 14:05:16ID: BB  Data: 00 00 00 AA 00 00 00 00 
"
"2016-11-21 14:05:16ID: BC  Data: 00 00 00 AA 00 00 00 00 
"
"2016-11-21 14:05:16ID: BB  Data: 00 00 00 AA 00 00 00 00 
"
"2016-11-21 14:05:16ID: BC  Data: 00 00 00 AA 00 00 00 00 
"
"2016-11-21 14:05:16ID: BB  Data: 00 00 00 AA 00 00 00 00 
"
"2016-11-21 14:05:16ID: BC  Data: 00 00 00 AA 00 00 00 00 
"
"2016-11-21 14:05:16ID: BB  Data: 00 00 00 AA 00 00 00 00 
"
"2016-11-21 14:05:16ID: BC  Data: 00 00 00 AA 00 00 00 00 
"
"2016-11-21 14:05:16ID: BB  Data: 00 00 00 AA 00 00 00 00 
"
"2016-11-21 14:05:16ID: BC  Data: 00 00 00 AA 00 00 00 00 
"
"2016-11-21 14:05:17ID: BB  Data: 00 00 00 AA 00 00 00 00 
"
"2016-11-21 14:05:17ID: BC  Data: 00 00 00 AA 00 00 00 00 
"
"2016-11-21 14:05:17ID: BB  Data: 00 00 00 AA 00 00 00 00 
"
"2016-11-21 14:05:17ID: BC  Data: 00 00 00 AA 00 00 00 00 
"
"2016-11-21 14:05:17ID: BB  Data: 00 00 00 AA 00 00 00 00 
"
"2016-11-21 14:05:17ID: BC  Data: 00 00 00 AA 00 00 00 00 
"
"2016-11-21 14:05:17ID: BB  Data: 00 00 00 AA 00 00 00 00 
"
"2016-11-21 14:05:17ID: BC  Data: 00 00 00 AA 00 00 00 00 
"
"2016-11-21 14:05:17ID: BB  Data: 00 00 00 AA 00 00 00 00 
"
"2016-11-21 14:05:17ID: BC  Data: 00 00 00 AA 00 00 00 00 
"
"2016-11-21 14:05:17ID: BB  Data: 00 00 00 AA 00 00 00 00 
"
"2016-11-21 14:05:17ID: BC  Data: 00 00 00 AA 00 00 00 00 
"
"2016-11-21 14:05:17ID: BB  Data: 00 00 00 AA 00 00 00 00 
"
"2016-11-21 14:05:17ID: BC  Data: 00 00 00 AA 00 00 00 00 
"
"2016-11-21 14:05:17ID: BB  Data: 00 00 00 AA 00 00 00 00 
"
"2016-11-21 14:05:17ID: BC  Data: 00 00 00 AA 00 00 00 00 
"
"2016-11-21 14:05:17ID: BB  Data: 00 00 00 AA 00 00 00 00 
"
"2016-11-21 14:05:17ID: BC  Data: 00 00 00 AA 00 00 00 00 
"
"2016-11-21 14:05:17ID: BB  Data: 00 00 00 AA 00 00 00 00 
"
"2016-11-21 14:05:17ID: BC  Data: 00 00 00 AA 00 00 00 00 
"
"2016-11-21 14:05:17ID: BB  Data: 00 00 00 AA 00 00 00 00 
"
"2016-11-21 14:05:17ID: BC  Data: 00 00 00 AA 00 00 00 00 
"
"2016-11-21 14:05:18ID: BB  Data: 00 00 00 AA 00 00 00 00 
"
"2016-11-21 14:05:18ID: BC  Data: 00 00 00 AA 00 00 00 00 
"
"2016-11-21 14:05:18ID: BB  Data: 00 00 00 AA 00 00 00 00 
"
"2016-11-21 14:05:18ID: BC  Data: 00 00 00 AA 00 00 00 00 
"
"2016-11-21 14:05:18ID: BB  Data: 00 00 00 AA 00 00 00 00 
"
"2016-11-21 14:05:18ID: BC  Data: 00 00 00 AA 00 00 00 00 
"
"2016-11-21 14:05:18ID: BB  Data: 00 00 00 AA 00 00 00 00 
"
"2016-11-21 14:05:18ID: BC  Data: 00 00 00 AA 00 00 00 00 
"
"2016-11-21 14:05:18ID: BB  Data: 00 00 00 AA 00 00 00 00 
"
"2016-11-21 14:05:18ID: BC  Data: 00 00 00 AA 00 00 00 00 
"
"2016-11-21 14:05:18ID: BB  Data: 00 00 00 AA 00 00 00 00 
"
"2016-11-21 14:05:18ID: BC  Data: 00 00 00 AA 00 00 00 00 
"
"2016-11-21 14:05:18ID: BB  Data: 00 00 00 AA 00 00 00 00 
"
"2016-11-21 14:05:18ID: BC  Data: 00 00 00 AA 00 00 00 00 
"
"2016-11-21 14:05:18ID: BB  Data: 00 00 00 AA 00 00 00 00 
"
"2016-11-21 14:05:18ID: BC  Data: 00 00 00 AA 00 00 00 00 
"
"2016-11-21 14:05:18ID: BB  Data: 00 00 00 AA 00 00 00 00 
"
"2016-11-21 14:05:18ID: BC  Data: 00 00 00 AA 00 00 00 00 
"
"2016-11-21 14:05:18ID: BB  Data: 00 00 00 AA 00 00 00 00 
"
"2016-11-21 14:05:18ID: BC  Data: 00 00 00 AA 00 00 00 00 
"
"2016-11-21 14:05:18ID: BB  Data: 00 00 00 AA 00 00 00 00 
"
"2016-11-21 14:05:18ID: BC  Data: 00 00 00 AA 00 00 00 00 
"
"2016-11-21 14:05:18ID: BB  Data: 00 00 00 AA 00 00 00 00 
"
"2016-11-21 14:05:18ID: BC  Data: 00 00 00 AA 00 00 00 00 
"
"2016-11-21 14:05:19ID: BB  Data: 00 00 00 AA 00 00 00 00 
"
"2016-11-21 14:05:19ID: BC  Data: 00 00 00 AA 00 00 00 00 
"
"2016-11-21 14:05:19ID: BB  Data: 00 00 00 AA 00 00 00 00 
"
"2016-11-21 14:05:19ID: BC  Data: 00 00 00 AA 00 00 00 00 
"
"2016-11-21 14:05:19ID: BB  Data: 00 00 00 AA 00 00 00 00 
"
"2016-11-21 14:05:19ID: BC  Data: 00 00 00 AA 00 00 00 00 
"
"2016-11-21 14:05:19ID: BB  Data: 00 00 00 AA 00 00 00 00 
"
"2016-11-21 14:05:19ID: BC  Data: 00 00 00 AA 00 00 00 00 
"
"2016-11-21 14:05:19ID: BB  Data: 00 00 00 AA 00 00 00 00 
"
"2016-11-21 14:05:19ID: BC  Data: 00 00 00 AA 00 00 00 00 
"
"2016-11-21 14:05:19ID: BB  Data: 00 00 00 AA 00 00 00 00 
"
"2016-11-21 14:05:19ID: BC  Data: 00 00 00 AA 00 00 00 00 
"
"2016-11-21 14:05:19ID: BB  Data: 00 00 00 AA 00 00 00 00 
"
"2016-11-21 14:05:19ID: BC  Data: 00 00 00 AA 00 00 00 00 
"
"2016-11-21 14:05:19ID: BB  Data: 00 00 00 AA 00 00 00 00 
"
"2016-11-21 14:05:19ID: BC  Data: 00 00 00 AA 00 00 00 00 
"
"2016-11-21 14:05:19ID: BB  Data: 00 00 00 AA 00 00 00 00 
"
"2016-11-21 14:05:19ID: BC  Data: 00 00 00 AA 00 00 00 00 
"
"2016-11-21 14:05:19ID: BB  Data: 00 00 00 AA 00 00 00 00 
"
"2016-11-21 14:05:19ID: BC  Data: 00 00 00 AA 00 00 00 00 
"
"2016-11-21 14:05:19ID: BB  Data: 00 00 00 AA 00 00 00 00 
"
"2016-11-21 14:05:19ID: BC  Data: 00 00 00 AA 00 00 00 00 
"
"2016-11-21 14:05:20ID: BB  Data: 00 00 00 AA 00 00 00 00 
"
"2016-11-21 14:05:20ID: BC  Data: 00 00 00 AA 00 00 00 00 
"
"2016-11-21 14:05:20ID: BB  Data: 00 00 00 AA 00 00 00 00 
"
"2016-11-21 14:05:20ID: BC  Data: 00 00 00 AA 00 00 00 00 
"
"2016-11-21 14:05:20ID: BB  Data: 00 00 00 AA 00 00 00 00 
"
"2016-11-21 14:05:20ID: BC  Data: 00 00 00 AA 00 00 00 00 
"
"2016-11-21 14:05:20ID: BB  Data: 00 00 00 AA 00 00 00 00 
"
"2016-11-21 14:05:20ID: BC  Data: 00 00 00 AA 00 00 00 00 
"
"2016-11-21 14:05:20ID: BB  Data: 00 00 00 AA 00 00 00 00 
"
"2016-11-21 14:05:20ID: BC  Data: 00 00 00 AA 00 00 00 00 
"
"2016-11-21 14:05:20ID: BB  Data: 00 00 00 AA 00 00 00 00 
"
"2016-11-21 14:05:20ID: BC  Data: 00 00 00 AA 00 00 00 00 
"
"2016-11-21 14:05:20ID: BB  Data: 00 00 00 AA 00 00 00 00 
"
"2016-11-21 14:05:20ID: BC  Data: 00 00 00 AA 00 00 00 00 
"
"2016-11-21 14:05:20ID: BB  Data: 00 00 00 AA 00 00 00 00 
"
"2016-11-21 14:05:20ID: BC  Data: 00 00 00 AA 00 00 00 00 
"
"2016-11-21 14:05:20ID: BB  Data: 00 00 00 AA 00 00 00 00 
"
"2016-11-21 14:05:20ID: BC  Data: 00 00 00 AA 00 00 00 00 
"
"2016-11-21 14:05:20ID: BB  Data: 00 00 00 AA 00 00 00 00 
"
"2016-11-21 14:05:20ID: BC  Data: 00 00 00 AA 00 00 00 00 
"
"2016-11-21 14:05:20ID: BB  Data: 00 00 00 AA 00 00 00 00 
"
"2016-11-21 14:05:20ID: BC  Data: 00 00 00 AA 00 00 00 00 
"
"2016-11-21 14:05:21ID: BB  Data: 00 00 00 AA 00 00 00 00 
"
"2016-11-21 14:05:21ID: BC  Data: 00 00 00 AA 00 00 00 00 
"
"2016-11-21 14:05:21ID: BB  Data: 00 00 00 AA 00 00 00 00 
"
"2016-11-21 14:05:21ID: BC  Data: 00 00 00 AA 00 00 00 00 
"
"2016-11-21 14:05:21ID: BB  Data: 00 00 00 AA 00 00 00 00 
"
"2016-11-21 14:05:21ID: BC  Data: 00 00 00 AA 00 00 00 00 
"
"2016-11-21 14:05:21ID: BB  Data: 00 00 00 AA 00 00 00 00 
"
"2016-11-21 14:05:21ID: BC  Data: 00 00 00 AA 00 00 00 00 
"
"2016-11-21 14:05:21ID: BB  Data: 00 00 00 AA 00 00 00 00 
"
"2016-11-21 14:05:21ID: BC  Data: 00 00 00 AA 00 00 00 00 
"
"2016-11-21 14:05:21ID: BB  Data: 00 00 00 AA 00 00 00 00 
"
"2016-11-21 14:05:21ID: BC  Data: 00 00 00 AA 00 00 00 00 
"
"2016-11-21 14:05:21ID: BB  Data: 00 00 00 AA 00 00 00 00 
"
"2016-11-21 14:05:21ID: BC  Data: 00 00 00 AA 00 00 00 00 
"
"2016-11-21 14:05:21ID: BB  Data: 00 00 00 AA 00 00 00 00 
"
"2016-11-21 14:05:21ID: BC  Data: 00 00 00 AA 00 00 00 00 
"
"2016-11-21 14:05:21ID: BB  Data: 00 00 00 AA 00 00 00 00 
"
"2016-11-21 14:05:21ID: BC  Data: 00 00 00 AA 00 00 00 00 
"
"2016-11-21 14:05:21ID: BB  Data: 00 00 00 AA 00 00 00 00 
"
"2016-11-21 14:05:21ID: BC  Data: 00 00 00 AA 00 00 00 00 
"
"2016-11-21 14:05:21ID: BB  Data: 00 00 00 AA 00 00 00 00 
"
"2016-11-21 14:05:21ID: BC  Data: 00 00 00 AA 00 00 00 00 
"
"2016-11-21 14:05:21ID: BB  Data: 00 00 00 AA 00 00 00 00 
"
"2016-11-21 14:05:21ID: BC  Data: 00 00 00 AA 00 00 00 00 
"
"2016-11-21 14:05:22ID: BB  Data: 00 00 00 AA 00 00 00 00 
"
"2016-11-21 14:05:22ID: BC  Data: 00 00 00 AA 00 00 00 00 
"
"2016-11-21 14:05:22ID: BB  Data: 00 00 00 AA 00 00 00 00 
"
"2016-11-21 14:05:22ID: BC  Data: 00 00 00 AA 00 00 00 00 
"
"2016-11-21 14:05:22ID: BB  Data: 00 00 00 AA 00 00 00 00 
"
"2016-11-21 14:05:22ID: BC  Data: 00 00 00 AA 00 00 00 00 
"
"2016-11-21 14:05:22ID: BB  Data: 00 00 00 AA 00 00 00 00 
"
"2016-11-21 14:05:22ID: BC  Data: 00 00 00 AA 00 00 00 00 
"
"2016-11-21 14:05:22ID: BB  Data: 00 00 00 AA 00 00 00 00 
"
"2016-11-21 14:05:22ID: BC  Data: 00 00 00 AA 00 00 00 00 
"
"2016-11-21 14:05:22ID: BB  Data: 00 00 00 AA 00 00 00 00 
"
"2016-11-21 14:05:22ID: BC  Data: 00 00 00 AA 00 00 00 00 
"
"2016-11-21 14:05:22ID: BB  Data: 00 00 00 AA 00 00 00 00 
"
"2016-11-21 14:05:22ID: BC  Data: 00 00 00 AA 00 00 00 00 
"
"2016-11-21 14:05:22ID: BB  Data: 00 00 00 AA 00 00 00 00 
"
"2016-11-21 14:05:22ID: BC  Data: 00 00 00 AA 00 00 00 00 
"
"2016-11-21 14:05:22ID: BB  Data: 00 00 00 AA 00 00 00 00 
"
"2016-11-21 14:05:22ID: BC  Data: 00 00 00 AA 00 00 00 00 
"
"2016-11-21 14:05:22ID: BB  Data: 00 00 00 AA 00 00 00 00 
"
"2016-11-21 14:05:22ID: BC  Data: 00 00 00 AA 00 00 00 00 
"
"2016-11-21 14:05:22ID: BB  Data: 00 00 00 AA 00 00 00 00 
"
"2016-11-21 14:05:22ID: BC  Data: 00 00 00 AA 00 00 00 00 
"
"2016-11-21 14:05:23ID: BB  Data: 00 00 00 AA 00 00 00 00 
"
"2016-11-21 14:05:23ID: BC  Data: 00 00 00 AA 00 00 00 00 
"
"2016-11-21 14:05:23ID: BB  Data: 00 00 00 AA 00 00 00 00 
"
"2016-11-21 14:05:23ID: BC  Data: 00 00 00 AA 00 00 00 00 
"
"2016-11-21 14:05:23ID: BB  Data: 00 00 00 AA 00 00 00 00 
"
"2016-11-21 14:05:23ID: BC  Data: 00 00 00 AA 00 00 00 00 
"
"2016-11-21 14:05:23ID: BB  Data: 00 00 00 AA 00 00 00 00 
"
"2016-11-21 14:05:23ID: BC  Data: 00 00 00 AA 00 00 00 00 
"
"2016-11-21 14:05:23ID: BB  Data: 00 00 00 AA 00 00 00 00 
"
"2016-11-21 14:05:23ID: BC  Data: 00 00 00 AA 00 00 00 00 
"
"2016-11-21 14:05:23ID: BB  Data: 00 00 00 AA 00 00 00 00 
"
"2016-11-21 14:05:23ID: BC  Data: 00 00 00 AA 00 00 00 00 
"
"2016-11-21 14:05:23ID: BB  Data: 00 00 00 AA 00 00 00 00 
"
"2016-11-21 14:05:23ID: BC  Data: 00 00 00 AA 00 00 00 00 
"
"2016-11-21 14:05:23ID: BB  Data: 00 00 00 AA 00 00 00 00 
"
"2016-11-21 14:05:23ID: BC  Data: 00 00 00 AA 00 00 00 00 
"
"2016-11-21 14:05:23ID: BB  Data: 00 00 00 AA 00 00 00 00 
"
"2016-11-21 14:05:23ID: BC  Data: 00 00 00 AA 00 00 00 00 
"
"2016-11-21 14:05:23ID: BB  Data: 00 00 00 AA 00 00 00 00 
"
"2016-11-21 14:05:23ID: BC  Data: 00 00 00 AA 00 00 00 00 
"
"2016-11-21 14:05:23ID: BB  Data: 00 00 00 AA 00 00 00 00 
"
"2016-11-21 14:05:23ID: BC  Data: 00 00 00 AA 00 00 00 00 
"
"2016-11-21 14:05:23ID: BB  Data: 00 00 00 AA 00 00 00 00 
"
"2016-11-21 14:05:24ID: BC  Data: 00 00 00 AA 00 00 00 00 
"
"2016-11-21 14:05:24ID: BB  Data: 00 00 00 AA 00 00 00 00 
"
"2016-11-21 14:05:24ID: BC  Data: 00 00 00 AA 00 00 00 00 
"
"2016-11-21 14:05:24ID: BB  Data: 00 00 00 AA 00 00 00 00 
"
"2016-11-21 14:05:24ID: BC  Data: 00 00 00 AA 00 00 00 00 
"
"2016-11-21 14:05:24ID: BB  Data: 00 00 00 AA 00 00 00 00 
"
"2016-11-21 14:05:24ID: BC  Data: 00 00 00 AA 00 00 00 00 
"
"2016-11-21 14:05:24ID: BB  Data: 00 00 00 AA 00 00 00 00 
"
"2016-11-21 14:05:24ID: BC  Data: 00 00 00 AA 00 00 00 00 
"
"2016-11-21 14:05:24ID: BB  Data: 00 00 00 AA 00 00 00 00 
"
"2016-11-21 14:05:24ID: BC  Data: 00 00 00 AA 00 00 00 00 
"
"2016-11-21 14:05:24ID: BB  Data: 00 00 00 AA 00 00 00 00 
"
"2016-11-21 14:05:24ID: BC  Data: 00 00 00 AA 00 00 00 00 
"
"2016-11-21 14:05:24ID: BB  Data: 00 00 00 AA 00 00 00 00 
"
"2016-11-21 14:05:24ID: BC  Data: 00 00 00 AA 00 00 00 00 
"
"2016-11-21 14:05:24ID: BB  Data: 00 00 00 AA 00 00 00 00 
"
"2016-11-21 14:05:24ID: BC  Data: 00 00 00 AA 00 00 00 00 
"
"2016-11-21 14:05:24ID: BB  Data: 00 00 00 AA 00 00 00 00 
"
"2016-11-21 14:05:24ID: BC  Data: 00 00 00 AA 00 00 00 00 
"
"2016-11-21 14:05:24ID: BB  Data: 00 00 00 AA 00 00 00 00 
"
"2016-11-21 14:05:24ID: BC  Data: 00 00 00 AA 00 00 00 00 
"
"2016-11-21 14:05:24ID: BB  Data: 00 00 00 AA 00 00 00 00 
"
"2016-11-21 14:05:24ID: BC  Data: 00 00 00 AA 00 00 00 00 
"
"2016-11-21 14:05:25ID: BB  Data: 00 00 00 AA 00 00 00 00 
"
"2016-11-21 14:05:25ID: BC  Data: 00 00 00 AA 00 00 00 00 
"
"2016-11-21 14:05:25ID: BB  Data: 00 00 00 AA 00 00 00 00 
"
"2016-11-21 14:05:25ID: BC  Data: 00 00 00 AA 00 00 00 00 
"
"2016-11-21 14:05:25ID: BB  Data: 00 00 00 AA 00 00 00 00 
"
"2016-11-21 14:05:25ID: BC  Data: 00 00 00 AA 00 00 00 00 
"
"2016-11-21 14:05:25ID: BB  Data: 00 00 00 AA 00 00 00 00 
"
"2016-11-21 14:05:25ID: BC  Data: 00 00 00 AA 00 00 00 00 
"
"2016-11-21 14:05:25ID: BB  Data: 00 00 00 AA 00 00 00 00 
"
"2016-11-21 14:05:25ID: BC  Data: 00 00 00 AA 00 00 00 00 
"
"2016-11-21 14:05:25ID: BB  Data: 00 00 00 AA 00 00 00 00 
"
"2016-11-21 14:05:25ID: BC  Data: 00 00 00 AA 00 00 00 00 
"
"2016-11-21 14:05:25ID: BB  Data: 00 00 00 AA 00 00 00 00 
"
"2016-11-21 14:05:25ID: BC  Data: 00 00 00 AA 00 00 00 00 
"
"2016-11-21 14:05:25ID: BB  Data: 00 00 00 AA 00 00 00 00 
"
"2016-11-21 14:05:25ID: BC  Data: 00 00 00 AA 00 00 00 00 
"
"2016-11-21 14:05:25ID: BB  Data: 00 00 00 AA 00 00 00 00 
"
"2016-11-21 14:05:25ID: BC  Data: 00 00 00 AA 00 00 00 00 
"
"2016-11-21 14:05:25ID: BB  Data: 00 00 00 AA 00 00 00 00 
"
"2016-11-21 14:05:25ID: BC  Data: 00 00 00 AA 00 00 00 00 
"
"2016-11-21 14:05:25ID: BB  Data: 00 00 00 AA 00 00 00 00 
"
"2016-11-21 14:05:25ID: BC  Data: 00 00 00 AA 00 00 00 00 
"
"2016-11-21 14:05:26ID: BB  Data: 00 00 00 AA 00 00 00 00 
"
"2016-11-21 14:05:26ID: BC  Data: 00 00 00 AA 00 00 00 00 
"
"2016-11-21 14:05:26ID: BB  Data: 00 00 00 AA 00 00 00 00 
"
"2016-11-21 14:05:26ID: BC  Data: 00 00 00 AA 00 00 00 00 
"
"2016-11-21 14:05:26ID: BB  Data: 00 00 00 AA 00 00 00 00 
"
"2016-11-21 14:05:26ID: BC  Data: 00 00 00 AA 00 00 00 00 
"
"2016-11-21 14:05:26ID: BB  Data: 00 00 00 AA 00 00 00 00 
"
"2016-11-21 14:05:26ID: BC  Data: 00 00 00 AA 00 00 00 00 
"
"2016-11-21 14:05:26ID: BB  Data: 00 00 00 AA 00 00 00 00 
"
"2016-11-21 14:05:26ID: BC  Data: 00 00 00 AA 00 00 00 00 
"
"2016-11-21 14:05:26ID: BB  Data: 00 00 00 AA 00 00 00 00 
"
"2016-11-21 14:05:26ID: BC  Data: 00 00 00 AA 00 00 00 00 
"
"2016-11-21 14:05:26ID: BB  Data: 00 00 00 AA 00 00 00 00 
"
"2016-11-21 14:05:26ID: BC  Data: 00 00 00 AA 00 00 00 00 
"
"2016-11-21 14:05:26ID: BB  Data: 00 00 00 AA 00 00 00 00 
"
"2016-11-21 14:05:26ID: BC  Data: 00 00 00 AA 00 00 00 00 
"
"2016-11-21 14:05:26ID: BB  Data: 00 00 00 AA 00 00 00 00 
"
"2016-11-21 14:05:26ID: BC  Data: 00 00 00 AA 00 00 00 00 
"
"2016-11-21 14:05:26ID: BB  Data: 00 00 00 AA 00 00 00 00 
"
"2016-11-21 14:05:26ID: BC  Data: 00 00 00 AA 00 00 00 00 
"
"2016-11-21 14:05:26ID: BB  Data: 00 00 00 AA 00 00 00 00 
"
"2016-11-21 14:05:26ID: BC  Data: 00 00 00 AA 00 00 00 00 
"
"2016-11-21 14:05:26ID: BB  Data: 00 00 00 AA 00 00 00 00 
"
"2016-11-21 14:05:26ID: BC  Data: 00 00 00 AA 00 00 00 00 
"
"2016-11-21 14:05:27ID: BB  Data: 00 00 00 AA 00 00 00 00 
"
"2016-11-21 14:05:27ID: BC  Data: 00 00 00 AA 00 00 00 00 
"
"2016-11-21 14:05:27ID: BB  Data: 00 00 00 AA 00 00 00 00 
"
"2016-11-21 14:05:27ID: BC  Data: 00 00 00 AA 00 00 00 00 
"
"2016-11-21 14:05:27ID: BB  Data: 00 00 00 AA 00 00 00 00 
"
"2016-11-21 14:05:27ID: BC  Data: 00 00 00 AA 00 00 00 00 
"
"2016-11-21 14:05:27ID: BB  Data: 00 00 00 AA 00 00 00 00 
"
"2016-11-21 14:05:27ID: BC  Data: 00 00 00 AA 00 00 00 00 
"
"2016-11-21 14:05:27ID: BB  Data: 00 00 00 AA 00 00 00 00 
"
"2016-11-21 14:05:27ID: BC  Data: 00 00 00 AA 00 00 00 00 
"
"2016-11-21 14:05:27ID: BB  Data: 00 00 00 AA 00 00 00 00 
"
"2016-11-21 14:05:27ID: BC  Data: 00 00 00 AA 00 00 00 00 
"
"2016-11-21 14:05:27ID: BB  Data: 00 00 00 AA 00 00 00 00 
"
"2016-11-21 14:05:27ID: BC  Data: 00 00 00 AA 00 00 00 00 
"
"2016-11-21 14:05:27ID: BB  Data: 00 00 00 AA 00 00 00 00 
"
"2016-11-21 14:05:27ID: BC  Data: 00 00 00 AA 00 00 00 00 
"
"2016-11-21 14:05:27ID: BB  Data: 00 00 00 AA 00 00 00 00 
"
"2016-11-21 14:05:27ID: BC  Data: 00 00 00 AA 00 00 00 00 
"
"2016-11-21 14:05:27ID: BB  Data: 00 00 00 AA 00 00 00 00 
"
"2016-11-21 14:05:27ID: BC  Data: 00 00 00 AA 00 00 00 00 
"
"2016-11-21 14:05:27ID: BB  Data: 00 00 00 AA 00 00 00 00 
"
"2016-11-21 14:05:27ID: BC  Data: 00 00 00 AA 00 00 00 00 
"
"2016-11-21 14:05:28ID: BB  Data: 00 00 00 AA 00 00 00 00 
"
"2016-11-21 14:05:28ID: BC  Data: 00 00 00 AA 00 00 00 00 
"
"2016-11-21 14:05:28ID: BB  Data: 00 00 00 AA 00 00 00 00 
"
"2016-11-21 14:05:28ID: BC  Data: 00 00 00 AA 00 00 00 00 
"
"2016-11-21 14:05:28ID: BB  Data: 00 00 00 AA 00 00 00 00 
"
"2016-11-21 14:05:28ID: BC  Data: 00 00 00 AA 00 00 00 00 
"
"2016-11-21 14:05:28ID: BB  Data: 00 00 00 AA 00 00 00 00 
"
"2016-11-21 14:05:28ID: BC  Data: 00 00 00 AA 00 00 00 00 
"
"2016-11-21 14:05:28ID: BB  Data: 00 00 00 AA 00 00 00 00 
"
"2016-11-21 14:05:28ID: BC  Data: 00 00 00 AA 00 00 00 00 
"
"2016-11-21 14:05:28ID: BB  Data: 00 00 00 AA 00 00 00 00 
"
"2016-11-21 14:05:28ID: BC  Data: 00 00 00 AA 00 00 00 00 
"
"2016-11-21 14:05:28ID: BB  Data: 00 00 00 AA 00 00 00 00 
"
"2016-11-21 14:05:28ID: BC  Data: 00 00 00 AA 00 00 00 00 
"
"2016-11-21 14:05:28ID: BB  Data: 00 00 00 AA 00 00 00 00 
"
"2016-11-21 14:05:28ID: BC  Data: 00 00 00 AA 00 00 00 00 
"
"2016-11-21 14:05:28ID: BB  Data: 00 00 00 AA 00 00 00 00 
"
"2016-11-21 14:05:28ID: BC  Data: 00 00 00 AA 00 00 00 00 
"
"2016-11-21 14:05:28ID: BB  Data: 00 00 00 AA 00 00 00 00 
"
"2016-11-21 14:05:28ID: BC  Data: 00 00 00 AA 00 00 00 00 
"
"2016-11-21 14:05:28ID: BB  Data: 00 00 00 AA 00 00 00 00 
"
"2016-11-21 14:05:28ID: BC  Data: 00 00 00 AA 00 00 00 00 
"
"2016-11-21 14:05:29ID: BB  Data: 00 00 00 AA 00 00 00 00 
"
"2016-11-21 14:05:29ID: BC  Data: 00 00 00 AA 00 00 00 00 
"
"2016-11-21 14:05:29ID: BB  Data: 00 00 00 AA 00 00 00 00 
"
"2016-11-21 14:05:29ID: BC  Data: 00 00 00 AA 00 00 00 00 
"
"2016-11-21 14:05:29ID: BB  Data: 00 00 00 AA 00 00 00 00 
"
"2016-11-21 14:05:29ID: BC  Data: 00 00 00 AA 00 00 00 00 
"
"2016-11-21 14:05:29ID: BB  Data: 00 00 00 AA 00 00 00 00 
"
"2016-11-21 14:05:29ID: BC  Data: 00 00 00 AA 00 00 00 00 
"
"2016-11-21 14:05:29ID: BB  Data: 00 00 00 AA 00 00 00 00 
"
"2016-11-21 14:05:29ID: BC  Data: 00 00 00 AA 00 00 00 00 
"
"2016-11-21 14:05:29ID: BB  Data: 00 00 00 AA 00 00 00 00 
"
"2016-11-21 14:05:29ID: BC  Data: 00 00 00 AA 00 00 00 00 
"
"2016-11-21 14:05:29ID: BB  Data: 00 00 00 AA 00 00 00 00 
"
"2016-11-21 14:05:29ID: BC  Data: 00 00 00 AA 00 00 00 00 
"
"2016-11-21 14:05:29ID: BB  Data: 00 00 00 AA 00 00 00 00 
"
"2016-11-21 14:05:29ID: BC  Data: 00 00 00 AA 00 00 00 00 
"
"2016-11-21 14:05:29ID: BB  Data: 00 00 00 AA 00 00 00 00 
"
"2016-11-21 14:05:29ID: BC  Data: 00 00 00 AA 00 00 00 00 
"
"2016-11-21 14:05:29ID: BB  Data: 00 00 00 AA 00 00 00 00 
"
"2016-11-21 14:05:29ID: BC  Data: 00 00 00 AA 00 00 00 00 
"
"2016-11-21 14:05:29ID: BB  Data: 00 00 00 AA 00 00 00 00 
"
"2016-11-21 14:05:29ID: BC  Data: 00 00 00 AA 00 00 00 00 
"
"2016-11-21 14:05:29ID: BB  Data: 00 00 00 AA 00 00 00 00 
"
"2016-11-21 14:05:29ID: BC  Data: 00 00 00 AA 00 00 00 00 
"
"2016-11-21 14:05:30ID: BB  Data: 00 00 00 AA 00 00 00 00 
"
"2016-11-21 14:05:30ID: BC  Data: 00 00 00 AA 00 00 00 00 
"
"2016-11-21 14:05:30ID: BB  Data: 00 00 00 AA 00 00 00 00 
"
"2016-11-21 14:05:30ID: BC  Data: 00 00 00 AA 00 00 00 00 
"
"2016-11-21 14:05:30ID: BB  Data: 00 00 00 AA 00 00 00 00 
"
"2016-11-21 14:05:30ID: BC  Data: 00 00 00 AA 00 00 00 00 
"
"2016-11-21 14:05:30ID: BB  Data: 00 00 00 AA 00 00 00 00 
"
"2016-11-21 14:05:30ID: BC  Data: 00 00 00 AA 00 00 00 00 
"
"2016-11-21 14:05:30ID: BB  Data: 00 00 00 AA 00 00 00 00 
"
"2016-11-21 14:05:30ID: BC  Data: 00 00 00 AA 00 00 00 00 
"
"2016-11-21 14:05:30ID: BB  Data: 00 00 00 AA 00 00 00 00 
"
"2016-11-21 14:05:30ID: BC  Data: 00 00 00 AA 00 00 00 00 
"
"2016-11-21 14:05:30ID: BB  Data: 00 00 00 AA 00 00 00 00 
"
"2016-11-21 14:05:30ID: BC  Data: 00 00 00 AA 00 00 00 00 
"
"2016-11-21 14:05:30ID: BB  Data: 00 00 00 AA 00 00 00 00 
"
"2016-11-21 14:05:30ID: BC  Data: 00 00 00 AA 00 00 00 00 
"
"2016-11-21 14:05:30ID: BB  Data: 00 00 00 AA 00 00 00 00 
"
"2016-11-21 14:05:30ID: BC  Data: 00 00 00 AA 00 00 00 00 
"
"2016-11-21 14:05:30ID: BB  Data: 00 00 00 AA 00 00 00 00 
"
"2016-11-21 14:05:30ID: BC  Data: 00 00 00 AA 00 00 00 00 
"
"2016-11-21 14:05:30ID: BB  Data: 00 00 00 AA 00 00 00 00 
"
"2016-11-21 14:05:30ID: BC  Data: 00 00 00 AA 00 00 00 00 
"
"2016-11-21 14:05:31ID: BB  Data: 00 00 00 AA 00 00 00 00 
"
"2016-11-21 14:05:31ID: BC  Data: 00 00 00 AA 00 00 00 00 
"
"2016-11-21 14:05:31ID: BB  Data: 00 00 00 AA 00 00 00 00 
"
"2016-11-21 14:05:31ID: BC  Data: 00 00 00 AA 00 00 00 00 
"
"2016-11-21 14:05:31ID: BB  Data: 00 00 00 AA 00 00 00 00 
"
"2016-11-21 14:05:31ID: BC  Data: 00 00 00 AA 00 00 00 00 
"
"2016-11-21 14:05:31ID: BB  Data: 00 00 00 AA 00 00 00 00 
"
"2016-11-21 14:05:31ID: BC  Data: 00 00 00 AA 00 00 00 00 
"
"2016-11-21 14:05:31ID: BB  Data: 00 00 00 AA 00 00 00 00 
"
"2016-11-21 14:05:31ID: BC  Data: 00 00 00 AA 00 00 00 00 
"
"2016-11-21 14:05:31ID: BB  Data: 00 00 00 AA 00 00 00 00 
"
"2016-11-21 14:05:31ID: BC  Data: 00 00 00 AA 00 00 00 00 
"
"2016-11-21 14:05:31ID: BB  Data: 00 00 00 AA 00 00 00 00 
"
"2016-11-21 14:05:31ID: BC  Data: 00 00 00 AA 00 00 00 00 
"
"2016-11-21 14:05:31ID: BB  Data: 00 00 00 AA 00 00 00 00 
"
"2016-11-21 14:05:31ID: BC  Data: 00 00 00 AA 00 00 00 00 
"
"2016-11-21 14:05:31ID: BB  Data: 00 00 00 AA 00 00 00 00 
"
"2016-11-21 14:05:31ID: BC  Data: 00 00 00 AA 00 00 00 00 
"
"2016-11-21 14:05:31ID: BB  Data: 00 00 00 AA 00 00 00 00 
"
"2016-11-21 14:05:31ID: BC  Data: 00 00 00 AA 00 00 00 00 
"
"2016-11-21 14:05:31ID: BB  Data: 00 00 00 AA 00 00 00 00 
"
"2016-11-21 14:05:31ID: BC  Data: 00 00 00 AA 00 00 00 00 
"
"2016-11-21 14:05:31ID: BB  Data: 00 00 00 AA 00 00 00 00 
"
"2016-11-21 14:05:32ID: BC  Data: 00 00 00 AA 00 00 00 00 
"
"2016-11-21 14:05:32ID: BB  Data: 00 00 00 AA 00 00 00 00 
"
"2016-11-21 14:05:32ID: BC  Data: 00 00 00 AA 00 00 00 00 
"
"2016-11-21 14:05:32ID: BB  Data: 00 00 00 AA 00 00 00 00 
"
"2016-11-21 14:05:32ID: BC  Data: 00 00 00 AA 00 00 00 00 
"
"2016-11-21 14:05:32ID: BB  Data: 00 00 00 AA 00 00 00 00 
"
"2016-11-21 14:05:32ID: BC  Data: 00 00 00 AA 00 00 00 00 
"
"2016-11-21 14:05:32ID: BB  Data: 00 00 00 AA 00 00 00 00 
"
"2016-11-21 14:05:32ID: BC  Data: 00 00 00 AA 00 00 00 00 
"
"2016-11-21 14:05:32ID: BB  Data: 00 00 00 AA 00 00 00 00 
"
"2016-11-21 14:05:32ID: BC  Data: 00 00 00 AA 00 00 00 00 
"
"2016-11-21 14:05:32ID: BB  Data: 00 00 00 AA 00 00 00 00 
"
"2016-11-21 14:05:32ID: BC  Data: 00 00 00 AA 00 00 00 00 
"
"2016-11-21 14:05:32ID: BB  Data: 00 00 00 AA 00 00 00 00 
"
"2016-11-21 14:05:32ID: BC  Data: 00 00 00 AA 00 00 00 00 
"
"2016-11-21 14:05:32ID: BB  Data: 00 00 00 AA 00 00 00 00 
"
"2016-11-21 14:05:32ID: BC  Data: 00 00 00 AA 00 00 00 00 
"
"2016-11-21 14:05:32ID: BB  Data: 00 00 00 AA 00 00 00 00 
"
"2016-11-21 14:05:32ID: BC  Data: 00 00 00 AA 00 00 00 00 
"
"2016-11-21 14:05:32ID: BB  Data: 00 00 00 AA 00 00 00 00 
"
"2016-11-21 14:05:32ID: BC  Data: 00 00 00 AA 00 00 00 00 
"
"2016-11-21 14:05:32ID: BB  Data: 00 00 00 AA 00 00 00 00 
"
"2016-11-21 14:05:32ID: BC  Data: 00 00 00 AA 00 00 00 00 
"
"2016-11-21 14:05:33ID: BB  Data: 00 00 00 AA 00 00 00 00 
"
"2016-11-21 14:05:33ID: BC  Data: 00 00 00 AA 00 00 00 00 
"
"2016-11-21 14:05:33ID: BB  Data: 00 00 00 AA 00 00 00 00 
"
"2016-11-21 14:05:33ID: BC  Data: 00 00 00 AA 00 00 00 00 
"
"2016-11-21 14:05:33ID: BB  Data: 00 00 00 AA 00 00 00 00 
"
"2016-11-21 14:05:33ID: BC  Data: 00 00 00 AA 00 00 00 00 
"
"2016-11-21 14:05:33ID: BB  Data: 00 00 00 AA 00 00 00 00 
"
"2016-11-21 14:05:33ID: BC  Data: 00 00 00 AA 00 00 00 00 
"
"2016-11-21 14:05:33ID: BB  Data: 00 00 00 AA 00 00 00 00 
"
"2016-11-21 14:05:33ID: BC  Data: 00 00 00 AA 00 00 00 00 
"
"2016-11-21 14:05:33ID: BB  Data: 00 00 00 AA 00 00 00 00 
"
"2016-11-21 14:05:33ID: BC  Data: 00 00 00 AA 00 00 00 00 
"
"2016-11-21 14:05:33ID: BB  Data: 00 00 00 AA 00 00 00 00 
"
"2016-11-21 14:05:33ID: BC  Data: 00 00 00 AA 00 00 00 00 
"
"2016-11-21 14:05:33ID: BB  Data: 00 00 00 AA 00 00 00 00 
"
"2016-11-21 14:05:33ID: BC  Data: 00 00 00 AA 00 00 00 00 
"
"2016-11-21 14:05:33ID: BB  Data: 00 00 00 AA 00 00 00 00 
"
"2016-11-21 14:05:33ID: BC  Data: 00 00 00 AA 00 00 00 00 
"
"2016-11-21 14:05:33ID: BB  Data: 00 00 00 AA 00 00 00 00 
"
"2016-11-21 14:05:33ID: BC  Data: 00 00 00 AA 00 00 00 00 
"
"2016-11-21 14:05:33ID: BB  Data: 00 00 00 AA 00 00 00 00 
"
"2016-11-21 14:05:33ID: BC  Data: 00 00 00 AA 00 00 00 00 
"
"2016-11-21 14:05:34ID: BB  Data: 00 00 00 AA 00 00 00 00 
"
"2016-11-21 14:05:34ID: BC  Data: 00 00 00 AA 00 00 00 00 
"
"2016-11-21 14:05:34ID: BB  Data: 00 00 00 AA 00 00 00 00 
"
"2016-11-21 14:05:34ID: BC  Data: 00 00 00 AA 00 00 00 00 
"
"2016-11-21 14:05:34ID: BB  Data: 00 00 00 AA 00 00 00 00 
"
"2016-11-21 14:05:34ID: BC  Data: 00 00 00 AA 00 00 00 00 
"
"2016-11-21 14:05:34ID: BB  Data: 00 00 00 AA 00 00 00 00 
"
"2016-11-21 14:05:34ID: BC  Data: 00 00 00 AA 00 00 00 00 
"
"2016-11-21 14:05:34ID: BB  Data: 00 00 00 AA 00 00 00 00 
"
"2016-11-21 14:05:34ID: BC  Data: 00 00 00 AA 00 00 00 00 
"
"2016-11-21 14:05:34ID: BB  Data: 00 00 00 AA 00 00 00 00 
"
"2016-11-21 14:05:34ID: BC  Data: 00 00 00 AA 00 00 00 00 
"
"2016-11-21 14:05:34ID: BB  Data: 00 00 00 AA 00 00 00 00 
"
"2016-11-21 14:05:34ID: BC  Data: 00 00 00 AA 00 00 00 00 
"
"2016-11-21 14:05:34ID: BB  Data: 00 00 00 AA 00 00 00 00 
"
"2016-11-21 14:05:34ID: BC  Data: 00 00 00 AA 00 00 00 00 
"
"2016-11-21 14:05:34ID: BB  Data: 00 00 00 AA 00 00 00 00 
"
"2016-11-21 14:05:34ID: BC  Data: 00 00 00 AA 00 00 00 00 
"
"2016-11-21 14:05:34ID: BB  Data: 00 00 00 AA 00 00 00 00 
"
"2016-11-21 14:05:34ID: BC  Data: 00 00 00 AA 00 00 00 00 
"
"2016-11-21 14:05:34ID: BB  Data: 00 00 00 AA 00 00 00 00 
"
"2016-11-21 14:05:34ID: BC  Data: 00 00 00 AA 00 00 00 00 
"
"2016-11-21 14:05:34ID: BB  Data: 00 00 00 AA 00 00 00 00 
"
"2016-11-21 14:05:34ID: BC  Data: 00 00 00 AA 00 00 00 00 
"
"2016-11-21 14:05:35ID: BB  Data: 00 00 00 AA 00 00 00 00 
"
"2016-11-21 14:05:35ID: BC  Data: 00 00 00 AA 00 00 00 00 
"
"2016-11-21 14:05:35ID: BB  Data: 00 00 00 AA 00 00 00 00 
"
"2016-11-21 14:05:35ID: BC  Data: 00 00 00 AA 00 00 00 00 
"
"2016-11-21 14:05:35ID: BB  Data: 00 00 00 AA 00 00 00 00 
"
"2016-11-21 14:05:35ID: BC  Data: 00 00 00 AA 00 00 00 00 
"
"2016-11-21 14:05:35ID: BB  Data: 00 00 00 AA 00 00 00 00 
"
"2016-11-21 14:05:35ID: BC  Data: 00 00 00 AA 00 00 00 00 
"
"2016-11-21 14:05:35ID: BB  Data: 00 00 00 AA 00 00 00 00 
"
"2016-11-21 14:05:35ID: BC  Data: 00 00 00 AA 00 00 00 00 
"
"2016-11-21 14:05:35ID: BB  Data: 00 00 00 AA 00 00 00 00 
"
"2016-11-21 14:05:35ID: BC  Data: 00 00 00 AA 00 00 00 00 
"
"2016-11-21 14:05:35ID: BB  Data: 00 00 00 AA 00 00 00 00 
"
"2016-11-21 14:05:35ID: BC  Data: 00 00 00 AA 00 00 00 00 
"
"2016-11-21 14:05:35ID: BB  Data: 00 00 00 AA 00 00 00 00 
"
"2016-11-21 14:05:35ID: BC  Data: 00 00 00 AA 00 00 00 00 
"
"2016-11-21 14:05:35ID: BB  Data: 00 00 00 AA 00 00 00 00 
"
"2016-11-21 14:05:35ID: BC  Data: 00 00 00 AA 00 00 00 00 
"
"2016-11-21 14:05:35ID: BB  Data: 00 00 00 AA 00 00 00 00 
"
"2016-11-21 14:05:35ID: BC  Data: 00 00 00 AA 00 00 00 00 
"
"2016-11-21 14:05:35ID: BB  Data: 00 00 00 AA 00 00 00 00 
"
"2016-11-21 14:05:35ID: BC  Data: 00 00 00 AA 00 00 00 00 
"
"2016-11-21 14:05:36ID: BB  Data: 00 00 00 AA 00 00 00 00 
"
"2016-11-21 14:05:36ID: BC  Data: 00 00 00 AA 00 00 00 00 
"
"2016-11-21 14:05:36ID: BB  Data: 00 00 00 AA 00 00 00 00 
"
"2016-11-21 14:05:36ID: BC  Data: 00 00 00 AA 00 00 00 00 
"
"2016-11-21 14:05:36ID: BB  Data: 00 00 00 AA 00 00 00 00 
"
"2016-11-21 14:05:36ID: BC  Data: 00 00 00 AA 00 00 00 00 
"
"2016-11-21 14:05:36ID: BB  Data: 00 00 00 AA 00 00 00 00 
"
"2016-11-21 14:05:36ID: BC  Data: 00 00 00 AA 00 00 00 00 
"
"2016-11-21 14:05:36ID: BB  Data: 00 00 00 AA 00 00 00 00 
"
"2016-11-21 14:05:36ID: BC  Data: 00 00 00 AA 00 00 00 00 
"
"2016-11-21 14:05:36ID: BB  Data: 00 00 00 AA 00 00 00 00 
"
"2016-11-21 14:05:36ID: BC  Data: 00 00 00 AA 00 00 00 00 
"
"2016-11-21 14:05:36ID: BB  Data: 00 00 00 AA 00 00 00 00 
"
"2016-11-21 14:05:36ID: BC  Data: 00 00 00 AA 00 00 00 00 
"
"2016-11-21 14:05:36ID: BB  Data: 00 00 00 AA 00 00 00 00 
"
"2016-11-21 14:05:36ID: BC  Data: 00 00 00 AA 00 00 00 00 
"
"2016-11-21 14:05:36ID: BB  Data: 00 00 00 AA 00 00 00 00 
"
"2016-11-21 14:05:36ID: BC  Data: 00 00 00 AA 00 00 00 00 
"
"2016-11-21 14:05:36ID: BB  Data: 00 00 00 AA 00 00 00 00 
"
"2016-11-21 14:05:36ID: BC  Data: 00 00 00 AA 00 00 00 00 
"
"2016-11-21 14:05:36ID: BB  Data: 00 00 00 AA 00 00 00 00 
"
"2016-11-21 14:05:36ID: BC  Data: 00 00 00 AA 00 00 00 00 
"
"2016-11-21 14:05:37ID: BB  Data: 00 00 00 AA 00 00 00 00 
"
"2016-11-21 14:05:37ID: BC  Data: 00 00 00 AA 00 00 00 00 
"
"2016-11-21 14:05:37ID: BB  Data: 00 00 00 AA 00 00 00 00 
"
"2016-11-21 14:05:37ID: BC  Data: 00 00 00 AA 00 00 00 00 
"
"2016-11-21 14:05:37ID: BB  Data: 00 00 00 AA 00 00 00 00 
"
"2016-11-21 14:05:37ID: BC  Data: 00 00 00 AA 00 00 00 00 
"
"2016-11-21 14:05:37ID: BB  Data: 00 00 00 AA 00 00 00 00 
"
"2016-11-21 14:05:37ID: BC  Data: 00 00 00 AA 00 00 00 00 
"
"2016-11-21 14:05:37ID: BB  Data: 00 00 00 AA 00 00 00 00 
"
"2016-11-21 14:05:37ID: BC  Data: 00 00 00 AA 00 00 00 00 
"
"2016-11-21 14:05:37ID: BB  Data: 00 00 00 AA 00 00 00 00 
"
"2016-11-21 14:05:37ID: BC  Data: 00 00 00 AA 00 00 00 00 
"
"2016-11-21 14:05:37ID: BB  Data: 00 00 00 AA 00 00 00 00 
"
"2016-11-21 14:05:37ID: BC  Data: 00 00 00 AA 00 00 00 00 
"
"2016-11-21 14:05:37ID: BB  Data: 00 00 00 AA 00 00 00 00 
"
"2016-11-21 14:05:37ID: BC  Data: 00 00 00 AA 00 00 00 00 
"
"2016-11-21 14:05:37ID: BB  Data: 00 00 00 AA 00 00 00 00 
"
"2016-11-21 14:05:37ID: BC  Data: 00 00 00 AA 00 00 00 00 
"
"2016-11-21 14:05:37ID: BB  Data: 00 00 00 AA 00 00 00 00 
"
"2016-11-21 14:05:37ID: BC  Data: 00 00 00 AA 00 00 00 00 
"
"2016-11-21 14:05:37ID: BB  Data: 00 00 00 AA 00 00 00 00 
"
"2016-11-21 14:05:37ID: BC  Data: 00 00 00 AA 00 00 00 00 
"
"2016-11-21 14:05:37ID: BB  Data: 00 00 00 AA 00 00 00 00 
"
"2016-11-21 14:05:37ID: BC  Data: 00 00 00 AA 00 00 00 00 
"
"2016-11-21 14:05:38ID: BB  Data: 00 00 00 AA 00 00 00 00 
"
"2016-11-21 14:05:38ID: BC  Data: 00 00 00 AA 00 00 00 00 
"
"2016-11-21 14:05:38ID: BB  Data: 00 00 00 AA 00 00 00 00 
"
"2016-11-21 14:05:38ID: BC  Data: 00 00 00 AA 00 00 00 00 
"
"2016-11-21 14:05:38ID: BB  Data: 00 00 00 AA 00 00 00 00 
"
"2016-11-21 14:05:38ID: BC  Data: 00 00 00 AA 00 00 00 00 
"
"2016-11-21 14:05:38ID: BB  Data: 00 00 00 AA 00 00 00 00 
"
"2016-11-21 14:05:38ID: BC  Data: 00 00 00 AA 00 00 00 00 
"
"2016-11-21 14:05:38ID: BB  Data: 00 00 00 AA 00 00 00 00 
"
"2016-11-21 14:05:38ID: BC  Data: 00 00 00 AA 00 00 00 00 
"
"2016-11-21 14:05:38ID: BB  Data: 00 00 00 AA 00 00 00 00 
"
"2016-11-21 14:05:38ID: BC  Data: 00 00 00 AA 00 00 00 00 
"
"2016-11-21 14:05:38ID: BB  Data: 00 00 00 AA 00 00 00 00 
"
"2016-11-21 14:05:38ID: BC  Data: 00 00 00 AA 00 00 00 00 
"
"2016-11-21 14:05:38ID: BB  Data: 00 00 00 AA 00 00 00 00 
"
"2016-11-21 14:05:38ID: BC  Data: 00 00 00 AA 00 00 00 00 
"
"2016-11-21 14:05:38ID: BB  Data: 00 00 00 AA 00 00 00 00 
"
"2016-11-21 14:05:38ID: BC  Data: 00 00 00 AA 00 00 00 00 
"
"2016-11-21 14:05:38ID: BB  Data: 00 00 00 AA 00 00 00 00 
"
"2016-11-21 14:05:38ID: BC  Data: 00 00 00 AA 00 00 00 00 
"
"2016-11-21 14:05:38ID: BB  Data: 00 00 00 AA 00 00 00 00 
"
"2016-11-21 14:05:38ID: BC  Data: 00 00 00 AA 00 00 00 00 
"
"2016-11-21 14:05:39ID: BB  Data: 00 00 00 AA 00 00 00 00 
"
"2016-11-21 14:05:39ID: BC  Data: 00 00 00 AA 00 00 00 00 
"
"2016-11-21 14:05:39ID: BB  Data: 00 00 00 AA 00 00 00 00 
"
"2016-11-21 14:05:39ID: BC  Data: 00 00 00 AA 00 00 00 00 
"
"2016-11-21 14:05:39ID: BB  Data: 00 00 00 AA 00 00 00 00 
"
"2016-11-21 14:05:39ID: BC  Data: 00 00 00 AA 00 00 00 00 
"
"2016-11-21 14:05:39ID: BB  Data: 00 00 00 AA 00 00 00 00 
"
"2016-11-21 14:05:39ID: BC  Data: 00 00 00 AA 00 00 00 00 
"
"2016-11-21 14:05:39ID: BB  Data: 00 00 00 AA 00 00 00 00 
"
"2016-11-21 14:05:39ID: BC  Data: 00 00 00 AA 00 00 00 00 
"
"2016-11-21 14:05:39ID: BB  Data: 00 00 00 AA 00 00 00 00 
"
"2016-11-21 14:05:39ID: BC  Data: 00 00 00 AA 00 00 00 00 
"
"2016-11-21 14:05:39ID: BB  Data: 00 00 00 AA 00 00 00 00 
"
"2016-11-21 14:05:39ID: BC  Data: 00 00 00 AA 00 00 00 00 
"
"2016-11-21 14:05:39ID: BB  Data: 00 00 00 AA 00 00 00 00 
"
"2016-11-21 14:05:39ID: BC  Data: 00 00 00 AA 00 00 00 00 
"
"2016-11-21 14:05:39ID: BB  Data: 00 00 00 AA 00 00 00 00 
"
"2016-11-21 14:05:39ID: BC  Data: 00 00 00 AA 00 00 00 00 
"
"2016-11-21 14:05:39ID: BB  Data: 00 00 00 AA 00 00 00 00 
"
"2016-11-21 14:05:39ID: BC  Data: 00 00 00 AA 00 00 00 00 
"
"2016-11-21 14:05:39ID: BB  Data: 00 00 00 AA 00 00 00 00 
"
"2016-11-21 14:05:39ID: BC  Data: 00 00 00 AA 00 00 00 00 
"
"2016-11-21 14:05:40ID: BB  Data: 00 00 00 AA 00 00 00 00 
"
"2016-11-21 14:05:40ID: BC  Data: 00 00 00 AA 00 00 00 00 
"
"2016-11-21 14:05:40ID: BB  Data: 00 00 00 AA 00 00 00 00 
"
"2016-11-21 14:05:40ID: BC  Data: 00 00 00 AA 00 00 00 00 
"
"2016-11-21 14:05:40ID: BB  Data: 00 00 00 AA 00 00 00 00 
"
"2016-11-21 14:05:40ID: BC  Data: 00 00 00 AA 00 00 00 00 
"
"2016-11-21 14:05:40ID: BB  Data: 00 00 00 AA 00 00 00 00 
"
"2016-11-21 14:05:40ID: BC  Data: 00 00 00 AA 00 00 00 00 
"
"2016-11-21 14:05:40ID: BB  Data: 00 00 00 AA 00 00 00 00 
"
"2016-11-21 14:05:40ID: BC  Data: 00 00 00 AA 00 00 00 00 
"
"2016-11-21 14:05:40ID: BB  Data: 00 00 00 AA 00 00 00 00 
"
"2016-11-21 14:05:40ID: BC  Data: 00 00 00 AA 00 00 00 00 
"
"2016-11-21 14:05:40ID: BB  Data: 00 00 00 AA 00 00 00 00 
"
"2016-11-21 14:05:40ID: BC  Data: 00 00 00 AA 00 00 00 00 
"
"2016-11-21 14:05:40ID: BB  Data: 00 00 00 AA 00 00 00 00 
"
"2016-11-21 14:05:40ID: BC  Data: 00 00 00 AA 00 00 00 00 
"
"2016-11-21 14:05:40ID: BB  Data: 00 00 00 AA 00 00 00 00 
"
"2016-11-21 14:05:40ID: BC  Data: 00 00 00 AA 00 00 00 00 
"
"2016-11-21 14:05:40ID: BB  Data: 00 00 00 AA 00 00 00 00 
"
"2016-11-21 14:05:40ID: BC  Data: 00 00 00 AA 00 00 00 00 
"
"2016-11-21 14:05:40ID: BB  Data: 00 00 00 AA 00 00 00 00 
"
"2016-11-21 14:05:40ID: BC  Data: 00 00 00 AA 00 00 00 00 
"
"2016-11-21 14:05:40ID: BB  Data: 00 00 00 AA 00 00 00 00 
"
"2016-11-21 14:05:40ID: BC  Data: 00 00 00 AA 00 00 00 00 
"
"2016-11-21 14:05:41ID: BB  Data: 00 00 00 AA 00 00 00 00 
"
"2016-11-21 14:05:41ID: BC  Data: 00 00 00 AA 00 00 00 00 
"
"2016-11-21 14:05:41ID: BB  Data: 00 00 00 AA 00 00 00 00 
"
"2016-11-21 14:05:41ID: BC  Data: 00 00 00 AA 00 00 00 00 
"
"2016-11-21 14:05:41ID: BB  Data: 00 00 00 AA 00 00 00 00 
"
"2016-11-21 14:05:41ID: BC  Data: 00 00 00 AA 00 00 00 00 
"
"2016-11-21 14:05:41ID: BB  Data: 00 00 00 AA 00 00 00 00 
"
"2016-11-21 14:05:41ID: BC  Data: 00 00 00 AA 00 00 00 00 
"
"2016-11-21 14:05:41ID: BB  Data: 00 00 00 AA 00 00 00 00 
"
"2016-11-21 14:05:41ID: BC  Data: 00 00 00 AA 00 00 00 00 
"
"2016-11-21 14:05:41ID: BB  Data: 00 00 00 AA 00 00 00 00 
"
"2016-11-21 14:05:41ID: BC  Data: 00 00 00 AA 00 00 00 00 
"
"2016-11-21 14:05:41ID: BB  Data: 00 00 00 AA 00 00 00 00 
"
"2016-11-21 14:05:41ID: BC  Data: 00 00 00 AA 00 00 00 00 
"
"2016-11-21 14:05:41ID: BB  Data: 00 00 00 AA 00 00 00 00 
"
"2016-11-21 14:05:41ID: BC  Data: 00 00 00 AA 00 00 00 00 
"
"2016-11-21 14:05:41ID: BB  Data: 00 00 00 AA 00 00 00 00 
"
"2016-11-21 14:05:41ID: BC  Data: 00 00 00 AA 00 00 00 00 
"
"2016-11-21 14:05:41ID: BB  Data: 00 00 00 AA 00 00 00 00 
"
"2016-11-21 14:05:41ID: BC  Data: 00 00 00 AA 00 00 00 00 
"
"2016-11-21 14:05:41ID: BB  Data: 00 00 00 AA 00 00 00 00 
"
"2016-11-21 14:05:41ID: BC  Data: 00 00 00 AA 00 00 00 00 
"
"2016-11-21 14:05:42ID: BB  Data: 00 00 00 AA 00 00 00 00 
"
"2016-11-21 14:05:42ID: BC  Data: 00 00 00 AA 00 00 00 00 
"
"2016-11-21 14:05:42ID: BB  Data: 00 00 00 AA 00 00 00 00 
"
"2016-11-21 14:05:42ID: BC  Data: 00 00 00 AA 00 00 00 00 
"
"2016-11-21 14:05:42ID: BB  Data: 00 00 00 AA 00 00 00 00 
"
"2016-11-21 14:05:42ID: BC  Data: 00 00 00 AA 00 00 00 00 
"
"2016-11-21 14:05:42ID: BB  Data: 00 00 00 AA 00 00 00 00 
"
"2016-11-21 14:05:42ID: BC  Data: 00 00 00 AA 00 00 00 00 
"
"2016-11-21 14:05:42ID: BB  Data: 00 00 00 AA 00 00 00 00 
"
"2016-11-21 14:05:42ID: BC  Data: 00 00 00 AA 00 00 00 00 
"
"2016-11-21 14:05:42ID: BB  Data: 00 00 00 AA 00 00 00 00 
"
"2016-11-21 14:05:42ID: BC  Data: 00 00 00 AA 00 00 00 00 
"
"2016-11-21 14:05:42ID: BB  Data: 00 00 00 AA 00 00 00 00 
"
"2016-11-21 14:05:42ID: BC  Data: 00 00 00 AA 00 00 00 00 
"
"2016-11-21 14:05:42ID: BB  Data: 00 00 00 AA 00 00 00 00 
"
"2016-11-21 14:05:42ID: BC  Data: 00 00 00 AA 00 00 00 00 
"
"2016-11-21 14:05:42ID: BB  Data: 00 00 00 AA 00 00 00 00 
"
"2016-11-21 14:05:42ID: BC  Data: 00 00 00 AA 00 00 00 00 
"
"2016-11-21 14:05:42ID: BB  Data: 00 00 00 AA 00 00 00 00 
"
"2016-11-21 14:05:42ID: BC  Data: 00 00 00 AA 00 00 00 00 
"
"2016-11-21 14:05:42ID: BB  Data: 00 00 00 AA 00 00 00 00 
"
"2016-11-21 14:05:42ID: BC  Data: 00 00 00 AA 00 00 00 00 
"
"2016-11-21 14:05:42ID: BB  Data: 00 00 00 AA 00 00 00 00 
"
"2016-11-21 14:05:43ID: BC  Data: 00 00 00 AA 00 00 00 00 
"
"2016-11-21 14:05:43ID: BB  Data: 00 00 00 AA 00 00 00 00 
"
"2016-11-21 14:05:43ID: BC  Data: 00 00 00 AA 00 00 00 00 
"
"2016-11-21 14:05:43ID: BB  Data: 00 00 00 AA 00 00 00 00 
"
"2016-11-21 14:05:43ID: BC  Data: 00 00 00 AA 00 00 00 00 
"
"2016-11-21 14:05:43ID: BB  Data: 00 00 00 AA 00 00 00 00 
"
"2016-11-21 14:05:43ID: BC  Data: 00 00 00 AA 00 00 00 00 
"
"2016-11-21 14:05:43ID: BB  Data: 00 00 00 AA 00 00 00 00 
"
"2016-11-21 14:05:43ID: BC  Data: 00 00 00 AA 00 00 00 00 
"
"2016-11-21 14:05:43ID: BB  Data: 00 00 00 AA 00 00 00 00 
"
"2016-11-21 14:05:43ID: BC  Data: 00 00 00 AA 00 00 00 00 
"
"2016-11-21 14:05:43ID: BB  Data: 00 00 00 AA 00 00 00 00 
"
"2016-11-21 14:05:43ID: BC  Data: 00 00 00 AA 00 00 00 00 
"
"2016-11-21 14:05:43ID: BB  Data: 00 00 00 AA 00 00 00 00 
"
"2016-11-21 14:05:43ID: BC  Data: 00 00 00 AA 00 00 00 00 
"
"2016-11-21 14:05:43ID: BB  Data: 00 00 00 AA 00 00 00 00 
"
"2016-11-21 14:05:43ID: BC  Data: 00 00 00 AA 00 00 00 00 
"
"2016-11-21 14:05:43ID: BB  Data: 00 00 00 AA 00 00 00 00 
"
"2016-11-21 14:05:43ID: BC  Data: 00 00 00 AA 00 00 00 00 
"
"2016-11-21 14:05:43ID: BB  Data: 00 00 00 AA 00 00 00 00 
"
"2016-11-21 14:05:43ID: BC  Data: 00 00 00 AA 00 00 00 00 
"
"2016-11-21 14:05:43ID: BB  Data: 00 00 00 AA 00 00 00 00 
"
"2016-11-21 14:05:43ID: BC  Data: 00 00 00 AA 00 00 00 00 
"
"2016-11-21 14:05:44ID: BB  Data: 00 00 00 AA 00 00 00 00 
"
"2016-11-21 14:05:44ID: BC  Data: 00 00 00 AA 00 00 00 00 
"
"2016-11-21 14:05:44ID: BB  Data: 00 00 00 AA 00 00 00 00 
"
"2016-11-21 14:05:44ID: BC  Data: 00 00 00 AA 00 00 00 00 
"
"2016-11-21 14:05:44ID: BB  Data: 00 00 00 AA 00 00 00 00 
"
"2016-11-21 14:05:44ID: BC  Data: 00 00 00 AA 00 00 00 00 
"
"2016-11-21 14:05:44ID: BB  Data: 00 00 00 AA 00 00 00 00 
"
"2016-11-21 14:05:44ID: BC  Data: 00 00 00 AA 00 00 00 00 
"
"2016-11-21 14:05:44ID: BB  Data: 00 00 00 AA 00 00 00 00 
"
"2016-11-21 14:05:44ID: BC  Data: 00 00 00 AA 00 00 00 00 
"
"2016-11-21 14:05:44ID: BB  Data: 00 00 00 AA 00 00 00 00 
"
"2016-11-21 14:05:44ID: BC  Data: 00 00 00 AA 00 00 00 00 
"
"2016-11-21 14:05:44ID: BB  Data: 00 00 00 AA 00 00 00 00 
"
"2016-11-21 14:05:44ID: BC  Data: 00 00 00 AA 00 00 00 00 
"
"2016-11-21 14:05:44ID: BB  Data: 00 00 00 AA 00 00 00 00 
"
"2016-11-21 14:05:44ID: BC  Data: 00 00 00 AA 00 00 00 00 
"
"2016-11-21 14:05:44ID: BB  Data: 00 00 00 AA 00 00 00 00 
"
"2016-11-21 14:05:44ID: BC  Data: 00 00 00 AA 00 00 00 00 
"
"2016-11-21 14:05:44ID: BB  Data: 00 00 00 AA 00 00 00 00 
"
"2016-11-21 14:05:44ID: BC  Data: 00 00 00 AA 00 00 00 00 
"
"2016-11-21 14:05:44ID: BB  Data: 00 00 00 AA 00 00 00 00 
"
"2016-11-21 14:05:44ID: BC  Data: 00 00 00 AA 00 00 00 00 
"
"2016-11-21 14:05:45ID: BB  Data: 00 00 00 AA 00 00 00 00 
"
"2016-11-21 14:05:45ID: BC  Data: 00 00 00 AA 00 00 00 00 
"
"2016-11-21 14:05:45ID: BB  Data: 00 00 00 AA 00 00 00 00 
"
"2016-11-21 14:05:45ID: BC  Data: 00 00 00 AA 00 00 00 00 
"
"2016-11-21 14:05:45ID: BB  Data: 00 00 00 AA 00 00 00 00 
"
"2016-11-21 14:05:45ID: BC  Data: 00 00 00 AA 00 00 00 00 
"
"2016-11-21 14:05:45ID: BB  Data: 00 00 00 AA 00 00 00 00 
"
"2016-11-21 14:05:45ID: BC  Data: 00 00 00 AA 00 00 00 00 
"
"2016-11-21 14:05:45ID: BB  Data: 00 00 00 AA 00 00 00 00 
"
"2016-11-21 14:05:45ID: BC  Data: 00 00 00 AA 00 00 00 00 
"
"2016-11-21 14:05:45ID: BB  Data: 00 00 00 AA 00 00 00 00 
"
"2016-11-21 14:05:45ID: BC  Data: 00 00 00 AA 00 00 00 00 
"
"2016-11-21 14:05:45ID: BB  Data: 00 00 00 AA 00 00 00 00 
"
"2016-11-21 14:05:45ID: BC  Data: 00 00 00 AA 00 00 00 00 
"
"2016-11-21 14:05:45ID: BB  Data: 00 00 00 AA 00 00 00 00 
"
"2016-11-21 14:05:45ID: BC  Data: 00 00 00 AA 00 00 00 00 
"
"2016-11-21 14:05:45ID: BB  Data: 00 00 00 AA 00 00 00 00 
"
"2016-11-21 14:05:45ID: BC  Data: 00 00 00 AA 00 00 00 00 
"
"2016-11-21 14:05:45ID: BB  Data: 00 00 00 AA 00 00 00 00 
"
"2016-11-21 14:05:45ID: BC  Data: 00 00 00 AA 00 00 00 00 
"
"2016-11-21 14:05:45ID: BB  Data: 00 00 00 AA 00 00 00 00 
"
"2016-11-21 14:05:45ID: BC  Data: 00 00 00 AA 00 00 00 00 
"
"2016-11-21 14:05:45ID: BB  Data: 00 00 00 AA 00 00 00 00 
"
"2016-11-21 14:05:45ID: BC  Data: 00 00 00 AA 00 00 00 00 
"
"2016-11-21 14:05:46ID: BB  Data: 00 00 00 AA 00 00 00 00 
"
"2016-11-21 14:05:46ID: BC  Data: 00 00 00 AA 00 00 00 00 
"
"2016-11-21 14:05:46ID: BB  Data: 00 00 00 AA 00 00 00 00 
"
"2016-11-21 14:05:46ID: BC  Data: 00 00 00 AA 00 00 00 00 
"
"2016-11-21 14:05:46ID: BB  Data: 00 00 00 AA 00 00 00 00 
"
"2016-11-21 14:05:46ID: BC  Data: 00 00 00 AA 00 00 00 00 
"
"2016-11-21 14:05:46ID: BB  Data: 00 00 00 AA 00 00 00 00 
"
"2016-11-21 14:05:46ID: BC  Data: 00 00 00 AA 00 00 00 00 
"
"2016-11-21 14:05:46ID: BB  Data: 00 00 00 AA 00 00 00 00 
"
"2016-11-21 14:05:46ID: BC  Data: 00 00 00 AA 00 00 00 00 
"
"2016-11-21 14:05:46ID: BB  Data: 00 00 00 AA 00 00 00 00 
"
"2016-11-21 14:05:46ID: BC  Data: 00 00 00 AA 00 00 00 00 
"
"2016-11-21 14:05:46ID: BB  Data: 00 00 00 AA 00 00 00 00 
"
"2016-11-21 14:05:46ID: BC  Data: 00 00 00 AA 00 00 00 00 
"
"2016-11-21 14:05:46ID: BB  Data: 00 00 00 AA 00 00 00 00 
"
"2016-11-21 14:05:46ID: BC  Data: 00 00 00 AA 00 00 00 00 
"
"2016-11-21 14:05:46ID: BB  Data: 00 00 00 AA 00 00 00 00 
"
"2016-11-21 14:05:46ID: BC  Data: 00 00 00 AA 00 00 00 00 
"
"2016-11-21 14:05:46ID: BB  Data: 00 00 00 AA 00 00 00 00 
"
"2016-11-21 14:05:46ID: BC  Data: 00 00 00 AA 00 00 00 00 
"
"2016-11-21 14:05:46ID: BB  Data: 00 00 00 AA 00 00 00 00 
"
"2016-11-21 14:05:46ID: BC  Data: 00 00 00 AA 00 00 00 00 
"
"2016-11-21 14:05:47ID: BB  Data: 00 00 00 AA 00 00 00 00 
"
"2016-11-21 14:05:47ID: BC  Data: 00 00 00 AA 00 00 00 00 
"
"2016-11-21 14:05:47ID: BB  Data: 00 00 00 AA 00 00 00 00 
"
"2016-11-21 14:05:47ID: BC  Data: 00 00 00 AA 00 00 00 00 
"
"2016-11-21 14:05:47ID: BB  Data: 00 00 00 AA 00 00 00 00 
"
"2016-11-21 14:05:47ID: BC  Data: 00 00 00 AA 00 00 00 00 
"
"2016-11-21 14:05:47ID: BB  Data: 00 00 00 AA 00 00 00 00 
"
"2016-11-21 14:05:47ID: BC  Data: 00 00 00 AA 00 00 00 00 
"
"2016-11-21 14:05:47ID: BB  Data: 00 00 00 AA 00 00 00 00 
"
"2016-11-21 14:05:47ID: BC  Data: 00 00 00 AA 00 00 00 00 
"
"2016-11-21 14:05:47ID: BB  Data: 00 00 00 AA 00 00 00 00 
"
"2016-11-21 14:05:47ID: BC  Data: 00 00 00 AA 00 00 00 00 
"
"2016-11-21 14:05:47ID: BB  Data: 00 00 00 AA 00 00 00 00 
"
"2016-11-21 14:05:47ID: BC  Data: 00 00 00 AA 00 00 00 00 
"
"2016-11-21 14:05:47ID: BB  Data: 00 00 00 AA 00 00 00 00 
"
"2016-11-21 14:05:47ID: BC  Data: 00 00 00 AA 00 00 00 00 
"
"2016-11-21 14:05:47ID: BB  Data: 00 00 00 AA 00 00 00 00 
"
"2016-11-21 14:05:47ID: BC  Data: 00 00 00 AA 00 00 00 00 
"
"2016-11-21 14:05:47ID: BB  Data: 00 00 00 AA 00 00 00 00 
"
"2016-11-21 14:05:47ID: BC  Data: 00 00 00 AA 00 00 00 00 
"
"2016-11-21 14:05:47ID: BB  Data: 00 00 00 AA 00 00 00 00 
"
"2016-11-21 14:05:47ID: BC  Data: 00 00 00 AA 00 00 00 00 
"
"2016-11-21 14:05:48ID: BB  Data: 00 00 00 AA 00 00 00 00 
"
"2016-11-21 14:05:48ID: BC  Data: 00 00 00 AA 00 00 00 00 
"
"2016-11-21 14:05:48ID: BB  Data: 00 00 00 AA 00 00 00 00 
"
"2016-11-21 14:05:48ID: BC  Data: 00 00 00 AA 00 00 00 00 
"
"2016-11-21 14:05:48ID: BB  Data: 00 00 00 AA 00 00 00 00 
"
"2016-11-21 14:05:48ID: BC  Data: 00 00 00 AA 00 00 00 00 
"
"2016-11-21 14:05:48ID: BB  Data: 00 00 00 AA 00 00 00 00 
"
"2016-11-21 14:05:48ID: BC  Data: 00 00 00 AA 00 00 00 00 
"
"2016-11-21 14:05:48ID: BB  Data: 00 00 00 AA 00 00 00 00 
"
"2016-11-21 14:05:48ID: BC  Data: 00 00 00 AA 00 00 00 00 
"
"2016-11-21 14:05:48ID: BB  Data: 00 00 00 AA 00 00 00 00 
"
"2016-11-21 14:05:48ID: BC  Data: 00 00 00 AA 00 00 00 00 
"
"2016-11-21 14:05:48ID: BB  Data: 00 00 00 AA 00 00 00 00 
"
"2016-11-21 14:05:48ID: BC  Data: 00 00 00 AA 00 00 00 00 
"
"2016-11-21 14:05:48ID: BB  Data: 00 00 00 AA 00 00 00 00 
"
"2016-11-21 14:05:48ID: BC  Data: 00 00 00 AA 00 00 00 00 
"
"2016-11-21 14:05:48ID: BB  Data: 00 00 00 AA 00 00 00 00 
"
"2016-11-21 14:05:48ID: BC  Data: 00 00 00 AA 00 00 00 00 
"
"2016-11-21 14:05:48ID: BB  Data: 00 00 00 AA 00 00 00 00 
"
"2016-11-21 14:05:48ID: BC  Data: 00 00 00 AA 00 00 00 00 
"
"2016-11-21 14:05:48ID: BB  Data: 00 00 00 AA 00 00 00 00 
"
"2016-11-21 14:05:48ID: BC  Data: 00 00 00 AA 00 00 00 00 
"
"2016-11-21 14:05:48ID: BB  Data: 00 00 00 AA 00 00 00 00 
"
"2016-11-21 14:05:48ID: BC  Data: 00 00 00 AA 00 00 00 00 
"
"2016-11-21 14:05:49ID: BB  Data: 00 00 00 AA 00 00 00 00 
"
"2016-11-21 14:05:49ID: BC  Data: 00 00 00 AA 00 00 00 00 
"
"2016-11-21 14:05:49ID: BB  Data: 00 00 00 AA 00 00 00 00 
"
"2016-11-21 14:05:49ID: BC  Data: 00 00 00 AA 00 00 00 00 
"
"2016-11-21 14:05:49ID: BB  Data: 00 00 00 AA 00 00 00 00 
"
"2016-11-21 14:05:49ID: BC  Data: 00 00 00 AA 00 00 00 00 
"
"2016-11-21 14:05:49ID: BB  Data: 00 00 00 AA 00 00 00 00 
"
"2016-11-21 14:05:49ID: BC  Data: 00 00 00 AA 00 00 00 00 
"
"2016-11-21 14:05:49ID: BB  Data: 00 00 00 AA 00 00 00 00 
"
"2016-11-21 14:05:49ID: BC  Data: 00 00 00 AA 00 00 00 00 
"
"2016-11-21 14:05:49ID: BB  Data: 00 00 00 AA 00 00 00 00 
"
"2016-11-21 14:05:49ID: BC  Data: 00 00 00 AA 00 00 00 00 
"
"2016-11-21 14:05:49ID: BB  Data: 00 00 00 AA 00 00 00 00 
"
"2016-11-21 14:05:49ID: BC  Data: 00 00 00 AA 00 00 00 00 
"
"2016-11-21 14:05:49ID: BB  Data: 00 00 00 AA 00 00 00 00 
"
"2016-11-21 14:05:49ID: BC  Data: 00 00 00 AA 00 00 00 00 
"
"2016-11-21 14:05:49ID: BB  Data: 00 00 00 AA 00 00 00 00 
"
"2016-11-21 14:05:49ID: BC  Data: 00 00 00 AA 00 00 00 00 
"
"2016-11-21 14:05:49ID: BB  Data: 00 00 00 AA 00 00 00 00 
"
"2016-11-21 14:05:49ID: BC  Data: 00 00 00 AA 00 00 00 00 
"
"2016-11-21 14:05:49ID: BB  Data: 00 00 00 AA 00 00 00 00 
"
"2016-11-21 14:05:49ID: BC  Data: 00 00 00 AA 00 00 00 00 
"
"2016-11-21 14:05:50ID: BB  Data: 00 00 00 AA 00 00 00 00 
"
"2016-11-21 14:05:50ID: BC  Data: 00 00 00 AA 00 00 00 00 
"
"2016-11-21 14:05:50ID: BB  Data: 00 00 00 AA 00 00 00 00 
"
"2016-11-21 14:05:50ID: BC  Data: 00 00 00 AA 00 00 00 00 
"
"2016-11-21 14:05:50ID: BB  Data: 00 00 00 AA 00 00 00 00 
"
"2016-11-21 14:05:50ID: BC  Data: 00 00 00 AA 00 00 00 00 
"
"2016-11-21 14:05:50ID: BB  Data: 00 00 00 AA 00 00 00 00 
"
"2016-11-21 14:05:50ID: BC  Data: 00 00 00 AA 00 00 00 00 
"
"2016-11-21 14:05:50ID: BB  Data: 00 00 00 AA 00 00 00 00 
"
"2016-11-21 14:05:50ID: BC  Data: 00 00 00 AA 00 00 00 00 
"
"2016-11-21 14:05:50ID: BB  Data: 00 00 00 AA 00 00 00 00 
"
"2016-11-21 14:05:50ID: BC  Data: 00 00 00 AA 00 00 00 00 
"
"2016-11-21 14:05:50ID: BB  Data: 00 00 00 AA 00 00 00 00 
"
"2016-11-21 14:05:50ID: BC  Data: 00 00 00 AA 00 00 00 00 
"
"2016-11-21 14:05:50ID: BB  Data: 00 00 00 AA 00 00 00 00 
"
"2016-11-21 14:05:50ID: BC  Data: 00 00 00 AA 00 00 00 00 
"
"2016-11-21 14:05:50ID: BB  Data: 00 00 00 AA 00 00 00 00 
"
"2016-11-21 14:05:50ID: BC  Data: 00 00 00 AA 00 00 00 00 
"
"2016-11-21 14:05:50ID: BB  Data: 00 00 00 AA 00 00 00 00 
"
"2016-11-21 14:05:50ID: BC  Data: 00 00 00 AA 00 00 00 00 
"
"2016-11-21 14:05:50ID: BB  Data: 00 00 00 AA 00 00 00 00 
"
"2016-11-21 14:05:50ID: BC  Data: 00 00 00 AA 00 00 00 00 
"
"2016-11-21 14:05:50ID: BB  Data: 00 00 00 AA 00 00 00 00 
"
"2016-11-21 14:05:51ID: BC  Data: 00 00 00 AA 00 00 00 00 
"
"2016-11-21 14:05:51ID: BB  Data: 00 00 00 AA 00 00 00 00 
"
"2016-11-21 14:05:51ID: BC  Data: 00 00 00 AA 00 00 00 00 
"
"2016-11-21 14:05:51ID: BB  Data: 00 00 00 AA 00 00 00 00 
"
"2016-11-21 14:05:51ID: BC  Data: 00 00 00 AA 00 00 00 00 
"
"2016-11-21 14:05:51ID: BB  Data: 00 00 00 AA 00 00 00 00 
"
"2016-11-21 14:05:51ID: BC  Data: 00 00 00 AA 00 00 00 00 
"
"2016-11-21 14:05:51ID: BB  Data: 00 00 00 AA 00 00 00 00 
"
"2016-11-21 14:05:51ID: BC  Data: 00 00 00 AA 00 00 00 00 
"
"2016-11-21 14:05:51ID: BB  Data: 00 00 00 AA 00 00 00 00 
"
"2016-11-21 14:05:51ID: BC  Data: 00 00 00 AA 00 00 00 00 
"
"2016-11-21 14:05:51ID: BB  Data: 00 00 00 AA 00 00 00 00 
"
"2016-11-21 14:05:51ID: BC  Data: 00 00 00 AA 00 00 00 00 
"
"2016-11-21 14:05:51ID: BB  Data: 00 00 00 AA 00 00 00 00 
"
"2016-11-21 14:05:51ID: BC  Data: 00 00 00 AA 00 00 00 00 
"
"2016-11-21 14:05:51ID: BB  Data: 00 00 00 AA 00 00 00 00 
"
"2016-11-21 14:05:51ID: BC  Data: 00 00 00 AA 00 00 00 00 
"
"2016-11-21 14:05:51ID: BB  Data: 00 00 00 AA 00 00 00 00 
"
"2016-11-21 14:05:51ID: BC  Data: 00 00 00 AA 00 00 00 00 
"
"2016-11-21 14:05:51ID: BB  Data: 00 00 00 AA 00 00 00 00 
"
"2016-11-21 14:05:51ID: BC  Data: 00 00 00 AA 00 00 00 00 
"
"2016-11-21 14:05:51ID: BB  Data: 00 00 00 AA 00 00 00 00 
"
"2016-11-21 14:05:51ID: BC  Data: 00 00 00 AA 00 00 00 00 
"
"2016-11-21 14:05:52ID: BB  Data: 00 00 00 AA 00 00 00 00 
"
"2016-11-21 14:05:52ID: BC  Data: 00 00 00 AA 00 00 00 00 
"
"2016-11-21 14:05:52ID: BB  Data: 00 00 00 AA 00 00 00 00 
"
"2016-11-21 14:05:52ID: BC  Data: 00 00 00 AA 00 00 00 00 
"
"2016-11-21 14:05:52ID: BB  Data: 00 00 00 AA 00 00 00 00 
"
"2016-11-21 14:05:52ID: BC  Data: 00 00 00 AA 00 00 00 00 
"
"2016-11-21 14:05:52ID: BB  Data: 00 00 00 AA 00 00 00 00 
"
"2016-11-21 14:05:52ID: BC  Data: 00 00 00 AA 00 00 00 00 
"
"2016-11-21 14:05:52ID: BB  Data: 00 00 00 AA 00 00 00 00 
"
"2016-11-21 14:05:52ID: BC  Data: 00 00 00 AA 00 00 00 00 
"
"2016-11-21 14:05:52ID: BB  Data: 00 00 00 AA 00 00 00 00 
"
"2016-11-21 14:05:52ID: BC  Data: 00 00 00 AA 00 00 00 00 
"
"2016-11-21 14:05:52ID: BB  Data: 00 00 00 AA 00 00 00 00 
"
"2016-11-21 14:05:52ID: BC  Data: 00 00 00 AA 00 00 00 00 
"
"2016-11-21 14:05:52ID: BB  Data: 00 00 00 AA 00 00 00 00 
"
"2016-11-21 14:05:52ID: BC  Data: 00 00 00 AA 00 00 00 00 
"
"2016-11-21 14:05:52ID: BB  Data: 00 00 00 AA 00 00 00 00 
"
"2016-11-21 14:05:52ID: BC  Data: 00 00 00 AA 00 00 00 00 
"
"2016-11-21 14:05:52ID: BB  Data: 00 00 00 AA 00 00 00 00 
"
"2016-11-21 14:05:52ID: BC  Data: 00 00 00 AA 00 00 00 00 
"
"2016-11-21 14:05:52ID: BB  Data: 00 00 00 AA 00 00 00 00 
"
"2016-11-21 14:05:52ID: BC  Data: 00 00 00 AA 00 00 00 00 
"
"2016-11-21 14:05:53ID: BB  Data: 00 00 00 AA 00 00 00 00 
"
"2016-11-21 14:05:53ID: BC  Data: 00 00 00 AA 00 00 00 00 
"
"2016-11-21 14:05:53ID: BB  Data: 00 00 00 AA 00 00 00 00 
"
"2016-11-21 14:05:53ID: BC  Data: 00 00 00 AA 00 00 00 00 
"
"2016-11-21 14:05:53ID: BB  Data: 00 00 00 AA 00 00 00 00 
"
"2016-11-21 14:05:53ID: BC  Data: 00 00 00 AA 00 00 00 00 
"
"2016-11-21 14:05:53ID: BB  Data: 00 00 00 AA 00 00 00 00 
"
"2016-11-21 14:05:53ID: BC  Data: 00 00 00 AA 00 00 00 00 
"
"2016-11-21 14:05:53ID: BB  Data: 00 00 00 AA 00 00 00 00 
"
"2016-11-21 14:05:53ID: BC  Data: 00 00 00 AA 00 00 00 00 
"
"2016-11-21 14:05:53ID: BB  Data: 00 00 00 AA 00 00 00 00 
"
"2016-11-21 14:05:53ID: BC  Data: 00 00 00 AA 00 00 00 00 
"
"2016-11-21 14:05:53ID: BB  Data: 00 00 00 AA 00 00 00 00 
"
"2016-11-21 14:05:53ID: BC  Data: 00 00 00 AA 00 00 00 00 
"
"2016-11-21 14:05:53ID: BB  Data: 00 00 00 AA 00 00 00 00 
"
"2016-11-21 14:05:53ID: BC  Data: 00 00 00 AA 00 00 00 00 
"
"2016-11-21 14:05:53ID: BB  Data: 00 00 00 AA 00 00 00 00 
"
"2016-11-21 14:05:53ID: BC  Data: 00 00 00 AA 00 00 00 00 
"
"2016-11-21 14:05:53ID: BB  Data: 00 00 00 AA 00 00 00 00 
"
"2016-11-21 14:05:53ID: BC  Data: 00 00 00 AA 00 00 00 00 
"
"2016-11-21 14:05:53ID: BB  Data: 00 00 00 AA 00 00 00 00 
"
"2016-11-21 14:05:53ID: BC  Data: 00 00 00 AA 00 00 00 00 
"
"2016-11-21 14:05:53ID: BB  Data: 00 00 00 AA 00 00 00 00 
"
"2016-11-21 14:05:53ID: BC  Data: 00 00 00 AA 00 00 00 00 
"
"2016-11-21 14:05:54ID: BB  Data: 00 00 00 AA 00 00 00 00 
"
"2016-11-21 14:05:54ID: BC  Data: 00 00 00 AA 00 00 00 00 
"
"2016-11-21 14:05:54ID: BB  Data: 00 00 00 AA 00 00 00 00 
"
"2016-11-21 14:05:54ID: BC  Data: 00 00 00 AA 00 00 00 00 
"
"2016-11-21 14:05:54ID: BB  Data: 00 00 00 AA 00 00 00 00 
"
"2016-11-21 14:05:54ID: BC  Data: 00 00 00 AA 00 00 00 00 
"
"2016-11-21 14:05:54ID: BB  Data: 00 00 00 AA 00 00 00 00 
"
"2016-11-21 14:05:54ID: BC  Data: 00 00 00 AA 00 00 00 00 
"
"2016-11-21 14:05:54ID: BB  Data: 00 00 00 AA 00 00 00 00 
"
"2016-11-21 14:05:54ID: BC  Data: 00 00 00 AA 00 00 00 00 
"
"2016-11-21 14:05:54ID: BB  Data: 00 00 00 AA 00 00 00 00 
"
"2016-11-21 14:05:54ID: BC  Data: 00 00 00 AA 00 00 00 00 
"
"2016-11-21 14:05:54ID: BB  Data: 00 00 00 AA 00 00 00 00 
"
"2016-11-21 14:05:54ID: BC  Data: 00 00 00 AA 00 00 00 00 
"
"2016-11-21 14:05:54ID: BB  Data: 00 00 00 AA 00 00 00 00 
"
"2016-11-21 14:05:54ID: BC  Data: 00 00 00 AA 00 00 00 00 
"
"2016-11-21 14:05:54ID: BB  Data: 00 00 00 AA 00 00 00 00 
"
"2016-11-21 14:05:54ID: BC  Data: 00 00 00 AA 00 00 00 00 
"
"2016-11-21 14:05:54ID: BB  Data: 00 00 00 AA 00 00 00 00 
"
"2016-11-21 14:05:54ID: BC  Data: 00 00 00 AA 00 00 00 00 
"
"2016-11-21 14:05:54ID: BB  Data: 00 00 00 AA 00 00 00 00 
"
"2016-11-21 14:05:54ID: BC  Data: 00 00 00 AA 00 00 00 00 
"
"2016-11-21 14:05:55ID: BB  Data: 00 00 00 AA 00 00 00 00 
"
"2016-11-21 14:05:55ID: BC  Data: 00 00 00 AA 00 00 00 00 
"
"2016-11-21 14:05:55ID: BB  Data: 00 00 00 AA 00 00 00 00 
"
"2016-11-21 14:05:55ID: BC  Data: 00 00 00 AA 00 00 00 00 
"
"2016-11-21 14:05:55ID: BB  Data: 00 00 00 AA 00 00 00 00 
"
"2016-11-21 14:05:55ID: BC  Data: 00 00 00 AA 00 00 00 00 
"
"2016-11-21 14:05:55ID: BB  Data: 00 00 00 AA 00 00 00 00 
"
"2016-11-21 14:05:55ID: BC  Data: 00 00 00 AA 00 00 00 00 
"
"2016-11-21 14:05:55ID: BB  Data: 00 00 00 AA 00 00 00 00 
"
"2016-11-21 14:05:55ID: BC  Data: 00 00 00 AA 00 00 00 00 
"
"2016-11-21 14:05:55ID: BB  Data: 00 00 00 AA 00 00 00 00 
"
"2016-11-21 14:05:55ID: BC  Data: 00 00 00 AA 00 00 00 00 
"
"2016-11-21 14:05:55ID: BB  Data: 00 00 00 AA 00 00 00 00 
"
"2016-11-21 14:05:55ID: BC  Data: 00 00 00 AA 00 00 00 00 
"
"2016-11-21 14:05:55ID: BB  Data: 00 00 00 AA 00 00 00 00 
"
"2016-11-21 14:05:55ID: BC  Data: 00 00 00 AA 00 00 00 00 
"
"2016-11-21 14:05:55ID: BB  Data: 00 00 00 AA 00 00 00 00 
"
"2016-11-21 14:05:55ID: BC  Data: 00 00 00 AA 00 00 00 00 
"
"2016-11-21 14:05:55ID: BB  Data: 00 00 00 AA 00 00 00 00 
"
"2016-11-21 14:05:55ID: BC  Data: 00 00 00 AA 00 00 00 00 
"
"2016-11-21 14:05:55ID: BB  Data: 00 00 00 AA 00 00 00 00 
"
"2016-11-21 14:05:55ID: BC  Data: 00 00 00 AA 00 00 00 00 
"
"2016-11-21 14:05:56ID: BB  Data: 00 00 00 AA 00 00 00 00 
"
"2016-11-21 14:05:56ID: BC  Data: 00 00 00 AA 00 00 00 00 
"
"2016-11-21 14:05:56ID: BB  Data: 00 00 00 AA 00 00 00 00 
"
"2016-11-21 14:05:56ID: BC  Data: 00 00 00 AA 00 00 00 00 
"
"2016-11-21 14:05:56ID: BB  Data: 00 00 00 AA 00 00 00 00 
"
"2016-11-21 14:05:56ID: BC  Data: 00 00 00 AA 00 00 00 00 
"
"2016-11-21 14:05:56ID: BB  Data: 00 00 00 AA 00 00 00 00 
"
"2016-11-21 14:05:56ID: BC  Data: 00 00 00 AA 00 00 00 00 
"
"2016-11-21 14:05:56ID: BB  Data: 00 00 00 AA 00 00 00 00 
"
"2016-11-21 14:05:56ID: BC  Data: 00 00 00 AA 00 00 00 00 
"
"2016-11-21 14:05:56ID: BB  Data: 00 00 00 AA 00 00 00 00 
"
"2016-11-21 14:05:56ID: BC  Data: 00 00 00 AA 00 00 00 00 
"
"2016-11-21 14:05:56ID: BB  Data: 00 00 00 AA 00 00 00 00 
"
"2016-11-21 14:05:56ID: BC  Data: 00 00 00 AA 00 00 00 00 
"
"2016-11-21 14:05:56ID: BB  Data: 00 00 00 AA 00 00 00 00 
"
"2016-11-21 14:05:56ID: BC  Data: 00 00 00 AA 00 00 00 00 
"
"2016-11-21 14:05:56ID: BB  Data: 00 00 00 AA 00 00 00 00 
"
"2016-11-21 14:05:56ID: BC  Data: 00 00 00 AA 00 00 00 00 
"
"2016-11-21 14:05:56ID: BB  Data: 00 00 00 AA 00 00 00 00 
"
"2016-11-21 14:05:56ID: BC  Data: 00 00 00 AA 00 00 00 00 
"
"2016-11-21 14:05:56ID: BB  Data: 00 00 00 AA 00 00 00 00 
"
"2016-11-21 14:05:56ID: BC  Data: 00 00 00 AA 00 00 00 00 
"
"2016-11-21 14:05:56ID: BB  Data: 00 00 00 AA 00 00 00 00 
"
"2016-11-21 14:05:56ID: BC  Data: 00 00 00 AA 00 00 00 00 
"
"2016-11-21 14:05:57ID: BB  Data: 00 00 00 AA 00 00 00 00 
"
"2016-11-21 14:05:57ID: BC  Data: 00 00 00 AA 00 00 00 00 
"
"2016-11-21 14:05:57ID: BB  Data: 00 00 00 AA 00 00 00 00 
"
"2016-11-21 14:05:57ID: BC  Data: 00 00 00 AA 00 00 00 00 
"
"2016-11-21 14:05:57ID: BB  Data: 00 00 00 AA 00 00 00 00 
"
"2016-11-21 14:05:57ID: BC  Data: 00 00 00 AA 00 00 00 00 
"
"2016-11-21 14:05:57ID: BB  Data: 00 00 00 AA 00 00 00 00 
"
"2016-11-21 14:05:57ID: BC  Data: 00 00 00 AA 00 00 00 00 
"
"2016-11-21 14:05:57ID: BB  Data: 00 00 00 AA 00 00 00 00 
"
"2016-11-21 14:05:57ID: BC  Data: 00 00 00 AA 00 00 00 00 
"
"2016-11-21 14:05:57ID: BB  Data: 00 00 00 AA 00 00 00 00 
"
"2016-11-21 14:05:57ID: BC  Data: 00 00 00 AA 00 00 00 00 
"
"2016-11-21 14:05:57ID: BB  Data: 00 00 00 AA 00 00 00 00 
"
"2016-11-21 14:05:57ID: BC  Data: 00 00 00 AA 00 00 00 00 
"
"2016-11-21 14:05:57ID: BB  Data: 00 00 00 AA 00 00 00 00 
"
"2016-11-21 14:05:57ID: BC  Data: 00 00 00 AA 00 00 00 00 
"
"2016-11-21 14:05:57ID: BB  Data: 00 00 00 AA 00 00 00 00 
"
"2016-11-21 14:05:57ID: BC  Data: 00 00 00 AA 00 00 00 00 
"
"2016-11-21 14:05:57ID: BB  Data: 00 00 00 AA 00 00 00 00 
"
"2016-11-21 14:05:57ID: BC  Data: 00 00 00 AA 00 00 00 00 
"
"2016-11-21 14:05:57ID: BB  Data: 00 00 00 AA 00 00 00 00 
"
"2016-11-21 14:05:57ID: BC  Data: 00 00 00 AA 00 00 00 00 
"
"2016-11-21 14:05:58ID: BB  Data: 00 00 00 AA 00 00 00 00 
"
"2016-11-21 14:05:58ID: BC  Data: 00 00 00 AA 00 00 00 00 
"
"2016-11-21 14:05:58ID: BB  Data: 00 00 00 AA 00 00 00 00 
"
"2016-11-21 14:05:58ID: BC  Data: 00 00 00 AA 00 00 00 00 
"
"2016-11-21 14:05:58ID: BB  Data: 00 00 00 AA 00 00 00 00 
"
"2016-11-21 14:05:58ID: BC  Data: 00 00 00 AA 00 00 00 00 
"
"2016-11-21 14:05:58ID: BB  Data: 00 00 00 AA 00 00 00 00 
"
"2016-11-21 14:05:58ID: BC  Data: 00 00 00 AA 00 00 00 00 
"
"2016-11-21 14:05:58ID: BB  Data: 00 00 00 AA 00 00 00 00 
"
"2016-11-21 14:05:58ID: BC  Data: 00 00 00 AA 00 00 00 00 
"
"2016-11-21 14:05:58ID: BB  Data: 00 00 00 AA 00 00 00 00 
"
"2016-11-21 14:05:58ID: BC  Data: 00 00 00 AA 00 00 00 00 
"
"2016-11-21 14:05:58ID: BB  Data: 00 00 00 AA 00 00 00 00 
"
"2016-11-21 14:05:58ID: BC  Data: 00 00 00 AA 00 00 00 00 
"
"2016-11-21 14:05:58ID: BB  Data: 00 00 00 AA 00 00 00 00 
"
"2016-11-21 14:05:58ID: BC  Data: 00 00 00 AA 00 00 00 00 
"
"2016-11-21 14:05:58ID: BB  Data: 00 00 00 AA 00 00 00 00 
"
"2016-11-21 14:05:58ID: BC  Data: 00 00 00 AA 00 00 00 00 
"
"2016-11-21 14:05:58ID: BB  Data: 00 00 00 AA 00 00 00 00 
"
"2016-11-21 14:05:58ID: BC  Data: 00 00 00 AA 00 00 00 00 
"
"2016-11-21 14:05:58ID: BB  Data: 00 00 00 AA 00 00 00 00 
"
"2016-11-21 14:05:58ID: BC  Data: 00 00 00 AA 00 00 00 00 
"
"2016-11-21 14:05:58ID: BB  Data: 00 00 00 AA 00 00 00 00 
"
"2016-11-21 14:05:59ID: BC  Data: 00 00 00 AA 00 00 00 00 
"
"2016-11-21 14:05:59ID: BB  Data: 00 00 00 AA 00 00 00 00 
"
"2016-11-21 14:05:59ID: BC  Data: 00 00 00 AA 00 00 00 00 
"
"2016-11-21 14:05:59ID: BB  Data: 00 00 00 AA 00 00 00 00 
"
"2016-11-21 14:05:59ID: BC  Data: 00 00 00 AA 00 00 00 00 
"
"2016-11-21 14:05:59ID: BB  Data: 00 00 00 AA 00 00 00 00 
"
"2016-11-21 14:05:59ID: BC  Data: 00 00 00 AA 00 00 00 00 
"
"2016-11-21 14:05:59ID: BB  Data: 00 00 00 AA 00 00 00 00 
"
"2016-11-21 14:05:59ID: BC  Data: 00 00 00 AA 00 00 00 00 
"
"2016-11-21 14:05:59ID: BB  Data: 00 00 00 AA 00 00 00 00 
"
"2016-11-21 14:05:59ID: BC  Data: 00 00 00 AA 00 00 00 00 
"
"2016-11-21 14:05:59ID: BB  Data: 00 00 00 AA 00 00 00 00 
"
"2016-11-21 14:05:59ID: BC  Data: 00 00 00 AA 00 00 00 00 
"
"2016-11-21 14:05:59ID: BB  Data: 00 00 00 AA 00 00 00 00 
"
"2016-11-21 14:05:59ID: BC  Data: 00 00 00 AA 00 00 00 00 
"
"2016-11-21 14:05:59ID: BB  Data: 00 00 00 AA 00 00 00 00 
"
"2016-11-21 14:05:59ID: BC  Data: 00 00 00 AA 00 00 00 00 
"
"2016-11-21 14:05:59ID: BB  Data: 00 00 00 AA 00 00 00 00 
"
"2016-11-21 14:05:59ID: BC  Data: 00 00 00 AA 00 00 00 00 
"
"2016-11-21 14:05:59ID: BB  Data: 00 00 00 AA 00 00 00 00 
"
"2016-11-21 14:05:59ID: BC  Data: 00 00 00 AA 00 00 00 00 
"
"2016-11-21 14:05:59ID: BB  Data: 00 00 00 AA 00 00 00 00 
"
"2016-11-21 14:05:59ID: BC  Data: 00 00 00 AA 00 00 00 00 
"
"2016-11-21 14:06:00ID: BB  Data: 00 00 00 AA 00 00 00 00 
"
"2016-11-21 14:06:00ID: BC  Data: 00 00 00 AA 00 00 00 00 
"
"2016-11-21 14:06:00ID: BB  Data: 00 00 00 AA 00 00 00 00 
"
"2016-11-21 14:06:00ID: BC  Data: 00 00 00 AA 00 00 00 00 
"
"2016-11-21 14:06:00ID: BB  Data: 00 00 00 AA 00 00 00 00 
"
"2016-11-21 14:06:00ID: BC  Data: 00 00 00 AA 00 00 00 00 
"
"2016-11-21 14:06:00ID: BB  Data: 00 00 00 AA 00 00 00 00 
"
"2016-11-21 14:06:00ID: BC  Data: 00 00 00 AA 00 00 00 00 
"
"2016-11-21 14:06:00ID: BB  Data: 00 00 00 AA 00 00 00 00 
"
"2016-11-21 14:06:00ID: BC  Data: 00 00 00 AA 00 00 00 00 
"
"2016-11-21 14:06:00ID: BB  Data: 00 00 00 AA 00 00 00 00 
"
"2016-11-21 14:06:00ID: BC  Data: 00 00 00 AA 00 00 00 00 
"
"2016-11-21 14:06:00ID: BB  Data: 00 00 00 AA 00 00 00 00 
"
"2016-11-21 14:06:00ID: BC  Data: 00 00 00 AA 00 00 00 00 
"
"2016-11-21 14:06:00ID: BB  Data: 00 00 00 AA 00 00 00 00 
"
"2016-11-21 14:06:00ID: BC  Data: 00 00 00 AA 00 00 00 00 
"
"2016-11-21 14:06:00ID: BB  Data: 00 00 00 AA 00 00 00 00 
"
"2016-11-21 14:06:00ID: BC  Data: 00 00 00 AA 00 00 00 00 
"
"2016-11-21 14:06:00ID: BB  Data: 00 00 00 AA 00 00 00 00 
"
"2016-11-21 14:06:00ID: BC  Data: 00 00 00 AA 00 00 00 00 
"
"2016-11-21 14:06:00ID: BB  Data: 00 00 00 AA 00 00 00 00 
"
"2016-11-21 14:06:00ID: BC  Data: 00 00 00 AA 00 00 00 00 
"
"2016-11-21 14:06:01ID: BB  Data: 00 00 00 AA 00 00 00 00 
"
"2016-11-21 14:06:01ID: BC  Data: 00 00 00 AA 00 00 00 00 
"
"2016-11-21 14:06:01ID: BB  Data: 00 00 00 AA 00 00 00 00 
"
"2016-11-21 14:06:01ID: BC  Data: 00 00 00 AA 00 00 00 00 
"
"2016-11-21 14:06:01ID: BB  Data: 00 00 00 AA 00 00 00 00 
"
"2016-11-21 14:06:01ID: BC  Data: 00 00 00 AA 00 00 00 00 
"
"2016-11-21 14:06:01ID: BB  Data: 00 00 00 AA 00 00 00 00 
"
"2016-11-21 14:06:01ID: BC  Data: 00 00 00 AA 00 00 00 00 
"
"2016-11-21 14:06:01ID: BB  Data: 00 00 00 AA 00 00 00 00 
"
"2016-11-21 14:06:01ID: BC  Data: 00 00 00 AA 00 00 00 00 
"
"2016-11-21 14:06:01ID: BB  Data: 00 00 00 AA 00 00 00 00 
"
"2016-11-21 14:06:01ID: BC  Data: 00 00 00 AA 00 00 00 00 
"
"2016-11-21 14:06:01ID: BB  Data: 00 00 00 AA 00 00 00 00 
"
"2016-11-21 14:06:01ID: BC  Data: 00 00 00 AA 00 00 00 00 
"
"2016-11-21 14:06:01ID: BB  Data: 00 00 00 AA 00 00 00 00 
"
"2016-11-21 14:06:01ID: BC  Data: 00 00 00 AA 00 00 00 00 
"
"2016-11-21 14:06:01ID: BB  Data: 00 00 00 AA 00 00 00 00 
"
"2016-11-21 14:06:01ID: BC  Data: 00 00 00 AA 00 00 00 00 
"
"2016-11-21 14:06:01ID: BB  Data: 00 00 00 AA 00 00 00 00 
"
"2016-11-21 14:06:01ID: BC  Data: 00 00 00 AA 00 00 00 00 
"
"2016-11-21 14:06:01ID: BB  Data: 00 00 00 AA 00 00 00 00 
"
"2016-11-21 14:06:01ID: BC  Data: 00 00 00 AA 00 00 00 00 
"
"2016-11-21 14:06:01ID: BB  Data: 00 00 00 AA 00 00 00 00 
"
"2016-11-21 14:06:01ID: BC  Data: 00 00 00 AA 00 00 00 00 
"
"2016-11-21 14:06:02ID: BB  Data: 00 00 00 AA 00 00 00 00 
"
"2016-11-21 14:06:02ID: BC  Data: 00 00 00 AA 00 00 00 00 
"
"2016-11-21 14:06:02ID: BB  Data: 00 00 00 AA 00 00 00 00 
"
"2016-11-21 14:06:02ID: BC  Data: 00 00 00 AA 00 00 00 00 
"
"2016-11-21 14:06:02ID: BB  Data: 00 00 00 AA 00 00 00 00 
"
"2016-11-21 14:06:02ID: BC  Data: 00 00 00 AA 00 00 00 00 
"
"2016-11-21 14:06:02ID: BB  Data: 00 00 00 AA 00 00 00 00 
"
"2016-11-21 14:06:02ID: BC  Data: 00 00 00 AA 00 00 00 00 
"
"2016-11-21 14:06:02ID: BB  Data: 00 00 00 AA 00 00 00 00 
"
"2016-11-21 14:06:02ID: BC  Data: 00 00 00 AA 00 00 00 00 
"
"2016-11-21 14:06:02ID: BB  Data: 00 00 00 AA 00 00 00 00 
"
"2016-11-21 14:06:02ID: BC  Data: 00 00 00 AA 00 00 00 00 
"
"2016-11-21 14:06:02ID: BB  Data: 00 00 00 AA 00 00 00 00 
"
"2016-11-21 14:06:02ID: BC  Data: 00 00 00 AA 00 00 00 00 
"
"2016-11-21 14:06:02ID: BB  Data: 00 00 00 AA 00 00 00 00 
"
"2016-11-21 14:06:02ID: BC  Data: 00 00 00 AA 00 00 00 00 
"
"2016-11-21 14:06:02ID: BB  Data: 00 00 00 AA 00 00 00 00 
"
"2016-11-21 14:06:02ID: BC  Data: 00 00 00 AA 00 00 00 00 
"
"2016-11-21 14:06:02ID: BB  Data: 00 00 00 AA 00 00 00 00 
"
"2016-11-21 14:06:02ID: BC  Data: 00 00 00 AA 00 00 00 00 
"
"2016-11-21 14:06:02ID: BB  Data: 00 00 00 AA 00 00 00 00 
"
"2016-11-21 14:06:02ID: BC  Data: 00 00 00 AA 00 00 00 00 
"
"2016-11-21 14:06:03ID: BB  Data: 00 00 00 AA 00 00 00 00 
"
"2016-11-21 14:06:03ID: BC  Data: 00 00 00 AA 00 00 00 00 
"
"2016-11-21 14:06:03ID: BB  Data: 00 00 00 AA 00 00 00 00 
"
"2016-11-21 14:06:03ID: BC  Data: 00 00 00 AA 00 00 00 00 
"
"2016-11-21 14:06:03ID: BB  Data: 00 00 00 AA 00 00 00 00 
"
"2016-11-21 14:06:03ID: BC  Data: 00 00 00 AA 00 00 00 00 
"
"2016-11-21 14:06:03ID: BB  Data: 00 00 00 AA 00 00 00 00 
"
"2016-11-21 14:06:03ID: BC  Data: 00 00 00 AA 00 00 00 00 
"
"2016-11-21 14:06:03ID: BB  Data: 00 00 00 AA 00 00 00 00 
"
"2016-11-21 14:06:03ID: BC  Data: 00 00 00 AA 00 00 00 00 
"
"2016-11-21 14:06:03ID: BB  Data: 00 00 00 AA 00 00 00 00 
"
"2016-11-21 14:06:03ID: BC  Data: 00 00 00 AA 00 00 00 00 
"
"2016-11-21 14:06:03ID: BB  Data: 00 00 00 AA 00 00 00 00 
"
"2016-11-21 14:06:03ID: BC  Data: 00 00 00 AA 00 00 00 00 
"
"2016-11-21 14:06:03ID: BB  Data: 00 00 00 AA 00 00 00 00 
"
"2016-11-21 14:06:03ID: BC  Data: 00 00 00 AA 00 00 00 00 
"
"2016-11-21 14:06:03ID: BB  Data: 00 00 00 AA 00 00 00 00 
"
"2016-11-21 14:06:03ID: BC  Data: 00 00 00 AA 00 00 00 00 
"
"2016-11-21 14:06:03ID: BB  Data: 00 00 00 AA 00 00 00 00 
"
"2016-11-21 14:06:03ID: BC  Data: 00 00 00 AA 00 00 00 00 
"
"2016-11-21 14:06:03ID: BB  Data: 00 00 00 AA 00 00 00 00 
"
"2016-11-21 14:06:03ID: BC  Data: 00 00 00 AA 00 00 00 00 
"
"2016-11-21 14:06:04ID: BB  Data: 00 00 00 AA 00 00 00 00 
"
"2016-11-21 14:06:04ID: BC  Data: 00 00 00 AA 00 00 00 00 
"
"2016-11-21 14:06:04ID: BB  Data: 00 00 00 AA 00 00 00 00 
"
"2016-11-21 14:06:04ID: BC  Data: 00 00 00 AA 00 00 00 00 
"
"2016-11-21 14:06:04ID: BB  Data: 00 00 00 AA 00 00 00 00 
"
"2016-11-21 14:06:04ID: BC  Data: 00 00 00 AA 00 00 00 00 
"
"2016-11-21 14:06:04ID: BB  Data: 00 00 00 AA 00 00 00 00 
"
"2016-11-21 14:06:04ID: BC  Data: 00 00 00 AA 00 00 00 00 
"
"2016-11-21 14:06:04ID: BB  Data: 00 00 00 AA 00 00 00 00 
"
"2016-11-21 14:06:04ID: BC  Data: 00 00 00 AA 00 00 00 00 
"
"2016-11-21 14:06:04ID: BB  Data: 00 00 00 AA 00 00 00 00 
"
"2016-11-21 14:06:04ID: BC  Data: 00 00 00 AA 00 00 00 00 
"
"2016-11-21 14:06:04ID: BB  Data: 00 00 00 AA 00 00 00 00 
"
"2016-11-21 14:06:04ID: BC  Data: 00 00 00 AA 00 00 00 00 
"
"2016-11-21 14:06:04ID: BB  Data: 00 00 00 AA 00 00 00 00 
"
"2016-11-21 14:06:04ID: BC  Data: 00 00 00 AA 00 00 00 00 
"
"2016-11-21 14:06:04ID: BB  Data: 00 00 00 AA 00 00 00 00 
"
"2016-11-21 14:06:04ID: BC  Data: 00 00 00 AA 00 00 00 00 
"
"2016-11-21 14:06:04ID: BB  Data: 00 00 00 AA 00 00 00 00 
"
"2016-11-21 14:06:04ID: BC  Data: 00 00 00 AA 00 00 00 00 
"
"2016-11-21 14:06:04ID: BB  Data: 00 00 00 AA 00 00 00 00 
"
"2016-11-21 14:06:04ID: BC  Data: 00 00 00 AA 00 00 00 00 
"
"2016-11-21 14:06:04ID: BB  Data: 00 00 00 AA 00 00 00 00 
"
"2016-11-21 14:06:04ID: BC  Data: 00 00 00 AA 00 00 00 00 
"
"2016-11-21 14:06:05ID: BB  Data: 00 00 00 AA 00 00 00 00 
"
"2016-11-21 14:06:05ID: BC  Data: 00 00 00 AA 00 00 00 00 
"
"2016-11-21 14:06:05ID: BB  Data: 00 00 00 AA 00 00 00 00 
"
"2016-11-21 14:06:05ID: BC  Data: 00 00 00 AA 00 00 00 00 
"
"2016-11-21 14:06:05ID: BB  Data: 00 00 00 AA 00 00 00 00 
"
"2016-11-21 14:06:05ID: BC  Data: 00 00 00 AA 00 00 00 00 
"
"2016-11-21 14:06:05ID: BB  Data: 00 00 00 AA 00 00 00 00 
"
"2016-11-21 14:06:05ID: BC  Data: 00 00 00 AA 00 00 00 00 
"
"2016-11-21 14:06:05ID: BB  Data: 00 00 00 AA 00 00 00 00 
"
"2016-11-21 14:06:05ID: BC  Data: 00 00 00 AA 00 00 00 00 
"
"2016-11-21 14:06:05ID: BB  Data: 00 00 00 AA 00 00 00 00 
"
"2016-11-21 14:06:05ID: BC  Data: 00 00 00 AA 00 00 00 00 
"
"2016-11-21 14:06:05ID: BB  Data: 00 00 00 AA 00 00 00 00 
"
"2016-11-21 14:06:05ID: BC  Data: 00 00 00 AA 00 00 00 00 
"
"2016-11-21 14:06:05ID: BB  Data: 00 00 00 AA 00 00 00 00 
"
"2016-11-21 14:06:05ID: BC  Data: 00 00 00 AA 00 00 00 00 
"
"2016-11-21 14:06:05ID: BB  Data: 00 00 00 AA 00 00 00 00 
"
"2016-11-21 14:06:05ID: BC  Data: 00 00 00 AA 00 00 00 00 
"
"2016-11-21 14:06:05ID: BB  Data: 00 00 00 AA 00 00 00 00 
"
"2016-11-21 14:06:05ID: BC  Data: 00 00 00 AA 00 00 00 00 
"
"2016-11-21 14:06:05ID: BB  Data: 00 00 00 AA 00 00 00 00 
"
"2016-11-21 14:06:05ID: BC  Data: 00 00 00 AA 00 00 00 00 
"
"2016-11-21 14:06:06ID: BB  Data: 00 00 00 AA 00 00 00 00 
"
"2016-11-21 14:06:06ID: BC  Data: 00 00 00 AA 00 00 00 00 
"
"2016-11-21 14:06:06ID: BB  Data: 00 00 00 AA 00 00 00 00 
"
"2016-11-21 14:06:06ID: BC  Data: 00 00 00 AA 00 00 00 00 
"
"2016-11-21 14:06:06ID: BB  Data: 00 00 00 AA 00 00 00 00 
"
"2016-11-21 14:06:06ID: BC  Data: 00 00 00 AA 00 00 00 00 
"
"2016-11-21 14:06:06ID: BB  Data: 00 00 00 AA 00 00 00 00 
"
"2016-11-21 14:06:06ID: BC  Data: 00 00 00 AA 00 00 00 00 
"
"2016-11-21 14:06:06ID: BB  Data: 00 00 00 AA 00 00 00 00 
"
"2016-11-21 14:06:06ID: BC  Data: 00 00 00 AA 00 00 00 00 
"
"2016-11-21 14:06:06ID: BB  Data: 00 00 00 AA 00 00 00 00 
"
"2016-11-21 14:06:06ID: BC  Data: 00 00 00 AA 00 00 00 00 
"
"2016-11-21 14:06:06ID: BB  Data: 00 00 00 AA 00 00 00 00 
"
"2016-11-21 14:06:06ID: BC  Data: 00 00 00 AA 00 00 00 00 
"
"2016-11-21 14:06:06ID: BB  Data: 00 00 00 AA 00 00 00 00 
"
"2016-11-21 14:06:06ID: BC  Data: 00 00 00 AA 00 00 00 00 
"
"2016-11-21 14:06:06ID: BB  Data: 00 00 00 AA 00 00 00 00 
"
"2016-11-21 14:06:06ID: BC  Data: 00 00 00 AA 00 00 00 00 
"
"2016-11-21 14:06:06ID: BB  Data: 00 00 00 AA 00 00 00 00 
"
"2016-11-21 14:06:06ID: BC  Data: 00 00 00 AA 00 00 00 00 
"
"2016-11-21 14:06:06ID: BB  Data: 00 00 00 AA 00 00 00 00 
"
"2016-11-21 14:06:06ID: BC  Data: 00 00 00 AA 00 00 00 00 
"
"2016-11-21 14:06:06ID: BB  Data: 00 00 00 AA 00 00 00 00 
"
"2016-11-21 14:06:07ID: BC  Data: 00 00 00 AA 00 00 00 00 
"
"2016-11-21 14:06:07ID: BB  Data: 00 00 00 AA 00 00 00 00 
"
"2016-11-21 14:06:07ID: BC  Data: 00 00 00 AA 00 00 00 00 
"
"2016-11-21 14:06:07ID: BB  Data: 00 00 00 AA 00 00 00 00 
"
"2016-11-21 14:06:07ID: BC  Data: 00 00 00 AA 00 00 00 00 
"
"2016-11-21 14:06:07ID: BB  Data: 00 00 00 AA 00 00 00 00 
"
"2016-11-21 14:06:07ID: BC  Data: 00 00 00 AA 00 00 00 00 
"
"2016-11-21 14:06:07ID: BB  Data: 00 00 00 AA 00 00 00 00 
"
"2016-11-21 14:06:07ID: BC  Data: 00 00 00 AA 00 00 00 00 
"
"2016-11-21 14:06:07ID: BB  Data: 00 00 00 AA 00 00 00 00 
"
"2016-11-21 14:06:07ID: BC  Data: 00 00 00 AA 00 00 00 00 
"
"2016-11-21 14:06:07ID: BB  Data: 00 00 00 AA 00 00 00 00 
"
"2016-11-21 14:06:07ID: BC  Data: 00 00 00 AA 00 00 00 00 
"
"2016-11-21 14:06:07ID: BB  Data: 00 00 00 AA 00 00 00 00 
"
"2016-11-21 14:06:07ID: BC  Data: 00 00 00 AA 00 00 00 00 
"
"2016-11-21 14:06:07ID: BB  Data: 00 00 00 AA 00 00 00 00 
"
"2016-11-21 14:06:07ID: BC  Data: 00 00 00 AA 00 00 00 00 
"
"2016-11-21 14:06:07ID: BB  Data: 00 00 00 AA 00 00 00 00 
"
"2016-11-21 14:06:07ID: BC  Data: 00 00 00 AA 00 00 00 00 
"
"2016-11-21 14:06:07ID: BB  Data: 00 00 00 AA 00 00 00 00 
"
"2016-11-21 14:06:07ID: BC  Data: 00 00 00 AA 00 00 00 00 
"
"2016-11-21 14:06:07ID: BB  Data: 00 00 00 AA 00 00 00 00 
"
"2016-11-21 14:06:07ID: BC  Data: 00 00 00 AA 00 00 00 00 
"
"2016-11-21 14:06:08ID: BB  Data: 00 00 00 AA 00 00 00 00 
"
"2016-11-21 14:06:08ID: BC  Data: 00 00 00 AA 00 00 00 00 
"
"2016-11-21 14:06:08ID: BB  Data: 00 00 00 AA 00 00 00 00 
"
"2016-11-21 14:06:08ID: BC  Data: 00 00 00 AA 00 00 00 00 
"
"2016-11-21 14:06:08ID: BB  Data: 00 00 00 AA 00 00 00 00 
"
"2016-11-21 14:06:08ID: BC  Data: 00 00 00 AA 00 00 00 00 
"
"2016-11-21 14:06:08ID: BB  Data: 00 00 00 AA 00 00 00 00 
"
"2016-11-21 14:06:08ID: BC  Data: 00 00 00 AA 00 00 00 00 
"
"2016-11-21 14:06:08ID: BB  Data: 00 00 00 AA 00 00 00 00 
"
"2016-11-21 14:06:08ID: BC  Data: 00 00 00 AA 00 00 00 00 
"
"2016-11-21 14:06:08ID: BB  Data: 00 00 00 AA 00 00 00 00 
"
"2016-11-21 14:06:08ID: BC  Data: 00 00 00 AA 00 00 00 00 
"
"2016-11-21 14:06:08ID: BB  Data: 00 00 00 AA 00 00 00 00 
"
"2016-11-21 14:06:08ID: BC  Data: 00 00 00 AA 00 00 00 00 
"
"2016-11-21 14:06:08ID: BB  Data: 00 00 00 AA 00 00 00 00 
"
"2016-11-21 14:06:08ID: BC  Data: 00 00 00 AA 00 00 00 00 
"
"2016-11-21 14:06:08ID: BB  Data: 00 00 00 AA 00 00 00 00 
"
"2016-11-21 14:06:08ID: BC  Data: 00 00 00 AA 00 00 00 00 
"
"2016-11-21 14:06:08ID: BB  Data: 00 00 00 AA 00 00 00 00 
"
"2016-11-21 14:06:08ID: BC  Data: 00 00 00 AA 00 00 00 00 
"
"2016-11-21 14:06:08ID: BB  Data: 00 00 00 AA 00 00 00 00 
"
"2016-11-21 14:06:08ID: BC  Data: 00 00 00 AA 00 00 00 00 
"
"2016-11-21 14:06:09ID: BB  Data: 00 00 00 AA 00 00 00 00 
"
"2016-11-21 14:06:09ID: BC  Data: 00 00 00 AA 00 00 00 00 
"
"2016-11-21 14:06:09ID: BB  Data: 00 00 00 AA 00 00 00 00 
"
"2016-11-21 14:06:09ID: BC  Data: 00 00 00 AA 00 00 00 00 
"
"2016-11-21 14:06:09ID: BB  Data: 00 00 00 AA 00 00 00 00 
"
"2016-11-21 14:06:09ID: BC  Data: 00 00 00 AA 00 00 00 00 
"
"2016-11-21 14:06:09ID: BB  Data: 00 00 00 AA 00 00 00 00 
"
"2016-11-21 14:06:09ID: BC  Data: 00 00 00 AA 00 00 00 00 
"
"2016-11-21 14:06:09ID: BB  Data: 00 00 00 AA 00 00 00 00 
"
"2016-11-21 14:06:09ID: BC  Data: 00 00 00 AA 00 00 00 00 
"
"2016-11-21 14:06:09ID: BB  Data: 00 00 00 AA 00 00 00 00 
"
"2016-11-21 14:06:09ID: BC  Data: 00 00 00 AA 00 00 00 00 
"
"2016-11-21 14:06:09ID: BB  Data: 00 00 00 AA 00 00 00 00 
"
"2016-11-21 14:06:09ID: BC  Data: 00 00 00 AA 00 00 00 00 
"
"2016-11-21 14:06:09ID: BB  Data: 00 00 00 AA 00 00 00 00 
"
"2016-11-21 14:06:09ID: BC  Data: 00 00 00 AA 00 00 00 00 
"
"2016-11-21 14:06:09ID: BB  Data: 00 00 00 AA 00 00 00 00 
"
"2016-11-21 14:06:09ID: BC  Data: 00 00 00 AA 00 00 00 00 
"
"2016-11-21 14:06:09ID: BB  Data: 00 00 00 AA 00 00 00 00 
"
"2016-11-21 14:06:09ID: BC  Data: 00 00 00 AA 00 00 00 00 
"
"2016-11-21 14:06:09ID: BB  Data: 00 00 00 AA 00 00 00 00 
"
"2016-11-21 14:06:09ID: BC  Data: 00 00 00 AA 00 00 00 00 
"
"2016-11-21 14:06:09ID: BB  Data: 00 00 00 AA 00 00 00 00 
"
"2016-11-21 14:06:09ID: BC  Data: 00 00 00 AA 00 00 00 00 
"
"2016-11-21 14:06:10ID: BB  Data: 00 00 00 AA 00 00 00 00 
"
"2016-11-21 14:06:10ID: BC  Data: 00 00 00 AA 00 00 00 00 
"
"2016-11-21 14:06:10ID: BB  Data: 00 00 00 AA 00 00 00 00 
"
"2016-11-21 14:06:10ID: BC  Data: 00 00 00 AA 00 00 00 00 
"
"2016-11-21 14:06:10ID: BB  Data: 00 00 00 AA 00 00 00 00 
"
"2016-11-21 14:06:10ID: BC  Data: 00 00 00 AA 00 00 00 00 
"
"2016-11-21 14:06:10ID: BB  Data: 00 00 00 AA 00 00 00 00 
"
"2016-11-21 14:06:10ID: BC  Data: 00 00 00 AA 00 00 00 00 
"
"2016-11-21 14:06:10ID: BB  Data: 00 00 00 AA 00 00 00 00 
"
"2016-11-21 14:06:10ID: BC  Data: 00 00 00 AA 00 00 00 00 
"
"2016-11-21 14:06:10ID: BB  Data: 00 00 00 AA 00 00 00 00 
"
"2016-11-21 14:06:10ID: BC  Data: 00 00 00 AA 00 00 00 00 
"
"2016-11-21 14:06:10ID: BB  Data: 00 00 00 AA 00 00 00 00 
"
"2016-11-21 14:06:10ID: BC  Data: 00 00 00 AA 00 00 00 00 
"
"2016-11-21 14:06:10ID: BB  Data: 00 00 00 AA 00 00 00 00 
"
"2016-11-21 14:06:10ID: BC  Data: 00 00 00 AA 00 00 00 00 
"
"2016-11-21 14:06:10ID: BB  Data: 00 00 00 AA 00 00 00 00 
"
"2016-11-21 14:06:10ID: BC  Data: 00 00 00 AA 00 00 00 00 
"
"2016-11-21 14:06:10ID: BB  Data: 00 00 00 AA 00 00 00 00 
"
"2016-11-21 14:06:10ID: BC  Data: 00 00 00 AA 00 00 00 00 
"
"2016-11-21 14:06:10ID: BB  Data: 00 00 00 AA 00 00 00 00 
"
"2016-11-21 14:06:10ID: BC  Data: 00 00 00 AA 00 00 00 00 
"
"2016-11-21 14:06:11ID: BB  Data: 00 00 00 AA 00 00 00 00 
"
"2016-11-21 14:06:11ID: BC  Data: 00 00 00 AA 00 00 00 00 
"
"2016-11-21 14:06:11ID: BB  Data: 00 00 00 AA 00 00 00 00 
"
"2016-11-21 14:06:11ID: BC  Data: 00 00 00 AA 00 00 00 00 
"
"2016-11-21 14:06:11ID: BB  Data: 00 00 00 AA 00 00 00 00 
"
"2016-11-21 14:06:11ID: BC  Data: 00 00 00 AA 00 00 00 00 
"
"2016-11-21 14:06:11ID: BB  Data: 00 00 00 AA 00 00 00 00 
"
"2016-11-21 14:06:11ID: BC  Data: 00 00 00 AA 00 00 00 00 
"
"2016-11-21 14:06:11ID: BB  Data: 00 00 00 AA 00 00 00 00 
"
"2016-11-21 14:06:11ID: BC  Data: 00 00 00 AA 00 00 00 00 
"
"2016-11-21 14:06:11ID: BB  Data: 00 00 00 AA 00 00 00 00 
"
"2016-11-21 14:06:11ID: BC  Data: 00 00 00 AA 00 00 00 00 
"
"2016-11-21 14:06:11ID: BB  Data: 00 00 00 AA 00 00 00 00 
"
"2016-11-21 14:06:11ID: BC  Data: 00 00 00 AA 00 00 00 00 
"
"2016-11-21 14:06:11ID: BB  Data: 00 00 00 AA 00 00 00 00 
"
"2016-11-21 14:06:11ID: BC  Data: 00 00 00 AA 00 00 00 00 
"
"2016-11-21 14:06:11ID: BB  Data: 00 00 00 AA 00 00 00 00 
"
"2016-11-21 14:06:11ID: BC  Data: 00 00 00 AA 00 00 00 00 
"
"2016-11-21 14:06:11ID: BB  Data: 00 00 00 AA 00 00 00 00 
"
"2016-11-21 14:06:11ID: BC  Data: 00 00 00 AA 00 00 00 00 
"
"2016-11-21 14:06:11ID: BB  Data: 00 00 00 AA 00 00 00 00 
"
"2016-11-21 14:06:11ID: BC  Data: 00 00 00 AA 00 00 00 00 
"
"2016-11-21 14:06:12ID: BB  Data: 00 00 00 AA 00 00 00 00 
"
"2016-11-21 14:06:12ID: BC  Data: 00 00 00 AA 00 00 00 00 
"
"2016-11-21 14:06:12ID: BB  Data: 00 00 00 AA 00 00 00 00 
"
"2016-11-21 14:06:12ID: BC  Data: 00 00 00 AA 00 00 00 00 
"
"2016-11-21 14:06:12ID: BB  Data: 00 00 00 AA 00 00 00 00 
"
"2016-11-21 14:06:12ID: BC  Data: 00 00 00 AA 00 00 00 00 
"
"2016-11-21 14:06:12ID: BB  Data: 00 00 00 AA 00 00 00 00 
"
"2016-11-21 14:06:12ID: BC  Data: 00 00 00 AA 00 00 00 00 
"
"2016-11-21 14:06:12ID: BB  Data: 00 00 00 AA 00 00 00 00 
"
"2016-11-21 14:06:12ID: BC  Data: 00 00 00 AA 00 00 00 00 
"
"2016-11-21 14:06:12ID: BB  Data: 00 00 00 AA 00 00 00 00 
"
"2016-11-21 14:06:12ID: BC  Data: 00 00 00 AA 00 00 00 00 
"
"2016-11-21 14:06:12ID: BB  Data: 00 00 00 AA 00 00 00 00 
"
"2016-11-21 14:06:12ID: BC  Data: 00 00 00 AA 00 00 00 00 
"
"2016-11-21 14:06:12ID: BB  Data: 00 00 00 AA 00 00 00 00 
"
"2016-11-21 14:06:12ID: BC  Data: 00 00 00 AA 00 00 00 00 
"
"2016-11-21 14:06:12ID: BB  Data: 00 00 00 AA 00 00 00 00 
"
"2016-11-21 14:06:12ID: BC  Data: 00 00 00 AA 00 00 00 00 
"
"2016-11-21 14:06:12ID: BB  Data: 00 00 00 AA 00 00 00 00 
"
"2016-11-21 14:06:12ID: BC  Data: 00 00 00 AA 00 00 00 00 
"
"2016-11-21 14:06:12ID: BB  Data: 00 00 00 AA 00 00 00 00 
"
"2016-11-21 14:06:12ID: BC  Data: 00 00 00 AA 00 00 00 00 
"
"2016-11-21 14:06:12ID: BB  Data: 00 00 00 AA 00 00 00 00 
"
"2016-11-21 14:06:12ID: BC  Data: 00 00 00 AA 00 00 00 00 
"
"2016-11-21 14:06:13ID: BB  Data: 00 00 00 AA 00 00 00 00 
"
"2016-11-21 14:06:13ID: BC  Data: 00 00 00 AA 00 00 00 00 
"
"2016-11-21 14:06:13ID: BB  Data: 00 00 00 AA 00 00 00 00 
"
"2016-11-21 14:06:13ID: BC  Data: 00 00 00 AA 00 00 00 00 
"
"2016-11-21 14:06:13ID: BB  Data: 00 00 00 AA 00 00 00 00 
"
"2016-11-21 14:06:13ID: BC  Data: 00 00 00 AA 00 00 00 00 
"
"2016-11-21 14:06:13ID: BB  Data: 00 00 00 AA 00 00 00 00 
"
"2016-11-21 14:06:13ID: BC  Data: 00 00 00 AA 00 00 00 00 
"
"2016-11-21 14:06:13ID: BB  Data: 00 00 00 AA 00 00 00 00 
"
"2016-11-21 14:06:13ID: BC  Data: 00 00 00 AA 00 00 00 00 
"
"2016-11-21 14:06:13ID: BB  Data: 00 00 00 AA 00 00 00 00 
"
"2016-11-21 14:06:13ID: BC  Data: 00 00 00 AA 00 00 00 00 
"
"2016-11-21 14:06:13ID: BB  Data: 00 00 00 AA 00 00 00 00 
"
"2016-11-21 14:06:13ID: BC  Data: 00 00 00 AA 00 00 00 00 
"
"2016-11-21 14:06:13ID: BB  Data: 00 00 00 AA 00 00 00 00 
"
"2016-11-21 14:06:13ID: BC  Data: 00 00 00 AA 00 00 00 00 
"
"2016-11-21 14:06:13ID: BB  Data: 00 00 00 AA 00 00 00 00 
"
"2016-11-21 14:06:13ID: BC  Data: 00 00 00 AA 00 00 00 00 
"
"2016-11-21 14:06:13ID: BB  Data: 00 00 00 AA 00 00 00 00 
"
"2016-11-21 14:06:13ID: BC  Data: 00 00 00 AA 00 00 00 00 
"
"2016-11-21 14:06:13ID: BB  Data: 00 00 00 AA 00 00 00 00 
"
"2016-11-21 14:06:13ID: BC  Data: 00 00 00 AA 00 00 00 00 
"
"2016-11-21 14:06:14ID: BB  Data: 00 00 00 AA 00 00 00 00 
"
"2016-11-21 14:06:14ID: BC  Data: 00 00 00 AA 00 00 00 00 
"
"2016-11-21 14:06:14ID: BB  Data: 00 00 00 AA 00 00 00 00 
"
"2016-11-21 14:06:14ID: BC  Data: 00 00 00 AA 00 00 00 00 
"
"2016-11-21 14:06:14ID: BB  Data: 00 00 00 AA 00 00 00 00 
"
"2016-11-21 14:06:14ID: BC  Data: 00 00 00 AA 00 00 00 00 
"
"2016-11-21 14:06:14ID: BB  Data: 00 00 00 AA 00 00 00 00 
"
"2016-11-21 14:06:14ID: BC  Data: 00 00 00 AA 00 00 00 00 
"
"2016-11-21 14:06:14ID: BB  Data: 00 00 00 AA 00 00 00 00 
"
"2016-11-21 14:06:14ID: BC  Data: 00 00 00 AA 00 00 00 00 
"
"2016-11-21 14:06:14ID: BB  Data: 00 00 00 AA 00 00 00 00 
"
"2016-11-21 14:06:14ID: BC  Data: 00 00 00 AA 00 00 00 00 
"
"2016-11-21 14:06:14ID: BB  Data: 00 00 00 AA 00 00 00 00 
"
"2016-11-21 14:06:14ID: BC  Data: 00 00 00 AA 00 00 00 00 
"
"2016-11-21 14:06:14ID: BB  Data: 00 00 00 AA 00 00 00 00 
"
"2016-11-21 14:06:14ID: BC  Data: 00 00 00 AA 00 00 00 00 
"
"2016-11-21 14:06:14ID: BB  Data: 00 00 00 AA 00 00 00 00 
"
"2016-11-21 14:06:14ID: BC  Data: 00 00 00 AA 00 00 00 00 
"
"2016-11-21 14:06:14ID: BB  Data: 00 00 00 AA 00 00 00 00 
"
"2016-11-21 14:06:14ID: BC  Data: 00 00 00 AA 00 00 00 00 
"
"2016-11-21 14:06:14ID: BB  Data: 00 00 00 AA 00 00 00 00 
"
"2016-11-21 14:06:14ID: BC  Data: 00 00 00 AA 00 00 00 00 
"
"2016-11-21 14:06:15ID: BB  Data: 00 00 00 AA 00 00 00 00 
"
"2016-11-21 14:06:15ID: BC  Data: 00 00 00 AA 00 00 00 00 
"
"2016-11-21 14:06:15ID: BB  Data: 00 00 00 AA 00 00 00 00 
"
"2016-11-21 14:06:15ID: BC  Data: 00 00 00 AA 00 00 00 00 
"
"2016-11-21 14:06:15ID: BB  Data: 00 00 00 AA 00 00 00 00 
"
"2016-11-21 14:06:15ID: BC  Data: 00 00 00 AA 00 00 00 00 
"
"2016-11-21 14:06:15ID: BB  Data: 00 00 00 AA 00 00 00 00 
"
"2016-11-21 14:06:15ID: BC  Data: 00 00 00 AA 00 00 00 00 
"
"2016-11-21 14:06:15ID: BB  Data: 00 00 00 AA 00 00 00 00 
"
"2016-11-21 14:06:15ID: BC  Data: 00 00 00 AA 00 00 00 00 
"
"2016-11-21 14:06:15ID: BB  Data: 00 00 00 AA 00 00 00 00 
"
"2016-11-21 14:06:15ID: BC  Data: 00 00 00 AA 00 00 00 00 
"
"2016-11-21 14:06:15ID: BB  Data: 00 00 00 AA 00 00 00 00 
"
"2016-11-21 14:06:15ID: BC  Data: 00 00 00 AA 00 00 00 00 
"
"2016-11-21 14:06:15ID: BB  Data: 00 00 00 AA 00 00 00 00 
"
"2016-11-21 14:06:15ID: BC  Data: 00 00 00 AA 00 00 00 00 
"
"2016-11-21 14:06:15ID: BB  Data: 00 00 00 AA 00 00 00 00 
"
"2016-11-21 14:06:15ID: BC  Data: 00 00 00 AA 00 00 00 00 
"
"2016-11-21 14:06:15ID: BB  Data: 00 00 00 AA 00 00 00 00 
"
"2016-11-21 14:06:15ID: BC  Data: 00 00 00 AA 00 00 00 00 
"
"2016-11-21 14:06:15ID: BB  Data: 00 00 00 AA 00 00 00 00 
"
"2016-11-21 14:06:15ID: BC  Data: 00 00 00 AA 00 00 00 00 
"
"2016-11-21 14:06:15ID: BB  Data: 00 00 00 AA 00 00 00 00 
"
"2016-11-21 14:06:15ID: BC  Data: 00 00 00 AA 00 00 00 00 
"
"2016-11-21 14:06:16ID: BB  Data: 00 00 00 AA 00 00 00 00 
"
"2016-11-21 14:06:16ID: BC  Data: 00 00 00 AA 00 00 00 00 
"
"2016-11-21 14:06:16ID: BB  Data: 00 00 00 AA 00 00 00 00 
"
"2016-11-21 14:06:16ID: BC  Data: 00 00 00 AA 00 00 00 00 
"
"2016-11-21 14:06:16ID: BB  Data: 00 00 00 AA 00 00 00 00 
"
"2016-11-21 14:06:16ID: BC  Data: 00 00 00 AA 00 00 00 00 
"
"2016-11-21 14:06:16ID: BB  Data: 00 00 00 AA 00 00 00 00 
"
"2016-11-21 14:06:16ID: BC  Data: 00 00 00 AA 00 00 00 00 
"
"2016-11-21 14:06:16ID: BB  Data: 00 00 00 AA 00 00 00 00 
"
"2016-11-21 14:06:16ID: BC  Data: 00 00 00 AA 00 00 00 00 
"
"2016-11-21 14:06:16ID: BB  Data: 00 00 00 AA 00 00 00 00 
"
"2016-11-21 14:06:16ID: BC  Data: 00 00 00 AA 00 00 00 00 
"
"2016-11-21 14:06:16ID: BB  Data: 00 00 00 AA 00 00 00 00 
"
"2016-11-21 14:06:16ID: BC  Data: 00 00 00 AA 00 00 00 00 
"
"2016-11-21 14:06:16ID: BB  Data: 00 00 00 AA 00 00 00 00 
"
"2016-11-21 14:06:16ID: BC  Data: 00 00 00 AA 00 00 00 00 
"
"2016-11-21 14:06:16ID: BB  Data: 00 00 00 AA 00 00 00 00 
"
"2016-11-21 14:06:16ID: BC  Data: 00 00 00 AA 00 00 00 00 
"
"2016-11-21 14:06:16ID: BB  Data: 00 00 00 AA 00 00 00 00 
"
"2016-11-21 14:06:16ID: BC  Data: 00 00 00 AA 00 00 00 00 
"
"2016-11-21 14:06:16ID: BB  Data: 00 00 00 AA 00 00 00 00 
"
"2016-11-21 14:06:16ID: BC  Data: 00 00 00 AA 00 00 00 00 
"
"2016-11-21 14:06:17ID: BB  Data: 00 00 00 AA 00 00 00 00 
"
"2016-11-21 14:06:17ID: BC  Data: 00 00 00 AA 00 00 00 00 
"
"2016-11-21 14:06:17ID: BB  Data: 00 00 00 AA 00 00 00 00 
"
"2016-11-21 14:06:17ID: BC  Data: 00 00 00 AA 00 00 00 00 
"
"2016-11-21 14:06:17ID: BB  Data: 00 00 00 AA 00 00 00 00 
"
"2016-11-21 14:06:17ID: BC  Data: 00 00 00 AA 00 00 00 00 
"
"2016-11-21 14:06:17ID: BB  Data: 00 00 00 AA 00 00 00 00 
"
"2016-11-21 14:06:17ID: BC  Data: 00 00 00 AA 00 00 00 00 
"
"2016-11-21 14:06:17ID: BB  Data: 00 00 00 AA 00 00 00 00 
"
"2016-11-21 14:06:17ID: BC  Data: 00 00 00 AA 00 00 00 00 
"
"2016-11-21 14:06:17ID: BB  Data: 00 00 00 AA 00 00 00 00 
"
"2016-11-21 14:06:17ID: BC  Data: 00 00 00 AA 00 00 00 00 
"
"2016-11-21 14:06:17ID: BB  Data: 00 00 00 AA 00 00 00 00 
"
"2016-11-21 14:06:17ID: BC  Data: 00 00 00 AA 00 00 00 00 
"
"2016-11-21 14:06:17ID: BB  Data: 00 00 00 AA 00 00 00 00 
"
"2016-11-21 14:06:17ID: BC  Data: 00 00 00 AA 00 00 00 00 
"
"2016-11-21 14:06:17ID: BB  Data: 00 00 00 AA 00 00 00 00 
"
"2016-11-21 14:06:17ID: BC  Data: 00 00 00 AA 00 00 00 00 
"
"2016-11-21 14:06:17ID: BB  Data: 00 00 00 AA 00 00 00 00 
"
"2016-11-21 14:06:17ID: BC  Data: 00 00 00 AA 00 00 00 00 
"
"2016-11-21 14:06:17ID: BB  Data: 00 00 00 AA 00 00 00 00 
"
"2016-11-21 14:06:17ID: BC  Data: 00 00 00 AA 00 00 00 00 
"
"2016-11-21 14:06:17ID: BB  Data: 00 00 00 AA 00 00 00 00 
"
"2016-11-21 14:06:18ID: BC  Data: 00 00 00 AA 00 00 00 00 
"
"2016-11-21 14:06:18ID: BB  Data: 00 00 00 AA 00 00 00 00 
"
"2016-11-21 14:06:18ID: BC  Data: 00 00 00 AA 00 00 00 00 
"
"2016-11-21 14:06:18ID: BB  Data: 00 00 00 AA 00 00 00 00 
"
"2016-11-21 14:06:18ID: BC  Data: 00 00 00 AA 00 00 00 00 
"
"2016-11-21 14:06:18ID: BB  Data: 00 00 00 AA 00 00 00 00 
"
"2016-11-21 14:06:18ID: BC  Data: 00 00 00 AA 00 00 00 00 
"
"2016-11-21 14:06:18ID: BB  Data: 00 00 00 AA 00 00 00 00 
"
"2016-11-21 14:06:18ID: BC  Data: 00 00 00 AA 00 00 00 00 
"
"2016-11-21 14:06:18ID: BB  Data: 00 00 00 AA 00 00 00 00 
"
"2016-11-21 14:06:18ID: BC  Data: 00 00 00 AA 00 00 00 00 
"
"2016-11-21 14:06:18ID: BB  Data: 00 00 00 AA 00 00 00 00 
"
"2016-11-21 14:06:18ID: BC  Data: 00 00 00 AA 00 00 00 00 
"
"2016-11-21 14:06:18ID: BB  Data: 00 00 00 AA 00 00 00 00 
"
"2016-11-21 14:06:18ID: BC  Data: 00 00 00 AA 00 00 00 00 
"
"2016-11-21 14:06:18ID: BB  Data: 00 00 00 AA 00 00 00 00 
"
"2016-11-21 14:06:18ID: BC  Data: 00 00 00 AA 00 00 00 00 
"
"2016-11-21 14:06:18ID: BB  Data: 00 00 00 AA 00 00 00 00 
"
"2016-11-21 14:06:18ID: BC  Data: 00 00 00 AA 00 00 00 00 
"
"2016-11-21 14:06:18ID: BB  Data: 00 00 00 AA 00 00 00 00 
"
"2016-11-21 14:06:18ID: BC  Data: 00 00 00 AA 00 00 00 00 
"
"2016-11-21 14:06:18ID: BB  Data: 00 00 00 AA 00 00 00 00 
"
"2016-11-21 14:06:18ID: BC  Data: 00 00 00 AA 00 00 00 00 
"
"2016-11-21 14:06:19ID: BB  Data: 00 00 00 AA 00 00 00 00 
"
"2016-11-21 14:06:19ID: BC  Data: 00 00 00 AA 00 00 00 00 
"
"2016-11-21 14:06:19ID: BB  Data: 00 00 00 AA 00 00 00 00 
"
"2016-11-21 14:06:19ID: BC  Data: 00 00 00 AA 00 00 00 00 
"
"2016-11-21 14:06:19ID: BB  Data: 00 00 00 AA 00 00 00 00 
"
"2016-11-21 14:06:19ID: BC  Data: 00 00 00 AA 00 00 00 00 
"
"2016-11-21 14:06:19ID: BB  Data: 00 00 00 AA 00 00 00 00 
"
"2016-11-21 14:06:19ID: BC  Data: 00 00 00 AA 00 00 00 00 
"
"2016-11-21 14:06:19ID: BB  Data: 00 00 00 AA 00 00 00 00 
"
"2016-11-21 14:06:19ID: BC  Data: 00 00 00 AA 00 00 00 00 
"
"2016-11-21 14:06:19ID: BB  Data: 00 00 00 AA 00 00 00 00 
"
"2016-11-21 14:06:19ID: BC  Data: 00 00 00 AA 00 00 00 00 
"
"2016-11-21 14:06:19ID: BB  Data: 00 00 00 AA 00 00 00 00 
"
"2016-11-21 14:06:19ID: BC  Data: 00 00 00 AA 00 00 00 00 
"
"2016-11-21 14:06:19ID: BB  Data: 00 00 00 AA 00 00 00 00 
"
"2016-11-21 14:06:19ID: BC  Data: 00 00 00 AA 00 00 00 00 
"
"2016-11-21 14:06:19ID: BB  Data: 00 00 00 AA 00 00 00 00 
"
"2016-11-21 14:06:19ID: BC  Data: 00 00 00 AA 00 00 00 00 
"
"2016-11-21 14:06:19ID: BB  Data: 00 00 00 AA 00 00 00 00 
"
"2016-11-21 14:06:19ID: BC  Data: 00 00 00 AA 00 00 00 00 
"
"2016-11-21 14:06:19ID: BB  Data: 00 00 00 AA 00 00 00 00 
"
"2016-11-21 14:06:19ID: BC  Data: 00 00 00 AA 00 00 00 00 
"
"2016-11-21 14:06:20ID: BB  Data: 00 00 00 AA 00 00 00 00 
"
"2016-11-21 14:06:20ID: BC  Data: 00 00 00 AA 00 00 00 00 
"
"2016-11-21 14:06:20ID: BB  Data: 00 00 00 AA 00 00 00 00 
"
"2016-11-21 14:06:20ID: BC  Data: 00 00 00 AA 00 00 00 00 
"
"2016-11-21 14:06:20ID: BB  Data: 00 00 00 AA 00 00 00 00 
"
"2016-11-21 14:06:20ID: BC  Data: 00 00 00 AA 00 00 00 00 
"
"2016-11-21 14:06:20ID: BB  Data: 00 00 00 AA 00 00 00 00 
"
"2016-11-21 14:06:20ID: BC  Data: 00 00 00 AA 00 00 00 00 
"
"2016-11-21 14:06:20ID: BB  Data: 00 00 00 AA 00 00 00 00 
"
"2016-11-21 14:06:20ID: BC  Data: 00 00 00 AA 00 00 00 00 
"
"2016-11-21 14:06:20ID: BB  Data: 00 00 00 AA 00 00 00 00 
"
"2016-11-21 14:06:20ID: BC  Data: 00 00 00 AA 00 00 00 00 
"
"2016-11-21 14:06:20ID: BB  Data: 00 00 00 AA 00 00 00 00 
"
"2016-11-21 14:06:20ID: BC  Data: 00 00 00 AA 00 00 00 00 
"
"2016-11-21 14:06:20ID: BB  Data: 00 00 00 AA 00 00 00 00 
"
"2016-11-21 14:06:20ID: BC  Data: 00 00 00 AA 00 00 00 00 
"
"2016-11-21 14:06:20ID: BB  Data: 00 00 00 AA 00 00 00 00 
"
"2016-11-21 14:06:20ID: BC  Data: 00 00 00 AA 00 00 00 00 
"
"2016-11-21 14:06:20ID: BB  Data: 00 00 00 AA 00 00 00 00 
"
"2016-11-21 14:06:20ID: BC  Data: 00 00 00 AA 00 00 00 00 
"
"2016-11-21 14:06:20ID: BB  Data: 00 00 00 AA 00 00 00 00 
"
"2016-11-21 14:06:20ID: BC  Data: 00 00 00 AA 00 00 00 00 
"
"2016-11-21 14:06:20ID: BB  Data: 00 00 00 AA 00 00 00 00 
"
"2016-11-21 14:06:20ID: BC  Data: 00 00 00 AA 00 00 00 00 
"
"2016-11-21 14:06:21ID: BB  Data: 00 00 00 AA 00 00 00 00 
"
"2016-11-21 14:06:21ID: BC  Data: 00 00 00 AA 00 00 00 00 
"
"2016-11-21 14:06:21ID: BB  Data: 00 00 00 AA 00 00 00 00 
"
"2016-11-21 14:06:21ID: BC  Data: 00 00 00 AA 00 00 00 00 
"
"2016-11-21 14:06:21ID: BB  Data: 00 00 00 AA 00 00 00 00 
"
"2016-11-21 14:06:21ID: BC  Data: 00 00 00 AA 00 00 00 00 
"
"2016-11-21 14:06:21ID: BB  Data: 00 00 00 AA 00 00 00 00 
"
"2016-11-21 14:06:21ID: BC  Data: 00 00 00 AA 00 00 00 00 
"
"2016-11-21 14:06:21ID: BB  Data: 00 00 00 AA 00 00 00 00 
"
"2016-11-21 14:06:21ID: BC  Data: 00 00 00 AA 00 00 00 00 
"
"2016-11-21 14:06:21ID: BB  Data: 00 00 00 AA 00 00 00 00 
"
"2016-11-21 14:06:21ID: BC  Data: 00 00 00 AA 00 00 00 00 
"
"2016-11-21 14:06:21ID: BB  Data: 00 00 00 AA 00 00 00 00 
"
"2016-11-21 14:06:21ID: BC  Data: 00 00 00 AA 00 00 00 00 
"
"2016-11-21 14:06:21ID: BB  Data: 00 00 00 AA 00 00 00 00 
"
"2016-11-21 14:06:21ID: BC  Data: 00 00 00 AA 00 00 00 00 
"
"2016-11-21 14:06:21ID: BB  Data: 00 00 00 AA 00 00 00 00 
"
"2016-11-21 14:06:21ID: BC  Data: 00 00 00 AA 00 00 00 00 
"
"2016-11-21 14:06:21ID: BB  Data: 00 00 00 AA 00 00 00 00 
"
"2016-11-21 14:06:21ID: BC  Data: 00 00 00 AA 00 00 00 00 
"
"2016-11-21 14:06:21ID: BB  Data: 00 00 00 AA 00 00 00 00 
"
"2016-11-21 14:06:21ID: BC  Data: 00 00 00 AA 00 00 00 00 
"
"2016-11-21 14:06:22ID: BB  Data: 00 00 00 AA 00 00 00 00 
"
"2016-11-21 14:06:22ID: BC  Data: 00 00 00 AA 00 00 00 00 
"
"2016-11-21 14:06:22ID: BB  Data: 00 00 00 AA 00 00 00 00 
"
"2016-11-21 14:06:22ID: BC  Data: 00 00 00 AA 00 00 00 00 
"
"2016-11-21 14:06:22ID: BB  Data: 00 00 00 AA 00 00 00 00 
"
"2016-11-21 14:06:22ID: BC  Data: 00 00 00 AA 00 00 00 00 
"
"2016-11-21 14:06:22ID: BB  Data: 00 00 00 AA 00 00 00 00 
"
"2016-11-21 14:06:22ID: BC  Data: 00 00 00 AA 00 00 00 00 
"
"2016-11-21 14:06:22ID: BB  Data: 00 00 00 AA 00 00 00 00 
"
"2016-11-21 14:06:22ID: BC  Data: 00 00 00 AA 00 00 00 00 
"
"2016-11-21 14:06:22ID: BB  Data: 00 00 00 AA 00 00 00 00 
"
"2016-11-21 14:06:22ID: BC  Data: 00 00 00 AA 00 00 00 00 
"
"2016-11-21 14:06:22ID: BB  Data: 00 00 00 AA 00 00 00 00 
"
"2016-11-21 14:06:22ID: BC  Data: 00 00 00 AA 00 00 00 00 
"
"2016-11-21 14:06:22ID: BB  Data: 00 00 00 AA 00 00 00 00 
"
"2016-11-21 14:06:22ID: BC  Data: 00 00 00 AA 00 00 00 00 
"
"2016-11-21 14:06:22ID: BB  Data: 00 00 00 AA 00 00 00 00 
"
"2016-11-21 14:06:22ID: BC  Data: 00 00 00 AA 00 00 00 00 
"
"2016-11-21 14:06:22ID: BB  Data: 00 00 00 AA 00 00 00 00 
"
"2016-11-21 14:06:22ID: BC  Data: 00 00 00 AA 00 00 00 00 
"
"2016-11-21 14:06:22ID: BB  Data: 00 00 00 AA 00 00 00 00 
"
"2016-11-21 14:06:22ID: BC  Data: 00 00 00 AA 00 00 00 00 
"
"2016-11-21 14:06:23ID: BB  Data: 00 00 00 AA 00 00 00 00 
"
"2016-11-21 14:06:23ID: BC  Data: 00 00 00 AA 00 00 00 00 
"
"2016-11-21 14:06:23ID: BB  Data: 00 00 00 AA 00 00 00 00 
"
"2016-11-21 14:06:23ID: BC  Data: 00 00 00 AA 00 00 00 00 
"
"2016-11-21 14:06:23ID: BB  Data: 00 00 00 AA 00 00 00 00 
"
"2016-11-21 14:06:23ID: BC  Data: 00 00 00 AA 00 00 00 00 
"
"2016-11-21 14:06:23ID: BB  Data: 00 00 00 AA 00 00 00 00 
"
"2016-11-21 14:06:23ID: BC  Data: 00 00 00 AA 00 00 00 00 
"
"2016-11-21 14:06:23ID: BB  Data: 00 00 00 AA 00 00 00 00 
"
"2016-11-21 14:06:23ID: BC  Data: 00 00 00 AA 00 00 00 00 
"
"2016-11-21 14:06:23ID: BB  Data: 00 00 00 AA 00 00 00 00 
"
"2016-11-21 14:06:23ID: BC  Data: 00 00 00 AA 00 00 00 00 
"
"2016-11-21 14:06:23ID: BB  Data: 00 00 00 AA 00 00 00 00 
"
"2016-11-21 14:06:23ID: BC  Data: 00 00 00 AA 00 00 00 00 
"
"2016-11-21 14:06:23ID: BB  Data: 00 00 00 AA 00 00 00 00 
"
"2016-11-21 14:06:23ID: BC  Data: 00 00 00 AA 00 00 00 00 
"
"2016-11-21 14:06:23ID: BB  Data: 00 00 00 AA 00 00 00 00 
"
"2016-11-21 14:06:23ID: BC  Data: 00 00 00 AA 00 00 00 00 
"
"2016-11-21 14:06:23ID: BB  Data: 00 00 00 AA 00 00 00 00 
"
"2016-11-21 14:06:23ID: BC  Data: 00 00 00 AA 00 00 00 00 
"
"2016-11-21 14:06:23ID: BB  Data: 00 00 00 AA 00 00 00 00 
"
"2016-11-21 14:06:23ID: BC  Data: 00 00 00 AA 00 00 00 00 
"
"2016-11-21 14:06:23ID: BB  Data: 00 00 00 AA 00 00 00 00 
"
"2016-11-21 14:06:23ID: BC  Data: 00 00 00 AA 00 00 00 00 
"
"2016-11-21 14:06:24ID: BB  Data: 00 00 00 AA 00 00 00 00 
"
"2016-11-21 14:06:24ID: BC  Data: 00 00 00 AA 00 00 00 00 
"
"2016-11-21 14:06:24ID: BB  Data: 00 00 00 AA 00 00 00 00 
"
"2016-11-21 14:06:24ID: BC  Data: 00 00 00 AA 00 00 00 00 
"
"2016-11-21 14:06:24ID: BB  Data: 00 00 00 AA 00 00 00 00 
"
"2016-11-21 14:06:24ID: BC  Data: 00 00 00 AA 00 00 00 00 
"
"2016-11-21 14:06:24ID: BB  Data: 00 00 00 AA 00 00 00 00 
"
"2016-11-21 14:06:24ID: BC  Data: 00 00 00 AA 00 00 00 00 
"
"2016-11-21 14:06:24ID: BB  Data: 00 00 00 AA 00 00 00 00 
"
"2016-11-21 14:06:24ID: BC  Data: 00 00 00 AA 00 00 00 00 
"
"2016-11-21 14:06:24ID: BB  Data: 00 00 00 AA 00 00 00 00 
"
"2016-11-21 14:06:24ID: BC  Data: 00 00 00 AA 00 00 00 00 
"
"2016-11-21 14:06:24ID: BB  Data: 00 00 00 AA 00 00 00 00 
"
"2016-11-21 14:06:24ID: BC  Data: 00 00 00 AA 00 00 00 00 
"
"2016-11-21 14:06:24ID: BB  Data: 00 00 00 AA 00 00 00 00 
"
"2016-11-21 14:06:24ID: BC  Data: 00 00 00 AA 00 00 00 00 
"
"2016-11-21 14:06:24ID: BB  Data: 00 00 00 AA 00 00 00 00 
"
"2016-11-21 14:06:24ID: BC  Data: 00 00 00 AA 00 00 00 00 
"
"2016-11-21 14:06:24ID: BB  Data: 00 00 00 AA 00 00 00 00 
"
"2016-11-21 14:06:24ID: BC  Data: 00 00 00 AA 00 00 00 00 
"
"2016-11-21 14:06:24ID: BB  Data: 00 00 00 AA 00 00 00 00 
"
"2016-11-21 14:06:24ID: BC  Data: 00 00 00 AA 00 00 00 00 
"
"2016-11-21 14:06:25ID: BB  Data: 00 00 00 AA 00 00 00 00 
"
"2016-11-21 14:06:25ID: BC  Data: 00 00 00 AA 00 00 00 00 
"
"2016-11-21 14:06:25ID: BB  Data: 00 00 00 AA 00 00 00 00 
"
"2016-11-21 14:06:25ID: BC  Data: 00 00 00 AA 00 00 00 00 
"
"2016-11-21 14:06:25ID: BB  Data: 00 00 00 AA 00 00 00 00 
"
"2016-11-21 14:06:25ID: BC  Data: 00 00 00 AA 00 00 00 00 
"
"2016-11-21 14:06:25ID: BB  Data: 00 00 00 AA 00 00 00 00 
"
"2016-11-21 14:06:25ID: BC  Data: 00 00 00 AA 00 00 00 00 
"
"2016-11-21 14:06:25ID: BB  Data: 00 00 00 AA 00 00 00 00 
"
"2016-11-21 14:06:25ID: BC  Data: 00 00 00 AA 00 00 00 00 
"
"2016-11-21 14:06:25ID: BB  Data: 00 00 00 AA 00 00 00 00 
"
"2016-11-21 14:06:25ID: BC  Data: 00 00 00 AA 00 00 00 00 
"
"2016-11-21 14:06:25ID: BB  Data: 00 00 00 AA 00 00 00 00 
"
"2016-11-21 14:06:25ID: BC  Data: 00 00 00 AA 00 00 00 00 
"
"2016-11-21 14:06:25ID: BB  Data: 00 00 00 AA 00 00 00 00 
"
"2016-11-21 14:06:25ID: BC  Data: 00 00 00 AA 00 00 00 00 
"
"2016-11-21 14:06:25ID: BB  Data: 00 00 00 AA 00 00 00 00 
"
"2016-11-21 14:06:25ID: BC  Data: 00 00 00 AA 00 00 00 00 
"
"2016-11-21 14:06:25ID: BB  Data: 00 00 00 AA 00 00 00 00 
"
"2016-11-21 14:06:25ID: BC  Data: 00 00 00 AA 00 00 00 00 
"
"2016-11-21 14:06:25ID: BB  Data: 00 00 00 AA 00 00 00 00 
"
"2016-11-21 14:06:25ID: BC  Data: 00 00 00 AA 00 00 00 00 
"
"2016-11-21 14:06:25ID: BB  Data: 00 00 00 AA 00 00 00 00 
"
"2016-11-21 14:06:26ID: BC  Data: 00 00 00 AA 00 00 00 00 
"
"2016-11-21 14:06:26ID: BB  Data: 00 00 00 AA 00 00 00 00 
"
"2016-11-21 14:06:26ID: BC  Data: 00 00 00 AA 00 00 00 00 
"
"2016-11-21 14:06:26ID: BB  Data: 00 00 00 AA 00 00 00 00 
"
"2016-11-21 14:06:26ID: BC  Data: 00 00 00 AA 00 00 00 00 
"
"2016-11-21 14:06:26ID: BB  Data: 00 00 00 AA 00 00 00 00 
"
"2016-11-21 14:06:26ID: BC  Data: 00 00 00 AA 00 00 00 00 
"
"2016-11-21 14:06:26ID: BB  Data: 00 00 00 AA 00 00 00 00 
"
"2016-11-21 14:06:26ID: BC  Data: 00 00 00 AA 00 00 00 00 
"
"2016-11-21 14:06:26ID: BB  Data: 00 00 00 AA 00 00 00 00 
"
"2016-11-21 14:06:26ID: BC  Data: 00 00 00 AA 00 00 00 00 
"
"2016-11-21 14:06:26ID: BB  Data: 00 00 00 AA 00 00 00 00 
"
"2016-11-21 14:06:26ID: BC  Data: 00 00 00 AA 00 00 00 00 
"
"2016-11-21 14:06:26ID: BB  Data: 00 00 00 AA 00 00 00 00 
"
"2016-11-21 14:06:26ID: BC  Data: 00 00 00 AA 00 00 00 00 
"
"2016-11-21 14:06:26ID: BB  Data: 00 00 00 AA 00 00 00 00 
"
"2016-11-21 14:06:26ID: BC  Data: 00 00 00 AA 00 00 00 00 
"
"2016-11-21 14:06:26ID: BB  Data: 00 00 00 AA 00 00 00 00 
"
"2016-11-21 14:06:26ID: BC  Data: 00 00 00 AA 00 00 00 00 
"
"2016-11-21 14:06:26ID: BB  Data: 00 00 00 AA 00 00 00 00 
"
"2016-11-21 14:06:26ID: BC  Data: 00 00 00 AA 00 00 00 00 
"
"2016-11-21 14:06:26ID: BB  Data: 00 00 00 AA 00 00 00 00 
"
"2016-11-21 14:06:26ID: BC  Data: 00 00 00 AA 00 00 00 00 
"
"2016-11-21 14:06:27ID: BB  Data: 00 00 00 AA 00 00 00 00 
"
"2016-11-21 14:06:27ID: BC  Data: 00 00 00 AA 00 00 00 00 
"
"2016-11-21 14:06:27ID: BB  Data: 00 00 00 AA 00 00 00 00 
"
"2016-11-21 14:06:27ID: BC  Data: 00 00 00 AA 00 00 00 00 
"
"2016-11-21 14:06:27ID: BB  Data: 00 00 00 AA 00 00 00 00 
"
"2016-11-21 14:06:27ID: BC  Data: 00 00 00 AA 00 00 00 00 
"
"2016-11-21 14:06:27ID: BB  Data: 00 00 00 AA 00 00 00 00 
"
"2016-11-21 14:06:27ID: BC  Data: 00 00 00 AA 00 00 00 00 
"
"2016-11-21 14:06:27ID: BB  Data: 00 00 00 AA 00 00 00 00 
"
"2016-11-21 14:06:27ID: BC  Data: 00 00 00 AA 00 00 00 00 
"
"2016-11-21 14:06:27ID: BB  Data: 00 00 00 AA 00 00 00 00 
"
"2016-11-21 14:06:27ID: BC  Data: 00 00 00 AA 00 00 00 00 
"
"2016-11-21 14:06:27ID: BB  Data: 00 00 00 AA 00 00 00 00 
"
"2016-11-21 14:06:27ID: BC  Data: 00 00 00 AA 00 00 00 00 
"
"2016-11-21 14:06:27ID: BB  Data: 00 00 00 AA 00 00 00 00 
"
"2016-11-21 14:06:27ID: BC  Data: 00 00 00 AA 00 00 00 00 
"
"2016-11-21 14:06:27ID: BB  Data: 00 00 00 AA 00 00 00 00 
"
"2016-11-21 14:06:27ID: BC  Data: 00 00 00 AA 00 00 00 00 
"
"2016-11-21 14:06:27ID: BB  Data: 00 00 00 AA 00 00 00 00 
"
"2016-11-21 14:06:27ID: BC  Data: 00 00 00 AA 00 00 00 00 
"
"2016-11-21 14:06:27ID: BB  Data: 00 00 00 AA 00 00 00 00 
"
"2016-11-21 14:06:27ID: BC  Data: 00 00 00 AA 00 00 00 00 
"
"2016-11-21 14:06:28ID: BB  Data: 00 00 00 AA 00 00 00 00 
"
"2016-11-21 14:06:28ID: BC  Data: 00 00 00 AA 00 00 00 00 
"
"2016-11-21 14:06:28ID: BB  Data: 00 00 00 AA 00 00 00 00 
"
"2016-11-21 14:06:28ID: BC  Data: 00 00 00 AA 00 00 00 00 
"
"2016-11-21 14:06:28ID: BB  Data: 00 00 00 AA 00 00 00 00 
"
"2016-11-21 14:06:28ID: BC  Data: 00 00 00 AA 00 00 00 00 
"
"2016-11-21 14:06:28ID: BB  Data: 00 00 00 AA 00 00 00 00 
"
"2016-11-21 14:06:28ID: BC  Data: 00 00 00 AA 00 00 00 00 
"
"2016-11-21 14:06:28ID: BB  Data: 00 00 00 AA 00 00 00 00 
"
"2016-11-21 14:06:28ID: BC  Data: 00 00 00 AA 00 00 00 00 
"
"2016-11-21 14:06:28ID: BB  Data: 00 00 00 AA 00 00 00 00 
"
"2016-11-21 14:06:28ID: BC  Data: 00 00 00 AA 00 00 00 00 
"
"2016-11-21 14:06:28ID: BB  Data: 00 00 00 AA 00 00 00 00 
"
"2016-11-21 14:06:28ID: BC  Data: 00 00 00 AA 00 00 00 00 
"
"2016-11-21 14:06:28ID: BB  Data: 00 00 00 AA 00 00 00 00 
"
"2016-11-21 14:06:28ID: BC  Data: 00 00 00 AA 00 00 00 00 
"
"2016-11-21 14:06:28ID: BB  Data: 00 00 00 AA 00 00 00 00 
"
"2016-11-21 14:06:28ID: BC  Data: 00 00 00 AA 00 00 00 00 
"
"2016-11-21 14:06:28ID: BB  Data: 00 00 00 AA 00 00 00 00 
"
"2016-11-21 14:06:28ID: BC  Data: 00 00 00 AA 00 00 00 00 
"
"2016-11-21 14:06:28ID: BB  Data: 00 00 00 AA 00 00 00 00 
"
"2016-11-21 14:06:28ID: BC  Data: 00 00 00 AA 00 00 00 00 
"
"2016-11-21 14:06:28ID: BB  Data: 00 00 00 AA 00 00 00 00 
"
"2016-11-21 14:06:28ID: BC  Data: 00 00 00 AA 00 00 00 00 
"
"2016-11-21 14:06:29ID: BB  Data: 00 00 00 AA 00 00 00 00 
"
"2016-11-21 14:06:29ID: BC  Data: 00 00 00 AA 00 00 00 00 
"
"2016-11-21 14:06:29ID: BB  Data: 00 00 00 AA 00 00 00 00 
"
"2016-11-21 14:06:29ID: BC  Data: 00 00 00 AA 00 00 00 00 
"
"2016-11-21 14:06:29ID: BB  Data: 00 00 00 AA 00 00 00 00 
"
"2016-11-21 14:06:29ID: BC  Data: 00 00 00 AA 00 00 00 00 
"
"2016-11-21 14:06:29ID: BB  Data: 00 00 00 AA 00 00 00 00 
"
"2016-11-21 14:06:29ID: BC  Data: 00 00 00 AA 00 00 00 00 
"
"2016-11-21 14:06:29ID: BB  Data: 00 00 00 AA 00 00 00 00 
"
"2016-11-21 14:06:29ID: BC  Data: 00 00 00 AA 00 00 00 00 
"
"2016-11-21 14:06:29ID: BB  Data: 00 00 00 AA 00 00 00 00 
"
"2016-11-21 14:06:29ID: BC  Data: 00 00 00 AA 00 00 00 00 
"
"2016-11-21 14:06:29ID: BB  Data: 00 00 00 AA 00 00 00 00 
"
"2016-11-21 14:06:29ID: BC  Data: 00 00 00 AA 00 00 00 00 
"
"2016-11-21 14:06:29ID: BB  Data: 00 00 00 AA 00 00 00 00 
"
"2016-11-21 14:06:29ID: BC  Data: 00 00 00 AA 00 00 00 00 
"
"2016-11-21 14:06:29ID: BB  Data: 00 00 00 AA 00 00 00 00 
"
"2016-11-21 14:06:29ID: BC  Data: 00 00 00 AA 00 00 00 00 
"
"2016-11-21 14:06:29ID: BB  Data: 00 00 00 AA 00 00 00 00 
"
"2016-11-21 14:06:29ID: BC  Data: 00 00 00 AA 00 00 00 00 
"
"2016-11-21 14:06:29ID: BB  Data: 00 00 00 AA 00 00 00 00 
"
"2016-11-21 14:06:29ID: BC  Data: 00 00 00 AA 00 00 00 00 
"
"2016-11-21 14:06:30ID: BB  Data: 00 00 00 AA 00 00 00 00 
"
"2016-11-21 14:06:30ID: BC  Data: 00 00 00 AA 00 00 00 00 
"
"2016-11-21 14:06:30ID: BB  Data: 00 00 00 AA 00 00 00 00 
"
"2016-11-21 14:06:30ID: BC  Data: 00 00 00 AA 00 00 00 00 
"
"2016-11-21 14:06:30ID: BB  Data: 00 00 00 AA 00 00 00 00 
"
"2016-11-21 14:06:30ID: BC  Data: 00 00 00 AA 00 00 00 00 
"
"2016-11-21 14:06:30ID: BB  Data: 00 00 00 AA 00 00 00 00 
"
"2016-11-21 14:06:30ID: BC  Data: 00 00 00 AA 00 00 00 00 
"
"2016-11-21 14:06:30ID: BB  Data: 00 00 00 AA 00 00 00 00 
"
"2016-11-21 14:06:30ID: BC  Data: 00 00 00 AA 00 00 00 00 
"
"2016-11-21 14:06:30ID: BB  Data: 00 00 00 AA 00 00 00 00 
"
"2016-11-21 14:06:30ID: BC  Data: 00 00 00 AA 00 00 00 00 
"
"2016-11-21 14:06:30ID: BB  Data: 00 00 00 AA 00 00 00 00 
"
"2016-11-21 14:06:30ID: BC  Data: 00 00 00 AA 00 00 00 00 
"
"2016-11-21 14:06:30ID: BB  Data: 00 00 00 AA 00 00 00 00 
"
"2016-11-21 14:06:30ID: BC  Data: 00 00 00 AA 00 00 00 00 
"
"2016-11-21 14:06:30ID: BB  Data: 00 00 00 AA 00 00 00 00 
"
"2016-11-21 14:06:30ID: BC  Data: 00 00 00 AA 00 00 00 00 
"
"2016-11-21 14:06:30ID: BB  Data: 00 00 00 AA 00 00 00 00 
"
"2016-11-21 14:06:30ID: BC  Data: 00 00 00 AA 00 00 00 00 
"
"2016-11-21 14:06:30ID: BB  Data: 00 00 00 AA 00 00 00 00 
"
"2016-11-21 14:06:30ID: BC  Data: 00 00 00 AA 00 00 00 00 
"
"2016-11-21 14:06:31ID: BB  Data: 00 00 00 AA 00 00 00 00 
"
"2016-11-21 14:06:31ID: BC  Data: 00 00 00 AA 00 00 00 00 
"
"2016-11-21 14:06:31ID: BB  Data: 00 00 00 AA 00 00 00 00 
"
"2016-11-21 14:06:31ID: BC  Data: 00 00 00 AA 00 00 00 00 
"
"2016-11-21 14:06:31ID: BB  Data: 00 00 00 AA 00 00 00 00 
"
"2016-11-21 14:06:31ID: BC  Data: 00 00 00 AA 00 00 00 00 
"
"2016-11-21 14:06:31ID: BB  Data: 00 00 00 AA 00 00 00 00 
"
"2016-11-21 14:06:31ID: BC  Data: 00 00 00 AA 00 00 00 00 
"
"2016-11-21 14:06:31ID: BB  Data: 00 00 00 AA 00 00 00 00 
"
"2016-11-21 14:06:31ID: BC  Data: 00 00 00 AA 00 00 00 00 
"
"2016-11-21 14:06:31ID: BB  Data: 00 00 00 AA 00 00 00 00 
"
"2016-11-21 14:06:31ID: BC  Data: 00 00 00 AA 00 00 00 00 
"
"2016-11-21 14:06:31ID: BB  Data: 00 00 00 AA 00 00 00 00 
"
"2016-11-21 14:06:31ID: BC  Data: 00 00 00 AA 00 00 00 00 
"
"2016-11-21 14:06:31ID: BB  Data: 00 00 00 AA 00 00 00 00 
"
"2016-11-21 14:06:31ID: BC  Data: 00 00 00 AA 00 00 00 00 
"
"2016-11-21 14:06:31ID: BB  Data: 00 00 00 AA 00 00 00 00 
"
"2016-11-21 14:06:31ID: BC  Data: 00 00 00 AA 00 00 00 00 
"
"2016-11-21 14:06:31ID: BB  Data: 00 00 00 AA 00 00 00 00 
"
"2016-11-21 14:06:31ID: BC  Data: 00 00 00 AA 00 00 00 00 
"
"2016-11-21 14:06:31ID: BB  Data: 00 00 00 AA 00 00 00 00 
"
"2016-11-21 14:06:31ID: BC  Data: 00 00 00 AA 00 00 00 00 
"
"2016-11-21 14:06:31ID: BB  Data: 00 00 00 AA 00 00 00 00 
"
"2016-11-21 14:06:31ID: BC  Data: 00 00 00 AA 00 00 00 00 
"
"2016-11-21 14:06:32ID: BB  Data: 00 00 00 AA 00 00 00 00 
"
"2016-11-21 14:06:32ID: BC  Data: 00 00 00 AA 00 00 00 00 
"
"2016-11-21 14:06:32ID: BB  Data: 00 00 00 AA 00 00 00 00 
"
"2016-11-21 14:06:32ID: BC  Data: 00 00 00 AA 00 00 00 00 
"
"2016-11-21 14:06:32ID: BB  Data: 00 00 00 AA 00 00 00 00 
"
"2016-11-21 14:06:32ID: BC  Data: 00 00 00 AA 00 00 00 00 
"
"2016-11-21 14:06:32ID: BB  Data: 00 00 00 AA 00 00 00 00 
"
"2016-11-21 14:06:32ID: BC  Data: 00 00 00 AA 00 00 00 00 
"
"2016-11-21 14:06:32ID: BB  Data: 00 00 00 AA 00 00 00 00 
"
"2016-11-21 14:06:32ID: BC  Data: 00 00 00 AA 00 00 00 00 
"
"2016-11-21 14:06:32ID: BB  Data: 00 00 00 AA 00 00 00 00 
"
"2016-11-21 14:06:32ID: BC  Data: 00 00 00 AA 00 00 00 00 
"
"2016-11-21 14:06:32ID: BB  Data: 00 00 00 AA 00 00 00 00 
"
"2016-11-21 14:06:32ID: BC  Data: 00 00 00 AA 00 00 00 00 
"
"2016-11-21 14:06:32ID: BB  Data: 00 00 00 AA 00 00 00 00 
"
"2016-11-21 14:06:32ID: BC  Data: 00 00 00 AA 00 00 00 00 
"
"2016-11-21 14:06:32ID: BB  Data: 00 00 00 AA 00 00 00 00 
"
"2016-11-21 14:06:32ID: BC  Data: 00 00 00 AA 00 00 00 00 
"
"2016-11-21 14:06:32ID: BB  Data: 00 00 00 AA 00 00 00 00 
"
"2016-11-21 14:06:32ID: BC  Data: 00 00 00 AA 00 00 00 00 
"
"2016-11-21 14:06:32ID: BB  Data: 00 00 00 AA 00 00 00 00 
"
"2016-11-21 14:06:32ID: BC  Data: 00 00 00 AA 00 00 00 00 
"
"2016-11-21 14:06:33ID: BB  Data: 00 00 00 AA 00 00 00 00 
"
"2016-11-21 14:06:33ID: BC  Data: 00 00 00 AA 00 00 00 00 
"
"2016-11-21 14:06:33ID: BB  Data: 00 00 00 AA 00 00 00 00 
"
"2016-11-21 14:06:33ID: BC  Data: 00 00 00 AA 00 00 00 00 
"
"2016-11-21 14:06:33ID: BB  Data: 00 00 00 AA 00 00 00 00 
"
"2016-11-21 14:06:33ID: BC  Data: 00 00 00 AA 00 00 00 00 
"
"2016-11-21 14:06:33ID: BB  Data: 00 00 00 AA 00 00 00 00 
"
"2016-11-21 14:06:33ID: BC  Data: 00 00 00 AA 00 00 00 00 
"
"2016-11-21 14:06:33ID: BB  Data: 00 00 00 AA 00 00 00 00 
"
"2016-11-21 14:06:33ID: BC  Data: 00 00 00 AA 00 00 00 00 
"
"2016-11-21 14:06:33ID: BB  Data: 00 00 00 AA 00 00 00 00 
"
"2016-11-21 14:06:33ID: BC  Data: 00 00 00 AA 00 00 00 00 
"
"2016-11-21 14:06:33ID: BB  Data: 00 00 00 AA 00 00 00 00 
"
"2016-11-21 14:06:33ID: BC  Data: 00 00 00 AA 00 00 00 00 
"
"2016-11-21 14:06:33ID: BB  Data: 00 00 00 AA 00 00 00 00 
"
"2016-11-21 14:06:33ID: BC  Data: 00 00 00 AA 00 00 00 00 
"
"2016-11-21 14:06:33ID: BB  Data: 00 00 00 AA 00 00 00 00 
"
"2016-11-21 14:06:33ID: BC  Data: 00 00 00 AA 00 00 00 00 
"
"2016-11-21 14:06:33ID: BB  Data: 00 00 00 AA 00 00 00 00 
"
"2016-11-21 14:06:33ID: BC  Data: 00 00 00 AA 00 00 00 00 
"
"2016-11-21 14:06:33ID: BB  Data: 00 00 00 AA 00 00 00 00 
"
"2016-11-21 14:06:33ID: BC  Data: 00 00 00 AA 00 00 00 00 
"
"2016-11-21 14:06:33ID: BB  Data: 00 00 00 AA 00 00 00 00 
"
"2016-11-21 14:06:34ID: BC  Data: 00 00 00 AA 00 00 00 00 
"
"2016-11-21 14:06:34ID: BB  Data: 00 00 00 AA 00 00 00 00 
"
"2016-11-21 14:06:34ID: BC  Data: 00 00 00 AA 00 00 00 00 
"
"2016-11-21 14:06:34ID: BB  Data: 00 00 00 AA 00 00 00 00 
"
"2016-11-21 14:06:34ID: BC  Data: 00 00 00 AA 00 00 00 00 
"
"2016-11-21 14:06:34ID: BB  Data: 00 00 00 AA 00 00 00 00 
"
"2016-11-21 14:06:34ID: BC  Data: 00 00 00 AA 00 00 00 00 
"
"2016-11-21 14:06:34ID: BB  Data: 00 00 00 AA 00 00 00 00 
"
"2016-11-21 14:06:34ID: BC  Data: 00 00 00 AA 00 00 00 00 
"
"2016-11-21 14:06:34ID: BB  Data: 00 00 00 AA 00 00 00 00 
"
"2016-11-21 14:06:34ID: BC  Data: 00 00 00 AA 00 00 00 00 
"
"2016-11-21 14:06:34ID: BB  Data: 00 00 00 AA 00 00 00 00 
"
"2016-11-21 14:06:34ID: BC  Data: 00 00 00 AA 00 00 00 00 
"
"2016-11-21 14:06:34ID: BB  Data: 00 00 00 AA 00 00 00 00 
"
"2016-11-21 14:06:34ID: BC  Data: 00 00 00 AA 00 00 00 00 
"
"2016-11-21 14:06:34ID: BB  Data: 00 00 00 AA 00 00 00 00 
"
"2016-11-21 14:06:34ID: BC  Data: 00 00 00 AA 00 00 00 00 
"
"2016-11-21 14:06:34ID: BB  Data: 00 00 00 AA 00 00 00 00 
"
"2016-11-21 14:06:34ID: BC  Data: 00 00 00 AA 00 00 00 00 
"
"2016-11-21 14:06:34ID: BB  Data: 00 00 00 AA 00 00 00 00 
"
"2016-11-21 14:06:34ID: BC  Data: 00 00 00 AA 00 00 00 00 
"
"2016-11-21 14:06:34ID: BB  Data: 00 00 00 AA 00 00 00 00 
"
"2016-11-21 14:06:34ID: BC  Data: 00 00 00 AA 00 00 00 00 
"
"2016-11-21 14:06:35ID: BB  Data: 00 00 00 AA 00 00 00 00 
"
"2016-11-21 14:06:35ID: BC  Data: 00 00 00 AA 00 00 00 00 
"
"2016-11-21 14:06:35ID: BB  Data: 00 00 00 AA 00 00 00 00 
"
"2016-11-21 14:06:35ID: BC  Data: 00 00 00 AA 00 00 00 00 
"
"2016-11-21 14:06:35ID: BB  Data: 00 00 00 AA 00 00 00 00 
"
"2016-11-21 14:06:35ID: BC  Data: 00 00 00 AA 00 00 00 00 
"
"2016-11-21 14:06:35ID: BB  Data: 00 00 00 AA 00 00 00 00 
"
"2016-11-21 14:06:35ID: BC  Data: 00 00 00 AA 00 00 00 00 
"
"2016-11-21 14:06:35ID: BB  Data: 00 00 00 AA 00 00 00 00 
"
"2016-11-21 14:06:35ID: BC  Data: 00 00 00 AA 00 00 00 00 
"
"2016-11-21 14:06:35ID: BB  Data: 00 00 00 AA 00 00 00 00 
"
"2016-11-21 14:06:35ID: BC  Data: 00 00 00 AA 00 00 00 00 
"
"2016-11-21 14:06:35ID: BB  Data: 00 00 00 AA 00 00 00 00 
"
"2016-11-21 14:06:35ID: BC  Data: 00 00 00 AA 00 00 00 00 
"
"2016-11-21 14:06:35ID: BB  Data: 00 00 00 AA 00 00 00 00 
"
"2016-11-21 14:06:35ID: BC  Data: 00 00 00 AA 00 00 00 00 
"
"2016-11-21 14:06:35ID: BB  Data: 00 00 00 AA 00 00 00 00 
"
"2016-11-21 14:06:35ID: BC  Data: 00 00 00 AA 00 00 00 00 
"
"2016-11-21 14:06:35ID: BB  Data: 00 00 00 AA 00 00 00 00 
"
"2016-11-21 14:06:35ID: BC  Data: 00 00 00 AA 00 00 00 00 
"
"2016-11-21 14:06:35ID: BB  Data: 00 00 00 AA 00 00 00 00 
"
"2016-11-21 14:06:35ID: BC  Data: 00 00 00 AA 00 00 00 00 
"
"2016-11-21 14:06:36ID: BB  Data: 00 00 00 AA 00 00 00 00 
"
"2016-11-21 14:06:36ID: BC  Data: 00 00 00 AA 00 00 00 00 
"
"2016-11-21 14:06:36ID: BB  Data: 00 00 00 AA 00 00 00 00 
"
"2016-11-21 14:06:36ID: BC  Data: 00 00 00 AA 00 00 00 00 
"
"2016-11-21 14:06:36ID: BB  Data: 00 00 00 AA 00 00 00 00 
"
"2016-11-21 14:06:36ID: BC  Data: 00 00 00 AA 00 00 00 00 
"
"2016-11-21 14:06:36ID: BB  Data: 00 00 00 AA 00 00 00 00 
"
"2016-11-21 14:06:36ID: BC  Data: 00 00 00 AA 00 00 00 00 
"
"2016-11-21 14:06:36ID: BB  Data: 00 00 00 AA 00 00 00 00 
"
"2016-11-21 14:06:36ID: BC  Data: 00 00 00 AA 00 00 00 00 
"
"2016-11-21 14:06:36ID: BB  Data: 00 00 00 AA 00 00 00 00 
"
"2016-11-21 14:06:36ID: BC  Data: 00 00 00 AA 00 00 00 00 
"
"2016-11-21 14:06:36ID: BB  Data: 00 00 00 AA 00 00 00 00 
"
"2016-11-21 14:06:36ID: BC  Data: 00 00 00 AA 00 00 00 00 
"
"2016-11-21 14:06:36ID: BB  Data: 00 00 00 AA 00 00 00 00 
"
"2016-11-21 14:06:36ID: BC  Data: 00 00 00 AA 00 00 00 00 
"
"2016-11-21 14:06:36ID: BB  Data: 00 00 00 AA 00 00 00 00 
"
"2016-11-21 14:06:36ID: BC  Data: 00 00 00 AA 00 00 00 00 
"
"2016-11-21 14:06:36ID: BB  Data: 00 00 00 AA 00 00 00 00 
"
"2016-11-21 14:06:36ID: BC  Data: 00 00 00 AA 00 00 00 00 
"
"2016-11-21 14:06:36ID: BB  Data: 00 00 00 AA 00 00 00 00 
"
"2016-11-21 14:06:36ID: BC  Data: 00 00 00 AA 00 00 00 00 
"
"2016-11-21 14:06:36ID: BB  Data: 00 00 00 AA 00 00 00 00 
"
"2016-11-21 14:06:36ID: BC  Data: 00 00 00 AA 00 00 00 00 
"
"2016-11-21 14:06:37ID: BB  Data: 00 00 00 AA 00 00 00 00 
"
"2016-11-21 14:06:37ID: BC  Data: 00 00 00 AA 00 00 00 00 
"
"2016-11-21 14:06:37ID: BB  Data: 00 00 00 AA 00 00 00 00 
"
"2016-11-21 14:06:37ID: BC  Data: 00 00 00 AA 00 00 00 00 
"
"2016-11-21 14:06:37ID: BB  Data: 00 00 00 AA 00 00 00 00 
"
"2016-11-21 14:06:37ID: BC  Data: 00 00 00 AA 00 00 00 00 
"
"2016-11-21 14:06:37ID: BB  Data: 00 00 00 AA 00 00 00 00 
"
"2016-11-21 14:06:37ID: BC  Data: 00 00 00 AA 00 00 00 00 
"
"2016-11-21 14:06:37ID: BB  Data: 00 00 00 AA 00 00 00 00 
"
"2016-11-21 14:06:37ID: BC  Data: 00 00 00 AA 00 00 00 00 
"
"2016-11-21 14:06:37ID: BB  Data: 00 00 00 AA 00 00 00 00 
"
"2016-11-21 14:06:37ID: BC  Data: 00 00 00 AA 00 00 00 00 
"
"2016-11-21 14:06:37ID: BB  Data: 00 00 00 AA 00 00 00 00 
"
"2016-11-21 14:06:37ID: BC  Data: 00 00 00 AA 00 00 00 00 
"
"2016-11-21 14:06:37ID: BB  Data: 00 00 00 AA 00 00 00 00 
"
"2016-11-21 14:06:37ID: BC  Data: 00 00 00 AA 00 00 00 00 
"
"2016-11-21 14:06:37ID: BB  Data: 00 00 00 AA 00 00 00 00 
"
"2016-11-21 14:06:37ID: BC  Data: 00 00 00 AA 00 00 00 00 
"
"2016-11-21 14:06:37ID: BB  Data: 00 00 00 AA 00 00 00 00 
"
"2016-11-21 14:06:37ID: BC  Data: 00 00 00 AA 00 00 00 00 
"
"2016-11-21 14:06:37ID: BB  Data: 00 00 00 AA 00 00 00 00 
"
"2016-11-21 14:06:37ID: BC  Data: 00 00 00 AA 00 00 00 00 
"
"2016-11-21 14:06:38ID: BB  Data: 00 00 00 AA 00 00 00 00 
"
"2016-11-21 14:06:38ID: BC  Data: 00 00 00 AA 00 00 00 00 
"
"2016-11-21 14:06:38ID: BB  Data: 00 00 00 AA 00 00 00 00 
"
"2016-11-21 14:06:38ID: BC  Data: 00 00 00 AA 00 00 00 00 
"
"2016-11-21 14:06:38ID: BB  Data: 00 00 00 AA 00 00 00 00 
"
"2016-11-21 14:06:38ID: BC  Data: 00 00 00 AA 00 00 00 00 
"
"2016-11-21 14:06:38ID: BB  Data: 00 00 00 AA 00 00 00 00 
"
"2016-11-21 14:06:38ID: BC  Data: 00 00 00 AA 00 00 00 00 
"
"2016-11-21 14:06:38ID: BB  Data: 00 00 00 AA 00 00 00 00 
"
"2016-11-21 14:06:38ID: BC  Data: 00 00 00 AA 00 00 00 00 
"
"2016-11-21 14:06:38ID: BB  Data: 00 00 00 AA 00 00 00 00 
"
"2016-11-21 14:06:38ID: BC  Data: 00 00 00 AA 00 00 00 00 
"
"2016-11-21 14:06:38ID: BB  Data: 00 00 00 AA 00 00 00 00 
"
"2016-11-21 14:06:38ID: BC  Data: 00 00 00 AA 00 00 00 00 
"
"2016-11-21 14:06:38ID: BB  Data: 00 00 00 AA 00 00 00 00 
"
"2016-11-21 14:06:38ID: BC  Data: 00 00 00 AA 00 00 00 00 
"
"2016-11-21 14:06:38ID: BB  Data: 00 00 00 AA 00 00 00 00 
"
"2016-11-21 14:06:38ID: BC  Data: 00 00 00 AA 00 00 00 00 
"
"2016-11-21 14:06:38ID: BB  Data: 00 00 00 AA 00 00 00 00 
"
"2016-11-21 14:06:38ID: BC  Data: 00 00 00 AA 00 00 00 00 
"
"2016-11-21 14:06:38ID: BB  Data: 00 00 00 AA 00 00 00 00 
"
"2016-11-21 14:06:38ID: BC  Data: 00 00 00 AA 00 00 00 00 
"
"2016-11-21 14:06:39ID: BB  Data: 00 00 00 AA 00 00 00 00 
"
"2016-11-21 14:06:39ID: BC  Data: 00 00 00 AA 00 00 00 00 
"
"2016-11-21 14:06:39ID: BB  Data: 00 00 00 AA 00 00 00 00 
"
"2016-11-21 14:06:39ID: BC  Data: 00 00 00 AA 00 00 00 00 
"
"2016-11-21 14:06:39ID: BB  Data: 00 00 00 AA 00 00 00 00 
"
"2016-11-21 14:06:39ID: BC  Data: 00 00 00 AA 00 00 00 00 
"
"2016-11-21 14:06:39ID: BB  Data: 00 00 00 AA 00 00 00 00 
"
"2016-11-21 14:06:39ID: BC  Data: 00 00 00 AA 00 00 00 00 
"
"2016-11-21 14:06:39ID: BB  Data: 00 00 00 AA 00 00 00 00 
"
"2016-11-21 14:06:39ID: BC  Data: 00 00 00 AA 00 00 00 00 
"
"2016-11-21 14:06:39ID: BB  Data: 00 00 00 AA 00 00 00 00 
"
"2016-11-21 14:06:39ID: BC  Data: 00 00 00 AA 00 00 00 00 
"
"2016-11-21 14:06:39ID: BB  Data: 00 00 00 AA 00 00 00 00 
"
"2016-11-21 14:06:39ID: BC  Data: 00 00 00 AA 00 00 00 00 
"
"2016-11-21 14:06:39ID: BB  Data: 00 00 00 AA 00 00 00 00 
"
"2016-11-21 14:06:39ID: BC  Data: 00 00 00 AA 00 00 00 00 
"
"2016-11-21 14:06:39ID: BB  Data: 00 00 00 AA 00 00 00 00 
"
"2016-11-21 14:06:39ID: BC  Data: 00 00 00 AA 00 00 00 00 
"
"2016-11-21 14:06:39ID: BB  Data: 00 00 00 AA 00 00 00 00 
"
"2016-11-21 14:06:39ID: BC  Data: 00 00 00 AA 00 00 00 00 
"
"2016-11-21 14:06:39ID: BB  Data: 00 00 00 AA 00 00 00 00 
"
"2016-11-21 14:06:39ID: BC  Data: 00 00 00 AA 00 00 00 00 
"
"2016-11-21 14:06:39ID: BB  Data: 00 00 00 AA 00 00 00 00 
"
"2016-11-21 14:06:39ID: BC  Data: 00 00 00 AA 00 00 00 00 
"
"2016-11-21 14:06:40ID: BB  Data: 00 00 00 AA 00 00 00 00 
"
"2016-11-21 14:06:40ID: BC  Data: 00 00 00 AA 00 00 00 00 
"
"2016-11-21 14:06:40ID: BB  Data: 00 00 00 AA 00 00 00 00 
"
"2016-11-21 14:06:40ID: BC  Data: 00 00 00 AA 00 00 00 00 
"
"2016-11-21 14:06:40ID: BB  Data: 00 00 00 AA 00 00 00 00 
"
"2016-11-21 14:06:40ID: BC  Data: 00 00 00 AA 00 00 00 00 
"
"2016-11-21 14:06:40ID: BB  Data: 00 00 00 AA 00 00 00 00 
"
"2016-11-21 14:06:40ID: BC  Data: 00 00 00 AA 00 00 00 00 
"
"2016-11-21 14:06:40ID: BB  Data: 00 00 00 AA 00 00 00 00 
"
"2016-11-21 14:06:40ID: BC  Data: 00 00 00 AA 00 00 00 00 
"
"2016-11-21 14:06:40ID: BB  Data: 00 00 00 AA 00 00 00 00 
"
"2016-11-21 14:06:40ID: BC  Data: 00 00 00 AA 00 00 00 00 
"
"2016-11-21 14:06:40ID: BB  Data: 00 00 00 AA 00 00 00 00 
"
"2016-11-21 14:06:40ID: BC  Data: 00 00 00 AA 00 00 00 00 
"
"2016-11-21 14:06:40ID: BB  Data: 00 00 00 AA 00 00 00 00 
"
"2016-11-21 14:06:40ID: BC  Data: 00 00 00 AA 00 00 00 00 
"
"2016-11-21 14:06:40ID: BB  Data: 00 00 00 AA 00 00 00 00 
"
"2016-11-21 14:06:40ID: BC  Data: 00 00 00 AA 00 00 00 00 
"
"2016-11-21 14:06:40ID: BB  Data: 00 00 00 AA 00 00 00 00 
"
"2016-11-21 14:06:40ID: BC  Data: 00 00 00 AA 00 00 00 00 
"
"2016-11-21 14:06:40ID: BB  Data: 00 00 00 AA 00 00 00 00 
"
"2016-11-21 14:06:40ID: BC  Data: 00 00 00 AA 00 00 00 00 
"
"2016-11-21 14:06:41ID: BB  Data: 00 00 00 AA 00 00 00 00 
"
"2016-11-21 14:06:41ID: BC  Data: 00 00 00 AA 00 00 00 00 
"
"2016-11-21 14:06:41ID: BB  Data: 00 00 00 AA 00 00 00 00 
"
"2016-11-21 14:06:41ID: BC  Data: 00 00 00 AA 00 00 00 00 
"
"2016-11-21 14:06:41ID: BB  Data: 00 00 00 AA 00 00 00 00 
"
"2016-11-21 14:06:41ID: BC  Data: 00 00 00 AA 00 00 00 00 
"
"2016-11-21 14:06:41ID: BB  Data: 00 00 00 AA 00 00 00 00 
"
"2016-11-21 14:06:41ID: BC  Data: 00 00 00 AA 00 00 00 00 
"
"2016-11-21 14:06:41ID: BB  Data: 00 00 00 AA 00 00 00 00 
"
"2016-11-21 14:06:41ID: BC  Data: 00 00 00 AA 00 00 00 00 
"
"2016-11-21 14:06:41ID: BB  Data: 00 00 00 AA 00 00 00 00 
"
"2016-11-21 14:06:41ID: BC  Data: 00 00 00 AA 00 00 00 00 
"
"2016-11-21 14:06:41ID: BB  Data: 00 00 00 AA 00 00 00 00 
"
"2016-11-21 14:06:41ID: BC  Data: 00 00 00 AA 00 00 00 00 
"
"2016-11-21 14:06:41ID: BB  Data: 00 00 00 AA 00 00 00 00 
"
"2016-11-21 14:06:41ID: BC  Data: 00 00 00 AA 00 00 00 00 
"
"2016-11-21 14:06:41ID: BB  Data: 00 00 00 AA 00 00 00 00 
"
"2016-11-21 14:06:41ID: BC  Data: 00 00 00 AA 00 00 00 00 
"
"2016-11-21 14:06:41ID: BB  Data: 00 00 00 AA 00 00 00 00 
"
"2016-11-21 14:06:41ID: BC  Data: 00 00 00 AA 00 00 00 00 
"
"2016-11-21 14:06:41ID: BB  Data: 00 00 00 AA 00 00 00 00 
"
"2016-11-21 14:06:41ID: BC  Data: 00 00 00 AA 00 00 00 00 
"
"2016-11-21 14:06:41ID: BB  Data: 00 00 00 AA 00 00 00 00 
"
"2016-11-21 14:06:42ID: BC  Data: 00 00 00 AA 00 00 00 00 
"
"2016-11-21 14:06:42ID: BB  Data: 00 00 00 AA 00 00 00 00 
"
"2016-11-21 14:06:42ID: BC  Data: 00 00 00 AA 00 00 00 00 
"
"2016-11-21 14:06:42ID: BB  Data: 00 00 00 AA 00 00 00 00 
"
"2016-11-21 14:06:42ID: BC  Data: 00 00 00 AA 00 00 00 00 
"
"2016-11-21 14:06:42ID: BB  Data: 00 00 00 AA 00 00 00 00 
"
"2016-11-21 14:06:42ID: BC  Data: 00 00 00 AA 00 00 00 00 
"
"2016-11-21 14:06:42ID: BB  Data: 00 00 00 AA 00 00 00 00 
"
"2016-11-21 14:06:42ID: BC  Data: 00 00 00 AA 00 00 00 00 
"
"2016-11-21 14:06:42ID: BB  Data: 00 00 00 AA 00 00 00 00 
"
"2016-11-21 14:06:42ID: BC  Data: 00 00 00 AA 00 00 00 00 
"
"2016-11-21 14:06:42ID: BB  Data: 00 00 00 AA 00 00 00 00 
"
"2016-11-21 14:06:42ID: BC  Data: 00 00 00 AA 00 00 00 00 
"
"2016-11-21 14:06:42ID: BB  Data: 00 00 00 AA 00 00 00 00 
"
"2016-11-21 14:06:42ID: BC  Data: 00 00 00 AA 00 00 00 00 
"
"2016-11-21 14:06:42ID: BB  Data: 00 00 00 AA 00 00 00 00 
"
"2016-11-21 14:06:42ID: BC  Data: 00 00 00 AA 00 00 00 00 
"
"2016-11-21 14:06:42ID: BB  Data: 00 00 00 AA 00 00 00 00 
"
"2016-11-21 14:06:42ID: BC  Data: 00 00 00 AA 00 00 00 00 
"
"2016-11-21 14:06:42ID: BB  Data: 00 00 00 AA 00 00 00 00 
"
"2016-11-21 14:06:42ID: BC  Data: 00 00 00 AA 00 00 00 00 
"
"2016-11-21 14:06:42ID: BB  Data: 00 00 00 AA 00 00 00 00 
"
"2016-11-21 14:06:42ID: BC  Data: 00 00 00 AA 00 00 00 00 
"
"2016-11-21 14:06:43ID: BB  Data: 00 00 00 AA 00 00 00 00 
"
"2016-11-21 14:06:43ID: BC  Data: 00 00 00 AA 00 00 00 00 
"
"2016-11-21 14:06:43ID: BB  Data: 00 00 00 AA 00 00 00 00 
"
"2016-11-21 14:06:43ID: BC  Data: 00 00 00 AA 00 00 00 00 
"
"2016-11-21 14:06:43ID: BB  Data: 00 00 00 AA 00 00 00 00 
"
"2016-11-21 14:06:43ID: BC  Data: 00 00 00 AA 00 00 00 00 
"
"2016-11-21 14:06:43ID: BB  Data: 00 00 00 AA 00 00 00 00 
"
"2016-11-21 14:06:43ID: BC  Data: 00 00 00 AA 00 00 00 00 
"
"2016-11-21 14:06:43ID: BB  Data: 00 00 00 AA 00 00 00 00 
"
"2016-11-21 14:06:43ID: BC  Data: 00 00 00 AA 00 00 00 00 
"
"2016-11-21 14:06:43ID: BB  Data: 00 00 00 AA 00 00 00 00 
"
"2016-11-21 14:06:43ID: BC  Data: 00 00 00 AA 00 00 00 00 
"
"2016-11-21 14:06:43ID: BB  Data: 00 00 00 AA 00 00 00 00 
"
"2016-11-21 14:06:43ID: BC  Data: 00 00 00 AA 00 00 00 00 
"
"2016-11-21 14:06:43ID: BB  Data: 00 00 00 AA 00 00 00 00 
"
"2016-11-21 14:06:43ID: BC  Data: 00 00 00 AA 00 00 00 00 
"
"2016-11-21 14:06:43ID: BB  Data: 00 00 00 AA 00 00 00 00 
"
"2016-11-21 14:06:43ID: BC  Data: 00 00 00 AA 00 00 00 00 
"
"2016-11-21 14:06:43ID: BB  Data: 00 00 00 AA 00 00 00 00 
"
"2016-11-21 14:06:43ID: BC  Data: 00 00 00 AA 00 00 00 00 
"
"2016-11-21 14:06:43ID: BB  Data: 00 00 00 AA 00 00 00 00 
"
"2016-11-21 14:06:43ID: BC  Data: 00 00 00 AA 00 00 00 00 
"
"2016-11-21 14:06:44ID: BB  Data: 00 00 00 AA 00 00 00 00 
"
"2016-11-21 14:06:44ID: BC  Data: 00 00 00 AA 00 00 00 00 
"
"2016-11-21 14:06:44ID: BB  Data: 00 00 00 AA 00 00 00 00 
"
"2016-11-21 14:06:44ID: BC  Data: 00 00 00 AA 00 00 00 00 
"
"2016-11-21 14:06:44ID: BB  Data: 00 00 00 AA 00 00 00 00 
"
"2016-11-21 14:06:44ID: BC  Data: 00 00 00 AA 00 00 00 00 
"
"2016-11-21 14:06:44ID: BB  Data: 00 00 00 AA 00 00 00 00 
"
"2016-11-21 14:06:44ID: BC  Data: 00 00 00 AA 00 00 00 00 
"
"2016-11-21 14:06:44ID: BB  Data: 00 00 00 AA 00 00 00 00 
"
"2016-11-21 14:06:44ID: BC  Data: 00 00 00 AA 00 00 00 00 
"
"2016-11-21 14:06:44ID: BB  Data: 00 00 00 AA 00 00 00 00 
"
"2016-11-21 14:06:44ID: BC  Data: 00 00 00 AA 00 00 00 00 
"
"2016-11-21 14:06:44ID: BB  Data: 00 00 00 AA 00 00 00 00 
"
"2016-11-21 14:06:44ID: BC  Data: 00 00 00 AA 00 00 00 00 
"
"2016-11-21 14:06:44ID: BB  Data: 00 00 00 AA 00 00 00 00 
"
"2016-11-21 14:06:44ID: BC  Data: 00 00 00 AA 00 00 00 00 
"
"2016-11-21 14:06:44ID: BB  Data: 00 00 00 AA 00 00 00 00 
"
"2016-11-21 14:06:44ID: BC  Data: 00 00 00 AA 00 00 00 00 
"
"2016-11-21 14:06:44ID: BB  Data: 00 00 00 AA 00 00 00 00 
"
"2016-11-21 14:06:44ID: BC  Data: 00 00 00 AA 00 00 00 00 
"
"2016-11-21 14:06:44ID: BB  Data: 00 00 00 AA 00 00 00 00 
"
"2016-11-21 14:06:44ID: BC  Data: 00 00 00 AA 00 00 00 00 
"
"2016-11-21 14:06:44ID: BB  Data: 00 00 00 AA 00 00 00 00 
"
"2016-11-21 14:06:44ID: BC  Data: 00 00 00 AA 00 00 00 00 
"
"2016-11-21 14:06:45ID: BB  Data: 00 00 00 AA 00 00 00 00 
"
"2016-11-21 14:06:45ID: BC  Data: 00 00 00 AA 00 00 00 00 
"
"2016-11-21 14:06:45ID: BB  Data: 00 00 00 AA 00 00 00 00 
"
"2016-11-21 14:06:45ID: BC  Data: 00 00 00 AA 00 00 00 00 
"
"2016-11-21 14:06:45ID: BB  Data: 00 00 00 AA 00 00 00 00 
"
"2016-11-21 14:06:45ID: BC  Data: 00 00 00 AA 00 00 00 00 
"
"2016-11-21 14:06:45ID: BB  Data: 00 00 00 AA 00 00 00 00 
"
"2016-11-21 14:06:45ID: BC  Data: 00 00 00 AA 00 00 00 00 
"
"2016-11-21 14:06:45ID: BB  Data: 00 00 00 AA 00 00 00 00 
"
"2016-11-21 14:06:45ID: BC  Data: 00 00 00 AA 00 00 00 00 
"
"2016-11-21 14:06:45ID: BB  Data: 00 00 00 AA 00 00 00 00 
"
"2016-11-21 14:06:45ID: BC  Data: 00 00 00 AA 00 00 00 00 
"
"2016-11-21 14:06:45ID: BB  Data: 00 00 00 AA 00 00 00 00 
"
"2016-11-21 14:06:45ID: BC  Data: 00 00 00 AA 00 00 00 00 
"
"2016-11-21 14:06:45ID: BB  Data: 00 00 00 AA 00 00 00 00 
"
"2016-11-21 14:06:45ID: BC  Data: 00 00 00 AA 00 00 00 00 
"
"2016-11-21 14:06:45ID: BB  Data: 00 00 00 AA 00 00 00 00 
"
"2016-11-21 14:06:45ID: BC  Data: 00 00 00 AA 00 00 00 00 
"
"2016-11-21 14:06:45ID: BB  Data: 00 00 00 AA 00 00 00 00 
"
"2016-11-21 14:06:45ID: BC  Data: 00 00 00 AA 00 00 00 00 
"
"2016-11-21 14:06:45ID: BB  Data: 00 00 00 AA 00 00 00 00 
"
"2016-11-21 14:06:45ID: BC  Data: 00 00 00 AA 00 00 00 00 
"
"2016-11-21 14:06:46ID: BB  Data: 00 00 00 AA 00 00 00 00 
"
"2016-11-21 14:06:46ID: BC  Data: 00 00 00 AA 00 00 00 00 
"
"2016-11-21 14:06:46ID: BB  Data: 00 00 00 AA 00 00 00 00 
"
"2016-11-21 14:06:46ID: BC  Data: 00 00 00 AA 00 00 00 00 
"
"2016-11-21 14:06:46ID: BB  Data: 00 00 00 AA 00 00 00 00 
"
"2016-11-21 14:06:46ID: BC  Data: 00 00 00 AA 00 00 00 00 
"
"2016-11-21 14:06:46ID: BB  Data: 00 00 00 AA 00 00 00 00 
"
"2016-11-21 14:06:46ID: BC  Data: 00 00 00 AA 00 00 00 00 
"
"2016-11-21 14:06:46ID: BB  Data: 00 00 00 AA 00 00 00 00 
"
"2016-11-21 14:06:46ID: BC  Data: 00 00 00 AA 00 00 00 00 
"
"2016-11-21 14:06:46ID: BB  Data: 00 00 00 AA 00 00 00 00 
"
"2016-11-21 14:06:46ID: BC  Data: 00 00 00 AA 00 00 00 00 
"
"2016-11-21 14:06:46ID: BB  Data: 00 00 00 AA 00 00 00 00 
"
"2016-11-21 14:06:46ID: BC  Data: 00 00 00 AA 00 00 00 00 
"
"2016-11-21 14:06:46ID: BB  Data: 00 00 00 AA 00 00 00 00 
"
"2016-11-21 14:06:46ID: BC  Data: 00 00 00 AA 00 00 00 00 
"
"2016-11-21 14:06:46ID: BB  Data: 00 00 00 AA 00 00 00 00 
"
"2016-11-21 14:06:46ID: BC  Data: 00 00 00 AA 00 00 00 00 
"
"2016-11-21 14:06:46ID: BB  Data: 00 00 00 AA 00 00 00 00 
"
"2016-11-21 14:06:46ID: BC  Data: 00 00 00 AA 00 00 00 00 
"
"2016-11-21 14:06:46ID: BB  Data: 00 00 00 AA 00 00 00 00 
"
"2016-11-21 14:06:46ID: BC  Data: 00 00 00 AA 00 00 00 00 
"
"2016-11-21 14:06:47ID: BB  Data: 00 00 00 AA 00 00 00 00 
"
"2016-11-21 14:06:47ID: BC  Data: 00 00 00 AA 00 00 00 00 
"
"2016-11-21 14:06:47ID: BB  Data: 00 00 00 AA 00 00 00 00 
"
"2016-11-21 14:06:47ID: BC  Data: 00 00 00 AA 00 00 00 00 
"
"2016-11-21 14:06:47ID: BB  Data: 00 00 00 AA 00 00 00 00 
"
"2016-11-21 14:06:47ID: BC  Data: 00 00 00 AA 00 00 00 00 
"
"2016-11-21 14:06:47ID: BB  Data: 00 00 00 AA 00 00 00 00 
"
"2016-11-21 14:06:47ID: BC  Data: 00 00 00 AA 00 00 00 00 
"
"2016-11-21 14:06:47ID: BB  Data: 00 00 00 AA 00 00 00 00 
"
"2016-11-21 14:06:47ID: BC  Data: 00 00 00 AA 00 00 00 00 
"
"2016-11-21 14:06:47ID: BB  Data: 00 00 00 AA 00 00 00 00 
"
"2016-11-21 14:06:47ID: BC  Data: 00 00 00 AA 00 00 00 00 
"
"2016-11-21 14:06:47ID: BB  Data: 00 00 00 AA 00 00 00 00 
"
"2016-11-21 14:06:47ID: BC  Data: 00 00 00 AA 00 00 00 00 
"
"2016-11-21 14:06:47ID: BB  Data: 00 00 00 AA 00 00 00 00 
"
"2016-11-21 14:06:47ID: BC  Data: 00 00 00 AA 00 00 00 00 
"
"2016-11-21 14:06:47ID: BB  Data: 00 00 00 AA 00 00 00 00 
"
"2016-11-21 14:06:47ID: BC  Data: 00 00 00 AA 00 00 00 00 
"
"2016-11-21 14:06:47ID: BB  Data: 00 00 00 AA 00 00 00 00 
"
"2016-11-21 14:06:47ID: BC  Data: 00 00 00 AA 00 00 00 00 
"
"2016-11-21 14:06:47ID: BB  Data: 00 00 00 AA 00 00 00 00 
"
"2016-11-21 14:06:47ID: BC  Data: 00 00 00 AA 00 00 00 00 
"
"2016-11-21 14:06:47ID: BB  Data: 00 00 00 AA 00 00 00 00 
"
"2016-11-21 14:06:47ID: BC  Data: 00 00 00 AA 00 00 00 00 
"
"2016-11-21 14:06:48ID: BB  Data: 00 00 00 AA 00 00 00 00 
"
"2016-11-21 14:06:48ID: BC  Data: 00 00 00 AA 00 00 00 00 
"
"2016-11-21 14:06:48ID: BB  Data: 00 00 00 AA 00 00 00 00 
"
"2016-11-21 14:06:48ID: BC  Data: 00 00 00 AA 00 00 00 00 
"
"2016-11-21 14:06:48ID: BB  Data: 00 00 00 AA 00 00 00 00 
"
"2016-11-21 14:06:48ID: BC  Data: 00 00 00 AA 00 00 00 00 
"
"2016-11-21 14:06:48ID: BB  Data: 00 00 00 AA 00 00 00 00 
"
"2016-11-21 14:06:48ID: BC  Data: 00 00 00 AA 00 00 00 00 
"
"2016-11-21 14:06:48ID: BB  Data: 00 00 00 AA 00 00 00 00 
"
"2016-11-21 14:06:48ID: BC  Data: 00 00 00 AA 00 00 00 00 
"
"2016-11-21 14:06:48ID: BB  Data: 00 00 00 AA 00 00 00 00 
"
"2016-11-21 14:06:48ID: BC  Data: 00 00 00 AA 00 00 00 00 
"
"2016-11-21 14:06:48ID: BB  Data: 00 00 00 AA 00 00 00 00 
"
"2016-11-21 14:06:48ID: BC  Data: 00 00 00 AA 00 00 00 00 
"
"2016-11-21 14:06:48ID: BB  Data: 00 00 00 AA 00 00 00 00 
"
"2016-11-21 14:06:48ID: BC  Data: 00 00 00 AA 00 00 00 00 
"
"2016-11-21 14:06:48ID: BB  Data: 00 00 00 AA 00 00 00 00 
"
"2016-11-21 14:06:48ID: BC  Data: 00 00 00 AA 00 00 00 00 
"
"2016-11-21 14:06:48ID: BB  Data: 00 00 00 AA 00 00 00 00 
"
"2016-11-21 14:06:48ID: BC  Data: 00 00 00 AA 00 00 00 00 
"
"2016-11-21 14:06:48ID: BB  Data: 00 00 00 AA 00 00 00 00 
"
"2016-11-21 14:06:48ID: BC  Data: 00 00 00 AA 00 00 00 00 
"
"2016-11-21 14:06:49ID: BB  Data: 00 00 00 AA 00 00 00 00 
"
"2016-11-21 14:06:49ID: BC  Data: 00 00 00 AA 00 00 00 00 
"
"2016-11-21 14:06:49ID: BB  Data: 00 00 00 AA 00 00 00 00 
"
"2016-11-21 14:06:49ID: BC  Data: 00 00 00 AA 00 00 00 00 
"
"2016-11-21 14:06:49ID: BB  Data: 00 00 00 AA 00 00 00 00 
"
"2016-11-21 14:06:49ID: BC  Data: 00 00 00 AA 00 00 00 00 
"
"2016-11-21 14:06:49ID: BB  Data: 00 00 00 AA 00 00 00 00 
"
"2016-11-21 14:06:49ID: BC  Data: 00 00 00 AA 00 00 00 00 
"
"2016-11-21 14:06:49ID: BB  Data: 00 00 00 AA 00 00 00 00 
"
"2016-11-21 14:06:49ID: BC  Data: 00 00 00 AA 00 00 00 00 
"
"2016-11-21 14:06:49ID: BB  Data: 00 00 00 AA 00 00 00 00 
"
"2016-11-21 14:06:49ID: BC  Data: 00 00 00 AA 00 00 00 00 
"
"2016-11-21 14:06:49ID: BB  Data: 00 00 00 AA 00 00 00 00 
"
"2016-11-21 14:06:49ID: BC  Data: 00 00 00 AA 00 00 00 00 
"
"2016-11-21 14:06:49ID: BB  Data: 00 00 00 AA 00 00 00 00 
"
"2016-11-21 14:06:49ID: BC  Data: 00 00 00 AA 00 00 00 00 
"
"2016-11-21 14:06:49ID: BB  Data: 00 00 00 AA 00 00 00 00 
"
"2016-11-21 14:06:49ID: BC  Data: 00 00 00 AA 00 00 00 00 
"
"2016-11-21 14:06:49ID: BB  Data: 00 00 00 AA 00 00 00 00 
"
"2016-11-21 14:06:49ID: BC  Data: 00 00 00 AA 00 00 00 00 
"
"2016-11-21 14:06:49ID: BB  Data: 00 00 00 AA 00 00 00 00 
"
"2016-11-21 14:06:49ID: BC  Data: 00 00 00 AA 00 00 00 00 
"
"2016-11-21 14:06:49ID: BB  Data: 00 00 00 AA 00 00 00 00 
"
"2016-11-21 14:06:50ID: BC  Data: 00 00 00 AA 00 00 00 00 
"
"2016-11-21 14:06:50ID: BB  Data: 00 00 00 AA 00 00 00 00 
"
"2016-11-21 14:06:50ID: BC  Data: 00 00 00 AA 00 00 00 00 
"
"2016-11-21 14:06:50ID: BB  Data: 00 00 00 AA 00 00 00 00 
"
"2016-11-21 14:06:50ID: BC  Data: 00 00 00 AA 00 00 00 00 
"
"2016-11-21 14:06:50ID: BB  Data: 00 00 00 AA 00 00 00 00 
"
"2016-11-21 14:06:50ID: BC  Data: 00 00 00 AA 00 00 00 00 
"
"2016-11-21 14:06:50ID: BB  Data: 00 00 00 AA 00 00 00 00 
"
"2016-11-21 14:06:50ID: BC  Data: 00 00 00 AA 00 00 00 00 
"
"2016-11-21 14:06:50ID: BB  Data: 00 00 00 AA 00 00 00 00 
"
"2016-11-21 14:06:50ID: BC  Data: 00 00 00 AA 00 00 00 00 
"
"2016-11-21 14:06:50ID: BB  Data: 00 00 00 AA 00 00 00 00 
"
"2016-11-21 14:06:50ID: BC  Data: 00 00 00 AA 00 00 00 00 
"
"2016-11-21 14:06:50ID: BB  Data: 00 00 00 AA 00 00 00 00 
"
"2016-11-21 14:06:50ID: BC  Data: 00 00 00 AA 00 00 00 00 
"
"2016-11-21 14:06:50ID: BB  Data: 00 00 00 AA 00 00 00 00 
"
"2016-11-21 14:06:50ID: BC  Data: 00 00 00 AA 00 00 00 00 
"
"2016-11-21 14:06:50ID: BB  Data: 00 00 00 AA 00 00 00 00 
"
"2016-11-21 14:06:50ID: BC  Data: 00 00 00 AA 00 00 00 00 
"
"2016-11-21 14:06:50ID: BB  Data: 00 00 00 AA 00 00 00 00 
"
"2016-11-21 14:06:50ID: BC  Data: 00 00 00 AA 00 00 00 00 
"
"2016-11-21 14:06:50ID: BB  Data: 00 00 00 AA 00 00 00 00 
"
"2016-11-21 14:06:50ID: BC  Data: 00 00 00 AA 00 00 00 00 
"
"2016-11-21 14:06:51ID: BB  Data: 00 00 00 AA 00 00 00 00 
"
"2016-11-21 14:06:51ID: BC  Data: 00 00 00 AA 00 00 00 00 
"
"2016-11-21 14:06:51ID: BB  Data: 00 00 00 AA 00 00 00 00 
"
"2016-11-21 14:06:51ID: BC  Data: 00 00 00 AA 00 00 00 00 
"
"2016-11-21 14:06:51ID: BB  Data: 00 00 00 AA 00 00 00 00 
"
"2016-11-21 14:06:51ID: BC  Data: 00 00 00 AA 00 00 00 00 
"
"2016-11-21 14:06:51ID: BB  Data: 00 00 00 AA 00 00 00 00 
"
"2016-11-21 14:06:51ID: BC  Data: 00 00 00 AA 00 00 00 00 
"
"2016-11-21 14:06:51ID: BB  Data: 00 00 00 AA 00 00 00 00 
"
"2016-11-21 14:06:51ID: BC  Data: 00 00 00 AA 00 00 00 00 
"
"2016-11-21 14:06:51ID: BB  Data: 00 00 00 AA 00 00 00 00 
"
"2016-11-21 14:06:51ID: BC  Data: 00 00 00 AA 00 00 00 00 
"
"2016-11-21 14:06:51ID: BB  Data: 00 00 00 AA 00 00 00 00 
"
"2016-11-21 14:06:51ID: BC  Data: 00 00 00 AA 00 00 00 00 
"
"2016-11-21 14:06:51ID: BB  Data: 00 00 00 AA 00 00 00 00 
"
"2016-11-21 14:06:51ID: BC  Data: 00 00 00 AA 00 00 00 00 
"
"2016-11-21 14:06:51ID: BB  Data: 00 00 00 AA 00 00 00 00 
"
"2016-11-21 14:06:51ID: BC  Data: 00 00 00 AA 00 00 00 00 
"
"2016-11-21 14:06:51ID: BB  Data: 00 00 00 AA 00 00 00 00 
"
"2016-11-21 14:06:51ID: BC  Data: 00 00 00 AA 00 00 00 00 
"
"2016-11-21 14:06:51ID: BB  Data: 00 00 00 AA 00 00 00 00 
"
"2016-11-21 14:06:51ID: BC  Data: 00 00 00 AA 00 00 00 00 
"
"2016-11-21 14:06:52ID: BB  Data: 00 00 00 AA 00 00 00 00 
"
"2016-11-21 14:06:52ID: BC  Data: 00 00 00 AA 00 00 00 00 
"
"2016-11-21 14:06:52ID: BB  Data: 00 00 00 AA 00 00 00 00 
"
"2016-11-21 14:06:52ID: BC  Data: 00 00 00 AA 00 00 00 00 
"
"2016-11-21 14:06:52ID: BB  Data: 00 00 00 AA 00 00 00 00 
"
"2016-11-21 14:06:52ID: BC  Data: 00 00 00 AA 00 00 00 00 
"
"2016-11-21 14:06:52ID: BB  Data: 00 00 00 AA 00 00 00 00 
"
"2016-11-21 14:06:52ID: BC  Data: 00 00 00 AA 00 00 00 00 
"
"2016-11-21 14:06:52ID: BB  Data: 00 00 00 AA 00 00 00 00 
"
"2016-11-21 14:06:52ID: BC  Data: 00 00 00 AA 00 00 00 00 
"
"2016-11-21 14:06:52ID: BB  Data: 00 00 00 AA 00 00 00 00 
"
"2016-11-21 14:06:52ID: BC  Data: 00 00 00 AA 00 00 00 00 
"
"2016-11-21 14:06:52ID: BB  Data: 00 00 00 AA 00 00 00 00 
"
"2016-11-21 14:06:52ID: BC  Data: 00 00 00 AA 00 00 00 00 
"
"2016-11-21 14:06:52ID: BB  Data: 00 00 00 AA 00 00 00 00 
"
"2016-11-21 14:06:52ID: BC  Data: 00 00 00 AA 00 00 00 00 
"
"2016-11-21 14:06:52ID: BB  Data: 00 00 00 AA 00 00 00 00 
"
"2016-11-21 14:06:52ID: BC  Data: 00 00 00 AA 00 00 00 00 
"
"2016-11-21 14:06:52ID: BB  Data: 00 00 00 AA 00 00 00 00 
"
"2016-11-21 14:06:52ID: BC  Data: 00 00 00 AA 00 00 00 00 
"
"2016-11-21 14:06:52ID: BB  Data: 00 00 00 AA 00 00 00 00 
"
"2016-11-21 14:06:52ID: BC  Data: 00 00 00 AA 00 00 00 00 
"
"2016-11-21 14:06:52ID: BB  Data: 00 00 00 AA 00 00 00 00 
"
"2016-11-21 14:06:52ID: BC  Data: 00 00 00 AA 00 00 00 00 
"
"2016-11-21 14:06:53ID: BB  Data: 00 00 00 AA 00 00 00 00 
"
"2016-11-21 14:06:53ID: BC  Data: 00 00 00 AA 00 00 00 00 
"
"2016-11-21 14:06:53ID: BB  Data: 00 00 00 AA 00 00 00 00 
"
"2016-11-21 14:06:53ID: BC  Data: 00 00 00 AA 00 00 00 00 
"
"2016-11-21 14:06:53ID: BB  Data: 00 00 00 AA 00 00 00 00 
"
"2016-11-21 14:06:53ID: BC  Data: 00 00 00 AA 00 00 00 00 
"
"2016-11-21 14:06:53ID: BB  Data: 00 00 00 AA 00 00 00 00 
"
"2016-11-21 14:06:53ID: BC  Data: 00 00 00 AA 00 00 00 00 
"
"2016-11-21 14:06:53ID: BB  Data: 00 00 00 AA 00 00 00 00 
"
"2016-11-21 14:06:53ID: BC  Data: 00 00 00 AA 00 00 00 00 
"
"2016-11-21 14:06:53ID: BB  Data: 00 00 00 AA 00 00 00 00 
"
"2016-11-21 14:06:53ID: BC  Data: 00 00 00 AA 00 00 00 00 
"
"2016-11-21 14:06:53ID: BB  Data: 00 00 00 AA 00 00 00 00 
"
"2016-11-21 14:06:53ID: BC  Data: 00 00 00 AA 00 00 00 00 
"
"2016-11-21 14:06:53ID: BB  Data: 00 00 00 AA 00 00 00 00 
"
"2016-11-21 14:06:53ID: BC  Data: 00 00 00 AA 00 00 00 00 
"
"2016-11-21 14:06:53ID: BB  Data: 00 00 00 AA 00 00 00 00 
"
"2016-11-21 14:06:53ID: BC  Data: 00 00 00 AA 00 00 00 00 
"
"2016-11-21 14:06:53ID: BB  Data: 00 00 00 AA 00 00 00 00 
"
"2016-11-21 14:06:53ID: BC  Data: 00 00 00 AA 00 00 00 00 
"
"2016-11-21 14:06:53ID: BB  Data: 00 00 00 AA 00 00 00 00 
"
"2016-11-21 14:06:53ID: BC  Data: 00 00 00 AA 00 00 00 00 
"
"2016-11-21 14:06:54ID: BB  Data: 00 00 00 AA 00 00 00 00 
"
"2016-11-21 14:06:54ID: BC  Data: 00 00 00 AA 00 00 00 00 
"
"2016-11-21 14:06:54ID: BB  Data: 00 00 00 AA 00 00 00 00 
"
"2016-11-21 14:06:54ID: BC  Data: 00 00 00 AA 00 00 00 00 
"
"2016-11-21 14:06:54ID: BB  Data: 00 00 00 AA 00 00 00 00 
"
"2016-11-21 14:06:54ID: BC  Data: 00 00 00 AA 00 00 00 00 
"
"2016-11-21 14:06:54ID: BB  Data: 00 00 00 AA 00 00 00 00 
"
"2016-11-21 14:06:54ID: BC  Data: 00 00 00 AA 00 00 00 00 
"
"2016-11-21 14:06:54ID: BB  Data: 00 00 00 AA 00 00 00 00 
"
"2016-11-21 14:06:54ID: BC  Data: 00 00 00 AA 00 00 00 00 
"
"2016-11-21 14:06:54ID: BB  Data: 00 00 00 AA 00 00 00 00 
"
"2016-11-21 14:06:54ID: BC  Data: 00 00 00 AA 00 00 00 00 
"
"2016-11-21 14:06:54ID: BB  Data: 00 00 00 AA 00 00 00 00 
"
"2016-11-21 14:06:54ID: BC  Data: 00 00 00 AA 00 00 00 00 
"
"2016-11-21 14:06:54ID: BB  Data: 00 00 00 AA 00 00 00 00 
"
"2016-11-21 14:06:54ID: BC  Data: 00 00 00 AA 00 00 00 00 
"
"2016-11-21 14:06:54ID: BB  Data: 00 00 00 AA 00 00 00 00 
"
"2016-11-21 14:06:54ID: BC  Data: 00 00 00 AA 00 00 00 00 
"
"2016-11-21 14:06:54ID: BB  Data: 00 00 00 AA 00 00 00 00 
"
"2016-11-21 14:06:54ID: BC  Data: 00 00 00 AA 00 00 00 00 
"
"2016-11-21 14:06:54ID: BB  Data: 00 00 00 AA 00 00 00 00 
"
"2016-11-21 14:06:54ID: BC  Data: 00 00 00 AA 00 00 00 00 
"
"2016-11-21 14:06:55ID: BB  Data: 00 00 00 AA 00 00 00 00 
"
"2016-11-21 14:06:55ID: BC  Data: 00 00 00 AA 00 00 00 00 
"
"2016-11-21 14:06:55ID: BB  Data: 00 00 00 AA 00 00 00 00 
"
"2016-11-21 14:06:55ID: BC  Data: 00 00 00 AA 00 00 00 00 
"
"2016-11-21 14:06:55ID: BB  Data: 00 00 00 AA 00 00 00 00 
"
"2016-11-21 14:06:55ID: BC  Data: 00 00 00 AA 00 00 00 00 
"
"2016-11-21 14:06:55ID: BB  Data: 00 00 00 AA 00 00 00 00 
"
"2016-11-21 14:06:55ID: BC  Data: 00 00 00 AA 00 00 00 00 
"
"2016-11-21 14:06:55ID: BB  Data: 00 00 00 AA 00 00 00 00 
"
"2016-11-21 14:06:55ID: BC  Data: 00 00 00 AA 00 00 00 00 
"
"2016-11-21 14:06:55ID: BB  Data: 00 00 00 AA 00 00 00 00 
"
"2016-11-21 14:06:55ID: BC  Data: 00 00 00 AA 00 00 00 00 
"
"2016-11-21 14:06:55ID: BB  Data: 00 00 00 AA 00 00 00 00 
"
"2016-11-21 14:06:55ID: BC  Data: 00 00 00 AA 00 00 00 00 
"
"2016-11-21 14:06:55ID: BB  Data: 00 00 00 AA 00 00 00 00 
"
"2016-11-21 14:06:55ID: BC  Data: 00 00 00 AA 00 00 00 00 
"
"2016-11-21 14:06:55ID: BB  Data: 00 00 00 AA 00 00 00 00 
"
"2016-11-21 14:06:55ID: BC  Data: 00 00 00 AA 00 00 00 00 
"
"2016-11-21 14:06:55ID: BB  Data: 00 00 00 AA 00 00 00 00 
"
"2016-11-21 14:06:55ID: BC  Data: 00 00 00 AA 00 00 00 00 
"
"2016-11-21 14:06:55ID: BB  Data: 00 00 00 AA 00 00 00 00 
"
"2016-11-21 14:06:55ID: BC  Data: 00 00 00 AA 00 00 00 00 
"
"2016-11-21 14:06:55ID: BB  Data: 00 00 00 AA 00 00 00 00 
"
"2016-11-21 14:06:55ID: BC  Data: 00 00 00 AA 00 00 00 00 
"
"2016-11-21 14:06:56ID: BB  Data: 00 00 00 AA 00 00 00 00 
"
"2016-11-21 14:06:56ID: BC  Data: 00 00 00 AA 00 00 00 00 
"
"2016-11-21 14:06:56ID: BB  Data: 00 00 00 AA 00 00 00 00 
"
"2016-11-21 14:06:56ID: BC  Data: 00 00 00 AA 00 00 00 00 
"
"2016-11-21 14:06:56ID: BB  Data: 00 00 00 AA 00 00 00 00 
"
"2016-11-21 14:06:56ID: BC  Data: 00 00 00 AA 00 00 00 00 
"
"2016-11-21 14:06:56ID: BB  Data: 00 00 00 AA 00 00 00 00 
"
"2016-11-21 14:06:56ID: BC  Data: 00 00 00 AA 00 00 00 00 
"
"2016-11-21 14:06:56ID: BB  Data: 00 00 00 AA 00 00 00 00 
"
"2016-11-21 14:06:56ID: BC  Data: 00 00 00 AA 00 00 00 00 
"
"2016-11-21 14:06:56ID: BB  Data: 00 00 00 AA 00 00 00 00 
"
"2016-11-21 14:06:56ID: BC  Data: 00 00 00 AA 00 00 00 00 
"
"2016-11-21 14:06:56ID: BB  Data: 00 00 00 AA 00 00 00 00 
"
"2016-11-21 14:06:56ID: BC  Data: 00 00 00 AA 00 00 00 00 
"
"2016-11-21 14:06:56ID: BB  Data: 00 00 00 AA 00 00 00 00 
"
"2016-11-21 14:06:56ID: BC  Data: 00 00 00 AA 00 00 00 00 
"
"2016-11-21 14:06:56ID: BB  Data: 00 00 00 AA 00 00 00 00 
"
"2016-11-21 14:06:56ID: BC  Data: 00 00 00 AA 00 00 00 00 
"
"2016-11-21 14:06:56ID: BB  Data: 00 00 00 AA 00 00 00 00 
"
"2016-11-21 14:06:56ID: BC  Data: 00 00 00 AA 00 00 00 00 
"
"2016-11-21 14:06:56ID: BB  Data: 00 00 00 AA 00 00 00 00 
"
"2016-11-21 14:06:56ID: BC  Data: 00 00 00 AA 00 00 00 00 
"
"2016-11-21 14:06:57ID: BB  Data: 00 00 00 AA 00 00 00 00 
"
"2016-11-21 14:06:57ID: BC  Data: 00 00 00 AA 00 00 00 00 
"
"2016-11-21 14:06:57ID: BB  Data: 00 00 00 AA 00 00 00 00 
"
"2016-11-21 14:06:57ID: BC  Data: 00 00 00 AA 00 00 00 00 
"
"2016-11-21 14:06:57ID: BB  Data: 00 00 00 AA 00 00 00 00 
"
"2016-11-21 14:06:57ID: BC  Data: 00 00 00 AA 00 00 00 00 
"
"2016-11-21 14:06:57ID: BB  Data: 00 00 00 AA 00 00 00 00 
"
"2016-11-21 14:06:57ID: BC  Data: 00 00 00 AA 00 00 00 00 
"
"2016-11-21 14:06:57ID: BB  Data: 00 00 00 AA 00 00 00 00 
"
"2016-11-21 14:06:57ID: BC  Data: 00 00 00 AA 00 00 00 00 
"
"2016-11-21 14:06:57ID: BB  Data: 00 00 00 AA 00 00 00 00 
"
"2016-11-21 14:06:57ID: BC  Data: 00 00 00 AA 00 00 00 00 
"
"2016-11-21 14:06:57ID: BB  Data: 00 00 00 AA 00 00 00 00 
"
"2016-11-21 14:06:57ID: BC  Data: 00 00 00 AA 00 00 00 00 
"
"2016-11-21 14:06:57ID: BB  Data: 00 00 00 AA 00 00 00 00 
"
"2016-11-21 14:06:57ID: BC  Data: 00 00 00 AA 00 00 00 00 
"
"2016-11-21 14:06:57ID: BB  Data: 00 00 00 AA 00 00 00 00 
"
"2016-11-21 14:06:57ID: BC  Data: 00 00 00 AA 00 00 00 00 
"
"2016-11-21 14:06:57ID: BB  Data: 00 00 00 AA 00 00 00 00 
"
"2016-11-21 14:06:57ID: BC  Data: 00 00 00 AA 00 00 00 00 
"
"2016-11-21 14:06:57ID: BB  Data: 00 00 00 AA 00 00 00 00 
"
"2016-11-21 14:06:57ID: BC  Data: 00 00 00 AA 00 00 00 00 
"
"2016-11-21 14:06:58ID: BB  Data: 00 00 00 AA 00 00 00 00 
"
"2016-11-21 14:06:58ID: BC  Data: 00 00 00 AA 00 00 00 00 
"
"2016-11-21 14:06:58ID: BB  Data: 00 00 00 AA 00 00 00 00 
"
"2016-11-21 14:06:58ID: BC  Data: 00 00 00 AA 00 00 00 00 
"
"2016-11-21 14:06:58ID: BB  Data: 00 00 00 AA 00 00 00 00 
"
"2016-11-21 14:06:58ID: BC  Data: 00 00 00 AA 00 00 00 00 
"
"2016-11-21 14:06:58ID: BB  Data: 00 00 00 AA 00 00 00 00 
"
"2016-11-21 14:06:58ID: BC  Data: 00 00 00 AA 00 00 00 00 
"
"2016-11-21 14:06:58ID: BB  Data: 00 00 00 AA 00 00 00 00 
"
"2016-11-21 14:06:58ID: BC  Data: 00 00 00 AA 00 00 00 00 
"
"2016-11-21 14:06:58ID: BB  Data: 00 00 00 AA 00 00 00 00 
"
"2016-11-21 14:06:58ID: BC  Data: 00 00 00 AA 00 00 00 00 
"
"2016-11-21 14:06:58ID: BB  Data: 00 00 00 AA 00 00 00 00 
"
"2016-11-21 14:06:58ID: BC  Data: 00 00 00 AA 00 00 00 00 
"
"2016-11-21 14:06:58ID: BB  Data: 00 00 00 AA 00 00 00 00 
"
"2016-11-21 14:06:58ID: BC  Data: 00 00 00 AA 00 00 00 00 
"
"2016-11-21 14:06:58ID: BB  Data: 00 00 00 AA 00 00 00 00 
"
"2016-11-21 14:06:58ID: BC  Data: 00 00 00 AA 00 00 00 00 
"
"2016-11-21 14:06:58ID: BB  Data: 00 00 00 AA 00 00 00 00 
"
"2016-11-21 14:06:58ID: BC  Data: 00 00 00 AA 00 00 00 00 
"
"2016-11-21 14:06:58ID: BB  Data: 00 00 00 AA 00 00 00 00 
"
"2016-11-21 14:06:58ID: BC  Data: 00 00 00 AA 00 00 00 00 
"
"2016-11-21 14:06:58ID: BB  Data: 00 00 00 AA 00 00 00 00 
"
"2016-11-21 14:06:58ID: BC  Data: 00 00 00 AA 00 00 00 00 
"
"2016-11-21 14:06:59ID: BB  Data: 00 00 00 AA 00 00 00 00 
"
"2016-11-21 14:06:59ID: BC  Data: 00 00 00 AA 00 00 00 00 
"
"2016-11-21 14:06:59ID: BB  Data: 00 00 00 AA 00 00 00 00 
"
"2016-11-21 14:06:59ID: BC  Data: 00 00 00 AA 00 00 00 00 
"
"2016-11-21 14:06:59ID: BB  Data: 00 00 00 AA 00 00 00 00 
"
"2016-11-21 14:06:59ID: BC  Data: 00 00 00 AA 00 00 00 00 
"
"2016-11-21 14:06:59ID: BB  Data: 00 00 00 AA 00 00 00 00 
"
"2016-11-21 14:06:59ID: BC  Data: 00 00 00 AA 00 00 00 00 
"
"2016-11-21 14:06:59ID: BB  Data: 00 00 00 AA 00 00 00 00 
"
"2016-11-21 14:06:59ID: BC  Data: 00 00 00 AA 00 00 00 00 
"
"2016-11-21 14:06:59ID: BB  Data: 00 00 00 AA 00 00 00 00 
"
"2016-11-21 14:06:59ID: BC  Data: 00 00 00 AA 00 00 00 00 
"
"2016-11-21 14:06:59ID: BB  Data: 00 00 00 AA 00 00 00 00 
"
"2016-11-21 14:06:59ID: BC  Data: 00 00 00 AA 00 00 00 00 
"
"2016-11-21 14:06:59ID: BB  Data: 00 00 00 AA 00 00 00 00 
"
"2016-11-21 14:06:59ID: BC  Data: 00 00 00 AA 00 00 00 00 
"
"2016-11-21 14:06:59ID: BB  Data: 00 00 00 AA 00 00 00 00 
"
"2016-11-21 14:06:59ID: BC  Data: 00 00 00 AA 00 00 00 00 
"
"2016-11-21 14:06:59ID: BB  Data: 00 00 00 AA 00 00 00 00 
"
"2016-11-21 14:06:59ID: BC  Data: 00 00 00 AA 00 00 00 00 
"
"2016-11-21 14:06:59ID: BB  Data: 00 00 00 AA 00 00 00 00 
"
"2016-11-21 14:06:59ID: BC  Data: 00 00 00 AA 00 00 00 00 
"
"2016-11-21 14:07:00ID: BB  Data: 00 00 00 AA 00 00 00 00 
"
"2016-11-21 14:07:00ID: BC  Data: 00 00 00 AA 00 00 00 00 
"
"2016-11-21 14:07:00ID: BB  Data: 00 00 00 AA 00 00 00 00 
"
"2016-11-21 14:07:00ID: BC  Data: 00 00 00 AA 00 00 00 00 
"
"2016-11-21 14:07:00ID: BB  Data: 00 00 00 AA 00 00 00 00 
"
"2016-11-21 14:07:00ID: BC  Data: 00 00 00 AA 00 00 00 00 
"
"2016-11-21 14:07:00ID: BB  Data: 00 00 00 AA 00 00 00 00 
"
"2016-11-21 14:07:00ID: BC  Data: 00 00 00 AA 00 00 00 00 
"
"2016-11-21 14:07:00ID: BB  Data: 00 00 00 AA 00 00 00 00 
"
"2016-11-21 14:07:00ID: BC  Data: 00 00 00 AA 00 00 00 00 
"
"2016-11-21 14:07:00ID: BB  Data: 00 00 00 AA 00 00 00 00 
"
"2016-11-21 14:07:00ID: BC  Data: 00 00 00 AA 00 00 00 00 
"
"2016-11-21 14:07:00ID: BB  Data: 00 00 00 AA 00 00 00 00 
"
"2016-11-21 14:07:00ID: BC  Data: 00 00 00 AA 00 00 00 00 
"
"2016-11-21 14:07:00ID: BB  Data: 00 00 00 AA 00 00 00 00 
"
"2016-11-21 14:07:00ID: BC  Data: 00 00 00 AA 00 00 00 00 
"
"2016-11-21 14:07:00ID: BB  Data: 00 00 00 AA 00 00 00 00 
"
"2016-11-21 14:07:00ID: BC  Data: 00 00 00 AA 00 00 00 00 
"
"2016-11-21 14:07:00ID: BB  Data: 00 00 00 AA 00 00 00 00 
"
"2016-11-21 14:07:00ID: BC  Data: 00 00 00 AA 00 00 00 00 
"
"2016-11-21 14:07:00ID: BB  Data: 00 00 00 AA 00 00 00 00 
"
"2016-11-21 14:07:00ID: BC  Data: 00 00 00 AA 00 00 00 00 
"
"2016-11-21 14:07:00ID: BB  Data: 00 00 00 AA 00 00 00 00 
"
"2016-11-21 14:07:01ID: BC  Data: 00 00 00 AA 00 00 00 00 
"
"2016-11-21 14:07:01ID: BB  Data: 00 00 00 AA 00 00 00 00 
"
"2016-11-21 14:07:01ID: BC  Data: 00 00 00 AA 00 00 00 00 
"
"2016-11-21 14:07:01ID: BB  Data: 00 00 00 AA 00 00 00 00 
"
"2016-11-21 14:07:01ID: BC  Data: 00 00 00 AA 00 00 00 00 
"
"2016-11-21 14:07:01ID: BB  Data: 00 00 00 AA 00 00 00 00 
"
"2016-11-21 14:07:01ID: BC  Data: 00 00 00 AA 00 00 00 00 
"
"2016-11-21 14:07:01ID: BB  Data: 00 00 00 AA 00 00 00 00 
"
"2016-11-21 14:07:01ID: BC  Data: 00 00 00 AA 00 00 00 00 
"
"2016-11-21 14:07:01ID: BB  Data: 00 00 00 AA 00 00 00 00 
"
"2016-11-21 14:07:01ID: BC  Data: 00 00 00 AA 00 00 00 00 
"
"2016-11-21 14:07:01ID: BB  Data: 00 00 00 AA 00 00 00 00 
"
"2016-11-21 14:07:01ID: BC  Data: 00 00 00 AA 00 00 00 00 
"
"2016-11-21 14:07:01ID: BB  Data: 00 00 00 AA 00 00 00 00 
"
"2016-11-21 14:07:01ID: BC  Data: 00 00 00 AA 00 00 00 00 
"
"2016-11-21 14:07:01ID: BB  Data: 00 00 00 AA 00 00 00 00 
"
"2016-11-21 14:07:01ID: BC  Data: 00 00 00 AA 00 00 00 00 
"
"2016-11-21 14:07:01ID: BB  Data: 00 00 00 AA 00 00 00 00 
"
"2016-11-21 14:07:01ID: BC  Data: 00 00 00 AA 00 00 00 00 
"
"2016-11-21 14:07:01ID: BB  Data: 00 00 00 AA 00 00 00 00 
"
"2016-11-21 14:07:01ID: BC  Data: 00 00 00 AA 00 00 00 00 
"
"2016-11-21 14:07:01ID: BB  Data: 00 00 00 AA 00 00 00 00 
"
"2016-11-21 14:07:01ID: BC  Data: 00 00 00 AA 00 00 00 00 
"
"2016-11-21 14:07:02ID: BB  Data: 00 00 00 AA 00 00 00 00 
"
"2016-11-21 14:07:02ID: BC  Data: 00 00 00 AA 00 00 00 00 
"
"2016-11-21 14:07:02ID: BB  Data: 00 00 00 AA 00 00 00 00 
"
"2016-11-21 14:07:02ID: BC  Data: 00 00 00 AA 00 00 00 00 
"
"2016-11-21 14:07:02ID: BB  Data: 00 00 00 AA 00 00 00 00 
"
"2016-11-21 14:07:02ID: BC  Data: 00 00 00 AA 00 00 00 00 
"
"2016-11-21 14:07:02ID: BB  Data: 00 00 00 AA 00 00 00 00 
"
"2016-11-21 14:07:02ID: BC  Data: 00 00 00 AA 00 00 00 00 
"
"2016-11-21 14:07:02ID: BB  Data: 00 00 00 AA 00 00 00 00 
"
"2016-11-21 14:07:02ID: BC  Data: 00 00 00 AA 00 00 00 00 
"
"2016-11-21 14:07:02ID: BB  Data: 00 00 00 AA 00 00 00 00 
"
"2016-11-21 14:07:02ID: BC  Data: 00 00 00 AA 00 00 00 00 
"
"2016-11-21 14:07:02ID: BB  Data: 00 00 00 AA 00 00 00 00 
"
"2016-11-21 14:07:02ID: BC  Data: 00 00 00 AA 00 00 00 00 
"
"2016-11-21 14:07:02ID: BB  Data: 00 00 00 AA 00 00 00 00 
"
"2016-11-21 14:07:02ID: BC  Data: 00 00 00 AA 00 00 00 00 
"
"2016-11-21 14:07:02ID: BB  Data: 00 00 00 AA 00 00 00 00 
"
"2016-11-21 14:07:02ID: BC  Data: 00 00 00 AA 00 00 00 00 
"
"2016-11-21 14:07:02ID: BB  Data: 00 00 00 AA 00 00 00 00 
"
"2016-11-21 14:07:02ID: BC  Data: 00 00 00 AA 00 00 00 00 
"
"2016-11-21 14:07:02ID: BB  Data: 00 00 00 AA 00 00 00 00 
"
"2016-11-21 14:07:02ID: BC  Data: 00 00 00 AA 00 00 00 00 
"
"2016-11-21 14:07:03ID: BB  Data: 00 00 00 AA 00 00 00 00 
"
"2016-11-21 14:07:03ID: BC  Data: 00 00 00 AA 00 00 00 00 
"
"2016-11-21 14:07:03ID: BB  Data: 00 00 00 AA 00 00 00 00 
"
"2016-11-21 14:07:03ID: BC  Data: 00 00 00 AA 00 00 00 00 
"
"2016-11-21 14:07:03ID: BB  Data: 00 00 00 AA 00 00 00 00 
"
"2016-11-21 14:07:03ID: BC  Data: 00 00 00 AA 00 00 00 00 
"
"2016-11-21 14:07:03ID: BB  Data: 00 00 00 AA 00 00 00 00 
"
"2016-11-21 14:07:03ID: BC  Data: 00 00 00 AA 00 00 00 00 
"
"2016-11-21 14:07:03ID: BB  Data: 00 00 00 AA 00 00 00 00 
"
"2016-11-21 14:07:03ID: BC  Data: 00 00 00 AA 00 00 00 00 
"
"2016-11-21 14:07:03ID: BB  Data: 00 00 00 AA 00 00 00 00 
"
"2016-11-21 14:07:03ID: BC  Data: 00 00 00 AA 00 00 00 00 
"
"2016-11-21 14:07:03ID: BB  Data: 00 00 00 AA 00 00 00 00 
"
"2016-11-21 14:07:03ID: BC  Data: 00 00 00 AA 00 00 00 00 
"
"2016-11-21 14:07:03ID: BB  Data: 00 00 00 AA 00 00 00 00 
"
"2016-11-21 14:07:03ID: BC  Data: 00 00 00 AA 00 00 00 00 
"
"2016-11-21 14:07:03ID: BB  Data: 00 00 00 AA 00 00 00 00 
"
"2016-11-21 14:07:03ID: BC  Data: 00 00 00 AA 00 00 00 00 
"
"2016-11-21 14:07:03ID: BB  Data: 00 00 00 AA 00 00 00 00 
"
"2016-11-21 14:07:03ID: BC  Data: 00 00 00 AA 00 00 00 00 
"
"2016-11-21 14:07:03ID: BB  Data: 00 00 00 AA 00 00 00 00 
"
"2016-11-21 14:07:03ID: BC  Data: 00 00 00 AA 00 00 00 00 
"
"2016-11-21 14:07:03ID: BB  Data: 00 00 00 AA 00 00 00 00 
"
"2016-11-21 14:07:03ID: BC  Data: 00 00 00 AA 00 00 00 00 
"
"2016-11-21 14:07:04ID: BB  Data: 00 00 00 AA 00 00 00 00 
"
"2016-11-21 14:07:04ID: BC  Data: 00 00 00 AA 00 00 00 00 
"
"2016-11-21 14:07:04ID: BB  Data: 00 00 00 AA 00 00 00 00 
"
"2016-11-21 14:07:04ID: BC  Data: 00 00 00 AA 00 00 00 00 
"
"2016-11-21 14:07:04ID: BB  Data: 00 00 00 AA 00 00 00 00 
"
"2016-11-21 14:07:04ID: BC  Data: 00 00 00 AA 00 00 00 00 
"
"2016-11-21 14:07:04ID: BB  Data: 00 00 00 AA 00 00 00 00 
"
"2016-11-21 14:07:04ID: BC  Data: 00 00 00 AA 00 00 00 00 
"
"2016-11-21 14:07:04ID: BB  Data: 00 00 00 AA 00 00 00 00 
"
"2016-11-21 14:07:04ID: BC  Data: 00 00 00 AA 00 00 00 00 
"
"2016-11-21 14:07:04ID: BB  Data: 00 00 00 AA 00 00 00 00 
"
"2016-11-21 14:07:04ID: BC  Data: 00 00 00 AA 00 00 00 00 
"
"2016-11-21 14:07:04ID: BB  Data: 00 00 00 AA 00 00 00 00 
"
"2016-11-21 14:07:04ID: BC  Data: 00 00 00 AA 00 00 00 00 
"
"2016-11-21 14:07:04ID: BB  Data: 00 00 00 AA 00 00 00 00 
"
"2016-11-21 14:07:04ID: BC  Data: 00 00 00 AA 00 00 00 00 
"
"2016-11-21 14:07:04ID: BB  Data: 00 00 00 AA 00 00 00 00 
"
"2016-11-21 14:07:04ID: BC  Data: 00 00 00 AA 00 00 00 00 
"
"2016-11-21 14:07:04ID: BB  Data: 00 00 00 AA 00 00 00 00 
"
"2016-11-21 14:07:04ID: BC  Data: 00 00 00 AA 00 00 00 00 
"
"2016-11-21 14:07:04ID: BB  Data: 00 00 00 AA 00 00 00 00 
"
"2016-11-21 14:07:04ID: BC  Data: 00 00 00 AA 00 00 00 00 
"
"2016-11-21 14:07:05ID: BB  Data: 00 00 00 AA 00 00 00 00 
"
"2016-11-21 14:07:05ID: BC  Data: 00 00 00 AA 00 00 00 00 
"
"2016-11-21 14:07:05ID: BB  Data: 00 00 00 AA 00 00 00 00 
"
"2016-11-21 14:07:05ID: BC  Data: 00 00 00 AA 00 00 00 00 
"
"2016-11-21 14:07:05ID: BB  Data: 00 00 00 AA 00 00 00 00 
"
"2016-11-21 14:07:05ID: BC  Data: 00 00 00 AA 00 00 00 00 
"
"2016-11-21 14:07:05ID: BB  Data: 00 00 00 AA 00 00 00 00 
"
"2016-11-21 14:07:05ID: BC  Data: 00 00 00 AA 00 00 00 00 
"
"2016-11-21 14:07:05ID: BB  Data: 00 00 00 AA 00 00 00 00 
"
"2016-11-21 14:07:05ID: BC  Data: 00 00 00 AA 00 00 00 00 
"
"2016-11-21 14:07:05ID: BB  Data: 00 00 00 AA 00 00 00 00 
"
"2016-11-21 14:07:05ID: BC  Data: 00 00 00 AA 00 00 00 00 
"
"2016-11-21 14:07:05ID: BB  Data: 00 00 00 AA 00 00 00 00 
"
"2016-11-21 14:07:05ID: BC  Data: 00 00 00 AA 00 00 00 00 
"
"2016-11-21 14:07:05ID: BB  Data: 00 00 00 AA 00 00 00 00 
"
"2016-11-21 14:07:05ID: BC  Data: 00 00 00 AA 00 00 00 00 
"
"2016-11-21 14:07:05ID: BB  Data: 00 00 00 AA 00 00 00 00 
"
"2016-11-21 14:07:05ID: BC  Data: 00 00 00 AA 00 00 00 00 
"
"2016-11-21 14:07:05ID: BB  Data: 00 00 00 AA 00 00 00 00 
"
"2016-11-21 14:07:05ID: BC  Data: 00 00 00 AA 00 00 00 00 
"
"2016-11-21 14:07:05ID: BB  Data: 00 00 00 AA 00 00 00 00 
"
"2016-11-21 14:07:05ID: BC  Data: 00 00 00 AA 00 00 00 00 
"
"2016-11-21 14:07:06ID: BB  Data: 00 00 00 AA 00 00 00 00 
"
"2016-11-21 14:07:06ID: BC  Data: 00 00 00 AA 00 00 00 00 
"
"2016-11-21 14:07:06ID: BB  Data: 00 00 00 AA 00 00 00 00 
"
"2016-11-21 14:07:06ID: BC  Data: 00 00 00 AA 00 00 00 00 
"
"2016-11-21 14:07:06ID: BB  Data: 00 00 00 AA 00 00 00 00 
"
"2016-11-21 14:07:06ID: BC  Data: 00 00 00 AA 00 00 00 00 
"
"2016-11-21 14:07:06ID: BB  Data: 00 00 00 AA 00 00 00 00 
"
"2016-11-21 14:07:06ID: BC  Data: 00 00 00 AA 00 00 00 00 
"
"2016-11-21 14:07:06ID: BB  Data: 00 00 00 AA 00 00 00 00 
"
"2016-11-21 14:07:06ID: BC  Data: 00 00 00 AA 00 00 00 00 
"
"2016-11-21 14:07:06ID: BB  Data: 00 00 00 AA 00 00 00 00 
"
"2016-11-21 14:07:06ID: BC  Data: 00 00 00 AA 00 00 00 00 
"
"2016-11-21 14:07:06ID: BB  Data: 00 00 00 AA 00 00 00 00 
"
"2016-11-21 14:07:06ID: BC  Data: 00 00 00 AA 00 00 00 00 
"
"2016-11-21 14:07:06ID: BB  Data: 00 00 00 AA 00 00 00 00 
"
"2016-11-21 14:07:06ID: BC  Data: 00 00 00 AA 00 00 00 00 
"
"2016-11-21 14:07:06ID: BB  Data: 00 00 00 AA 00 00 00 00 
"
"2016-11-21 14:07:06ID: BC  Data: 00 00 00 AA 00 00 00 00 
"
"2016-11-21 14:07:06ID: BB  Data: 00 00 00 AA 00 00 00 00 
"
"2016-11-21 14:07:06ID: BC  Data: 00 00 00 AA 00 00 00 00 
"
"2016-11-21 14:07:06ID: BB  Data: 00 00 00 AA 00 00 00 00 
"
"2016-11-21 14:07:06ID: BC  Data: 00 00 00 AA 00 00 00 00 
"
"2016-11-21 14:07:06ID: BB  Data: 00 00 00 AA 00 00 00 00 
"
"2016-11-21 14:07:06ID: BC  Data: 00 00 00 AA 00 00 00 00 
"
"2016-11-21 14:07:07ID: BB  Data: 00 00 00 AA 00 00 00 00 
"
"2016-11-21 14:07:07ID: BC  Data: 00 00 00 AA 00 00 00 00 
"
"2016-11-21 14:07:07ID: BB  Data: 00 00 00 AA 00 00 00 00 
"
"2016-11-21 14:07:07ID: BC  Data: 00 00 00 AA 00 00 00 00 
"
"2016-11-21 14:07:07ID: BB  Data: 00 00 00 AA 00 00 00 00 
"
"2016-11-21 14:07:07ID: BC  Data: 00 00 00 AA 00 00 00 00 
"
"2016-11-21 14:07:07ID: BB  Data: 00 00 00 AA 00 00 00 00 
"
"2016-11-21 14:07:07ID: BC  Data: 00 00 00 AA 00 00 00 00 
"
"2016-11-21 14:07:07ID: BB  Data: 00 00 00 AA 00 00 00 00 
"
"2016-11-21 14:07:07ID: BC  Data: 00 00 00 AA 00 00 00 00 
"
"2016-11-21 14:07:07ID: BB  Data: 00 00 00 AA 00 00 00 00 
"
"2016-11-21 14:07:07ID: BC  Data: 00 00 00 AA 00 00 00 00 
"
"2016-11-21 14:07:07ID: BB  Data: 00 00 00 AA 00 00 00 00 
"
"2016-11-21 14:07:07ID: BC  Data: 00 00 00 AA 00 00 00 00 
"
"2016-11-21 14:07:07ID: BB  Data: 00 00 00 AA 00 00 00 00 
"
"2016-11-21 14:07:07ID: BC  Data: 00 00 00 AA 00 00 00 00 
"
"2016-11-21 14:07:07ID: BB  Data: 00 00 00 AA 00 00 00 00 
"
"2016-11-21 14:07:07ID: BC  Data: 00 00 00 AA 00 00 00 00 
"
"2016-11-21 14:07:07ID: BB  Data: 00 00 00 AA 00 00 00 00 
"
"2016-11-21 14:07:07ID: BC  Data: 00 00 00 AA 00 00 00 00 
"
"2016-11-21 14:07:07ID: BB  Data: 00 00 00 AA 00 00 00 00 
"
"2016-11-21 14:07:07ID: BC  Data: 00 00 00 AA 00 00 00 00 
"
"2016-11-21 14:07:08ID: BB  Data: 00 00 00 AA 00 00 00 00 
"
"2016-11-21 14:07:08ID: BC  Data: 00 00 00 AA 00 00 00 00 
"
"2016-11-21 14:07:08ID: BB  Data: 00 00 00 AA 00 00 00 00 
"
"2016-11-21 14:07:08ID: BC  Data: 00 00 00 AA 00 00 00 00 
"
"2016-11-21 14:07:08ID: BB  Data: 00 00 00 AA 00 00 00 00 
"
"2016-11-21 14:07:08ID: BC  Data: 00 00 00 AA 00 00 00 00 
"
"2016-11-21 14:07:08ID: BB  Data: 00 00 00 AA 00 00 00 00 
"
"2016-11-21 14:07:08ID: BC  Data: 00 00 00 AA 00 00 00 00 
"
"2016-11-21 14:07:08ID: BB  Data: 00 00 00 AA 00 00 00 00 
"
"2016-11-21 14:07:08ID: BC  Data: 00 00 00 AA 00 00 00 00 
"
"2016-11-21 14:07:08ID: BB  Data: 00 00 00 AA 00 00 00 00 
"
"2016-11-21 14:07:08ID: BC  Data: 00 00 00 AA 00 00 00 00 
"
"2016-11-21 14:07:08ID: BB  Data: 00 00 00 AA 00 00 00 00 
"
"2016-11-21 14:07:08ID: BC  Data: 00 00 00 AA 00 00 00 00 
"
"2016-11-21 14:07:08ID: BB  Data: 00 00 00 AA 00 00 00 00 
"
"2016-11-21 14:07:08ID: BC  Data: 00 00 00 AA 00 00 00 00 
"
"2016-11-21 14:07:08ID: BB  Data: 00 00 00 AA 00 00 00 00 
"
"2016-11-21 14:07:08ID: BC  Data: 00 00 00 AA 00 00 00 00 
"
"2016-11-21 14:07:08ID: BB  Data: 00 00 00 AA 00 00 00 00 
"
"2016-11-21 14:07:08ID: BC  Data: 00 00 00 AA 00 00 00 00 
"
"2016-11-21 14:07:08ID: BB  Data: 00 00 00 AA 00 00 00 00 
"
"2016-11-21 14:07:08ID: BC  Data: 00 00 00 AA 00 00 00 00 
"
"2016-11-21 14:07:08ID: BB  Data: 00 00 00 AA 00 00 00 00 
"
"2016-11-21 14:07:09ID: BC  Data: 00 00 00 AA 00 00 00 00 
"
"2016-11-21 14:07:09ID: BB  Data: 00 00 00 AA 00 00 00 00 
"
"2016-11-21 14:07:09ID: BC  Data: 00 00 00 AA 00 00 00 00 
"
"2016-11-21 14:07:09ID: BB  Data: 00 00 00 AA 00 00 00 00 
"
"2016-11-21 14:07:09ID: BC  Data: 00 00 00 AA 00 00 00 00 
"
"2016-11-21 14:07:09ID: BB  Data: 00 00 00 AA 00 00 00 00 
"
"2016-11-21 14:07:09ID: BC  Data: 00 00 00 AA 00 00 00 00 
"
"2016-11-21 14:07:09ID: BB  Data: 00 00 00 AA 00 00 00 00 
"
"2016-11-21 14:07:09ID: BC  Data: 00 00 00 AA 00 00 00 00 
"
"2016-11-21 14:07:09ID: BB  Data: 00 00 00 AA 00 00 00 00 
"
"2016-11-21 14:07:09ID: BC  Data: 00 00 00 AA 00 00 00 00 
"
"2016-11-21 14:07:09ID: BB  Data: 00 00 00 AA 00 00 00 00 
"
"2016-11-21 14:07:09ID: BC  Data: 00 00 00 AA 00 00 00 00 
"
"2016-11-21 14:07:09ID: BB  Data: 00 00 00 AA 00 00 00 00 
"
"2016-11-21 14:07:09ID: BC  Data: 00 00 00 AA 00 00 00 00 
"
"2016-11-21 14:07:09ID: BB  Data: 00 00 00 AA 00 00 00 00 
"
"2016-11-21 14:07:09ID: BC  Data: 00 00 00 AA 00 00 00 00 
"
"2016-11-21 14:07:09ID: BB  Data: 00 00 00 AA 00 00 00 00 
"
"2016-11-21 14:07:09ID: BC  Data: 00 00 00 AA 00 00 00 00 
"
"2016-11-21 14:07:09ID: BB  Data: 00 00 00 AA 00 00 00 00 
"
"2016-11-21 14:07:09ID: BC  Data: 00 00 00 AA 00 00 00 00 
"
"2016-11-21 14:07:09ID: BB  Data: 00 00 00 AA 00 00 00 00 
"
"2016-11-21 14:07:09ID: BC  Data: 00 00 00 AA 00 00 00 00 
"
"2016-11-21 14:07:10ID: BB  Data: 00 00 00 AA 00 00 00 00 
"
"2016-11-21 14:07:10ID: BC  Data: 00 00 00 AA 00 00 00 00 
"
"2016-11-21 14:07:10ID: BB  Data: 00 00 00 AA 00 00 00 00 
"
"2016-11-21 14:07:10ID: BC  Data: 00 00 00 AA 00 00 00 00 
"
"2016-11-21 14:07:10ID: BB  Data: 00 00 00 AA 00 00 00 00 
"
"2016-11-21 14:07:10ID: BC  Data: 00 00 00 AA 00 00 00 00 
"
"2016-11-21 14:07:10ID: BB  Data: 00 00 00 AA 00 00 00 00 
"
"2016-11-21 14:07:10ID: BC  Data: 00 00 00 AA 00 00 00 00 
"
"2016-11-21 14:07:10ID: BB  Data: 00 00 00 AA 00 00 00 00 
"
"2016-11-21 14:07:10ID: BC  Data: 00 00 00 AA 00 00 00 00 
"
"2016-11-21 14:07:10ID: BB  Data: 00 00 00 AA 00 00 00 00 
"
"2016-11-21 14:07:10ID: BC  Data: 00 00 00 AA 00 00 00 00 
"
"2016-11-21 14:07:10ID: BB  Data: 00 00 00 AA 00 00 00 00 
"
"2016-11-21 14:07:10ID: BC  Data: 00 00 00 AA 00 00 00 00 
"
"2016-11-21 14:07:10ID: BB  Data: 00 00 00 AA 00 00 00 00 
"
"2016-11-21 14:07:10ID: BC  Data: 00 00 00 AA 00 00 00 00 
"
"2016-11-21 14:07:10ID: BB  Data: 00 00 00 AA 00 00 00 00 
"
"2016-11-21 14:07:10ID: BC  Data: 00 00 00 AA 00 00 00 00 
"
"2016-11-21 14:07:10ID: BB  Data: 00 00 00 AA 00 00 00 00 
"
"2016-11-21 14:07:10ID: BC  Data: 00 00 00 AA 00 00 00 00 
"
"2016-11-21 14:07:10ID: BB  Data: 00 00 00 AA 00 00 00 00 
"
"2016-11-21 14:07:10ID: BC  Data: 00 00 00 AA 00 00 00 00 
"
"2016-11-21 14:07:11ID: BB  Data: 00 00 00 AA 00 00 00 00 
"
"2016-11-21 14:07:11ID: BC  Data: 00 00 00 AA 00 00 00 00 
"
"2016-11-21 14:07:11ID: BB  Data: 00 00 00 AA 00 00 00 00 
"
"2016-11-21 14:07:11ID: BC  Data: 00 00 00 AA 00 00 00 00 
"
"2016-11-21 14:07:11ID: BB  Data: 00 00 00 AA 00 00 00 00 
"
"2016-11-21 14:07:11ID: BC  Data: 00 00 00 AA 00 00 00 00 
"
"2016-11-21 14:07:11ID: BB  Data: 00 00 00 AA 00 00 00 00 
"
"2016-11-21 14:07:11ID: BC  Data: 00 00 00 AA 00 00 00 00 
"
"2016-11-21 14:07:11ID: BB  Data: 00 00 00 AA 00 00 00 00 
"
"2016-11-21 14:07:11ID: BC  Data: 00 00 00 AA 00 00 00 00 
"
"2016-11-21 14:07:11ID: BB  Data: 00 00 00 AA 00 00 00 00 
"
"2016-11-21 14:07:11ID: BC  Data: 00 00 00 AA 00 00 00 00 
"
"2016-11-21 14:07:11ID: BB  Data: 00 00 00 AA 00 00 00 00 
"
"2016-11-21 14:07:11ID: BC  Data: 00 00 00 AA 00 00 00 00 
"
"2016-11-21 14:07:11ID: BB  Data: 00 00 00 AA 00 00 00 00 
"
"2016-11-21 14:07:11ID: BC  Data: 00 00 00 AA 00 00 00 00 
"
"2016-11-21 14:07:11ID: BB  Data: 00 00 00 AA 00 00 00 00 
"
"2016-11-21 14:07:11ID: BC  Data: 00 00 00 AA 00 00 00 00 
"
"2016-11-21 14:07:11ID: BB  Data: 00 00 00 AA 00 00 00 00 
"
"2016-11-21 14:07:11ID: BC  Data: 00 00 00 AA 00 00 00 00 
"
"2016-11-21 14:07:11ID: BB  Data: 00 00 00 AA 00 00 00 00 
"
"2016-11-21 14:07:11ID: BC  Data: 00 00 00 AA 00 00 00 00 
"
"2016-11-21 14:07:11ID: BB  Data: 00 00 00 AA 00 00 00 00 
"
"2016-11-21 14:07:11ID: BC  Data: 00 00 00 AA 00 00 00 00 
"
"2016-11-21 14:07:12ID: BB  Data: 00 00 00 AA 00 00 00 00 
"
"2016-11-21 14:07:12ID: BC  Data: 00 00 00 AA 00 00 00 00 
"
"2016-11-21 14:07:12ID: BB  Data: 00 00 00 AA 00 00 00 00 
"
"2016-11-21 14:07:12ID: BC  Data: 00 00 00 AA 00 00 00 00 
"
"2016-11-21 14:07:12ID: BB  Data: 00 00 00 AA 00 00 00 00 
"
"2016-11-21 14:07:12ID: BC  Data: 00 00 00 AA 00 00 00 00 
"
"2016-11-21 14:07:12ID: BB  Data: 00 00 00 AA 00 00 00 00 
"
"2016-11-21 14:07:12ID: BC  Data: 00 00 00 AA 00 00 00 00 
"
"2016-11-21 14:07:12ID: BB  Data: 00 00 00 AA 00 00 00 00 
"
"2016-11-21 14:07:12ID: BC  Data: 00 00 00 AA 00 00 00 00 
"
"2016-11-21 14:07:12ID: BB  Data: 00 00 00 AA 00 00 00 00 
"
"2016-11-21 14:07:12ID: BC  Data: 00 00 00 AA 00 00 00 00 
"
"2016-11-21 14:07:12ID: BB  Data: 00 00 00 AA 00 00 00 00 
"
"2016-11-21 14:07:12ID: BC  Data: 00 00 00 AA 00 00 00 00 
"
"2016-11-21 14:07:12ID: BB  Data: 00 00 00 AA 00 00 00 00 
"
"2016-11-21 14:07:12ID: BC  Data: 00 00 00 AA 00 00 00 00 
"
"2016-11-21 14:07:12ID: BB  Data: 00 00 00 AA 00 00 00 00 
"
"2016-11-21 14:07:12ID: BC  Data: 00 00 00 AA 00 00 00 00 
"
"2016-11-21 14:07:12ID: BB  Data: 00 00 00 AA 00 00 00 00 
"
"2016-11-21 14:07:12ID: BC  Data: 00 00 00 AA 00 00 00 00 
"
"2016-11-21 14:07:12ID: BB  Data: 00 00 00 AA 00 00 00 00 
"
"2016-11-21 14:07:12ID: BC  Data: 00 00 00 AA 00 00 00 00 
"
"2016-11-21 14:07:13ID: BB  Data: 00 00 00 AA 00 00 00 00 
"
"2016-11-21 14:07:13ID: BC  Data: 00 00 00 AA 00 00 00 00 
"
"2016-11-21 14:07:13ID: BB  Data: 00 00 00 AA 00 00 00 00 
"
"2016-11-21 14:07:13ID: BC  Data: 00 00 00 AA 00 00 00 00 
"
"2016-11-21 14:07:13ID: BB  Data: 00 00 00 AA 00 00 00 00 
"
"2016-11-21 14:07:13ID: BC  Data: 00 00 00 AA 00 00 00 00 
"
"2016-11-21 14:07:13ID: BB  Data: 00 00 00 AA 00 00 00 00 
"
"2016-11-21 14:07:13ID: BC  Data: 00 00 00 AA 00 00 00 00 
"
"2016-11-21 14:07:13ID: BB  Data: 00 00 00 AA 00 00 00 00 
"
"2016-11-21 14:07:13ID: BC  Data: 00 00 00 AA 00 00 00 00 
"
"2016-11-21 14:07:13ID: BB  Data: 00 00 00 AA 00 00 00 00 
"
"2016-11-21 14:07:13ID: BC  Data: 00 00 00 AA 00 00 00 00 
"
"2016-11-21 14:07:13ID: BB  Data: 00 00 00 AA 00 00 00 00 
"
"2016-11-21 14:07:13ID: BC  Data: 00 00 00 AA 00 00 00 00 
"
"2016-11-21 14:07:13ID: BB  Data: 00 00 00 AA 00 00 00 00 
"
"2016-11-21 14:07:13ID: BC  Data: 00 00 00 AA 00 00 00 00 
"
"2016-11-21 14:07:13ID: BB  Data: 00 00 00 AA 00 00 00 00 
"
"2016-11-21 14:07:13ID: BC  Data: 00 00 00 AA 00 00 00 00 
"
"2016-11-21 14:07:13ID: BB  Data: 00 00 00 AA 00 00 00 00 
"
"2016-11-21 14:07:13ID: BC  Data: 00 00 00 AA 00 00 00 00 
"
"2016-11-21 14:07:13ID: BB  Data: 00 00 00 AA 00 00 00 00 
"
"2016-11-21 14:07:13ID: BC  Data: 00 00 00 AA 00 00 00 00 
"
"2016-11-21 14:07:14ID: BB  Data: 00 00 00 AA 00 00 00 00 
"
"2016-11-21 14:07:14ID: BC  Data: 00 00 00 AA 00 00 00 00 
"
"2016-11-21 14:07:14ID: BB  Data: 00 00 00 AA 00 00 00 00 
"
"2016-11-21 14:07:14ID: BC  Data: 00 00 00 AA 00 00 00 00 
"
"2016-11-21 14:07:14ID: BB  Data: 00 00 00 AA 00 00 00 00 
"
"2016-11-21 14:07:14ID: BC  Data: 00 00 00 AA 00 00 00 00 
"
"2016-11-21 14:07:14ID: BB  Data: 00 00 00 AA 00 00 00 00 
"
"2016-11-21 14:07:14ID: BC  Data: 00 00 00 AA 00 00 00 00 
"
"2016-11-21 14:07:14ID: BB  Data: 00 00 00 AA 00 00 00 00 
"
"2016-11-21 14:07:14ID: BC  Data: 00 00 00 AA 00 00 00 00 
"
"2016-11-21 14:07:14ID: BB  Data: 00 00 00 AA 00 00 00 00 
"
"2016-11-21 14:07:14ID: BC  Data: 00 00 00 AA 00 00 00 00 
"
"2016-11-21 14:07:14ID: BB  Data: 00 00 00 AA 00 00 00 00 
"
"2016-11-21 14:07:14ID: BC  Data: 00 00 00 AA 00 00 00 00 
"
"2016-11-21 14:07:14ID: BB  Data: 00 00 00 AA 00 00 00 00 
"
"2016-11-21 14:07:14ID: BC  Data: 00 00 00 AA 00 00 00 00 
"
"2016-11-21 14:07:14ID: BB  Data: 00 00 00 AA 00 00 00 00 
"
"2016-11-21 14:07:14ID: BC  Data: 00 00 00 AA 00 00 00 00 
"
"2016-11-21 14:07:14ID: BB  Data: 00 00 00 AA 00 00 00 00 
"
"2016-11-21 14:07:14ID: BC  Data: 00 00 00 AA 00 00 00 00 
"
"2016-11-21 14:07:14ID: BB  Data: 00 00 00 AA 00 00 00 00 
"
"2016-11-21 14:07:14ID: BC  Data: 00 00 00 AA 00 00 00 00 
"
"2016-11-21 14:07:14ID: BB  Data: 00 00 00 AA 00 00 00 00 
"
"2016-11-21 14:07:14ID: BC  Data: 00 00 00 AA 00 00 00 00 
"
"2016-11-21 14:07:15ID: BB  Data: 00 00 00 AA 00 00 00 00 
"
"2016-11-21 14:07:15ID: BC  Data: 00 00 00 AA 00 00 00 00 
"
"2016-11-21 14:07:15ID: BB  Data: 00 00 00 AA 00 00 00 00 
"
"2016-11-21 14:07:15ID: BC  Data: 00 00 00 AA 00 00 00 00 
"
"2016-11-21 14:07:15ID: BB  Data: 00 00 00 AA 00 00 00 00 
"
"2016-11-21 14:07:15ID: BC  Data: 00 00 00 AA 00 00 00 00 
"
"2016-11-21 14:07:15ID: BB  Data: 00 00 00 AA 00 00 00 00 
"
"2016-11-21 14:07:15ID: BC  Data: 00 00 00 AA 00 00 00 00 
"
"2016-11-21 14:07:15ID: BB  Data: 00 00 00 AA 00 00 00 00 
"
"2016-11-21 14:07:15ID: BC  Data: 00 00 00 AA 00 00 00 00 
"
"2016-11-21 14:07:15ID: BB  Data: 00 00 00 AA 00 00 00 00 
"
"2016-11-21 14:07:15ID: BC  Data: 00 00 00 AA 00 00 00 00 
"
"2016-11-21 14:07:15ID: BB  Data: 00 00 00 AA 00 00 00 00 
"
"2016-11-21 14:07:15ID: BC  Data: 00 00 00 AA 00 00 00 00 
"
"2016-11-21 14:07:15ID: BB  Data: 00 00 00 AA 00 00 00 00 
"
"2016-11-21 14:07:15ID: BC  Data: 00 00 00 AA 00 00 00 00 
"
"2016-11-21 14:07:15ID: BB  Data: 00 00 00 AA 00 00 00 00 
"
"2016-11-21 14:07:15ID: BC  Data: 00 00 00 AA 00 00 00 00 
"
"2016-11-21 14:07:15ID: BB  Data: 00 00 00 AA 00 00 00 00 
"
"2016-11-21 14:07:15ID: BC  Data: 00 00 00 AA 00 00 00 00 
"
"2016-11-21 14:07:15ID: BB  Data: 00 00 00 AA 00 00 00 00 
"
"2016-11-21 14:07:15ID: BC  Data: 00 00 00 AA 00 00 00 00 
"
"2016-11-21 14:07:16ID: BB  Data: 00 00 00 AA 00 00 00 00 
"
"2016-11-21 14:07:16ID: BC  Data: 00 00 00 AA 00 00 00 00 
"
"2016-11-21 14:07:16ID: BB  Data: 00 00 00 AA 00 00 00 00 
"
"2016-11-21 14:07:16ID: BC  Data: 00 00 00 AA 00 00 00 00 
"
"2016-11-21 14:07:16ID: BB  Data: 00 00 00 AA 00 00 00 00 
"
"2016-11-21 14:07:16ID: BC  Data: 00 00 00 AA 00 00 00 00 
"
"2016-11-21 14:07:16ID: BB  Data: 00 00 00 AA 00 00 00 00 
"
"2016-11-21 14:07:16ID: BC  Data: 00 00 00 AA 00 00 00 00 
"
"2016-11-21 14:07:16ID: BB  Data: 00 00 00 AA 00 00 00 00 
"
"2016-11-21 14:07:16ID: BC  Data: 00 00 00 AA 00 00 00 00 
"
"2016-11-21 14:07:16ID: BB  Data: 00 00 00 AA 00 00 00 00 
"
"2016-11-21 14:07:16ID: BC  Data: 00 00 00 AA 00 00 00 00 
"
"2016-11-21 14:07:16ID: BB  Data: 00 00 00 AA 00 00 00 00 
"
"2016-11-21 14:07:16ID: BC  Data: 00 00 00 AA 00 00 00 00 
"
"2016-11-21 14:07:16ID: BB  Data: 00 00 00 AA 00 00 00 00 
"
"2016-11-21 14:07:16ID: BC  Data: 00 00 00 AA 00 00 00 00 
"
"2016-11-21 14:07:16ID: BB  Data: 00 00 00 AA 00 00 00 00 
"
"2016-11-21 14:07:16ID: BC  Data: 00 00 00 AA 00 00 00 00 
"
"2016-11-21 14:07:16ID: BB  Data: 00 00 00 AA 00 00 00 00 
"
"2016-11-21 14:07:16ID: BC  Data: 00 00 00 AA 00 00 00 00 
"
"2016-11-21 14:07:16ID: BB  Data: 00 00 00 AA 00 00 00 00 
"
"2016-11-21 14:07:16ID: BC  Data: 00 00 00 AA 00 00 00 00 
"
"2016-11-21 14:07:16ID: BB  Data: 00 00 00 AA 00 00 00 00 
"
"2016-11-21 14:07:17ID: BC  Data: 00 00 00 AA 00 00 00 00 
"
"2016-11-21 14:07:17ID: BB  Data: 00 00 00 AA 00 00 00 00 
"
"2016-11-21 14:07:17ID: BC  Data: 00 00 00 AA 00 00 00 00 
"
"2016-11-21 14:07:17ID: BB  Data: 00 00 00 AA 00 00 00 00 
"
"2016-11-21 14:07:17ID: BC  Data: 00 00 00 AA 00 00 00 00 
"
"2016-11-21 14:07:17ID: BB  Data: 00 00 00 AA 00 00 00 00 
"
"2016-11-21 14:07:17ID: BC  Data: 00 00 00 AA 00 00 00 00 
"
"2016-11-21 14:07:17ID: BB  Data: 00 00 00 AA 00 00 00 00 
"
"2016-11-21 14:07:17ID: BC  Data: 00 00 00 AA 00 00 00 00 
"
"2016-11-21 14:07:17ID: BB  Data: 00 00 00 AA 00 00 00 00 
"
"2016-11-21 14:07:17ID: BC  Data: 00 00 00 AA 00 00 00 00 
"
"2016-11-21 14:07:17ID: BB  Data: 00 00 00 AA 00 00 00 00 
"
"2016-11-21 14:07:17ID: BC  Data: 00 00 00 AA 00 00 00 00 
"
"2016-11-21 14:07:17ID: BB  Data: 00 00 00 AA 00 00 00 00 
"
"2016-11-21 14:07:17ID: BC  Data: 00 00 00 AA 00 00 00 00 
"
"2016-11-21 14:07:17ID: BB  Data: 00 00 00 AA 00 00 00 00 
"
"2016-11-21 14:07:17ID: BC  Data: 00 00 00 AA 00 00 00 00 
"
"2016-11-21 14:07:17ID: BB  Data: 00 00 00 AA 00 00 00 00 
"
"2016-11-21 14:07:17ID: BC  Data: 00 00 00 AA 00 00 00 00 
"
"2016-11-21 14:07:17ID: BB  Data: 00 00 00 AA 00 00 00 00 
"
"2016-11-21 14:07:17ID: BC  Data: 00 00 00 AA 00 00 00 00 
"
"2016-11-21 14:07:17ID: BB  Data: 00 00 00 AA 00 00 00 00 
"
"2016-11-21 14:07:17ID: BC  Data: 00 00 00 AA 00 00 00 00 
"
"2016-11-21 14:07:18ID: BB  Data: 00 00 00 AA 00 00 00 00 
"
"2016-11-21 14:07:18ID: BC  Data: 00 00 00 AA 00 00 00 00 
"
"2016-11-21 14:07:18ID: BB  Data: 00 00 00 AA 00 00 00 00 
"
"2016-11-21 14:07:18ID: BC  Data: 00 00 00 AA 00 00 00 00 
"
"2016-11-21 14:07:18ID: BB  Data: 00 00 00 AA 00 00 00 00 
"
"2016-11-21 14:07:18ID: BC  Data: 00 00 00 AA 00 00 00 00 
"
"2016-11-21 14:07:18ID: BB  Data: 00 00 00 AA 00 00 00 00 
"
"2016-11-21 14:07:18ID: BC  Data: 00 00 00 AA 00 00 00 00 
"
"2016-11-21 14:07:18ID: BB  Data: 00 00 00 AA 00 00 00 00 
"
"2016-11-21 14:07:18ID: BC  Data: 00 00 00 AA 00 00 00 00 
"
"2016-11-21 14:07:18ID: BB  Data: 00 00 00 AA 00 00 00 00 
"
"2016-11-21 14:07:18ID: BC  Data: 00 00 00 AA 00 00 00 00 
"
"2016-11-21 14:07:18ID: BB  Data: 00 00 00 AA 00 00 00 00 
"
"2016-11-21 14:07:18ID: BC  Data: 00 00 00 AA 00 00 00 00 
"
"2016-11-21 14:07:18ID: BB  Data: 00 00 00 AA 00 00 00 00 
"
"2016-11-21 14:07:18ID: BC  Data: 00 00 00 AA 00 00 00 00 
"
"2016-11-21 14:07:18ID: BB  Data: 00 00 00 AA 00 00 00 00 
"
"2016-11-21 14:07:18ID: BC  Data: 00 00 00 AA 00 00 00 00 
"
"2016-11-21 14:07:18ID: BB  Data: 00 00 00 AA 00 00 00 00 
"
"2016-11-21 14:07:18ID: BC  Data: 00 00 00 AA 00 00 00 00 
"
"2016-11-21 14:07:18ID: BB  Data: 00 00 00 AA 00 00 00 00 
"
"2016-11-21 14:07:18ID: BC  Data: 00 00 00 AA 00 00 00 00 
"
"2016-11-21 14:07:19ID: BB  Data: 00 00 00 AA 00 00 00 00 
"
"2016-11-21 14:07:19ID: BC  Data: 00 00 00 AA 00 00 00 00 
"
"2016-11-21 14:07:19ID: BB  Data: 00 00 00 AA 00 00 00 00 
"
"2016-11-21 14:07:19ID: BC  Data: 00 00 00 AA 00 00 00 00 
"
"2016-11-21 14:07:19ID: BB  Data: 00 00 00 AA 00 00 00 00 
"
"2016-11-21 14:07:19ID: BC  Data: 00 00 00 AA 00 00 00 00 
"
"2016-11-21 14:07:19ID: BB  Data: 00 00 00 AA 00 00 00 00 
"
"2016-11-21 14:07:19ID: BC  Data: 00 00 00 AA 00 00 00 00 
"
"2016-11-21 14:07:19ID: BB  Data: 00 00 00 AA 00 00 00 00 
"
"2016-11-21 14:07:19ID: BC  Data: 00 00 00 AA 00 00 00 00 
"
"2016-11-21 14:07:19ID: BB  Data: 00 00 00 AA 00 00 00 00 
"
"2016-11-21 14:07:19ID: BC  Data: 00 00 00 AA 00 00 00 00 
"
"2016-11-21 14:07:19ID: BB  Data: 00 00 00 AA 00 00 00 00 
"
"2016-11-21 14:07:19ID: BC  Data: 00 00 00 AA 00 00 00 00 
"
"2016-11-21 14:07:19ID: BB  Data: 00 00 00 AA 00 00 00 00 
"
"2016-11-21 14:07:19ID: BC  Data: 00 00 00 AA 00 00 00 00 
"
"2016-11-21 14:07:19ID: BB  Data: 00 00 00 AA 00 00 00 00 
"
"2016-11-21 14:07:19ID: BC  Data: 00 00 00 AA 00 00 00 00 
"
"2016-11-21 14:07:19ID: BB  Data: 00 00 00 AA 00 00 00 00 
"
"2016-11-21 14:07:19ID: BC  Data: 00 00 00 AA 00 00 00 00 
"
"2016-11-21 14:07:19ID: BB  Data: 00 00 00 AA 00 00 00 00 
"
"2016-11-21 14:07:19ID: BC  Data: 00 00 00 AA 00 00 00 00 
"
"2016-11-21 14:07:19ID: BB  Data: 00 00 00 AA 00 00 00 00 
"
"2016-11-21 14:07:19ID: BC  Data: 00 00 00 AA 00 00 00 00 
"
"2016-11-21 14:07:20ID: BB  Data: 00 00 00 AA 00 00 00 00 
"
"2016-11-21 14:07:20ID: BC  Data: 00 00 00 AA 00 00 00 00 
"
"2016-11-21 14:07:20ID: BB  Data: 00 00 00 AA 00 00 00 00 
"
"2016-11-21 14:07:20ID: BC  Data: 00 00 00 AA 00 00 00 00 
"
"2016-11-21 14:07:20ID: BB  Data: 00 00 00 AA 00 00 00 00 
"
"2016-11-21 14:07:20ID: BC  Data: 00 00 00 AA 00 00 00 00 
"
"2016-11-21 14:07:20ID: BB  Data: 00 00 00 AA 00 00 00 00 
"
"2016-11-21 14:07:20ID: BC  Data: 00 00 00 AA 00 00 00 00 
"
"2016-11-21 14:07:20ID: BB  Data: 00 00 00 AA 00 00 00 00 
"
"2016-11-21 14:07:20ID: BC  Data: 00 00 00 AA 00 00 00 00 
"
"2016-11-21 14:07:20ID: BB  Data: 00 00 00 AA 00 00 00 00 
"
"2016-11-21 14:07:20ID: BC  Data: 00 00 00 AA 00 00 00 00 
"
"2016-11-21 14:07:20ID: BB  Data: 00 00 00 AA 00 00 00 00 
"
"2016-11-21 14:07:20ID: BC  Data: 00 00 00 AA 00 00 00 00 
"
"2016-11-21 14:07:20ID: BB  Data: 00 00 00 AA 00 00 00 00 
"
"2016-11-21 14:07:20ID: BC  Data: 00 00 00 AA 00 00 00 00 
"
"2016-11-21 14:07:20ID: BB  Data: 00 00 00 AA 00 00 00 00 
"
"2016-11-21 14:07:20ID: BC  Data: 00 00 00 AA 00 00 00 00 
"
"2016-11-21 14:07:20ID: BB  Data: 00 00 00 AA 00 00 00 00 
"
"2016-11-21 14:07:20ID: BC  Data: 00 00 00 AA 00 00 00 00 
"
"2016-11-21 14:07:20ID: BB  Data: 00 00 00 AA 00 00 00 00 
"
"2016-11-21 14:07:20ID: BC  Data: 00 00 00 AA 00 00 00 00 
"
"2016-11-21 14:07:21ID: BB  Data: 00 00 00 AA 00 00 00 00 
"
"2016-11-21 14:07:21ID: BC  Data: 00 00 00 AA 00 00 00 00 
"
"2016-11-21 14:07:21ID: BB  Data: 00 00 00 AA 00 00 00 00 
"
"2016-11-21 14:07:21ID: BC  Data: 00 00 00 AA 00 00 00 00 
"
"2016-11-21 14:07:21ID: BB  Data: 00 00 00 AA 00 00 00 00 
"
"2016-11-21 14:07:21ID: BC  Data: 00 00 00 AA 00 00 00 00 
"
"2016-11-21 14:07:21ID: BB  Data: 00 00 00 AA 00 00 00 00 
"
"2016-11-21 14:07:21ID: BC  Data: 00 00 00 AA 00 00 00 00 
"
"2016-11-21 14:07:21ID: BB  Data: 00 00 00 AA 00 00 00 00 
"
"2016-11-21 14:07:21ID: BC  Data: 00 00 00 AA 00 00 00 00 
"
"2016-11-21 14:07:21ID: BB  Data: 00 00 00 AA 00 00 00 00 
"
"2016-11-21 14:07:21ID: BC  Data: 00 00 00 AA 00 00 00 00 
"
"2016-11-21 14:07:21ID: BB  Data: 00 00 00 AA 00 00 00 00 
"
"2016-11-21 14:07:21ID: BC  Data: 00 00 00 AA 00 00 00 00 
"
"2016-11-21 14:07:21ID: BB  Data: 00 00 00 AA 00 00 00 00 
"
"2016-11-21 14:07:21ID: BC  Data: 00 00 00 AA 00 00 00 00 
"
"2016-11-21 14:07:21ID: BB  Data: 00 00 00 AA 00 00 00 00 
"
"2016-11-21 14:07:21ID: BC  Data: 00 00 00 AA 00 00 00 00 
"
"2016-11-21 14:07:21ID: BB  Data: 00 00 00 AA 00 00 00 00 
"
"2016-11-21 14:07:21ID: BC  Data: 00 00 00 AA 00 00 00 00 
"
"2016-11-21 14:07:21ID: BB  Data: 00 00 00 AA 00 00 00 00 
"
"2016-11-21 14:07:21ID: BC  Data: 00 00 00 AA 00 00 00 00 
"
"2016-11-21 14:07:22ID: BB  Data: 00 00 00 AA 00 00 00 00 
"
"2016-11-21 14:07:22ID: BC  Data: 00 00 00 AA 00 00 00 00 
"
"2016-11-21 14:07:22ID: BB  Data: 00 00 00 AA 00 00 00 00 
"
"2016-11-21 14:07:22ID: BC  Data: 00 00 00 AA 00 00 00 00 
"
"2016-11-21 14:07:22ID: BB  Data: 00 00 00 AA 00 00 00 00 
"
"2016-11-21 14:07:22ID: BC  Data: 00 00 00 AA 00 00 00 00 
"
"2016-11-21 14:07:22ID: BB  Data: 00 00 00 AA 00 00 00 00 
"
"2016-11-21 14:07:22ID: BC  Data: 00 00 00 AA 00 00 00 00 
"
"2016-11-21 14:07:22ID: BB  Data: 00 00 00 AA 00 00 00 00 
"
"2016-11-21 14:07:22ID: BC  Data: 00 00 00 AA 00 00 00 00 
"
"2016-11-21 14:07:22ID: BB  Data: 00 00 00 AA 00 00 00 00 
"
"2016-11-21 14:07:22ID: BC  Data: 00 00 00 AA 00 00 00 00 
"
"2016-11-21 14:07:22ID: BB  Data: 00 00 00 AA 00 00 00 00 
"
"2016-11-21 14:07:22ID: BC  Data: 00 00 00 AA 00 00 00 00 
"
"2016-11-21 14:07:22ID: BB  Data: 00 00 00 AA 00 00 00 00 
"
"2016-11-21 14:07:22ID: BC  Data: 00 00 00 AA 00 00 00 00 
"
"2016-11-21 14:07:22ID: BB  Data: 00 00 00 AA 00 00 00 00 
"
"2016-11-21 14:07:22ID: BC  Data: 00 00 00 AA 00 00 00 00 
"
"2016-11-21 14:07:22ID: BB  Data: 00 00 00 AA 00 00 00 00 
"
"2016-11-21 14:07:22ID: BC  Data: 00 00 00 AA 00 00 00 00 
"
"2016-11-21 14:07:22ID: BB  Data: 00 00 00 AA 00 00 00 00 
"
"2016-11-21 14:07:22ID: BC  Data: 00 00 00 AA 00 00 00 00 
"
"2016-11-21 14:07:22ID: BB  Data: 00 00 00 AA 00 00 00 00 
"
"2016-11-21 14:07:22ID: BC  Data: 00 00 00 AA 00 00 00 00 
"
"2016-11-21 14:07:23ID: BB  Data: 00 00 00 AA 00 00 00 00 
"
"2016-11-21 14:07:23ID: BC  Data: 00 00 00 AA 00 00 00 00 
"
"2016-11-21 14:07:23ID: BB  Data: 00 00 00 AA 00 00 00 00 
"
"2016-11-21 14:07:23ID: BC  Data: 00 00 00 AA 00 00 00 00 
"
"2016-11-21 14:07:23ID: BB  Data: 00 00 00 AA 00 00 00 00 
"
"2016-11-21 14:07:23ID: BC  Data: 00 00 00 AA 00 00 00 00 
"
"2016-11-21 14:07:23ID: BB  Data: 00 00 00 AA 00 00 00 00 
"
"2016-11-21 14:07:23ID: BC  Data: 00 00 00 AA 00 00 00 00 
"
"2016-11-21 14:07:23ID: BB  Data: 00 00 00 AA 00 00 00 00 
"
"2016-11-21 14:07:23ID: BC  Data: 00 00 00 AA 00 00 00 00 
"
"2016-11-21 14:07:23ID: BB  Data: 00 00 00 AA 00 00 00 00 
"
"2016-11-21 14:07:23ID: BC  Data: 00 00 00 AA 00 00 00 00 
"
"2016-11-21 14:07:23ID: BB  Data: 00 00 00 AA 00 00 00 00 
"
"2016-11-21 14:07:23ID: BC  Data: 00 00 00 AA 00 00 00 00 
"
"2016-11-21 14:07:23ID: BB  Data: 00 00 00 AA 00 00 00 00 
"
"2016-11-21 14:07:23ID: BC  Data: 00 00 00 AA 00 00 00 00 
"
"2016-11-21 14:07:23ID: BB  Data: 00 00 00 AA 00 00 00 00 
"
"2016-11-21 14:07:23ID: BC  Data: 00 00 00 AA 00 00 00 00 
"
"2016-11-21 14:07:23ID: BB  Data: 00 00 00 AA 00 00 00 00 
"
"2016-11-21 14:07:23ID: BC  Data: 00 00 00 AA 00 00 00 00 
"
"2016-11-21 14:07:23ID: BB  Data: 00 00 00 AA 00 00 00 00 
"
"2016-11-21 14:07:23ID: BC  Data: 00 00 00 AA 00 00 00 00 
"
"2016-11-21 14:07:24ID: BB  Data: 00 00 00 AA 00 00 00 00 
"
"2016-11-21 14:07:24ID: BC  Data: 00 00 00 AA 00 00 00 00 
"
"2016-11-21 14:07:24ID: BB  Data: 00 00 00 AA 00 00 00 00 
"
"2016-11-21 14:07:24ID: BC  Data: 00 00 00 AA 00 00 00 00 
"
"2016-11-21 14:07:24ID: BB  Data: 00 00 00 AA 00 00 00 00 
"
"2016-11-21 14:07:24ID: BC  Data: 00 00 00 AA 00 00 00 00 
"
"2016-11-21 14:07:24ID: BB  Data: 00 00 00 AA 00 00 00 00 
"
"2016-11-21 14:07:24ID: BC  Data: 00 00 00 AA 00 00 00 00 
"
"2016-11-21 14:07:24ID: BB  Data: 00 00 00 AA 00 00 00 00 
"
"2016-11-21 14:07:24ID: BC  Data: 00 00 00 AA 00 00 00 00 
"
"2016-11-21 14:07:24ID: BB  Data: 00 00 00 AA 00 00 00 00 
"
"2016-11-21 14:07:24ID: BC  Data: 00 00 00 AA 00 00 00 00 
"
"2016-11-21 14:07:24ID: BB  Data: 00 00 00 AA 00 00 00 00 
"
"2016-11-21 14:07:24ID: BC  Data: 00 00 00 AA 00 00 00 00 
"
"2016-11-21 14:07:24ID: BB  Data: 00 00 00 AA 00 00 00 00 
"
"2016-11-21 14:07:24ID: BC  Data: 00 00 00 AA 00 00 00 00 
"
"2016-11-21 14:07:24ID: BB  Data: 00 00 00 AA 00 00 00 00 
"
"2016-11-21 14:07:24ID: BC  Data: 00 00 00 AA 00 00 00 00 
"
"2016-11-21 14:07:24ID: BB  Data: 00 00 00 AA 00 00 00 00 
"
"2016-11-21 14:07:24ID: BC  Data: 00 00 00 AA 00 00 00 00 
"
"2016-11-21 14:07:24ID: BB  Data: 00 00 00 AA 00 00 00 00 
"
"2016-11-21 14:07:24ID: BC  Data: 00 00 00 AA 00 00 00 00 
"
"2016-11-21 14:07:24ID: BB  Data: 00 00 00 AA 00 00 00 00 
"
"2016-11-21 14:07:25ID: BC  Data: 00 00 00 AA 00 00 00 00 
"
"2016-11-21 14:07:25ID: BB  Data: 00 00 00 AA 00 00 00 00 
"
"2016-11-21 14:07:25ID: BC  Data: 00 00 00 AA 00 00 00 00 
"
"2016-11-21 14:07:25ID: BB  Data: 00 00 00 AA 00 00 00 00 
"
"2016-11-21 14:07:25ID: BC  Data: 00 00 00 AA 00 00 00 00 
"
"2016-11-21 14:07:25ID: BB  Data: 00 00 00 AA 00 00 00 00 
"
"2016-11-21 14:07:25ID: BC  Data: 00 00 00 AA 00 00 00 00 
"
"2016-11-21 14:07:25ID: BB  Data: 00 00 00 AA 00 00 00 00 
"
"2016-11-21 14:07:25ID: BC  Data: 00 00 00 AA 00 00 00 00 
"
"2016-11-21 14:07:25ID: BB  Data: 00 00 00 AA 00 00 00 00 
"
"2016-11-21 14:07:25ID: BC  Data: 00 00 00 AA 00 00 00 00 
"
"2016-11-21 14:07:25ID: BB  Data: 00 00 00 AA 00 00 00 00 
"
"2016-11-21 14:07:25ID: BC  Data: 00 00 00 AA 00 00 00 00 
"
"2016-11-21 14:07:25ID: BB  Data: 00 00 00 AA 00 00 00 00 
"
"2016-11-21 14:07:25ID: BC  Data: 00 00 00 AA 00 00 00 00 
"
"2016-11-21 14:07:25ID: BB  Data: 00 00 00 AA 00 00 00 00 
"
"2016-11-21 14:07:25ID: BC  Data: 00 00 00 AA 00 00 00 00 
"
"2016-11-21 14:07:25ID: BB  Data: 00 00 00 AA 00 00 00 00 
"
"2016-11-21 14:07:25ID: BC  Data: 00 00 00 AA 00 00 00 00 
"
"2016-11-21 14:07:25ID: BB  Data: 00 00 00 AA 00 00 00 00 
"
"2016-11-21 14:07:25ID: BC  Data: 00 00 00 AA 00 00 00 00 
"
"2016-11-21 14:07:25ID: BB  Data: 00 00 00 AA 00 00 00 00 
"
"2016-11-21 14:07:25ID: BC  Data: 00 00 00 AA 00 00 00 00 
"
"2016-11-21 14:07:26ID: BB  Data: 00 00 00 AA 00 00 00 00 
"
"2016-11-21 14:07:26ID: BC  Data: 00 00 00 AA 00 00 00 00 
"
"2016-11-21 14:07:26ID: BB  Data: 00 00 00 AA 00 00 00 00 
"
"2016-11-21 14:07:26ID: BC  Data: 00 00 00 AA 00 00 00 00 
"
"2016-11-21 14:07:26ID: BB  Data: 00 00 00 AA 00 00 00 00 
"
"2016-11-21 14:07:26ID: BC  Data: 00 00 00 AA 00 00 00 00 
"
"2016-11-21 14:07:26ID: BB  Data: 00 00 00 AA 00 00 00 00 
"
"2016-11-21 14:07:26ID: BC  Data: 00 00 00 AA 00 00 00 00 
"
"2016-11-21 14:07:26ID: BB  Data: 00 00 00 AA 00 00 00 00 
"
"2016-11-21 14:07:26ID: BC  Data: 00 00 00 AA 00 00 00 00 
"
"2016-11-21 14:07:26ID: BB  Data: 00 00 00 AA 00 00 00 00 
"
"2016-11-21 14:07:26ID: BC  Data: 00 00 00 AA 00 00 00 00 
"
"2016-11-21 14:07:26ID: BB  Data: 00 00 00 AA 00 00 00 00 
"
"2016-11-21 14:07:26ID: BC  Data: 00 00 00 AA 00 00 00 00 
"
"2016-11-21 14:07:26ID: BB  Data: 00 00 00 AA 00 00 00 00 
"
"2016-11-21 14:07:26ID: BC  Data: 00 00 00 AA 00 00 00 00 
"
"2016-11-21 14:07:26ID: BB  Data: 00 00 00 AA 00 00 00 00 
"
"2016-11-21 14:07:26ID: BC  Data: 00 00 00 AA 00 00 00 00 
"
"2016-11-21 14:07:26ID: BB  Data: 00 00 00 AA 00 00 00 00 
"
"2016-11-21 14:07:26ID: BC  Data: 00 00 00 AA 00 00 00 00 
"
"2016-11-21 14:07:26ID: BB  Data: 00 00 00 AA 00 00 00 00 
"
"2016-11-21 14:07:26ID: BC  Data: 00 00 00 AA 00 00 00 00 
"
"2016-11-21 14:07:27ID: BB  Data: 00 00 00 AA 00 00 00 00 
"
"2016-11-21 14:07:27ID: BC  Data: 00 00 00 AA 00 00 00 00 
"
"2016-11-21 14:07:27ID: BB  Data: 00 00 00 AA 00 00 00 00 
"
"2016-11-21 14:07:27ID: BC  Data: 00 00 00 AA 00 00 00 00 
"
"2016-11-21 14:07:27ID: BB  Data: 00 00 00 AA 00 00 00 00 
"
"2016-11-21 14:07:27ID: BC  Data: 00 00 00 AA 00 00 00 00 
"
"2016-11-21 14:07:27ID: BB  Data: 00 00 00 AA 00 00 00 00 
"
"2016-11-21 14:07:27ID: BC  Data: 00 00 00 AA 00 00 00 00 
"
"2016-11-21 14:07:27ID: BB  Data: 00 00 00 AA 00 00 00 00 
"
"2016-11-21 14:07:27ID: BC  Data: 00 00 00 AA 00 00 00 00 
"
"2016-11-21 14:07:27ID: BB  Data: 00 00 00 AA 00 00 00 00 
"
"2016-11-21 14:07:27ID: BC  Data: 00 00 00 AA 00 00 00 00 
"
"2016-11-21 14:07:27ID: BB  Data: 00 00 00 AA 00 00 00 00 
"
"2016-11-21 14:07:27ID: BC  Data: 00 00 00 AA 00 00 00 00 
"
"2016-11-21 14:07:27ID: BB  Data: 00 00 00 AA 00 00 00 00 
"
"2016-11-21 14:07:27ID: BC  Data: 00 00 00 AA 00 00 00 00 
"
"2016-11-21 14:07:27ID: BB  Data: 00 00 00 AA 00 00 00 00 
"
"2016-11-21 14:07:27ID: BC  Data: 00 00 00 AA 00 00 00 00 
"
"2016-11-21 14:07:27ID: BB  Data: 00 00 00 AA 00 00 00 00 
"
"2016-11-21 14:07:27ID: BC  Data: 00 00 00 AA 00 00 00 00 
"
"2016-11-21 14:07:27ID: BB  Data: 00 00 00 AA 00 00 00 00 
"
"2016-11-21 14:07:27ID: BC  Data: 00 00 00 AA 00 00 00 00 
"
"2016-11-21 14:07:27ID: BB  Data: 00 00 00 AA 00 00 00 00 
"
"2016-11-21 14:07:27ID: BC  Data: 00 00 00 AA 00 00 00 00 
"
"2016-11-21 14:07:28ID: BB  Data: 00 00 00 AA 00 00 00 00 
"
"2016-11-21 14:07:28ID: BC  Data: 00 00 00 AA 00 00 00 00 
"
"2016-11-21 14:07:28ID: BB  Data: 00 00 00 AA 00 00 00 00 
"
"2016-11-21 14:07:28ID: BC  Data: 00 00 00 AA 00 00 00 00 
"
"2016-11-21 14:07:28ID: BB  Data: 00 00 00 AA 00 00 00 00 
"
"2016-11-21 14:07:28ID: BC  Data: 00 00 00 AA 00 00 00 00 
"
"2016-11-21 14:07:28ID: BB  Data: 00 00 00 AA 00 00 00 00 
"
"2016-11-21 14:07:28ID: BC  Data: 00 00 00 AA 00 00 00 00 
"
"2016-11-21 14:07:28ID: BB  Data: 00 00 00 AA 00 00 00 00 
"
"2016-11-21 14:07:28ID: BC  Data: 00 00 00 AA 00 00 00 00 
"
"2016-11-21 14:07:28ID: BB  Data: 00 00 00 AA 00 00 00 00 
"
"2016-11-21 14:07:28ID: BC  Data: 00 00 00 AA 00 00 00 00 
"
"2016-11-21 14:07:28ID: BB  Data: 00 00 00 AA 00 00 00 00 
"
"2016-11-21 14:07:28ID: BC  Data: 00 00 00 AA 00 00 00 00 
"
"2016-11-21 14:07:28ID: BB  Data: 00 00 00 AA 00 00 00 00 
"
"2016-11-21 14:07:28ID: BC  Data: 00 00 00 AA 00 00 00 00 
"
"2016-11-21 14:07:28ID: BB  Data: 00 00 00 AA 00 00 00 00 
"
"2016-11-21 14:07:28ID: BC  Data: 00 00 00 AA 00 00 00 00 
"
"2016-11-21 14:07:28ID: BB  Data: 00 00 00 AA 00 00 00 00 
"
"2016-11-21 14:07:28ID: BC  Data: 00 00 00 AA 00 00 00 00 
"
"2016-11-21 14:07:28ID: BB  Data: 00 00 00 AA 00 00 00 00 
"
"2016-11-21 14:07:28ID: BC  Data: 00 00 00 AA 00 00 00 00 
"
"2016-11-21 14:07:29ID: BB  Data: 00 00 00 AA 00 00 00 00 
"
"2016-11-21 14:07:29ID: BC  Data: 00 00 00 AA 00 00 00 00 
"
"2016-11-21 14:07:29ID: BB  Data: 00 00 00 AA 00 00 00 00 
"
"2016-11-21 14:07:29ID: BC  Data: 00 00 00 AA 00 00 00 00 
"
"2016-11-21 14:07:29ID: BB  Data: 00 00 00 AA 00 00 00 00 
"
"2016-11-21 14:07:29ID: BC  Data: 00 00 00 AA 00 00 00 00 
"
"2016-11-21 14:07:29ID: BB  Data: 00 00 00 AA 00 00 00 00 
"
"2016-11-21 14:07:29ID: BC  Data: 00 00 00 AA 00 00 00 00 
"
"2016-11-21 14:07:29ID: BB  Data: 00 00 00 AA 00 00 00 00 
"
"2016-11-21 14:07:29ID: BC  Data: 00 00 00 AA 00 00 00 00 
"
"2016-11-21 14:07:29ID: BB  Data: 00 00 00 AA 00 00 00 00 
"
"2016-11-21 14:07:29ID: BC  Data: 00 00 00 AA 00 00 00 00 
"
"2016-11-21 14:07:29ID: BB  Data: 00 00 00 AA 00 00 00 00 
"
"2016-11-21 14:07:29ID: BC  Data: 00 00 00 AA 00 00 00 00 
"
"2016-11-21 14:07:29ID: BB  Data: 00 00 00 AA 00 00 00 00 
"
"2016-11-21 14:07:29ID: BC  Data: 00 00 00 AA 00 00 00 00 
"
"2016-11-21 14:07:29ID: BB  Data: 00 00 00 AA 00 00 00 00 
"
"2016-11-21 14:07:29ID: BC  Data: 00 00 00 AA 00 00 00 00 
"
"2016-11-21 14:07:29ID: BB  Data: 00 00 00 AA 00 00 00 00 
"
"2016-11-21 14:07:29ID: BC  Data: 00 00 00 AA 00 00 00 00 
"
"2016-11-21 14:07:29ID: BB  Data: 00 00 00 AA 00 00 00 00 
"
"2016-11-21 14:07:29ID: BC  Data: 00 00 00 AA 00 00 00 00 
"
"2016-11-21 14:07:30ID: BB  Data: 00 00 00 AA 00 00 00 00 
"
"2016-11-21 14:07:30ID: BC  Data: 00 00 00 AA 00 00 00 00 
"
"2016-11-21 14:07:30ID: BB  Data: 00 00 00 AA 00 00 00 00 
"
"2016-11-21 14:07:30ID: BC  Data: 00 00 00 AA 00 00 00 00 
"
"2016-11-21 14:07:30ID: BB  Data: 00 00 00 AA 00 00 00 00 
"
"2016-11-21 14:07:30ID: BC  Data: 00 00 00 AA 00 00 00 00 
"
"2016-11-21 14:07:30ID: BB  Data: 00 00 00 AA 00 00 00 00 
"
"2016-11-21 14:07:30ID: BC  Data: 00 00 00 AA 00 00 00 00 
"
"2016-11-21 14:07:30ID: BB  Data: 00 00 00 AA 00 00 00 00 
"
"2016-11-21 14:07:30ID: BC  Data: 00 00 00 AA 00 00 00 00 
"
"2016-11-21 14:07:30ID: BB  Data: 00 00 00 AA 00 00 00 00 
"
"2016-11-21 14:07:30ID: BC  Data: 00 00 00 AA 00 00 00 00 
"
"2016-11-21 14:07:30ID: BB  Data: 00 00 00 AA 00 00 00 00 
"
"2016-11-21 14:07:30ID: BC  Data: 00 00 00 AA 00 00 00 00 
"
"2016-11-21 14:07:30ID: BB  Data: 00 00 00 AA 00 00 00 00 
"
"2016-11-21 14:07:30ID: BC  Data: 00 00 00 AA 00 00 00 00 
"
"2016-11-21 14:07:30ID: BB  Data: 00 00 00 AA 00 00 00 00 
"
"2016-11-21 14:07:30ID: BC  Data: 00 00 00 AA 00 00 00 00 
"
"2016-11-21 14:07:30ID: BB  Data: 00 00 00 AA 00 00 00 00 
"
"2016-11-21 14:07:30ID: BC  Data: 00 00 00 AA 00 00 00 00 
"
"2016-11-21 14:07:30ID: BB  Data: 00 00 00 AA 00 00 00 00 
"
"2016-11-21 14:07:30ID: BC  Data: 00 00 00 AA 00 00 00 00 
"
"2016-11-21 14:07:30ID: BB  Data: 00 00 00 AA 00 00 00 00 
"
"2016-11-21 14:07:30ID: BC  Data: 00 00 00 AA 00 00 00 00 
"
"2016-11-21 14:07:31ID: BB  Data: 00 00 00 AA 00 00 00 00 
"
"2016-11-21 14:07:31ID: BC  Data: 00 00 00 AA 00 00 00 00 
"
"2016-11-21 14:07:31ID: BB  Data: 00 00 00 AA 00 00 00 00 
"
"2016-11-21 14:07:31ID: BC  Data: 00 00 00 AA 00 00 00 00 
"
"2016-11-21 14:07:31ID: BB  Data: 00 00 00 AA 00 00 00 00 
"
"2016-11-21 14:07:31ID: BC  Data: 00 00 00 AA 00 00 00 00 
"
"2016-11-21 14:07:31ID: BB  Data: 00 00 00 AA 00 00 00 00 
"
"2016-11-21 14:07:31ID: BC  Data: 00 00 00 AA 00 00 00 00 
"
"2016-11-21 14:07:31ID: BB  Data: 00 00 00 AA 00 00 00 00 
"
"2016-11-21 14:07:31ID: BC  Data: 00 00 00 AA 00 00 00 00 
"
"2016-11-21 14:07:31ID: BB  Data: 00 00 00 AA 00 00 00 00 
"
"2016-11-21 14:07:31ID: BC  Data: 00 00 00 AA 00 00 00 00 
"
"2016-11-21 14:07:31ID: BB  Data: 00 00 00 AA 00 00 00 00 
"
"2016-11-21 14:07:31ID: BC  Data: 00 00 00 AA 00 00 00 00 
"
"2016-11-21 14:07:31ID: BB  Data: 00 00 00 AA 00 00 00 00 
"
"2016-11-21 14:07:31ID: BC  Data: 00 00 00 AA 00 00 00 00 
"
"2016-11-21 14:07:31ID: BB  Data: 00 00 00 AA 00 00 00 00 
"
"2016-11-21 14:07:31ID: BC  Data: 00 00 00 AA 00 00 00 00 
"
"2016-11-21 14:07:31ID: BB  Data: 00 00 00 AA 00 00 00 00 
"
"2016-11-21 14:07:31ID: BC  Data: 00 00 00 AA 00 00 00 00 
"
"2016-11-21 14:07:31ID: BB  Data: 00 00 00 AA 00 00 00 00 
"
"2016-11-21 14:07:31ID: BC  Data: 00 00 00 AA 00 00 00 00 
"
"2016-11-21 14:07:32ID: BB  Data: 00 00 00 AA 00 00 00 00 
"
"2016-11-21 14:07:32ID: BC  Data: 00 00 00 AA 00 00 00 00 
"
"2016-11-21 14:07:32ID: BB  Data: 00 00 00 AA 00 00 00 00 
"
"2016-11-21 14:07:32ID: BC  Data: 00 00 00 AA 00 00 00 00 
"
"2016-11-21 14:07:32ID: BB  Data: 00 00 00 AA 00 00 00 00 
"
"2016-11-21 14:07:32ID: BC  Data: 00 00 00 AA 00 00 00 00 
"
"2016-11-21 14:07:32ID: BB  Data: 00 00 00 AA 00 00 00 00 
"
"2016-11-21 14:07:32ID: BC  Data: 00 00 00 AA 00 00 00 00 
"
"2016-11-21 14:07:32ID: BB  Data: 00 00 00 AA 00 00 00 00 
"
"2016-11-21 14:07:32ID: BC  Data: 00 00 00 AA 00 00 00 00 
"
"2016-11-21 14:07:32ID: BB  Data: 00 00 00 AA 00 00 00 00 
"
"2016-11-21 14:07:32ID: BC  Data: 00 00 00 AA 00 00 00 00 
"
"2016-11-21 14:07:32ID: BB  Data: 00 00 00 AA 00 00 00 00 
"
"2016-11-21 14:07:32ID: BC  Data: 00 00 00 AA 00 00 00 00 
"
"2016-11-21 14:07:32ID: BB  Data: 00 00 00 AA 00 00 00 00 
"
"2016-11-21 14:07:32ID: BC  Data: 00 00 00 AA 00 00 00 00 
"
"2016-11-21 14:07:32ID: BB  Data: 00 00 00 AA 00 00 00 00 
"
"2016-11-21 14:07:32ID: BC  Data: 00 00 00 AA 00 00 00 00 
"
"2016-11-21 14:07:32ID: BB  Data: 00 00 00 AA 00 00 00 00 
"
"2016-11-21 14:07:32ID: BC  Data: 00 00 00 AA 00 00 00 00 
"
"2016-11-21 14:07:32ID: BB  Data: 00 00 00 AA 00 00 00 00 
"
"2016-11-21 14:07:32ID: BC  Data: 00 00 00 AA 00 00 00 00 
"
"2016-11-21 14:07:32ID: BB  Data: 00 00 00 AA 00 00 00 00 
"
"2016-11-21 14:07:33ID: BC  Data: 00 00 00 AA 00 00 00 00 
"
"2016-11-21 14:07:33ID: BB  Data: 00 00 00 AA 00 00 00 00 
"
"2016-11-21 14:07:33ID: BC  Data: 00 00 00 AA 00 00 00 00 
"
"2016-11-21 14:07:33ID: BB  Data: 00 00 00 AA 00 00 00 00 
"
"2016-11-21 14:07:33ID: BC  Data: 00 00 00 AA 00 00 00 00 
"
"2016-11-21 14:07:33ID: BB  Data: 00 00 00 AA 00 00 00 00 
"
"2016-11-21 14:07:33ID: BC  Data: 00 00 00 AA 00 00 00 00 
"
"2016-11-21 14:07:33ID: BB  Data: 00 00 00 AA 00 00 00 00 
"
"2016-11-21 14:07:33ID: BC  Data: 00 00 00 AA 00 00 00 00 
"
"2016-11-21 14:07:33ID: BB  Data: 00 00 00 AA 00 00 00 00 
"
"2016-11-21 14:07:33ID: BC  Data: 00 00 00 AA 00 00 00 00 
"
"2016-11-21 14:07:33ID: BB  Data: 00 00 00 AA 00 00 00 00 
"
"2016-11-21 14:07:33ID: BC  Data: 00 00 00 AA 00 00 00 00 
"
"2016-11-21 14:07:33ID: BB  Data: 00 00 00 AA 00 00 00 00 
"
"2016-11-21 14:07:33ID: BC  Data: 00 00 00 AA 00 00 00 00 
"
"2016-11-21 14:07:33ID: BB  Data: 00 00 00 AA 00 00 00 00 
"
"2016-11-21 14:07:33ID: BC  Data: 00 00 00 AA 00 00 00 00 
"
"2016-11-21 14:07:33ID: BB  Data: 00 00 00 AA 00 00 00 00 
"
"2016-11-21 14:07:33ID: BC  Data: 00 00 00 AA 00 00 00 00 
"
"2016-11-21 14:07:33ID: BB  Data: 00 00 00 AA 00 00 00 00 
"
"2016-11-21 14:07:33ID: BC  Data: 00 00 00 AA 00 00 00 00 
"
"2016-11-21 14:07:33ID: BB  Data: 00 00 00 AA 00 00 00 00 
"
"2016-11-21 14:07:33ID: BC  Data: 00 00 00 AA 00 00 00 00 
"
"2016-11-21 14:07:34ID: BB  Data: 00 00 00 AA 00 00 00 00 
"
"2016-11-21 14:07:34ID: BC  Data: 00 00 00 AA 00 00 00 00 
"
"2016-11-21 14:07:34ID: BB  Data: 00 00 00 AA 00 00 00 00 
"
"2016-11-21 14:07:34ID: BC  Data: 00 00 00 AA 00 00 00 00 
"
"2016-11-21 14:07:34ID: BB  Data: 00 00 00 AA 00 00 00 00 
"
"2016-11-21 14:07:34ID: BC  Data: 00 00 00 AA 00 00 00 00 
"
"2016-11-21 14:07:34ID: BB  Data: 00 00 00 AA 00 00 00 00 
"
"2016-11-21 14:07:34ID: BC  Data: 00 00 00 AA 00 00 00 00 
"
"2016-11-21 14:07:34ID: BB  Data: 00 00 00 AA 00 00 00 00 
"
"2016-11-21 14:07:34ID: BC  Data: 00 00 00 AA 00 00 00 00 
"
"2016-11-21 14:07:34ID: BB  Data: 00 00 00 AA 00 00 00 00 
"
"2016-11-21 14:07:34ID: BC  Data: 00 00 00 AA 00 00 00 00 
"
"2016-11-21 14:07:34ID: BB  Data: 00 00 00 AA 00 00 00 00 
"
"2016-11-21 14:07:34ID: BC  Data: 00 00 00 AA 00 00 00 00 
"
"2016-11-21 14:07:34ID: BB  Data: 00 00 00 AA 00 00 00 00 
"
"2016-11-21 14:07:34ID: BC  Data: 00 00 00 AA 00 00 00 00 
"
"2016-11-21 14:07:34ID: BB  Data: 00 00 00 AA 00 00 00 00 
"
"2016-11-21 14:07:34ID: BC  Data: 00 00 00 AA 00 00 00 00 
"
"2016-11-21 14:07:34ID: BB  Data: 00 00 00 AA 00 00 00 00 
"
"2016-11-21 14:07:34ID: BC  Data: 00 00 00 AA 00 00 00 00 
"
"2016-11-21 14:07:34ID: BB  Data: 00 00 00 AA 00 00 00 00 
"
"2016-11-21 14:07:34ID: BC  Data: 00 00 00 AA 00 00 00 00 
"
"2016-11-21 14:07:35ID: BB  Data: 00 00 00 AA 00 00 00 00 
"
"2016-11-21 14:07:35ID: BC  Data: 00 00 00 AA 00 00 00 00 
"
"2016-11-21 14:07:35ID: BB  Data: 00 00 00 AA 00 00 00 00 
"
"2016-11-21 14:07:35ID: BC  Data: 00 00 00 AA 00 00 00 00 
"
"2016-11-21 14:07:35ID: BB  Data: 00 00 00 AA 00 00 00 00 
"
"2016-11-21 14:07:35ID: BC  Data: 00 00 00 AA 00 00 00 00 
"
"2016-11-21 14:07:35ID: BB  Data: 00 00 00 AA 00 00 00 00 
"
"2016-11-21 14:07:35ID: BC  Data: 00 00 00 AA 00 00 00 00 
"
"2016-11-21 14:07:35ID: BB  Data: 00 00 00 AA 00 00 00 00 
"
"2016-11-21 14:07:35ID: BC  Data: 00 00 00 AA 00 00 00 00 
"
"2016-11-21 14:07:35ID: BB  Data: 00 00 00 AA 00 00 00 00 
"
"2016-11-21 14:07:35ID: BC  Data: 00 00 00 AA 00 00 00 00 
"
"2016-11-21 14:07:35ID: BB  Data: 00 00 00 AA 00 00 00 00 
"
"2016-11-21 14:07:35ID: BC  Data: 00 00 00 AA 00 00 00 00 
"
"2016-11-21 14:07:35ID: BB  Data: 00 00 00 AA 00 00 00 00 
"
"2016-11-21 14:07:35ID: BC  Data: 00 00 00 AA 00 00 00 00 
"
"2016-11-21 14:07:35ID: BB  Data: 00 00 00 AA 00 00 00 00 
"
"2016-11-21 14:07:35ID: BC  Data: 00 00 00 AA 00 00 00 00 
"
"2016-11-21 14:07:35ID: BB  Data: 00 00 00 AA 00 00 00 00 
"
"2016-11-21 14:07:35ID: BC  Data: 00 00 00 AA 00 00 00 00 
"
"2016-11-21 14:07:35ID: BB  Data: 00 00 00 AA 00 00 00 00 
"
"2016-11-21 14:07:35ID: BC  Data: 00 00 00 AA 00 00 00 00 
"
"2016-11-21 14:07:35ID: BB  Data: 00 00 00 AA 00 00 00 00 
"
"2016-11-21 14:07:35ID: BC  Data: 00 00 00 AA 00 00 00 00 
"
"2016-11-21 14:07:36ID: BB  Data: 00 00 00 AA 00 00 00 00 
"
"2016-11-21 14:07:36ID: BC  Data: 00 00 00 AA 00 00 00 00 
"
"2016-11-21 14:07:36ID: BB  Data: 00 00 00 AA 00 00 00 00 
"
"2016-11-21 14:07:36ID: BC  Data: 00 00 00 AA 00 00 00 00 
"
"2016-11-21 14:07:36ID: BB  Data: 00 00 00 AA 00 00 00 00 
"
"2016-11-21 14:07:36ID: BC  Data: 00 00 00 AA 00 00 00 00 
"
"2016-11-21 14:07:36ID: BB  Data: 00 00 00 AA 00 00 00 00 
"
"2016-11-21 14:07:36ID: BC  Data: 00 00 00 AA 00 00 00 00 
"
"2016-11-21 14:07:36ID: BB  Data: 00 00 00 AA 00 00 00 00 
"
"2016-11-21 14:07:36ID: BC  Data: 00 00 00 AA 00 00 00 00 
"
"2016-11-21 14:07:36ID: BB  Data: 00 00 00 AA 00 00 00 00 
"
"2016-11-21 14:07:36ID: BC  Data: 00 00 00 AA 00 00 00 00 
"
"2016-11-21 14:07:36ID: BB  Data: 00 00 00 AA 00 00 00 00 
"
"2016-11-21 14:07:36ID: BC  Data: 00 00 00 AA 00 00 00 00 
"
"2016-11-21 14:07:36ID: BB  Data: 00 00 00 AA 00 00 00 00 
"
"2016-11-21 14:07:36ID: BC  Data: 00 00 00 AA 00 00 00 00 
"
"2016-11-21 14:07:36ID: BB  Data: 00 00 00 AA 00 00 00 00 
"
"2016-11-21 14:07:36ID: BC  Data: 00 00 00 AA 00 00 00 00 
"
"2016-11-21 14:07:36ID: BB  Data: 00 00 00 AA 00 00 00 00 
"
"2016-11-21 14:07:36ID: BC  Data: 00 00 00 AA 00 00 00 00 
"
"2016-11-21 14:07:36ID: BB  Data: 00 00 00 AA 00 00 00 00 
"
"2016-11-21 14:07:36ID: BC  Data: 00 00 00 AA 00 00 00 00 
"
"2016-11-21 14:07:37ID: BB  Data: 00 00 00 AA 00 00 00 00 
"
"2016-11-21 14:07:37ID: BC  Data: 00 00 00 AA 00 00 00 00 
"
"2016-11-21 14:07:37ID: BB  Data: 00 00 00 AA 00 00 00 00 
"
"2016-11-21 14:07:37ID: BC  Data: 00 00 00 AA 00 00 00 00 
"
"2016-11-21 14:07:37ID: BB  Data: 00 00 00 AA 00 00 00 00 
"
"2016-11-21 14:07:37ID: BC  Data: 00 00 00 AA 00 00 00 00 
"
"2016-11-21 14:07:37ID: BB  Data: 00 00 00 AA 00 00 00 00 
"
"2016-11-21 14:07:37ID: BC  Data: 00 00 00 AA 00 00 00 00 
"
"2016-11-21 14:07:37ID: BB  Data: 00 00 00 AA 00 00 00 00 
"
"2016-11-21 14:07:37ID: BC  Data: 00 00 00 AA 00 00 00 00 
"
"2016-11-21 14:07:37ID: BB  Data: 00 00 00 AA 00 00 00 00 
"
"2016-11-21 14:07:37ID: BC  Data: 00 00 00 AA 00 00 00 00 
"
"2016-11-21 14:07:37ID: BB  Data: 00 00 00 AA 00 00 00 00 
"
"2016-11-21 14:07:37ID: BC  Data: 00 00 00 AA 00 00 00 00 
"
"2016-11-21 14:07:37ID: BB  Data: 00 00 00 AA 00 00 00 00 
"
"2016-11-21 14:07:37ID: BC  Data: 00 00 00 AA 00 00 00 00 
"
"2016-11-21 14:07:37ID: BB  Data: 00 00 00 AA 00 00 00 00 
"
"2016-11-21 14:07:37ID: BC  Data: 00 00 00 AA 00 00 00 00 
"
"2016-11-21 14:07:37ID: BB  Data: 00 00 00 AA 00 00 00 00 
"
"2016-11-21 14:07:37ID: BC  Data: 00 00 00 AA 00 00 00 00 
"
"2016-11-21 14:07:37ID: BB  Data: 00 00 00 AA 00 00 00 00 
"
"2016-11-21 14:07:37ID: BC  Data: 00 00 00 AA 00 00 00 00 
"
"2016-11-21 14:07:38ID: BB  Data: 00 00 00 AA 00 00 00 00 
"
"2016-11-21 14:07:38ID: BC  Data: 00 00 00 AA 00 00 00 00 
"
"2016-11-21 14:07:38ID: BB  Data: 00 00 00 AA 00 00 00 00 
"
"2016-11-21 14:07:38ID: BC  Data: 00 00 00 AA 00 00 00 00 
"
"2016-11-21 14:07:38ID: BB  Data: 00 00 00 AA 00 00 00 00 
"
"2016-11-21 14:07:38ID: BC  Data: 00 00 00 AA 00 00 00 00 
"
"2016-11-21 14:07:38ID: BB  Data: 00 00 00 AA 00 00 00 00 
"
"2016-11-21 14:07:38ID: BC  Data: 00 00 00 AA 00 00 00 00 
"
"2016-11-21 14:07:38ID: BB  Data: 00 00 00 AA 00 00 00 00 
"
"2016-11-21 14:07:38ID: BC  Data: 00 00 00 AA 00 00 00 00 
"
"2016-11-21 14:07:38ID: BB  Data: 00 00 00 AA 00 00 00 00 
"
"2016-11-21 14:07:38ID: BC  Data: 00 00 00 AA 00 00 00 00 
"
"2016-11-21 14:07:38ID: BB  Data: 00 00 00 AA 00 00 00 00 
"
"2016-11-21 14:07:38ID: BC  Data: 00 00 00 AA 00 00 00 00 
"
"2016-11-21 14:07:38ID: BB  Data: 00 00 00 AA 00 00 00 00 
"
"2016-11-21 14:07:38ID: BC  Data: 00 00 00 AA 00 00 00 00 
"
"2016-11-21 14:07:38ID: BB  Data: 00 00 00 AA 00 00 00 00 
"
"2016-11-21 14:07:38ID: BC  Data: 00 00 00 AA 00 00 00 00 
"
"2016-11-21 14:07:38ID: BB  Data: 00 00 00 AA 00 00 00 00 
"
"2016-11-21 14:07:38ID: BC  Data: 00 00 00 AA 00 00 00 00 
"
"2016-11-21 14:07:38ID: BB  Data: 00 00 00 AA 00 00 00 00 
"
"2016-11-21 14:07:38ID: BC  Data: 00 00 00 AA 00 00 00 00 
"
"2016-11-21 14:07:38ID: BB  Data: 00 00 00 AA 00 00 00 00 
"
"2016-11-21 14:07:38ID: BC  Data: 00 00 00 AA 00 00 00 00 
"
"2016-11-21 14:07:39ID: BB  Data: 00 00 00 AA 00 00 00 00 
"
"2016-11-21 14:07:39ID: BC  Data: 00 00 00 AA 00 00 00 00 
"
"2016-11-21 14:07:39ID: BB  Data: 00 00 00 AA 00 00 00 00 
"
"2016-11-21 14:07:39ID: BC  Data: 00 00 00 AA 00 00 00 00 
"
"2016-11-21 14:07:39ID: BB  Data: 00 00 00 AA 00 00 00 00 
"
"2016-11-21 14:07:39ID: BC  Data: 00 00 00 AA 00 00 00 00 
"
"2016-11-21 14:07:39ID: BB  Data: 00 00 00 AA 00 00 00 00 
"
"2016-11-21 14:07:39ID: BC  Data: 00 00 00 AA 00 00 00 00 
"
"2016-11-21 14:07:39ID: BB  Data: 00 00 00 AA 00 00 00 00 
"
"2016-11-21 14:07:39ID: BC  Data: 00 00 00 AA 00 00 00 00 
"
"2016-11-21 14:07:39ID: BB  Data: 00 00 00 AA 00 00 00 00 
"
"2016-11-21 14:07:39ID: BC  Data: 00 00 00 AA 00 00 00 00 
"
"2016-11-21 14:07:39ID: BB  Data: 00 00 00 AA 00 00 00 00 
"
"2016-11-21 14:07:39ID: BC  Data: 00 00 00 AA 00 00 00 00 
"
"2016-11-21 14:07:39ID: BB  Data: 00 00 00 AA 00 00 00 00 
"
"2016-11-21 14:07:39ID: BC  Data: 00 00 00 AA 00 00 00 00 
"
"2016-11-21 14:07:39ID: BB  Data: 00 00 00 AA 00 00 00 00 
"
"2016-11-21 14:07:39ID: BC  Data: 00 00 00 AA 00 00 00 00 
"
"2016-11-21 14:07:39ID: BB  Data: 00 00 00 AA 00 00 00 00 
"
"2016-11-21 14:07:39ID: BC  Data: 00 00 00 AA 00 00 00 00 
"
"2016-11-21 14:07:39ID: BB  Data: 00 00 00 AA 00 00 00 00 
"
"2016-11-21 14:07:39ID: BC  Data: 00 00 00 AA 00 00 00 00 
"
"2016-11-21 14:07:40ID: BB  Data: 00 00 00 AA 00 00 00 00 
"
"2016-11-21 14:07:40ID: BC  Data: 00 00 00 AA 00 00 00 00 
"
"2016-11-21 14:07:40ID: BB  Data: 00 00 00 AA 00 00 00 00 
"
"2016-11-21 14:07:40ID: BC  Data: 00 00 00 AA 00 00 00 00 
"
"2016-11-21 14:07:40ID: BB  Data: 00 00 00 AA 00 00 00 00 
"
"2016-11-21 14:07:40ID: BC  Data: 00 00 00 AA 00 00 00 00 
"
"2016-11-21 14:07:40ID: BB  Data: 00 00 00 AA 00 00 00 00 
"
"2016-11-21 14:07:40ID: BC  Data: 00 00 00 AA 00 00 00 00 
"
"2016-11-21 14:07:40ID: BB  Data: 00 00 00 AA 00 00 00 00 
"
"2016-11-21 14:07:40ID: BC  Data: 00 00 00 AA 00 00 00 00 
"
"2016-11-21 14:07:40ID: BB  Data: 00 00 00 AA 00 00 00 00 
"
"2016-11-21 14:07:40ID: BC  Data: 00 00 00 AA 00 00 00 00 
"
"2016-11-21 14:07:40ID: BB  Data: 00 00 00 AA 00 00 00 00 
"
"2016-11-21 14:07:40ID: BC  Data: 00 00 00 AA 00 00 00 00 
"
"2016-11-21 14:07:40ID: BB  Data: 00 00 00 AA 00 00 00 00 
"
"2016-11-21 14:07:40ID: BC  Data: 00 00 00 AA 00 00 00 00 
"
"2016-11-21 14:07:40ID: BB  Data: 00 00 00 AA 00 00 00 00 
"
"2016-11-21 14:07:40ID: BC  Data: 00 00 00 AA 00 00 00 00 
"
"2016-11-21 14:07:40ID: BB  Data: 00 00 00 AA 00 00 00 00 
"
"2016-11-21 14:07:40ID: BC  Data: 00 00 00 AA 00 00 00 00 
"
"2016-11-21 14:07:40ID: BB  Data: 00 00 00 AA 00 00 00 00 
"
"2016-11-21 14:07:40ID: BC  Data: 00 00 00 AA 00 00 00 00 
"
"2016-11-21 14:07:40ID: BB  Data: 00 00 00 AA 00 00 00 00 
"
"2016-11-21 14:07:41ID: BC  Data: 00 00 00 AA 00 00 00 00 
"
"2016-11-21 14:07:41ID: BB  Data: 00 00 00 AA 00 00 00 00 
"
"2016-11-21 14:07:41ID: BC  Data: 00 00 00 AA 00 00 00 00 
"
"2016-11-21 14:07:41ID: BB  Data: 00 00 00 AA 00 00 00 00 
"
"2016-11-21 14:07:41ID: BC  Data: 00 00 00 AA 00 00 00 00 
"
"2016-11-21 14:07:41ID: BB  Data: 00 00 00 AA 00 00 00 00 
"
"2016-11-21 14:07:41ID: BC  Data: 00 00 00 AA 00 00 00 00 
"
"2016-11-21 14:07:41ID: BB  Data: 00 00 00 AA 00 00 00 00 
"
"2016-11-21 14:07:41ID: BC  Data: 00 00 00 AA 00 00 00 00 
"
"2016-11-21 14:07:41ID: BB  Data: 00 00 00 AA 00 00 00 00 
"
"2016-11-21 14:07:41ID: BC  Data: 00 00 00 AA 00 00 00 00 
"
"2016-11-21 14:07:41ID: BB  Data: 00 00 00 AA 00 00 00 00 
"
"2016-11-21 14:07:41ID: BC  Data: 00 00 00 AA 00 00 00 00 
"
"2016-11-21 14:07:41ID: BB  Data: 00 00 00 AA 00 00 00 00 
"
"2016-11-21 14:07:41ID: BC  Data: 00 00 00 AA 00 00 00 00 
"
"2016-11-21 14:07:41ID: BB  Data: 00 00 00 AA 00 00 00 00 
"
"2016-11-21 14:07:41ID: BC  Data: 00 00 00 AA 00 00 00 00 
"
"2016-11-21 14:07:41ID: BB  Data: 00 00 00 AA 00 00 00 00 
"
"2016-11-21 14:07:41ID: BC  Data: 00 00 00 AA 00 00 00 00 
"
"2016-11-21 14:07:41ID: BB  Data: 00 00 00 AA 00 00 00 00 
"
"2016-11-21 14:07:41ID: BC  Data: 00 00 00 AA 00 00 00 00 
"
"2016-11-21 14:07:41ID: BB  Data: 00 00 00 AA 00 00 00 00 
"
"2016-11-21 14:07:41ID: BC  Data: 00 00 00 AA 00 00 00 00 
"
"2016-11-21 14:07:42ID: BB  Data: 00 00 00 AA 00 00 00 00 
"
"2016-11-21 14:07:42ID: BC  Data: 00 00 00 AA 00 00 00 00 
"
"2016-11-21 14:07:42ID: BB  Data: 00 00 00 AA 00 00 00 00 
"
"2016-11-21 14:07:42ID: BC  Data: 00 00 00 AA 00 00 00 00 
"
"2016-11-21 14:07:42ID: BB  Data: 00 00 00 AA 00 00 00 00 
"
"2016-11-21 14:07:42ID: BC  Data: 00 00 00 AA 00 00 00 00 
"
"2016-11-21 14:07:42ID: BB  Data: 00 00 00 AA 00 00 00 00 
"
"2016-11-21 14:07:42ID: BC  Data: 00 00 00 AA 00 00 00 00 
"
"2016-11-21 14:07:42ID: BB  Data: 00 00 00 AA 00 00 00 00 
"
"2016-11-21 14:07:42ID: BC  Data: 00 00 00 AA 00 00 00 00 
"
"2016-11-21 14:07:42ID: BB  Data: 00 00 00 AA 00 00 00 00 
"
"2016-11-21 14:07:42ID: BC  Data: 00 00 00 AA 00 00 00 00 
"
"2016-11-21 14:07:42ID: BB  Data: 00 00 00 AA 00 00 00 00 
"
"2016-11-21 14:07:42ID: BC  Data: 00 00 00 AA 00 00 00 00 
"
"2016-11-21 14:07:42ID: BB  Data: 00 00 00 AA 00 00 00 00 
"
"2016-11-21 14:07:42ID: BC  Data: 00 00 00 AA 00 00 00 00 
"
"2016-11-21 14:07:42ID: BB  Data: 00 00 00 AA 00 00 00 00 
"
"2016-11-21 14:07:42ID: BC  Data: 00 00 00 AA 00 00 00 00 
"
"2016-11-21 14:07:42ID: BB  Data: 00 00 00 AA 00 00 00 00 
"
"2016-11-21 14:07:42ID: BC  Data: 00 00 00 AA 00 00 00 00 
"
"2016-11-21 14:07:42ID: BB  Data: 00 00 00 AA 00 00 00 00 
"
"2016-11-21 14:07:42ID: BC  Data: 00 00 00 AA 00 00 00 00 
"
"2016-11-21 14:07:43ID: BB  Data: 00 00 00 AA 00 00 00 00 
"
"2016-11-21 14:07:43ID: BC  Data: 00 00 00 AA 00 00 00 00 
"
"2016-11-21 14:07:43ID: BB  Data: 00 00 00 AA 00 00 00 00 
"
"2016-11-21 14:07:43ID: BC  Data: 00 00 00 AA 00 00 00 00 
"
"2016-11-21 14:07:43ID: BB  Data: 00 00 00 AA 00 00 00 00 
"
"2016-11-21 14:07:43ID: BC  Data: 00 00 00 AA 00 00 00 00 
"
"2016-11-21 14:07:43ID: BB  Data: 00 00 00 AA 00 00 00 00 
"
"2016-11-21 14:07:43ID: BC  Data: 00 00 00 AA 00 00 00 00 
"
"2016-11-21 14:07:43ID: BB  Data: 00 00 00 AA 00 00 00 00 
"
"2016-11-21 14:07:43ID: BC  Data: 00 00 00 AA 00 00 00 00 
"
"2016-11-21 14:07:43ID: BB  Data: 00 00 00 AA 00 00 00 00 
"
"2016-11-21 14:07:43ID: BC  Data: 00 00 00 AA 00 00 00 00 
"
"2016-11-21 14:07:43ID: BB  Data: 00 00 00 AA 00 00 00 00 
"
"2016-11-21 14:07:43ID: BC  Data: 00 00 00 AA 00 00 00 00 
"
"2016-11-21 14:07:43ID: BB  Data: 00 00 00 AA 00 00 00 00 
"
"2016-11-21 14:07:43ID: BC  Data: 00 00 00 AA 00 00 00 00 
"
"2016-11-21 14:07:43ID: BB  Data: 00 00 00 AA 00 00 00 00 
"
"2016-11-21 14:07:43ID: BC  Data: 00 00 00 AA 00 00 00 00 
"
"2016-11-21 14:07:43ID: BB  Data: 00 00 00 AA 00 00 00 00 
"
"2016-11-21 14:07:43ID: BC  Data: 00 00 00 AA 00 00 00 00 
"
"2016-11-21 14:07:43ID: BB  Data: 00 00 00 AA 00 00 00 00 
"
"2016-11-21 14:07:43ID: BC  Data: 00 00 00 AA 00 00 00 00 
"
"2016-11-21 14:07:43ID: BB  Data: 00 00 00 AA 00 00 00 00 
"
"2016-11-21 14:07:43ID: BC  Data: 00 00 00 AA 00 00 00 00 
"
"2016-11-21 14:07:44ID: BB  Data: 00 00 00 AA 00 00 00 00 
"
"2016-11-21 14:07:44ID: BC  Data: 00 00 00 AA 00 00 00 00 
"
"2016-11-21 14:07:44ID: BB  Data: 00 00 00 AA 00 00 00 00 
"
"2016-11-21 14:07:44ID: BC  Data: 00 00 00 AA 00 00 00 00 
"
"2016-11-21 14:07:44ID: BB  Data: 00 00 00 AA 00 00 00 00 
"
"2016-11-21 14:07:44ID: BC  Data: 00 00 00 AA 00 00 00 00 
"
"2016-11-21 14:07:44ID: BB  Data: 00 00 00 AA 00 00 00 00 
"
"2016-11-21 14:07:44ID: BC  Data: 00 00 00 AA 00 00 00 00 
"
"2016-11-21 14:07:44ID: BB  Data: 00 00 00 AA 00 00 00 00 
"
"2016-11-21 14:07:44ID: BC  Data: 00 00 00 AA 00 00 00 00 
"
"2016-11-21 14:07:44ID: BB  Data: 00 00 00 AA 00 00 00 00 
"
"2016-11-21 14:07:44ID: BC  Data: 00 00 00 AA 00 00 00 00 
"
"2016-11-21 14:07:44ID: BB  Data: 00 00 00 AA 00 00 00 00 
"
"2016-11-21 14:07:44ID: BC  Data: 00 00 00 AA 00 00 00 00 
"
"2016-11-21 14:07:44ID: BB  Data: 00 00 00 AA 00 00 00 00 
"
"2016-11-21 14:07:44ID: BC  Data: 00 00 00 AA 00 00 00 00 
"
"2016-11-21 14:07:44ID: BB  Data: 00 00 00 AA 00 00 00 00 
"
"2016-11-21 14:07:44ID: BC  Data: 00 00 00 AA 00 00 00 00 
"
"2016-11-21 14:07:44ID: BB  Data: 00 00 00 AA 00 00 00 00 
"
"2016-11-21 14:07:44ID: BC  Data: 00 00 00 AA 00 00 00 00 
"
"2016-11-21 14:07:44ID: BB  Data: 00 00 00 AA 00 00 00 00 
"
"2016-11-21 14:07:44ID: BC  Data: 00 00 00 AA 00 00 00 00 
"
"2016-11-21 14:07:45ID: BB  Data: 00 00 00 AA 00 00 00 00 
"
"2016-11-21 14:07:45ID: BC  Data: 00 00 00 AA 00 00 00 00 
"
"2016-11-21 14:07:45ID: BB  Data: 00 00 00 AA 00 00 00 00 
"
"2016-11-21 14:07:45ID: BC  Data: 00 00 00 AA 00 00 00 00 
"
"2016-11-21 14:07:45ID: BB  Data: 00 00 00 AA 00 00 00 00 
"
"2016-11-21 14:07:45ID: BC  Data: 00 00 00 AA 00 00 00 00 
"
"2016-11-21 14:07:45ID: BB  Data: 00 00 00 AA 00 00 00 00 
"
"2016-11-21 14:07:45ID: BC  Data: 00 00 00 AA 00 00 00 00 
"
"2016-11-21 14:07:45ID: BB  Data: 00 00 00 AA 00 00 00 00 
"
"2016-11-21 14:07:45ID: BC  Data: 00 00 00 AA 00 00 00 00 
"
"2016-11-21 14:07:45ID: BB  Data: 00 00 00 AA 00 00 00 00 
"
"2016-11-21 14:07:45ID: BC  Data: 00 00 00 AA 00 00 00 00 
"
"2016-11-21 14:07:45ID: BB  Data: 00 00 00 AA 00 00 00 00 
"
"2016-11-21 14:07:45ID: BC  Data: 00 00 00 AA 00 00 00 00 
"
"2016-11-21 14:07:45ID: BB  Data: 00 00 00 AA 00 00 00 00 
"
"2016-11-21 14:07:45ID: BC  Data: 00 00 00 AA 00 00 00 00 
"
"2016-11-21 14:07:45ID: BB  Data: 00 00 00 AA 00 00 00 00 
"
"2016-11-21 14:07:45ID: BC  Data: 00 00 00 AA 00 00 00 00 
"
"2016-11-21 14:07:45ID: BB  Data: 00 00 00 AA 00 00 00 00 
"
"2016-11-21 14:07:45ID: BC  Data: 00 00 00 AA 00 00 00 00 
"
"2016-11-21 14:07:45ID: BB  Data: 00 00 00 AA 00 00 00 00 
"
"2016-11-21 14:07:45ID: BC  Data: 00 00 00 AA 00 00 00 00 
"
"2016-11-21 14:07:46ID: BB  Data: 00 00 00 AA 00 00 00 00 
"
"2016-11-21 14:07:46ID: BC  Data: 00 00 00 AA 00 00 00 00 
"
"2016-11-21 14:07:46ID: BB  Data: 00 00 00 AA 00 00 00 00 
"
"2016-11-21 14:07:46ID: BC  Data: 00 00 00 AA 00 00 00 00 
"
"2016-11-21 14:07:46ID: BB  Data: 00 00 00 AA 00 00 00 00 
"
"2016-11-21 14:07:46ID: BC  Data: 00 00 00 AA 00 00 00 00 
"
"2016-11-21 14:07:46ID: BB  Data: 00 00 00 AA 00 00 00 00 
"
"2016-11-21 14:07:46ID: BC  Data: 00 00 00 AA 00 00 00 00 
"
"2016-11-21 14:07:46ID: BB  Data: 00 00 00 AA 00 00 00 00 
"
"2016-11-21 14:07:46ID: BC  Data: 00 00 00 AA 00 00 00 00 
"
"2016-11-21 14:07:46ID: BB  Data: 00 00 00 AA 00 00 00 00 
"
"2016-11-21 14:07:46ID: BC  Data: 00 00 00 AA 00 00 00 00 
"
"2016-11-21 14:07:46ID: BB  Data: 00 00 00 AA 00 00 00 00 
"
"2016-11-21 14:07:46ID: BC  Data: 00 00 00 AA 00 00 00 00 
"
"2016-11-21 14:07:46ID: BB  Data: 00 00 00 AA 00 00 00 00 
"
"2016-11-21 14:07:46ID: BC  Data: 00 00 00 AA 00 00 00 00 
"
"2016-11-21 14:07:46ID: BB  Data: 00 00 00 AA 00 00 00 00 
"
"2016-11-21 14:07:46ID: BC  Data: 00 00 00 AA 00 00 00 00 
"
"2016-11-21 14:07:46ID: AA  Data: BB AA 00 00 00 00 00 00 
"
"2016-11-21 14:07:46ID: A1  Data: 00 00 AA AA 00 00 00 00 
"
"2016-11-21 14:07:46ID: A2  Data: 00 00 00 00 00 00 00 AB 
"
"2016-11-21 14:07:46ID: BB  Data: 00 00 00 BB 00 00 00 00 
"
"2016-11-21 14:07:46ID: BC  Data: 00 00 00 BB 00 00 00 00 
"
"2016-11-21 14:07:46ID: BB  Data: 00 00 00 BB 00 00 00 00 
"
"2016-11-21 14:07:46ID: BC  Data: 00 00 00 BB 00 00 00 00 
"
"2016-11-21 14:07:46ID: BB  Data: 00 00 00 BB 00 00 00 00 
"
"2016-11-21 14:07:46ID: BC  Data: 00 00 00 BB 00 00 00 00 
"
"2016-11-21 14:07:47ID: BB  Data: 00 00 00 BB 00 00 00 00 
"
"2016-11-21 14:07:47ID: BC  Data: 00 00 00 BB 00 00 00 00 
"
"2016-11-21 14:07:47ID: BB  Data: 00 00 00 BB 00 00 00 00 
"
"2016-11-21 14:07:47ID: BC  Data: 00 00 00 BB 00 00 00 00 
"
"2016-11-21 14:07:48ID: A1  Data: 00 00 AA AA 00 00 00 00 
"
"2016-11-21 14:07:48ID: BB  Data: 00 00 00 BB 00 00 00 00 
"
"2016-11-21 14:07:48ID: BC  Data: 00 00 00 BB 00 00 00 00 
"
"2016-11-21 14:07:48ID: BB  Data: 00 00 00 BB 00 00 00 00 
"
"2016-11-21 14:07:48ID: BC  Data: 00 00 00 BB 00 00 00 00 
"
"2016-11-21 14:07:48ID: BB  Data: 00 00 00 BB 00 00 00 00 
"
"2016-11-21 14:07:48ID: BC  Data: 00 00 00 BB 00 00 00 00 
"
"2016-11-21 14:07:48ID: BB  Data: 00 00 00 BB 00 00 00 00 
"
"2016-11-21 14:07:48ID: BC  Data: 00 00 00 BB 00 00 00 00 
"
"2016-11-21 14:07:48ID: BB  Data: 00 00 00 BB 00 00 00 00 
"
"2016-11-21 14:07:48ID: BC  Data: 00 00 00 BB 00 00 00 00 
"
"2016-11-21 14:07:48ID: BB  Data: 00 00 00 BB 00 00 00 00 
"
"2016-11-21 14:07:48ID: BC  Data: 00 00 00 BB 00 00 00 00 
"
"2016-11-21 14:07:48ID: BB  Data: 00 00 00 BB 00 00 00 00 
"
"2016-11-21 14:07:48ID: BC  Data: 00 00 00 BB 00 00 00 00 
"
"2016-11-21 14:07:48ID: BB  Data: 00 00 00 BB 00 00 00 00 
"
"2016-11-21 14:07:48ID: BC  Data: 00 00 00 BB 00 00 00 00 
"
"2016-11-21 14:07:48ID: BB  Data: 00 00 00 BB 00 00 00 00 
"
"2016-11-21 14:07:49ID: BC  Data: 00 00 00 BB 00 00 00 00 
"
"2016-11-21 14:07:49ID: BB  Data: 00 00 00 BB 00 00 00 00 
"
"2016-11-21 14:07:49ID: BC  Data: 00 00 00 BB 00 00 00 00 
"
"2016-11-21 14:07:49ID: BB  Data: 00 00 00 BB 00 00 00 00 
"
"2016-11-21 14:07:49ID: BC  Data: 00 00 00 BB 00 00 00 00 
"
"2016-11-21 14:07:49ID: BB  Data: 00 00 00 BB 00 00 00 00 
"
"2016-11-21 14:07:49ID: BC  Data: 00 00 00 BB 00 00 00 00 
"
"2016-11-21 14:07:49ID: BB  Data: 00 00 00 BB 00 00 00 00 
"
"2016-11-21 14:07:49ID: BC  Data: 00 00 00 BB 00 00 00 00 
"
"2016-11-21 14:07:49ID: BB  Data: 00 00 00 BB 00 00 00 00 
"
"2016-11-21 14:07:49ID: BC  Data: 00 00 00 BB 00 00 00 00 
"
"2016-11-21 14:07:49ID: BB  Data: 00 00 00 BB 00 00 00 00 
"
"2016-11-21 14:07:49ID: BC  Data: 00 00 00 BB 00 00 00 00 
"
"2016-11-21 14:07:49ID: BB  Data: 00 00 00 BB 00 00 00 00 
"
"2016-11-21 14:07:49ID: BC  Data: 00 00 00 BB 00 00 00 00 
"
"2016-11-21 14:07:49ID: BB  Data: 00 00 00 BB 00 00 00 00 
"
"2016-11-21 14:07:49ID: BC  Data: 00 00 00 BB 00 00 00 00 
"
"2016-11-21 14:07:49ID: BB  Data: 00 00 00 BB 00 00 00 00 
"
"2016-11-21 14:07:49ID: BC  Data: 00 00 00 BB 00 00 00 00 
"
"2016-11-21 14:07:49ID: BB  Data: 00 00 00 BB 00 00 00 00 
"
"2016-11-21 14:07:49ID: BC  Data: 00 00 00 BB 00 00 00 00 
"
"2016-11-21 14:07:49ID: BB  Data: 00 00 00 BB 00 00 00 00 
"
"2016-11-21 14:07:49ID: BC  Data: 00 00 00 BB 00 00 00 00 
"
"2016-11-21 14:07:50ID: BB  Data: 00 00 00 BB 00 00 00 00 
"
"2016-11-21 14:07:50ID: BC  Data: 00 00 00 BB 00 00 00 00 
"
"2016-11-21 14:07:50ID: BB  Data: 00 00 00 BB 00 00 00 00 
"
"2016-11-21 14:07:50ID: BC  Data: 00 00 00 BB 00 00 00 00 
"
"2016-11-21 14:07:50ID: BB  Data: 00 00 00 BB 00 00 00 00 
"
"2016-11-21 14:07:50ID: BC  Data: 00 00 00 BB 00 00 00 00 
"
"2016-11-21 14:07:50ID: BB  Data: 00 00 00 BB 00 00 00 00 
"
"2016-11-21 14:07:50ID: BC  Data: 00 00 00 BB 00 00 00 00 
"
"2016-11-21 14:07:50ID: BB  Data: 00 00 00 BB 00 00 00 00 
"
"2016-11-21 14:07:50ID: BC  Data: 00 00 00 BB 00 00 00 00 
"
"2016-11-21 14:07:50ID: BB  Data: 00 00 00 BB 00 00 00 00 
"
"2016-11-21 14:07:50ID: BC  Data: 00 00 00 BB 00 00 00 00 
"
"2016-11-21 14:07:50ID: BB  Data: 00 00 00 BB 00 00 00 00 
"
"2016-11-21 14:07:50ID: BC  Data: 00 00 00 BB 00 00 00 00 
"
2016-11-21 14:07:52
"2016-11-21 14:07:52ID: A1  Data: 00 00 AA AA 00 00 00 00 
"
"2016-11-21 14:07:52ID: BB  Data: 00 00 00 BB 00 00 00 00 
"
"2016-11-21 14:07:52ID: BC  Data: 00 00 00 BB 00 00 00 00 
"
"2016-11-21 14:07:52ID: BB  Data: 00 00 00 BB 00 00 00 00 
"
"2016-11-21 14:07:52ID: BC  Data: 00 00 00 BB 00 00 00 00 
"
"2016-11-21 14:07:52ID: BB  Data: 00 00 00 BB 00 00 00 00 
"
"2016-11-21 14:07:52ID: BC  Data: 00 00 00 BB 00 00 00 00 
"
"2016-11-21 14:07:52ID: BB  Data: 00 00 00 BB 00 00 00 00 
"
"2016-11-21 14:07:53ID: BC  Data: 00 00 00 BB 00 00 00 00 
"
"2016-11-21 14:07:53ID: BB  Data: 00 00 00 BB 00 00 00 00 
"
"2016-11-21 14:07:53ID: BC  Data: 00 00 00 BB 00 00 00 00 
"
"2016-11-21 14:07:53ID: BB  Data: 00 00 00 BB 00 00 00 00 
"
"2016-11-21 14:07:53ID: BC  Data: 00 00 00 BB 00 00 00 00 
"
"2016-11-21 14:07:53ID: BB  Data: 00 00 00 BB 00 00 00 00 
"
"2016-11-21 14:07:53ID: BC  Data: 00 00 00 BB 00 00 00 00 
"
"2016-11-21 14:07:53ID: BB  Data: 00 00 00 BB 00 00 00 00 
"
"2016-11-21 14:07:53ID: BC  Data: 00 00 00 BB 00 00 00 00 
"
"2016-11-21 14:07:53ID: BB  Data: 00 00 00 BB 00 00 00 00 
"
"2016-11-21 14:07:53ID: BC  Data: 00 00 00 BB 00 00 00 00 
"
"2016-11-21 14:07:53ID: BB  Data: 00 00 00 BB 00 00 00 00 
"
"2016-11-21 14:07:53ID: BC  Data: 00 00 00 BB 00 00 00 00 
"
"2016-11-21 14:07:53ID: BB  Data: 00 00 00 BB 00 00 00 00 
"
"2016-11-21 14:07:53ID: BC  Data: 00 00 00 BB 00 00 00 00 
"
"2016-11-21 14:07:53ID: BB  Data: 00 00 00 BB 00 00 00 00 
"
"2016-11-21 14:07:53ID: BC  Data: 00 00 00 BB 00 00 00 00 
"
"2016-11-21 14:07:53ID: BB  Data: 00 00 00 BB 00 00 00 00 
"
"2016-11-21 14:07:53ID: BC  Data: 00 00 00 BB 00 00 00 00 
"
"2016-11-21 14:07:53ID: BB  Data: 00 00 00 BB 00 00 00 00 
"
"2016-11-21 14:07:53ID: BC  Data: 00 00 00 BB 00 00 00 00 
"
"2016-11-21 14:07:53ID: BB  Data: 00 00 00 BB 00 00 00 00 
"
"2016-11-21 14:07:53ID: BC  Data: 00 00 00 BB 00 00 00 00 
"
"2016-11-21 14:07:54ID: BB  Data: 00 00 00 BB 00 00 00 00 
"
"2016-11-21 14:07:54ID: BC  Data: 00 00 00 BB 00 00 00 00 
"
"2016-11-21 14:07:54ID: BB  Data: 00 00 00 BB 00 00 00 00 
"
"2016-11-21 14:07:54ID: BC  Data: 00 00 00 BB 00 00 00 00 
"
"2016-11-21 14:07:54ID: BB  Data: 00 00 00 BB 00 00 00 00 
"
"2016-11-21 14:07:54ID: BC  Data: 00 00 00 BB 00 00 00 00 
"
"2016-11-21 14:07:54ID: BB  Data: 00 00 00 BB 00 00 00 00 
"
"2016-11-21 14:07:54ID: BC  Data: 00 00 00 BB 00 00 00 00 
"
"2016-11-21 14:07:54ID: BB  Data: 00 00 00 BB 00 00 00 00 
"
"2016-11-21 14:07:54ID: BC  Data: 00 00 00 BB 00 00 00 00 
"
"2016-11-21 14:07:54ID: BB  Data: 00 00 00 BB 00 00 00 00 
"
"2016-11-21 14:07:54ID: BC  Data: 00 00 00 BB 00 00 00 00 
"
"2016-11-21 14:07:54ID: BB  Data: 00 00 00 BB 00 00 00 00 
"
"2016-11-21 14:07:54ID: BC  Data: 00 00 00 BB 00 00 00 00 
"
"2016-11-21 14:07:54ID: BB  Data: 00 00 00 BB 00 00 00 00 
"
"2016-11-21 14:07:54ID: BC  Data: 00 00 00 BB 00 00 00 00 
"
"2016-11-21 14:07:54ID: BB  Data: 00 00 00 BB 00 00 00 00 
"
"2016-11-21 14:07:54ID: BC  Data: 00 00 00 BB 00 00 00 00 
"
"2016-11-21 14:07:54ID: BB  Data: 00 00 00 BB 00 00 00 00 
"
"2016-11-21 14:07:54ID: BC  Data: 00 00 00 BB 00 00 00 00 
"
"2016-11-21 14:07:54ID: BB  Data: 00 00 00 BB 00 00 00 00 
"
"2016-11-21 14:07:54ID: BC  Data: 00 00 00 BB 00 00 00 00 
"
"2016-11-21 14:07:55ID: BB  Data: 00 00 00 BB 00 00 00 00 
"
"2016-11-21 14:07:55ID: BC  Data: 00 00 00 BB 00 00 00 00 
"
"2016-11-21 14:07:55ID: BB  Data: 00 00 00 BB 00 00 00 00 
"
"2016-11-21 14:07:55ID: BC  Data: 00 00 00 BB 00 00 00 00 
"
"2016-11-21 14:07:55ID: BB  Data: 00 00 00 BB 00 00 00 00 
"
"2016-11-21 14:07:55ID: BC  Data: 00 00 00 BB 00 00 00 00 
"
"2016-11-21 14:07:55ID: BB  Data: 00 00 00 BB 00 00 00 00 
"
"2016-11-21 14:07:55ID: BC  Data: 00 00 00 BB 00 00 00 00 
"
"2016-11-21 14:07:55ID: BB  Data: 00 00 00 BB 00 00 00 00 
"
"2016-11-21 14:07:55ID: BC  Data: 00 00 00 BB 00 00 00 00 
"
"2016-11-21 14:07:55ID: BB  Data: 00 00 00 BB 00 00 00 00 
"
"2016-11-21 14:07:55ID: BC  Data: 00 00 00 BB 00 00 00 00 
"
"2016-11-21 14:07:55ID: BB  Data: 00 00 00 BB 00 00 00 00 
"
"2016-11-21 14:07:55ID: BC  Data: 00 00 00 BB 00 00 00 00 
"
"2016-11-21 14:07:55ID: BB  Data: 00 00 00 BB 00 00 00 00 
"
"2016-11-21 14:07:55ID: BC  Data: 00 00 00 BB 00 00 00 00 
"
"2016-11-21 14:07:55ID: BB  Data: 00 00 00 BB 00 00 00 00 
"
"2016-11-21 14:07:55ID: BC  Data: 00 00 00 BB 00 00 00 00 
"
"2016-11-21 14:07:55ID: BB  Data: 00 00 00 BB 00 00 00 00 
"
"2016-11-21 14:07:55ID: BC  Data: 00 00 00 BB 00 00 00 00 
"
"2016-11-21 14:07:55ID: BB  Data: 00 00 00 BB 00 00 00 00 
"
"2016-11-21 14:07:55ID: BC  Data: 00 00 00 BB 00 00 00 00 
"
"2016-11-21 14:07:55ID: BB  Data: 00 00 00 BB 00 00 00 00 
"
"2016-11-21 14:07:55ID: BC  Data: 00 00 00 BB 00 00 00 00 
"
"2016-11-21 14:07:56ID: BB  Data: 00 00 00 BB 00 00 00 00 
"
"2016-11-21 14:07:56ID: BC  Data: 00 00 00 BB 00 00 00 00 
"
"2016-11-21 14:07:56ID: BB  Data: 00 00 00 BB 00 00 00 00 
"
"2016-11-21 14:07:56ID: BC  Data: 00 00 00 BB 00 00 00 00 
"
"2016-11-21 14:07:56ID: BB  Data: 00 00 00 BB 00 00 00 00 
"
"2016-11-21 14:07:56ID: BC  Data: 00 00 00 BB 00 00 00 00 
"
"2016-11-21 14:07:56ID: BB  Data: 00 00 00 BB 00 00 00 00 
"
"2016-11-21 14:07:56ID: BC  Data: 00 00 00 BB 00 00 00 00 
"
"2016-11-21 14:07:56ID: BB  Data: 00 00 00 BB 00 00 00 00 
"
"2016-11-21 14:07:56ID: BC  Data: 00 00 00 BB 00 00 00 00 
"
"2016-11-21 14:07:56ID: BB  Data: 00 00 00 BB 00 00 00 00 
"
"2016-11-21 14:07:56ID: BC  Data: 00 00 00 BB 00 00 00 00 
"
"2016-11-21 14:07:56ID: BB  Data: 00 00 00 BB 00 00 00 00 
"
"2016-11-21 14:07:56ID: BC  Data: 00 00 00 BB 00 00 00 00 
"
"2016-11-21 14:07:56ID: BB  Data: 00 00 00 BB 00 00 00 00 
"
"2016-11-21 14:07:56ID: BC  Data: 00 00 00 BB 00 00 00 00 
"
"2016-11-21 14:07:56ID: BB  Data: 00 00 00 BB 00 00 00 00 
"
"2016-11-21 14:07:56ID: BC  Data: 00 00 00 BB 00 00 00 00 
"
"2016-11-21 14:07:56ID: BB  Data: 00 00 00 BB 00 00 00 00 
"
"2016-11-21 14:07:56ID: BC  Data: 00 00 00 BB 00 00 00 00 
"
"2016-11-21 14:07:56ID: BB  Data: 00 00 00 BB 00 00 00 00 
"
"2016-11-21 14:07:56ID: BC  Data: 00 00 00 BB 00 00 00 00 
"
"2016-11-21 14:07:57ID: BB  Data: 00 00 00 BB 00 00 00 00 
"
"2016-11-21 14:07:57ID: BC  Data: 00 00 00 BB 00 00 00 00 
"
"2016-11-21 14:07:57ID: BB  Data: 00 00 00 BB 00 00 00 00 
"
"2016-11-21 14:07:57ID: BC  Data: 00 00 00 BB 00 00 00 00 
"
"2016-11-21 14:07:57ID: BB  Data: 00 00 00 BB 00 00 00 00 
"
"2016-11-21 14:07:57ID: BC  Data: 00 00 00 BB 00 00 00 00 
"
"2016-11-21 14:07:57ID: BB  Data: 00 00 00 BB 00 00 00 00 
"
"2016-11-21 14:07:57ID: BC  Data: 00 00 00 BB 00 00 00 00 
"
"2016-11-21 14:07:57ID: BB  Data: 00 00 00 BB 00 00 00 00 
"
"2016-11-21 14:07:57ID: BC  Data: 00 00 00 BB 00 00 00 00 
"
"2016-11-21 14:07:57ID: BB  Data: 00 00 00 BB 00 00 00 00 
"
"2016-11-21 14:07:57ID: BC  Data: 00 00 00 BB 00 00 00 00 
"
"2016-11-21 14:07:57ID: BB  Data: 00 00 00 BB 00 00 00 00 
"
"2016-11-21 14:07:57ID: BC  Data: 00 00 00 BB 00 00 00 00 
"
"2016-11-21 14:07:57ID: BB  Data: 00 00 00 BB 00 00 00 00 
"
"2016-11-21 14:07:57ID: BC  Data: 00 00 00 BB 00 00 00 00 
"
"2016-11-21 14:07:57ID: BB  Data: 00 00 00 BB 00 00 00 00 
"
"2016-11-21 14:07:57ID: BC  Data: 00 00 00 BB 00 00 00 00 
"
"2016-11-21 14:07:57ID: BB  Data: 00 00 00 BB 00 00 00 00 
"
"2016-11-21 14:07:57ID: BC  Data: 00 00 00 BB 00 00 00 00 
"
"2016-11-21 14:07:57ID: BB  Data: 00 00 00 BB 00 00 00 00 
"
"2016-11-21 14:07:57ID: BC  Data: 00 00 00 BB 00 00 00 00 
"
"2016-11-21 14:07:58ID: BB  Data: 00 00 00 BB 00 00 00 00 
"
"2016-11-21 14:07:58ID: BC  Data: 00 00 00 BB 00 00 00 00 
"
"2016-11-21 14:07:58ID: BB  Data: 00 00 00 BB 00 00 00 00 
"
"2016-11-21 14:07:58ID: BC  Data: 00 00 00 BB 00 00 00 00 
"
"2016-11-21 14:07:58ID: BB  Data: 00 00 00 BB 00 00 00 00 
"
"2016-11-21 14:07:58ID: BC  Data: 00 00 00 BB 00 00 00 00 
"
"2016-11-21 14:07:58ID: BB  Data: 00 00 00 BB 00 00 00 00 
"
"2016-11-21 14:07:58ID: BC  Data: 00 00 00 BB 00 00 00 00 
"
"2016-11-21 14:07:58ID: BB  Data: 00 00 00 BB 00 00 00 00 
"
"2016-11-21 14:07:58ID: BC  Data: 00 00 00 BB 00 00 00 00 
"
"2016-11-21 14:07:58ID: BB  Data: 00 00 00 BB 00 00 00 00 
"
"2016-11-21 14:07:58ID: BC  Data: 00 00 00 BB 00 00 00 00 
"
"2016-11-21 14:07:58ID: BB  Data: 00 00 00 BB 00 00 00 00 
"
"2016-11-21 14:07:58ID: BC  Data: 00 00 00 BB 00 00 00 00 
"
"2016-11-21 14:07:58ID: BB  Data: 00 00 00 BB 00 00 00 00 
"
"2016-11-21 14:07:58ID: BC  Data: 00 00 00 BB 00 00 00 00 
"
"2016-11-21 14:07:58ID: BB  Data: 00 00 00 BB 00 00 00 00 
"
"2016-11-21 14:07:58ID: BC  Data: 00 00 00 BB 00 00 00 00 
"
"2016-11-21 14:07:58ID: BB  Data: 00 00 00 BB 00 00 00 00 
"
"2016-11-21 14:07:58ID: BC  Data: 00 00 00 BB 00 00 00 00 
"
"2016-11-21 14:07:58ID: BB  Data: 00 00 00 BB 00 00 00 00 
"
"2016-11-21 14:07:58ID: BC  Data: 00 00 00 BB 00 00 00 00 
"
"2016-11-21 14:07:58ID: BB  Data: 00 00 00 BB 00 00 00 00 
"
"2016-11-21 14:07:58ID: BC  Data: 00 00 00 BB 00 00 00 00 
"
"2016-11-21 14:07:59ID: BB  Data: 00 00 00 BB 00 00 00 00 
"
"2016-11-21 14:07:59ID: BC  Data: 00 00 00 BB 00 00 00 00 
"
"2016-11-21 14:07:59ID: BB  Data: 00 00 00 BB 00 00 00 00 
"
"2016-11-21 14:07:59ID: BC  Data: 00 00 00 BB 00 00 00 00 
"
"2016-11-21 14:07:59ID: BB  Data: 00 00 00 BB 00 00 00 00 
"
"2016-11-21 14:07:59ID: BC  Data: 00 00 00 BB 00 00 00 00 
"
"2016-11-21 14:07:59ID: BB  Data: 00 00 00 BB 00 00 00 00 
"
"2016-11-21 14:07:59ID: BC  Data: 00 00 00 BB 00 00 00 00 
"
"2016-11-21 14:07:59ID: BB  Data: 00 00 00 BB 00 00 00 00 
"
"2016-11-21 14:07:59ID: BC  Data: 00 00 00 BB 00 00 00 00 
"
"2016-11-21 14:07:59ID: BB  Data: 00 00 00 BB 00 00 00 00 
"
"2016-11-21 14:07:59ID: BC  Data: 00 00 00 BB 00 00 00 00 
"
"2016-11-21 14:07:59ID: BB  Data: 00 00 00 BB 00 00 00 00 
"
"2016-11-21 14:07:59ID: BC  Data: 00 00 00 BB 00 00 00 00 
"
"2016-11-21 14:07:59ID: BB  Data: 00 00 00 BB 00 00 00 00 
"
"2016-11-21 14:07:59ID: BC  Data: 00 00 00 BB 00 00 00 00 
"
"2016-11-21 14:07:59ID: BB  Data: 00 00 00 BB 00 00 00 00 
"
"2016-11-21 14:07:59ID: BC  Data: 00 00 00 BB 00 00 00 00 
"
"2016-11-21 14:07:59ID: BB  Data: 00 00 00 BB 00 00 00 00 
"
"2016-11-21 14:07:59ID: BC  Data: 00 00 00 BB 00 00 00 00 
"
"2016-11-21 14:07:59ID: BB  Data: 00 00 00 BB 00 00 00 00 
"
"2016-11-21 14:07:59ID: BC  Data: 00 00 00 BB 00 00 00 00 
"
"2016-11-21 14:08:00ID: BB  Data: 00 00 00 BB 00 00 00 00 
"
"2016-11-21 14:08:00ID: BC  Data: 00 00 00 BB 00 00 00 00 
"
"2016-11-21 14:08:00ID: BB  Data: 00 00 00 BB 00 00 00 00 
"
"2016-11-21 14:08:00ID: BC  Data: 00 00 00 BB 00 00 00 00 
"
"2016-11-21 14:08:00ID: BB  Data: 00 00 00 BB 00 00 00 00 
"
"2016-11-21 14:08:00ID: BC  Data: 00 00 00 BB 00 00 00 00 
"
"2016-11-21 14:08:00ID: BB  Data: 00 00 00 BB 00 00 00 00 
"
"2016-11-21 14:08:00ID: BC  Data: 00 00 00 BB 00 00 00 00 
"
"2016-11-21 14:08:00ID: BB  Data: 00 00 00 BB 00 00 00 00 
"
"2016-11-21 14:08:00ID: BC  Data: 00 00 00 BB 00 00 00 00 
"
"2016-11-21 14:08:00ID: BB  Data: 00 00 00 BB 00 00 00 00 
"
"2016-11-21 14:08:00ID: BC  Data: 00 00 00 BB 00 00 00 00 
"
"2016-11-21 14:08:00ID: BB  Data: 00 00 00 BB 00 00 00 00 
"
"2016-11-21 14:08:00ID: BC  Data: 00 00 00 BB 00 00 00 00 
"
"2016-11-21 14:08:00ID: BB  Data: 00 00 00 BB 00 00 00 00 
"
"2016-11-21 14:08:00ID: BC  Data: 00 00 00 BB 00 00 00 00 
"
"2016-11-21 14:08:00ID: BB  Data: 00 00 00 BB 00 00 00 00 
"
"2016-11-21 14:08:00ID: BC  Data: 00 00 00 BB 00 00 00 00 
"
"2016-11-21 14:08:00ID: BB  Data: 00 00 00 BB 00 00 00 00 
"
"2016-11-21 14:08:00ID: BC  Data: 00 00 00 BB 00 00 00 00 
"
"2016-11-21 14:08:00ID: BB  Data: 00 00 00 BB 00 00 00 00 
"
"2016-11-21 14:08:00ID: BC  Data: 00 00 00 BB 00 00 00 00 
"
"2016-11-21 14:08:00ID: BB  Data: 00 00 00 BB 00 00 00 00 
"
"2016-11-21 14:08:01ID: BC  Data: 00 00 00 BB 00 00 00 00 
"
"2016-11-21 14:08:01ID: BB  Data: 00 00 00 BB 00 00 00 00 
"
"2016-11-21 14:08:01ID: BC  Data: 00 00 00 BB 00 00 00 00 
"
"2016-11-21 14:08:01ID: BB  Data: 00 00 00 BB 00 00 00 00 
"
"2016-11-21 14:08:01ID: BC  Data: 00 00 00 BB 00 00 00 00 
"
"2016-11-21 14:08:01ID: BB  Data: 00 00 00 BB 00 00 00 00 
"
"2016-11-21 14:08:01ID: BC  Data: 00 00 00 BB 00 00 00 00 
"
"2016-11-21 14:08:01ID: BB  Data: 00 00 00 BB 00 00 00 00 
"
"2016-11-21 14:08:01ID: BC  Data: 00 00 00 BB 00 00 00 00 
"
"2016-11-21 14:08:01ID: BB  Data: 00 00 00 BB 00 00 00 00 
"
"2016-11-21 14:08:01ID: BC  Data: 00 00 00 BB 00 00 00 00 
"
"2016-11-21 14:08:01ID: BB  Data: 00 00 00 BB 00 00 00 00 
"
"2016-11-21 14:08:01ID: BC  Data: 00 00 00 BB 00 00 00 00 
"
"2016-11-21 14:08:01ID: BB  Data: 00 00 00 BB 00 00 00 00 
"
"2016-11-21 14:08:01ID: BC  Data: 00 00 00 BB 00 00 00 00 
"
"2016-11-21 14:08:01ID: BB  Data: 00 00 00 BB 00 00 00 00 
"
"2016-11-21 14:08:01ID: BC  Data: 00 00 00 BB 00 00 00 00 
"
"2016-11-21 14:08:01ID: BB  Data: 00 00 00 BB 00 00 00 00 
"
"2016-11-21 14:08:01ID: BC  Data: 00 00 00 BB 00 00 00 00 
"
"2016-11-21 14:08:01ID: BB  Data: 00 00 00 BB 00 00 00 00 
"
"2016-11-21 14:08:01ID: BC  Data: 00 00 00 BB 00 00 00 00 
"
"2016-11-21 14:08:01ID: BB  Data: 00 00 00 BB 00 00 00 00 
"
"2016-11-21 14:08:01ID: BC  Data: 00 00 00 BB 00 00 00 00 
"
"2016-11-21 14:08:02ID: BB  Data: 00 00 00 BB 00 00 00 00 
"
"2016-11-21 14:08:02ID: BC  Data: 00 00 00 BB 00 00 00 00 
"
"2016-11-21 14:08:02ID: BB  Data: 00 00 00 BB 00 00 00 00 
"
"2016-11-21 14:08:02ID: BC  Data: 00 00 00 BB 00 00 00 00 
"
"2016-11-21 14:08:02ID: BB  Data: 00 00 00 BB 00 00 00 00 
"
"2016-11-21 14:08:02ID: BC  Data: 00 00 00 BB 00 00 00 00 
"
"2016-11-21 14:08:02ID: BB  Data: 00 00 00 BB 00 00 00 00 
"
"2016-11-21 14:08:02ID: BC  Data: 00 00 00 BB 00 00 00 00 
"
"2016-11-21 14:08:02ID: BB  Data: 00 00 00 BB 00 00 00 00 
"
"2016-11-21 14:08:02ID: BC  Data: 00 00 00 BB 00 00 00 00 
"
"2016-11-21 14:08:02ID: BB  Data: 00 00 00 BB 00 00 00 00 
"
"2016-11-21 14:08:02ID: BC  Data: 00 00 00 BB 00 00 00 00 
"
"2016-11-21 14:08:02ID: BB  Data: 00 00 00 BB 00 00 00 00 
"
"2016-11-21 14:08:02ID: BC  Data: 00 00 00 BB 00 00 00 00 
"
"2016-11-21 14:08:02ID: BB  Data: 00 00 00 BB 00 00 00 00 
"
"2016-11-21 14:08:02ID: BC  Data: 00 00 00 BB 00 00 00 00 
"
"2016-11-21 14:08:02ID: BB  Data: 00 00 00 BB 00 00 00 00 
"
"2016-11-21 14:08:02ID: BC  Data: 00 00 00 BB 00 00 00 00 
"
"2016-11-21 14:08:02ID: BB  Data: 00 00 00 BB 00 00 00 00 
"
"2016-11-21 14:08:02ID: BC  Data: 00 00 00 BB 00 00 00 00 
"
"2016-11-21 14:08:02ID: BB  Data: 00 00 00 BB 00 00 00 00 
"
"2016-11-21 14:08:02ID: BC  Data: 00 00 00 BB 00 00 00 00 
"
"2016-11-21 14:08:03ID: BB  Data: 00 00 00 BB 00 00 00 00 
"
"2016-11-21 14:08:03ID: BC  Data: 00 00 00 BB 00 00 00 00 
"
"2016-11-21 14:08:03ID: BB  Data: 00 00 00 BB 00 00 00 00 
"
"2016-11-21 14:08:03ID: BC  Data: 00 00 00 BB 00 00 00 00 
"
"2016-11-21 14:08:03ID: BB  Data: 00 00 00 BB 00 00 00 00 
"
"2016-11-21 14:08:03ID: BC  Data: 00 00 00 BB 00 00 00 00 
"
"2016-11-21 14:08:03ID: BB  Data: 00 00 00 BB 00 00 00 00 
"
"2016-11-21 14:08:03ID: BC  Data: 00 00 00 BB 00 00 00 00 
"
"2016-11-21 14:08:03ID: BB  Data: 00 00 00 BB 00 00 00 00 
"
"2016-11-21 14:08:03ID: BC  Data: 00 00 00 BB 00 00 00 00 
"
"2016-11-21 14:08:03ID: BB  Data: 00 00 00 BB 00 00 00 00 
"
"2016-11-21 14:08:03ID: BC  Data: 00 00 00 BB 00 00 00 00 
"
"2016-11-21 14:08:03ID: BB  Data: 00 00 00 BB 00 00 00 00 
"
"2016-11-21 14:08:03ID: BC  Data: 00 00 00 BB 00 00 00 00 
"
"2016-11-21 14:08:03ID: BB  Data: 00 00 00 BB 00 00 00 00 
"
"2016-11-21 14:08:03ID: BC  Data: 00 00 00 BB 00 00 00 00 
"
"2016-11-21 14:08:03ID: BB  Data: 00 00 00 BB 00 00 00 00 
"
"2016-11-21 14:08:03ID: BC  Data: 00 00 00 BB 00 00 00 00 
"
"2016-11-21 14:08:03ID: BB  Data: 00 00 00 BB 00 00 00 00 
"
"2016-11-21 14:08:03ID: BC  Data: 00 00 00 BB 00 00 00 00 
"
"2016-11-21 14:08:03ID: BB  Data: 00 00 00 BB 00 00 00 00 
"
"2016-11-21 14:08:03ID: BC  Data: 00 00 00 BB 00 00 00 00 
"
"2016-11-21 14:08:03ID: BB  Data: 00 00 00 BB 00 00 00 00 
"
"2016-11-21 14:08:03ID: BC  Data: 00 00 00 BB 00 00 00 00 
"
"2016-11-21 14:08:04ID: BB  Data: 00 00 00 BB 00 00 00 00 
"
"2016-11-21 14:08:04ID: BC  Data: 00 00 00 BB 00 00 00 00 
"
"2016-11-21 14:08:04ID: BB  Data: 00 00 00 BB 00 00 00 00 
"
"2016-11-21 14:08:04ID: BC  Data: 00 00 00 BB 00 00 00 00 
"
"2016-11-21 14:08:04ID: BB  Data: 00 00 00 BB 00 00 00 00 
"
"2016-11-21 14:08:04ID: BC  Data: 00 00 00 BB 00 00 00 00 
"
"2016-11-21 14:08:04ID: BB  Data: 00 00 00 BB 00 00 00 00 
"
"2016-11-21 14:08:04ID: BC  Data: 00 00 00 BB 00 00 00 00 
"
"2016-11-21 14:08:04ID: BB  Data: 00 00 00 BB 00 00 00 00 
"
"2016-11-21 14:08:04ID: BC  Data: 00 00 00 BB 00 00 00 00 
"
"2016-11-21 14:08:04ID: BB  Data: 00 00 00 BB 00 00 00 00 
"
"2016-11-21 14:08:04ID: BC  Data: 00 00 00 BB 00 00 00 00 
"
"2016-11-21 14:08:04ID: BB  Data: 00 00 00 BB 00 00 00 00 
"
"2016-11-21 14:08:04ID: BC  Data: 00 00 00 BB 00 00 00 00 
"
"2016-11-21 14:08:04ID: BB  Data: 00 00 00 BB 00 00 00 00 
"
"2016-11-21 14:08:04ID: BC  Data: 00 00 00 BB 00 00 00 00 
"
"2016-11-21 14:08:04ID: BB  Data: 00 00 00 BB 00 00 00 00 
"
"2016-11-21 14:08:04ID: BC  Data: 00 00 00 BB 00 00 00 00 
"
"2016-11-21 14:08:04ID: BB  Data: 00 00 00 BB 00 00 00 00 
"
"2016-11-21 14:08:04ID: BC  Data: 00 00 00 BB 00 00 00 00 
"
"2016-11-21 14:08:04ID: BB  Data: 00 00 00 BB 00 00 00 00 
"
"2016-11-21 14:08:04ID: BC  Data: 00 00 00 BB 00 00 00 00 
"
"2016-11-21 14:08:05ID: BB  Data: 00 00 00 BB 00 00 00 00 
"
"2016-11-21 14:08:05ID: BC  Data: 00 00 00 BB 00 00 00 00 
"
"2016-11-21 14:08:05ID: BB  Data: 00 00 00 BB 00 00 00 00 
"
"2016-11-21 14:08:05ID: BC  Data: 00 00 00 BB 00 00 00 00 
"
"2016-11-21 14:08:05ID: BB  Data: 00 00 00 BB 00 00 00 00 
"
"2016-11-21 14:08:05ID: BC  Data: 00 00 00 BB 00 00 00 00 
"
"2016-11-21 14:08:05ID: BB  Data: 00 00 00 BB 00 00 00 00 
"
"2016-11-21 14:08:05ID: BC  Data: 00 00 00 BB 00 00 00 00 
"
"2016-11-21 14:08:05ID: BB  Data: 00 00 00 BB 00 00 00 00 
"
"2016-11-21 14:08:05ID: BC  Data: 00 00 00 BB 00 00 00 00 
"
"2016-11-21 14:08:05ID: BB  Data: 00 00 00 BB 00 00 00 00 
"
"2016-11-21 14:08:05ID: BC  Data: 00 00 00 BB 00 00 00 00 
"
"2016-11-21 14:08:05ID: BB  Data: 00 00 00 BB 00 00 00 00 
"
"2016-11-21 14:08:05ID: BC  Data: 00 00 00 BB 00 00 00 00 
"
"2016-11-21 14:08:05ID: BB  Data: 00 00 00 BB 00 00 00 00 
"
"2016-11-21 14:08:05ID: BC  Data: 00 00 00 BB 00 00 00 00 
"
"2016-11-21 14:08:05ID: BB  Data: 00 00 00 BB 00 00 00 00 
"
"2016-11-21 14:08:05ID: BC  Data: 00 00 00 BB 00 00 00 00 
"
"2016-11-21 14:08:05ID: BB  Data: 00 00 00 BB 00 00 00 00 
"
"2016-11-21 14:08:05ID: BC  Data: 00 00 00 BB 00 00 00 00 
"
"2016-11-21 14:08:05ID: BB  Data: 00 00 00 BB 00 00 00 00 
"
"2016-11-21 14:08:05ID: BC  Data: 00 00 00 BB 00 00 00 00 
"
"2016-11-21 14:08:06ID: BB  Data: 00 00 00 BB 00 00 00 00 
"
"2016-11-21 14:08:06ID: BC  Data: 00 00 00 BB 00 00 00 00 
"
"2016-11-21 14:08:06ID: BB  Data: 00 00 00 BB 00 00 00 00 
"
"2016-11-21 14:08:06ID: BC  Data: 00 00 00 BB 00 00 00 00 
"
"2016-11-21 14:08:06ID: BB  Data: 00 00 00 BB 00 00 00 00 
"
"2016-11-21 14:08:06ID: BC  Data: 00 00 00 BB 00 00 00 00 
"
"2016-11-21 14:08:06ID: BB  Data: 00 00 00 BB 00 00 00 00 
"
"2016-11-21 14:08:06ID: BC  Data: 00 00 00 BB 00 00 00 00 
"
"2016-11-21 14:08:06ID: BB  Data: 00 00 00 BB 00 00 00 00 
"
"2016-11-21 14:08:06ID: BC  Data: 00 00 00 BB 00 00 00 00 
"
"2016-11-21 14:08:06ID: BB  Data: 00 00 00 BB 00 00 00 00 
"
"2016-11-21 14:08:06ID: BC  Data: 00 00 00 BB 00 00 00 00 
"
"2016-11-21 14:08:06ID: BB  Data: 00 00 00 BB 00 00 00 00 
"
"2016-11-21 14:08:06ID: BC  Data: 00 00 00 BB 00 00 00 00 
"
"2016-11-21 14:08:06ID: BB  Data: 00 00 00 BB 00 00 00 00 
"
"2016-11-21 14:08:06ID: BC  Data: 00 00 00 BB 00 00 00 00 
"
"2016-11-21 14:08:06ID: BB  Data: 00 00 00 BB 00 00 00 00 
"
"2016-11-21 14:08:06ID: BC  Data: 00 00 00 BB 00 00 00 00 
"
"2016-11-21 14:08:06ID: BB  Data: 00 00 00 BB 00 00 00 00 
"
"2016-11-21 14:08:06ID: BC  Data: 00 00 00 BB 00 00 00 00 
"
"2016-11-21 14:08:06ID: BB  Data: 00 00 00 BB 00 00 00 00 
"
"2016-11-21 14:08:06ID: BC  Data: 00 00 00 BB 00 00 00 00 
"
"2016-11-21 14:08:06ID: BB  Data: 00 00 00 BB 00 00 00 00 
"
"2016-11-21 14:08:06ID: BC  Data: 00 00 00 BB 00 00 00 00 
"
"2016-11-21 14:08:07ID: BB  Data: 00 00 00 BB 00 00 00 00 
"
"2016-11-21 14:08:07ID: BC  Data: 00 00 00 BB 00 00 00 00 
"
"2016-11-21 14:08:07ID: BB  Data: 00 00 00 BB 00 00 00 00 
"
"2016-11-21 14:08:07ID: BC  Data: 00 00 00 BB 00 00 00 00 
"
"2016-11-21 14:08:07ID: BB  Data: 00 00 00 BB 00 00 00 00 
"
"2016-11-21 14:08:07ID: BC  Data: 00 00 00 BB 00 00 00 00 
"
"2016-11-21 14:08:07ID: BB  Data: 00 00 00 BB 00 00 00 00 
"
"2016-11-21 14:08:07ID: BC  Data: 00 00 00 BB 00 00 00 00 
"
"2016-11-21 14:08:07ID: BB  Data: 00 00 00 BB 00 00 00 00 
"
"2016-11-21 14:08:07ID: BC  Data: 00 00 00 BB 00 00 00 00 
"
"2016-11-21 14:08:07ID: BB  Data: 00 00 00 BB 00 00 00 00 
"
"2016-11-21 14:08:07ID: BC  Data: 00 00 00 BB 00 00 00 00 
"
"2016-11-21 14:08:07ID: BB  Data: 00 00 00 BB 00 00 00 00 
"
"2016-11-21 14:08:07ID: BC  Data: 00 00 00 BB 00 00 00 00 
"
"2016-11-21 14:08:07ID: BB  Data: 00 00 00 BB 00 00 00 00 
"
"2016-11-21 14:08:07ID: BC  Data: 00 00 00 BB 00 00 00 00 
"
"2016-11-21 14:08:07ID: BB  Data: 00 00 00 BB 00 00 00 00 
"
"2016-11-21 14:08:07ID: BC  Data: 00 00 00 BB 00 00 00 00 
"
"2016-11-21 14:08:07ID: BB  Data: 00 00 00 BB 00 00 00 00 
"
"2016-11-21 14:08:07ID: BC  Data: 00 00 00 BB 00 00 00 00 
"
"2016-11-21 14:08:07ID: BB  Data: 00 00 00 BB 00 00 00 00 
"
"2016-11-21 14:08:07ID: BC  Data: 00 00 00 BB 00 00 00 00 
"
"2016-11-21 14:08:08ID: BB  Data: 00 00 00 BB 00 00 00 00 
"
"2016-11-21 14:08:08ID: BC  Data: 00 00 00 BB 00 00 00 00 
"
"2016-11-21 14:08:08ID: BB  Data: 00 00 00 BB 00 00 00 00 
"
"2016-11-21 14:08:08ID: BC  Data: 00 00 00 BB 00 00 00 00 
"
"2016-11-21 14:08:08ID: BB  Data: 00 00 00 BB 00 00 00 00 
"
"2016-11-21 14:08:08ID: BC  Data: 00 00 00 BB 00 00 00 00 
"
"2016-11-21 14:08:08ID: BB  Data: 00 00 00 BB 00 00 00 00 
"
"2016-11-21 14:08:08ID: BC  Data: 00 00 00 BB 00 00 00 00 
"
"2016-11-21 14:08:08ID: BB  Data: 00 00 00 BB 00 00 00 00 
"
"2016-11-21 14:08:08ID: BC  Data: 00 00 00 BB 00 00 00 00 
"
"2016-11-21 14:08:08ID: BB  Data: 00 00 00 BB 00 00 00 00 
"
"2016-11-21 14:08:08ID: BC  Data: 00 00 00 BB 00 00 00 00 
"
"2016-11-21 14:08:08ID: BB  Data: 00 00 00 BB 00 00 00 00 
"
"2016-11-21 14:08:08ID: BC  Data: 00 00 00 BB 00 00 00 00 
"
"2016-11-21 14:08:08ID: BB  Data: 00 00 00 BB 00 00 00 00 
"
"2016-11-21 14:08:08ID: BC  Data: 00 00 00 BB 00 00 00 00 
"
"2016-11-21 14:08:08ID: BB  Data: 00 00 00 BB 00 00 00 00 
"
"2016-11-21 14:08:08ID: BC  Data: 00 00 00 BB 00 00 00 00 
"
"2016-11-21 14:08:08ID: BB  Data: 00 00 00 BB 00 00 00 00 
"
"2016-11-21 14:08:08ID: BC  Data: 00 00 00 BB 00 00 00 00 
"
"2016-11-21 14:08:08ID: BB  Data: 00 00 00 BB 00 00 00 00 
"
"2016-11-21 14:08:08ID: BC  Data: 00 00 00 BB 00 00 00 00 
"
"2016-11-21 14:08:09ID: BB  Data: 00 00 00 BB 00 00 00 00 
"
"2016-11-21 14:08:09ID: BC  Data: 00 00 00 BB 00 00 00 00 
"
"2016-11-21 14:08:09ID: BB  Data: 00 00 00 BB 00 00 00 00 
"
"2016-11-21 14:08:09ID: BC  Data: 00 00 00 BB 00 00 00 00 
"
"2016-11-21 14:08:09ID: BB  Data: 00 00 00 BB 00 00 00 00 
"
"2016-11-21 14:08:09ID: BC  Data: 00 00 00 BB 00 00 00 00 
"
"2016-11-21 14:08:09ID: BB  Data: 00 00 00 BB 00 00 00 00 
"
"2016-11-21 14:08:09ID: BC  Data: 00 00 00 BB 00 00 00 00 
"
"2016-11-21 14:08:09ID: BB  Data: 00 00 00 BB 00 00 00 00 
"
"2016-11-21 14:08:09ID: BC  Data: 00 00 00 BB 00 00 00 00 
"
"2016-11-21 14:08:09ID: BB  Data: 00 00 00 BB 00 00 00 00 
"
"2016-11-21 14:08:09ID: BC  Data: 00 00 00 BB 00 00 00 00 
"
"2016-11-21 14:08:09ID: BB  Data: 00 00 00 BB 00 00 00 00 
"
"2016-11-21 14:08:09ID: BC  Data: 00 00 00 BB 00 00 00 00 
"
"2016-11-21 14:08:09ID: BB  Data: 00 00 00 BB 00 00 00 00 
"
"2016-11-21 14:08:09ID: BC  Data: 00 00 00 BB 00 00 00 00 
"
"2016-11-21 14:08:09ID: BB  Data: 00 00 00 BB 00 00 00 00 
"
"2016-11-21 14:08:09ID: BC  Data: 00 00 00 BB 00 00 00 00 
"
"2016-11-21 14:08:09ID: BB  Data: 00 00 00 BB 00 00 00 00 
"
"2016-11-21 14:08:09ID: BC  Data: 00 00 00 BB 00 00 00 00 
"
"2016-11-21 14:08:09ID: BB  Data: 00 00 00 BB 00 00 00 00 
"
"2016-11-21 14:08:09ID: BC  Data: 00 00 00 BB 00 00 00 00 
"
"2016-11-21 14:08:09ID: BB  Data: 00 00 00 BB 00 00 00 00 
"
"2016-11-21 14:08:09ID: BC  Data: 00 00 00 BB 00 00 00 00 
"
"2016-11-21 14:08:10ID: BB  Data: 00 00 00 BB 00 00 00 00 
"
"2016-11-21 14:08:10ID: BC  Data: 00 00 00 BB 00 00 00 00 
"
"2016-11-21 14:08:10ID: BB  Data: 00 00 00 BB 00 00 00 00 
"
"2016-11-21 14:08:10ID: BC  Data: 00 00 00 BB 00 00 00 00 
"
"2016-11-21 14:08:10ID: BB  Data: 00 00 00 BB 00 00 00 00 
"
"2016-11-21 14:08:10ID: BC  Data: 00 00 00 BB 00 00 00 00 
"
"2016-11-21 14:08:10ID: BB  Data: 00 00 00 BB 00 00 00 00 
"
"2016-11-21 14:08:10ID: BC  Data: 00 00 00 BB 00 00 00 00 
"
"2016-11-21 14:08:10ID: BB  Data: 00 00 00 BB 00 00 00 00 
"
"2016-11-21 14:08:10ID: BC  Data: 00 00 00 BB 00 00 00 00 
"
"2016-11-21 14:08:10ID: BB  Data: 00 00 00 BB 00 00 00 00 
"
"2016-11-21 14:08:10ID: BC  Data: 00 00 00 BB 00 00 00 00 
"
"2016-11-21 14:08:10ID: BB  Data: 00 00 00 BB 00 00 00 00 
"
"2016-11-21 14:08:10ID: BC  Data: 00 00 00 BB 00 00 00 00 
"
"2016-11-21 14:08:10ID: BB  Data: 00 00 00 BB 00 00 00 00 
"
"2016-11-21 14:08:10ID: BC  Data: 00 00 00 BB 00 00 00 00 
"
"2016-11-21 14:08:10ID: BB  Data: 00 00 00 BB 00 00 00 00 
"
"2016-11-21 14:08:10ID: BC  Data: 00 00 00 BB 00 00 00 00 
"
"2016-11-21 14:08:10ID: BB  Data: 00 00 00 BB 00 00 00 00 
"
"2016-11-21 14:08:10ID: BC  Data: 00 00 00 BB 00 00 00 00 
"
"2016-11-21 14:08:10ID: BB  Data: 00 00 00 BB 00 00 00 00 
"
"2016-11-21 14:08:10ID: BC  Data: 00 00 00 BB 00 00 00 00 
"
"2016-11-21 14:08:11ID: BB  Data: 00 00 00 BB 00 00 00 00 
"
"2016-11-21 14:08:11ID: BC  Data: 00 00 00 BB 00 00 00 00 
"
"2016-11-21 14:08:11ID: BB  Data: 00 00 00 BB 00 00 00 00 
"
"2016-11-21 14:08:11ID: BC  Data: 00 00 00 BB 00 00 00 00 
"
"2016-11-21 14:08:11ID: BB  Data: 00 00 00 BB 00 00 00 00 
"
"2016-11-21 14:08:11ID: BC  Data: 00 00 00 BB 00 00 00 00 
"
"2016-11-21 14:08:11ID: BB  Data: 00 00 00 BB 00 00 00 00 
"
"2016-11-21 14:08:11ID: BC  Data: 00 00 00 BB 00 00 00 00 
"
"2016-11-21 14:08:11ID: BB  Data: 00 00 00 BB 00 00 00 00 
"
"2016-11-21 14:08:11ID: BC  Data: 00 00 00 BB 00 00 00 00 
"
"2016-11-21 14:08:11ID: BB  Data: 00 00 00 BB 00 00 00 00 
"
"2016-11-21 14:08:11ID: BC  Data: 00 00 00 BB 00 00 00 00 
"
"2016-11-21 14:08:11ID: BB  Data: 00 00 00 BB 00 00 00 00 
"
"2016-11-21 14:08:11ID: BC  Data: 00 00 00 BB 00 00 00 00 
"
"2016-11-21 14:08:11ID: BB  Data: 00 00 00 BB 00 00 00 00 
"
"2016-11-21 14:08:11ID: BC  Data: 00 00 00 BB 00 00 00 00 
"
"2016-11-21 14:08:11ID: BB  Data: 00 00 00 BB 00 00 00 00 
"
"2016-11-21 14:08:11ID: BC  Data: 00 00 00 BB 00 00 00 00 
"
"2016-11-21 14:08:11ID: BB  Data: 00 00 00 BB 00 00 00 00 
"
"2016-11-21 14:08:11ID: BC  Data: 00 00 00 BB 00 00 00 00 
"
"2016-11-21 14:08:11ID: BB  Data: 00 00 00 BB 00 00 00 00 
"
"2016-11-21 14:08:11ID: BC  Data: 00 00 00 BB 00 00 00 00 
"
"2016-11-21 14:08:11ID: BB  Data: 00 00 00 BB 00 00 00 00 
"
"2016-11-21 14:08:12ID: BC  Data: 00 00 00 BB 00 00 00 00 
"
"2016-11-21 14:08:12ID: BB  Data: 00 00 00 BB 00 00 00 00 
"
"2016-11-21 14:08:12ID: BC  Data: 00 00 00 BB 00 00 00 00 
"
"2016-11-21 14:08:12ID: BB  Data: 00 00 00 BB 00 00 00 00 
"
"2016-11-21 14:08:12ID: BC  Data: 00 00 00 BB 00 00 00 00 
"
"2016-11-21 14:08:12ID: BB  Data: 00 00 00 BB 00 00 00 00 
"
"2016-11-21 14:08:12ID: BC  Data: 00 00 00 BB 00 00 00 00 
"
"2016-11-21 14:08:12ID: BB  Data: 00 00 00 BB 00 00 00 00 
"
"2016-11-21 14:08:12ID: BC  Data: 00 00 00 BB 00 00 00 00 
"
"2016-11-21 14:08:12ID: BB  Data: 00 00 00 BB 00 00 00 00 
"
"2016-11-21 14:08:12ID: BC  Data: 00 00 00 BB 00 00 00 00 
"
"2016-11-21 14:08:12ID: BB  Data: 00 00 00 BB 00 00 00 00 
"
"2016-11-21 14:08:12ID: BC  Data: 00 00 00 BB 00 00 00 00 
"
"2016-11-21 14:08:12ID: BB  Data: 00 00 00 BB 00 00 00 00 
"
"2016-11-21 14:08:12ID: BC  Data: 00 00 00 BB 00 00 00 00 
"
"2016-11-21 14:08:12ID: BB  Data: 00 00 00 BB 00 00 00 00 
"
"2016-11-21 14:08:12ID: BC  Data: 00 00 00 BB 00 00 00 00 
"
"2016-11-21 14:08:12ID: BB  Data: 00 00 00 BB 00 00 00 00 
"
"2016-11-21 14:08:12ID: BC  Data: 00 00 00 BB 00 00 00 00 
"
"2016-11-21 14:08:12ID: BB  Data: 00 00 00 BB 00 00 00 00 
"
"2016-11-21 14:08:12ID: BC  Data: 00 00 00 BB 00 00 00 00 
"
"2016-11-21 14:08:12ID: BB  Data: 00 00 00 BB 00 00 00 00 
"
"2016-11-21 14:08:12ID: BC  Data: 00 00 00 BB 00 00 00 00 
"
"2016-11-21 14:08:13ID: BB  Data: 00 00 00 BB 00 00 00 00 
"
"2016-11-21 14:08:13ID: BC  Data: 00 00 00 BB 00 00 00 00 
"
"2016-11-21 14:08:13ID: BB  Data: 00 00 00 BB 00 00 00 00 
"
"2016-11-21 14:08:13ID: BC  Data: 00 00 00 BB 00 00 00 00 
"
"2016-11-21 14:08:13ID: BB  Data: 00 00 00 BB 00 00 00 00 
"
"2016-11-21 14:08:13ID: BC  Data: 00 00 00 BB 00 00 00 00 
"
"2016-11-21 14:08:13ID: BB  Data: 00 00 00 BB 00 00 00 00 
"
"2016-11-21 14:08:13ID: BC  Data: 00 00 00 BB 00 00 00 00 
"
"2016-11-21 14:08:13ID: BB  Data: 00 00 00 BB 00 00 00 00 
"
"2016-11-21 14:08:13ID: BC  Data: 00 00 00 BB 00 00 00 00 
"
"2016-11-21 14:08:13ID: BB  Data: 00 00 00 BB 00 00 00 00 
"
"2016-11-21 14:08:13ID: BC  Data: 00 00 00 BB 00 00 00 00 
"
"2016-11-21 14:08:13ID: BB  Data: 00 00 00 BB 00 00 00 00 
"
"2016-11-21 14:08:13ID: BC  Data: 00 00 00 BB 00 00 00 00 
"
"2016-11-21 14:08:13ID: BB  Data: 00 00 00 BB 00 00 00 00 
"
"2016-11-21 14:08:13ID: BC  Data: 00 00 00 BB 00 00 00 00 
"
"2016-11-21 14:08:13ID: BB  Data: 00 00 00 BB 00 00 00 00 
"
"2016-11-21 14:08:13ID: BC  Data: 00 00 00 BB 00 00 00 00 
"
"2016-11-21 14:08:13ID: BB  Data: 00 00 00 BB 00 00 00 00 
"
"2016-11-21 14:08:13ID: BC  Data: 00 00 00 BB 00 00 00 00 
"
"2016-11-21 14:08:13ID: BB  Data: 00 00 00 BB 00 00 00 00 
"
"2016-11-21 14:08:13ID: BC  Data: 00 00 00 BB 00 00 00 00 
"
"2016-11-21 14:08:14ID: BB  Data: 00 00 00 BB 00 00 00 00 
"
"2016-11-21 14:08:14ID: BC  Data: 00 00 00 BB 00 00 00 00 
"
"2016-11-21 14:08:14ID: BB  Data: 00 00 00 BB 00 00 00 00 
"
"2016-11-21 14:08:14ID: BC  Data: 00 00 00 BB 00 00 00 00 
"
"2016-11-21 14:08:14ID: BB  Data: 00 00 00 BB 00 00 00 00 
"
"2016-11-21 14:08:14ID: BC  Data: 00 00 00 BB 00 00 00 00 
"
"2016-11-21 14:08:14ID: BB  Data: 00 00 00 BB 00 00 00 00 
"
"2016-11-21 14:08:14ID: BC  Data: 00 00 00 BB 00 00 00 00 
"
"2016-11-21 14:08:14ID: BB  Data: 00 00 00 BB 00 00 00 00 
"
"2016-11-21 14:08:14ID: BC  Data: 00 00 00 BB 00 00 00 00 
"
"2016-11-21 14:08:14ID: BB  Data: 00 00 00 BB 00 00 00 00 
"
"2016-11-21 14:08:14ID: BC  Data: 00 00 00 BB 00 00 00 00 
"
"2016-11-21 14:08:14ID: BB  Data: 00 00 00 BB 00 00 00 00 
"
"2016-11-21 14:08:14ID: BC  Data: 00 00 00 BB 00 00 00 00 
"
"2016-11-21 14:08:14ID: BB  Data: 00 00 00 BB 00 00 00 00 
"
"2016-11-21 14:08:14ID: BC  Data: 00 00 00 BB 00 00 00 00 
"
"2016-11-21 14:08:14ID: BB  Data: 00 00 00 BB 00 00 00 00 
"
"2016-11-21 14:08:14ID: BC  Data: 00 00 00 BB 00 00 00 00 
"
"2016-11-21 14:08:14ID: BB  Data: 00 00 00 BB 00 00 00 00 
"
"2016-11-21 14:08:14ID: BC  Data: 00 00 00 BB 00 00 00 00 
"
"2016-11-21 14:08:14ID: BB  Data: 00 00 00 BB 00 00 00 00 
"
"2016-11-21 14:08:14ID: BC  Data: 00 00 00 BB 00 00 00 00 
"
"2016-11-21 14:08:14ID: BB  Data: 00 00 00 BB 00 00 00 00 
"
"2016-11-21 14:08:14ID: BC  Data: 00 00 00 BB 00 00 00 00 
"
"2016-11-21 14:08:15ID: BB  Data: 00 00 00 BB 00 00 00 00 
"
"2016-11-21 14:08:15ID: BC  Data: 00 00 00 BB 00 00 00 00 
"
"2016-11-21 14:08:15ID: BB  Data: 00 00 00 BB 00 00 00 00 
"
"2016-11-21 14:08:15ID: BC  Data: 00 00 00 BB 00 00 00 00 
"
"2016-11-21 14:08:15ID: BB  Data: 00 00 00 BB 00 00 00 00 
"
"2016-11-21 14:08:15ID: BC  Data: 00 00 00 BB 00 00 00 00 
"
"2016-11-21 14:08:15ID: BB  Data: 00 00 00 BB 00 00 00 00 
"
"2016-11-21 14:08:15ID: BC  Data: 00 00 00 BB 00 00 00 00 
"
"2016-11-21 14:08:15ID: BB  Data: 00 00 00 BB 00 00 00 00 
"
"2016-11-21 14:08:15ID: BC  Data: 00 00 00 BB 00 00 00 00 
"
"2016-11-21 14:08:15ID: BB  Data: 00 00 00 BB 00 00 00 00 
"
"2016-11-21 14:08:15ID: BC  Data: 00 00 00 BB 00 00 00 00 
"
"2016-11-21 14:08:15ID: BB  Data: 00 00 00 BB 00 00 00 00 
"
"2016-11-21 14:08:15ID: BC  Data: 00 00 00 BB 00 00 00 00 
"
"2016-11-21 14:08:15ID: BB  Data: 00 00 00 BB 00 00 00 00 
"
"2016-11-21 14:08:15ID: BC  Data: 00 00 00 BB 00 00 00 00 
"
"2016-11-21 14:08:15ID: BB  Data: 00 00 00 BB 00 00 00 00 
"
"2016-11-21 14:08:15ID: BC  Data: 00 00 00 BB 00 00 00 00 
"
"2016-11-21 14:08:15ID: BB  Data: 00 00 00 BB 00 00 00 00 
"
"2016-11-21 14:08:15ID: BC  Data: 00 00 00 BB 00 00 00 00 
"
"2016-11-21 14:08:15ID: BB  Data: 00 00 00 BB 00 00 00 00 
"
"2016-11-21 14:08:15ID: BC  Data: 00 00 00 BB 00 00 00 00 
"
"2016-11-21 14:08:16ID: BB  Data: 00 00 00 BB 00 00 00 00 
"
"2016-11-21 14:08:16ID: BC  Data: 00 00 00 BB 00 00 00 00 
"
"2016-11-21 14:08:16ID: BB  Data: 00 00 00 BB 00 00 00 00 
"
"2016-11-21 14:08:16ID: BC  Data: 00 00 00 BB 00 00 00 00 
"
"2016-11-21 14:08:16ID: BB  Data: 00 00 00 BB 00 00 00 00 
"
"2016-11-21 14:08:16ID: BC  Data: 00 00 00 BB 00 00 00 00 
"
"2016-11-21 14:08:16ID: BB  Data: 00 00 00 BB 00 00 00 00 
"
"2016-11-21 14:08:16ID: BC  Data: 00 00 00 BB 00 00 00 00 
"
"2016-11-21 14:08:16ID: BB  Data: 00 00 00 BB 00 00 00 00 
"
"2016-11-21 14:08:16ID: BC  Data: 00 00 00 BB 00 00 00 00 
"
"2016-11-21 14:08:16ID: BB  Data: 00 00 00 BB 00 00 00 00 
"
"2016-11-21 14:08:16ID: BC  Data: 00 00 00 BB 00 00 00 00 
"
"2016-11-21 14:08:16ID: BB  Data: 00 00 00 BB 00 00 00 00 
"
"2016-11-21 14:08:16ID: BC  Data: 00 00 00 BB 00 00 00 00 
"
"2016-11-21 14:08:16ID: BB  Data: 00 00 00 BB 00 00 00 00 
"
"2016-11-21 14:08:16ID: BC  Data: 00 00 00 BB 00 00 00 00 
"
"2016-11-21 14:08:16ID: BB  Data: 00 00 00 BB 00 00 00 00 
"
"2016-11-21 14:08:16ID: BC  Data: 00 00 00 BB 00 00 00 00 
"
"2016-11-21 14:08:16ID: BB  Data: 00 00 00 BB 00 00 00 00 
"
"2016-11-21 14:08:16ID: BC  Data: 00 00 00 BB 00 00 00 00 
"
"2016-11-21 14:08:16ID: BB  Data: 00 00 00 BB 00 00 00 00 
"
"2016-11-21 14:08:16ID: BC  Data: 00 00 00 BB 00 00 00 00 
"
"2016-11-21 14:08:17ID: BB  Data: 00 00 00 BB 00 00 00 00 
"
"2016-11-21 14:08:17ID: BC  Data: 00 00 00 BB 00 00 00 00 
"
"2016-11-21 14:08:17ID: BB  Data: 00 00 00 BB 00 00 00 00 
"
"2016-11-21 14:08:17ID: BC  Data: 00 00 00 BB 00 00 00 00 
"
"2016-11-21 14:08:17ID: BB  Data: 00 00 00 BB 00 00 00 00 
"
"2016-11-21 14:08:17ID: BC  Data: 00 00 00 BB 00 00 00 00 
"
"2016-11-21 14:08:17ID: BB  Data: 00 00 00 BB 00 00 00 00 
"
"2016-11-21 14:08:17ID: BC  Data: 00 00 00 BB 00 00 00 00 
"
"2016-11-21 14:08:17ID: BB  Data: 00 00 00 BB 00 00 00 00 
"
"2016-11-21 14:08:17ID: BC  Data: 00 00 00 BB 00 00 00 00 
"
"2016-11-21 14:08:17ID: BB  Data: 00 00 00 BB 00 00 00 00 
"
"2016-11-21 14:08:17ID: BC  Data: 00 00 00 BB 00 00 00 00 
"
"2016-11-21 14:08:17ID: BB  Data: 00 00 00 BB 00 00 00 00 
"
"2016-11-21 14:08:17ID: BC  Data: 00 00 00 BB 00 00 00 00 
"
"2016-11-21 14:08:17ID: BB  Data: 00 00 00 BB 00 00 00 00 
"
"2016-11-21 14:08:17ID: BC  Data: 00 00 00 BB 00 00 00 00 
"
"2016-11-21 14:08:17ID: BB  Data: 00 00 00 BB 00 00 00 00 
"
"2016-11-21 14:08:17ID: BC  Data: 00 00 00 BB 00 00 00 00 
"
"2016-11-21 14:08:17ID: BB  Data: 00 00 00 BB 00 00 00 00 
"
"2016-11-21 14:08:17ID: BC  Data: 00 00 00 BB 00 00 00 00 
"
"2016-11-21 14:08:17ID: BB  Data: 00 00 00 BB 00 00 00 00 
"
"2016-11-21 14:08:17ID: BC  Data: 00 00 00 BB 00 00 00 00 
"
"2016-11-21 14:08:17ID: BB  Data: 00 00 00 BB 00 00 00 00 
"
"2016-11-21 14:08:17ID: BC  Data: 00 00 00 BB 00 00 00 00 
"
"2016-11-21 14:08:18ID: BB  Data: 00 00 00 BB 00 00 00 00 
"
"2016-11-21 14:08:18ID: BC  Data: 00 00 00 BB 00 00 00 00 
"
"2016-11-21 14:08:18ID: BB  Data: 00 00 00 BB 00 00 00 00 
"
"2016-11-21 14:08:18ID: BC  Data: 00 00 00 BB 00 00 00 00 
"
"2016-11-21 14:08:18ID: BB  Data: 00 00 00 BB 00 00 00 00 
"
"2016-11-21 14:08:18ID: BC  Data: 00 00 00 BB 00 00 00 00 
"
"2016-11-21 14:08:18ID: BB  Data: 00 00 00 BB 00 00 00 00 
"
"2016-11-21 14:08:18ID: BC  Data: 00 00 00 BB 00 00 00 00 
"
"2016-11-21 14:08:18ID: BB  Data: 00 00 00 BB 00 00 00 00 
"
"2016-11-21 14:08:18ID: BC  Data: 00 00 00 BB 00 00 00 00 
"
"2016-11-21 14:08:18ID: BB  Data: 00 00 00 BB 00 00 00 00 
"
"2016-11-21 14:08:18ID: BC  Data: 00 00 00 BB 00 00 00 00 
"
"2016-11-21 14:08:18ID: BB  Data: 00 00 00 BB 00 00 00 00 
"
"2016-11-21 14:08:18ID: BC  Data: 00 00 00 BB 00 00 00 00 
"
"2016-11-21 14:08:18ID: BB  Data: 00 00 00 BB 00 00 00 00 
"
"2016-11-21 14:08:18ID: BC  Data: 00 00 00 BB 00 00 00 00 
"
"2016-11-21 14:08:18ID: BB  Data: 00 00 00 BB 00 00 00 00 
"
"2016-11-21 14:08:18ID: BC  Data: 00 00 00 BB 00 00 00 00 
"
"2016-11-21 14:08:18ID: BB  Data: 00 00 00 BB 00 00 00 00 
"
"2016-11-21 14:08:18ID: BC  Data: 00 00 00 BB 00 00 00 00 
"
"2016-11-21 14:08:18ID: BB  Data: 00 00 00 BB 00 00 00 00 
"
"2016-11-21 14:08:18ID: BC  Data: 00 00 00 BB 00 00 00 00 
"
"2016-11-21 14:08:19ID: BB  Data: 00 00 00 BB 00 00 00 00 
"
"2016-11-21 14:08:19ID: BC  Data: 00 00 00 BB 00 00 00 00 
"
"2016-11-21 14:08:19ID: BB  Data: 00 00 00 BB 00 00 00 00 
"
"2016-11-21 14:08:19ID: BC  Data: 00 00 00 BB 00 00 00 00 
"
"2016-11-21 14:08:19ID: BB  Data: 00 00 00 BB 00 00 00 00 
"
"2016-11-21 14:08:19ID: BC  Data: 00 00 00 BB 00 00 00 00 
"
"2016-11-21 14:08:19ID: BB  Data: 00 00 00 BB 00 00 00 00 
"
"2016-11-21 14:08:19ID: BC  Data: 00 00 00 BB 00 00 00 00 
"
"2016-11-21 14:08:19ID: BB  Data: 00 00 00 BB 00 00 00 00 
"
"2016-11-21 14:08:19ID: BC  Data: 00 00 00 BB 00 00 00 00 
"
"2016-11-21 14:08:19ID: BB  Data: 00 00 00 BB 00 00 00 00 
"
"2016-11-21 14:08:19ID: BC  Data: 00 00 00 BB 00 00 00 00 
"
"2016-11-21 14:08:19ID: BB  Data: 00 00 00 BB 00 00 00 00 
"
"2016-11-21 14:08:19ID: BC  Data: 00 00 00 BB 00 00 00 00 
"
"2016-11-21 14:08:19ID: BB  Data: 00 00 00 BB 00 00 00 00 
"
"2016-11-21 14:08:19ID: BC  Data: 00 00 00 BB 00 00 00 00 
"
"2016-11-21 14:08:19ID: BB  Data: 00 00 00 BB 00 00 00 00 
"
"2016-11-21 14:08:19ID: BC  Data: 00 00 00 BB 00 00 00 00 
"
"2016-11-21 14:08:19ID: BB  Data: 00 00 00 BB 00 00 00 00 
"
"2016-11-21 14:08:19ID: BC  Data: 00 00 00 BB 00 00 00 00 
"
"2016-11-21 14:08:19ID: BB  Data: 00 00 00 BB 00 00 00 00 
"
"2016-11-21 14:08:19ID: BC  Data: 00 00 00 BB 00 00 00 00 
"
"2016-11-21 14:08:19ID: BB  Data: 00 00 00 BB 00 00 00 00 
"
"2016-11-21 14:08:20ID: BC  Data: 00 00 00 BB 00 00 00 00 
"
"2016-11-21 14:08:20ID: BB  Data: 00 00 00 BB 00 00 00 00 
"
"2016-11-21 14:08:20ID: BC  Data: 00 00 00 BB 00 00 00 00 
"
"2016-11-21 14:08:20ID: BB  Data: 00 00 00 BB 00 00 00 00 
"
"2016-11-21 14:08:20ID: BC  Data: 00 00 00 BB 00 00 00 00 
"
"2016-11-21 14:08:20ID: BB  Data: 00 00 00 BB 00 00 00 00 
"
"2016-11-21 14:08:20ID: BC  Data: 00 00 00 BB 00 00 00 00 
"
"2016-11-21 14:08:20ID: BB  Data: 00 00 00 BB 00 00 00 00 
"
"2016-11-21 14:08:20ID: BC  Data: 00 00 00 BB 00 00 00 00 
"
"2016-11-21 14:08:20ID: BB  Data: 00 00 00 BB 00 00 00 00 
"
"2016-11-21 14:08:20ID: BC  Data: 00 00 00 BB 00 00 00 00 
"
"2016-11-21 14:08:20ID: BB  Data: 00 00 00 BB 00 00 00 00 
"
"2016-11-21 14:08:20ID: BC  Data: 00 00 00 BB 00 00 00 00 
"
"2016-11-21 14:08:20ID: BB  Data: 00 00 00 BB 00 00 00 00 
"
"2016-11-21 14:08:20ID: BC  Data: 00 00 00 BB 00 00 00 00 
"
"2016-11-21 14:08:20ID: BB  Data: 00 00 00 BB 00 00 00 00 
"
"2016-11-21 14:08:20ID: BC  Data: 00 00 00 BB 00 00 00 00 
"
"2016-11-21 14:08:20ID: BB  Data: 00 00 00 BB 00 00 00 00 
"
"2016-11-21 14:08:20ID: BC  Data: 00 00 00 BB 00 00 00 00 
"
"2016-11-21 14:08:20ID: BB  Data: 00 00 00 BB 00 00 00 00 
"
"2016-11-21 14:08:20ID: BC  Data: 00 00 00 BB 00 00 00 00 
"
"2016-11-21 14:08:20ID: BB  Data: 00 00 00 BB 00 00 00 00 
"
"2016-11-21 14:08:20ID: BC  Data: 00 00 00 BB 00 00 00 00 
"
"2016-11-21 14:08:21ID: BB  Data: 00 00 00 BB 00 00 00 00 
"
"2016-11-21 14:08:21ID: BC  Data: 00 00 00 BB 00 00 00 00 
"
"2016-11-21 14:08:21ID: BB  Data: 00 00 00 BB 00 00 00 00 
"
"2016-11-21 14:08:21ID: BC  Data: 00 00 00 BB 00 00 00 00 
"
"2016-11-21 14:08:21ID: BB  Data: 00 00 00 BB 00 00 00 00 
"
"2016-11-21 14:08:21ID: BC  Data: 00 00 00 BB 00 00 00 00 
"
"2016-11-21 14:08:21ID: BB  Data: 00 00 00 BB 00 00 00 00 
"
"2016-11-21 14:08:21ID: BC  Data: 00 00 00 BB 00 00 00 00 
"
"2016-11-21 14:08:21ID: BB  Data: 00 00 00 BB 00 00 00 00 
"
"2016-11-21 14:08:21ID: BC  Data: 00 00 00 BB 00 00 00 00 
"
"2016-11-21 14:08:21ID: BB  Data: 00 00 00 BB 00 00 00 00 
"
"2016-11-21 14:08:21ID: BC  Data: 00 00 00 BB 00 00 00 00 
"
"2016-11-21 14:08:21ID: BB  Data: 00 00 00 BB 00 00 00 00 
"
"2016-11-21 14:08:21ID: BC  Data: 00 00 00 BB 00 00 00 00 
"
"2016-11-21 14:08:21ID: BB  Data: 00 00 00 BB 00 00 00 00 
"
"2016-11-21 14:08:21ID: BC  Data: 00 00 00 BB 00 00 00 00 
"
"2016-11-21 14:08:21ID: BB  Data: 00 00 00 BB 00 00 00 00 
"
"2016-11-21 14:08:21ID: BC  Data: 00 00 00 BB 00 00 00 00 
"
"2016-11-21 14:08:21ID: BB  Data: 00 00 00 BB 00 00 00 00 
"
"2016-11-21 14:08:21ID: BC  Data: 00 00 00 BB 00 00 00 00 
"
"2016-11-21 14:08:21ID: BB  Data: 00 00 00 BB 00 00 00 00 
"
"2016-11-21 14:08:21ID: BC  Data: 00 00 00 BB 00 00 00 00 
"
"2016-11-21 14:08:22ID: BB  Data: 00 00 00 BB 00 00 00 00 
"
"2016-11-21 14:08:22ID: BC  Data: 00 00 00 BB 00 00 00 00 
"
"2016-11-21 14:08:22ID: BB  Data: 00 00 00 BB 00 00 00 00 
"
"2016-11-21 14:08:22ID: BC  Data: 00 00 00 BB 00 00 00 00 
"
"2016-11-21 14:08:22ID: BB  Data: 00 00 00 BB 00 00 00 00 
"
"2016-11-21 14:08:22ID: BC  Data: 00 00 00 BB 00 00 00 00 
"
"2016-11-21 14:08:22ID: BB  Data: 00 00 00 BB 00 00 00 00 
"
"2016-11-21 14:08:22ID: BC  Data: 00 00 00 BB 00 00 00 00 
"
"2016-11-21 14:08:22ID: BB  Data: 00 00 00 BB 00 00 00 00 
"
"2016-11-21 14:08:22ID: BC  Data: 00 00 00 BB 00 00 00 00 
"
"2016-11-21 14:08:22ID: BB  Data: 00 00 00 BB 00 00 00 00 
"
"2016-11-21 14:08:22ID: BC  Data: 00 00 00 BB 00 00 00 00 
"
"2016-11-21 14:08:22ID: BB  Data: 00 00 00 BB 00 00 00 00 
"
"2016-11-21 14:08:22ID: BC  Data: 00 00 00 BB 00 00 00 00 
"
"2016-11-21 14:08:22ID: BB  Data: 00 00 00 BB 00 00 00 00 
"
"2016-11-21 14:08:22ID: BC  Data: 00 00 00 BB 00 00 00 00 
"
"2016-11-21 14:08:22ID: BB  Data: 00 00 00 BB 00 00 00 00 
"
"2016-11-21 14:08:22ID: BC  Data: 00 00 00 BB 00 00 00 00 
"
"2016-11-21 14:08:22ID: BB  Data: 00 00 00 BB 00 00 00 00 
"
"2016-11-21 14:08:22ID: BC  Data: 00 00 00 BB 00 00 00 00 
"
"2016-11-21 14:08:22ID: BB  Data: 00 00 00 BB 00 00 00 00 
"
"2016-11-21 14:08:22ID: BC  Data: 00 00 00 BB 00 00 00 00 
"
"2016-11-21 14:08:22ID: BB  Data: 00 00 00 BB 00 00 00 00 
"
"2016-11-21 14:08:22ID: BC  Data: 00 00 00 BB 00 00 00 00 
"
"2016-11-21 14:08:23ID: BB  Data: 00 00 00 BB 00 00 00 00 
"
"2016-11-21 14:08:23ID: BC  Data: 00 00 00 BB 00 00 00 00 
"
"2016-11-21 14:08:23ID: BB  Data: 00 00 00 BB 00 00 00 00 
"
"2016-11-21 14:08:23ID: BC  Data: 00 00 00 BB 00 00 00 00 
"
"2016-11-21 14:08:23ID: BB  Data: 00 00 00 BB 00 00 00 00 
"
"2016-11-21 14:08:23ID: BC  Data: 00 00 00 BB 00 00 00 00 
"
"2016-11-21 14:08:23ID: BB  Data: 00 00 00 BB 00 00 00 00 
"
"2016-11-21 14:08:23ID: BC  Data: 00 00 00 BB 00 00 00 00 
"
"2016-11-21 14:08:23ID: BB  Data: 00 00 00 BB 00 00 00 00 
"
"2016-11-21 14:08:23ID: BC  Data: 00 00 00 BB 00 00 00 00 
"
"2016-11-21 14:08:23ID: BB  Data: 00 00 00 BB 00 00 00 00 
"
"2016-11-21 14:08:23ID: BC  Data: 00 00 00 BB 00 00 00 00 
"
"2016-11-21 14:08:23ID: BB  Data: 00 00 00 BB 00 00 00 00 
"
"2016-11-21 14:08:23ID: BC  Data: 00 00 00 BB 00 00 00 00 
"
"2016-11-21 14:08:23ID: BB  Data: 00 00 00 BB 00 00 00 00 
"
"2016-11-21 14:08:23ID: BC  Data: 00 00 00 BB 00 00 00 00 
"
"2016-11-21 14:08:23ID: BB  Data: 00 00 00 BB 00 00 00 00 
"
"2016-11-21 14:08:23ID: BC  Data: 00 00 00 BB 00 00 00 00 
"
"2016-11-21 14:08:23ID: BB  Data: 00 00 00 BB 00 00 00 00 
"
"2016-11-21 14:08:23ID: BC  Data: 00 00 00 BB 00 00 00 00 
"
"2016-11-21 14:08:23ID: BB  Data: 00 00 00 BB 00 00 00 00 
"
"2016-11-21 14:08:23ID: BC  Data: 00 00 00 BB 00 00 00 00 
"
"2016-11-21 14:08:24ID: BB  Data: 00 00 00 BB 00 00 00 00 
"
"2016-11-21 14:08:24ID: BC  Data: 00 00 00 BB 00 00 00 00 
"
"2016-11-21 14:08:24ID: BB  Data: 00 00 00 BB 00 00 00 00 
"
"2016-11-21 14:08:24ID: BC  Data: 00 00 00 BB 00 00 00 00 
"
"2016-11-21 14:08:24ID: BB  Data: 00 00 00 BB 00 00 00 00 
"
"2016-11-21 14:08:24ID: BC  Data: 00 00 00 BB 00 00 00 00 
"
"2016-11-21 14:08:24ID: BB  Data: 00 00 00 BB 00 00 00 00 
"
"2016-11-21 14:08:24ID: BC  Data: 00 00 00 BB 00 00 00 00 
"
"2016-11-21 14:08:24ID: BB  Data: 00 00 00 BB 00 00 00 00 
"
"2016-11-21 14:08:24ID: BC  Data: 00 00 00 BB 00 00 00 00 
"
"2016-11-21 14:08:24ID: BB  Data: 00 00 00 BB 00 00 00 00 
"
"2016-11-21 14:08:24ID: BC  Data: 00 00 00 BB 00 00 00 00 
"
"2016-11-21 14:08:24ID: BB  Data: 00 00 00 BB 00 00 00 00 
"
"2016-11-21 14:08:24ID: BC  Data: 00 00 00 BB 00 00 00 00 
"
"2016-11-21 14:08:24ID: BB  Data: 00 00 00 BB 00 00 00 00 
"
"2016-11-21 14:08:24ID: BC  Data: 00 00 00 BB 00 00 00 00 
"
"2016-11-21 14:08:24ID: BB  Data: 00 00 00 BB 00 00 00 00 
"
"2016-11-21 14:08:24ID: BC  Data: 00 00 00 BB 00 00 00 00 
"
"2016-11-21 14:08:24ID: BB  Data: 00 00 00 BB 00 00 00 00 
"
"2016-11-21 14:08:24ID: BC  Data: 00 00 00 BB 00 00 00 00 
"
"2016-11-21 14:08:24ID: BB  Data: 00 00 00 BB 00 00 00 00 
"
"2016-11-21 14:08:24ID: BC  Data: 00 00 00 BB 00 00 00 00 
"
"2016-11-21 14:08:25ID: BB  Data: 00 00 00 BB 00 00 00 00 
"
"2016-11-21 14:08:25ID: BC  Data: 00 00 00 BB 00 00 00 00 
"
"2016-11-21 14:08:25ID: BB  Data: 00 00 00 BB 00 00 00 00 
"
"2016-11-21 14:08:25ID: BC  Data: 00 00 00 BB 00 00 00 00 
"
"2016-11-21 14:08:25ID: BB  Data: 00 00 00 BB 00 00 00 00 
"
"2016-11-21 14:08:25ID: BC  Data: 00 00 00 BB 00 00 00 00 
"
"2016-11-21 14:08:25ID: BB  Data: 00 00 00 BB 00 00 00 00 
"
"2016-11-21 14:08:25ID: BC  Data: 00 00 00 BB 00 00 00 00 
"
"2016-11-21 14:08:25ID: BB  Data: 00 00 00 BB 00 00 00 00 
"
"2016-11-21 14:08:25ID: BC  Data: 00 00 00 BB 00 00 00 00 
"
"2016-11-21 14:08:25ID: BB  Data: 00 00 00 BB 00 00 00 00 
"
"2016-11-21 14:08:25ID: BC  Data: 00 00 00 BB 00 00 00 00 
"
"2016-11-21 14:08:25ID: BB  Data: 00 00 00 BB 00 00 00 00 
"
"2016-11-21 14:08:25ID: BC  Data: 00 00 00 BB 00 00 00 00 
"
"2016-11-21 14:08:25ID: BB  Data: 00 00 00 BB 00 00 00 00 
"
"2016-11-21 14:08:25ID: BC  Data: 00 00 00 BB 00 00 00 00 
"
"2016-11-21 14:08:25ID: BB  Data: 00 00 00 BB 00 00 00 00 
"
"2016-11-21 14:08:25ID: BC  Data: 00 00 00 BB 00 00 00 00 
"
"2016-11-21 14:08:25ID: BB  Data: 00 00 00 BB 00 00 00 00 
"
"2016-11-21 14:08:25ID: BC  Data: 00 00 00 BB 00 00 00 00 
"
"2016-11-21 14:08:25ID: BB  Data: 00 00 00 BB 00 00 00 00 
"
"2016-11-21 14:08:25ID: BC  Data: 00 00 00 BB 00 00 00 00 
"
"2016-11-21 14:08:25ID: BB  Data: 00 00 00 BB 00 00 00 00 
"
"2016-11-21 14:08:25ID: BC  Data: 00 00 00 BB 00 00 00 00 
"
"2016-11-21 14:08:26ID: BB  Data: 00 00 00 BB 00 00 00 00 
"
"2016-11-21 14:08:26ID: BC  Data: 00 00 00 BB 00 00 00 00 
"
"2016-11-21 14:08:26ID: BB  Data: 00 00 00 BB 00 00 00 00 
"
"2016-11-21 14:08:26ID: BC  Data: 00 00 00 BB 00 00 00 00 
"
"2016-11-21 14:08:26ID: BB  Data: 00 00 00 BB 00 00 00 00 
"
"2016-11-21 14:08:26ID: BC  Data: 00 00 00 BB 00 00 00 00 
"
"2016-11-21 14:08:26ID: BB  Data: 00 00 00 BB 00 00 00 00 
"
"2016-11-21 14:08:26ID: BC  Data: 00 00 00 BB 00 00 00 00 
"
"2016-11-21 14:08:26ID: BB  Data: 00 00 00 BB 00 00 00 00 
"
"2016-11-21 14:08:26ID: BC  Data: 00 00 00 BB 00 00 00 00 
"
"2016-11-21 14:08:26ID: BB  Data: 00 00 00 BB 00 00 00 00 
"
"2016-11-21 14:08:26ID: BC  Data: 00 00 00 BB 00 00 00 00 
"
"2016-11-21 14:08:26ID: BB  Data: 00 00 00 BB 00 00 00 00 
"
"2016-11-21 14:08:26ID: BC  Data: 00 00 00 BB 00 00 00 00 
"
"2016-11-21 14:08:26ID: BB  Data: 00 00 00 BB 00 00 00 00 
"
"2016-11-21 14:08:26ID: BC  Data: 00 00 00 BB 00 00 00 00 
"
"2016-11-21 14:08:26ID: BB  Data: 00 00 00 BB 00 00 00 00 
"
"2016-11-21 14:08:26ID: BC  Data: 00 00 00 BB 00 00 00 00 
"
"2016-11-21 14:08:26ID: BB  Data: 00 00 00 BB 00 00 00 00 
"
"2016-11-21 14:08:26ID: BC  Data: 00 00 00 BB 00 00 00 00 
"
"2016-11-21 14:08:26ID: BB  Data: 00 00 00 BB 00 00 00 00 
"
"2016-11-21 14:08:26ID: BC  Data: 00 00 00 BB 00 00 00 00 
"
"2016-11-21 14:08:27ID: BB  Data: 00 00 00 BB 00 00 00 00 
"
"2016-11-21 14:08:27ID: BC  Data: 00 00 00 BB 00 00 00 00 
"
"2016-11-21 14:08:27ID: BB  Data: 00 00 00 BB 00 00 00 00 
"
"2016-11-21 14:08:27ID: BC  Data: 00 00 00 BB 00 00 00 00 
"
"2016-11-21 14:08:27ID: BB  Data: 00 00 00 BB 00 00 00 00 
"
"2016-11-21 14:08:27ID: BC  Data: 00 00 00 BB 00 00 00 00 
"
"2016-11-21 14:08:27ID: BB  Data: 00 00 00 BB 00 00 00 00 
"
"2016-11-21 14:08:27ID: BC  Data: 00 00 00 BB 00 00 00 00 
"
"2016-11-21 14:08:27ID: BB  Data: 00 00 00 BB 00 00 00 00 
"
"2016-11-21 14:08:27ID: BC  Data: 00 00 00 BB 00 00 00 00 
"
"2016-11-21 14:08:27ID: BB  Data: 00 00 00 BB 00 00 00 00 
"
"2016-11-21 14:08:27ID: BC  Data: 00 00 00 BB 00 00 00 00 
"
"2016-11-21 14:08:27ID: BB  Data: 00 00 00 BB 00 00 00 00 
"
"2016-11-21 14:08:27ID: BC  Data: 00 00 00 BB 00 00 00 00 
"
"2016-11-21 14:08:27ID: BB  Data: 00 00 00 BB 00 00 00 00 
"
"2016-11-21 14:08:27ID: BC  Data: 00 00 00 BB 00 00 00 00 
"
"2016-11-21 14:08:27ID: BB  Data: 00 00 00 BB 00 00 00 00 
"
"2016-11-21 14:08:27ID: BC  Data: 00 00 00 BB 00 00 00 00 
"
"2016-11-21 14:08:27ID: BB  Data: 00 00 00 BB 00 00 00 00 
"
"2016-11-21 14:08:27ID: BC  Data: 00 00 00 BB 00 00 00 00 
"
"2016-11-21 14:08:27ID: BB  Data: 00 00 00 BB 00 00 00 00 
"
"2016-11-21 14:08:27ID: BC  Data: 00 00 00 BB 00 00 00 00 
"
"2016-11-21 14:08:27ID: BB  Data: 00 00 00 BB 00 00 00 00 
"
"2016-11-21 14:08:28ID: BC  Data: 00 00 00 BB 00 00 00 00 
"
"2016-11-21 14:08:28ID: BB  Data: 00 00 00 BB 00 00 00 00 
"
"2016-11-21 14:08:28ID: BC  Data: 00 00 00 BB 00 00 00 00 
"
"2016-11-21 14:08:28ID: BB  Data: 00 00 00 BB 00 00 00 00 
"
"2016-11-21 14:08:28ID: BC  Data: 00 00 00 BB 00 00 00 00 
"
"2016-11-21 14:08:28ID: BB  Data: 00 00 00 BB 00 00 00 00 
"
"2016-11-21 14:08:28ID: BC  Data: 00 00 00 BB 00 00 00 00 
"
"2016-11-21 14:08:28ID: BB  Data: 00 00 00 BB 00 00 00 00 
"
"2016-11-21 14:08:28ID: BC  Data: 00 00 00 BB 00 00 00 00 
"
"2016-11-21 14:08:28ID: BB  Data: 00 00 00 BB 00 00 00 00 
"
"2016-11-21 14:08:28ID: BC  Data: 00 00 00 BB 00 00 00 00 
"
"2016-11-21 14:08:28ID: BB  Data: 00 00 00 BB 00 00 00 00 
"
"2016-11-21 14:08:28ID: BC  Data: 00 00 00 BB 00 00 00 00 
"
"2016-11-21 14:08:28ID: BB  Data: 00 00 00 BB 00 00 00 00 
"
"2016-11-21 14:08:28ID: BC  Data: 00 00 00 BB 00 00 00 00 
"
"2016-11-21 14:08:28ID: BB  Data: 00 00 00 BB 00 00 00 00 
"
"2016-11-21 14:08:28ID: BC  Data: 00 00 00 BB 00 00 00 00 
"
"2016-11-21 14:08:28ID: BB  Data: 00 00 00 BB 00 00 00 00 
"
"2016-11-21 14:08:28ID: BC  Data: 00 00 00 BB 00 00 00 00 
"
"2016-11-21 14:08:28ID: BB  Data: 00 00 00 BB 00 00 00 00 
"
"2016-11-21 14:08:28ID: BC  Data: 00 00 00 BB 00 00 00 00 
"
"2016-11-21 14:08:28ID: BB  Data: 00 00 00 BB 00 00 00 00 
"
"2016-11-21 14:08:28ID: BC  Data: 00 00 00 BB 00 00 00 00 
"
"2016-11-21 14:08:29ID: BB  Data: 00 00 00 BB 00 00 00 00 
"
"2016-11-21 14:08:29ID: BC  Data: 00 00 00 BB 00 00 00 00 
"
"2016-11-21 14:08:29ID: BB  Data: 00 00 00 BB 00 00 00 00 
"
"2016-11-21 14:08:29ID: BC  Data: 00 00 00 BB 00 00 00 00 
"
"2016-11-21 14:08:29ID: BB  Data: 00 00 00 BB 00 00 00 00 
"
"2016-11-21 14:08:29ID: BC  Data: 00 00 00 BB 00 00 00 00 
"
"2016-11-21 14:08:29ID: BB  Data: 00 00 00 BB 00 00 00 00 
"
"2016-11-21 14:08:29ID: BC  Data: 00 00 00 BB 00 00 00 00 
"
"2016-11-21 14:08:29ID: BB  Data: 00 00 00 BB 00 00 00 00 
"
"2016-11-21 14:08:29ID: BC  Data: 00 00 00 BB 00 00 00 00 
"
"2016-11-21 14:08:29ID: BB  Data: 00 00 00 BB 00 00 00 00 
"
"2016-11-21 14:08:29ID: BC  Data: 00 00 00 BB 00 00 00 00 
"
"2016-11-21 14:08:29ID: BB  Data: 00 00 00 BB 00 00 00 00 
"
"2016-11-21 14:08:29ID: BC  Data: 00 00 00 BB 00 00 00 00 
"
"2016-11-21 14:08:29ID: BB  Data: 00 00 00 BB 00 00 00 00 
"
"2016-11-21 14:08:29ID: BC  Data: 00 00 00 BB 00 00 00 00 
"
"2016-11-21 14:08:29ID: BB  Data: 00 00 00 BB 00 00 00 00 
"
"2016-11-21 14:08:29ID: BC  Data: 00 00 00 BB 00 00 00 00 
"
"2016-11-21 14:08:29ID: BB  Data: 00 00 00 BB 00 00 00 00 
"
"2016-11-21 14:08:29ID: BC  Data: 00 00 00 BB 00 00 00 00 
"
"2016-11-21 14:08:29ID: BB  Data: 00 00 00 BB 00 00 00 00 
"
"2016-11-21 14:08:29ID: BC  Data: 00 00 00 BB 00 00 00 00 
"
"2016-11-21 14:08:30ID: BB  Data: 00 00 00 BB 00 00 00 00 
"
"2016-11-21 14:08:30ID: BC  Data: 00 00 00 BB 00 00 00 00 
"
"2016-11-21 14:08:30ID: BB  Data: 00 00 00 BB 00 00 00 00 
"
"2016-11-21 14:08:30ID: BC  Data: 00 00 00 BB 00 00 00 00 
"
"2016-11-21 14:08:30ID: BB  Data: 00 00 00 BB 00 00 00 00 
"
"2016-11-21 14:08:30ID: BC  Data: 00 00 00 BB 00 00 00 00 
"
"2016-11-21 14:08:30ID: BB  Data: 00 00 00 BB 00 00 00 00 
"
"2016-11-21 14:08:30ID: BC  Data: 00 00 00 BB 00 00 00 00 
"
"2016-11-21 14:08:30ID: BB  Data: 00 00 00 BB 00 00 00 00 
"
"2016-11-21 14:08:30ID: BC  Data: 00 00 00 BB 00 00 00 00 
"
"2016-11-21 14:08:30ID: BB  Data: 00 00 00 BB 00 00 00 00 
"
"2016-11-21 14:08:30ID: BC  Data: 00 00 00 BB 00 00 00 00 
"
"2016-11-21 14:08:30ID: BB  Data: 00 00 00 BB 00 00 00 00 
"
"2016-11-21 14:08:30ID: BC  Data: 00 00 00 BB 00 00 00 00 
"
"2016-11-21 14:08:30ID: BB  Data: 00 00 00 BB 00 00 00 00 
"
"2016-11-21 14:08:30ID: BC  Data: 00 00 00 BB 00 00 00 00 
"
"2016-11-21 14:08:30ID: BB  Data: 00 00 00 BB 00 00 00 00 
"
"2016-11-21 14:08:30ID: BC  Data: 00 00 00 BB 00 00 00 00 
"
"2016-11-21 14:08:30ID: BB  Data: 00 00 00 BB 00 00 00 00 
"
"2016-11-21 14:08:30ID: BC  Data: 00 00 00 BB 00 00 00 00 
"
"2016-11-21 14:08:30ID: BB  Data: 00 00 00 BB 00 00 00 00 
"
"2016-11-21 14:08:30ID: BC  Data: 00 00 00 BB 00 00 00 00 
"
"2016-11-21 14:08:30ID: BB  Data: 00 00 00 BB 00 00 00 00 
"
"2016-11-21 14:08:30ID: BC  Data: 00 00 00 BB 00 00 00 00 
"
"2016-11-21 14:08:31ID: BB  Data: 00 00 00 BB 00 00 00 00 
"
"2016-11-21 14:08:31ID: BC  Data: 00 00 00 BB 00 00 00 00 
"
"2016-11-21 14:08:31ID: BB  Data: 00 00 00 BB 00 00 00 00 
"
"2016-11-21 14:08:31ID: BC  Data: 00 00 00 BB 00 00 00 00 
"
"2016-11-21 14:08:31ID: BB  Data: 00 00 00 BB 00 00 00 00 
"
"2016-11-21 14:08:31ID: BC  Data: 00 00 00 BB 00 00 00 00 
"
"2016-11-21 14:08:31ID: BB  Data: 00 00 00 BB 00 00 00 00 
"
"2016-11-21 14:08:31ID: BC  Data: 00 00 00 BB 00 00 00 00 
"
"2016-11-21 14:08:31ID: BB  Data: 00 00 00 BB 00 00 00 00 
"
"2016-11-21 14:08:31ID: BC  Data: 00 00 00 BB 00 00 00 00 
"
"2016-11-21 14:08:31ID: BB  Data: 00 00 00 BB 00 00 00 00 
"
"2016-11-21 14:08:31ID: BC  Data: 00 00 00 BB 00 00 00 00 
"
"2016-11-21 14:08:31ID: BB  Data: 00 00 00 BB 00 00 00 00 
"
"2016-11-21 14:08:31ID: BC  Data: 00 00 00 BB 00 00 00 00 
"
"2016-11-21 14:08:31ID: BB  Data: 00 00 00 BB 00 00 00 00 
"
"2016-11-21 14:08:31ID: BC  Data: 00 00 00 BB 00 00 00 00 
"
"2016-11-21 14:08:31ID: BB  Data: 00 00 00 BB 00 00 00 00 
"
"2016-11-21 14:08:31ID: BC  Data: 00 00 00 BB 00 00 00 00 
"
"2016-11-21 14:08:31ID: BB  Data: 00 00 00 BB 00 00 00 00 
"
"2016-11-21 14:08:31ID: BC  Data: 00 00 00 BB 00 00 00 00 
"
"2016-11-21 14:08:31ID: BB  Data: 00 00 00 BB 00 00 00 00 
"
"2016-11-21 14:08:31ID: BC  Data: 00 00 00 BB 00 00 00 00 
"
"2016-11-21 14:08:32ID: BB  Data: 00 00 00 BB 00 00 00 00 
"
"2016-11-21 14:08:32ID: BC  Data: 00 00 00 BB 00 00 00 00 
"
"2016-11-21 14:08:32ID: BB  Data: 00 00 00 BB 00 00 00 00 
"
"2016-11-21 14:08:32ID: BC  Data: 00 00 00 BB 00 00 00 00 
"
"2016-11-21 14:08:32ID: BB  Data: 00 00 00 BB 00 00 00 00 
"
"2016-11-21 14:08:32ID: BC  Data: 00 00 00 BB 00 00 00 00 
"
"2016-11-21 14:08:32ID: BB  Data: 00 00 00 BB 00 00 00 00 
"
"2016-11-21 14:08:32ID: BC  Data: 00 00 00 BB 00 00 00 00 
"
"2016-11-21 14:08:32ID: BB  Data: 00 00 00 BB 00 00 00 00 
"
"2016-11-21 14:08:32ID: BC  Data: 00 00 00 BB 00 00 00 00 
"
"2016-11-21 14:08:32ID: BB  Data: 00 00 00 BB 00 00 00 00 
"
"2016-11-21 14:08:32ID: BC  Data: 00 00 00 BB 00 00 00 00 
"
"2016-11-21 14:08:32ID: BB  Data: 00 00 00 BB 00 00 00 00 
"
"2016-11-21 14:08:32ID: BC  Data: 00 00 00 BB 00 00 00 00 
"
"2016-11-21 14:08:32ID: BB  Data: 00 00 00 BB 00 00 00 00 
"
"2016-11-21 14:08:32ID: BC  Data: 00 00 00 BB 00 00 00 00 
"
"2016-11-21 14:08:32ID: BB  Data: 00 00 00 BB 00 00 00 00 
"
"2016-11-21 14:08:32ID: BC  Data: 00 00 00 BB 00 00 00 00 
"
"2016-11-21 14:08:32ID: BB  Data: 00 00 00 BB 00 00 00 00 
"
"2016-11-21 14:08:32ID: BC  Data: 00 00 00 BB 00 00 00 00 
"
"2016-11-21 14:08:32ID: BB  Data: 00 00 00 BB 00 00 00 00 
"
"2016-11-21 14:08:32ID: BC  Data: 00 00 00 BB 00 00 00 00 
"
"2016-11-21 14:08:33ID: BB  Data: 00 00 00 BB 00 00 00 00 
"
"2016-11-21 14:08:33ID: BC  Data: 00 00 00 BB 00 00 00 00 
"
"2016-11-21 14:08:33ID: BB  Data: 00 00 00 BB 00 00 00 00 
"
"2016-11-21 14:08:33ID: BC  Data: 00 00 00 BB 00 00 00 00 
"
"2016-11-21 14:08:33ID: BB  Data: 00 00 00 BB 00 00 00 00 
"
"2016-11-21 14:08:33ID: BC  Data: 00 00 00 BB 00 00 00 00 
"
"2016-11-21 14:08:33ID: BB  Data: 00 00 00 BB 00 00 00 00 
"
"2016-11-21 14:08:33ID: BC  Data: 00 00 00 BB 00 00 00 00 
"
"2016-11-21 14:08:33ID: BB  Data: 00 00 00 BB 00 00 00 00 
"
"2016-11-21 14:08:33ID: BC  Data: 00 00 00 BB 00 00 00 00 
"
"2016-11-21 14:08:33ID: BB  Data: 00 00 00 BB 00 00 00 00 
"
"2016-11-21 14:08:33ID: BC  Data: 00 00 00 BB 00 00 00 00 
"
"2016-11-21 14:08:33ID: BB  Data: 00 00 00 BB 00 00 00 00 
"
"2016-11-21 14:08:33ID: BC  Data: 00 00 00 BB 00 00 00 00 
"
"2016-11-21 14:08:33ID: BB  Data: 00 00 00 BB 00 00 00 00 
"
"2016-11-21 14:08:33ID: BC  Data: 00 00 00 BB 00 00 00 00 
"
"2016-11-21 14:08:33ID: BB  Data: 00 00 00 BB 00 00 00 00 
"
"2016-11-21 14:08:33ID: BC  Data: 00 00 00 BB 00 00 00 00 
"
"2016-11-21 14:08:33ID: BB  Data: 00 00 00 BB 00 00 00 00 
"
"2016-11-21 14:08:33ID: BC  Data: 00 00 00 BB 00 00 00 00 
"
"2016-11-21 14:08:33ID: BB  Data: 00 00 00 BB 00 00 00 00 
"
"2016-11-21 14:08:33ID: BC  Data: 00 00 00 BB 00 00 00 00 
"
"2016-11-21 14:08:33ID: BB  Data: 00 00 00 BB 00 00 00 00 
"
"2016-11-21 14:08:33ID: BC  Data: 00 00 00 BB 00 00 00 00 
"
"2016-11-21 14:08:34ID: BB  Data: 00 00 00 BB 00 00 00 00 
"
"2016-11-21 14:08:34ID: BC  Data: 00 00 00 BB 00 00 00 00 
"
"2016-11-21 14:08:34ID: BB  Data: 00 00 00 BB 00 00 00 00 
"
"2016-11-21 14:08:34ID: BC  Data: 00 00 00 BB 00 00 00 00 
"
"2016-11-21 14:08:34ID: BB  Data: 00 00 00 BB 00 00 00 00 
"
"2016-11-21 14:08:34ID: BC  Data: 00 00 00 BB 00 00 00 00 
"
"2016-11-21 14:08:34ID: BB  Data: 00 00 00 BB 00 00 00 00 
"
"2016-11-21 14:08:34ID: BC  Data: 00 00 00 BB 00 00 00 00 
"
"2016-11-21 14:08:34ID: BB  Data: 00 00 00 BB 00 00 00 00 
"
"2016-11-21 14:08:34ID: BC  Data: 00 00 00 BB 00 00 00 00 
"
"2016-11-21 14:08:34ID: BB  Data: 00 00 00 BB 00 00 00 00 
"
"2016-11-21 14:08:34ID: BC  Data: 00 00 00 BB 00 00 00 00 
"
"2016-11-21 14:08:34ID: BB  Data: 00 00 00 BB 00 00 00 00 
"
"2016-11-21 14:08:34ID: BC  Data: 00 00 00 BB 00 00 00 00 
"
"2016-11-21 14:08:34ID: BB  Data: 00 00 00 BB 00 00 00 00 
"
"2016-11-21 14:08:34ID: BC  Data: 00 00 00 BB 00 00 00 00 
"
"2016-11-21 14:08:34ID: BB  Data: 00 00 00 BB 00 00 00 00 
"
"2016-11-21 14:08:34ID: BC  Data: 00 00 00 BB 00 00 00 00 
"
"2016-11-21 14:08:34ID: BB  Data: 00 00 00 BB 00 00 00 00 
"
"2016-11-21 14:08:34ID: BC  Data: 00 00 00 BB 00 00 00 00 
"
"2016-11-21 14:08:34ID: BB  Data: 00 00 00 BB 00 00 00 00 
"
"2016-11-21 14:08:34ID: BC  Data: 00 00 00 BB 00 00 00 00 
"
"2016-11-21 14:08:35ID: BB  Data: 00 00 00 BB 00 00 00 00 
"
"2016-11-21 14:08:35ID: BC  Data: 00 00 00 BB 00 00 00 00 
"
"2016-11-21 14:08:35ID: BB  Data: 00 00 00 BB 00 00 00 00 
"
"2016-11-21 14:08:35ID: BC  Data: 00 00 00 BB 00 00 00 00 
"
"2016-11-21 14:08:35ID: BB  Data: 00 00 00 BB 00 00 00 00 
"
"2016-11-21 14:08:35ID: BC  Data: 00 00 00 BB 00 00 00 00 
"
"2016-11-21 14:08:35ID: BB  Data: 00 00 00 BB 00 00 00 00 
"
"2016-11-21 14:08:35ID: BC  Data: 00 00 00 BB 00 00 00 00 
"
"2016-11-21 14:08:35ID: BB  Data: 00 00 00 BB 00 00 00 00 
"
"2016-11-21 14:08:35ID: BC  Data: 00 00 00 BB 00 00 00 00 
"
"2016-11-21 14:08:35ID: BB  Data: 00 00 00 BB 00 00 00 00 
"
"2016-11-21 14:08:35ID: BC  Data: 00 00 00 BB 00 00 00 00 
"
"2016-11-21 14:08:35ID: BB  Data: 00 00 00 BB 00 00 00 00 
"
"2016-11-21 14:08:35ID: BC  Data: 00 00 00 BB 00 00 00 00 
"
"2016-11-21 14:08:35ID: BB  Data: 00 00 00 BB 00 00 00 00 
"
"2016-11-21 14:08:35ID: BC  Data: 00 00 00 BB 00 00 00 00 
"
"2016-11-21 14:08:35ID: BB  Data: 00 00 00 BB 00 00 00 00 
"
"2016-11-21 14:08:35ID: BC  Data: 00 00 00 BB 00 00 00 00 
"
"2016-11-21 14:08:35ID: BB  Data: 00 00 00 BB 00 00 00 00 
"
"2016-11-21 14:08:35ID: BC  Data: 00 00 00 BB 00 00 00 00 
"
"2016-11-21 14:08:35ID: BB  Data: 00 00 00 BB 00 00 00 00 
"
"2016-11-21 14:08:35ID: BC  Data: 00 00 00 BB 00 00 00 00 
"
"2016-11-21 14:08:36ID: BB  Data: 00 00 00 BB 00 00 00 00 
"
"2016-11-21 14:08:36ID: BC  Data: 00 00 00 BB 00 00 00 00 
"
"2016-11-21 14:08:36ID: BB  Data: 00 00 00 BB 00 00 00 00 
"
"2016-11-21 14:08:36ID: BC  Data: 00 00 00 BB 00 00 00 00 
"
"2016-11-21 14:08:36ID: BB  Data: 00 00 00 BB 00 00 00 00 
"
"2016-11-21 14:08:36ID: BC  Data: 00 00 00 BB 00 00 00 00 
"
"2016-11-21 14:08:36ID: BB  Data: 00 00 00 BB 00 00 00 00 
"
"2016-11-21 14:08:36ID: BC  Data: 00 00 00 BB 00 00 00 00 
"
"2016-11-21 14:08:36ID: BB  Data: 00 00 00 BB 00 00 00 00 
"
"2016-11-21 14:08:36ID: BC  Data: 00 00 00 BB 00 00 00 00 
"
"2016-11-21 14:08:36ID: BB  Data: 00 00 00 BB 00 00 00 00 
"
"2016-11-21 14:08:36ID: BC  Data: 00 00 00 BB 00 00 00 00 
"
"2016-11-21 14:08:36ID: BB  Data: 00 00 00 BB 00 00 00 00 
"
"2016-11-21 14:08:36ID: BC  Data: 00 00 00 BB 00 00 00 00 
"
"2016-11-21 14:08:36ID: BB  Data: 00 00 00 BB 00 00 00 00 
"
"2016-11-21 14:08:36ID: BC  Data: 00 00 00 BB 00 00 00 00 
"
"2016-11-21 14:08:36ID: BB  Data: 00 00 00 BB 00 00 00 00 
"
"2016-11-21 14:08:36ID: BC  Data: 00 00 00 BB 00 00 00 00 
"
"2016-11-21 14:08:36ID: BB  Data: 00 00 00 BB 00 00 00 00 
"
"2016-11-21 14:08:36ID: BC  Data: 00 00 00 BB 00 00 00 00 
"
"2016-11-21 14:08:36ID: BB  Data: 00 00 00 BB 00 00 00 00 
"
"2016-11-21 14:08:36ID: BC  Data: 00 00 00 BB 00 00 00 00 
"
"2016-11-21 14:08:36ID: BB  Data: 00 00 00 BB 00 00 00 00 
"
"2016-11-21 14:08:36ID: BC  Data: 00 00 00 BB 00 00 00 00 
"
"2016-11-21 14:08:37ID: BB  Data: 00 00 00 BB 00 00 00 00 
"
"2016-11-21 14:08:37ID: BC  Data: 00 00 00 BB 00 00 00 00 
"
"2016-11-21 14:08:37ID: BB  Data: 00 00 00 BB 00 00 00 00 
"
"2016-11-21 14:08:37ID: BC  Data: 00 00 00 BB 00 00 00 00 
"
"2016-11-21 14:08:37ID: BB  Data: 00 00 00 BB 00 00 00 00 
"
"2016-11-21 14:08:37ID: BC  Data: 00 00 00 BB 00 00 00 00 
"
"2016-11-21 14:08:37ID: BB  Data: 00 00 00 BB 00 00 00 00 
"
"2016-11-21 14:08:37ID: BC  Data: 00 00 00 BB 00 00 00 00 
"
"2016-11-21 14:08:37ID: BB  Data: 00 00 00 BB 00 00 00 00 
"
"2016-11-21 14:08:37ID: BC  Data: 00 00 00 BB 00 00 00 00 
"
"2016-11-21 14:08:37ID: BB  Data: 00 00 00 BB 00 00 00 00 
"
"2016-11-21 14:08:37ID: BC  Data: 00 00 00 BB 00 00 00 00 
"
"2016-11-21 14:08:37ID: BB  Data: 00 00 00 BB 00 00 00 00 
"
"2016-11-21 14:08:37ID: BC  Data: 00 00 00 BB 00 00 00 00 
"
"2016-11-21 14:08:37ID: BB  Data: 00 00 00 BB 00 00 00 00 
"
"2016-11-21 14:08:37ID: BC  Data: 00 00 00 BB 00 00 00 00 
"
"2016-11-21 14:08:37ID: BB  Data: 00 00 00 BB 00 00 00 00 
"
"2016-11-21 14:08:37ID: BC  Data: 00 00 00 BB 00 00 00 00 
"
"2016-11-21 14:08:37ID: BB  Data: 00 00 00 BB 00 00 00 00 
"
"2016-11-21 14:08:37ID: BC  Data: 00 00 00 BB 00 00 00 00 
"
"2016-11-21 14:08:37ID: BB  Data: 00 00 00 BB 00 00 00 00 
"
"2016-11-21 14:08:37ID: BC  Data: 00 00 00 BB 00 00 00 00 
"
"2016-11-21 14:08:38ID: BB  Data: 00 00 00 BB 00 00 00 00 
"
"2016-11-21 14:08:38ID: BC  Data: 00 00 00 BB 00 00 00 00 
"
"2016-11-21 14:08:38ID: BB  Data: 00 00 00 BB 00 00 00 00 
"
"2016-11-21 14:08:38ID: BC  Data: 00 00 00 BB 00 00 00 00 
"
"2016-11-21 14:08:38ID: BB  Data: 00 00 00 BB 00 00 00 00 
"
"2016-11-21 14:08:38ID: BC  Data: 00 00 00 BB 00 00 00 00 
"
"2016-11-21 14:08:38ID: BB  Data: 00 00 00 BB 00 00 00 00 
"
"2016-11-21 14:08:38ID: BC  Data: 00 00 00 BB 00 00 00 00 
"
"2016-11-21 14:08:38ID: BB  Data: 00 00 00 BB 00 00 00 00 
"
"2016-11-21 14:08:38ID: BC  Data: 00 00 00 BB 00 00 00 00 
"
"2016-11-21 14:08:38ID: BB  Data: 00 00 00 BB 00 00 00 00 
"
"2016-11-21 14:08:38ID: BC  Data: 00 00 00 BB 00 00 00 00 
"
"2016-11-21 14:08:38ID: BB  Data: 00 00 00 BB 00 00 00 00 
"
"2016-11-21 14:08:38ID: BC  Data: 00 00 00 BB 00 00 00 00 
"
"2016-11-21 14:08:38ID: BB  Data: 00 00 00 BB 00 00 00 00 
"
"2016-11-21 14:08:38ID: BC  Data: 00 00 00 BB 00 00 00 00 
"
"2016-11-21 14:08:38ID: BB  Data: 00 00 00 BB 00 00 00 00 
"
"2016-11-21 14:08:38ID: BC  Data: 00 00 00 BB 00 00 00 00 
"
"2016-11-21 14:08:38ID: BB  Data: 00 00 00 BB 00 00 00 00 
"
"2016-11-21 14:08:38ID: BC  Data: 00 00 00 BB 00 00 00 00 
"
"2016-11-21 14:08:38ID: BB  Data: 00 00 00 BB 00 00 00 00 
"
"2016-11-21 14:08:38ID: BC  Data: 00 00 00 BB 00 00 00 00 
"
"2016-11-21 14:08:38ID: BB  Data: 00 00 00 BB 00 00 00 00 
"
"2016-11-21 14:08:39ID: BC  Data: 00 00 00 BB 00 00 00 00 
"
"2016-11-21 14:08:39ID: BB  Data: 00 00 00 BB 00 00 00 00 
"
"2016-11-21 14:08:39ID: BC  Data: 00 00 00 BB 00 00 00 00 
"
"2016-11-21 14:08:39ID: BB  Data: 00 00 00 BB 00 00 00 00 
"
"2016-11-21 14:08:39ID: BC  Data: 00 00 00 BB 00 00 00 00 
"
"2016-11-21 14:08:39ID: BB  Data: 00 00 00 BB 00 00 00 00 
"
"2016-11-21 14:08:39ID: BC  Data: 00 00 00 BB 00 00 00 00 
"
"2016-11-21 14:08:39ID: BB  Data: 00 00 00 BB 00 00 00 00 
"
"2016-11-21 14:08:39ID: BC  Data: 00 00 00 BB 00 00 00 00 
"
"2016-11-21 14:08:39ID: BB  Data: 00 00 00 BB 00 00 00 00 
"
"2016-11-21 14:08:39ID: BC  Data: 00 00 00 BB 00 00 00 00 
"
"2016-11-21 14:08:39ID: BB  Data: 00 00 00 BB 00 00 00 00 
"
"2016-11-21 14:08:39ID: BC  Data: 00 00 00 BB 00 00 00 00 
"
"2016-11-21 14:08:39ID: BB  Data: 00 00 00 BB 00 00 00 00 
"
"2016-11-21 14:08:39ID: BC  Data: 00 00 00 BB 00 00 00 00 
"
"2016-11-21 14:08:39ID: BB  Data: 00 00 00 BB 00 00 00 00 
"
"2016-11-21 14:08:39ID: BC  Data: 00 00 00 BB 00 00 00 00 
"
"2016-11-21 14:08:39ID: BB  Data: 00 00 00 BB 00 00 00 00 
"
"2016-11-21 14:08:39ID: BC  Data: 00 00 00 BB 00 00 00 00 
"
"2016-11-21 14:08:39ID: BB  Data: 00 00 00 BB 00 00 00 00 
"
"2016-11-21 14:08:39ID: BC  Data: 00 00 00 BB 00 00 00 00 
"
"2016-11-21 14:08:39ID: BB  Data: 00 00 00 BB 00 00 00 00 
"
"2016-11-21 14:08:39ID: BC  Data: 00 00 00 BB 00 00 00 00 
"
"2016-11-21 14:08:40ID: BB  Data: 00 00 00 BB 00 00 00 00 
"
"2016-11-21 14:08:40ID: BC  Data: 00 00 00 BB 00 00 00 00 
"
"2016-11-21 14:08:40ID: BB  Data: 00 00 00 BB 00 00 00 00 
"
"2016-11-21 14:08:40ID: BC  Data: 00 00 00 BB 00 00 00 00 
"
"2016-11-21 14:08:40ID: BB  Data: 00 00 00 BB 00 00 00 00 
"
"2016-11-21 14:08:40ID: BC  Data: 00 00 00 BB 00 00 00 00 
"
"2016-11-21 14:08:40ID: BB  Data: 00 00 00 BB 00 00 00 00 
"
"2016-11-21 14:08:40ID: BC  Data: 00 00 00 BB 00 00 00 00 
"
"2016-11-21 14:08:40ID: BB  Data: 00 00 00 BB 00 00 00 00 
"
"2016-11-21 14:08:40ID: BC  Data: 00 00 00 BB 00 00 00 00 
"
"2016-11-21 14:08:40ID: BB  Data: 00 00 00 BB 00 00 00 00 
"
"2016-11-21 14:08:40ID: BC  Data: 00 00 00 BB 00 00 00 00 
"
"2016-11-21 14:08:40ID: BB  Data: 00 00 00 BB 00 00 00 00 
"
"2016-11-21 14:08:40ID: BC  Data: 00 00 00 BB 00 00 00 00 
"
"2016-11-21 14:08:40ID: BB  Data: 00 00 00 BB 00 00 00 00 
"
"2016-11-21 14:08:40ID: BC  Data: 00 00 00 BB 00 00 00 00 
"
"2016-11-21 14:08:40ID: BB  Data: 00 00 00 BB 00 00 00 00 
"
"2016-11-21 14:08:40ID: BC  Data: 00 00 00 BB 00 00 00 00 
"
"2016-11-21 14:08:40ID: BB  Data: 00 00 00 BB 00 00 00 00 
"
"2016-11-21 14:08:40ID: BC  Data: 00 00 00 BB 00 00 00 00 
"
"2016-11-21 14:08:40ID: BB  Data: 00 00 00 BB 00 00 00 00 
"
"2016-11-21 14:08:40ID: BC  Data: 00 00 00 BB 00 00 00 00 
"
"2016-11-21 14:08:41ID: BB  Data: 00 00 00 BB 00 00 00 00 
"
"2016-11-21 14:08:41ID: BC  Data: 00 00 00 BB 00 00 00 00 
"
"2016-11-21 14:08:41ID: BB  Data: 00 00 00 BB 00 00 00 00 
"
"2016-11-21 14:08:41ID: BC  Data: 00 00 00 BB 00 00 00 00 
"
"2016-11-21 14:08:41ID: BB  Data: 00 00 00 BB 00 00 00 00 
"
"2016-11-21 14:08:41ID: BC  Data: 00 00 00 BB 00 00 00 00 
"
"2016-11-21 14:08:41ID: BB  Data: 00 00 00 BB 00 00 00 00 
"
"2016-11-21 14:08:41ID: BC  Data: 00 00 00 BB 00 00 00 00 
"
"2016-11-21 14:08:41ID: BB  Data: 00 00 00 BB 00 00 00 00 
"
"2016-11-21 14:08:41ID: BC  Data: 00 00 00 BB 00 00 00 00 
"
"2016-11-21 14:08:41ID: BB  Data: 00 00 00 BB 00 00 00 00 
"
"2016-11-21 14:08:41ID: BC  Data: 00 00 00 BB 00 00 00 00 
"
"2016-11-21 14:08:41ID: BB  Data: 00 00 00 BB 00 00 00 00 
"
"2016-11-21 14:08:41ID: BC  Data: 00 00 00 BB 00 00 00 00 
"
"2016-11-21 14:08:41ID: BB  Data: 00 00 00 BB 00 00 00 00 
"
"2016-11-21 14:08:41ID: BC  Data: 00 00 00 BB 00 00 00 00 
"
"2016-11-21 14:08:41ID: BB  Data: 00 00 00 BB 00 00 00 00 
"
"2016-11-21 14:08:41ID: BC  Data: 00 00 00 BB 00 00 00 00 
"
"2016-11-21 14:08:41ID: BB  Data: 00 00 00 BB 00 00 00 00 
"
"2016-11-21 14:08:41ID: BC  Data: 00 00 00 BB 00 00 00 00 
"
"2016-11-21 14:08:41ID: BB  Data: 00 00 00 BB 00 00 00 00 
"
"2016-11-21 14:08:41ID: BC  Data: 00 00 00 BB 00 00 00 00 
"
"2016-11-21 14:08:41ID: BB  Data: 00 00 00 BB 00 00 00 00 
"
"2016-11-21 14:08:41ID: BC  Data: 00 00 00 BB 00 00 00 00 
"
"2016-11-21 14:08:42ID: BB  Data: 00 00 00 BB 00 00 00 00 
"
"2016-11-21 14:08:42ID: BC  Data: 00 00 00 BB 00 00 00 00 
"
"2016-11-21 14:08:42ID: BB  Data: 00 00 00 BB 00 00 00 00 
"
"2016-11-21 14:08:42ID: BC  Data: 00 00 00 BB 00 00 00 00 
"
"2016-11-21 14:08:42ID: BB  Data: 00 00 00 BB 00 00 00 00 
"
"2016-11-21 14:08:42ID: BC  Data: 00 00 00 BB 00 00 00 00 
"
"2016-11-21 14:08:42ID: BB  Data: 00 00 00 BB 00 00 00 00 
"
"2016-11-21 14:08:42ID: BC  Data: 00 00 00 BB 00 00 00 00 
"
"2016-11-21 14:08:42ID: BB  Data: 00 00 00 BB 00 00 00 00 
"
"2016-11-21 14:08:42ID: BC  Data: 00 00 00 BB 00 00 00 00 
"
"2016-11-21 14:08:42ID: BB  Data: 00 00 00 BB 00 00 00 00 
"
"2016-11-21 14:08:42ID: BC  Data: 00 00 00 BB 00 00 00 00 
"
"2016-11-21 14:08:42ID: BB  Data: 00 00 00 BB 00 00 00 00 
"
"2016-11-21 14:08:42ID: BC  Data: 00 00 00 BB 00 00 00 00 
"
"2016-11-21 14:08:42ID: BB  Data: 00 00 00 BB 00 00 00 00 
"
"2016-11-21 14:08:42ID: BC  Data: 00 00 00 BB 00 00 00 00 
"
"2016-11-21 14:08:42ID: BB  Data: 00 00 00 BB 00 00 00 00 
"
"2016-11-21 14:08:42ID: BC  Data: 00 00 00 BB 00 00 00 00 
"
"2016-11-21 14:08:42ID: BB  Data: 00 00 00 BB 00 00 00 00 
"
"2016-11-21 14:08:42ID: BC  Data: 00 00 00 BB 00 00 00 00 
"
"2016-11-21 14:08:42ID: BB  Data: 00 00 00 BB 00 00 00 00 
"
"2016-11-21 14:08:42ID: BC  Data: 00 00 00 BB 00 00 00 00 
"
"2016-11-21 14:08:43ID: BB  Data: 00 00 00 BB 00 00 00 00 
"
"2016-11-21 14:08:43ID: BC  Data: 00 00 00 BB 00 00 00 00 
"
"2016-11-21 14:08:43ID: BB  Data: 00 00 00 BB 00 00 00 00 
"
"2016-11-21 14:08:43ID: BC  Data: 00 00 00 BB 00 00 00 00 
"
"2016-11-21 14:08:43ID: BB  Data: 00 00 00 BB 00 00 00 00 
"
"2016-11-21 14:08:43ID: BC  Data: 00 00 00 BB 00 00 00 00 
"
"2016-11-21 14:08:43ID: BB  Data: 00 00 00 BB 00 00 00 00 
"
"2016-11-21 14:08:43ID: BC  Data: 00 00 00 BB 00 00 00 00 
"
"2016-11-21 14:08:43ID: BB  Data: 00 00 00 BB 00 00 00 00 
"
"2016-11-21 14:08:43ID: BC  Data: 00 00 00 BB 00 00 00 00 
"
"2016-11-21 14:08:43ID: BB  Data: 00 00 00 BB 00 00 00 00 
"
"2016-11-21 14:08:43ID: BC  Data: 00 00 00 BB 00 00 00 00 
"
"2016-11-21 14:08:43ID: BB  Data: 00 00 00 BB 00 00 00 00 
"
"2016-11-21 14:08:43ID: BC  Data: 00 00 00 BB 00 00 00 00 
"
"2016-11-21 14:08:43ID: BB  Data: 00 00 00 BB 00 00 00 00 
"
"2016-11-21 14:08:43ID: BC  Data: 00 00 00 BB 00 00 00 00 
"
"2016-11-21 14:08:43ID: BB  Data: 00 00 00 BB 00 00 00 00 
"
"2016-11-21 14:08:43ID: BC  Data: 00 00 00 BB 00 00 00 00 
"
"2016-11-21 14:08:43ID: BB  Data: 00 00 00 BB 00 00 00 00 
"
"2016-11-21 14:08:43ID: BC  Data: 00 00 00 BB 00 00 00 00 
"
"2016-11-21 14:08:43ID: BB  Data: 00 00 00 BB 00 00 00 00 
"
"2016-11-21 14:08:43ID: BC  Data: 00 00 00 BB 00 00 00 00 
"
"2016-11-21 14:08:44ID: BB  Data: 00 00 00 BB 00 00 00 00 
"
"2016-11-21 14:08:44ID: BC  Data: 00 00 00 BB 00 00 00 00 
"
"2016-11-21 14:08:44ID: BB  Data: 00 00 00 BB 00 00 00 00 
"
"2016-11-21 14:08:44ID: BC  Data: 00 00 00 BB 00 00 00 00 
"
"2016-11-21 14:08:44ID: BB  Data: 00 00 00 BB 00 00 00 00 
"
"2016-11-21 14:08:44ID: BC  Data: 00 00 00 BB 00 00 00 00 
"
"2016-11-21 14:08:44ID: BB  Data: 00 00 00 BB 00 00 00 00 
"
"2016-11-21 14:08:44ID: BC  Data: 00 00 00 BB 00 00 00 00 
"
"2016-11-21 14:08:44ID: BB  Data: 00 00 00 BB 00 00 00 00 
"
"2016-11-21 14:08:44ID: BC  Data: 00 00 00 BB 00 00 00 00 
"
"2016-11-21 14:08:44ID: BB  Data: 00 00 00 BB 00 00 00 00 
"
"2016-11-21 14:08:44ID: BC  Data: 00 00 00 BB 00 00 00 00 
"
"2016-11-21 14:08:44ID: BB  Data: 00 00 00 BB 00 00 00 00 
"
"2016-11-21 14:08:44ID: BC  Data: 00 00 00 BB 00 00 00 00 
"
"2016-11-21 14:08:44ID: BB  Data: 00 00 00 BB 00 00 00 00 
"
"2016-11-21 14:08:44ID: BC  Data: 00 00 00 BB 00 00 00 00 
"
"2016-11-21 14:08:44ID: BB  Data: 00 00 00 BB 00 00 00 00 
"
"2016-11-21 14:08:44ID: BC  Data: 00 00 00 BB 00 00 00 00 
"
"2016-11-21 14:08:44ID: BB  Data: 00 00 00 BB 00 00 00 00 
"
"2016-11-21 14:08:44ID: BC  Data: 00 00 00 BB 00 00 00 00 
"
"2016-11-21 14:08:44ID: BB  Data: 00 00 00 BB 00 00 00 00 
"
"2016-11-21 14:08:44ID: BC  Data: 00 00 00 BB 00 00 00 00 
"
"2016-11-21 14:08:44ID: BB  Data: 00 00 00 BB 00 00 00 00 
"
"2016-11-21 14:08:44ID: BC  Data: 00 00 00 BB 00 00 00 00 
"
"2016-11-21 14:08:45ID: BB  Data: 00 00 00 BB 00 00 00 00 
"
"2016-11-21 14:08:45ID: BC  Data: 00 00 00 BB 00 00 00 00 
"
"2016-11-21 14:08:45ID: BB  Data: 00 00 00 BB 00 00 00 00 
"
"2016-11-21 14:08:45ID: BC  Data: 00 00 00 BB 00 00 00 00 
"
"2016-11-21 14:08:45ID: BB  Data: 00 00 00 BB 00 00 00 00 
"
"2016-11-21 14:08:45ID: BC  Data: 00 00 00 BB 00 00 00 00 
"
"2016-11-21 14:08:45ID: BB  Data: 00 00 00 BB 00 00 00 00 
"
"2016-11-21 14:08:45ID: BC  Data: 00 00 00 BB 00 00 00 00 
"
"2016-11-21 14:08:45ID: BB  Data: 00 00 00 BB 00 00 00 00 
"
"2016-11-21 14:08:45ID: BC  Data: 00 00 00 BB 00 00 00 00 
"
"2016-11-21 14:08:45ID: BB  Data: 00 00 00 BB 00 00 00 00 
"
"2016-11-21 14:08:45ID: BC  Data: 00 00 00 BB 00 00 00 00 
"
"2016-11-21 14:08:45ID: BB  Data: 00 00 00 BB 00 00 00 00 
"
"2016-11-21 14:08:45ID: BC  Data: 00 00 00 BB 00 00 00 00 
"
"2016-11-21 14:08:45ID: BB  Data: 00 00 00 BB 00 00 00 00 
"
"2016-11-21 14:08:45ID: BC  Data: 00 00 00 BB 00 00 00 00 
"
"2016-11-21 14:08:45ID: BB  Data: 00 00 00 BB 00 00 00 00 
"
"2016-11-21 14:08:45ID: BC  Data: 00 00 00 BB 00 00 00 00 
"
"2016-11-21 14:08:45ID: BB  Data: 00 00 00 BB 00 00 00 00 
"
"2016-11-21 14:08:45ID: BC  Data: 00 00 00 BB 00 00 00 00 
"
"2016-11-21 14:08:45ID: BB  Data: 00 00 00 BB 00 00 00 00 
"
"2016-11-21 14:08:45ID: BC  Data: 00 00 00 BB 00 00 00 00 
"
"2016-11-21 14:08:46ID: BB  Data: 00 00 00 BB 00 00 00 00 
"
"2016-11-21 14:08:46ID: BC  Data: 00 00 00 BB 00 00 00 00 
"
"2016-11-21 14:08:46ID: BB  Data: 00 00 00 BB 00 00 00 00 
"
"2016-11-21 14:08:46ID: BC  Data: 00 00 00 BB 00 00 00 00 
"
"2016-11-21 14:08:46ID: BB  Data: 00 00 00 BB 00 00 00 00 
"
"2016-11-21 14:08:46ID: BC  Data: 00 00 00 BB 00 00 00 00 
"
"2016-11-21 14:08:46ID: BB  Data: 00 00 00 BB 00 00 00 00 
"
"2016-11-21 14:08:46ID: BC  Data: 00 00 00 BB 00 00 00 00 
"
"2016-11-21 14:08:46ID: BB  Data: 00 00 00 BB 00 00 00 00 
"
"2016-11-21 14:08:46ID: BC  Data: 00 00 00 BB 00 00 00 00 
"
"2016-11-21 14:08:46ID: BB  Data: 00 00 00 BB 00 00 00 00 
"
"2016-11-21 14:08:46ID: BC  Data: 00 00 00 BB 00 00 00 00 
"
"2016-11-21 14:08:46ID: BB  Data: 00 00 00 BB 00 00 00 00 
"
"2016-11-21 14:08:46ID: BC  Data: 00 00 00 BB 00 00 00 00 
"
"2016-11-21 14:08:46ID: BB  Data: 00 00 00 BB 00 00 00 00 
"
"2016-11-21 14:08:46ID: BC  Data: 00 00 00 BB 00 00 00 00 
"
"2016-11-21 14:08:46ID: BB  Data: 00 00 00 BB 00 00 00 00 
"
"2016-11-21 14:08:46ID: BC  Data: 00 00 00 BB 00 00 00 00 
"
"2016-11-21 14:08:46ID: BB  Data: 00 00 00 BB 00 00 00 00 
"
"2016-11-21 14:08:46ID: BC  Data: 00 00 00 BB 00 00 00 00 
"
"2016-11-21 14:08:46ID: BB  Data: 00 00 00 BB 00 00 00 00 
"
"2016-11-21 14:08:46ID: BC  Data: 00 00 00 BB 00 00 00 00 
"
"2016-11-21 14:08:46ID: BB  Data: 00 00 00 BB 00 00 00 00 
"
"2016-11-21 14:08:47ID: BC  Data: 00 00 00 BB 00 00 00 00 
"
"2016-11-21 14:08:47ID: BB  Data: 00 00 00 BB 00 00 00 00 
"
"2016-11-21 14:08:47ID: BC  Data: 00 00 00 BB 00 00 00 00 
"
"2016-11-21 14:08:47ID: BB  Data: 00 00 00 BB 00 00 00 00 
"
"2016-11-21 14:08:47ID: BC  Data: 00 00 00 BB 00 00 00 00 
"
"2016-11-21 14:08:47ID: BB  Data: 00 00 00 BB 00 00 00 00 
"
"2016-11-21 14:08:47ID: BC  Data: 00 00 00 BB 00 00 00 00 
"
"2016-11-21 14:08:47ID: BB  Data: 00 00 00 BB 00 00 00 00 
"
"2016-11-21 14:08:47ID: BC  Data: 00 00 00 BB 00 00 00 00 
"
"2016-11-21 14:08:47ID: BB  Data: 00 00 00 BB 00 00 00 00 
"
"2016-11-21 14:08:47ID: BC  Data: 00 00 00 BB 00 00 00 00 
"
"2016-11-21 14:08:47ID: BB  Data: 00 00 00 BB 00 00 00 00 
"
"2016-11-21 14:08:47ID: BC  Data: 00 00 00 BB 00 00 00 00 
"
"2016-11-21 14:08:47ID: BB  Data: 00 00 00 BB 00 00 00 00 
"
"2016-11-21 14:08:47ID: BC  Data: 00 00 00 BB 00 00 00 00 
"
"2016-11-21 14:08:47ID: BB  Data: 00 00 00 BB 00 00 00 00 
"
"2016-11-21 14:08:47ID: BC  Data: 00 00 00 BB 00 00 00 00 
"
"2016-11-21 14:08:47ID: BB  Data: 00 00 00 BB 00 00 00 00 
"
"2016-11-21 14:08:47ID: BC  Data: 00 00 00 BB 00 00 00 00 
"
"2016-11-21 14:08:47ID: BB  Data: 00 00 00 BB 00 00 00 00 
"
"2016-11-21 14:08:47ID: BC  Data: 00 00 00 BB 00 00 00 00 
"
"2016-11-21 14:08:47ID: BB  Data: 00 00 00 BB 00 00 00 00 
"
"2016-11-21 14:08:47ID: BC  Data: 00 00 00 BB 00 00 00 00 
"
"2016-11-21 14:08:48ID: BB  Data: 00 00 00 BB 00 00 00 00 
"
"2016-11-21 14:08:48ID: BC  Data: 00 00 00 BB 00 00 00 00 
"
"2016-11-21 14:08:48ID: BB  Data: 00 00 00 BB 00 00 00 00 
"
"2016-11-21 14:08:48ID: BC  Data: 00 00 00 BB 00 00 00 00 
"
"2016-11-21 14:08:48ID: BB  Data: 00 00 00 BB 00 00 00 00 
"
"2016-11-21 14:08:48ID: BC  Data: 00 00 00 BB 00 00 00 00 
"
"2016-11-21 14:08:48ID: BB  Data: 00 00 00 BB 00 00 00 00 
"
"2016-11-21 14:08:48ID: BC  Data: 00 00 00 BB 00 00 00 00 
"
"2016-11-21 14:08:48ID: BB  Data: 00 00 00 BB 00 00 00 00 
"
"2016-11-21 14:08:48ID: BC  Data: 00 00 00 BB 00 00 00 00 
"
"2016-11-21 14:08:48ID: BB  Data: 00 00 00 BB 00 00 00 00 
"
"2016-11-21 14:08:48ID: BC  Data: 00 00 00 BB 00 00 00 00 
"
"2016-11-21 14:08:48ID: BB  Data: 00 00 00 BB 00 00 00 00 
"
"2016-11-21 14:08:48ID: BC  Data: 00 00 00 BB 00 00 00 00 
"
"2016-11-21 14:08:48ID: BB  Data: 00 00 00 BB 00 00 00 00 
"
"2016-11-21 14:08:48ID: BC  Data: 00 00 00 BB 00 00 00 00 
"
"2016-11-21 14:08:48ID: BB  Data: 00 00 00 BB 00 00 00 00 
"
"2016-11-21 14:08:48ID: BC  Data: 00 00 00 BB 00 00 00 00 
"
"2016-11-21 14:08:48ID: BB  Data: 00 00 00 BB 00 00 00 00 
"
"2016-11-21 14:08:48ID: BC  Data: 00 00 00 BB 00 00 00 00 
"
"2016-11-21 14:08:48ID: BB  Data: 00 00 00 BB 00 00 00 00 
"
"2016-11-21 14:08:48ID: BC  Data: 00 00 00 BB 00 00 00 00 
"
"2016-11-21 14:08:49ID: BB  Data: 00 00 00 BB 00 00 00 00 
"
"2016-11-21 14:08:49ID: BC  Data: 00 00 00 BB 00 00 00 00 
"
"2016-11-21 14:08:49ID: BB  Data: 00 00 00 BB 00 00 00 00 
"
"2016-11-21 14:08:49ID: BC  Data: 00 00 00 BB 00 00 00 00 
"
"2016-11-21 14:08:49ID: BB  Data: 00 00 00 BB 00 00 00 00 
"
"2016-11-21 14:08:49ID: BC  Data: 00 00 00 BB 00 00 00 00 
"
"2016-11-21 14:08:49ID: BB  Data: 00 00 00 BB 00 00 00 00 
"
"2016-11-21 14:08:49ID: BC  Data: 00 00 00 BB 00 00 00 00 
"
"2016-11-21 14:08:49ID: BB  Data: 00 00 00 BB 00 00 00 00 
"
"2016-11-21 14:08:49ID: BC  Data: 00 00 00 BB 00 00 00 00 
"
"2016-11-21 14:08:49ID: BB  Data: 00 00 00 BB 00 00 00 00 
"
"2016-11-21 14:08:49ID: BC  Data: 00 00 00 BB 00 00 00 00 
"
"2016-11-21 14:08:49ID: BB  Data: 00 00 00 BB 00 00 00 00 
"
"2016-11-21 14:08:49ID: BC  Data: 00 00 00 BB 00 00 00 00 
"
"2016-11-21 14:08:49ID: BB  Data: 00 00 00 BB 00 00 00 00 
"
"2016-11-21 14:08:49ID: BC  Data: 00 00 00 BB 00 00 00 00 
"
"2016-11-21 14:08:49ID: BB  Data: 00 00 00 BB 00 00 00 00 
"
"2016-11-21 14:08:49ID: BC  Data: 00 00 00 BB 00 00 00 00 
"
"2016-11-21 14:08:49ID: BB  Data: 00 00 00 BB 00 00 00 00 
"
"2016-11-21 14:08:49ID: BC  Data: 00 00 00 BB 00 00 00 00 
"
"2016-11-21 14:08:49ID: BB  Data: 00 00 00 BB 00 00 00 00 
"
"2016-11-21 14:08:49ID: BC  Data: 00 00 00 BB 00 00 00 00 
"
"2016-11-21 14:08:49ID: BB  Data: 00 00 00 BB 00 00 00 00 
"
"2016-11-21 14:08:49ID: BC  Data: 00 00 00 BB 00 00 00 00 
"
"2016-11-21 14:08:50ID: BB  Data: 00 00 00 BB 00 00 00 00 
"
"2016-11-21 14:08:50ID: BC  Data: 00 00 00 BB 00 00 00 00 
"
"2016-11-21 14:08:50ID: BB  Data: 00 00 00 BB 00 00 00 00 
"
"2016-11-21 14:08:50ID: BC  Data: 00 00 00 BB 00 00 00 00 
"
"2016-11-21 14:08:50ID: BB  Data: 00 00 00 BB 00 00 00 00 
"
"2016-11-21 14:08:50ID: BC  Data: 00 00 00 BB 00 00 00 00 
"
"2016-11-21 14:08:50ID: BB  Data: 00 00 00 BB 00 00 00 00 
"
"2016-11-21 14:08:50ID: BC  Data: 00 00 00 BB 00 00 00 00 
"
"2016-11-21 14:08:50ID: BB  Data: 00 00 00 BB 00 00 00 00 
"
"2016-11-21 14:08:50ID: BC  Data: 00 00 00 BB 00 00 00 00 
"
"2016-11-21 14:08:50ID: BB  Data: 00 00 00 BB 00 00 00 00 
"
"2016-11-21 14:08:50ID: BC  Data: 00 00 00 BB 00 00 00 00 
"
"2016-11-21 14:08:50ID: BB  Data: 00 00 00 BB 00 00 00 00 
"
"2016-11-21 14:08:50ID: BC  Data: 00 00 00 BB 00 00 00 00 
"
"2016-11-21 14:08:50ID: BB  Data: 00 00 00 BB 00 00 00 00 
"
"2016-11-21 14:08:50ID: BC  Data: 00 00 00 BB 00 00 00 00 
"
"2016-11-21 14:08:50ID: BB  Data: 00 00 00 BB 00 00 00 00 
"
"2016-11-21 14:08:50ID: BC  Data: 00 00 00 BB 00 00 00 00 
"
"2016-11-21 14:08:50ID: BB  Data: 00 00 00 BB 00 00 00 00 
"
"2016-11-21 14:08:50ID: BC  Data: 00 00 00 BB 00 00 00 00 
"
"2016-11-21 14:08:50ID: BB  Data: 00 00 00 BB 00 00 00 00 
"
"2016-11-21 14:08:50ID: BC  Data: 00 00 00 BB 00 00 00 00 
"
"2016-11-21 14:08:51ID: BB  Data: 00 00 00 BB 00 00 00 00 
"
"2016-11-21 14:08:51ID: BC  Data: 00 00 00 BB 00 00 00 00 
"
"2016-11-21 14:08:51ID: BB  Data: 00 00 00 BB 00 00 00 00 
"
"2016-11-21 14:08:51ID: BC  Data: 00 00 00 BB 00 00 00 00 
"
"2016-11-21 14:08:51ID: BB  Data: 00 00 00 BB 00 00 00 00 
"
"2016-11-21 14:08:51ID: BC  Data: 00 00 00 BB 00 00 00 00 
"
"2016-11-21 14:08:51ID: BB  Data: 00 00 00 BB 00 00 00 00 
"
"2016-11-21 14:08:51ID: BC  Data: 00 00 00 BB 00 00 00 00 
"
"2016-11-21 14:08:51ID: BB  Data: 00 00 00 BB 00 00 00 00 
"
"2016-11-21 14:08:51ID: BC  Data: 00 00 00 BB 00 00 00 00 
"
"2016-11-21 14:08:51ID: BB  Data: 00 00 00 BB 00 00 00 00 
"
"2016-11-21 14:08:51ID: BC  Data: 00 00 00 BB 00 00 00 00 
"
"2016-11-21 14:08:51ID: BB  Data: 00 00 00 BB 00 00 00 00 
"
"2016-11-21 14:08:51ID: BC  Data: 00 00 00 BB 00 00 00 00 
"
"2016-11-21 14:08:51ID: BB  Data: 00 00 00 BB 00 00 00 00 
"
"2016-11-21 14:08:51ID: BC  Data: 00 00 00 BB 00 00 00 00 
"
"2016-11-21 14:08:51ID: BB  Data: 00 00 00 BB 00 00 00 00 
"
"2016-11-21 14:08:51ID: BC  Data: 00 00 00 BB 00 00 00 00 
"
"2016-11-21 14:08:51ID: BB  Data: 00 00 00 BB 00 00 00 00 
"
"2016-11-21 14:08:51ID: BC  Data: 00 00 00 BB 00 00 00 00 
"
"2016-11-21 14:08:51ID: BB  Data: 00 00 00 BB 00 00 00 00 
"
"2016-11-21 14:08:51ID: BC  Data: 00 00 00 BB 00 00 00 00 
"
"2016-11-21 14:08:52ID: BB  Data: 00 00 00 BB 00 00 00 00 
"
"2016-11-21 14:08:52ID: BC  Data: 00 00 00 BB 00 00 00 00 
"
"2016-11-21 14:08:52ID: BB  Data: 00 00 00 BB 00 00 00 00 
"
"2016-11-21 14:08:52ID: BC  Data: 00 00 00 BB 00 00 00 00 
"
"2016-11-21 14:08:52ID: BB  Data: 00 00 00 BB 00 00 00 00 
"
"2016-11-21 14:08:52ID: BC  Data: 00 00 00 BB 00 00 00 00 
"
"2016-11-21 14:08:52ID: BB  Data: 00 00 00 BB 00 00 00 00 
"
"2016-11-21 14:08:52ID: BC  Data: 00 00 00 BB 00 00 00 00 
"
"2016-11-21 14:08:52ID: BB  Data: 00 00 00 BB 00 00 00 00 
"
"2016-11-21 14:08:52ID: BC  Data: 00 00 00 BB 00 00 00 00 
"
"2016-11-21 14:08:52ID: BB  Data: 00 00 00 BB 00 00 00 00 
"
"2016-11-21 14:08:52ID: BC  Data: 00 00 00 BB 00 00 00 00 
"
"2016-11-21 14:08:52ID: BB  Data: 00 00 00 BB 00 00 00 00 
"
"2016-11-21 14:08:52ID: BC  Data: 00 00 00 BB 00 00 00 00 
"
"2016-11-21 14:08:52ID: BB  Data: 00 00 00 BB 00 00 00 00 
"
"2016-11-21 14:08:52ID: BC  Data: 00 00 00 BB 00 00 00 00 
"
"2016-11-21 14:08:52ID: BB  Data: 00 00 00 BB 00 00 00 00 
"
"2016-11-21 14:08:52ID: BC  Data: 00 00 00 BB 00 00 00 00 
"
"2016-11-21 14:08:52ID: BB  Data: 00 00 00 BB 00 00 00 00 
"
"2016-11-21 14:08:52ID: BC  Data: 00 00 00 BB 00 00 00 00 
"
"2016-11-21 14:08:52ID: BB  Data: 00 00 00 BB 00 00 00 00 
"
"2016-11-21 14:08:52ID: BC  Data: 00 00 00 BB 00 00 00 00 
"
"2016-11-21 14:08:52ID: BB  Data: 00 00 00 BB 00 00 00 00 
"
"2016-11-21 14:08:52ID: BC  Data: 00 00 00 BB 00 00 00 00 
"
"2016-11-21 14:08:53ID: BB  Data: 00 00 00 BB 00 00 00 00 
"
"2016-11-21 14:08:53ID: BC  Data: 00 00 00 BB 00 00 00 00 
"
"2016-11-21 14:08:53ID: BB  Data: 00 00 00 BB 00 00 00 00 
"
"2016-11-21 14:08:53ID: BC  Data: 00 00 00 BB 00 00 00 00 
"
"2016-11-21 14:08:53ID: BB  Data: 00 00 00 BB 00 00 00 00 
"
"2016-11-21 14:08:53ID: BC  Data: 00 00 00 BB 00 00 00 00 
"
"2016-11-21 14:08:53ID: BB  Data: 00 00 00 BB 00 00 00 00 
"
"2016-11-21 14:08:53ID: BC  Data: 00 00 00 BB 00 00 00 00 
"
"2016-11-21 14:08:53ID: BB  Data: 00 00 00 BB 00 00 00 00 
"
"2016-11-21 14:08:53ID: BC  Data: 00 00 00 BB 00 00 00 00 
"
"2016-11-21 14:08:53ID: BB  Data: 00 00 00 BB 00 00 00 00 
"
"2016-11-21 14:08:53ID: BC  Data: 00 00 00 BB 00 00 00 00 
"
"2016-11-21 14:08:53ID: BB  Data: 00 00 00 BB 00 00 00 00 
"
"2016-11-21 14:08:53ID: BC  Data: 00 00 00 BB 00 00 00 00 
"
"2016-11-21 14:08:53ID: BB  Data: 00 00 00 BB 00 00 00 00 
"
"2016-11-21 14:08:53ID: BC  Data: 00 00 00 BB 00 00 00 00 
"
"2016-11-21 14:08:53ID: BB  Data: 00 00 00 BB 00 00 00 00 
"
"2016-11-21 14:08:53ID: BC  Data: 00 00 00 BB 00 00 00 00 
"
"2016-11-21 14:08:53ID: BB  Data: 00 00 00 BB 00 00 00 00 
"
"2016-11-21 14:08:53ID: BC  Data: 00 00 00 BB 00 00 00 00 
"
"2016-11-21 14:08:53ID: BB  Data: 00 00 00 BB 00 00 00 00 
"
"2016-11-21 14:08:53ID: BC  Data: 00 00 00 BB 00 00 00 00 
"
"2016-11-21 14:08:54ID: BB  Data: 00 00 00 BB 00 00 00 00 
"
"2016-11-21 14:08:54ID: BC  Data: 00 00 00 BB 00 00 00 00 
"
"2016-11-21 14:08:54ID: BB  Data: 00 00 00 BB 00 00 00 00 
"
"2016-11-21 14:08:54ID: BC  Data: 00 00 00 BB 00 00 00 00 
"
"2016-11-21 14:08:54ID: BB  Data: 00 00 00 BB 00 00 00 00 
"
"2016-11-21 14:08:54ID: BC  Data: 00 00 00 BB 00 00 00 00 
"
"2016-11-21 14:08:54ID: BB  Data: 00 00 00 BB 00 00 00 00 
"
"2016-11-21 14:08:54ID: BC  Data: 00 00 00 BB 00 00 00 00 
"
"2016-11-21 14:08:54ID: BB  Data: 00 00 00 BB 00 00 00 00 
"
"2016-11-21 14:08:54ID: BC  Data: 00 00 00 BB 00 00 00 00 
"
"2016-11-21 14:08:54ID: BB  Data: 00 00 00 BB 00 00 00 00 
"
"2016-11-21 14:08:54ID: BC  Data: 00 00 00 BB 00 00 00 00 
"
"2016-11-21 14:08:54ID: BB  Data: 00 00 00 BB 00 00 00 00 
"
"2016-11-21 14:08:54ID: BC  Data: 00 00 00 BB 00 00 00 00 
"
"2016-11-21 14:08:54ID: BB  Data: 00 00 00 BB 00 00 00 00 
"
"2016-11-21 14:08:54ID: BC  Data: 00 00 00 BB 00 00 00 00 
"
"2016-11-21 14:08:54ID: BB  Data: 00 00 00 BB 00 00 00 00 
"
"2016-11-21 14:08:54ID: BC  Data: 00 00 00 BB 00 00 00 00 
"
"2016-11-21 14:08:54ID: BB  Data: 00 00 00 BB 00 00 00 00 
"
"2016-11-21 14:08:54ID: BC  Data: 00 00 00 BB 00 00 00 00 
"
"2016-11-21 14:08:54ID: BB  Data: 00 00 00 BB 00 00 00 00 
"
"2016-11-21 14:08:54ID: BC  Data: 00 00 00 BB 00 00 00 00 
"
"2016-11-21 14:08:54ID: BB  Data: 00 00 00 BB 00 00 00 00 
"
"2016-11-21 14:08:55ID: BC  Data: 00 00 00 BB 00 00 00 00 
"
"2016-11-21 14:08:55ID: BB  Data: 00 00 00 BB 00 00 00 00 
"
"2016-11-21 14:08:55ID: BC  Data: 00 00 00 BB 00 00 00 00 
"
"2016-11-21 14:08:55ID: BB  Data: 00 00 00 BB 00 00 00 00 
"
"2016-11-21 14:08:55ID: BC  Data: 00 00 00 BB 00 00 00 00 
"
"2016-11-21 14:08:55ID: BB  Data: 00 00 00 BB 00 00 00 00 
"
"2016-11-21 14:08:55ID: BC  Data: 00 00 00 BB 00 00 00 00 
"
"2016-11-21 14:08:55ID: BB  Data: 00 00 00 BB 00 00 00 00 
"
"2016-11-21 14:08:55ID: BC  Data: 00 00 00 BB 00 00 00 00 
"
"2016-11-21 14:08:55ID: BB  Data: 00 00 00 BB 00 00 00 00 
"
"2016-11-21 14:08:55ID: BC  Data: 00 00 00 BB 00 00 00 00 
"
"2016-11-21 14:08:55ID: BB  Data: 00 00 00 BB 00 00 00 00 
"
"2016-11-21 14:08:55ID: BC  Data: 00 00 00 BB 00 00 00 00 
"
"2016-11-21 14:08:55ID: BB  Data: 00 00 00 BB 00 00 00 00 
"
"2016-11-21 14:08:55ID: BC  Data: 00 00 00 BB 00 00 00 00 
"
"2016-11-21 14:08:55ID: BB  Data: 00 00 00 BB 00 00 00 00 
"
"2016-11-21 14:08:55ID: BC  Data: 00 00 00 BB 00 00 00 00 
"
"2016-11-21 14:08:55ID: BB  Data: 00 00 00 BB 00 00 00 00 
"
"2016-11-21 14:08:55ID: BC  Data: 00 00 00 BB 00 00 00 00 
"
"2016-11-21 14:08:55ID: BB  Data: 00 00 00 BB 00 00 00 00 
"
"2016-11-21 14:08:55ID: BC  Data: 00 00 00 BB 00 00 00 00 
"
"2016-11-21 14:08:55ID: BB  Data: 00 00 00 BB 00 00 00 00 
"
"2016-11-21 14:08:55ID: BC  Data: 00 00 00 BB 00 00 00 00 
"
"2016-11-21 14:08:56ID: BB  Data: 00 00 00 BB 00 00 00 00 
"
"2016-11-21 14:08:56ID: BC  Data: 00 00 00 BB 00 00 00 00 
"
"2016-11-21 14:08:56ID: BB  Data: 00 00 00 BB 00 00 00 00 
"
"2016-11-21 14:08:56ID: BC  Data: 00 00 00 BB 00 00 00 00 
"
"2016-11-21 14:08:56ID: BB  Data: 00 00 00 BB 00 00 00 00 
"
"2016-11-21 14:08:56ID: BC  Data: 00 00 00 BB 00 00 00 00 
"
"2016-11-21 14:08:56ID: BB  Data: 00 00 00 BB 00 00 00 00 
"
"2016-11-21 14:08:56ID: BC  Data: 00 00 00 BB 00 00 00 00 
"
"2016-11-21 14:08:56ID: BB  Data: 00 00 00 BB 00 00 00 00 
"
"2016-11-21 14:08:56ID: BC  Data: 00 00 00 BB 00 00 00 00 
"
"2016-11-21 14:08:56ID: BB  Data: 00 00 00 BB 00 00 00 00 
"
"2016-11-21 14:08:56ID: BC  Data: 00 00 00 BB 00 00 00 00 
"
"2016-11-21 14:08:56ID: BB  Data: 00 00 00 BB 00 00 00 00 
"
"2016-11-21 14:08:56ID: BC  Data: 00 00 00 BB 00 00 00 00 
"
"2016-11-21 14:08:56ID: BB  Data: 00 00 00 BB 00 00 00 00 
"
"2016-11-21 14:08:56ID: BC  Data: 00 00 00 BB 00 00 00 00 
"
"2016-11-21 14:08:56ID: BB  Data: 00 00 00 BB 00 00 00 00 
"
"2016-11-21 14:08:56ID: BC  Data: 00 00 00 BB 00 00 00 00 
"
"2016-11-21 14:08:56ID: BB  Data: 00 00 00 BB 00 00 00 00 
"
"2016-11-21 14:08:56ID: BC  Data: 00 00 00 BB 00 00 00 00 
"
"2016-11-21 14:08:56ID: BB  Data: 00 00 00 BB 00 00 00 00 
"
"2016-11-21 14:08:56ID: BC  Data: 00 00 00 BB 00 00 00 00 
"
"2016-11-21 14:08:57ID: BB  Data: 00 00 00 BB 00 00 00 00 
"
"2016-11-21 14:08:57ID: BC  Data: 00 00 00 BB 00 00 00 00 
"
"2016-11-21 14:08:57ID: BB  Data: 00 00 00 BB 00 00 00 00 
"
"2016-11-21 14:08:57ID: BC  Data: 00 00 00 BB 00 00 00 00 
"
"2016-11-21 14:08:57ID: BB  Data: 00 00 00 BB 00 00 00 00 
"
"2016-11-21 14:08:57ID: BC  Data: 00 00 00 BB 00 00 00 00 
"
"2016-11-21 14:08:57ID: BB  Data: 00 00 00 BB 00 00 00 00 
"
"2016-11-21 14:08:57ID: BC  Data: 00 00 00 BB 00 00 00 00 
"
"2016-11-21 14:08:57ID: BB  Data: 00 00 00 BB 00 00 00 00 
"
"2016-11-21 14:08:57ID: BC  Data: 00 00 00 BB 00 00 00 00 
"
"2016-11-21 14:08:57ID: BB  Data: 00 00 00 BB 00 00 00 00 
"
"2016-11-21 14:08:57ID: BC  Data: 00 00 00 BB 00 00 00 00 
"
"2016-11-21 14:08:57ID: BB  Data: 00 00 00 BB 00 00 00 00 
"
"2016-11-21 14:08:57ID: BC  Data: 00 00 00 BB 00 00 00 00 
"
"2016-11-21 14:08:57ID: BB  Data: 00 00 00 BB 00 00 00 00 
"
"2016-11-21 14:08:57ID: BC  Data: 00 00 00 BB 00 00 00 00 
"
"2016-11-21 14:08:57ID: BB  Data: 00 00 00 BB 00 00 00 00 
"
"2016-11-21 14:08:57ID: BC  Data: 00 00 00 BB 00 00 00 00 
"
"2016-11-21 14:08:57ID: BB  Data: 00 00 00 BB 00 00 00 00 
"
"2016-11-21 14:08:57ID: BC  Data: 00 00 00 BB 00 00 00 00 
"
"2016-11-21 14:08:57ID: BB  Data: 00 00 00 BB 00 00 00 00 
"
"2016-11-21 14:08:57ID: BC  Data: 00 00 00 BB 00 00 00 00 
"
"2016-11-21 14:08:57ID: BB  Data: 00 00 00 BB 00 00 00 00 
"
"2016-11-21 14:08:58ID: BC  Data: 00 00 00 BB 00 00 00 00 
"
"2016-11-21 14:08:58ID: BB  Data: 00 00 00 BB 00 00 00 00 
"
"2016-11-21 14:08:58ID: BC  Data: 00 00 00 BB 00 00 00 00 
"
"2016-11-21 14:08:58ID: BB  Data: 00 00 00 BB 00 00 00 00 
"
"2016-11-21 14:08:58ID: BC  Data: 00 00 00 BB 00 00 00 00 
"
"2016-11-21 14:08:58ID: BB  Data: 00 00 00 BB 00 00 00 00 
"
"2016-11-21 14:08:58ID: BC  Data: 00 00 00 BB 00 00 00 00 
"
"2016-11-21 14:08:58ID: BB  Data: 00 00 00 BB 00 00 00 00 
"
"2016-11-21 14:08:58ID: BC  Data: 00 00 00 BB 00 00 00 00 
"
"2016-11-21 14:08:58ID: BB  Data: 00 00 00 BB 00 00 00 00 
"
"2016-11-21 14:08:58ID: BC  Data: 00 00 00 BB 00 00 00 00 
"
"2016-11-21 14:08:58ID: BB  Data: 00 00 00 BB 00 00 00 00 
"
"2016-11-21 14:08:58ID: BC  Data: 00 00 00 BB 00 00 00 00 
"
"2016-11-21 14:08:58ID: BB  Data: 00 00 00 BB 00 00 00 00 
"
"2016-11-21 14:08:58ID: BC  Data: 00 00 00 BB 00 00 00 00 
"
"2016-11-21 14:08:58ID: BB  Data: 00 00 00 BB 00 00 00 00 
"
"2016-11-21 14:08:58ID: BC  Data: 00 00 00 BB 00 00 00 00 
"
"2016-11-21 14:08:58ID: BB  Data: 00 00 00 BB 00 00 00 00 
"
"2016-11-21 14:08:58ID: BC  Data: 00 00 00 BB 00 00 00 00 
"
"2016-11-21 14:08:58ID: BB  Data: 00 00 00 BB 00 00 00 00 
"
"2016-11-21 14:08:58ID: BC  Data: 00 00 00 BB 00 00 00 00 
"
"2016-11-21 14:08:58ID: BB  Data: 00 00 00 BB 00 00 00 00 
"
"2016-11-21 14:08:58ID: BC  Data: 00 00 00 BB 00 00 00 00 
"
"2016-11-21 14:08:59ID: BB  Data: 00 00 00 BB 00 00 00 00 
"
"2016-11-21 14:08:59ID: BC  Data: 00 00 00 BB 00 00 00 00 
"
"2016-11-21 14:08:59ID: BB  Data: 00 00 00 BB 00 00 00 00 
"
"2016-11-21 14:08:59ID: BC  Data: 00 00 00 BB 00 00 00 00 
"
"2016-11-21 14:08:59ID: BB  Data: 00 00 00 BB 00 00 00 00 
"
"2016-11-21 14:08:59ID: BC  Data: 00 00 00 BB 00 00 00 00 
"
"2016-11-21 14:08:59ID: BB  Data: 00 00 00 BB 00 00 00 00 
"
"2016-11-21 14:08:59ID: BC  Data: 00 00 00 BB 00 00 00 00 
"
"2016-11-21 14:08:59ID: BB  Data: 00 00 00 BB 00 00 00 00 
"
"2016-11-21 14:08:59ID: BC  Data: 00 00 00 BB 00 00 00 00 
"
"2016-11-21 14:08:59ID: BB  Data: 00 00 00 BB 00 00 00 00 
"
"2016-11-21 14:08:59ID: BC  Data: 00 00 00 BB 00 00 00 00 
"
"2016-11-21 14:08:59ID: BB  Data: 00 00 00 BB 00 00 00 00 
"
"2016-11-21 14:08:59ID: BC  Data: 00 00 00 BB 00 00 00 00 
"
"2016-11-21 14:08:59ID: BB  Data: 00 00 00 BB 00 00 00 00 
"
"2016-11-21 14:08:59ID: BC  Data: 00 00 00 BB 00 00 00 00 
"
"2016-11-21 14:08:59ID: BB  Data: 00 00 00 BB 00 00 00 00 
"
"2016-11-21 14:08:59ID: BC  Data: 00 00 00 BB 00 00 00 00 
"
"2016-11-21 14:08:59ID: BB  Data: 00 00 00 BB 00 00 00 00 
"
"2016-11-21 14:08:59ID: BC  Data: 00 00 00 BB 00 00 00 00 
"
"2016-11-21 14:08:59ID: BB  Data: 00 00 00 BB 00 00 00 00 
"
"2016-11-21 14:08:59ID: BC  Data: 00 00 00 BB 00 00 00 00 
"
"2016-11-21 14:09:00ID: BB  Data: 00 00 00 BB 00 00 00 00 
"
"2016-11-21 14:09:00ID: BC  Data: 00 00 00 BB 00 00 00 00 
"
"2016-11-21 14:09:00ID: BB  Data: 00 00 00 BB 00 00 00 00 
"
"2016-11-21 14:09:00ID: BC  Data: 00 00 00 BB 00 00 00 00 
"
"2016-11-21 14:09:00ID: BB  Data: 00 00 00 BB 00 00 00 00 
"
"2016-11-21 14:09:00ID: BC  Data: 00 00 00 BB 00 00 00 00 
"
"2016-11-21 14:09:00ID: AA  Data: AA AA 00 00 00 00 00 00 
"
"2016-11-21 14:09:00ID: BB  Data: 00 00 00 AA 00 00 00 00 
"
"2016-11-21 14:09:00ID: BC  Data: 00 00 00 AA 00 00 00 00 
"
"2016-11-21 14:09:00ID: BB  Data: 00 00 00 AA 00 00 00 00 
"
"2016-11-21 14:09:00ID: BC  Data: 00 00 00 AA 00 00 00 00 
"
"2016-11-21 14:09:00ID: BB  Data: 00 00 00 AA 00 00 00 00 
"
"2016-11-21 14:09:00ID: BC  Data: 00 00 00 AA 00 00 00 00 
"
"2016-11-21 14:09:00ID: BB  Data: 00 00 00 AA 00 00 00 00 
"
"2016-11-21 14:09:00ID: BC  Data: 00 00 00 AA 00 00 00 00 
"
"2016-11-21 14:09:00ID: BB  Data: 00 00 00 AA 00 00 00 00 
"
"2016-11-21 14:09:00ID: BC  Data: 00 00 00 AA 00 00 00 00 
"
"2016-11-21 14:09:00ID: BB  Data: 00 00 00 AA 00 00 00 00 
"
"2016-11-21 14:09:00ID: BC  Data: 00 00 00 AA 00 00 00 00 
"
"2016-11-21 14:09:00ID: BB  Data: 00 00 00 AA 00 00 00 00 
"
"2016-11-21 14:09:00ID: BC  Data: 00 00 00 AA 00 00 00 00 
"
"2016-11-21 14:09:00ID: BB  Data: 00 00 00 AA 00 00 00 00 
"
"2016-11-21 14:09:00ID: BC  Data: 00 00 00 AA 00 00 00 00 
"
"2016-11-21 14:09:00ID: BB  Data: 00 00 00 AA 00 00 00 00 
"
"2016-11-21 14:09:00ID: BC  Data: 00 00 00 AA 00 00 00 00 
"
"2016-11-21 14:09:01ID: BB  Data: 00 00 00 AA 00 00 00 00 
"
"2016-11-21 14:09:01ID: BC  Data: 00 00 00 AA 00 00 00 00 
"
"2016-11-21 14:09:01ID: BB  Data: 00 00 00 AA 00 00 00 00 
"
"2016-11-21 14:09:01ID: BC  Data: 00 00 00 AA 00 00 00 00 
"
"2016-11-21 14:09:01ID: BB  Data: 00 00 00 AA 00 00 00 00 
"
"2016-11-21 14:09:01ID: BC  Data: 00 00 00 AA 00 00 00 00 
"
"2016-11-21 14:09:01ID: BB  Data: 00 00 00 AA 00 00 00 00 
"
"2016-11-21 14:09:01ID: BC  Data: 00 00 00 AA 00 00 00 00 
"
"2016-11-21 14:09:01ID: BB  Data: 00 00 00 AA 00 00 00 00 
"
"2016-11-21 14:09:01ID: BC  Data: 00 00 00 AA 00 00 00 00 
"
"2016-11-21 14:09:01ID: BB  Data: 00 00 00 AA 00 00 00 00 
"
"2016-11-21 14:09:01ID: BC  Data: 00 00 00 AA 00 00 00 00 
"
"2016-11-21 14:09:01ID: BB  Data: 00 00 00 AA 00 00 00 00 
"
"2016-11-21 14:09:01ID: BC  Data: 00 00 00 AA 00 00 00 00 
"
"2016-11-21 14:09:01ID: BB  Data: 00 00 00 AA 00 00 00 00 
"
"2016-11-21 14:09:01ID: BC  Data: 00 00 00 AA 00 00 00 00 
"
"2016-11-21 14:09:01ID: BB  Data: 00 00 00 AA 00 00 00 00 
"
"2016-11-21 14:09:01ID: BC  Data: 00 00 00 AA 00 00 00 00 
"
"2016-11-21 14:09:01ID: BB  Data: 00 00 00 AA 00 00 00 00 
"
"2016-11-21 14:09:01ID: BC  Data: 00 00 00 AA 00 00 00 00 
"
"2016-11-21 14:09:01ID: AA  Data: AA BB 00 00 00 00 00 00 
"
"2016-11-21 14:09:01ID: BB  Data: 00 00 00 AA 00 00 00 00 
"
"2016-11-21 14:09:01ID: BC  Data: 00 00 00 AA 00 00 00 00 
"
"2016-11-21 14:09:02ID: BB  Data: 00 00 00 AA 00 00 00 00 
"
"2016-11-21 14:09:02ID: BC  Data: 00 00 00 AA 00 00 00 00 
"
"2016-11-21 14:09:02ID: BB  Data: 00 00 00 AA 00 00 00 00 
"
"2016-11-21 14:09:02ID: BC  Data: 00 00 00 AA 00 00 00 00 
"
"2016-11-21 14:09:02ID: BB  Data: 00 00 00 AA 00 00 00 00 
"
"2016-11-21 14:09:02ID: BC  Data: 00 00 00 AA 00 00 00 00 
"
"2016-11-21 14:09:02ID: BB  Data: 00 00 00 AA 00 00 00 00 
"
"2016-11-21 14:09:02ID: BC  Data: 00 00 00 AA 00 00 00 00 
"
"2016-11-21 14:09:02ID: BB  Data: 00 00 00 AA 00 00 00 00 
"
"2016-11-21 14:09:02ID: BC  Data: 00 00 00 AA 00 00 00 00 
"
"2016-11-21 14:09:02ID: BB  Data: 00 00 00 AA 00 00 00 00 
"
"2016-11-21 14:09:02ID: BC  Data: 00 00 00 AA 00 00 00 00 
"
"2016-11-21 14:09:02ID: BB  Data: 00 00 00 AA 00 00 00 00 
"
"2016-11-21 14:09:02ID: BC  Data: 00 00 00 AA 00 00 00 00 
"
"2016-11-21 14:09:02ID: BB  Data: 00 00 00 AA 00 00 00 00 
"
"2016-11-21 14:09:02ID: BC  Data: 00 00 00 AA 00 00 00 00 
"
"2016-11-21 14:09:02ID: BB  Data: 00 00 00 AA 00 00 00 00 
"
"2016-11-21 14:09:02ID: BC  Data: 00 00 00 AA 00 00 00 00 
"
"2016-11-21 14:09:02ID: BB  Data: 00 00 00 AA 00 00 00 00 
"
"2016-11-21 14:09:02ID: BC  Data: 00 00 00 AA 00 00 00 00 
"
"2016-11-21 14:09:02ID: BB  Data: 00 00 00 AA 00 00 00 00 
"
"2016-11-21 14:09:02ID: BC  Data: 00 00 00 AA 00 00 00 00 
"
"2016-11-21 14:09:03ID: BB  Data: 00 00 00 AA 00 00 00 00 
"
"2016-11-21 14:09:03ID: BC  Data: 00 00 00 AA 00 00 00 00 
"
"2016-11-21 14:09:03ID: BB  Data: 00 00 00 AA 00 00 00 00 
"
"2016-11-21 14:09:03ID: BC  Data: 00 00 00 AA 00 00 00 00 
"
"2016-11-21 14:09:03ID: BB  Data: 00 00 00 AA 00 00 00 00 
"
"2016-11-21 14:09:03ID: BC  Data: 00 00 00 AA 00 00 00 00 
"
"2016-11-21 14:09:03ID: BB  Data: 00 00 00 AA 00 00 00 00 
"
"2016-11-21 14:09:03ID: BC  Data: 00 00 00 AA 00 00 00 00 
"
"2016-11-21 14:09:03ID: BB  Data: 00 00 00 AA 00 00 00 00 
"
"2016-11-21 14:09:03ID: BC  Data: 00 00 00 AA 00 00 00 00 
"
"2016-11-21 14:09:03ID: BB  Data: 00 00 00 AA 00 00 00 00 
"
"2016-11-21 14:09:03ID: BC  Data: 00 00 00 AA 00 00 00 00 
"
"2016-11-21 14:09:03ID: BB  Data: 00 00 00 AA 00 00 00 00 
"
"2016-11-21 14:09:03ID: BC  Data: 00 00 00 AA 00 00 00 00 
"
"2016-11-21 14:09:03ID: BB  Data: 00 00 00 AA 00 00 00 00 
"
"2016-11-21 14:09:03ID: BC  Data: 00 00 00 AA 00 00 00 00 
"
"2016-11-21 14:09:03ID: BB  Data: 00 00 00 AA 00 00 00 00 
"
"2016-11-21 14:09:03ID: BC  Data: 00 00 00 AA 00 00 00 00 
"
"2016-11-21 14:09:03ID: BB  Data: 00 00 00 AA 01 8B 77 2B 
"
"2016-11-21 14:09:03ID: BC  Data: 00 00 00 AA FE 74 88 D5 
"
"2016-11-21 14:09:03ID: BB  Data: 00 00 00 AA 03 46 DC 4B 
"
"2016-11-21 14:09:03ID: BC  Data: 00 00 00 AA FC B9 23 B5 
"
"2016-11-21 14:09:03ID: BB  Data: 00 00 00 AA 03 E6 0F CC 
"
"2016-11-21 14:09:03ID: BC  Data: 00 00 00 AA FC 19 F0 34 
"
"2016-11-21 14:09:04ID: BB  Data: 00 00 00 AA 04 A6 27 DB 
"
"2016-11-21 14:09:04ID: BC  Data: 00 00 00 AA FB 59 D8 25 
"
"2016-11-21 14:09:04ID: BB  Data: 00 00 00 AA 05 8C 67 C4 
"
"2016-11-21 14:09:04ID: BC  Data: 00 00 00 AA FA 73 98 3C 
"
"2016-11-21 14:09:04ID: BB  Data: 00 00 00 AA 06 53 13 F0 
"
"2016-11-21 14:09:04ID: BC  Data: 00 00 00 AA F9 AC EC 10 
"
"2016-11-21 14:09:04ID: BB  Data: 00 00 00 AA 07 88 45 2F 
"
"2016-11-21 14:09:04ID: BC  Data: 00 00 00 AA F8 77 BA D1 
"
"2016-11-21 14:09:04ID: BB  Data: 00 00 00 AA 08 87 84 B8 
"
"2016-11-21 14:09:04ID: BC  Data: 00 00 00 AA F7 78 7B 48 
"
"2016-11-21 14:09:04ID: BB  Data: 00 00 00 AA 09 D0 72 4D 
"
"2016-11-21 14:09:04ID: BC  Data: 00 00 00 AA F6 2F 8D B3 
"
"2016-11-21 14:09:04ID: BB  Data: 00 00 00 AA 09 F0 06 09 
"
"2016-11-21 14:09:04ID: BC  Data: 00 00 00 AA F6 0F F9 F7 
"
"2016-11-21 14:09:04ID: BB  Data: 00 00 00 AA 09 3A 74 8E 
"
"2016-11-21 14:09:04ID: BC  Data: 00 00 00 AA F6 C5 8B 72 
"
"2016-11-21 14:09:04ID: BB  Data: 00 00 00 AA 05 7C 9D E6 
"
"2016-11-21 14:09:04ID: BC  Data: 00 00 00 AA FA 83 62 1A 
"
"2016-11-21 14:09:04ID: BB  Data: 00 00 00 AA 02 16 EE 56 
"
"2016-11-21 14:09:04ID: BC  Data: 00 00 00 AA FD E9 11 AA 
"
"2016-11-21 14:09:04ID: BB  Data: 00 00 00 AA 00 00 00 00 
"
"2016-11-21 14:09:04ID: BC  Data: 00 00 00 AA 00 00 00 00 
"
"2016-11-21 14:09:05ID: BB  Data: 00 00 00 AA 00 00 00 00 
"
"2016-11-21 14:09:05ID: BC  Data: 00 00 00 AA 00 00 00 00 
"
"2016-11-21 14:09:05ID: BB  Data: 00 00 00 AA 00 00 00 00 
"
"2016-11-21 14:09:05ID: BC  Data: 00 00 00 AA 00 00 00 00 
"
"2016-11-21 14:09:05ID: BB  Data: 00 00 00 AA 00 00 00 00 
"
"2016-11-21 14:09:05ID: BC  Data: 00 00 00 AA 00 00 00 00 
"
"2016-11-21 14:09:05ID: BB  Data: 00 00 00 AA 00 00 00 00 
"
"2016-11-21 14:09:05ID: BC  Data: 00 00 00 AA 00 00 00 00 
"
"2016-11-21 14:09:05ID: BB  Data: 00 00 00 AA 00 00 00 00 
"
"2016-11-21 14:09:05ID: BC  Data: 00 00 00 AA 00 00 00 00 
"
"2016-11-21 14:09:05ID: BB  Data: 00 00 00 AA 00 00 00 00 
"
"2016-11-21 14:09:05ID: BC  Data: 00 00 00 AA 00 00 00 00 
"
"2016-11-21 14:09:05ID: BB  Data: 00 00 00 AA 00 00 00 00 
"
"2016-11-21 14:09:05ID: BC  Data: 00 00 00 AA 00 00 00 00 
"
"2016-11-21 14:09:05ID: BB  Data: 00 00 00 AA 00 00 00 00 
"
"2016-11-21 14:09:05ID: BC  Data: 00 00 00 AA 00 00 00 00 
"
"2016-11-21 14:09:05ID: BB  Data: 00 00 00 AA 00 00 00 00 
"
"2016-11-21 14:09:05ID: BC  Data: 00 00 00 AA 00 00 00 00 
"
"2016-11-21 14:09:05ID: BB  Data: 00 00 00 AA 00 00 00 00 
"
"2016-11-21 14:09:05ID: BC  Data: 00 00 00 AA 00 00 00 00 
"
"2016-11-21 14:09:05ID: BB  Data: 00 00 00 AA 00 00 00 00 
"
"2016-11-21 14:09:05ID: BC  Data: 00 00 00 AA 00 00 00 00 
"
"2016-11-21 14:09:05ID: BB  Data: 00 00 00 AA 00 00 00 00 
"
"2016-11-21 14:09:06ID: BC  Data: 00 00 00 AA 00 00 00 00 
"
"2016-11-21 14:09:06ID: BB  Data: 00 00 00 AA 00 00 00 00 
"
"2016-11-21 14:09:06ID: BC  Data: 00 00 00 AA 00 00 00 00 
"
"2016-11-21 14:09:06ID: BB  Data: 00 00 00 AA 00 00 00 00 
"
"2016-11-21 14:09:06ID: BC  Data: 00 00 00 AA 00 00 00 00 
"
"2016-11-21 14:09:06ID: BB  Data: 00 00 00 AA 00 00 00 00 
"
"2016-11-21 14:09:06ID: BC  Data: 00 00 00 AA 00 00 00 00 
"
"2016-11-21 14:09:06ID: BB  Data: 00 00 00 AA 00 00 00 00 
"
"2016-11-21 14:09:06ID: BC  Data: 00 00 00 AA 00 00 00 00 
"
"2016-11-21 14:09:06ID: BB  Data: 00 00 00 AA 00 00 00 00 
"
"2016-11-21 14:09:06ID: BC  Data: 00 00 00 AA 00 00 00 00 
"
"2016-11-21 14:09:06ID: BB  Data: 00 00 00 AA 00 00 00 00 
"
"2016-11-21 14:09:06ID: BC  Data: 00 00 00 AA 00 00 00 00 
"
"2016-11-21 14:09:06ID: BB  Data: 00 00 00 AA 00 00 00 00 
"
"2016-11-21 14:09:06ID: BC  Data: 00 00 00 AA 00 00 00 00 
"
"2016-11-21 14:09:06ID: BB  Data: 00 00 00 AA 00 00 00 00 
"
"2016-11-21 14:09:06ID: BC  Data: 00 00 00 AA 00 00 00 00 
"
"2016-11-21 14:09:06ID: BB  Data: 00 00 00 AA 00 00 00 00 
"
"2016-11-21 14:09:06ID: BC  Data: 00 00 00 AA 00 00 00 00 
"
"2016-11-21 14:09:06ID: BB  Data: 00 00 00 AA 00 00 00 00 
"
"2016-11-21 14:09:06ID: BC  Data: 00 00 00 AA 00 00 00 00 
"
"2016-11-21 14:09:06ID: BB  Data: 00 00 00 AA 00 00 00 00 
"
"2016-11-21 14:09:06ID: BC  Data: 00 00 00 AA 00 00 00 00 
"
"2016-11-21 14:09:07ID: BB  Data: 00 00 00 AA 00 00 00 00 
"
"2016-11-21 14:09:07ID: BC  Data: 00 00 00 AA 00 00 00 00 
"
"2016-11-21 14:09:07ID: BB  Data: 00 00 00 AA 03 A2 F5 DC 
"
"2016-11-21 14:09:07ID: BC  Data: 00 00 00 AA FC 5D 0A 24 
"
"2016-11-21 14:09:07ID: BB  Data: 00 00 00 AA 05 0A 26 5B 
"
"2016-11-21 14:09:07ID: BC  Data: 00 00 00 AA FA F5 D9 A5 
"
"2016-11-21 14:09:07ID: BB  Data: 00 00 00 AA 06 3A 14 50 
"
"2016-11-21 14:09:07ID: BC  Data: 00 00 00 AA F9 C5 EB B0 
"
"2016-11-21 14:09:07ID: BB  Data: 00 00 00 AA 07 96 BE 3B 
"
"2016-11-21 14:09:07ID: BC  Data: 00 00 00 AA F8 69 41 C5 
"
"2016-11-21 14:09:07ID: BB  Data: 00 00 00 AA 07 BC E6 14 
"
"2016-11-21 14:09:07ID: BC  Data: 00 00 00 AA F8 43 19 EC 
"
"2016-11-21 14:09:07ID: BB  Data: 00 00 00 AA 07 78 7B 51 
"
"2016-11-21 14:09:07ID: BC  Data: 00 00 00 AA F8 87 84 AF 
"
"2016-11-21 14:09:07ID: BB  Data: 00 00 00 AA 06 2A 4A 72 
"
"2016-11-21 14:09:07ID: BC  Data: 00 00 00 AA F9 D5 B5 8E 
"
"2016-11-21 14:09:07ID: BB  Data: 00 00 00 AA 06 05 73 6B 
"
"2016-11-21 14:09:07ID: BC  Data: 00 00 00 AA F9 FA 8C 95 
"
"2016-11-21 14:09:07ID: BB  Data: 00 00 00 AA 06 49 DE 2E 
"
"2016-11-21 14:09:07ID: BC  Data: 00 00 00 AA F9 B6 21 D2 
"
"2016-11-21 14:09:07ID: BB  Data: 00 00 00 AA 06 57 06 67 
"
"2016-11-21 14:09:07ID: BC  Data: 00 00 00 AA F9 A8 F9 99 
"
"2016-11-21 14:09:08ID: BB  Data: 00 00 00 AA 06 60 3C 29 
"
"2016-11-21 14:09:08ID: BC  Data: 00 00 00 AA F9 9F C3 D7 
"
"2016-11-21 14:09:08ID: BB  Data: 00 00 00 AA 06 66 D0 46 
"
"2016-11-21 14:09:08ID: BC  Data: 00 00 00 AA F9 99 2F BA 
"
"2016-11-21 14:09:08ID: BB  Data: 00 00 00 AA 06 82 71 8A 
"
"2016-11-21 14:09:08ID: BC  Data: 00 00 00 AA F9 7C 3D A3 
"
"2016-11-21 14:09:08ID: BB  Data: 00 00 00 AA 06 7A 8C 9B 
"
"2016-11-21 14:09:08ID: BC  Data: 00 00 00 AA F9 85 73 65 
"
"2016-11-21 14:09:08ID: BB  Data: 00 00 00 AA 06 21 14 B0 
"
"2016-11-21 14:09:08ID: BC  Data: 00 00 00 AA F9 DE EB 50 
"
"2016-11-21 14:09:08ID: BB  Data: 00 00 00 AA 03 30 7E 51 
"
"2016-11-21 14:09:08ID: BC  Data: 00 00 00 AA FC CF 81 AF 
"
"2016-11-21 14:09:08ID: BB  Data: 00 00 00 AA 00 00 00 00 
"
"2016-11-21 14:09:08ID: BC  Data: 00 00 00 AA 00 00 00 00 
"
"2016-11-21 14:09:08ID: BB  Data: 00 00 00 AA 00 00 00 00 
"
"2016-11-21 14:09:08ID: BC  Data: 00 00 00 AA 00 00 00 00 
"
"2016-11-21 14:09:08ID: BB  Data: 00 00 00 AA 00 00 00 00 
"
"2016-11-21 14:09:08ID: BC  Data: 00 00 00 AA 00 00 00 00 
"
"2016-11-21 14:09:08ID: BB  Data: 00 00 00 AA 00 00 00 00 
"
"2016-11-21 14:09:08ID: BC  Data: 00 00 00 AA 00 00 00 00 
"
"2016-11-21 14:09:08ID: BB  Data: 00 00 00 AA 00 00 00 00 
"
"2016-11-21 14:09:08ID: BC  Data: 00 00 00 AA 00 00 00 00 
"
"2016-11-21 14:09:08ID: BB  Data: 00 00 00 AA 00 00 00 00 
"
"2016-11-21 14:09:08ID: BC  Data: 00 00 00 AA 00 00 00 00 
"
"2016-11-21 14:09:09ID: BB  Data: 00 00 00 AA 00 00 00 00 
"
"2016-11-21 14:09:09ID: BC  Data: 00 00 00 AA 00 00 00 00 
"
"2016-11-21 14:09:09ID: BB  Data: 00 00 00 AA 00 00 00 00 
"
"2016-11-21 14:09:09ID: BC  Data: 00 00 00 AA 00 00 00 00 
"
"2016-11-21 14:09:09ID: BB  Data: 00 00 00 AA 00 00 00 00 
"
"2016-11-21 14:09:09ID: BC  Data: 00 00 00 AA 00 00 00 00 
"
"2016-11-21 14:09:09ID: BB  Data: 00 00 00 AA 00 00 00 00 
"
"2016-11-21 14:09:09ID: BC  Data: 00 00 00 AA 00 00 00 00 
"
"2016-11-21 14:09:09ID: BB  Data: 00 00 00 AA 00 00 00 00 
"
"2016-11-21 14:09:09ID: BC  Data: 00 00 00 AA 00 00 00 00 
"
"2016-11-21 14:09:09ID: BB  Data: 00 00 00 AA 00 00 00 00 
"
"2016-11-21 14:09:09ID: BC  Data: 00 00 00 AA 00 00 00 00 
"
"2016-11-21 14:09:09ID: BB  Data: 00 00 00 AA 00 00 00 00 
"
"2016-11-21 14:09:09ID: BC  Data: 00 00 00 AA 00 00 00 00 
"
"2016-11-21 14:09:09ID: BB  Data: 00 00 00 AA 00 00 00 00 
"
"2016-11-21 14:09:09ID: BC  Data: 00 00 00 AA 00 00 00 00 
"
"2016-11-21 14:09:09ID: BB  Data: 00 00 00 AA 00 00 00 00 
"
"2016-11-21 14:09:09ID: BC  Data: 00 00 00 AA 00 00 00 00 
"
"2016-11-21 14:09:09ID: BB  Data: 00 00 00 AA 00 00 00 00 
"
"2016-11-21 14:09:09ID: BC  Data: 00 00 00 AA 00 00 00 00 
"
"2016-11-21 14:09:09ID: BB  Data: 00 00 00 AA 00 00 00 00 
"
"2016-11-21 14:09:09ID: BC  Data: 00 00 00 AA 00 00 00 00 
"
"2016-11-21 14:09:10ID: BB  Data: 00 00 00 AA 00 00 00 00 
"
"2016-11-21 14:09:10ID: BC  Data: 00 00 00 AA 00 00 00 00 
"
"2016-11-21 14:09:10ID: BB  Data: 00 00 00 AA 00 00 00 00 
"
"2016-11-21 14:09:10ID: BC  Data: 00 00 00 AA 00 00 00 00 
"
"2016-11-21 14:09:10ID: BB  Data: 00 00 00 AA 00 00 00 00 
"
"2016-11-21 14:09:10ID: BC  Data: 00 00 00 AA 00 00 00 00 
"
"2016-11-21 14:09:10ID: BB  Data: 00 00 00 AA 00 00 00 00 
"
"2016-11-21 14:09:10ID: BC  Data: 00 00 00 AA 00 00 00 00 
"
"2016-11-21 14:09:10ID: BB  Data: 00 00 00 AA 00 00 00 00 
"
"2016-11-21 14:09:10ID: BC  Data: 00 00 00 AA 00 00 00 00 
"
"2016-11-21 14:09:10ID: BB  Data: 00 00 00 AA 00 00 00 00 
"
"2016-11-21 14:09:10ID: BC  Data: 00 00 00 AA 00 00 00 00 
"
"2016-11-21 14:09:10ID: BB  Data: 00 00 00 AA 00 00 00 00 
"
"2016-11-21 14:09:10ID: BC  Data: 00 00 00 AA 00 00 00 00 
"
"2016-11-21 14:09:10ID: BB  Data: 00 00 00 AA 00 00 00 00 
"
"2016-11-21 14:09:10ID: BC  Data: 00 00 00 AA 00 00 00 00 
"
"2016-11-21 14:09:10ID: BB  Data: 00 00 00 AA 00 00 00 00 
"
"2016-11-21 14:09:10ID: BC  Data: 00 00 00 AA 00 00 00 00 
"
"2016-11-21 14:09:10ID: BB  Data: 00 00 00 AA 00 00 00 00 
"
"2016-11-21 14:09:10ID: BC  Data: 00 00 00 AA 00 00 00 00 
"
"2016-11-21 14:09:10ID: BB  Data: 00 00 00 AA 00 00 00 00 
"
"2016-11-21 14:09:10ID: BC  Data: 00 00 00 AA 00 00 00 00 
"
"2016-11-21 14:09:11ID: BB  Data: 00 00 00 AA 00 00 00 00 
"
"2016-11-21 14:09:11ID: BC  Data: 00 00 00 AA 00 00 00 00 
"
"2016-11-21 14:09:11ID: BB  Data: 00 00 00 AA 00 00 00 00 
"
"2016-11-21 14:09:11ID: BC  Data: 00 00 00 AA 00 00 00 00 
"
"2016-11-21 14:09:11ID: BB  Data: 00 00 00 AA 00 00 00 00 
"
"2016-11-21 14:09:11ID: BC  Data: 00 00 00 AA 00 00 00 00 
"
"2016-11-21 14:09:11ID: BB  Data: 00 00 00 AA 00 00 00 00 
"
"2016-11-21 14:09:11ID: BC  Data: 00 00 00 AA 00 00 00 00 
"
"2016-11-21 14:09:11ID: BB  Data: 00 00 00 AA 00 00 00 00 
"
"2016-11-21 14:09:11ID: BC  Data: 00 00 00 AA 00 00 00 00 
"
"2016-11-21 14:09:11ID: BB  Data: 00 00 00 AA 00 00 00 00 
"
"2016-11-21 14:09:11ID: BC  Data: 00 00 00 AA 00 00 00 00 
"
"2016-11-21 14:09:11ID: BB  Data: 00 00 00 AA 00 00 00 00 
"
"2016-11-21 14:09:11ID: BC  Data: 00 00 00 AA 00 00 00 00 
"
"2016-11-21 14:09:11ID: BB  Data: 00 00 00 AA 00 00 00 00 
"
"2016-11-21 14:09:11ID: BC  Data: 00 00 00 AA 00 00 00 00 
"
"2016-11-21 14:09:11ID: BB  Data: 00 00 00 AA 00 00 00 00 
"
"2016-11-21 14:09:11ID: BC  Data: 00 00 00 AA 00 00 00 00 
"
"2016-11-21 14:09:11ID: BB  Data: 00 00 00 AA 00 00 00 00 
"
"2016-11-21 14:09:11ID: BC  Data: 00 00 00 AA 00 00 00 00 
"
"2016-11-21 14:09:11ID: BB  Data: 00 00 00 AA 00 00 00 00 
"
"2016-11-21 14:09:11ID: BC  Data: 00 00 00 AA 00 00 00 00 
"
"2016-11-21 14:09:11ID: BB  Data: 00 00 00 AA 00 00 00 00 
"
"2016-11-21 14:09:11ID: BC  Data: 00 00 00 AA 00 00 00 00 
"
"2016-11-21 14:09:12ID: BB  Data: 00 00 00 AA 00 00 00 00 
"
"2016-11-21 14:09:12ID: BC  Data: 00 00 00 AA 00 00 00 00 
"
"2016-11-21 14:09:12ID: BB  Data: 00 00 00 AA 00 00 00 00 
"
"2016-11-21 14:09:12ID: BC  Data: 00 00 00 AA 00 00 00 00 
"
"2016-11-21 14:09:12ID: BB  Data: 00 00 00 AA 00 00 00 00 
"
"2016-11-21 14:09:12ID: BC  Data: 00 00 00 AA 00 00 00 00 
"
"2016-11-21 14:09:12ID: BB  Data: 00 00 00 AA 00 00 00 00 
"
"2016-11-21 14:09:12ID: BC  Data: 00 00 00 AA 00 00 00 00 
"
"2016-11-21 14:09:12ID: BB  Data: 00 00 00 AA 00 00 00 00 
"
"2016-11-21 14:09:12ID: BC  Data: 00 00 00 AA 00 00 00 00 
"
"2016-11-21 14:09:12ID: BB  Data: 00 00 00 AA 00 00 00 00 
"
"2016-11-21 14:09:12ID: BC  Data: 00 00 00 AA 00 00 00 00 
"
"2016-11-21 14:09:12ID: BB  Data: 00 00 00 AA 00 00 00 00 
"
"2016-11-21 14:09:12ID: BC  Data: 00 00 00 AA 00 00 00 00 
"
"2016-11-21 14:09:12ID: BB  Data: 00 00 00 AA 00 00 00 00 
"
"2016-11-21 14:09:12ID: BC  Data: 00 00 00 AA 00 00 00 00 
"
"2016-11-21 14:09:12ID: BB  Data: 00 00 00 AA 00 00 00 00 
"
"2016-11-21 14:09:12ID: BC  Data: 00 00 00 AA 00 00 00 00 
"
"2016-11-21 14:09:12ID: BB  Data: 00 00 00 AA 00 00 00 00 
"
"2016-11-21 14:09:12ID: BC  Data: 00 00 00 AA 00 00 00 00 
"
"2016-11-21 14:09:12ID: BB  Data: 00 00 00 AA 00 00 00 00 
"
"2016-11-21 14:09:12ID: BC  Data: 00 00 00 AA 00 00 00 00 
"
"2016-11-21 14:09:13ID: BB  Data: 00 00 00 AA 00 00 00 00 
"
"2016-11-21 14:09:13ID: BC  Data: 00 00 00 AA 00 00 00 00 
"
"2016-11-21 14:09:13ID: BB  Data: 00 00 00 AA 00 00 00 00 
"
"2016-11-21 14:09:13ID: BC  Data: 00 00 00 AA 00 00 00 00 
"
"2016-11-21 14:09:13ID: BB  Data: 00 00 00 AA 00 00 00 00 
"
"2016-11-21 14:09:13ID: BC  Data: 00 00 00 AA 00 00 00 00 
"
"2016-11-21 14:09:13ID: BB  Data: 00 00 00 AA 00 00 00 00 
"
"2016-11-21 14:09:13ID: BC  Data: 00 00 00 AA 00 00 00 00 
"
"2016-11-21 14:09:13ID: BB  Data: 00 00 00 AA 00 00 00 00 
"
"2016-11-21 14:09:13ID: BC  Data: 00 00 00 AA 00 00 00 00 
"
"2016-11-21 14:09:13ID: BB  Data: 00 00 00 AA 00 00 00 00 
"
"2016-11-21 14:09:13ID: BC  Data: 00 00 00 AA 00 00 00 00 
"
"2016-11-21 14:09:13ID: BB  Data: 00 00 00 AA 00 00 00 00 
"
"2016-11-21 14:09:13ID: BC  Data: 00 00 00 AA 00 00 00 00 
"
"2016-11-21 14:09:13ID: BB  Data: 00 00 00 AA 00 00 00 00 
"
"2016-11-21 14:09:13ID: BC  Data: 00 00 00 AA 00 00 00 00 
"
"2016-11-21 14:09:13ID: BB  Data: 00 00 00 AA 00 00 00 00 
"
"2016-11-21 14:09:13ID: BC  Data: 00 00 00 AA 00 00 00 00 
"
"2016-11-21 14:09:13ID: BB  Data: 00 00 00 AA 00 00 00 00 
"
"2016-11-21 14:09:13ID: BC  Data: 00 00 00 AA 00 00 00 00 
"
"2016-11-21 14:09:13ID: BB  Data: 00 00 00 AA 00 00 00 00 
"
"2016-11-21 14:09:13ID: BC  Data: 00 00 00 AA 00 00 00 00 
"
"2016-11-21 14:09:13ID: BB  Data: 00 00 00 AA 00 00 00 00 
"
"2016-11-21 14:09:14ID: BC  Data: 00 00 00 AA 00 00 00 00 
"
"2016-11-21 14:09:14ID: BB  Data: 00 00 00 AA 00 00 00 00 
"
"2016-11-21 14:09:14ID: BC  Data: 00 00 00 AA 00 00 00 00 
"
"2016-11-21 14:09:14ID: BB  Data: 00 00 00 AA 00 00 00 00 
"
"2016-11-21 14:09:14ID: BC  Data: 00 00 00 AA 00 00 00 00 
"
"2016-11-21 14:09:14ID: BB  Data: 00 00 00 AA 00 00 00 00 
"
"2016-11-21 14:09:14ID: BC  Data: 00 00 00 AA 00 00 00 00 
"
"2016-11-21 14:09:14ID: BB  Data: 00 00 00 AA 00 00 00 00 
"
"2016-11-21 14:09:14ID: BC  Data: 00 00 00 AA 00 00 00 00 
"
"2016-11-21 14:09:14ID: BB  Data: 00 00 00 AA 00 00 00 00 
"
"2016-11-21 14:09:14ID: BC  Data: 00 00 00 AA 00 00 00 00 
"
"2016-11-21 14:09:14ID: BB  Data: 00 00 00 AA 00 00 00 00 
"
"2016-11-21 14:09:14ID: BC  Data: 00 00 00 AA 00 00 00 00 
"
"2016-11-21 14:09:14ID: BB  Data: 00 00 00 AA 00 00 00 00 
"
"2016-11-21 14:09:14ID: BC  Data: 00 00 00 AA 00 00 00 00 
"
"2016-11-21 14:09:14ID: BB  Data: 00 00 00 AA 00 00 00 00 
"
"2016-11-21 14:09:14ID: BC  Data: 00 00 00 AA 00 00 00 00 
"
"2016-11-21 14:09:14ID: BB  Data: 00 00 00 AA 00 00 00 00 
"
"2016-11-21 14:09:14ID: BC  Data: 00 00 00 AA 00 00 00 00 
"
"2016-11-21 14:09:14ID: BB  Data: 00 00 00 AA 00 00 00 00 
"
"2016-11-21 14:09:14ID: BC  Data: 00 00 00 AA 00 00 00 00 
"
"2016-11-21 14:09:14ID: BB  Data: 00 00 00 AA 00 00 00 00 
"
"2016-11-21 14:09:14ID: BC  Data: 00 00 00 AA 00 00 00 00 
"
"2016-11-21 14:09:15ID: BB  Data: 00 00 00 AA 01 9C 91 DC 
"
"2016-11-21 14:09:15ID: BC  Data: 00 00 00 AA FE 63 6E 24 
"
"2016-11-21 14:09:15ID: BB  Data: 00 00 00 AA 03 7F 6F A8 
"
"2016-11-21 14:09:15ID: BC  Data: 00 00 00 AA FC 80 90 58 
"
"2016-11-21 14:09:15ID: BB  Data: 00 00 00 AA 04 2F BD D9 
"
"2016-11-21 14:09:15ID: BC  Data: 00 00 00 AA FB D0 42 27 
"
"2016-11-21 14:09:15ID: BB  Data: 00 00 00 AA 04 9B A1 47 
"
"2016-11-21 14:09:15ID: BC  Data: 00 00 00 AA FB 64 5E B9 
"
"2016-11-21 14:09:15ID: BB  Data: 00 00 00 AA 05 B6 82 14 
"
"2016-11-21 14:09:15ID: BC  Data: 00 00 00 AA FA 49 7D EC 
"
"2016-11-21 14:09:15ID: BB  Data: 00 00 00 AA 06 57 06 67 
"
"2016-11-21 14:09:15ID: BC  Data: 00 00 00 AA F9 A8 F9 99 
"
"2016-11-21 14:09:15ID: BB  Data: 00 00 00 AA 06 61 8C FC 
"
"2016-11-21 14:09:15ID: BC  Data: 00 00 00 AA F9 9E 73 04 
"
"2016-11-21 14:09:15ID: BB  Data: 00 00 00 AA 06 76 9A 24 
"
"2016-11-21 14:09:15ID: BC  Data: 00 00 00 AA F9 89 65 DC 
"
"2016-11-21 14:09:15ID: BB  Data: 00 00 00 AA 06 8F 99 C4 
"
"2016-11-21 14:09:15ID: BC  Data: 00 00 00 AA F9 70 66 3C 
"
"2016-11-21 14:09:15ID: BB  Data: 00 00 00 AA 06 75 49 51 
"
"2016-11-21 14:09:15ID: BC  Data: 00 00 00 AA F9 8A B6 AF 
"
"2016-11-21 14:09:15ID: BB  Data: 00 00 00 AA 06 55 B5 95 
"
"2016-11-21 14:09:15ID: BC  Data: 00 00 00 AA F9 AA 4A 6B 
"
"2016-11-21 14:09:16ID: BB  Data: 00 00 00 AA 06 3F 57 9A 
"
"2016-11-21 14:09:16ID: BC  Data: 00 00 00 AA F9 C0 A8 66 
"
"2016-11-21 14:09:16ID: BB  Data: 00 00 00 AA 06 23 B6 55 
"
"2016-11-21 14:09:16ID: BC  Data: 00 00 00 AA F9 DC 49 AB 
"
"2016-11-21 14:09:16ID: BB  Data: 00 00 00 AA 06 21 14 B0 
"
"2016-11-21 14:09:16ID: BC  Data: 00 00 00 AA F9 DE EB 50 
"
"2016-11-21 14:09:16ID: BB  Data: 00 00 00 AA 06 32 2F 61 
"
"2016-11-21 14:09:16ID: BC  Data: 00 00 00 AA F9 CD D0 9F 
"
"2016-11-21 14:09:16ID: BB  Data: 00 00 00 AA 06 2F 8D BC 
"
"2016-11-21 14:09:16ID: BC  Data: 00 00 00 AA F9 D0 72 44 
"
"2016-11-21 14:09:16ID: BB  Data: 00 00 00 AA 06 23 B6 55 
"
"2016-11-21 14:09:16ID: BC  Data: 00 00 00 AA F9 DC 49 AB 
"
"2016-11-21 14:09:16ID: BB  Data: 00 00 00 AA 06 17 DE EF 
"
"2016-11-21 14:09:16ID: BC  Data: 00 00 00 AA F9 E8 21 11 
"
"2016-11-21 14:09:16ID: BB  Data: 00 00 00 AA 05 ED C4 9E 
"
"2016-11-21 14:09:16ID: BC  Data: 00 00 00 AA FA 12 3B 62 
"
"2016-11-21 14:09:16ID: BB  Data: 00 00 00 AA 05 B9 23 B9 
"
"2016-11-21 14:09:16ID: BC  Data: 00 00 00 AA FA 46 DC 47 
"
"2016-11-21 14:09:16ID: BB  Data: 00 00 00 AA 05 98 3F 2B 
"
"2016-11-21 14:09:16ID: BC  Data: 00 00 00 AA FA 67 C0 D5 
"
"2016-11-21 14:09:16ID: BB  Data: 00 00 00 AA 05 80 90 5D 
"
"2016-11-21 14:09:16ID: BC  Data: 00 00 00 AA FA 7F 6F A3 
"
"2016-11-21 14:09:16ID: BB  Data: 00 00 00 AA 05 70 C6 7F 
"
"2016-11-21 14:09:16ID: BC  Data: 00 00 00 AA FA 8F 39 81 
"
"2016-11-21 14:09:17ID: BB  Data: 00 00 00 AA 05 63 9E 46 
"
"2016-11-21 14:09:17ID: BC  Data: 00 00 00 AA FA 9C 61 BA 
"
"2016-11-21 14:09:17ID: BB  Data: 00 00 00 AA 05 56 76 0D 
"
"2016-11-21 14:09:17ID: BC  Data: 00 00 00 AA FA A9 89 F3 
"
"2016-11-21 14:09:17ID: BB  Data: 00 00 00 AA 05 49 4D D3 
"
"2016-11-21 14:09:17ID: BC  Data: 00 00 00 AA FA B6 B2 2D 
"
"2016-11-21 14:09:17ID: BB  Data: 00 00 00 AA 05 2D AC 8F 
"
"2016-11-21 14:09:17ID: BC  Data: 00 00 00 AA FA D2 53 71 
"
"2016-11-21 14:09:17ID: BB  Data: 00 00 00 AA 05 12 0B 4A 
"
"2016-11-21 14:09:17ID: BC  Data: 00 00 00 AA FA ED F4 B6 
"
"2016-11-21 14:09:17ID: BB  Data: 00 00 00 AA 04 D5 85 76 
"
"2016-11-21 14:09:17ID: BC  Data: 00 00 00 AA FB 2A 7A 8A 
"
"2016-11-21 14:09:17ID: BB  Data: 00 00 00 AA 04 5B 28 FC 
"
"2016-11-21 14:09:17ID: BC  Data: 00 00 00 AA FB A4 D7 04 
"
"2016-11-21 14:09:17ID: BB  Data: 00 00 00 AA 03 C9 1D B5 
"
"2016-11-21 14:09:17ID: BC  Data: 00 00 00 AA FC 36 E2 4B 
"
"2016-11-21 14:09:17ID: BB  Data: 00 00 00 AA 03 35 C1 9B 
"
"2016-11-21 14:09:17ID: BC  Data: 00 00 00 AA FC CA 3E 65 
"
"2016-11-21 14:09:17ID: BB  Data: 00 00 00 AA 02 5A 08 46 
"
"2016-11-21 14:09:17ID: BC  Data: 00 00 00 AA FD A5 F7 BA 
"
"2016-11-21 14:09:17ID: BB  Data: 00 00 00 AA 01 C7 FC FF 
"
"2016-11-21 14:09:17ID: BC  Data: 00 00 00 AA FE 38 03 01 
"
"2016-11-21 14:09:18ID: BB  Data: 00 00 00 AA 00 00 00 00 
"
"2016-11-21 14:09:18ID: BC  Data: 00 00 00 AA 00 00 00 00 
"
"2016-11-21 14:09:18ID: BB  Data: 00 00 00 AA 00 00 00 00 
"
"2016-11-21 14:09:18ID: BC  Data: 00 00 00 AA 00 00 00 00 
"
"2016-11-21 14:09:18ID: BB  Data: 00 00 00 AA 00 00 00 00 
"
"2016-11-21 14:09:18ID: BC  Data: 00 00 00 AA 00 00 00 00 
"
"2016-11-21 14:09:18ID: BB  Data: 00 00 00 AA 00 00 00 00 
"
"2016-11-21 14:09:18ID: BC  Data: 00 00 00 AA 00 00 00 00 
"
"2016-11-21 14:09:18ID: BB  Data: 00 00 00 AA 00 00 00 00 
"
"2016-11-21 14:09:18ID: BC  Data: 00 00 00 AA 00 00 00 00 
"
"2016-11-21 14:09:18ID: BB  Data: 00 00 00 AA 00 00 00 00 
"
"2016-11-21 14:09:18ID: BC  Data: 00 00 00 AA 00 00 00 00 
"
"2016-11-21 14:09:18ID: BB  Data: 00 00 00 AA 00 00 00 00 
"
"2016-11-21 14:09:18ID: BC  Data: 00 00 00 AA 00 00 00 00 
"
"2016-11-21 14:09:18ID: BB  Data: 00 00 00 AA 00 00 00 00 
"
"2016-11-21 14:09:18ID: BC  Data: 00 00 00 AA 00 00 00 00 
"
"2016-11-21 14:09:18ID: BB  Data: 00 00 00 AA 00 00 00 00 
"
"2016-11-21 14:09:18ID: BC  Data: 00 00 00 AA 00 00 00 00 
"
"2016-11-21 14:09:18ID: BB  Data: 00 00 00 AA 00 00 00 00 
"
"2016-11-21 14:09:18ID: BC  Data: 00 00 00 AA 00 00 00 00 
"
"2016-11-21 14:09:18ID: BB  Data: 00 00 00 AA 00 00 00 00 
"
"2016-11-21 14:09:18ID: BC  Data: 00 00 00 AA 00 00 00 00 
"
"2016-11-21 14:09:19ID: BB  Data: 00 00 00 AA 00 00 00 00 
"
"2016-11-21 14:09:19ID: BC  Data: 00 00 00 AA 00 00 00 00 
"
"2016-11-21 14:09:19ID: BB  Data: 00 00 00 AA 00 00 00 00 
"
"2016-11-21 14:09:19ID: BC  Data: 00 00 00 AA 00 00 00 00 
"
"2016-11-21 14:09:19ID: BB  Data: 00 00 00 AA 00 00 00 00 
"
"2016-11-21 14:09:19ID: BC  Data: 00 00 00 AA 00 00 00 00 
"
"2016-11-21 14:09:19ID: BB  Data: 00 00 00 AA 00 00 00 00 
"
"2016-11-21 14:09:19ID: BC  Data: 00 00 00 AA 00 00 00 00 
"
"2016-11-21 14:09:19ID: BB  Data: 00 00 00 AA 00 00 00 00 
"
"2016-11-21 14:09:19ID: BC  Data: 00 00 00 AA 00 00 00 00 
"
"2016-11-21 14:09:19ID: BB  Data: 00 00 00 AA 00 00 00 00 
"
"2016-11-21 14:09:19ID: BC  Data: 00 00 00 AA 00 00 00 00 
"
"2016-11-21 14:09:19ID: BB  Data: 00 00 00 AA 00 00 00 00 
"
"2016-11-21 14:09:19ID: BC  Data: 00 00 00 AA 00 00 00 00 
"
"2016-11-21 14:09:19ID: BB  Data: 00 00 00 AA 00 00 00 00 
"
"2016-11-21 14:09:19ID: BC  Data: 00 00 00 AA 00 00 00 00 
"
"2016-11-21 14:09:19ID: BB  Data: 00 00 00 AA 00 00 00 00 
"
"2016-11-21 14:09:19ID: BC  Data: 00 00 00 AA 00 00 00 00 
"
"2016-11-21 14:09:19ID: BB  Data: 00 00 00 AA 00 00 00 00 
"
"2016-11-21 14:09:19ID: BC  Data: 00 00 00 AA 00 00 00 00 
"
"2016-11-21 14:09:19ID: BB  Data: 00 00 00 AA 00 00 00 00 
"
"2016-11-21 14:09:19ID: BC  Data: 00 00 00 AA 00 00 00 00 
"
"2016-11-21 14:09:19ID: BB  Data: 00 00 00 AA 00 00 00 00 
"
"2016-11-21 14:09:19ID: BC  Data: 00 00 00 AA 00 00 00 00 
"
"2016-11-21 14:09:20ID: BB  Data: 00 00 00 AA 00 00 00 00 
"
"2016-11-21 14:09:20ID: BC  Data: 00 00 00 AA 00 00 00 00 
"
"2016-11-21 14:09:20ID: BB  Data: 00 00 00 AA 00 00 00 00 
"
"2016-11-21 14:09:20ID: BC  Data: 00 00 00 AA 00 00 00 00 
"
"2016-11-21 14:09:20ID: BB  Data: 00 00 00 AA 00 00 00 00 
"
"2016-11-21 14:09:20ID: BC  Data: 00 00 00 AA 00 00 00 00 
"
"2016-11-21 14:09:20ID: BB  Data: 00 00 00 AA 00 00 00 00 
"
"2016-11-21 14:09:20ID: BC  Data: 00 00 00 AA 00 00 00 00 
"
"2016-11-21 14:09:20ID: BB  Data: 00 00 00 AA 00 00 00 00 
"
"2016-11-21 14:09:20ID: BC  Data: 00 00 00 AA 00 00 00 00 
"
"2016-11-21 14:09:20ID: BB  Data: 00 00 00 AA 00 00 00 00 
"
"2016-11-21 14:09:20ID: BC  Data: 00 00 00 AA 00 00 00 00 
"
"2016-11-21 14:09:20ID: BB  Data: 00 00 00 AA 00 00 00 00 
"
"2016-11-21 14:09:20ID: BC  Data: 00 00 00 AA 00 00 00 00 
"
"2016-11-21 14:09:20ID: BB  Data: 00 00 00 AA 00 00 00 00 
"
"2016-11-21 14:09:20ID: BC  Data: 00 00 00 AA 00 00 00 00 
"
"2016-11-21 14:09:20ID: BB  Data: 00 00 00 AA 00 00 00 00 
"
"2016-11-21 14:09:20ID: BC  Data: 00 00 00 AA 00 00 00 00 
"
"2016-11-21 14:09:20ID: BB  Data: 00 00 00 AA 00 00 00 00 
"
"2016-11-21 14:09:20ID: BC  Data: 00 00 00 AA 00 00 00 00 
"
"2016-11-21 14:09:20ID: BB  Data: 00 00 00 AA 00 00 00 00 
"
"2016-11-21 14:09:20ID: BC  Data: 00 00 00 AA 00 00 00 00 
"
"2016-11-21 14:09:21ID: BB  Data: 00 00 00 AA 00 00 00 00 
"
"2016-11-21 14:09:21ID: BC  Data: 00 00 00 AA 00 00 00 00 
"
"2016-11-21 14:09:21ID: BB  Data: 00 00 00 AA 00 00 00 00 
"
"2016-11-21 14:09:21ID: BC  Data: 00 00 00 AA 00 00 00 00 
"
"2016-11-21 14:09:21ID: BB  Data: 00 00 00 AA 00 00 00 00 
"
"2016-11-21 14:09:21ID: BC  Data: 00 00 00 AA 00 00 00 00 
"
"2016-11-21 14:09:21ID: BB  Data: 00 00 00 AA 00 00 00 00 
"
"2016-11-21 14:09:21ID: BC  Data: 00 00 00 AA 00 00 00 00 
"
"2016-11-21 14:09:21ID: BB  Data: 00 00 00 AA 00 00 00 00 
"
"2016-11-21 14:09:21ID: BC  Data: 00 00 00 AA 00 00 00 00 
"
"2016-11-21 14:09:21ID: BB  Data: 00 00 00 AA 00 00 00 00 
"
"2016-11-21 14:09:21ID: BC  Data: 00 00 00 AA 00 00 00 00 
"
"2016-11-21 14:09:21ID: BB  Data: 00 00 00 AA 00 00 00 00 
"
"2016-11-21 14:09:21ID: BC  Data: 00 00 00 AA 00 00 00 00 
"
"2016-11-21 14:09:21ID: BB  Data: 00 00 00 AA 00 00 00 00 
"
"2016-11-21 14:09:21ID: BC  Data: 00 00 00 AA 00 00 00 00 
"
"2016-11-21 14:09:21ID: BB  Data: 00 00 00 AA 00 00 00 00 
"
"2016-11-21 14:09:21ID: BC  Data: 00 00 00 AA 00 00 00 00 
"
"2016-11-21 14:09:21ID: BB  Data: 00 00 00 AA 00 00 00 00 
"
"2016-11-21 14:09:21ID: BC  Data: 00 00 00 AA 00 00 00 00 
"
"2016-11-21 14:09:21ID: BB  Data: 00 00 00 AA 00 00 00 00 
"
"2016-11-21 14:09:21ID: BC  Data: 00 00 00 AA 00 00 00 00 
"
"2016-11-21 14:09:22ID: BB  Data: 00 00 00 AA 00 00 00 00 
"
"2016-11-21 14:09:22ID: BC  Data: 00 00 00 AA 00 00 00 00 
"
"2016-11-21 14:09:22ID: BB  Data: 00 00 00 AA 00 00 00 00 
"
"2016-11-21 14:09:22ID: BC  Data: 00 00 00 AA 00 00 00 00 
"
"2016-11-21 14:09:22ID: BB  Data: 00 00 00 AA 00 00 00 00 
"
"2016-11-21 14:09:22ID: BC  Data: 00 00 00 AA 00 00 00 00 
"
"2016-11-21 14:09:22ID: BB  Data: 00 00 00 AA 00 00 00 00 
"
"2016-11-21 14:09:22ID: BC  Data: 00 00 00 AA 00 00 00 00 
"
"2016-11-21 14:09:22ID: BB  Data: 00 00 00 AA 00 00 00 00 
"
"2016-11-21 14:09:22ID: BC  Data: 00 00 00 AA 00 00 00 00 
"
"2016-11-21 14:09:22ID: BB  Data: 00 00 00 AA 00 00 00 00 
"
"2016-11-21 14:09:22ID: BC  Data: 00 00 00 AA 00 00 00 00 
"
"2016-11-21 14:09:22ID: BB  Data: 00 00 00 AA 00 00 00 00 
"
"2016-11-21 14:09:22ID: BC  Data: 00 00 00 AA 00 00 00 00 
"
"2016-11-21 14:09:22ID: BB  Data: 00 00 00 AA 00 00 00 00 
"
"2016-11-21 14:09:22ID: BC  Data: 00 00 00 AA 00 00 00 00 
"
"2016-11-21 14:09:22ID: BB  Data: 00 00 00 AA 00 00 00 00 
"
"2016-11-21 14:09:22ID: BC  Data: 00 00 00 AA 00 00 00 00 
"
"2016-11-21 14:09:22ID: BB  Data: 00 00 00 AA 00 00 00 00 
"
"2016-11-21 14:09:22ID: BC  Data: 00 00 00 AA 00 00 00 00 
"
"2016-11-21 14:09:22ID: BB  Data: 00 00 00 AA 00 00 00 00 
"
"2016-11-21 14:09:22ID: BC  Data: 00 00 00 AA 00 00 00 00 
"
"2016-11-21 14:09:22ID: BB  Data: 00 00 00 AA 00 00 00 00 
"
"2016-11-21 14:09:22ID: BC  Data: 00 00 00 AA 00 00 00 00 
"
"2016-11-21 14:09:23ID: BB  Data: 00 00 00 AA 00 00 00 00 
"
"2016-11-21 14:09:23ID: BC  Data: 00 00 00 AA 00 00 00 00 
"
"2016-11-21 14:09:23ID: BB  Data: 00 00 00 AA 00 00 00 00 
"
"2016-11-21 14:09:23ID: BC  Data: 00 00 00 AA 00 00 00 00 
"
"2016-11-21 14:09:23ID: BB  Data: 00 00 00 AA 00 00 00 00 
"
"2016-11-21 14:09:23ID: BC  Data: 00 00 00 AA 00 00 00 00 
"
"2016-11-21 14:09:23ID: BB  Data: 00 00 00 AA 00 00 00 00 
"
"2016-11-21 14:09:23ID: BC  Data: 00 00 00 AA 00 00 00 00 
"
"2016-11-21 14:09:23ID: BB  Data: 00 00 00 AA 00 00 00 00 
"
"2016-11-21 14:09:23ID: BC  Data: 00 00 00 AA 00 00 00 00 
"
"2016-11-21 14:09:23ID: BB  Data: 00 00 00 AA 00 00 00 00 
"
"2016-11-21 14:09:23ID: BC  Data: 00 00 00 AA 00 00 00 00 
"
"2016-11-21 14:09:23ID: BB  Data: 00 00 00 AA 00 00 00 00 
"
"2016-11-21 14:09:23ID: BC  Data: 00 00 00 AA 00 00 00 00 
"
"2016-11-21 14:09:23ID: BB  Data: 00 00 00 AA 00 00 00 00 
"
"2016-11-21 14:09:23ID: BC  Data: 00 00 00 AA 00 00 00 00 
"
"2016-11-21 14:09:23ID: BB  Data: 00 00 00 AA 00 00 00 00 
"
"2016-11-21 14:09:23ID: BC  Data: 00 00 00 AA 00 00 00 00 
"
"2016-11-21 14:09:23ID: BB  Data: 00 00 00 AA 00 00 00 00 
"
"2016-11-21 14:09:23ID: BC  Data: 00 00 00 AA 00 00 00 00 
"
"2016-11-21 14:09:23ID: BB  Data: 00 00 00 AA 00 00 00 00 
"
"2016-11-21 14:09:23ID: BC  Data: 00 00 00 AA 00 00 00 00 
"
"2016-11-21 14:09:24ID: BB  Data: 00 00 00 AA 00 00 00 00 
"
"2016-11-21 14:09:24ID: BC  Data: 00 00 00 AA 00 00 00 00 
"
"2016-11-21 14:09:24ID: BB  Data: 00 00 00 AA 00 00 00 00 
"
"2016-11-21 14:09:24ID: BC  Data: 00 00 00 AA 00 00 00 00 
"
"2016-11-21 14:09:24ID: BB  Data: 00 00 00 AA 00 00 00 00 
"
"2016-11-21 14:09:24ID: BC  Data: 00 00 00 AA 00 00 00 00 
"
"2016-11-21 14:09:24ID: BB  Data: 00 00 00 AA 00 00 00 00 
"
"2016-11-21 14:09:24ID: BC  Data: 00 00 00 AA 00 00 00 00 
"
"2016-11-21 14:09:24ID: BB  Data: 00 00 00 AA 00 00 00 00 
"
"2016-11-21 14:09:24ID: BC  Data: 00 00 00 AA 00 00 00 00 
"
"2016-11-21 14:09:24ID: BB  Data: 00 00 00 AA 00 00 00 00 
"
"2016-11-21 14:09:24ID: BC  Data: 00 00 00 AA 00 00 00 00 
"
"2016-11-21 14:09:24ID: BB  Data: 00 00 00 AA 00 00 00 00 
"
"2016-11-21 14:09:24ID: BC  Data: 00 00 00 AA 00 00 00 00 
"
"2016-11-21 14:09:24ID: BB  Data: 00 00 00 AA 00 00 00 00 
"
"2016-11-21 14:09:24ID: BC  Data: 00 00 00 AA 00 00 00 00 
"
"2016-11-21 14:09:24ID: BB  Data: 00 00 00 AA 00 00 00 00 
"
"2016-11-21 14:09:24ID: BC  Data: 00 00 00 AA 00 00 00 00 
"
"2016-11-21 14:09:24ID: BB  Data: 00 00 00 AA 00 00 00 00 
"
"2016-11-21 14:09:24ID: BC  Data: 00 00 00 AA 00 00 00 00 
"
"2016-11-21 14:09:24ID: BB  Data: 00 00 00 AA 00 00 00 00 
"
"2016-11-21 14:09:24ID: BC  Data: 00 00 00 AA 00 00 00 00 
"
"2016-11-21 14:09:24ID: BB  Data: 00 00 00 AA 00 00 00 00 
"
"2016-11-21 14:09:25ID: BC  Data: 00 00 00 AA 00 00 00 00 
"
"2016-11-21 14:09:25ID: BB  Data: 00 00 00 AA 00 00 00 00 
"
"2016-11-21 14:09:25ID: BC  Data: 00 00 00 AA 00 00 00 00 
"
"2016-11-21 14:09:25ID: BB  Data: 00 00 00 AA 00 00 00 00 
"
"2016-11-21 14:09:25ID: BC  Data: 00 00 00 AA 00 00 00 00 
"
"2016-11-21 14:09:25ID: BB  Data: 00 00 00 AA 00 00 00 00 
"
"2016-11-21 14:09:25ID: BC  Data: 00 00 00 AA 00 00 00 00 
"
"2016-11-21 14:09:25ID: BB  Data: 00 00 00 AA 00 00 00 00 
"
"2016-11-21 14:09:25ID: BC  Data: 00 00 00 AA 00 00 00 00 
"
"2016-11-21 14:09:25ID: BB  Data: 00 00 00 AA 00 00 00 00 
"
"2016-11-21 14:09:25ID: BC  Data: 00 00 00 AA 00 00 00 00 
"
"2016-11-21 14:09:25ID: BB  Data: 00 00 00 AA 00 00 00 00 
"
"2016-11-21 14:09:25ID: BC  Data: 00 00 00 AA 00 00 00 00 
"
"2016-11-21 14:09:25ID: BB  Data: 00 00 00 AA 00 00 00 00 
"
"2016-11-21 14:09:25ID: BC  Data: 00 00 00 AA 00 00 00 00 
"
"2016-11-21 14:09:25ID: AA  Data: AA AA 00 00 00 00 00 00 
"
"2016-11-21 14:09:25ID: BB  Data: 00 00 00 AA 00 00 00 00 
"
"2016-11-21 14:09:25ID: BC  Data: 00 00 00 AA 00 00 00 00 
"
"2016-11-21 14:09:25ID: BB  Data: 00 00 00 AA 00 00 00 00 
"
"2016-11-21 14:09:25ID: BC  Data: 00 00 00 AA 00 00 00 00 
"
"2016-11-21 14:09:25ID: BB  Data: 00 00 00 AA 00 00 00 00 
"
"2016-11-21 14:09:25ID: BC  Data: 00 00 00 AA 00 00 00 00 
"
"2016-11-21 14:09:25ID: BB  Data: 00 00 00 AA 00 00 00 00 
"
"2016-11-21 14:09:25ID: BC  Data: 00 00 00 AA 00 00 00 00 
"
"2016-11-21 14:09:26ID: BB  Data: 00 00 00 AA 00 00 00 00 
"
"2016-11-21 14:09:26ID: BC  Data: 00 00 00 AA 00 00 00 00 
"
"2016-11-21 14:09:26ID: AA  Data: AA CC 00 00 00 00 00 00 
"
"2016-11-21 14:09:26ID: BB  Data: 00 00 00 AA 00 00 00 00 
"
"2016-11-21 14:09:26ID: BC  Data: 00 00 00 AA 00 00 00 00 
"
"2016-11-21 14:09:26ID: BB  Data: 00 00 00 AA 00 00 00 00 
"
"2016-11-21 14:09:26ID: BC  Data: 00 00 00 AA 00 00 00 00 
"
"2016-11-21 14:09:26ID: BB  Data: 00 00 00 AA 00 00 00 00 
"
"2016-11-21 14:09:26ID: BC  Data: 00 00 00 AA 00 00 00 00 
"
"2016-11-21 14:09:26ID: BB  Data: 00 00 00 AA 00 00 00 00 
"
"2016-11-21 14:09:26ID: BC  Data: 00 00 00 AA 00 00 00 00 
"
"2016-11-21 14:09:26ID: BB  Data: 00 00 00 AA 00 00 00 00 
"
"2016-11-21 14:09:26ID: BC  Data: 00 00 00 AA 00 00 00 00 
"
"2016-11-21 14:09:26ID: BB  Data: 00 00 00 AA 00 00 00 00 
"
"2016-11-21 14:09:26ID: BC  Data: 00 00 00 AA 00 00 00 00 
"
"2016-11-21 14:09:26ID: BB  Data: 00 00 00 AA 00 00 00 00 
"
"2016-11-21 14:09:26ID: BC  Data: 00 00 00 AA 00 00 00 00 
"
"2016-11-21 14:09:26ID: BB  Data: 00 00 00 AA 00 00 00 00 
"
"2016-11-21 14:09:26ID: BC  Data: 00 00 00 AA 00 00 00 00 
"
"2016-11-21 14:09:26ID: BB  Data: 00 00 00 AA 00 00 00 00 
"
"2016-11-21 14:09:26ID: BC  Data: 00 00 00 AA 00 00 00 00 
"
"2016-11-21 14:09:26ID: BB  Data: 00 00 00 AA 00 00 00 00 
"
"2016-11-21 14:09:26ID: BC  Data: 00 00 00 AA 00 00 00 00 
"
"2016-11-21 14:09:27ID: BB  Data: 00 00 00 AA 00 00 00 00 
"
"2016-11-21 14:09:27ID: BC  Data: 00 00 00 AA 00 00 00 00 
"
"2016-11-21 14:09:27ID: BB  Data: 00 00 00 AA 00 00 00 00 
"
"2016-11-21 14:09:27ID: BC  Data: 00 00 00 AA 00 00 00 00 
"
"2016-11-21 14:09:27ID: BB  Data: 00 00 00 AA 00 00 00 00 
"
"2016-11-21 14:09:27ID: BC  Data: 00 00 00 AA 00 00 00 00 
"
"2016-11-21 14:09:27ID: BB  Data: 00 00 00 AA 00 00 00 00 
"
"2016-11-21 14:09:27ID: BC  Data: 00 00 00 AA 00 00 00 00 
"
"2016-11-21 14:09:27ID: BB  Data: 00 00 00 AA 00 00 00 00 
"
"2016-11-21 14:09:27ID: BC  Data: 00 00 00 AA 00 00 00 00 
"
"2016-11-21 14:09:27ID: BB  Data: 00 00 00 AA 00 00 00 00 
"
"2016-11-21 14:09:27ID: BC  Data: 00 00 00 AA 00 00 00 00 
"
"2016-11-21 14:09:27ID: BB  Data: 00 00 00 AA 00 00 00 00 
"
"2016-11-21 14:09:27ID: BC  Data: 00 00 00 AA 00 00 00 00 
"
"2016-11-21 14:09:27ID: BB  Data: 00 00 00 AA FD E9 11 AA 
"
"2016-11-21 14:09:27ID: BC  Data: 00 00 00 AA 02 16 EE 56 
"
"2016-11-21 14:09:27ID: BB  Data: 00 00 00 AA FD 5D 9A 7F 
"
"2016-11-21 14:09:27ID: BC  Data: 00 00 00 AA 02 A2 65 81 
"
"2016-11-21 14:09:27ID: BB  Data: 00 00 00 AA FC B9 23 B5 
"
"2016-11-21 14:09:27ID: BC  Data: 00 00 00 AA 03 46 DC 4B 
"
"2016-11-21 14:09:27ID: BB  Data: 00 00 00 AA FC 5E 5A F7 
"
"2016-11-21 14:09:27ID: BC  Data: 00 00 00 AA 03 A1 A5 09 
"
"2016-11-21 14:09:27ID: BB  Data: 00 00 00 AA FB CC 4F B0 
"
"2016-11-21 14:09:27ID: BC  Data: 00 00 00 AA 04 33 B0 50 
"
"2016-11-21 14:09:28ID: BB  Data: 00 00 00 AA FB 14 1C 8F 
"
"2016-11-21 14:09:28ID: BC  Data: 00 00 00 AA 04 EB E3 71 
"
"2016-11-21 14:09:28ID: BB  Data: 00 00 00 AA FB 29 29 B7 
"
"2016-11-21 14:09:28ID: BC  Data: 00 00 00 AA 04 D6 D6 49 
"
"2016-11-21 14:09:28ID: BB  Data: 00 00 00 AA FB 18 0F 07 
"
"2016-11-21 14:09:28ID: BC  Data: 00 00 00 AA 04 E7 F0 F9 
"
"2016-11-21 14:09:28ID: BB  Data: 00 00 00 AA FB 18 0F 07 
"
"2016-11-21 14:09:28ID: BC  Data: 00 00 00 AA 04 E7 F0 F9 
"
"2016-11-21 14:09:28ID: BB  Data: 00 00 00 AA FB 19 5F D9 
"
"2016-11-21 14:09:28ID: BC  Data: 00 00 00 AA 04 E6 A0 27 
"
"2016-11-21 14:09:28ID: BB  Data: 00 00 00 AA FB 1D 52 51 
"
"2016-11-21 14:09:28ID: BC  Data: 00 00 00 AA 04 E2 AD AF 
"
"2016-11-21 14:09:28ID: BB  Data: 00 00 00 AA FB 2E 6D 02 
"
"2016-11-21 14:09:28ID: BC  Data: 00 00 00 AA 04 D1 92 FE 
"
"2016-11-21 14:09:28ID: BB  Data: 00 00 00 AA FB 33 B0 4C 
"
"2016-11-21 14:09:28ID: BC  Data: 00 00 00 AA 04 CC 4F B4 
"
"2016-11-21 14:09:28ID: BB  Data: 00 00 00 AA FB 38 F3 96 
"
"2016-11-21 14:09:28ID: BC  Data: 00 00 00 AA 04 C7 0C 6A 
"
"2016-11-21 14:09:28ID: BB  Data: 00 00 00 AA FB 3E 36 E0 
"
"2016-11-21 14:09:28ID: BC  Data: 00 00 00 AA 04 C1 C9 20 
"
"2016-11-21 14:09:28ID: BB  Data: 00 00 00 AA FB 47 6C A1 
"
"2016-11-21 14:09:28ID: BC  Data: 00 00 00 AA 04 B8 93 5F 
"
"2016-11-21 14:09:29ID: BB  Data: 00 00 00 AA FB 44 CA FC 
"
"2016-11-21 14:09:29ID: BC  Data: 00 00 00 AA 04 BB 35 04 
"
"2016-11-21 14:09:29ID: BB  Data: 00 00 00 AA FB 44 CA FC 
"
"2016-11-21 14:09:29ID: BC  Data: 00 00 00 AA 04 BB 35 04 
"
"2016-11-21 14:09:29ID: BB  Data: 00 00 00 AA FB 44 CA FC 
"
"2016-11-21 14:09:29ID: BC  Data: 00 00 00 AA 04 BB 35 04 
"
"2016-11-21 14:09:29ID: BB  Data: 00 00 00 AA FB 4A 0E 46 
"
"2016-11-21 14:09:29ID: BC  Data: 00 00 00 AA 04 B5 F1 BA 
"
"2016-11-21 14:09:29ID: BB  Data: 00 00 00 AA FB 61 BD 14 
"
"2016-11-21 14:09:29ID: BC  Data: 00 00 00 AA 04 9E 42 EC 
"
"2016-11-21 14:09:29ID: BB  Data: 00 00 00 AA FB E5 4F 4F 
"
"2016-11-21 14:09:29ID: BC  Data: 00 00 00 AA 04 1A B0 B1 
"
"2016-11-21 14:09:29ID: BB  Data: 00 00 00 AA FC 3A D4 C3 
"
"2016-11-21 14:09:29ID: BC  Data: 00 00 00 AA 03 C5 2B 3D 
"
"2016-11-21 14:09:29ID: BB  Data: 00 00 00 AA FC 63 9E 41 
"
"2016-11-21 14:09:29ID: BC  Data: 00 00 00 AA 03 9C 61 BF 
"
"2016-11-21 14:09:29ID: BB  Data: 00 00 00 AA FC 78 AB 69 
"
"2016-11-21 14:09:29ID: BC  Data: 00 00 00 AA 03 87 54 97 
"
"2016-11-21 14:09:29ID: BB  Data: 00 00 00 AA FC B2 8F 98 
"
"2016-11-21 14:09:29ID: BC  Data: 00 00 00 AA 03 4D 70 68 
"
"2016-11-21 14:09:29ID: BB  Data: 00 00 00 AA FD CE C1 38 
"
"2016-11-21 14:09:29ID: BC  Data: 00 00 00 AA 02 31 3E C8 
"
"2016-11-21 14:09:30ID: BB  Data: 00 00 00 AA 00 00 00 00 
"
"2016-11-21 14:09:30ID: BC  Data: 00 00 00 AA 00 00 00 00 
"
"2016-11-21 14:09:30ID: BB  Data: 00 00 00 AA 00 00 00 00 
"
"2016-11-21 14:09:30ID: BC  Data: 00 00 00 AA 00 00 00 00 
"
"2016-11-21 14:09:30ID: BB  Data: 00 00 00 AA 00 00 00 00 
"
"2016-11-21 14:09:30ID: BC  Data: 00 00 00 AA 00 00 00 00 
"
"2016-11-21 14:09:30ID: BB  Data: 00 00 00 AA 00 00 00 00 
"
"2016-11-21 14:09:30ID: BC  Data: 00 00 00 AA 00 00 00 00 
"
"2016-11-21 14:09:30ID: BB  Data: 00 00 00 AA 00 00 00 00 
"
"2016-11-21 14:09:30ID: BC  Data: 00 00 00 AA 00 00 00 00 
"
"2016-11-21 14:09:30ID: BB  Data: 00 00 00 AA 00 00 00 00 
"
"2016-11-21 14:09:30ID: BC  Data: 00 00 00 AA 00 00 00 00 
"
"2016-11-21 14:09:30ID: BB  Data: 00 00 00 AA 00 00 00 00 
"
"2016-11-21 14:09:30ID: BC  Data: 00 00 00 AA 00 00 00 00 
"
"2016-11-21 14:09:30ID: BB  Data: 00 00 00 AA 00 00 00 00 
"
"2016-11-21 14:09:30ID: BC  Data: 00 00 00 AA 00 00 00 00 
"
"2016-11-21 14:09:30ID: BB  Data: 00 00 00 AA 00 00 00 00 
"
"2016-11-21 14:09:30ID: BC  Data: 00 00 00 AA 00 00 00 00 
"
"2016-11-21 14:09:30ID: BB  Data: 00 00 00 AA 00 00 00 00 
"
"2016-11-21 14:09:30ID: BC  Data: 00 00 00 AA 00 00 00 00 
"
"2016-11-21 14:09:30ID: BB  Data: 00 00 00 AA 00 00 00 00 
"
"2016-11-21 14:09:30ID: BC  Data: 00 00 00 AA 00 00 00 00 
"
"2016-11-21 14:09:30ID: BB  Data: 00 00 00 AA 00 00 00 00 
"
"2016-11-21 14:09:30ID: BC  Data: 00 00 00 AA 00 00 00 00 
"
"2016-11-21 14:09:31ID: BB  Data: 00 00 00 AA 00 00 00 00 
"
"2016-11-21 14:09:31ID: BC  Data: 00 00 00 AA 00 00 00 00 
"
"2016-11-21 14:09:31ID: BB  Data: 00 00 00 AA 00 00 00 00 
"
"2016-11-21 14:09:31ID: BC  Data: 00 00 00 AA 00 00 00 00 
"
"2016-11-21 14:09:31ID: BB  Data: 00 00 00 AA 00 00 00 00 
"
"2016-11-21 14:09:31ID: BC  Data: 00 00 00 AA 00 00 00 00 
"
"2016-11-21 14:09:31ID: BB  Data: 00 00 00 AA 00 00 00 00 
"
"2016-11-21 14:09:31ID: BC  Data: 00 00 00 AA 00 00 00 00 
"
"2016-11-21 14:09:31ID: BB  Data: 00 00 00 AA 00 00 00 00 
"
"2016-11-21 14:09:31ID: BC  Data: 00 00 00 AA 00 00 00 00 
"
"2016-11-21 14:09:31ID: BB  Data: 00 00 00 AA 00 00 00 00 
"
"2016-11-21 14:09:31ID: BC  Data: 00 00 00 AA 00 00 00 00 
"
"2016-11-21 14:09:31ID: BB  Data: 00 00 00 AA 00 00 00 00 
"
"2016-11-21 14:09:31ID: BC  Data: 00 00 00 AA 00 00 00 00 
"
"2016-11-21 14:09:31ID: BB  Data: 00 00 00 AA 00 00 00 00 
"
"2016-11-21 14:09:31ID: BC  Data: 00 00 00 AA 00 00 00 00 
"
"2016-11-21 14:09:31ID: BB  Data: 00 00 00 AA 00 00 00 00 
"
"2016-11-21 14:09:31ID: BC  Data: 00 00 00 AA 00 00 00 00 
"
"2016-11-21 14:09:31ID: BB  Data: 00 00 00 AA 00 00 00 00 
"
"2016-11-21 14:09:31ID: BC  Data: 00 00 00 AA 00 00 00 00 
"
"2016-11-21 14:09:31ID: BB  Data: 00 00 00 AA 00 00 00 00 
"
"2016-11-21 14:09:31ID: BC  Data: 00 00 00 AA 00 00 00 00 
"
"2016-11-21 14:09:32ID: BB  Data: 00 00 00 AA 00 00 00 00 
"
"2016-11-21 14:09:32ID: BC  Data: 00 00 00 AA 00 00 00 00 
"
"2016-11-21 14:09:32ID: BB  Data: 00 00 00 AA 00 00 00 00 
"
"2016-11-21 14:09:32ID: BC  Data: 00 00 00 AA 00 00 00 00 
"
"2016-11-21 14:09:32ID: BB  Data: 00 00 00 AA 00 00 00 00 
"
"2016-11-21 14:09:32ID: BC  Data: 00 00 00 AA 00 00 00 00 
"
"2016-11-21 14:09:32ID: BB  Data: 00 00 00 AA 00 00 00 00 
"
"2016-11-21 14:09:32ID: BC  Data: 00 00 00 AA 00 00 00 00 
"
"2016-11-21 14:09:32ID: BB  Data: 00 00 00 AA 00 00 00 00 
"
"2016-11-21 14:09:32ID: BC  Data: 00 00 00 AA 00 00 00 00 
"
"2016-11-21 14:09:32ID: BB  Data: 00 00 00 AA 00 00 00 00 
"
"2016-11-21 14:09:32ID: BC  Data: 00 00 00 AA 00 00 00 00 
"
"2016-11-21 14:09:32ID: BB  Data: 00 00 00 AA 00 00 00 00 
"
"2016-11-21 14:09:32ID: BC  Data: 00 00 00 AA 00 00 00 00 
"
"2016-11-21 14:09:32ID: BB  Data: 00 00 00 AA 00 00 00 00 
"
"2016-11-21 14:09:32ID: BC  Data: 00 00 00 AA 00 00 00 00 
"
"2016-11-21 14:09:32ID: BB  Data: 00 00 00 AA 00 00 00 00 
"
"2016-11-21 14:09:32ID: BC  Data: 00 00 00 AA 00 00 00 00 
"
"2016-11-21 14:09:32ID: BB  Data: 00 00 00 AA 00 00 00 00 
"
"2016-11-21 14:09:32ID: BC  Data: 00 00 00 AA 00 00 00 00 
"
"2016-11-21 14:09:32ID: BB  Data: 00 00 00 AA 00 00 00 00 
"
"2016-11-21 14:09:32ID: BC  Data: 00 00 00 AA 00 00 00 00 
"
"2016-11-21 14:09:32ID: BB  Data: 00 00 00 AA 00 00 00 00 
"
"2016-11-21 14:09:33ID: BC  Data: 00 00 00 AA 00 00 00 00 
"
"2016-11-21 14:09:33ID: BB  Data: 00 00 00 AA 00 00 00 00 
"
"2016-11-21 14:09:33ID: BC  Data: 00 00 00 AA 00 00 00 00 
"
"2016-11-21 14:09:33ID: BB  Data: 00 00 00 AA 00 00 00 00 
"
"2016-11-21 14:09:33ID: BC  Data: 00 00 00 AA 00 00 00 00 
"
"2016-11-21 14:09:33ID: BB  Data: 00 00 00 AA 00 00 00 00 
"
"2016-11-21 14:09:33ID: BC  Data: 00 00 00 AA 00 00 00 00 
"
"2016-11-21 14:09:33ID: BB  Data: 00 00 00 AA 00 00 00 00 
"
"2016-11-21 14:09:33ID: BC  Data: 00 00 00 AA 00 00 00 00 
"
"2016-11-21 14:09:33ID: BB  Data: 00 00 00 AA 00 00 00 00 
"
"2016-11-21 14:09:33ID: BC  Data: 00 00 00 AA 00 00 00 00 
"
"2016-11-21 14:09:33ID: BB  Data: 00 00 00 AA 00 00 00 00 
"
"2016-11-21 14:09:33ID: BC  Data: 00 00 00 AA 00 00 00 00 
"
"2016-11-21 14:09:33ID: BB  Data: 00 00 00 AA 00 00 00 00 
"
"2016-11-21 14:09:33ID: BC  Data: 00 00 00 AA 00 00 00 00 
"
"2016-11-21 14:09:33ID: BB  Data: 00 00 00 AA 00 00 00 00 
"
"2016-11-21 14:09:33ID: BC  Data: 00 00 00 AA 00 00 00 00 
"
"2016-11-21 14:09:33ID: BB  Data: 00 00 00 AA 00 00 00 00 
"
"2016-11-21 14:09:33ID: BC  Data: 00 00 00 AA 00 00 00 00 
"
"2016-11-21 14:09:33ID: BB  Data: 00 00 00 AA 00 00 00 00 
"
"2016-11-21 14:09:33ID: BC  Data: 00 00 00 AA 00 00 00 00 
"
"2016-11-21 14:09:33ID: BB  Data: 00 00 00 AA 00 00 00 00 
"
"2016-11-21 14:09:33ID: BC  Data: 00 00 00 AA 00 00 00 00 
"
"2016-11-21 14:09:34ID: BB  Data: 00 00 00 AA 00 00 00 00 
"
"2016-11-21 14:09:34ID: BC  Data: 00 00 00 AA 00 00 00 00 
"
"2016-11-21 14:09:34ID: BB  Data: 00 00 00 AA 00 00 00 00 
"
"2016-11-21 14:09:34ID: BC  Data: 00 00 00 AA 00 00 00 00 
"
"2016-11-21 14:09:34ID: BB  Data: 00 00 00 AA 00 00 00 00 
"
"2016-11-21 14:09:34ID: BC  Data: 00 00 00 AA 00 00 00 00 
"
"2016-11-21 14:09:34ID: BB  Data: 00 00 00 AA 00 00 00 00 
"
"2016-11-21 14:09:34ID: BC  Data: 00 00 00 AA 00 00 00 00 
"
"2016-11-21 14:09:34ID: BB  Data: 00 00 00 AA 00 00 00 00 
"
"2016-11-21 14:09:34ID: BC  Data: 00 00 00 AA 00 00 00 00 
"
"2016-11-21 14:09:34ID: BB  Data: 00 00 00 AA 00 00 00 00 
"
"2016-11-21 14:09:34ID: BC  Data: 00 00 00 AA 00 00 00 00 
"
"2016-11-21 14:09:34ID: BB  Data: 00 00 00 AA 00 00 00 00 
"
"2016-11-21 14:09:34ID: BC  Data: 00 00 00 AA 00 00 00 00 
"
"2016-11-21 14:09:34ID: BB  Data: 00 00 00 AA 00 00 00 00 
"
"2016-11-21 14:09:34ID: BC  Data: 00 00 00 AA 00 00 00 00 
"
"2016-11-21 14:09:34ID: BB  Data: 00 00 00 AA 00 00 00 00 
"
"2016-11-21 14:09:34ID: BC  Data: 00 00 00 AA 00 00 00 00 
"
"2016-11-21 14:09:34ID: BB  Data: 00 00 00 AA 00 00 00 00 
"
"2016-11-21 14:09:34ID: BC  Data: 00 00 00 AA 00 00 00 00 
"
"2016-11-21 14:09:34ID: BB  Data: 00 00 00 AA 00 00 00 00 
"
"2016-11-21 14:09:34ID: BC  Data: 00 00 00 AA 00 00 00 00 
"
"2016-11-21 14:09:35ID: BB  Data: 00 00 00 AA 00 00 00 00 
"
"2016-11-21 14:09:35ID: BC  Data: 00 00 00 AA 00 00 00 00 
"
"2016-11-21 14:09:35ID: BB  Data: 00 00 00 AA 00 00 00 00 
"
"2016-11-21 14:09:35ID: BC  Data: 00 00 00 AA 00 00 00 00 
"
"2016-11-21 14:09:35ID: BB  Data: 00 00 00 AA 00 00 00 00 
"
"2016-11-21 14:09:35ID: BC  Data: 00 00 00 AA 00 00 00 00 
"
"2016-11-21 14:09:35ID: BB  Data: 00 00 00 AA 00 00 00 00 
"
"2016-11-21 14:09:35ID: BC  Data: 00 00 00 AA 00 00 00 00 
"
"2016-11-21 14:09:35ID: BB  Data: 00 00 00 AA 00 00 00 00 
"
"2016-11-21 14:09:35ID: BC  Data: 00 00 00 AA 00 00 00 00 
"
"2016-11-21 14:09:35ID: BB  Data: 00 00 00 AA 00 00 00 00 
"
"2016-11-21 14:09:35ID: BC  Data: 00 00 00 AA 00 00 00 00 
"
"2016-11-21 14:09:35ID: BB  Data: 00 00 00 AA 00 00 00 00 
"
"2016-11-21 14:09:35ID: BC  Data: 00 00 00 AA 00 00 00 00 
"
"2016-11-21 14:09:35ID: BB  Data: 00 00 00 AA 00 00 00 00 
"
"2016-11-21 14:09:35ID: BC  Data: 00 00 00 AA 00 00 00 00 
"
"2016-11-21 14:09:35ID: BB  Data: 00 00 00 AA 00 00 00 00 
"
"2016-11-21 14:09:35ID: BC  Data: 00 00 00 AA 00 00 00 00 
"
"2016-11-21 14:09:35ID: BB  Data: 00 00 00 AA 00 00 00 00 
"
"2016-11-21 14:09:35ID: BC  Data: 00 00 00 AA 00 00 00 00 
"
"2016-11-21 14:09:35ID: BB  Data: 00 00 00 AA 00 00 00 00 
"
"2016-11-21 14:09:35ID: BC  Data: 00 00 00 AA 00 00 00 00 
"
"2016-11-21 14:09:35ID: BB  Data: 00 00 00 AA 00 00 00 00 
"
"2016-11-21 14:09:35ID: BC  Data: 00 00 00 AA 00 00 00 00 
"
"2016-11-21 14:09:36ID: BB  Data: 00 00 00 AA 00 00 00 00 
"
"2016-11-21 14:09:36ID: BC  Data: 00 00 00 AA 00 00 00 00 
"
"2016-11-21 14:09:36ID: BB  Data: 00 00 00 AA 00 00 00 00 
"
"2016-11-21 14:09:36ID: BC  Data: 00 00 00 AA 00 00 00 00 
"
"2016-11-21 14:09:36ID: BB  Data: 00 00 00 AA 00 00 00 00 
"
"2016-11-21 14:09:36ID: BC  Data: 00 00 00 AA 00 00 00 00 
"
"2016-11-21 14:09:36ID: BB  Data: 00 00 00 AA 00 00 00 00 
"
"2016-11-21 14:09:36ID: BC  Data: 00 00 00 AA 00 00 00 00 
"
"2016-11-21 14:09:36ID: BB  Data: 00 00 00 AA 00 00 00 00 
"
"2016-11-21 14:09:36ID: BC  Data: 00 00 00 AA 00 00 00 00 
"
"2016-11-21 14:09:36ID: BB  Data: 00 00 00 AA 00 00 00 00 
"
"2016-11-21 14:09:36ID: BC  Data: 00 00 00 AA 00 00 00 00 
"
"2016-11-21 14:09:36ID: BB  Data: 00 00 00 AA 00 00 00 00 
"
"2016-11-21 14:09:36ID: BC  Data: 00 00 00 AA 00 00 00 00 
"
"2016-11-21 14:09:36ID: BB  Data: 00 00 00 AA 00 00 00 00 
"
"2016-11-21 14:09:36ID: BC  Data: 00 00 00 AA 00 00 00 00 
"
"2016-11-21 14:09:36ID: BB  Data: 00 00 00 AA 00 00 00 00 
"
"2016-11-21 14:09:36ID: BC  Data: 00 00 00 AA 00 00 00 00 
"
"2016-11-21 14:09:36ID: BB  Data: 00 00 00 AA 00 00 00 00 
"
"2016-11-21 14:09:36ID: BC  Data: 00 00 00 AA 00 00 00 00 
"
"2016-11-21 14:09:36ID: BB  Data: 00 00 00 AA 00 00 00 00 
"
"2016-11-21 14:09:36ID: BC  Data: 00 00 00 AA 00 00 00 00 
"
"2016-11-21 14:09:37ID: BB  Data: 00 00 00 AA 00 00 00 00 
"
"2016-11-21 14:09:37ID: BC  Data: 00 00 00 AA 00 00 00 00 
"
"2016-11-21 14:09:37ID: BB  Data: 00 00 00 AA 00 00 00 00 
"
"2016-11-21 14:09:37ID: BC  Data: 00 00 00 AA 00 00 00 00 
"
"2016-11-21 14:09:37ID: BB  Data: 00 00 00 AA 00 00 00 00 
"
"2016-11-21 14:09:37ID: BC  Data: 00 00 00 AA 00 00 00 00 
"
"2016-11-21 14:09:37ID: BB  Data: 00 00 00 AA 00 00 00 00 
"
"2016-11-21 14:09:37ID: BC  Data: 00 00 00 AA 00 00 00 00 
"
"2016-11-21 14:09:37ID: BB  Data: 00 00 00 AA 00 00 00 00 
"
"2016-11-21 14:09:37ID: BC  Data: 00 00 00 AA 00 00 00 00 
"
"2016-11-21 14:09:37ID: BB  Data: 00 00 00 AA 00 00 00 00 
"
"2016-11-21 14:09:37ID: BC  Data: 00 00 00 AA 00 00 00 00 
"
"2016-11-21 14:09:37ID: BB  Data: 00 00 00 AA 00 00 00 00 
"
"2016-11-21 14:09:37ID: BC  Data: 00 00 00 AA 00 00 00 00 
"
"2016-11-21 14:09:37ID: BB  Data: 00 00 00 AA 00 00 00 00 
"
"2016-11-21 14:09:37ID: BC  Data: 00 00 00 AA 00 00 00 00 
"
"2016-11-21 14:09:37ID: BB  Data: 00 00 00 AA 00 00 00 00 
"
"2016-11-21 14:09:37ID: BC  Data: 00 00 00 AA 00 00 00 00 
"
"2016-11-21 14:09:37ID: BB  Data: 00 00 00 AA 00 00 00 00 
"
"2016-11-21 14:09:37ID: BC  Data: 00 00 00 AA 00 00 00 00 
"
"2016-11-21 14:09:37ID: BB  Data: 00 00 00 AA 00 00 00 00 
"
"2016-11-21 14:09:37ID: BC  Data: 00 00 00 AA 00 00 00 00 
"
"2016-11-21 14:09:38ID: BB  Data: 00 00 00 AA 00 00 00 00 
"
"2016-11-21 14:09:38ID: BC  Data: 00 00 00 AA 00 00 00 00 
"
"2016-11-21 14:09:38ID: BB  Data: 00 00 00 AA 00 00 00 00 
"
"2016-11-21 14:09:38ID: BC  Data: 00 00 00 AA 00 00 00 00 
"
"2016-11-21 14:09:38ID: BB  Data: 00 00 00 AA 00 00 00 00 
"
"2016-11-21 14:09:38ID: BC  Data: 00 00 00 AA 00 00 00 00 
"
"2016-11-21 14:09:38ID: BB  Data: 00 00 00 AA 00 00 00 00 
"
"2016-11-21 14:09:38ID: BC  Data: 00 00 00 AA 00 00 00 00 
"
"2016-11-21 14:09:38ID: BB  Data: 00 00 00 AA 00 00 00 00 
"
"2016-11-21 14:09:38ID: BC  Data: 00 00 00 AA 00 00 00 00 
"
"2016-11-21 14:09:38ID: BB  Data: 00 00 00 AA 00 00 00 00 
"
"2016-11-21 14:09:38ID: BC  Data: 00 00 00 AA 00 00 00 00 
"
"2016-11-21 14:09:38ID: BB  Data: 00 00 00 AA 00 00 00 00 
"
"2016-11-21 14:09:38ID: BC  Data: 00 00 00 AA 00 00 00 00 
"
"2016-11-21 14:09:38ID: BB  Data: 00 00 00 AA 00 00 00 00 
"
"2016-11-21 14:09:38ID: BC  Data: 00 00 00 AA 00 00 00 00 
"
"2016-11-21 14:09:38ID: BB  Data: 00 00 00 AA 00 00 00 00 
"
"2016-11-21 14:09:38ID: BC  Data: 00 00 00 AA 00 00 00 00 
"
"2016-11-21 14:09:38ID: BB  Data: 00 00 00 AA 00 00 00 00 
"
"2016-11-21 14:09:38ID: BC  Data: 00 00 00 AA 00 00 00 00 
"
"2016-11-21 14:09:38ID: BB  Data: 00 00 00 AA 00 00 00 00 
"
"2016-11-21 14:09:38ID: BC  Data: 00 00 00 AA 00 00 00 00 
"
"2016-11-21 14:09:38ID: BB  Data: 00 00 00 AA 00 00 00 00 
"
"2016-11-21 14:09:38ID: BC  Data: 00 00 00 AA 00 00 00 00 
"
"2016-11-21 14:09:39ID: BB  Data: 00 00 00 AA 00 00 00 00 
"
"2016-11-21 14:09:39ID: BC  Data: 00 00 00 AA 00 00 00 00 
"
"2016-11-21 14:09:39ID: BB  Data: 00 00 00 AA 00 00 00 00 
"
"2016-11-21 14:09:39ID: BC  Data: 00 00 00 AA 00 00 00 00 
"
"2016-11-21 14:09:39ID: BB  Data: 00 00 00 AA 00 00 00 00 
"
"2016-11-21 14:09:39ID: BC  Data: 00 00 00 AA 00 00 00 00 
"
"2016-11-21 14:09:39ID: BB  Data: 00 00 00 AA 00 00 00 00 
"
"2016-11-21 14:09:39ID: BC  Data: 00 00 00 AA 00 00 00 00 
"
"2016-11-21 14:09:39ID: BB  Data: 00 00 00 AA 00 00 00 00 
"
"2016-11-21 14:09:39ID: BC  Data: 00 00 00 AA 00 00 00 00 
"
"2016-11-21 14:09:39ID: BB  Data: 00 00 00 AA 00 00 00 00 
"
"2016-11-21 14:09:39ID: BC  Data: 00 00 00 AA 00 00 00 00 
"
"2016-11-21 14:09:39ID: BB  Data: 00 00 00 AA 00 00 00 00 
"
"2016-11-21 14:09:39ID: BC  Data: 00 00 00 AA 00 00 00 00 
"
"2016-11-21 14:09:39ID: BB  Data: 00 00 00 AA 00 00 00 00 
"
"2016-11-21 14:09:39ID: BC  Data: 00 00 00 AA 00 00 00 00 
"
"2016-11-21 14:09:39ID: BB  Data: 00 00 00 AA 00 00 00 00 
"
"2016-11-21 14:09:39ID: BC  Data: 00 00 00 AA 00 00 00 00 
"
"2016-11-21 14:09:39ID: BB  Data: 00 00 00 AA 00 00 00 00 
"
"2016-11-21 14:09:39ID: BC  Data: 00 00 00 AA 00 00 00 00 
"
"2016-11-21 14:09:39ID: BB  Data: 00 00 00 AA 00 00 00 00 
"
"2016-11-21 14:09:39ID: BC  Data: 00 00 00 AA 00 00 00 00 
"
"2016-11-21 14:09:40ID: BB  Data: 00 00 00 AA 00 00 00 00 
"
"2016-11-21 14:09:40ID: BC  Data: 00 00 00 AA 00 00 00 00 
"
"2016-11-21 14:09:40ID: BB  Data: 00 00 00 AA 00 00 00 00 
"
"2016-11-21 14:09:40ID: BC  Data: 00 00 00 AA 00 00 00 00 
"
"2016-11-21 14:09:40ID: BB  Data: 00 00 00 AA 00 00 00 00 
"
"2016-11-21 14:09:40ID: BC  Data: 00 00 00 AA 00 00 00 00 
"
"2016-11-21 14:09:40ID: BB  Data: 00 00 00 AA 00 00 00 00 
"
"2016-11-21 14:09:40ID: BC  Data: 00 00 00 AA 00 00 00 00 
"
"2016-11-21 14:09:40ID: BB  Data: 00 00 00 AA 00 00 00 00 
"
"2016-11-21 14:09:40ID: BC  Data: 00 00 00 AA 00 00 00 00 
"
"2016-11-21 14:09:40ID: BB  Data: 00 00 00 AA 00 00 00 00 
"
"2016-11-21 14:09:40ID: BC  Data: 00 00 00 AA 00 00 00 00 
"
"2016-11-21 14:09:40ID: BB  Data: 00 00 00 AA 00 00 00 00 
"
"2016-11-21 14:09:40ID: BC  Data: 00 00 00 AA 00 00 00 00 
"
"2016-11-21 14:09:40ID: BB  Data: 00 00 00 AA 00 00 00 00 
"
"2016-11-21 14:09:40ID: BC  Data: 00 00 00 AA 00 00 00 00 
"
"2016-11-21 14:09:40ID: BB  Data: 00 00 00 AA 00 00 00 00 
"
"2016-11-21 14:09:40ID: BC  Data: 00 00 00 AA 00 00 00 00 
"
"2016-11-21 14:09:40ID: BB  Data: 00 00 00 AA 00 00 00 00 
"
"2016-11-21 14:09:40ID: BC  Data: 00 00 00 AA 00 00 00 00 
"
"2016-11-21 14:09:40ID: BB  Data: 00 00 00 AA 00 00 00 00 
"
"2016-11-21 14:09:40ID: BC  Data: 00 00 00 AA 00 00 00 00 
"
"2016-11-21 14:09:40ID: BB  Data: 00 00 00 AA 00 00 00 00 
"
"2016-11-21 14:09:41ID: BC  Data: 00 00 00 AA 00 00 00 00 
"
"2016-11-21 14:09:41ID: BB  Data: 00 00 00 AA 00 00 00 00 
"
"2016-11-21 14:09:41ID: BC  Data: 00 00 00 AA 00 00 00 00 
"
"2016-11-21 14:09:41ID: BB  Data: 00 00 00 AA 00 00 00 00 
"
"2016-11-21 14:09:41ID: BC  Data: 00 00 00 AA 00 00 00 00 
"
"2016-11-21 14:09:41ID: BB  Data: 00 00 00 AA 00 00 00 00 
"
"2016-11-21 14:09:41ID: BC  Data: 00 00 00 AA 00 00 00 00 
"
"2016-11-21 14:09:41ID: BB  Data: 00 00 00 AA 00 00 00 00 
"
"2016-11-21 14:09:41ID: BC  Data: 00 00 00 AA 00 00 00 00 
"
"2016-11-21 14:09:41ID: BB  Data: 00 00 00 AA 00 00 00 00 
"
"2016-11-21 14:09:41ID: BC  Data: 00 00 00 AA 00 00 00 00 
"
"2016-11-21 14:09:41ID: BB  Data: 00 00 00 AA 00 00 00 00 
"
"2016-11-21 14:09:41ID: BC  Data: 00 00 00 AA 00 00 00 00 
"
"2016-11-21 14:09:41ID: BB  Data: 00 00 00 AA 00 00 00 00 
"
"2016-11-21 14:09:41ID: BC  Data: 00 00 00 AA 00 00 00 00 
"
"2016-11-21 14:09:41ID: BB  Data: 00 00 00 AA 00 00 00 00 
"
"2016-11-21 14:09:41ID: BC  Data: 00 00 00 AA 00 00 00 00 
"
"2016-11-21 14:09:41ID: BB  Data: 00 00 00 AA 00 00 00 00 
"
"2016-11-21 14:09:41ID: BC  Data: 00 00 00 AA 00 00 00 00 
"
"2016-11-21 14:09:41ID: BB  Data: 00 00 00 AA 00 00 00 00 
"
"2016-11-21 14:09:41ID: BC  Data: 00 00 00 AA 00 00 00 00 
"
"2016-11-21 14:09:41ID: BB  Data: 00 00 00 AA 00 00 00 00 
"
"2016-11-21 14:09:41ID: BC  Data: 00 00 00 AA 00 00 00 00 
"
"2016-11-21 14:09:42ID: BB  Data: 00 00 00 AA 00 00 00 00 
"
"2016-11-21 14:09:42ID: BC  Data: 00 00 00 AA 00 00 00 00 
"
"2016-11-21 14:09:42ID: BB  Data: 00 00 00 AA 00 00 00 00 
"
"2016-11-21 14:09:42ID: BC  Data: 00 00 00 AA 00 00 00 00 
"
"2016-11-21 14:09:42ID: BB  Data: 00 00 00 AA 00 00 00 00 
"
"2016-11-21 14:09:42ID: BC  Data: 00 00 00 AA 00 00 00 00 
"
"2016-11-21 14:09:42ID: BB  Data: 00 00 00 AA 00 00 00 00 
"
"2016-11-21 14:09:42ID: BC  Data: 00 00 00 AA 00 00 00 00 
"
"2016-11-21 14:09:42ID: BB  Data: 00 00 00 AA 00 00 00 00 
"
"2016-11-21 14:09:42ID: BC  Data: 00 00 00 AA 00 00 00 00 
"
"2016-11-21 14:09:42ID: BB  Data: 00 00 00 AA 00 00 00 00 
"
"2016-11-21 14:09:42ID: BC  Data: 00 00 00 AA 00 00 00 00 
"
"2016-11-21 14:09:42ID: BB  Data: 00 00 00 AA 00 00 00 00 
"
"2016-11-21 14:09:42ID: BC  Data: 00 00 00 AA 00 00 00 00 
"
"2016-11-21 14:09:42ID: BB  Data: 00 00 00 AA 00 00 00 00 
"
"2016-11-21 14:09:42ID: BC  Data: 00 00 00 AA 00 00 00 00 
"
"2016-11-21 14:09:42ID: BB  Data: 00 00 00 AA 00 00 00 00 
"
"2016-11-21 14:09:42ID: BC  Data: 00 00 00 AA 00 00 00 00 
"
"2016-11-21 14:09:42ID: BB  Data: 00 00 00 AA 00 00 00 00 
"
"2016-11-21 14:09:42ID: BC  Data: 00 00 00 AA 00 00 00 00 
"
"2016-11-21 14:09:42ID: BB  Data: 00 00 00 AA 00 00 00 00 
"
"2016-11-21 14:09:42ID: BC  Data: 00 00 00 AA 00 00 00 00 
"
"2016-11-21 14:09:43ID: BB  Data: 00 00 00 AA 00 00 00 00 
"
"2016-11-21 14:09:43ID: BC  Data: 00 00 00 AA 00 00 00 00 
"
"2016-11-21 14:09:43ID: BB  Data: 00 00 00 AA 00 00 00 00 
"
"2016-11-21 14:09:43ID: BC  Data: 00 00 00 AA 00 00 00 00 
"
"2016-11-21 14:09:43ID: BB  Data: 00 00 00 AA 00 00 00 00 
"
"2016-11-21 14:09:43ID: BC  Data: 00 00 00 AA 00 00 00 00 
"
"2016-11-21 14:09:43ID: BB  Data: 00 00 00 AA 00 00 00 00 
"
"2016-11-21 14:09:43ID: BC  Data: 00 00 00 AA 00 00 00 00 
"
"2016-11-21 14:09:43ID: BB  Data: 00 00 00 AA 00 00 00 00 
"
"2016-11-21 14:09:43ID: BC  Data: 00 00 00 AA 00 00 00 00 
"
"2016-11-21 14:09:43ID: BB  Data: 00 00 00 AA 00 00 00 00 
"
"2016-11-21 14:09:43ID: BC  Data: 00 00 00 AA 00 00 00 00 
"
"2016-11-21 14:09:43ID: BB  Data: 00 00 00 AA 00 00 00 00 
"
"2016-11-21 14:09:43ID: BC  Data: 00 00 00 AA 00 00 00 00 
"
"2016-11-21 14:09:43ID: BB  Data: 00 00 00 AA 00 00 00 00 
"
"2016-11-21 14:09:43ID: BC  Data: 00 00 00 AA 00 00 00 00 
"
"2016-11-21 14:09:43ID: BB  Data: 00 00 00 AA 00 00 00 00 
"
"2016-11-21 14:09:43ID: BC  Data: 00 00 00 AA 00 00 00 00 
"
"2016-11-21 14:09:43ID: BB  Data: 00 00 00 AA 00 00 00 00 
"
"2016-11-21 14:09:43ID: BC  Data: 00 00 00 AA 00 00 00 00 
"
"2016-11-21 14:09:43ID: BB  Data: 00 00 00 AA 00 00 00 00 
"
"2016-11-21 14:09:43ID: BC  Data: 00 00 00 AA 00 00 00 00 
"
"2016-11-21 14:09:43ID: BB  Data: 00 00 00 AA 00 00 00 00 
"
"2016-11-21 14:09:43ID: BC  Data: 00 00 00 AA 00 00 00 00 
"
"2016-11-21 14:09:44ID: BB  Data: 00 00 00 AA 00 00 00 00 
"
"2016-11-21 14:09:44ID: BC  Data: 00 00 00 AA 00 00 00 00 
"
"2016-11-21 14:09:44ID: BB  Data: 00 00 00 AA 00 00 00 00 
"
"2016-11-21 14:09:44ID: BC  Data: 00 00 00 AA 00 00 00 00 
"
"2016-11-21 14:09:44ID: BB  Data: 00 00 00 AA 00 00 00 00 
"
"2016-11-21 14:09:44ID: BC  Data: 00 00 00 AA 00 00 00 00 
"
"2016-11-21 14:09:44ID: BB  Data: 00 00 00 AA 00 00 00 00 
"
"2016-11-21 14:09:44ID: BC  Data: 00 00 00 AA 00 00 00 00 
"
"2016-11-21 14:09:44ID: BB  Data: 00 00 00 AA 00 00 00 00 
"
"2016-11-21 14:09:44ID: BC  Data: 00 00 00 AA 00 00 00 00 
"
"2016-11-21 14:09:44ID: BB  Data: 00 00 00 AA 00 00 00 00 
"
"2016-11-21 14:09:44ID: BC  Data: 00 00 00 AA 00 00 00 00 
"
"2016-11-21 14:09:44ID: BB  Data: 00 00 00 AA 00 00 00 00 
"
"2016-11-21 14:09:44ID: BC  Data: 00 00 00 AA 00 00 00 00 
"
"2016-11-21 14:09:44ID: BB  Data: 00 00 00 AA 00 00 00 00 
"
"2016-11-21 14:09:44ID: BC  Data: 00 00 00 AA 00 00 00 00 
"
"2016-11-21 14:09:44ID: BB  Data: 00 00 00 AA 00 00 00 00 
"
"2016-11-21 14:09:44ID: BC  Data: 00 00 00 AA 00 00 00 00 
"
"2016-11-21 14:09:44ID: BB  Data: 00 00 00 AA 00 00 00 00 
"
"2016-11-21 14:09:44ID: BC  Data: 00 00 00 AA 00 00 00 00 
"
"2016-11-21 14:09:44ID: BB  Data: 00 00 00 AA 00 00 00 00 
"
"2016-11-21 14:09:44ID: BC  Data: 00 00 00 AA 00 00 00 00 
"
"2016-11-21 14:09:45ID: BB  Data: 00 00 00 AA 00 00 00 00 
"
"2016-11-21 14:09:45ID: BC  Data: 00 00 00 AA 00 00 00 00 
"
"2016-11-21 14:09:45ID: BB  Data: 00 00 00 AA 00 00 00 00 
"
"2016-11-21 14:09:45ID: BC  Data: 00 00 00 AA 00 00 00 00 
"
"2016-11-21 14:09:45ID: BB  Data: 00 00 00 AA 00 00 00 00 
"
"2016-11-21 14:09:45ID: BC  Data: 00 00 00 AA 00 00 00 00 
"
"2016-11-21 14:09:45ID: BB  Data: 00 00 00 AA 00 00 00 00 
"
"2016-11-21 14:09:45ID: BC  Data: 00 00 00 AA 00 00 00 00 
"
"2016-11-21 14:09:45ID: BB  Data: 00 00 00 AA 00 00 00 00 
"
"2016-11-21 14:09:45ID: BC  Data: 00 00 00 AA 00 00 00 00 
"
"2016-11-21 14:09:45ID: BB  Data: 00 00 00 AA 00 00 00 00 
"
"2016-11-21 14:09:45ID: BC  Data: 00 00 00 AA 00 00 00 00 
"
"2016-11-21 14:09:45ID: BB  Data: 00 00 00 AA 00 00 00 00 
"
"2016-11-21 14:09:45ID: BC  Data: 00 00 00 AA 00 00 00 00 
"
"2016-11-21 14:09:45ID: BB  Data: 00 00 00 AA 00 00 00 00 
"
"2016-11-21 14:09:45ID: BC  Data: 00 00 00 AA 00 00 00 00 
"
"2016-11-21 14:09:45ID: BB  Data: 00 00 00 AA 00 00 00 00 
"
"2016-11-21 14:09:45ID: BC  Data: 00 00 00 AA 00 00 00 00 
"
"2016-11-21 14:09:45ID: BB  Data: 00 00 00 AA 00 00 00 00 
"
"2016-11-21 14:09:45ID: BC  Data: 00 00 00 AA 00 00 00 00 
"
"2016-11-21 14:09:45ID: BB  Data: 00 00 00 AA 00 00 00 00 
"
"2016-11-21 14:09:45ID: BC  Data: 00 00 00 AA 00 00 00 00 
"
"2016-11-21 14:09:46ID: BB  Data: 00 00 00 AA 00 00 00 00 
"
"2016-11-21 14:09:46ID: BC  Data: 00 00 00 AA 00 00 00 00 
"
"2016-11-21 14:09:46ID: BB  Data: 00 00 00 AA 00 00 00 00 
"
"2016-11-21 14:09:46ID: BC  Data: 00 00 00 AA 00 00 00 00 
"
"2016-11-21 14:09:46ID: BB  Data: 00 00 00 AA 00 00 00 00 
"
"2016-11-21 14:09:46ID: BC  Data: 00 00 00 AA 00 00 00 00 
"
"2016-11-21 14:09:46ID: BB  Data: 00 00 00 AA 00 00 00 00 
"
"2016-11-21 14:09:46ID: BC  Data: 00 00 00 AA 00 00 00 00 
"
"2016-11-21 14:09:46ID: BB  Data: 00 00 00 AA 00 00 00 00 
"
"2016-11-21 14:09:46ID: BC  Data: 00 00 00 AA 00 00 00 00 
"
"2016-11-21 14:09:46ID: BB  Data: 00 00 00 AA 00 00 00 00 
"
"2016-11-21 14:09:46ID: BC  Data: 00 00 00 AA 00 00 00 00 
"
"2016-11-21 14:09:46ID: BB  Data: 00 00 00 AA 00 00 00 00 
"
"2016-11-21 14:09:46ID: BC  Data: 00 00 00 AA 00 00 00 00 
"
"2016-11-21 14:09:46ID: BB  Data: 00 00 00 AA 00 00 00 00 
"
"2016-11-21 14:09:46ID: BC  Data: 00 00 00 AA 00 00 00 00 
"
"2016-11-21 14:09:46ID: BB  Data: 00 00 00 AA 00 00 00 00 
"
"2016-11-21 14:09:46ID: BC  Data: 00 00 00 AA 00 00 00 00 
"
"2016-11-21 14:09:46ID: BB  Data: 00 00 00 AA 00 00 00 00 
"
"2016-11-21 14:09:46ID: BC  Data: 00 00 00 AA 00 00 00 00 
"
"2016-11-21 14:09:46ID: BB  Data: 00 00 00 AA 00 00 00 00 
"
"2016-11-21 14:09:46ID: BC  Data: 00 00 00 AA 00 00 00 00 
"
"2016-11-21 14:09:46ID: BB  Data: 00 00 00 AA 00 00 00 00 
"
"2016-11-21 14:09:46ID: BC  Data: 00 00 00 AA 00 00 00 00 
"
"2016-11-21 14:09:47ID: BB  Data: 00 00 00 AA 00 00 00 00 
"
"2016-11-21 14:09:47ID: BC  Data: 00 00 00 AA 00 00 00 00 
"
"2016-11-21 14:09:47ID: BB  Data: 00 00 00 AA 00 00 00 00 
"
"2016-11-21 14:09:47ID: BC  Data: 00 00 00 AA 00 00 00 00 
"
"2016-11-21 14:09:47ID: BB  Data: 00 00 00 AA 00 00 00 00 
"
"2016-11-21 14:09:47ID: BC  Data: 00 00 00 AA 00 00 00 00 
"
"2016-11-21 14:09:47ID: BB  Data: 00 00 00 AA 00 00 00 00 
"
"2016-11-21 14:09:47ID: BC  Data: 00 00 00 AA 00 00 00 00 
"
"2016-11-21 14:09:47ID: BB  Data: 00 00 00 AA 00 00 00 00 
"
"2016-11-21 14:09:47ID: BC  Data: 00 00 00 AA 00 00 00 00 
"
"2016-11-21 14:09:47ID: BB  Data: 00 00 00 AA 00 00 00 00 
"
"2016-11-21 14:09:47ID: BC  Data: 00 00 00 AA 00 00 00 00 
"
"2016-11-21 14:09:47ID: BB  Data: 00 00 00 AA 00 00 00 00 
"
"2016-11-21 14:09:47ID: BC  Data: 00 00 00 AA 00 00 00 00 
"
"2016-11-21 14:09:47ID: BB  Data: 00 00 00 AA 00 00 00 00 
"
"2016-11-21 14:09:47ID: BC  Data: 00 00 00 AA 00 00 00 00 
"
"2016-11-21 14:09:47ID: BB  Data: 00 00 00 AA 00 00 00 00 
"
"2016-11-21 14:09:47ID: BC  Data: 00 00 00 AA 00 00 00 00 
"
"2016-11-21 14:09:47ID: BB  Data: 00 00 00 AA 00 00 00 00 
"
"2016-11-21 14:09:47ID: BC  Data: 00 00 00 AA 00 00 00 00 
"
"2016-11-21 14:09:47ID: BB  Data: 00 00 00 AA 00 00 00 00 
"
"2016-11-21 14:09:47ID: BC  Data: 00 00 00 AA 00 00 00 00 
"
"2016-11-21 14:09:48ID: BB  Data: 00 00 00 AA 00 00 00 00 
"
"2016-11-21 14:09:48ID: BC  Data: 00 00 00 AA 00 00 00 00 
"
"2016-11-21 14:09:48ID: BB  Data: 00 00 00 AA 00 00 00 00 
"
"2016-11-21 14:09:48ID: BC  Data: 00 00 00 AA 00 00 00 00 
"
"2016-11-21 14:09:48ID: BB  Data: 00 00 00 AA 00 00 00 00 
"
"2016-11-21 14:09:48ID: BC  Data: 00 00 00 AA 00 00 00 00 
"
"2016-11-21 14:09:48ID: BB  Data: 00 00 00 AA 00 00 00 00 
"
"2016-11-21 14:09:48ID: BC  Data: 00 00 00 AA 00 00 00 00 
"
"2016-11-21 14:09:48ID: BB  Data: 00 00 00 AA 00 00 00 00 
"
"2016-11-21 14:09:48ID: BC  Data: 00 00 00 AA 00 00 00 00 
"
"2016-11-21 14:09:48ID: BB  Data: 00 00 00 AA 00 00 00 00 
"
"2016-11-21 14:09:48ID: BC  Data: 00 00 00 AA 00 00 00 00 
"
"2016-11-21 14:09:48ID: BB  Data: 00 00 00 AA 00 00 00 00 
"
"2016-11-21 14:09:48ID: BC  Data: 00 00 00 AA 00 00 00 00 
"
"2016-11-21 14:09:48ID: BB  Data: 00 00 00 AA 00 00 00 00 
"
"2016-11-21 14:09:48ID: BC  Data: 00 00 00 AA 00 00 00 00 
"
"2016-11-21 14:09:48ID: BB  Data: 00 00 00 AA 00 00 00 00 
"
"2016-11-21 14:09:48ID: BC  Data: 00 00 00 AA 00 00 00 00 
"
"2016-11-21 14:09:48ID: BB  Data: 00 00 00 AA 00 00 00 00 
"
"2016-11-21 14:09:48ID: BC  Data: 00 00 00 AA 00 00 00 00 
"
"2016-11-21 14:09:48ID: BB  Data: 00 00 00 AA 00 00 00 00 
"
"2016-11-21 14:09:48ID: BC  Data: 00 00 00 AA 00 00 00 00 
"
"2016-11-21 14:09:48ID: BB  Data: 00 00 00 AA 00 00 00 00 
"
"2016-11-21 14:09:49ID: BC  Data: 00 00 00 AA 00 00 00 00 
"
"2016-11-21 14:09:49ID: BB  Data: 00 00 00 AA 00 00 00 00 
"
"2016-11-21 14:09:49ID: BC  Data: 00 00 00 AA 00 00 00 00 
"
"2016-11-21 14:09:49ID: BB  Data: 00 00 00 AA 00 00 00 00 
"
"2016-11-21 14:09:49ID: BC  Data: 00 00 00 AA 00 00 00 00 
"
"2016-11-21 14:09:49ID: BB  Data: 00 00 00 AA 00 00 00 00 
"
"2016-11-21 14:09:49ID: BC  Data: 00 00 00 AA 00 00 00 00 
"
"2016-11-21 14:09:49ID: BB  Data: 00 00 00 AA 00 00 00 00 
"
"2016-11-21 14:09:49ID: BC  Data: 00 00 00 AA 00 00 00 00 
"
"2016-11-21 14:09:49ID: BB  Data: 00 00 00 AA 00 00 00 00 
"
"2016-11-21 14:09:49ID: BC  Data: 00 00 00 AA 00 00 00 00 
"
"2016-11-21 14:09:49ID: BB  Data: 00 00 00 AA 00 00 00 00 
"
"2016-11-21 14:09:49ID: BC  Data: 00 00 00 AA 00 00 00 00 
"
"2016-11-21 14:09:49ID: BB  Data: 00 00 00 AA 00 00 00 00 
"
"2016-11-21 14:09:49ID: BC  Data: 00 00 00 AA 00 00 00 00 
"
"2016-11-21 14:09:49ID: BB  Data: 00 00 00 AA 00 00 00 00 
"
"2016-11-21 14:09:49ID: BC  Data: 00 00 00 AA 00 00 00 00 
"
"2016-11-21 14:09:49ID: BB  Data: 00 00 00 AA 00 00 00 00 
"
"2016-11-21 14:09:49ID: BC  Data: 00 00 00 AA 00 00 00 00 
"
"2016-11-21 14:09:49ID: BB  Data: 00 00 00 AA 00 00 00 00 
"
"2016-11-21 14:09:49ID: BC  Data: 00 00 00 AA 00 00 00 00 
"
"2016-11-21 14:09:49ID: BB  Data: 00 00 00 AA 00 00 00 00 
"
"2016-11-21 14:09:49ID: BC  Data: 00 00 00 AA 00 00 00 00 
"
"2016-11-21 14:09:50ID: BB  Data: 00 00 00 AA 00 00 00 00 
"
"2016-11-21 14:09:50ID: BC  Data: 00 00 00 AA 00 00 00 00 
"
"2016-11-21 14:09:50ID: BB  Data: 00 00 00 AA 00 00 00 00 
"
"2016-11-21 14:09:50ID: BC  Data: 00 00 00 AA 00 00 00 00 
"
"2016-11-21 14:09:50ID: BB  Data: 00 00 00 AA 00 00 00 00 
"
"2016-11-21 14:09:50ID: BC  Data: 00 00 00 AA 00 00 00 00 
"
"2016-11-21 14:09:50ID: BB  Data: 00 00 00 AA 00 00 00 00 
"
"2016-11-21 14:09:50ID: BC  Data: 00 00 00 AA 00 00 00 00 
"
"2016-11-21 14:09:50ID: BB  Data: 00 00 00 AA 00 00 00 00 
"
"2016-11-21 14:09:50ID: BC  Data: 00 00 00 AA 00 00 00 00 
"
"2016-11-21 14:09:50ID: BB  Data: 00 00 00 AA 00 00 00 00 
"
"2016-11-21 14:09:50ID: BC  Data: 00 00 00 AA 00 00 00 00 
"
"2016-11-21 14:09:50ID: BB  Data: 00 00 00 AA 00 00 00 00 
"
"2016-11-21 14:09:50ID: BC  Data: 00 00 00 AA 00 00 00 00 
"
"2016-11-21 14:09:50ID: BB  Data: 00 00 00 AA 00 00 00 00 
"
"2016-11-21 14:09:50ID: BC  Data: 00 00 00 AA 00 00 00 00 
"
"2016-11-21 14:09:50ID: BB  Data: 00 00 00 AA 00 00 00 00 
"
"2016-11-21 14:09:50ID: BC  Data: 00 00 00 AA 00 00 00 00 
"
"2016-11-21 14:09:50ID: BB  Data: 00 00 00 AA 00 00 00 00 
"
"2016-11-21 14:09:50ID: BC  Data: 00 00 00 AA 00 00 00 00 
"
"2016-11-21 14:09:50ID: BB  Data: 00 00 00 AA 00 00 00 00 
"
"2016-11-21 14:09:50ID: BC  Data: 00 00 00 AA 00 00 00 00 
"
"2016-11-21 14:09:51ID: BB  Data: 00 00 00 AA 00 00 00 00 
"
"2016-11-21 14:09:51ID: BC  Data: 00 00 00 AA 00 00 00 00 
"
"2016-11-21 14:09:51ID: BB  Data: 00 00 00 AA 00 00 00 00 
"
"2016-11-21 14:09:51ID: BC  Data: 00 00 00 AA 00 00 00 00 
"
"2016-11-21 14:09:51ID: BB  Data: 00 00 00 AA 00 00 00 00 
"
"2016-11-21 14:09:51ID: BC  Data: 00 00 00 AA 00 00 00 00 
"
"2016-11-21 14:09:51ID: BB  Data: 00 00 00 AA 00 00 00 00 
"
"2016-11-21 14:09:51ID: BC  Data: 00 00 00 AA 00 00 00 00 
"
"2016-11-21 14:09:51ID: BB  Data: 00 00 00 AA 00 00 00 00 
"
"2016-11-21 14:09:51ID: BC  Data: 00 00 00 AA 00 00 00 00 
"
"2016-11-21 14:09:51ID: BB  Data: 00 00 00 AA 00 00 00 00 
"
"2016-11-21 14:09:51ID: BC  Data: 00 00 00 AA 00 00 00 00 
"
"2016-11-21 14:09:51ID: BB  Data: 00 00 00 AA 00 00 00 00 
"
"2016-11-21 14:09:51ID: BC  Data: 00 00 00 AA 00 00 00 00 
"
"2016-11-21 14:09:51ID: BB  Data: 00 00 00 AA 00 00 00 00 
"
"2016-11-21 14:09:51ID: BC  Data: 00 00 00 AA 00 00 00 00 
"
"2016-11-21 14:09:51ID: BB  Data: 00 00 00 AA 00 00 00 00 
"
"2016-11-21 14:09:51ID: BC  Data: 00 00 00 AA 00 00 00 00 
"
"2016-11-21 14:09:51ID: BB  Data: 00 00 00 AA 00 00 00 00 
"
"2016-11-21 14:09:51ID: BC  Data: 00 00 00 AA 00 00 00 00 
"
"2016-11-21 14:09:51ID: BB  Data: 00 00 00 AA 00 00 00 00 
"
"2016-11-21 14:09:51ID: BC  Data: 00 00 00 AA 00 00 00 00 
"
"2016-11-21 14:09:51ID: BB  Data: 00 00 00 AA 00 00 00 00 
"
"2016-11-21 14:09:51ID: BC  Data: 00 00 00 AA 00 00 00 00 
"
"2016-11-21 14:09:52ID: BB  Data: 00 00 00 AA 00 00 00 00 
"
"2016-11-21 14:09:52ID: BC  Data: 00 00 00 AA 00 00 00 00 
"
"2016-11-21 14:09:52ID: BB  Data: 00 00 00 AA 00 00 00 00 
"
"2016-11-21 14:09:52ID: BC  Data: 00 00 00 AA 00 00 00 00 
"
"2016-11-21 14:09:52ID: BB  Data: 00 00 00 AA 00 00 00 00 
"
"2016-11-21 14:09:52ID: BC  Data: 00 00 00 AA 00 00 00 00 
"
"2016-11-21 14:09:52ID: BB  Data: 00 00 00 AA 00 00 00 00 
"
"2016-11-21 14:09:52ID: BC  Data: 00 00 00 AA 00 00 00 00 
"
"2016-11-21 14:09:52ID: BB  Data: 00 00 00 AA 00 00 00 00 
"
"2016-11-21 14:09:52ID: BC  Data: 00 00 00 AA 00 00 00 00 
"
"2016-11-21 14:09:52ID: BB  Data: 00 00 00 AA 00 00 00 00 
"
"2016-11-21 14:09:52ID: BC  Data: 00 00 00 AA 00 00 00 00 
"
"2016-11-21 14:09:52ID: BB  Data: 00 00 00 AA 00 00 00 00 
"
"2016-11-21 14:09:52ID: BC  Data: 00 00 00 AA 00 00 00 00 
"
"2016-11-21 14:09:52ID: BB  Data: 00 00 00 AA 00 00 00 00 
"
"2016-11-21 14:09:52ID: BC  Data: 00 00 00 AA 00 00 00 00 
"
"2016-11-21 14:09:52ID: BB  Data: 00 00 00 AA 00 00 00 00 
"
"2016-11-21 14:09:52ID: BC  Data: 00 00 00 AA 00 00 00 00 
"
"2016-11-21 14:09:52ID: BB  Data: 00 00 00 AA 00 00 00 00 
"
"2016-11-21 14:09:52ID: BC  Data: 00 00 00 AA 00 00 00 00 
"
"2016-11-21 14:09:52ID: BB  Data: 00 00 00 AA 00 00 00 00 
"
"2016-11-21 14:09:52ID: BC  Data: 00 00 00 AA 00 00 00 00 
"
"2016-11-21 14:09:53ID: BB  Data: 00 00 00 AA 00 00 00 00 
"
"2016-11-21 14:09:53ID: BC  Data: 00 00 00 AA 00 00 00 00 
"
"2016-11-21 14:09:53ID: BB  Data: 00 00 00 AA 00 00 00 00 
"
"2016-11-21 14:09:53ID: BC  Data: 00 00 00 AA 00 00 00 00 
"
"2016-11-21 14:09:53ID: BB  Data: 00 00 00 AA 00 00 00 00 
"
"2016-11-21 14:09:53ID: BC  Data: 00 00 00 AA 00 00 00 00 
"
"2016-11-21 14:09:53ID: BB  Data: 00 00 00 AA 00 00 00 00 
"
"2016-11-21 14:09:53ID: BC  Data: 00 00 00 AA 00 00 00 00 
"
"2016-11-21 14:09:53ID: BB  Data: 00 00 00 AA 00 00 00 00 
"
"2016-11-21 14:09:53ID: BC  Data: 00 00 00 AA 00 00 00 00 
"
"2016-11-21 14:09:53ID: BB  Data: 00 00 00 AA 00 00 00 00 
"
"2016-11-21 14:09:53ID: BC  Data: 00 00 00 AA 00 00 00 00 
"
"2016-11-21 14:09:53ID: BB  Data: 00 00 00 AA 00 00 00 00 
"
"2016-11-21 14:09:53ID: BC  Data: 00 00 00 AA 00 00 00 00 
"
"2016-11-21 14:09:53ID: BB  Data: 00 00 00 AA 00 00 00 00 
"
"2016-11-21 14:09:53ID: BC  Data: 00 00 00 AA 00 00 00 00 
"
"2016-11-21 14:09:53ID: BB  Data: 00 00 00 AA 00 00 00 00 
"
"2016-11-21 14:09:53ID: BC  Data: 00 00 00 AA 00 00 00 00 
"
"2016-11-21 14:09:53ID: BB  Data: 00 00 00 AA 00 00 00 00 
"
"2016-11-21 14:09:53ID: BC  Data: 00 00 00 AA 00 00 00 00 
"
"2016-11-21 14:09:53ID: BB  Data: 00 00 00 AA 00 00 00 00 
"
"2016-11-21 14:09:53ID: BC  Data: 00 00 00 AA 00 00 00 00 
"
"2016-11-21 14:09:54ID: BB  Data: 00 00 00 AA 00 00 00 00 
"
"2016-11-21 14:09:54ID: BC  Data: 00 00 00 AA 00 00 00 00 
"
"2016-11-21 14:09:54ID: BB  Data: 00 00 00 AA 00 00 00 00 
"
"2016-11-21 14:09:54ID: BC  Data: 00 00 00 AA 00 00 00 00 
"
"2016-11-21 14:09:54ID: BB  Data: 00 00 00 AA 00 00 00 00 
"
"2016-11-21 14:09:54ID: BC  Data: 00 00 00 AA 00 00 00 00 
"
"2016-11-21 14:09:54ID: BB  Data: 00 00 00 AA 00 00 00 00 
"
"2016-11-21 14:09:54ID: BC  Data: 00 00 00 AA 00 00 00 00 
"
"2016-11-21 14:09:54ID: BB  Data: 00 00 00 AA 00 00 00 00 
"
"2016-11-21 14:09:54ID: BC  Data: 00 00 00 AA 00 00 00 00 
"
"2016-11-21 14:09:54ID: BB  Data: 00 00 00 AA 00 00 00 00 
"
"2016-11-21 14:09:54ID: BC  Data: 00 00 00 AA 00 00 00 00 
"
"2016-11-21 14:09:54ID: BB  Data: 00 00 00 AA 00 00 00 00 
"
"2016-11-21 14:09:54ID: BC  Data: 00 00 00 AA 00 00 00 00 
"
"2016-11-21 14:09:54ID: BB  Data: 00 00 00 AA 00 00 00 00 
"
"2016-11-21 14:09:54ID: BC  Data: 00 00 00 AA 00 00 00 00 
"
"2016-11-21 14:09:54ID: BB  Data: 00 00 00 AA 00 00 00 00 
"
"2016-11-21 14:09:54ID: BC  Data: 00 00 00 AA 00 00 00 00 
"
"2016-11-21 14:09:54ID: BB  Data: 00 00 00 AA 00 00 00 00 
"
"2016-11-21 14:09:54ID: BC  Data: 00 00 00 AA 00 00 00 00 
"
"2016-11-21 14:09:54ID: BB  Data: 00 00 00 AA 00 00 00 00 
"
"2016-11-21 14:09:54ID: BC  Data: 00 00 00 AA 00 00 00 00 
"
"2016-11-21 14:09:54ID: BB  Data: 00 00 00 AA 00 00 00 00 
"
"2016-11-21 14:09:54ID: BC  Data: 00 00 00 AA 00 00 00 00 
"
"2016-11-21 14:09:55ID: BB  Data: 00 00 00 AA 00 00 00 00 
"
"2016-11-21 14:09:55ID: BC  Data: 00 00 00 AA 00 00 00 00 
"
"2016-11-21 14:09:55ID: BB  Data: 00 00 00 AA 00 00 00 00 
"
"2016-11-21 14:09:55ID: BC  Data: 00 00 00 AA 00 00 00 00 
"
"2016-11-21 14:09:55ID: BB  Data: 00 00 00 AA 00 00 00 00 
"
"2016-11-21 14:09:55ID: BC  Data: 00 00 00 AA 00 00 00 00 
"
"2016-11-21 14:09:55ID: BB  Data: 00 00 00 AA 00 00 00 00 
"
"2016-11-21 14:09:55ID: BC  Data: 00 00 00 AA 00 00 00 00 
"
"2016-11-21 14:09:55ID: BB  Data: 00 00 00 AA 00 00 00 00 
"
"2016-11-21 14:09:55ID: BC  Data: 00 00 00 AA 00 00 00 00 
"
"2016-11-21 14:09:55ID: BB  Data: 00 00 00 AA 00 00 00 00 
"
"2016-11-21 14:09:55ID: BC  Data: 00 00 00 AA 00 00 00 00 
"
"2016-11-21 14:09:55ID: BB  Data: 00 00 00 AA 00 00 00 00 
"
"2016-11-21 14:09:55ID: BC  Data: 00 00 00 AA 00 00 00 00 
"
"2016-11-21 14:09:55ID: BB  Data: 00 00 00 AA 00 00 00 00 
"
"2016-11-21 14:09:55ID: BC  Data: 00 00 00 AA 00 00 00 00 
"
"2016-11-21 14:09:55ID: BB  Data: 00 00 00 AA 00 00 00 00 
"
"2016-11-21 14:09:55ID: BC  Data: 00 00 00 AA 00 00 00 00 
"
"2016-11-21 14:09:55ID: BB  Data: 00 00 00 AA 00 00 00 00 
"
"2016-11-21 14:09:55ID: BC  Data: 00 00 00 AA 00 00 00 00 
"
"2016-11-21 14:09:55ID: BB  Data: 00 00 00 AA 00 00 00 00 
"
"2016-11-21 14:09:55ID: BC  Data: 00 00 00 AA 00 00 00 00 
"
"2016-11-21 14:09:56ID: BB  Data: 00 00 00 AA 00 00 00 00 
"
"2016-11-21 14:09:56ID: BC  Data: 00 00 00 AA 00 00 00 00 
"
"2016-11-21 14:09:56ID: BB  Data: 00 00 00 AA 00 00 00 00 
"
"2016-11-21 14:09:56ID: BC  Data: 00 00 00 AA 00 00 00 00 
"
"2016-11-21 14:09:56ID: BB  Data: 00 00 00 AA 00 00 00 00 
"
"2016-11-21 14:09:56ID: BC  Data: 00 00 00 AA 00 00 00 00 
"
"2016-11-21 14:09:56ID: BB  Data: 00 00 00 AA 00 00 00 00 
"
"2016-11-21 14:09:56ID: BC  Data: 00 00 00 AA 00 00 00 00 
"
"2016-11-21 14:09:56ID: BB  Data: 00 00 00 AA 00 00 00 00 
"
"2016-11-21 14:09:56ID: BC  Data: 00 00 00 AA 00 00 00 00 
"
"2016-11-21 14:09:56ID: BB  Data: 00 00 00 AA 00 00 00 00 
"
"2016-11-21 14:09:56ID: BC  Data: 00 00 00 AA 00 00 00 00 
"
"2016-11-21 14:09:56ID: BB  Data: 00 00 00 AA 00 00 00 00 
"
"2016-11-21 14:09:56ID: BC  Data: 00 00 00 AA 00 00 00 00 
"
"2016-11-21 14:09:56ID: BB  Data: 00 00 00 AA 00 00 00 00 
"
"2016-11-21 14:09:56ID: BC  Data: 00 00 00 AA 00 00 00 00 
"
"2016-11-21 14:09:56ID: BB  Data: 00 00 00 AA 00 00 00 00 
"
"2016-11-21 14:09:56ID: BC  Data: 00 00 00 AA 00 00 00 00 
"
"2016-11-21 14:09:56ID: BB  Data: 00 00 00 AA 00 00 00 00 
"
"2016-11-21 14:09:56ID: BC  Data: 00 00 00 AA 00 00 00 00 
"
"2016-11-21 14:09:56ID: BB  Data: 00 00 00 AA 00 00 00 00 
"
"2016-11-21 14:09:56ID: BC  Data: 00 00 00 AA 00 00 00 00 
"
"2016-11-21 14:09:57ID: BB  Data: 00 00 00 AA 00 00 00 00 
"
"2016-11-21 14:09:57ID: BC  Data: 00 00 00 AA 00 00 00 00 
"
"2016-11-21 14:09:57ID: BB  Data: 00 00 00 AA 00 00 00 00 
"
"2016-11-21 14:09:57ID: BC  Data: 00 00 00 AA 00 00 00 00 
"
"2016-11-21 14:09:57ID: BB  Data: 00 00 00 AA 00 00 00 00 
"
"2016-11-21 14:09:57ID: BC  Data: 00 00 00 AA 00 00 00 00 
"
"2016-11-21 14:09:57ID: BB  Data: 00 00 00 AA 00 00 00 00 
"
"2016-11-21 14:09:57ID: BC  Data: 00 00 00 AA 00 00 00 00 
"
"2016-11-21 14:09:57ID: BB  Data: 00 00 00 AA 00 00 00 00 
"
"2016-11-21 14:09:57ID: BC  Data: 00 00 00 AA 00 00 00 00 
"
"2016-11-21 14:09:57ID: BB  Data: 00 00 00 AA 00 00 00 00 
"
"2016-11-21 14:09:57ID: BC  Data: 00 00 00 AA 00 00 00 00 
"
"2016-11-21 14:09:57ID: BB  Data: 00 00 00 AA 00 00 00 00 
"
"2016-11-21 14:09:57ID: BC  Data: 00 00 00 AA 00 00 00 00 
"
"2016-11-21 14:09:57ID: BB  Data: 00 00 00 AA 00 00 00 00 
"
"2016-11-21 14:09:57ID: BC  Data: 00 00 00 AA 00 00 00 00 
"
"2016-11-21 14:09:57ID: BB  Data: 00 00 00 AA 00 00 00 00 
"
"2016-11-21 14:09:57ID: BC  Data: 00 00 00 AA 00 00 00 00 
"
"2016-11-21 14:09:57ID: BB  Data: 00 00 00 AA 00 00 00 00 
"
"2016-11-21 14:09:57ID: BC  Data: 00 00 00 AA 00 00 00 00 
"
"2016-11-21 14:09:57ID: BB  Data: 00 00 00 AA 00 00 00 00 
"
"2016-11-21 14:09:57ID: BC  Data: 00 00 00 AA 00 00 00 00 
"
"2016-11-21 14:09:57ID: BB  Data: 00 00 00 AA 00 00 00 00 
"
"2016-11-21 14:09:57ID: BC  Data: 00 00 00 AA 00 00 00 00 
"
"2016-11-21 14:09:58ID: BB  Data: 00 00 00 AA 00 00 00 00 
"
"2016-11-21 14:09:58ID: BC  Data: 00 00 00 AA 00 00 00 00 
"
"2016-11-21 14:09:58ID: BB  Data: 00 00 00 AA 00 00 00 00 
"
"2016-11-21 14:09:58ID: BC  Data: 00 00 00 AA 00 00 00 00 
"
"2016-11-21 14:09:58ID: BB  Data: 00 00 00 AA 00 00 00 00 
"
"2016-11-21 14:09:58ID: BC  Data: 00 00 00 AA 00 00 00 00 
"
"2016-11-21 14:09:58ID: BB  Data: 00 00 00 AA 00 00 00 00 
"
"2016-11-21 14:09:58ID: BC  Data: 00 00 00 AA 00 00 00 00 
"
"2016-11-21 14:09:58ID: BB  Data: 00 00 00 AA 00 00 00 00 
"
"2016-11-21 14:09:58ID: BC  Data: 00 00 00 AA 00 00 00 00 
"
"2016-11-21 14:09:58ID: BB  Data: 00 00 00 AA 00 00 00 00 
"
"2016-11-21 14:09:58ID: BC  Data: 00 00 00 AA 00 00 00 00 
"
"2016-11-21 14:09:58ID: BB  Data: 00 00 00 AA 00 00 00 00 
"
"2016-11-21 14:09:58ID: BC  Data: 00 00 00 AA 00 00 00 00 
"
"2016-11-21 14:09:58ID: BB  Data: 00 00 00 AA 00 00 00 00 
"
"2016-11-21 14:09:58ID: BC  Data: 00 00 00 AA 00 00 00 00 
"
"2016-11-21 14:09:58ID: BB  Data: 00 00 00 AA 00 00 00 00 
"
"2016-11-21 14:09:58ID: BC  Data: 00 00 00 AA 00 00 00 00 
"
"2016-11-21 14:09:58ID: BB  Data: 00 00 00 AA 00 00 00 00 
"
"2016-11-21 14:09:58ID: BC  Data: 00 00 00 AA 00 00 00 00 
"
"2016-11-21 14:09:58ID: BB  Data: 00 00 00 AA 00 00 00 00 
"
"2016-11-21 14:09:58ID: BC  Data: 00 00 00 AA 00 00 00 00 
"
"2016-11-21 14:09:59ID: BB  Data: 00 00 00 AA 00 00 00 00 
"
"2016-11-21 14:09:59ID: BC  Data: 00 00 00 AA 00 00 00 00 
"
"2016-11-21 14:09:59ID: BB  Data: 00 00 00 AA 00 00 00 00 
"
"2016-11-21 14:09:59ID: BC  Data: 00 00 00 AA 00 00 00 00 
"
"2016-11-21 14:09:59ID: BB  Data: 00 00 00 AA 00 00 00 00 
"
"2016-11-21 14:09:59ID: BC  Data: 00 00 00 AA 00 00 00 00 
"
"2016-11-21 14:09:59ID: BB  Data: 00 00 00 AA 00 00 00 00 
"
"2016-11-21 14:09:59ID: BC  Data: 00 00 00 AA 00 00 00 00 
"
"2016-11-21 14:09:59ID: BB  Data: 00 00 00 AA 00 00 00 00 
"
"2016-11-21 14:09:59ID: BC  Data: 00 00 00 AA 00 00 00 00 
"
"2016-11-21 14:09:59ID: BB  Data: 00 00 00 AA 00 00 00 00 
"
"2016-11-21 14:09:59ID: BC  Data: 00 00 00 AA 00 00 00 00 
"
"2016-11-21 14:09:59ID: BB  Data: 00 00 00 AA 00 00 00 00 
"
"2016-11-21 14:09:59ID: BC  Data: 00 00 00 AA 00 00 00 00 
"
"2016-11-21 14:09:59ID: BB  Data: 00 00 00 AA 00 00 00 00 
"
"2016-11-21 14:09:59ID: BC  Data: 00 00 00 AA 00 00 00 00 
"
"2016-11-21 14:09:59ID: BB  Data: 00 00 00 AA 00 00 00 00 
"
"2016-11-21 14:09:59ID: BC  Data: 00 00 00 AA 00 00 00 00 
"
"2016-11-21 14:09:59ID: BB  Data: 00 00 00 AA 00 00 00 00 
"
"2016-11-21 14:09:59ID: BC  Data: 00 00 00 AA 00 00 00 00 
"
"2016-11-21 14:09:59ID: BB  Data: 00 00 00 AA 00 00 00 00 
"
"2016-11-21 14:09:59ID: BC  Data: 00 00 00 AA 00 00 00 00 
"
"2016-11-21 14:09:59ID: BB  Data: 00 00 00 AA 00 00 00 00 
"
"2016-11-21 14:10:00ID: BC  Data: 00 00 00 AA 00 00 00 00 
"
"2016-11-21 14:10:00ID: BB  Data: 00 00 00 AA 00 00 00 00 
"
"2016-11-21 14:10:00ID: BC  Data: 00 00 00 AA 00 00 00 00 
"
"2016-11-21 14:10:00ID: BB  Data: 00 00 00 AA 00 00 00 00 
"
"2016-11-21 14:10:00ID: BC  Data: 00 00 00 AA 00 00 00 00 
"
"2016-11-21 14:10:00ID: BB  Data: 00 00 00 AA 00 00 00 00 
"
"2016-11-21 14:10:00ID: BC  Data: 00 00 00 AA 00 00 00 00 
"
"2016-11-21 14:10:00ID: BB  Data: 00 00 00 AA 00 00 00 00 
"
"2016-11-21 14:10:00ID: BC  Data: 00 00 00 AA 00 00 00 00 
"
"2016-11-21 14:10:00ID: BB  Data: 00 00 00 AA 00 00 00 00 
"
"2016-11-21 14:10:00ID: BC  Data: 00 00 00 AA 00 00 00 00 
"
"2016-11-21 14:10:00ID: BB  Data: 00 00 00 AA 00 00 00 00 
"
"2016-11-21 14:10:00ID: BC  Data: 00 00 00 AA 00 00 00 00 
"
"2016-11-21 14:10:00ID: BB  Data: 00 00 00 AA 00 00 00 00 
"
"2016-11-21 14:10:00ID: BC  Data: 00 00 00 AA 00 00 00 00 
"
"2016-11-21 14:10:00ID: BB  Data: 00 00 00 AA 00 00 00 00 
"
"2016-11-21 14:10:00ID: BC  Data: 00 00 00 AA 00 00 00 00 
"
"2016-11-21 14:10:00ID: BB  Data: 00 00 00 AA 00 00 00 00 
"
"2016-11-21 14:10:00ID: BC  Data: 00 00 00 AA 00 00 00 00 
"
"2016-11-21 14:10:00ID: BB  Data: 00 00 00 AA 00 00 00 00 
"
"2016-11-21 14:10:00ID: BC  Data: 00 00 00 AA 00 00 00 00 
"
"2016-11-21 14:10:00ID: BB  Data: 00 00 00 AA 00 00 00 00 
"
"2016-11-21 14:10:00ID: BC  Data: 00 00 00 AA 00 00 00 00 
"
"2016-11-21 14:10:01ID: BB  Data: 00 00 00 AA 00 00 00 00 
"
"2016-11-21 14:10:01ID: BC  Data: 00 00 00 AA 00 00 00 00 
"
"2016-11-21 14:10:01ID: BB  Data: 00 00 00 AA 00 00 00 00 
"
"2016-11-21 14:10:01ID: BC  Data: 00 00 00 AA 00 00 00 00 
"
"2016-11-21 14:10:01ID: BB  Data: 00 00 00 AA 00 00 00 00 
"
"2016-11-21 14:10:01ID: BC  Data: 00 00 00 AA 00 00 00 00 
"
"2016-11-21 14:10:01ID: BB  Data: 00 00 00 AA 00 00 00 00 
"
"2016-11-21 14:10:01ID: BC  Data: 00 00 00 AA 00 00 00 00 
"
"2016-11-21 14:10:01ID: BB  Data: 00 00 00 AA 00 00 00 00 
"
"2016-11-21 14:10:01ID: BC  Data: 00 00 00 AA 00 00 00 00 
"
"2016-11-21 14:10:01ID: BB  Data: 00 00 00 AA 00 00 00 00 
"
"2016-11-21 14:10:01ID: BC  Data: 00 00 00 AA 00 00 00 00 
"
"2016-11-21 14:10:01ID: BB  Data: 00 00 00 AA 00 00 00 00 
"
"2016-11-21 14:10:01ID: BC  Data: 00 00 00 AA 00 00 00 00 
"
"2016-11-21 14:10:01ID: BB  Data: 00 00 00 AA 00 00 00 00 
"
"2016-11-21 14:10:01ID: BC  Data: 00 00 00 AA 00 00 00 00 
"
"2016-11-21 14:10:01ID: BB  Data: 00 00 00 AA 00 00 00 00 
"
"2016-11-21 14:10:01ID: BC  Data: 00 00 00 AA 00 00 00 00 
"
"2016-11-21 14:10:01ID: BB  Data: 00 00 00 AA 00 00 00 00 
"
"2016-11-21 14:10:01ID: BC  Data: 00 00 00 AA 00 00 00 00 
"
"2016-11-21 14:10:01ID: BB  Data: 00 00 00 AA 00 00 00 00 
"
"2016-11-21 14:10:01ID: BC  Data: 00 00 00 AA 00 00 00 00 
"
"2016-11-21 14:10:02ID: BB  Data: 00 00 00 AA 00 00 00 00 
"
"2016-11-21 14:10:02ID: BC  Data: 00 00 00 AA 00 00 00 00 
"
"2016-11-21 14:10:02ID: BB  Data: 00 00 00 AA 00 00 00 00 
"
"2016-11-21 14:10:02ID: BC  Data: 00 00 00 AA 00 00 00 00 
"
"2016-11-21 14:10:02ID: BB  Data: 00 00 00 AA 00 00 00 00 
"
"2016-11-21 14:10:02ID: BC  Data: 00 00 00 AA 00 00 00 00 
"
"2016-11-21 14:10:02ID: BB  Data: 00 00 00 AA 00 00 00 00 
"
"2016-11-21 14:10:02ID: BC  Data: 00 00 00 AA 00 00 00 00 
"
"2016-11-21 14:10:02ID: BB  Data: 00 00 00 AA 00 00 00 00 
"
"2016-11-21 14:10:02ID: BC  Data: 00 00 00 AA 00 00 00 00 
"
"2016-11-21 14:10:02ID: BB  Data: 00 00 00 AA 00 00 00 00 
"
"2016-11-21 14:10:02ID: BC  Data: 00 00 00 AA 00 00 00 00 
"
"2016-11-21 14:10:02ID: BB  Data: 00 00 00 AA 00 00 00 00 
"
"2016-11-21 14:10:02ID: BC  Data: 00 00 00 AA 00 00 00 00 
"
"2016-11-21 14:10:02ID: BB  Data: 00 00 00 AA 00 00 00 00 
"
"2016-11-21 14:10:02ID: BC  Data: 00 00 00 AA 00 00 00 00 
"
"2016-11-21 14:10:02ID: BB  Data: 00 00 00 AA 00 00 00 00 
"
"2016-11-21 14:10:02ID: BC  Data: 00 00 00 AA 00 00 00 00 
"
"2016-11-21 14:10:02ID: BB  Data: 00 00 00 AA 00 00 00 00 
"
"2016-11-21 14:10:02ID: BC  Data: 00 00 00 AA 00 00 00 00 
"
"2016-11-21 14:10:02ID: BB  Data: 00 00 00 AA 00 00 00 00 
"
"2016-11-21 14:10:02ID: BC  Data: 00 00 00 AA 00 00 00 00 
"
"2016-11-21 14:10:02ID: BB  Data: 00 00 00 AA 00 00 00 00 
"
"2016-11-21 14:10:02ID: BC  Data: 00 00 00 AA 00 00 00 00 
"
"2016-11-21 14:10:03ID: BB  Data: 00 00 00 AA 00 00 00 00 
"
"2016-11-21 14:10:03ID: BC  Data: 00 00 00 AA 00 00 00 00 
"
"2016-11-21 14:10:03ID: BB  Data: 00 00 00 AA 00 00 00 00 
"
"2016-11-21 14:10:03ID: BC  Data: 00 00 00 AA 00 00 00 00 
"
"2016-11-21 14:10:03ID: BB  Data: 00 00 00 AA 00 00 00 00 
"
"2016-11-21 14:10:03ID: BC  Data: 00 00 00 AA 00 00 00 00 
"
"2016-11-21 14:10:03ID: BB  Data: 00 00 00 AA 00 00 00 00 
"
"2016-11-21 14:10:03ID: BC  Data: 00 00 00 AA 00 00 00 00 
"
"2016-11-21 14:10:03ID: BB  Data: 00 00 00 AA 00 00 00 00 
"
"2016-11-21 14:10:03ID: BC  Data: 00 00 00 AA 00 00 00 00 
"
"2016-11-21 14:10:03ID: BB  Data: 00 00 00 AA 00 00 00 00 
"
"2016-11-21 14:10:03ID: BC  Data: 00 00 00 AA 00 00 00 00 
"
"2016-11-21 14:10:03ID: BB  Data: 00 00 00 AA 00 00 00 00 
"
"2016-11-21 14:10:03ID: BC  Data: 00 00 00 AA 00 00 00 00 
"
"2016-11-21 14:10:03ID: BB  Data: 00 00 00 AA 00 00 00 00 
"
"2016-11-21 14:10:03ID: BC  Data: 00 00 00 AA 00 00 00 00 
"
"2016-11-21 14:10:03ID: BB  Data: 00 00 00 AA 00 00 00 00 
"
"2016-11-21 14:10:03ID: BC  Data: 00 00 00 AA 00 00 00 00 
"
"2016-11-21 14:10:03ID: BB  Data: 00 00 00 AA 00 00 00 00 
"
"2016-11-21 14:10:03ID: BC  Data: 00 00 00 AA 00 00 00 00 
"
"2016-11-21 14:10:03ID: BB  Data: 00 00 00 AA 00 00 00 00 
"
"2016-11-21 14:10:03ID: BC  Data: 00 00 00 AA 00 00 00 00 
"
"2016-11-21 14:10:04ID: BB  Data: 00 00 00 AA 00 00 00 00 
"
"2016-11-21 14:10:04ID: BC  Data: 00 00 00 AA 00 00 00 00 
"
"2016-11-21 14:10:04ID: BB  Data: 00 00 00 AA 00 00 00 00 
"
"2016-11-21 14:10:04ID: BC  Data: 00 00 00 AA 00 00 00 00 
"
"2016-11-21 14:10:04ID: BB  Data: 00 00 00 AA 00 00 00 00 
"
"2016-11-21 14:10:04ID: BC  Data: 00 00 00 AA 00 00 00 00 
"
"2016-11-21 14:10:04ID: BB  Data: 00 00 00 AA 00 00 00 00 
"
"2016-11-21 14:10:04ID: BC  Data: 00 00 00 AA 00 00 00 00 
"
"2016-11-21 14:10:04ID: BB  Data: 00 00 00 AA 00 00 00 00 
"
"2016-11-21 14:10:04ID: BC  Data: 00 00 00 AA 00 00 00 00 
"
"2016-11-21 14:10:04ID: BB  Data: 00 00 00 AA 00 00 00 00 
"
"2016-11-21 14:10:04ID: BC  Data: 00 00 00 AA 00 00 00 00 
"
"2016-11-21 14:10:04ID: BB  Data: 00 00 00 AA 00 00 00 00 
"
"2016-11-21 14:10:04ID: BC  Data: 00 00 00 AA 00 00 00 00 
"
"2016-11-21 14:10:04ID: BB  Data: 00 00 00 AA 00 00 00 00 
"
"2016-11-21 14:10:04ID: BC  Data: 00 00 00 AA 00 00 00 00 
"
"2016-11-21 14:10:04ID: BB  Data: 00 00 00 AA 00 00 00 00 
"
"2016-11-21 14:10:04ID: BC  Data: 00 00 00 AA 00 00 00 00 
"
"2016-11-21 14:10:04ID: BB  Data: 00 00 00 AA 00 00 00 00 
"
"2016-11-21 14:10:04ID: BC  Data: 00 00 00 AA 00 00 00 00 
"
"2016-11-21 14:10:04ID: BB  Data: 00 00 00 AA 00 00 00 00 
"
"2016-11-21 14:10:04ID: BC  Data: 00 00 00 AA 00 00 00 00 
"
"2016-11-21 14:10:05ID: BB  Data: 00 00 00 AA 00 00 00 00 
"
"2016-11-21 14:10:05ID: BC  Data: 00 00 00 AA 00 00 00 00 
"
"2016-11-21 14:10:05ID: BB  Data: 00 00 00 AA 00 00 00 00 
"
"2016-11-21 14:10:05ID: BC  Data: 00 00 00 AA 00 00 00 00 
"
"2016-11-21 14:10:05ID: BB  Data: 00 00 00 AA 00 00 00 00 
"
"2016-11-21 14:10:05ID: BC  Data: 00 00 00 AA 00 00 00 00 
"
"2016-11-21 14:10:05ID: BB  Data: 00 00 00 AA 00 00 00 00 
"
"2016-11-21 14:10:05ID: BC  Data: 00 00 00 AA 00 00 00 00 
"
"2016-11-21 14:10:05ID: BB  Data: 00 00 00 AA 00 00 00 00 
"
"2016-11-21 14:10:05ID: BC  Data: 00 00 00 AA 00 00 00 00 
"
"2016-11-21 14:10:05ID: BB  Data: 00 00 00 AA 00 00 00 00 
"
"2016-11-21 14:10:05ID: BC  Data: 00 00 00 AA 00 00 00 00 
"
"2016-11-21 14:10:05ID: BB  Data: 00 00 00 AA 00 00 00 00 
"
"2016-11-21 14:10:05ID: BC  Data: 00 00 00 AA 00 00 00 00 
"
"2016-11-21 14:10:05ID: BB  Data: 00 00 00 AA 00 00 00 00 
"
"2016-11-21 14:10:05ID: BC  Data: 00 00 00 AA 00 00 00 00 
"
"2016-11-21 14:10:05ID: BB  Data: 00 00 00 AA 00 00 00 00 
"
"2016-11-21 14:10:05ID: BC  Data: 00 00 00 AA 00 00 00 00 
"
"2016-11-21 14:10:05ID: BB  Data: 00 00 00 AA 00 00 00 00 
"
"2016-11-21 14:10:05ID: BC  Data: 00 00 00 AA 00 00 00 00 
"
"2016-11-21 14:10:05ID: BB  Data: 00 00 00 AA 00 00 00 00 
"
"2016-11-21 14:10:05ID: BC  Data: 00 00 00 AA 00 00 00 00 
"
"2016-11-21 14:10:05ID: BB  Data: 00 00 00 AA 00 00 00 00 
"
"2016-11-21 14:10:05ID: BC  Data: 00 00 00 AA 00 00 00 00 
"
"2016-11-21 14:10:06ID: BB  Data: 00 00 00 AA 00 00 00 00 
"
"2016-11-21 14:10:06ID: BC  Data: 00 00 00 AA 00 00 00 00 
"
"2016-11-21 14:10:06ID: BB  Data: 00 00 00 AA 00 00 00 00 
"
"2016-11-21 14:10:06ID: BC  Data: 00 00 00 AA 00 00 00 00 
"
"2016-11-21 14:10:06ID: BB  Data: 00 00 00 AA 00 00 00 00 
"
"2016-11-21 14:10:06ID: BC  Data: 00 00 00 AA 00 00 00 00 
"
"2016-11-21 14:10:06ID: BB  Data: 00 00 00 AA 00 00 00 00 
"
"2016-11-21 14:10:06ID: BC  Data: 00 00 00 AA 00 00 00 00 
"
"2016-11-21 14:10:06ID: BB  Data: 00 00 00 AA 00 00 00 00 
"
"2016-11-21 14:10:06ID: BC  Data: 00 00 00 AA 00 00 00 00 
"
"2016-11-21 14:10:06ID: BB  Data: 00 00 00 AA 00 00 00 00 
"
"2016-11-21 14:10:06ID: BC  Data: 00 00 00 AA 00 00 00 00 
"
"2016-11-21 14:10:06ID: BB  Data: 00 00 00 AA 00 00 00 00 
"
"2016-11-21 14:10:06ID: BC  Data: 00 00 00 AA 00 00 00 00 
"
"2016-11-21 14:10:06ID: BB  Data: 00 00 00 AA 00 00 00 00 
"
"2016-11-21 14:10:06ID: BC  Data: 00 00 00 AA 00 00 00 00 
"
"2016-11-21 14:10:06ID: BB  Data: 00 00 00 AA 00 00 00 00 
"
"2016-11-21 14:10:06ID: BC  Data: 00 00 00 AA 00 00 00 00 
"
"2016-11-21 14:10:06ID: BB  Data: 00 00 00 AA 00 00 00 00 
"
"2016-11-21 14:10:06ID: BC  Data: 00 00 00 AA 00 00 00 00 
"
"2016-11-21 14:10:06ID: BB  Data: 00 00 00 AA 00 00 00 00 
"
"2016-11-21 14:10:06ID: BC  Data: 00 00 00 AA 00 00 00 00 
"
"2016-11-21 14:10:07ID: BB  Data: 00 00 00 AA 00 00 00 00 
"
"2016-11-21 14:10:07ID: BC  Data: 00 00 00 AA 00 00 00 00 
"
"2016-11-21 14:10:07ID: BB  Data: 00 00 00 AA 00 00 00 00 
"
"2016-11-21 14:10:07ID: BC  Data: 00 00 00 AA 00 00 00 00 
"
"2016-11-21 14:10:07ID: BB  Data: 00 00 00 AA 00 00 00 00 
"
"2016-11-21 14:10:07ID: BC  Data: 00 00 00 AA 00 00 00 00 
"
"2016-11-21 14:10:07ID: BB  Data: 00 00 00 AA 00 00 00 00 
"
"2016-11-21 14:10:07ID: BC  Data: 00 00 00 AA 00 00 00 00 
"
"2016-11-21 14:10:07ID: BB  Data: 00 00 00 AA 00 00 00 00 
"
"2016-11-21 14:10:07ID: BC  Data: 00 00 00 AA 00 00 00 00 
"
"2016-11-21 14:10:07ID: BB  Data: 00 00 00 AA 00 00 00 00 
"
"2016-11-21 14:10:07ID: BC  Data: 00 00 00 AA 00 00 00 00 
"
"2016-11-21 14:10:07ID: BB  Data: 00 00 00 AA 00 00 00 00 
"
"2016-11-21 14:10:07ID: BC  Data: 00 00 00 AA 00 00 00 00 
"
"2016-11-21 14:10:07ID: BB  Data: 00 00 00 AA 00 00 00 00 
"
"2016-11-21 14:10:07ID: BC  Data: 00 00 00 AA 00 00 00 00 
"
"2016-11-21 14:10:07ID: BB  Data: 00 00 00 AA 00 00 00 00 
"
"2016-11-21 14:10:07ID: BC  Data: 00 00 00 AA 00 00 00 00 
"
"2016-11-21 14:10:07ID: BB  Data: 00 00 00 AA 00 00 00 00 
"
"2016-11-21 14:10:07ID: BC  Data: 00 00 00 AA 00 00 00 00 
"
"2016-11-21 14:10:07ID: BB  Data: 00 00 00 AA 00 00 00 00 
"
"2016-11-21 14:10:07ID: BC  Data: 00 00 00 AA 00 00 00 00 
"
"2016-11-21 14:10:07ID: BB  Data: 00 00 00 AA 00 00 00 00 
"
"2016-11-21 14:10:08ID: BC  Data: 00 00 00 AA 00 00 00 00 
"
"2016-11-21 14:10:08ID: BB  Data: 00 00 00 AA 00 00 00 00 
"
"2016-11-21 14:10:08ID: BC  Data: 00 00 00 AA 00 00 00 00 
"
"2016-11-21 14:10:08ID: BB  Data: 00 00 00 AA 00 00 00 00 
"
"2016-11-21 14:10:08ID: BC  Data: 00 00 00 AA 00 00 00 00 
"
"2016-11-21 14:10:08ID: BB  Data: 00 00 00 AA 00 00 00 00 
"
"2016-11-21 14:10:08ID: BC  Data: 00 00 00 AA 00 00 00 00 
"
"2016-11-21 14:10:08ID: BB  Data: 00 00 00 AA 00 00 00 00 
"
"2016-11-21 14:10:08ID: BC  Data: 00 00 00 AA 00 00 00 00 
"
"2016-11-21 14:10:08ID: BB  Data: 00 00 00 AA 00 00 00 00 
"
"2016-11-21 14:10:08ID: BC  Data: 00 00 00 AA 00 00 00 00 
"
"2016-11-21 14:10:08ID: BB  Data: 00 00 00 AA 00 00 00 00 
"
"2016-11-21 14:10:08ID: BC  Data: 00 00 00 AA 00 00 00 00 
"
"2016-11-21 14:10:08ID: BB  Data: 00 00 00 AA 00 00 00 00 
"
"2016-11-21 14:10:08ID: BC  Data: 00 00 00 AA 00 00 00 00 
"
"2016-11-21 14:10:08ID: BB  Data: 00 00 00 AA 00 00 00 00 
"
"2016-11-21 14:10:08ID: BC  Data: 00 00 00 AA 00 00 00 00 
"
"2016-11-21 14:10:08ID: BB  Data: 00 00 00 AA 00 00 00 00 
"
"2016-11-21 14:10:08ID: BC  Data: 00 00 00 AA 00 00 00 00 
"
"2016-11-21 14:10:08ID: BB  Data: 00 00 00 AA 00 00 00 00 
"
"2016-11-21 14:10:08ID: BC  Data: 00 00 00 AA 00 00 00 00 
"
"2016-11-21 14:10:08ID: BB  Data: 00 00 00 AA 00 00 00 00 
"
"2016-11-21 14:10:08ID: BC  Data: 00 00 00 AA 00 00 00 00 
"
"2016-11-21 14:10:09ID: BB  Data: 00 00 00 AA 00 00 00 00 
"
"2016-11-21 14:10:09ID: BC  Data: 00 00 00 AA 00 00 00 00 
"
"2016-11-21 14:10:09ID: BB  Data: 00 00 00 AA 00 00 00 00 
"
"2016-11-21 14:10:09ID: BC  Data: 00 00 00 AA 00 00 00 00 
"
"2016-11-21 14:10:09ID: BB  Data: 00 00 00 AA 00 00 00 00 
"
"2016-11-21 14:10:09ID: BC  Data: 00 00 00 AA 00 00 00 00 
"
"2016-11-21 14:10:09ID: BB  Data: 00 00 00 AA 00 00 00 00 
"
"2016-11-21 14:10:09ID: BC  Data: 00 00 00 AA 00 00 00 00 
"
"2016-11-21 14:10:09ID: BB  Data: 00 00 00 AA 00 00 00 00 
"
"2016-11-21 14:10:09ID: BC  Data: 00 00 00 AA 00 00 00 00 
"
"2016-11-21 14:10:09ID: BB  Data: 00 00 00 AA 00 00 00 00 
"
"2016-11-21 14:10:09ID: BC  Data: 00 00 00 AA 00 00 00 00 
"
"2016-11-21 14:10:09ID: BB  Data: 00 00 00 AA 00 00 00 00 
"
"2016-11-21 14:10:09ID: BC  Data: 00 00 00 AA 00 00 00 00 
"
"2016-11-21 14:10:09ID: BB  Data: 00 00 00 AA 00 00 00 00 
"
"2016-11-21 14:10:09ID: BC  Data: 00 00 00 AA 00 00 00 00 
"
"2016-11-21 14:10:09ID: BB  Data: 00 00 00 AA 00 00 00 00 
"
"2016-11-21 14:10:09ID: BC  Data: 00 00 00 AA 00 00 00 00 
"
"2016-11-21 14:10:09ID: BB  Data: 00 00 00 AA 00 00 00 00 
"
"2016-11-21 14:10:09ID: BC  Data: 00 00 00 AA 00 00 00 00 
"
"2016-11-21 14:10:09ID: BB  Data: 00 00 00 AA 00 00 00 00 
"
"2016-11-21 14:10:09ID: BC  Data: 00 00 00 AA 00 00 00 00 
"
"2016-11-21 14:10:10ID: BB  Data: 00 00 00 AA 00 00 00 00 
"
"2016-11-21 14:10:10ID: BC  Data: 00 00 00 AA 00 00 00 00 
"
"2016-11-21 14:10:10ID: BB  Data: 00 00 00 AA 00 00 00 00 
"
"2016-11-21 14:10:10ID: BC  Data: 00 00 00 AA 00 00 00 00 
"
"2016-11-21 14:10:10ID: BB  Data: 00 00 00 AA 00 00 00 00 
"
"2016-11-21 14:10:10ID: BC  Data: 00 00 00 AA 00 00 00 00 
"
"2016-11-21 14:10:10ID: BB  Data: 00 00 00 AA 00 00 00 00 
"
"2016-11-21 14:10:10ID: BC  Data: 00 00 00 AA 00 00 00 00 
"
"2016-11-21 14:10:10ID: BB  Data: 00 00 00 AA 00 00 00 00 
"
"2016-11-21 14:10:10ID: BC  Data: 00 00 00 AA 00 00 00 00 
"
"2016-11-21 14:10:10ID: BB  Data: 00 00 00 AA 00 00 00 00 
"
"2016-11-21 14:10:10ID: BC  Data: 00 00 00 AA 00 00 00 00 
"
"2016-11-21 14:10:10ID: BB  Data: 00 00 00 AA 00 00 00 00 
"
"2016-11-21 14:10:10ID: BC  Data: 00 00 00 AA 00 00 00 00 
"
"2016-11-21 14:10:10ID: BB  Data: 00 00 00 AA 00 00 00 00 
"
"2016-11-21 14:10:10ID: BC  Data: 00 00 00 AA 00 00 00 00 
"
"2016-11-21 14:10:10ID: BB  Data: 00 00 00 AA 00 00 00 00 
"
"2016-11-21 14:10:10ID: BC  Data: 00 00 00 AA 00 00 00 00 
"
"2016-11-21 14:10:10ID: BB  Data: 00 00 00 AA 00 00 00 00 
"
"2016-11-21 14:10:10ID: BC  Data: 00 00 00 AA 00 00 00 00 
"
"2016-11-21 14:10:10ID: BB  Data: 00 00 00 AA 00 00 00 00 
"
"2016-11-21 14:10:10ID: BC  Data: 00 00 00 AA 00 00 00 00 
"
"2016-11-21 14:10:10ID: BB  Data: 00 00 00 AA 00 00 00 00 
"
"2016-11-21 14:10:10ID: BC  Data: 00 00 00 AA 00 00 00 00 
"
"2016-11-21 14:10:11ID: BB  Data: 00 00 00 AA 00 00 00 00 
"
"2016-11-21 14:10:11ID: BC  Data: 00 00 00 AA 00 00 00 00 
"
"2016-11-21 14:10:11ID: BB  Data: 00 00 00 AA 00 00 00 00 
"
"2016-11-21 14:10:11ID: BC  Data: 00 00 00 AA 00 00 00 00 
"
"2016-11-21 14:10:11ID: BB  Data: 00 00 00 AA 00 00 00 00 
"
"2016-11-21 14:10:11ID: BC  Data: 00 00 00 AA 00 00 00 00 
"
"2016-11-21 14:10:11ID: BB  Data: 00 00 00 AA 00 00 00 00 
"
"2016-11-21 14:10:11ID: BC  Data: 00 00 00 AA 00 00 00 00 
"
"2016-11-21 14:10:11ID: BB  Data: 00 00 00 AA 00 00 00 00 
"
"2016-11-21 14:10:11ID: BC  Data: 00 00 00 AA 00 00 00 00 
"
"2016-11-21 14:10:11ID: BB  Data: 00 00 00 AA 00 00 00 00 
"
"2016-11-21 14:10:11ID: BC  Data: 00 00 00 AA 00 00 00 00 
"
"2016-11-21 14:10:11ID: BB  Data: 00 00 00 AA 00 00 00 00 
"
"2016-11-21 14:10:11ID: BC  Data: 00 00 00 AA 00 00 00 00 
"
"2016-11-21 14:10:11ID: BB  Data: 00 00 00 AA 00 00 00 00 
"
"2016-11-21 14:10:11ID: BC  Data: 00 00 00 AA 00 00 00 00 
"
"2016-11-21 14:10:11ID: BB  Data: 00 00 00 AA 00 00 00 00 
"
"2016-11-21 14:10:11ID: BC  Data: 00 00 00 AA 00 00 00 00 
"
"2016-11-21 14:10:11ID: BB  Data: 00 00 00 AA 00 00 00 00 
"
"2016-11-21 14:10:11ID: BC  Data: 00 00 00 AA 00 00 00 00 
"
"2016-11-21 14:10:11ID: BB  Data: 00 00 00 AA 00 00 00 00 
"
"2016-11-21 14:10:11ID: BC  Data: 00 00 00 AA 00 00 00 00 
"
"2016-11-21 14:10:12ID: BB  Data: 00 00 00 AA 00 00 00 00 
"
"2016-11-21 14:10:12ID: BC  Data: 00 00 00 AA 00 00 00 00 
"
"2016-11-21 14:10:12ID: BB  Data: 00 00 00 AA 00 00 00 00 
"
"2016-11-21 14:10:12ID: BC  Data: 00 00 00 AA 00 00 00 00 
"
"2016-11-21 14:10:12ID: BB  Data: 00 00 00 AA 00 00 00 00 
"
"2016-11-21 14:10:12ID: BC  Data: 00 00 00 AA 00 00 00 00 
"
"2016-11-21 14:10:12ID: BB  Data: 00 00 00 AA 00 00 00 00 
"
"2016-11-21 14:10:12ID: BC  Data: 00 00 00 AA 00 00 00 00 
"
"2016-11-21 14:10:12ID: BB  Data: 00 00 00 AA 00 00 00 00 
"
"2016-11-21 14:10:12ID: BC  Data: 00 00 00 AA 00 00 00 00 
"
"2016-11-21 14:10:12ID: BB  Data: 00 00 00 AA 00 00 00 00 
"
"2016-11-21 14:10:12ID: BC  Data: 00 00 00 AA 00 00 00 00 
"
"2016-11-21 14:10:12ID: BB  Data: 00 00 00 AA 00 00 00 00 
"
"2016-11-21 14:10:12ID: BC  Data: 00 00 00 AA 00 00 00 00 
"
"2016-11-21 14:10:12ID: BB  Data: 00 00 00 AA 00 00 00 00 
"
"2016-11-21 14:10:12ID: BC  Data: 00 00 00 AA 00 00 00 00 
"
"2016-11-21 14:10:12ID: BB  Data: 00 00 00 AA 00 00 00 00 
"
"2016-11-21 14:10:12ID: BC  Data: 00 00 00 AA 00 00 00 00 
"
"2016-11-21 14:10:12ID: BB  Data: 00 00 00 AA 00 00 00 00 
"
"2016-11-21 14:10:12ID: BC  Data: 00 00 00 AA 00 00 00 00 
"
"2016-11-21 14:10:12ID: BB  Data: 00 00 00 AA 00 00 00 00 
"
"2016-11-21 14:10:12ID: BC  Data: 00 00 00 AA 00 00 00 00 
"
"2016-11-21 14:10:13ID: BB  Data: 00 00 00 AA 00 00 00 00 
"
"2016-11-21 14:10:13ID: BC  Data: 00 00 00 AA 00 00 00 00 
"
"2016-11-21 14:10:13ID: BB  Data: 00 00 00 AA 00 00 00 00 
"
"2016-11-21 14:10:13ID: BC  Data: 00 00 00 AA 00 00 00 00 
"
"2016-11-21 14:10:13ID: BB  Data: 00 00 00 AA 00 00 00 00 
"
"2016-11-21 14:10:13ID: BC  Data: 00 00 00 AA 00 00 00 00 
"
"2016-11-21 14:10:13ID: BB  Data: 00 00 00 AA 00 00 00 00 
"
"2016-11-21 14:10:13ID: BC  Data: 00 00 00 AA 00 00 00 00 
"
"2016-11-21 14:10:13ID: BB  Data: 00 00 00 AA 00 00 00 00 
"
"2016-11-21 14:10:13ID: BC  Data: 00 00 00 AA 00 00 00 00 
"
"2016-11-21 14:10:13ID: BB  Data: 00 00 00 AA 00 00 00 00 
"
"2016-11-21 14:10:13ID: BC  Data: 00 00 00 AA 00 00 00 00 
"
"2016-11-21 14:10:13ID: BB  Data: 00 00 00 AA 00 00 00 00 
"
"2016-11-21 14:10:13ID: BC  Data: 00 00 00 AA 00 00 00 00 
"
"2016-11-21 14:10:13ID: BB  Data: 00 00 00 AA 00 00 00 00 
"
"2016-11-21 14:10:13ID: BC  Data: 00 00 00 AA 00 00 00 00 
"
"2016-11-21 14:10:13ID: BB  Data: 00 00 00 AA 00 00 00 00 
"
"2016-11-21 14:10:13ID: BC  Data: 00 00 00 AA 00 00 00 00 
"
"2016-11-21 14:10:13ID: BB  Data: 00 00 00 AA 00 00 00 00 
"
"2016-11-21 14:10:13ID: BC  Data: 00 00 00 AA 00 00 00 00 
"
"2016-11-21 14:10:13ID: BB  Data: 00 00 00 AA 00 00 00 00 
"
"2016-11-21 14:10:13ID: BC  Data: 00 00 00 AA 00 00 00 00 
"
"2016-11-21 14:10:13ID: BB  Data: 00 00 00 AA 00 00 00 00 
"
"2016-11-21 14:10:13ID: BC  Data: 00 00 00 AA 00 00 00 00 
"
"2016-11-21 14:10:14ID: BB  Data: 00 00 00 AA 00 00 00 00 
"
"2016-11-21 14:10:14ID: BC  Data: 00 00 00 AA 00 00 00 00 
"
"2016-11-21 14:10:14ID: BB  Data: 00 00 00 AA 00 00 00 00 
"
"2016-11-21 14:10:14ID: BC  Data: 00 00 00 AA 00 00 00 00 
"
"2016-11-21 14:10:14ID: BB  Data: 00 00 00 AA 00 00 00 00 
"
"2016-11-21 14:10:14ID: BC  Data: 00 00 00 AA 00 00 00 00 
"
"2016-11-21 14:10:14ID: BB  Data: 00 00 00 AA 00 00 00 00 
"
"2016-11-21 14:10:14ID: BC  Data: 00 00 00 AA 00 00 00 00 
"
"2016-11-21 14:10:14ID: BB  Data: 00 00 00 AA 00 00 00 00 
"
"2016-11-21 14:10:14ID: BC  Data: 00 00 00 AA 00 00 00 00 
"
"2016-11-21 14:10:14ID: BB  Data: 00 00 00 AA 00 00 00 00 
"
"2016-11-21 14:10:14ID: BC  Data: 00 00 00 AA 00 00 00 00 
"
"2016-11-21 14:10:14ID: BB  Data: 00 00 00 AA 00 00 00 00 
"
"2016-11-21 14:10:14ID: BC  Data: 00 00 00 AA 00 00 00 00 
"
"2016-11-21 14:10:14ID: BB  Data: 00 00 00 AA 00 00 00 00 
"
"2016-11-21 14:10:14ID: BC  Data: 00 00 00 AA 00 00 00 00 
"
"2016-11-21 14:10:14ID: BB  Data: 00 00 00 AA 00 00 00 00 
"
"2016-11-21 14:10:14ID: BC  Data: 00 00 00 AA 00 00 00 00 
"
"2016-11-21 14:10:14ID: BB  Data: 00 00 00 AA 00 00 00 00 
"
"2016-11-21 14:10:14ID: BC  Data: 00 00 00 AA 00 00 00 00 
"
"2016-11-21 14:10:14ID: BB  Data: 00 00 00 AA 00 00 00 00 
"
"2016-11-21 14:10:14ID: BC  Data: 00 00 00 AA 00 00 00 00 
"
"2016-11-21 14:10:15ID: BB  Data: 00 00 00 AA 00 00 00 00 
"
"2016-11-21 14:10:15ID: BC  Data: 00 00 00 AA 00 00 00 00 
"
"2016-11-21 14:10:15ID: BB  Data: 00 00 00 AA 00 00 00 00 
"
"2016-11-21 14:10:15ID: BC  Data: 00 00 00 AA 00 00 00 00 
"
"2016-11-21 14:10:15ID: BB  Data: 00 00 00 AA 00 00 00 00 
"
"2016-11-21 14:10:15ID: BC  Data: 00 00 00 AA 00 00 00 00 
"
"2016-11-21 14:10:15ID: BB  Data: 00 00 00 AA 00 00 00 00 
"
"2016-11-21 14:10:15ID: BC  Data: 00 00 00 AA 00 00 00 00 
"
"2016-11-21 14:10:15ID: BB  Data: 00 00 00 AA 00 00 00 00 
"
"2016-11-21 14:10:15ID: BC  Data: 00 00 00 AA 00 00 00 00 
"
"2016-11-21 14:10:15ID: BB  Data: 00 00 00 AA 00 00 00 00 
"
"2016-11-21 14:10:15ID: BC  Data: 00 00 00 AA 00 00 00 00 
"
"2016-11-21 14:10:15ID: BB  Data: 00 00 00 AA 00 00 00 00 
"
"2016-11-21 14:10:15ID: BC  Data: 00 00 00 AA 00 00 00 00 
"
"2016-11-21 14:10:15ID: BB  Data: 00 00 00 AA 00 00 00 00 
"
"2016-11-21 14:10:15ID: BC  Data: 00 00 00 AA 00 00 00 00 
"
"2016-11-21 14:10:15ID: BB  Data: 00 00 00 AA 00 00 00 00 
"
"2016-11-21 14:10:15ID: BC  Data: 00 00 00 AA 00 00 00 00 
"
"2016-11-21 14:10:15ID: BB  Data: 00 00 00 AA 00 00 00 00 
"
"2016-11-21 14:10:15ID: BC  Data: 00 00 00 AA 00 00 00 00 
"
"2016-11-21 14:10:15ID: BB  Data: 00 00 00 AA 00 00 00 00 
"
"2016-11-21 14:10:15ID: BC  Data: 00 00 00 AA 00 00 00 00 
"
"2016-11-21 14:10:16ID: BB  Data: 00 00 00 AA 00 00 00 00 
"
"2016-11-21 14:10:16ID: BC  Data: 00 00 00 AA 00 00 00 00 
"
"2016-11-21 14:10:16ID: BB  Data: 00 00 00 AA 00 00 00 00 
"
"2016-11-21 14:10:16ID: BC  Data: 00 00 00 AA 00 00 00 00 
"
"2016-11-21 14:10:16ID: BB  Data: 00 00 00 AA 00 00 00 00 
"
"2016-11-21 14:10:16ID: BC  Data: 00 00 00 AA 00 00 00 00 
"
"2016-11-21 14:10:16ID: BB  Data: 00 00 00 AA 00 00 00 00 
"
"2016-11-21 14:10:16ID: BC  Data: 00 00 00 AA 00 00 00 00 
"
"2016-11-21 14:10:16ID: BB  Data: 00 00 00 AA 00 00 00 00 
"
"2016-11-21 14:10:16ID: BC  Data: 00 00 00 AA 00 00 00 00 
"
"2016-11-21 14:10:16ID: BB  Data: 00 00 00 AA 00 00 00 00 
"
"2016-11-21 14:10:16ID: BC  Data: 00 00 00 AA 00 00 00 00 
"
"2016-11-21 14:10:16ID: BB  Data: 00 00 00 AA 00 00 00 00 
"
"2016-11-21 14:10:16ID: BC  Data: 00 00 00 AA 00 00 00 00 
"
"2016-11-21 14:10:16ID: BB  Data: 00 00 00 AA 00 00 00 00 
"
"2016-11-21 14:10:16ID: BC  Data: 00 00 00 AA 00 00 00 00 
"
"2016-11-21 14:10:16ID: BB  Data: 00 00 00 AA 00 00 00 00 
"
"2016-11-21 14:10:16ID: BC  Data: 00 00 00 AA 00 00 00 00 
"
"2016-11-21 14:10:16ID: BB  Data: 00 00 00 AA 00 00 00 00 
"
"2016-11-21 14:10:16ID: BC  Data: 00 00 00 AA 00 00 00 00 
"
"2016-11-21 14:10:16ID: BB  Data: 00 00 00 AA 00 00 00 00 
"
"2016-11-21 14:10:16ID: BC  Data: 00 00 00 AA 00 00 00 00 
"
"2016-11-21 14:10:16ID: BB  Data: 00 00 00 AA 00 00 00 00 
"
"2016-11-21 14:10:16ID: BC  Data: 00 00 00 AA 00 00 00 00 
"
"2016-11-21 14:10:17ID: BB  Data: 00 00 00 AA 00 00 00 00 
"
"2016-11-21 14:10:17ID: BC  Data: 00 00 00 AA 00 00 00 00 
"
"2016-11-21 14:10:17ID: BB  Data: 00 00 00 AA 00 00 00 00 
"
"2016-11-21 14:10:17ID: BC  Data: 00 00 00 AA 00 00 00 00 
"
"2016-11-21 14:10:17ID: BB  Data: 00 00 00 AA 00 00 00 00 
"
"2016-11-21 14:10:17ID: BC  Data: 00 00 00 AA 00 00 00 00 
"
"2016-11-21 14:10:17ID: BB  Data: 00 00 00 AA 00 00 00 00 
"
"2016-11-21 14:10:17ID: BC  Data: 00 00 00 AA 00 00 00 00 
"
"2016-11-21 14:10:17ID: BB  Data: 00 00 00 AA 00 00 00 00 
"
"2016-11-21 14:10:17ID: BC  Data: 00 00 00 AA 00 00 00 00 
"
"2016-11-21 14:10:17ID: BB  Data: 00 00 00 AA 00 00 00 00 
"
"2016-11-21 14:10:17ID: BC  Data: 00 00 00 AA 00 00 00 00 
"
"2016-11-21 14:10:17ID: BB  Data: 00 00 00 AA 00 00 00 00 
"
"2016-11-21 14:10:17ID: BC  Data: 00 00 00 AA 00 00 00 00 
"
"2016-11-21 14:10:17ID: BB  Data: 00 00 00 AA 00 00 00 00 
"
"2016-11-21 14:10:17ID: BC  Data: 00 00 00 AA 00 00 00 00 
"
"2016-11-21 14:10:17ID: BB  Data: 00 00 00 AA 00 00 00 00 
"
"2016-11-21 14:10:17ID: BC  Data: 00 00 00 AA 00 00 00 00 
"
"2016-11-21 14:10:17ID: BB  Data: 00 00 00 AA 00 00 00 00 
"
"2016-11-21 14:10:17ID: BC  Data: 00 00 00 AA 00 00 00 00 
"
"2016-11-21 14:10:17ID: BB  Data: 00 00 00 AA 00 00 00 00 
"
"2016-11-21 14:10:17ID: BC  Data: 00 00 00 AA 00 00 00 00 
"
"2016-11-21 14:10:18ID: BB  Data: 00 00 00 AA 00 00 00 00 
"
"2016-11-21 14:10:18ID: BC  Data: 00 00 00 AA 00 00 00 00 
"
"2016-11-21 14:10:18ID: BB  Data: 00 00 00 AA 00 00 00 00 
"
"2016-11-21 14:10:18ID: BC  Data: 00 00 00 AA 00 00 00 00 
"
"2016-11-21 14:10:18ID: BB  Data: 00 00 00 AA 00 00 00 00 
"
"2016-11-21 14:10:18ID: BC  Data: 00 00 00 AA 00 00 00 00 
"
"2016-11-21 14:10:18ID: BB  Data: 00 00 00 AA 00 00 00 00 
"
"2016-11-21 14:10:18ID: BC  Data: 00 00 00 AA 00 00 00 00 
"
"2016-11-21 14:10:18ID: BB  Data: 00 00 00 AA 00 00 00 00 
"
"2016-11-21 14:10:18ID: BC  Data: 00 00 00 AA 00 00 00 00 
"
"2016-11-21 14:10:18ID: BB  Data: 00 00 00 AA 00 00 00 00 
"
"2016-11-21 14:10:18ID: BC  Data: 00 00 00 AA 00 00 00 00 
"
"2016-11-21 14:10:18ID: BB  Data: 00 00 00 AA 00 00 00 00 
"
"2016-11-21 14:10:18ID: BC  Data: 00 00 00 AA 00 00 00 00 
"
"2016-11-21 14:10:18ID: BB  Data: 00 00 00 AA 00 00 00 00 
"
"2016-11-21 14:10:18ID: BC  Data: 00 00 00 AA 00 00 00 00 
"
"2016-11-21 14:10:18ID: BB  Data: 00 00 00 AA 00 00 00 00 
"
"2016-11-21 14:10:18ID: BC  Data: 00 00 00 AA 00 00 00 00 
"
"2016-11-21 14:10:18ID: BB  Data: 00 00 00 AA 00 00 00 00 
"
"2016-11-21 14:10:18ID: BC  Data: 00 00 00 AA 00 00 00 00 
"
"2016-11-21 14:10:18ID: BB  Data: 00 00 00 AA 00 00 00 00 
"
"2016-11-21 14:10:18ID: BC  Data: 00 00 00 AA 00 00 00 00 
"
"2016-11-21 14:10:18ID: BB  Data: 00 00 00 AA 00 00 00 00 
"
"2016-11-21 14:10:19ID: BC  Data: 00 00 00 AA 00 00 00 00 
"
"2016-11-21 14:10:19ID: BB  Data: 00 00 00 AA 00 00 00 00 
"
"2016-11-21 14:10:19ID: BC  Data: 00 00 00 AA 00 00 00 00 
"
"2016-11-21 14:10:19ID: BB  Data: 00 00 00 AA 00 00 00 00 
"
"2016-11-21 14:10:19ID: BC  Data: 00 00 00 AA 00 00 00 00 
"
"2016-11-21 14:10:19ID: BB  Data: 00 00 00 AA 00 00 00 00 
"
"2016-11-21 14:10:19ID: BC  Data: 00 00 00 AA 00 00 00 00 
"
"2016-11-21 14:10:19ID: BB  Data: 00 00 00 AA 00 00 00 00 
"
"2016-11-21 14:10:19ID: BC  Data: 00 00 00 AA 00 00 00 00 
"
"2016-11-21 14:10:19ID: BB  Data: 00 00 00 AA 00 00 00 00 
"
"2016-11-21 14:10:19ID: BC  Data: 00 00 00 AA 00 00 00 00 
"
"2016-11-21 14:10:19ID: BB  Data: 00 00 00 AA 00 00 00 00 
"
"2016-11-21 14:10:19ID: BC  Data: 00 00 00 AA 00 00 00 00 
"
"2016-11-21 14:10:19ID: BB  Data: 00 00 00 AA 00 00 00 00 
"
"2016-11-21 14:10:19ID: BC  Data: 00 00 00 AA 00 00 00 00 
"
"2016-11-21 14:10:19ID: BB  Data: 00 00 00 AA 00 00 00 00 
"
"2016-11-21 14:10:19ID: BC  Data: 00 00 00 AA 00 00 00 00 
"
"2016-11-21 14:10:19ID: BB  Data: 00 00 00 AA 00 00 00 00 
"
"2016-11-21 14:10:19ID: BC  Data: 00 00 00 AA 00 00 00 00 
"
"2016-11-21 14:10:19ID: BB  Data: 00 00 00 AA 00 00 00 00 
"
"2016-11-21 14:10:19ID: BC  Data: 00 00 00 AA 00 00 00 00 
"
"2016-11-21 14:10:19ID: BB  Data: 00 00 00 AA 00 00 00 00 
"
"2016-11-21 14:10:19ID: BC  Data: 00 00 00 AA 00 00 00 00 
"
"2016-11-21 14:10:20ID: BB  Data: 00 00 00 AA 00 00 00 00 
"
"2016-11-21 14:10:20ID: BC  Data: 00 00 00 AA 00 00 00 00 
"
"2016-11-21 14:10:20ID: BB  Data: 00 00 00 AA 00 00 00 00 
"
"2016-11-21 14:10:20ID: BC  Data: 00 00 00 AA 00 00 00 00 
"
"2016-11-21 14:10:20ID: BB  Data: 00 00 00 AA 00 00 00 00 
"
"2016-11-21 14:10:20ID: BC  Data: 00 00 00 AA 00 00 00 00 
"
"2016-11-21 14:10:20ID: BB  Data: 00 00 00 AA 00 00 00 00 
"
"2016-11-21 14:10:20ID: BC  Data: 00 00 00 AA 00 00 00 00 
"
"2016-11-21 14:10:20ID: BB  Data: 00 00 00 AA 00 00 00 00 
"
"2016-11-21 14:10:20ID: BC  Data: 00 00 00 AA 00 00 00 00 
"
"2016-11-21 14:10:20ID: BB  Data: 00 00 00 AA 00 00 00 00 
"
"2016-11-21 14:10:20ID: BC  Data: 00 00 00 AA 00 00 00 00 
"
"2016-11-21 14:10:20ID: BB  Data: 00 00 00 AA 00 00 00 00 
"
"2016-11-21 14:10:20ID: BC  Data: 00 00 00 AA 00 00 00 00 
"
"2016-11-21 14:10:20ID: BB  Data: 00 00 00 AA 00 00 00 00 
"
"2016-11-21 14:10:20ID: BC  Data: 00 00 00 AA 00 00 00 00 
"
"2016-11-21 14:10:20ID: BB  Data: 00 00 00 AA 00 00 00 00 
"
"2016-11-21 14:10:20ID: BC  Data: 00 00 00 AA 00 00 00 00 
"
"2016-11-21 14:10:20ID: BB  Data: 00 00 00 AA 00 00 00 00 
"
"2016-11-21 14:10:20ID: BC  Data: 00 00 00 AA 00 00 00 00 
"
"2016-11-21 14:10:20ID: BB  Data: 00 00 00 AA 00 00 00 00 
"
"2016-11-21 14:10:20ID: BC  Data: 00 00 00 AA 00 00 00 00 
"
"2016-11-21 14:10:21ID: BB  Data: 00 00 00 AA 00 00 00 00 
"
"2016-11-21 14:10:21ID: BC  Data: 00 00 00 AA 00 00 00 00 
"
"2016-11-21 14:10:21ID: BB  Data: 00 00 00 AA 00 00 00 00 
"
"2016-11-21 14:10:21ID: BC  Data: 00 00 00 AA 00 00 00 00 
"
"2016-11-21 14:10:21ID: BB  Data: 00 00 00 AA 00 00 00 00 
"
"2016-11-21 14:10:21ID: BC  Data: 00 00 00 AA 00 00 00 00 
"
"2016-11-21 14:10:21ID: BB  Data: 00 00 00 AA 00 00 00 00 
"
"2016-11-21 14:10:21ID: BC  Data: 00 00 00 AA 00 00 00 00 
"
"2016-11-21 14:10:21ID: BB  Data: 00 00 00 AA 00 00 00 00 
"
"2016-11-21 14:10:21ID: BC  Data: 00 00 00 AA 00 00 00 00 
"
"2016-11-21 14:10:21ID: BB  Data: 00 00 00 AA 00 00 00 00 
"
"2016-11-21 14:10:21ID: BC  Data: 00 00 00 AA 00 00 00 00 
"
"2016-11-21 14:10:21ID: BB  Data: 00 00 00 AA 00 00 00 00 
"
"2016-11-21 14:10:21ID: BC  Data: 00 00 00 AA 00 00 00 00 
"
"2016-11-21 14:10:21ID: BB  Data: 00 00 00 AA 00 00 00 00 
"
"2016-11-21 14:10:21ID: BC  Data: 00 00 00 AA 00 00 00 00 
"
"2016-11-21 14:10:21ID: BB  Data: 00 00 00 AA 00 00 00 00 
"
"2016-11-21 14:10:21ID: BC  Data: 00 00 00 AA 00 00 00 00 
"
"2016-11-21 14:10:21ID: BB  Data: 00 00 00 AA 00 00 00 00 
"
"2016-11-21 14:10:21ID: BC  Data: 00 00 00 AA 00 00 00 00 
"
"2016-11-21 14:10:21ID: BB  Data: 00 00 00 AA 00 00 00 00 
"
"2016-11-21 14:10:21ID: BC  Data: 00 00 00 AA 00 00 00 00 
"
"2016-11-21 14:10:21ID: BB  Data: 00 00 00 AA 00 00 00 00 
"
"2016-11-21 14:10:21ID: BC  Data: 00 00 00 AA 00 00 00 00 
"
"2016-11-21 14:10:22ID: BB  Data: 00 00 00 AA 00 00 00 00 
"
"2016-11-21 14:10:22ID: BC  Data: 00 00 00 AA 00 00 00 00 
"
"2016-11-21 14:10:22ID: BB  Data: 00 00 00 AA 00 00 00 00 
"
"2016-11-21 14:10:22ID: BC  Data: 00 00 00 AA 00 00 00 00 
"
"2016-11-21 14:10:22ID: BB  Data: 00 00 00 AA 00 00 00 00 
"
"2016-11-21 14:10:22ID: BC  Data: 00 00 00 AA 00 00 00 00 
"
"2016-11-21 14:10:22ID: BB  Data: 00 00 00 AA 00 00 00 00 
"
"2016-11-21 14:10:22ID: BC  Data: 00 00 00 AA 00 00 00 00 
"
"2016-11-21 14:10:22ID: BB  Data: 00 00 00 AA 00 00 00 00 
"
"2016-11-21 14:10:22ID: BC  Data: 00 00 00 AA 00 00 00 00 
"
"2016-11-21 14:10:22ID: BB  Data: 00 00 00 AA 00 00 00 00 
"
"2016-11-21 14:10:22ID: BC  Data: 00 00 00 AA 00 00 00 00 
"
"2016-11-21 14:10:22ID: BB  Data: 00 00 00 AA 00 00 00 00 
"
"2016-11-21 14:10:22ID: BC  Data: 00 00 00 AA 00 00 00 00 
"
"2016-11-21 14:10:22ID: BB  Data: 00 00 00 AA 00 00 00 00 
"
"2016-11-21 14:10:22ID: BC  Data: 00 00 00 AA 00 00 00 00 
"
"2016-11-21 14:10:22ID: BB  Data: 00 00 00 AA 00 00 00 00 
"
"2016-11-21 14:10:22ID: BC  Data: 00 00 00 AA 00 00 00 00 
"
"2016-11-21 14:10:22ID: BB  Data: 00 00 00 AA 00 00 00 00 
"
"2016-11-21 14:10:22ID: BC  Data: 00 00 00 AA 00 00 00 00 
"
"2016-11-21 14:10:22ID: BB  Data: 00 00 00 AA 00 00 00 00 
"
"2016-11-21 14:10:22ID: BC  Data: 00 00 00 AA 00 00 00 00 
"
"2016-11-21 14:10:23ID: BB  Data: 00 00 00 AA 00 00 00 00 
"
"2016-11-21 14:10:23ID: BC  Data: 00 00 00 AA 00 00 00 00 
"
"2016-11-21 14:10:23ID: BB  Data: 00 00 00 AA 00 00 00 00 
"
"2016-11-21 14:10:23ID: BC  Data: 00 00 00 AA 00 00 00 00 
"
"2016-11-21 14:10:23ID: BB  Data: 00 00 00 AA 00 00 00 00 
"
"2016-11-21 14:10:23ID: BC  Data: 00 00 00 AA 00 00 00 00 
"
"2016-11-21 14:10:23ID: BB  Data: 00 00 00 AA 00 00 00 00 
"
"2016-11-21 14:10:23ID: BC  Data: 00 00 00 AA 00 00 00 00 
"
"2016-11-21 14:10:23ID: BB  Data: 00 00 00 AA 00 00 00 00 
"
"2016-11-21 14:10:23ID: BC  Data: 00 00 00 AA 00 00 00 00 
"
"2016-11-21 14:10:23ID: BB  Data: 00 00 00 AA 00 00 00 00 
"
"2016-11-21 14:10:23ID: BC  Data: 00 00 00 AA 00 00 00 00 
"
"2016-11-21 14:10:23ID: BB  Data: 00 00 00 AA 00 00 00 00 
"
"2016-11-21 14:10:23ID: BC  Data: 00 00 00 AA 00 00 00 00 
"
"2016-11-21 14:10:23ID: BB  Data: 00 00 00 AA 00 00 00 00 
"
"2016-11-21 14:10:23ID: BC  Data: 00 00 00 AA 00 00 00 00 
"
"2016-11-21 14:10:23ID: BB  Data: 00 00 00 AA 00 00 00 00 
"
"2016-11-21 14:10:23ID: BC  Data: 00 00 00 AA 00 00 00 00 
"
"2016-11-21 14:10:23ID: BB  Data: 00 00 00 AA 00 00 00 00 
"
"2016-11-21 14:10:23ID: BC  Data: 00 00 00 AA 00 00 00 00 
"
"2016-11-21 14:10:23ID: BB  Data: 00 00 00 AA 00 00 00 00 
"
"2016-11-21 14:10:23ID: BC  Data: 00 00 00 AA 00 00 00 00 
"
"2016-11-21 14:10:24ID: BB  Data: 00 00 00 AA 00 00 00 00 
"
"2016-11-21 14:10:24ID: BC  Data: 00 00 00 AA 00 00 00 00 
"
"2016-11-21 14:10:24ID: BB  Data: 00 00 00 AA 00 00 00 00 
"
"2016-11-21 14:10:24ID: BC  Data: 00 00 00 AA 00 00 00 00 
"
"2016-11-21 14:10:24ID: BB  Data: 00 00 00 AA 00 00 00 00 
"
"2016-11-21 14:10:24ID: BC  Data: 00 00 00 AA 00 00 00 00 
"
"2016-11-21 14:10:24ID: BB  Data: 00 00 00 AA 00 00 00 00 
"
"2016-11-21 14:10:24ID: BC  Data: 00 00 00 AA 00 00 00 00 
"
"2016-11-21 14:10:24ID: BB  Data: 00 00 00 AA 00 00 00 00 
"
"2016-11-21 14:10:24ID: BC  Data: 00 00 00 AA 00 00 00 00 
"
"2016-11-21 14:10:24ID: BB  Data: 00 00 00 AA 00 00 00 00 
"
"2016-11-21 14:10:24ID: BC  Data: 00 00 00 AA 00 00 00 00 
"
"2016-11-21 14:10:24ID: BB  Data: 00 00 00 AA 00 00 00 00 
"
"2016-11-21 14:10:24ID: BC  Data: 00 00 00 AA 00 00 00 00 
"
"2016-11-21 14:10:24ID: BB  Data: 00 00 00 AA 00 00 00 00 
"
"2016-11-21 14:10:24ID: BC  Data: 00 00 00 AA 00 00 00 00 
"
"2016-11-21 14:10:24ID: BB  Data: 00 00 00 AA 00 00 00 00 
"
"2016-11-21 14:10:24ID: BC  Data: 00 00 00 AA 00 00 00 00 
"
"2016-11-21 14:10:24ID: BB  Data: 00 00 00 AA 00 00 00 00 
"
"2016-11-21 14:10:24ID: BC  Data: 00 00 00 AA 00 00 00 00 
"
"2016-11-21 14:10:24ID: BB  Data: 00 00 00 AA 00 00 00 00 
"
"2016-11-21 14:10:24ID: BC  Data: 00 00 00 AA 00 00 00 00 
"
"2016-11-21 14:10:24ID: BB  Data: 00 00 00 AA 00 00 00 00 
"
"2016-11-21 14:10:24ID: BC  Data: 00 00 00 AA 00 00 00 00 
"
"2016-11-21 14:10:25ID: BB  Data: 00 00 00 AA 00 00 00 00 
"
"2016-11-21 14:10:25ID: BC  Data: 00 00 00 AA 00 00 00 00 
"
"2016-11-21 14:10:25ID: BB  Data: 00 00 00 AA 00 00 00 00 
"
"2016-11-21 14:10:25ID: BC  Data: 00 00 00 AA 00 00 00 00 
"
"2016-11-21 14:10:25ID: BB  Data: 00 00 00 AA 00 00 00 00 
"
"2016-11-21 14:10:25ID: BC  Data: 00 00 00 AA 00 00 00 00 
"
"2016-11-21 14:10:25ID: BB  Data: 00 00 00 AA 00 00 00 00 
"
"2016-11-21 14:10:25ID: BC  Data: 00 00 00 AA 00 00 00 00 
"
"2016-11-21 14:10:25ID: BB  Data: 00 00 00 AA 00 00 00 00 
"
"2016-11-21 14:10:25ID: BC  Data: 00 00 00 AA 00 00 00 00 
"
"2016-11-21 14:10:25ID: BB  Data: 00 00 00 AA 00 00 00 00 
"
"2016-11-21 14:10:25ID: BC  Data: 00 00 00 AA 00 00 00 00 
"
"2016-11-21 14:10:25ID: BB  Data: 00 00 00 AA 00 00 00 00 
"
"2016-11-21 14:10:25ID: BC  Data: 00 00 00 AA 00 00 00 00 
"
"2016-11-21 14:10:25ID: BB  Data: 00 00 00 AA 00 00 00 00 
"
"2016-11-21 14:10:25ID: BC  Data: 00 00 00 AA 00 00 00 00 
"
"2016-11-21 14:10:25ID: BB  Data: 00 00 00 AA 00 00 00 00 
"
"2016-11-21 14:10:25ID: BC  Data: 00 00 00 AA 00 00 00 00 
"
"2016-11-21 14:10:25ID: BB  Data: 00 00 00 AA 00 00 00 00 
"
"2016-11-21 14:10:25ID: BC  Data: 00 00 00 AA 00 00 00 00 
"
"2016-11-21 14:10:25ID: BB  Data: 00 00 00 AA 00 00 00 00 
"
"2016-11-21 14:10:25ID: BC  Data: 00 00 00 AA 00 00 00 00 
"
"2016-11-21 14:10:26ID: BB  Data: 00 00 00 AA 00 00 00 00 
"
"2016-11-21 14:10:26ID: BC  Data: 00 00 00 AA 00 00 00 00 
"
"2016-11-21 14:10:26ID: BB  Data: 00 00 00 AA 00 00 00 00 
"
"2016-11-21 14:10:26ID: BC  Data: 00 00 00 AA 00 00 00 00 
"
"2016-11-21 14:10:26ID: BB  Data: 00 00 00 AA 00 00 00 00 
"
"2016-11-21 14:10:26ID: BC  Data: 00 00 00 AA 00 00 00 00 
"
"2016-11-21 14:10:26ID: BB  Data: 00 00 00 AA 00 00 00 00 
"
"2016-11-21 14:10:26ID: BC  Data: 00 00 00 AA 00 00 00 00 
"
"2016-11-21 14:10:26ID: BB  Data: 00 00 00 AA 00 00 00 00 
"
"2016-11-21 14:10:26ID: BC  Data: 00 00 00 AA 00 00 00 00 
"
"2016-11-21 14:10:26ID: BB  Data: 00 00 00 AA 00 00 00 00 
"
"2016-11-21 14:10:26ID: BC  Data: 00 00 00 AA 00 00 00 00 
"
"2016-11-21 14:10:26ID: BB  Data: 00 00 00 AA 00 00 00 00 
"
"2016-11-21 14:10:26ID: BC  Data: 00 00 00 AA 00 00 00 00 
"
"2016-11-21 14:10:26ID: BB  Data: 00 00 00 AA 00 00 00 00 
"
"2016-11-21 14:10:26ID: BC  Data: 00 00 00 AA 00 00 00 00 
"
"2016-11-21 14:10:26ID: BB  Data: 00 00 00 AA 00 00 00 00 
"
"2016-11-21 14:10:26ID: BC  Data: 00 00 00 AA 00 00 00 00 
"
"2016-11-21 14:10:26ID: BB  Data: 00 00 00 AA 00 00 00 00 
"
"2016-11-21 14:10:26ID: BC  Data: 00 00 00 AA 00 00 00 00 
"
"2016-11-21 14:10:26ID: BB  Data: 00 00 00 AA 00 00 00 00 
"
"2016-11-21 14:10:26ID: BC  Data: 00 00 00 AA 00 00 00 00 
"
"2016-11-21 14:10:26ID: BB  Data: 00 00 00 AA 00 00 00 00 
"
"2016-11-21 14:10:27ID: BC  Data: 00 00 00 AA 00 00 00 00 
"
"2016-11-21 14:10:27ID: BB  Data: 00 00 00 AA 00 00 00 00 
"
"2016-11-21 14:10:27ID: BC  Data: 00 00 00 AA 00 00 00 00 
"
"2016-11-21 14:10:27ID: BB  Data: 00 00 00 AA 00 00 00 00 
"
"2016-11-21 14:10:27ID: BC  Data: 00 00 00 AA 00 00 00 00 
"
"2016-11-21 14:10:27ID: BB  Data: 00 00 00 AA 00 00 00 00 
"
"2016-11-21 14:10:27ID: BC  Data: 00 00 00 AA 00 00 00 00 
"
"2016-11-21 14:10:27ID: BB  Data: 00 00 00 AA 00 00 00 00 
"
"2016-11-21 14:10:27ID: BC  Data: 00 00 00 AA 00 00 00 00 
"
"2016-11-21 14:10:27ID: BB  Data: 00 00 00 AA 00 00 00 00 
"
"2016-11-21 14:10:27ID: BC  Data: 00 00 00 AA 00 00 00 00 
"
"2016-11-21 14:10:27ID: BB  Data: 00 00 00 AA 00 00 00 00 
"
"2016-11-21 14:10:27ID: BC  Data: 00 00 00 AA 00 00 00 00 
"
"2016-11-21 14:10:27ID: BB  Data: 00 00 00 AA 00 00 00 00 
"
"2016-11-21 14:10:27ID: BC  Data: 00 00 00 AA 00 00 00 00 
"
"2016-11-21 14:10:27ID: BB  Data: 00 00 00 AA 00 00 00 00 
"
"2016-11-21 14:10:27ID: BC  Data: 00 00 00 AA 00 00 00 00 
"
"2016-11-21 14:10:27ID: BB  Data: 00 00 00 AA 00 00 00 00 
"
"2016-11-21 14:10:27ID: BC  Data: 00 00 00 AA 00 00 00 00 
"
"2016-11-21 14:10:27ID: BB  Data: 00 00 00 AA 00 00 00 00 
"
"2016-11-21 14:10:27ID: BC  Data: 00 00 00 AA 00 00 00 00 
"
"2016-11-21 14:10:27ID: BB  Data: 00 00 00 AA 00 00 00 00 
"
"2016-11-21 14:10:27ID: BC  Data: 00 00 00 AA 00 00 00 00 
"
"2016-11-21 14:10:28ID: BB  Data: 00 00 00 AA 00 00 00 00 
"
"2016-11-21 14:10:28ID: BC  Data: 00 00 00 AA 00 00 00 00 
"
"2016-11-21 14:10:28ID: BB  Data: 00 00 00 AA 00 00 00 00 
"
"2016-11-21 14:10:28ID: BC  Data: 00 00 00 AA 00 00 00 00 
"
"2016-11-21 14:10:28ID: BB  Data: 00 00 00 AA 00 00 00 00 
"
"2016-11-21 14:10:28ID: BC  Data: 00 00 00 AA 00 00 00 00 
"
"2016-11-21 14:10:28ID: BB  Data: 00 00 00 AA 00 00 00 00 
"
"2016-11-21 14:10:28ID: BC  Data: 00 00 00 AA 00 00 00 00 
"
"2016-11-21 14:10:28ID: BB  Data: 00 00 00 AA 00 00 00 00 
"
"2016-11-21 14:10:28ID: BC  Data: 00 00 00 AA 00 00 00 00 
"
"2016-11-21 14:10:28ID: BB  Data: 00 00 00 AA 00 00 00 00 
"
"2016-11-21 14:10:28ID: BC  Data: 00 00 00 AA 00 00 00 00 
"
"2016-11-21 14:10:28ID: BB  Data: 00 00 00 AA 00 00 00 00 
"
"2016-11-21 14:10:28ID: BC  Data: 00 00 00 AA 00 00 00 00 
"
"2016-11-21 14:10:28ID: BB  Data: 00 00 00 AA 00 00 00 00 
"
"2016-11-21 14:10:28ID: BC  Data: 00 00 00 AA 00 00 00 00 
"
"2016-11-21 14:10:28ID: BB  Data: 00 00 00 AA 00 00 00 00 
"
"2016-11-21 14:10:28ID: BC  Data: 00 00 00 AA 00 00 00 00 
"
"2016-11-21 14:10:28ID: BB  Data: 00 00 00 AA 00 00 00 00 
"
"2016-11-21 14:10:28ID: BC  Data: 00 00 00 AA 00 00 00 00 
"
"2016-11-21 14:10:28ID: BB  Data: 00 00 00 AA 00 00 00 00 
"
"2016-11-21 14:10:28ID: BC  Data: 00 00 00 AA 00 00 00 00 
"
"2016-11-21 14:10:29ID: BB  Data: 00 00 00 AA 00 00 00 00 
"
"2016-11-21 14:10:29ID: BC  Data: 00 00 00 AA 00 00 00 00 
"
"2016-11-21 14:10:29ID: BB  Data: 00 00 00 AA 00 00 00 00 
"
"2016-11-21 14:10:29ID: BC  Data: 00 00 00 AA 00 00 00 00 
"
"2016-11-21 14:10:29ID: BB  Data: 00 00 00 AA 00 00 00 00 
"
"2016-11-21 14:10:29ID: BC  Data: 00 00 00 AA 00 00 00 00 
"
"2016-11-21 14:10:29ID: BB  Data: 00 00 00 AA 00 00 00 00 
"
"2016-11-21 14:10:29ID: BC  Data: 00 00 00 AA 00 00 00 00 
"
"2016-11-21 14:10:29ID: BB  Data: 00 00 00 AA 00 00 00 00 
"
"2016-11-21 14:10:29ID: BC  Data: 00 00 00 AA 00 00 00 00 
"
"2016-11-21 14:10:29ID: BB  Data: 00 00 00 AA 00 00 00 00 
"
"2016-11-21 14:10:29ID: BC  Data: 00 00 00 AA 00 00 00 00 
"
"2016-11-21 14:10:29ID: BB  Data: 00 00 00 AA 00 00 00 00 
"
"2016-11-21 14:10:29ID: BC  Data: 00 00 00 AA 00 00 00 00 
"
"2016-11-21 14:10:29ID: BB  Data: 00 00 00 AA 00 00 00 00 
"
"2016-11-21 14:10:29ID: BC  Data: 00 00 00 AA 00 00 00 00 
"
"2016-11-21 14:10:29ID: BB  Data: 00 00 00 AA 00 00 00 00 
"
"2016-11-21 14:10:29ID: BC  Data: 00 00 00 AA 00 00 00 00 
"
"2016-11-21 14:10:29ID: BB  Data: 00 00 00 AA 00 00 00 00 
"
"2016-11-21 14:10:29ID: BC  Data: 00 00 00 AA 00 00 00 00 
"
"2016-11-21 14:10:29ID: BB  Data: 00 00 00 AA 00 00 00 00 
"
"2016-11-21 14:10:29ID: BC  Data: 00 00 00 AA 00 00 00 00 
"
"2016-11-21 14:10:29ID: BB  Data: 00 00 00 AA 00 00 00 00 
"
"2016-11-21 14:10:29ID: BC  Data: 00 00 00 AA 00 00 00 00 
"
"2016-11-21 14:10:30ID: BB  Data: 00 00 00 AA 00 00 00 00 
"
"2016-11-21 14:10:30ID: BC  Data: 00 00 00 AA 00 00 00 00 
"
"2016-11-21 14:10:30ID: BB  Data: 00 00 00 AA 00 00 00 00 
"
"2016-11-21 14:10:30ID: BC  Data: 00 00 00 AA 00 00 00 00 
"
"2016-11-21 14:10:30ID: BB  Data: 00 00 00 AA 00 00 00 00 
"
"2016-11-21 14:10:30ID: BC  Data: 00 00 00 AA 00 00 00 00 
"
"2016-11-21 14:10:30ID: BB  Data: 00 00 00 AA 00 00 00 00 
"
"2016-11-21 14:10:30ID: BC  Data: 00 00 00 AA 00 00 00 00 
"
"2016-11-21 14:10:30ID: BB  Data: 00 00 00 AA 00 00 00 00 
"
"2016-11-21 14:10:30ID: BC  Data: 00 00 00 AA 00 00 00 00 
"
"2016-11-21 14:10:30ID: BB  Data: 00 00 00 AA 00 00 00 00 
"
"2016-11-21 14:10:30ID: BC  Data: 00 00 00 AA 00 00 00 00 
"
"2016-11-21 14:10:30ID: BB  Data: 00 00 00 AA 00 00 00 00 
"
"2016-11-21 14:10:30ID: BC  Data: 00 00 00 AA 00 00 00 00 
"
"2016-11-21 14:10:30ID: BB  Data: 00 00 00 AA 00 00 00 00 
"
"2016-11-21 14:10:30ID: BC  Data: 00 00 00 AA 00 00 00 00 
"
"2016-11-21 14:10:30ID: BB  Data: 00 00 00 AA 00 00 00 00 
"
"2016-11-21 14:10:30ID: BC  Data: 00 00 00 AA 00 00 00 00 
"
"2016-11-21 14:10:30ID: BB  Data: 00 00 00 AA 00 00 00 00 
"
"2016-11-21 14:10:30ID: BC  Data: 00 00 00 AA 00 00 00 00 
"
"2016-11-21 14:10:30ID: BB  Data: 00 00 00 AA 00 00 00 00 
"
"2016-11-21 14:10:30ID: BC  Data: 00 00 00 AA 00 00 00 00 
"
"2016-11-21 14:10:31ID: BB  Data: 00 00 00 AA 00 00 00 00 
"
"2016-11-21 14:10:31ID: BC  Data: 00 00 00 AA 00 00 00 00 
"
"2016-11-21 14:10:31ID: BB  Data: 00 00 00 AA 00 00 00 00 
"
"2016-11-21 14:10:31ID: BC  Data: 00 00 00 AA 00 00 00 00 
"
"2016-11-21 14:10:31ID: BB  Data: 00 00 00 AA 00 00 00 00 
"
"2016-11-21 14:10:31ID: BC  Data: 00 00 00 AA 00 00 00 00 
"
"2016-11-21 14:10:31ID: BB  Data: 00 00 00 AA 00 00 00 00 
"
"2016-11-21 14:10:31ID: BC  Data: 00 00 00 AA 00 00 00 00 
"
"2016-11-21 14:10:31ID: BB  Data: 00 00 00 AA 00 00 00 00 
"
"2016-11-21 14:10:31ID: BC  Data: 00 00 00 AA 00 00 00 00 
"
"2016-11-21 14:10:31ID: BB  Data: 00 00 00 AA 00 00 00 00 
"
"2016-11-21 14:10:31ID: BC  Data: 00 00 00 AA 00 00 00 00 
"
"2016-11-21 14:10:31ID: BB  Data: 00 00 00 AA 00 00 00 00 
"
"2016-11-21 14:10:31ID: BC  Data: 00 00 00 AA 00 00 00 00 
"
"2016-11-21 14:10:31ID: BB  Data: 00 00 00 AA 00 00 00 00 
"
"2016-11-21 14:10:31ID: BC  Data: 00 00 00 AA 00 00 00 00 
"
"2016-11-21 14:10:31ID: BB  Data: 00 00 00 AA 00 00 00 00 
"
"2016-11-21 14:10:31ID: BC  Data: 00 00 00 AA 00 00 00 00 
"
"2016-11-21 14:10:31ID: BB  Data: 00 00 00 AA 00 00 00 00 
"
"2016-11-21 14:10:31ID: BC  Data: 00 00 00 AA 00 00 00 00 
"
"2016-11-21 14:10:31ID: BB  Data: 00 00 00 AA 00 00 00 00 
"
"2016-11-21 14:10:31ID: BC  Data: 00 00 00 AA 00 00 00 00 
"
"2016-11-21 14:10:32ID: BB  Data: 00 00 00 AA 00 00 00 00 
"
"2016-11-21 14:10:32ID: BC  Data: 00 00 00 AA 00 00 00 00 
"
"2016-11-21 14:10:32ID: BB  Data: 00 00 00 AA 00 00 00 00 
"
"2016-11-21 14:10:32ID: BC  Data: 00 00 00 AA 00 00 00 00 
"
"2016-11-21 14:10:32ID: BB  Data: 00 00 00 AA 00 00 00 00 
"
"2016-11-21 14:10:32ID: BC  Data: 00 00 00 AA 00 00 00 00 
"
"2016-11-21 14:10:32ID: BB  Data: 00 00 00 AA 00 00 00 00 
"
"2016-11-21 14:10:32ID: BC  Data: 00 00 00 AA 00 00 00 00 
"
"2016-11-21 14:10:32ID: BB  Data: 00 00 00 AA 00 00 00 00 
"
"2016-11-21 14:10:32ID: BC  Data: 00 00 00 AA 00 00 00 00 
"
"2016-11-21 14:10:32ID: BB  Data: 00 00 00 AA 00 00 00 00 
"
"2016-11-21 14:10:32ID: BC  Data: 00 00 00 AA 00 00 00 00 
"
"2016-11-21 14:10:32ID: BB  Data: 00 00 00 AA 00 00 00 00 
"
"2016-11-21 14:10:32ID: BC  Data: 00 00 00 AA 00 00 00 00 
"
"2016-11-21 14:10:32ID: BB  Data: 00 00 00 AA 00 00 00 00 
"
"2016-11-21 14:10:32ID: BC  Data: 00 00 00 AA 00 00 00 00 
"
"2016-11-21 14:10:32ID: BB  Data: 00 00 00 AA 00 00 00 00 
"
"2016-11-21 14:10:32ID: BC  Data: 00 00 00 AA 00 00 00 00 
"
"2016-11-21 14:10:32ID: BB  Data: 00 00 00 AA 00 00 00 00 
"
"2016-11-21 14:10:32ID: BC  Data: 00 00 00 AA 00 00 00 00 
"
"2016-11-21 14:10:32ID: BB  Data: 00 00 00 AA 00 00 00 00 
"
"2016-11-21 14:10:32ID: BC  Data: 00 00 00 AA 00 00 00 00 
"
"2016-11-21 14:10:32ID: BB  Data: 00 00 00 AA 00 00 00 00 
"
"2016-11-21 14:10:32ID: BC  Data: 00 00 00 AA 00 00 00 00 
"
"2016-11-21 14:10:33ID: BB  Data: 00 00 00 AA 00 00 00 00 
"
"2016-11-21 14:10:33ID: BC  Data: 00 00 00 AA 00 00 00 00 
"
"2016-11-21 14:10:33ID: BB  Data: 00 00 00 AA 00 00 00 00 
"
"2016-11-21 14:10:33ID: BC  Data: 00 00 00 AA 00 00 00 00 
"
"2016-11-21 14:10:33ID: BB  Data: 00 00 00 AA 00 00 00 00 
"
"2016-11-21 14:10:33ID: BC  Data: 00 00 00 AA 00 00 00 00 
"
"2016-11-21 14:10:33ID: BB  Data: 00 00 00 AA 00 00 00 00 
"
"2016-11-21 14:10:33ID: BC  Data: 00 00 00 AA 00 00 00 00 
"
"2016-11-21 14:10:33ID: BB  Data: 00 00 00 AA 00 00 00 00 
"
"2016-11-21 14:10:33ID: BC  Data: 00 00 00 AA 00 00 00 00 
"
"2016-11-21 14:10:33ID: BB  Data: 00 00 00 AA 00 00 00 00 
"
"2016-11-21 14:10:33ID: BC  Data: 00 00 00 AA 00 00 00 00 
"
"2016-11-21 14:10:33ID: BB  Data: 00 00 00 AA 00 00 00 00 
"
"2016-11-21 14:10:33ID: BC  Data: 00 00 00 AA 00 00 00 00 
"
"2016-11-21 14:10:33ID: BB  Data: 00 00 00 AA 00 00 00 00 
"
"2016-11-21 14:10:33ID: BC  Data: 00 00 00 AA 00 00 00 00 
"
"2016-11-21 14:10:33ID: BB  Data: 00 00 00 AA 00 00 00 00 
"
"2016-11-21 14:10:33ID: BC  Data: 00 00 00 AA 00 00 00 00 
"
"2016-11-21 14:10:33ID: BB  Data: 00 00 00 AA 00 00 00 00 
"
"2016-11-21 14:10:33ID: BC  Data: 00 00 00 AA 00 00 00 00 
"
"2016-11-21 14:10:33ID: BB  Data: 00 00 00 AA 00 00 00 00 
"
"2016-11-21 14:10:33ID: BC  Data: 00 00 00 AA 00 00 00 00 
"
"2016-11-21 14:10:34ID: BB  Data: 00 00 00 AA 00 00 00 00 
"
"2016-11-21 14:10:34ID: BC  Data: 00 00 00 AA 00 00 00 00 
"
"2016-11-21 14:10:34ID: BB  Data: 00 00 00 AA 00 00 00 00 
"
"2016-11-21 14:10:34ID: BC  Data: 00 00 00 AA 00 00 00 00 
"
"2016-11-21 14:10:34ID: BB  Data: 00 00 00 AA 00 00 00 00 
"
"2016-11-21 14:10:34ID: BC  Data: 00 00 00 AA 00 00 00 00 
"
"2016-11-21 14:10:34ID: BB  Data: 00 00 00 AA 00 00 00 00 
"
"2016-11-21 14:10:34ID: BC  Data: 00 00 00 AA 00 00 00 00 
"
"2016-11-21 14:10:34ID: BB  Data: 00 00 00 AA 00 00 00 00 
"
"2016-11-21 14:10:34ID: BC  Data: 00 00 00 AA 00 00 00 00 
"
"2016-11-21 14:10:34ID: BB  Data: 00 00 00 AA 00 00 00 00 
"
"2016-11-21 14:10:34ID: BC  Data: 00 00 00 AA 00 00 00 00 
"
"2016-11-21 14:10:34ID: BB  Data: 00 00 00 AA 00 00 00 00 
"
"2016-11-21 14:10:34ID: BC  Data: 00 00 00 AA 00 00 00 00 
"
"2016-11-21 14:10:34ID: BB  Data: 00 00 00 AA 00 00 00 00 
"
"2016-11-21 14:10:34ID: BC  Data: 00 00 00 AA 00 00 00 00 
"
"2016-11-21 14:10:34ID: BB  Data: 00 00 00 AA 00 00 00 00 
"
"2016-11-21 14:10:34ID: BC  Data: 00 00 00 AA 00 00 00 00 
"
"2016-11-21 14:10:34ID: BB  Data: 00 00 00 AA 00 00 00 00 
"
"2016-11-21 14:10:34ID: BC  Data: 00 00 00 AA 00 00 00 00 
"
"2016-11-21 14:10:34ID: BB  Data: 00 00 00 AA 00 00 00 00 
"
"2016-11-21 14:10:34ID: BC  Data: 00 00 00 AA 00 00 00 00 
"
"2016-11-21 14:10:35ID: BB  Data: 00 00 00 AA 00 00 00 00 
"
"2016-11-21 14:10:35ID: BC  Data: 00 00 00 AA 00 00 00 00 
"
"2016-11-21 14:10:35ID: BB  Data: 00 00 00 AA 00 00 00 00 
"
"2016-11-21 14:10:35ID: BC  Data: 00 00 00 AA 00 00 00 00 
"
"2016-11-21 14:10:35ID: BB  Data: 00 00 00 AA 00 00 00 00 
"
"2016-11-21 14:10:35ID: BC  Data: 00 00 00 AA 00 00 00 00 
"
"2016-11-21 14:10:35ID: BB  Data: 00 00 00 AA 00 00 00 00 
"
"2016-11-21 14:10:35ID: BC  Data: 00 00 00 AA 00 00 00 00 
"
"2016-11-21 14:10:35ID: BB  Data: 00 00 00 AA 00 00 00 00 
"
"2016-11-21 14:10:35ID: BC  Data: 00 00 00 AA 00 00 00 00 
"
"2016-11-21 14:10:35ID: BB  Data: 00 00 00 AA 00 00 00 00 
"
"2016-11-21 14:10:35ID: BC  Data: 00 00 00 AA 00 00 00 00 
"
"2016-11-21 14:10:35ID: BB  Data: 00 00 00 AA 00 00 00 00 
"
"2016-11-21 14:10:35ID: BC  Data: 00 00 00 AA 00 00 00 00 
"
"2016-11-21 14:10:35ID: BB  Data: 00 00 00 AA 00 00 00 00 
"
"2016-11-21 14:10:35ID: BC  Data: 00 00 00 AA 00 00 00 00 
"
"2016-11-21 14:10:35ID: BB  Data: 00 00 00 AA 00 00 00 00 
"
"2016-11-21 14:10:35ID: BC  Data: 00 00 00 AA 00 00 00 00 
"
"2016-11-21 14:10:35ID: BB  Data: 00 00 00 AA 00 00 00 00 
"
"2016-11-21 14:10:35ID: BC  Data: 00 00 00 AA 00 00 00 00 
"
"2016-11-21 14:10:35ID: BB  Data: 00 00 00 AA 00 00 00 00 
"
"2016-11-21 14:10:35ID: BC  Data: 00 00 00 AA 00 00 00 00 
"
"2016-11-21 14:10:35ID: BB  Data: 00 00 00 AA 00 00 00 00 
"
"2016-11-21 14:10:35ID: BC  Data: 00 00 00 AA 00 00 00 00 
"
"2016-11-21 14:10:36ID: BB  Data: 00 00 00 AA 00 00 00 00 
"
"2016-11-21 14:10:36ID: BC  Data: 00 00 00 AA 00 00 00 00 
"
"2016-11-21 14:10:36ID: BB  Data: 00 00 00 AA 00 00 00 00 
"
"2016-11-21 14:10:36ID: BC  Data: 00 00 00 AA 00 00 00 00 
"
"2016-11-21 14:10:36ID: BB  Data: 00 00 00 AA 00 00 00 00 
"
"2016-11-21 14:10:36ID: BC  Data: 00 00 00 AA 00 00 00 00 
"
"2016-11-21 14:10:36ID: BB  Data: 00 00 00 AA 00 00 00 00 
"
"2016-11-21 14:10:36ID: BC  Data: 00 00 00 AA 00 00 00 00 
"
"2016-11-21 14:10:36ID: BB  Data: 00 00 00 AA 00 00 00 00 
"
"2016-11-21 14:10:36ID: BC  Data: 00 00 00 AA 00 00 00 00 
"
"2016-11-21 14:10:36ID: BB  Data: 00 00 00 AA 00 00 00 00 
"
"2016-11-21 14:10:36ID: BC  Data: 00 00 00 AA 00 00 00 00 
"
"2016-11-21 14:10:36ID: BB  Data: 00 00 00 AA 00 00 00 00 
"
"2016-11-21 14:10:36ID: BC  Data: 00 00 00 AA 00 00 00 00 
"
"2016-11-21 14:10:36ID: BB  Data: 00 00 00 AA 00 00 00 00 
"
"2016-11-21 14:10:36ID: BC  Data: 00 00 00 AA 00 00 00 00 
"
"2016-11-21 14:10:36ID: BB  Data: 00 00 00 AA 00 00 00 00 
"
"2016-11-21 14:10:36ID: BC  Data: 00 00 00 AA 00 00 00 00 
"
"2016-11-21 14:10:36ID: BB  Data: 00 00 00 AA 00 00 00 00 
"
"2016-11-21 14:10:36ID: BC  Data: 00 00 00 AA 00 00 00 00 
"
"2016-11-21 14:10:36ID: BB  Data: 00 00 00 AA 00 00 00 00 
"
"2016-11-21 14:10:36ID: BC  Data: 00 00 00 AA 00 00 00 00 
"
"2016-11-21 14:10:37ID: BB  Data: 00 00 00 AA 00 00 00 00 
"
"2016-11-21 14:10:37ID: BC  Data: 00 00 00 AA 00 00 00 00 
"
"2016-11-21 14:10:37ID: BB  Data: 00 00 00 AA 00 00 00 00 
"
"2016-11-21 14:10:37ID: BC  Data: 00 00 00 AA 00 00 00 00 
"
"2016-11-21 14:10:37ID: BB  Data: 00 00 00 AA 00 00 00 00 
"
"2016-11-21 14:10:37ID: BC  Data: 00 00 00 AA 00 00 00 00 
"
"2016-11-21 14:10:37ID: BB  Data: 00 00 00 AA 00 00 00 00 
"
"2016-11-21 14:10:37ID: BC  Data: 00 00 00 AA 00 00 00 00 
"
"2016-11-21 14:10:37ID: BB  Data: 00 00 00 AA 00 00 00 00 
"
"2016-11-21 14:10:37ID: BC  Data: 00 00 00 AA 00 00 00 00 
"
"2016-11-21 14:10:37ID: BB  Data: 00 00 00 AA 00 00 00 00 
"
"2016-11-21 14:10:37ID: BC  Data: 00 00 00 AA 00 00 00 00 
"
"2016-11-21 14:10:37ID: BB  Data: 00 00 00 AA 00 00 00 00 
"
"2016-11-21 14:10:37ID: BC  Data: 00 00 00 AA 00 00 00 00 
"
"2016-11-21 14:10:37ID: BB  Data: 00 00 00 AA 00 00 00 00 
"
"2016-11-21 14:10:37ID: BC  Data: 00 00 00 AA 00 00 00 00 
"
"2016-11-21 14:10:37ID: BB  Data: 00 00 00 AA 00 00 00 00 
"
"2016-11-21 14:10:37ID: BC  Data: 00 00 00 AA 00 00 00 00 
"
"2016-11-21 14:10:37ID: BB  Data: 00 00 00 AA 00 00 00 00 
"
"2016-11-21 14:10:37ID: BC  Data: 00 00 00 AA 00 00 00 00 
"
"2016-11-21 14:10:37ID: BB  Data: 00 00 00 AA 00 00 00 00 
"
"2016-11-21 14:10:37ID: BC  Data: 00 00 00 AA 00 00 00 00 
"
"2016-11-21 14:10:37ID: BB  Data: 00 00 00 AA 00 00 00 00 
"
"2016-11-21 14:10:38ID: BC  Data: 00 00 00 AA 00 00 00 00 
"
"2016-11-21 14:10:38ID: BB  Data: 00 00 00 AA 00 00 00 00 
"
"2016-11-21 14:10:38ID: BC  Data: 00 00 00 AA 00 00 00 00 
"
"2016-11-21 14:10:38ID: BB  Data: 00 00 00 AA 00 00 00 00 
"
"2016-11-21 14:10:38ID: BC  Data: 00 00 00 AA 00 00 00 00 
"
"2016-11-21 14:10:38ID: BB  Data: 00 00 00 AA 00 00 00 00 
"
"2016-11-21 14:10:38ID: BC  Data: 00 00 00 AA 00 00 00 00 
"
"2016-11-21 14:10:38ID: BB  Data: 00 00 00 AA 00 00 00 00 
"
"2016-11-21 14:10:38ID: BC  Data: 00 00 00 AA 00 00 00 00 
"
"2016-11-21 14:10:38ID: BB  Data: 00 00 00 AA 00 00 00 00 
"
"2016-11-21 14:10:38ID: BC  Data: 00 00 00 AA 00 00 00 00 
"
"2016-11-21 14:10:38ID: BB  Data: 00 00 00 AA 00 00 00 00 
"
"2016-11-21 14:10:38ID: BC  Data: 00 00 00 AA 00 00 00 00 
"
"2016-11-21 14:10:38ID: BB  Data: 00 00 00 AA 00 00 00 00 
"
"2016-11-21 14:10:38ID: BC  Data: 00 00 00 AA 00 00 00 00 
"
"2016-11-21 14:10:38ID: BB  Data: 00 00 00 AA 00 00 00 00 
"
"2016-11-21 14:10:38ID: BC  Data: 00 00 00 AA 00 00 00 00 
"
"2016-11-21 14:10:38ID: BB  Data: 00 00 00 AA 00 00 00 00 
"
"2016-11-21 14:10:38ID: BC  Data: 00 00 00 AA 00 00 00 00 
"
"2016-11-21 14:10:38ID: BB  Data: 00 00 00 AA 00 00 00 00 
"
"2016-11-21 14:10:38ID: BC  Data: 00 00 00 AA 00 00 00 00 
"
"2016-11-21 14:10:38ID: BB  Data: 00 00 00 AA 00 00 00 00 
"
"2016-11-21 14:10:38ID: BC  Data: 00 00 00 AA 00 00 00 00 
"
"2016-11-21 14:10:39ID: BB  Data: 00 00 00 AA 00 00 00 00 
"
"2016-11-21 14:10:39ID: BC  Data: 00 00 00 AA 00 00 00 00 
"
"2016-11-21 14:10:39ID: BB  Data: 00 00 00 AA 00 00 00 00 
"
"2016-11-21 14:10:39ID: BC  Data: 00 00 00 AA 00 00 00 00 
"
"2016-11-21 14:10:39ID: BB  Data: 00 00 00 AA 00 00 00 00 
"
"2016-11-21 14:10:39ID: BC  Data: 00 00 00 AA 00 00 00 00 
"
"2016-11-21 14:10:39ID: BB  Data: 00 00 00 AA 00 00 00 00 
"
"2016-11-21 14:10:39ID: BC  Data: 00 00 00 AA 00 00 00 00 
"
"2016-11-21 14:10:39ID: BB  Data: 00 00 00 AA 00 00 00 00 
"
"2016-11-21 14:10:39ID: BC  Data: 00 00 00 AA 00 00 00 00 
"
"2016-11-21 14:10:39ID: BB  Data: 00 00 00 AA 00 00 00 00 
"
"2016-11-21 14:10:39ID: BC  Data: 00 00 00 AA 00 00 00 00 
"
"2016-11-21 14:10:39ID: BB  Data: 00 00 00 AA 00 00 00 00 
"
"2016-11-21 14:10:39ID: BC  Data: 00 00 00 AA 00 00 00 00 
"
"2016-11-21 14:10:39ID: BB  Data: 00 00 00 AA 00 00 00 00 
"
"2016-11-21 14:10:39ID: BC  Data: 00 00 00 AA 00 00 00 00 
"
"2016-11-21 14:10:39ID: BB  Data: 00 00 00 AA 00 00 00 00 
"
"2016-11-21 14:10:39ID: BC  Data: 00 00 00 AA 00 00 00 00 
"
"2016-11-21 14:10:39ID: BB  Data: 00 00 00 AA 00 00 00 00 
"
"2016-11-21 14:10:39ID: BC  Data: 00 00 00 AA 00 00 00 00 
"
"2016-11-21 14:10:39ID: BB  Data: 00 00 00 AA 00 00 00 00 
"
"2016-11-21 14:10:39ID: BC  Data: 00 00 00 AA 00 00 00 00 
"
"2016-11-21 14:10:40ID: BB  Data: 00 00 00 AA 00 00 00 00 
"
"2016-11-21 14:10:40ID: BC  Data: 00 00 00 AA 00 00 00 00 
"
"2016-11-21 14:10:40ID: BB  Data: 00 00 00 AA 00 00 00 00 
"
"2016-11-21 14:10:40ID: BC  Data: 00 00 00 AA 00 00 00 00 
"
"2016-11-21 14:10:40ID: BB  Data: 00 00 00 AA 00 00 00 00 
"
"2016-11-21 14:10:40ID: BC  Data: 00 00 00 AA 00 00 00 00 
"
"2016-11-21 14:10:40ID: BB  Data: 00 00 00 AA 00 00 00 00 
"
"2016-11-21 14:10:40ID: BC  Data: 00 00 00 AA 00 00 00 00 
"
"2016-11-21 14:10:40ID: BB  Data: 00 00 00 AA 00 00 00 00 
"
"2016-11-21 14:10:40ID: BC  Data: 00 00 00 AA 00 00 00 00 
"
"2016-11-21 14:10:40ID: BB  Data: 00 00 00 AA 00 00 00 00 
"
"2016-11-21 14:10:40ID: BC  Data: 00 00 00 AA 00 00 00 00 
"
"2016-11-21 14:10:40ID: BB  Data: 00 00 00 AA 00 00 00 00 
"
"2016-11-21 14:10:40ID: BC  Data: 00 00 00 AA 00 00 00 00 
"
"2016-11-21 14:10:40ID: BB  Data: 00 00 00 AA 00 00 00 00 
"
"2016-11-21 14:10:40ID: BC  Data: 00 00 00 AA 00 00 00 00 
"
"2016-11-21 14:10:40ID: BB  Data: 00 00 00 AA 00 00 00 00 
"
"2016-11-21 14:10:40ID: BC  Data: 00 00 00 AA 00 00 00 00 
"
"2016-11-21 14:10:40ID: BB  Data: 00 00 00 AA 00 00 00 00 
"
"2016-11-21 14:10:40ID: BC  Data: 00 00 00 AA 00 00 00 00 
"
"2016-11-21 14:10:40ID: BB  Data: 00 00 00 AA 00 00 00 00 
"
"2016-11-21 14:10:40ID: BC  Data: 00 00 00 AA 00 00 00 00 
"
"2016-11-21 14:10:40ID: BB  Data: 00 00 00 AA 00 00 00 00 
"
"2016-11-21 14:10:40ID: BC  Data: 00 00 00 AA 00 00 00 00 
"
"2016-11-21 14:10:41ID: BB  Data: 00 00 00 AA 00 00 00 00 
"
"2016-11-21 14:10:41ID: BC  Data: 00 00 00 AA 00 00 00 00 
"
"2016-11-21 14:10:41ID: BB  Data: 00 00 00 AA 00 00 00 00 
"
"2016-11-21 14:10:41ID: BC  Data: 00 00 00 AA 00 00 00 00 
"
"2016-11-21 14:10:41ID: BB  Data: 00 00 00 AA 00 00 00 00 
"
"2016-11-21 14:10:41ID: BC  Data: 00 00 00 AA 00 00 00 00 
"
"2016-11-21 14:10:41ID: BB  Data: 00 00 00 AA 00 00 00 00 
"
"2016-11-21 14:10:41ID: BC  Data: 00 00 00 AA 00 00 00 00 
"
"2016-11-21 14:10:41ID: BB  Data: 00 00 00 AA 00 00 00 00 
"
"2016-11-21 14:10:41ID: BC  Data: 00 00 00 AA 00 00 00 00 
"
"2016-11-21 14:10:41ID: BB  Data: 00 00 00 AA 00 00 00 00 
"
"2016-11-21 14:10:41ID: BC  Data: 00 00 00 AA 00 00 00 00 
"
"2016-11-21 14:10:41ID: BB  Data: 00 00 00 AA 00 00 00 00 
"
"2016-11-21 14:10:41ID: BC  Data: 00 00 00 AA 00 00 00 00 
"
"2016-11-21 14:10:41ID: BB  Data: 00 00 00 AA 00 00 00 00 
"
"2016-11-21 14:10:41ID: BC  Data: 00 00 00 AA 00 00 00 00 
"
"2016-11-21 14:10:41ID: BB  Data: 00 00 00 AA 00 00 00 00 
"
"2016-11-21 14:10:41ID: BC  Data: 00 00 00 AA 00 00 00 00 
"
"2016-11-21 14:10:41ID: BB  Data: 00 00 00 AA 00 00 00 00 
"
"2016-11-21 14:10:41ID: BC  Data: 00 00 00 AA 00 00 00 00 
"
"2016-11-21 14:10:41ID: BB  Data: 00 00 00 AA 00 00 00 00 
"
"2016-11-21 14:10:41ID: BC  Data: 00 00 00 AA 00 00 00 00 
"
"2016-11-21 14:10:42ID: BB  Data: 00 00 00 AA 00 00 00 00 
"
"2016-11-21 14:10:42ID: BC  Data: 00 00 00 AA 00 00 00 00 
"
"2016-11-21 14:10:42ID: BB  Data: 00 00 00 AA 00 00 00 00 
"
"2016-11-21 14:10:42ID: BC  Data: 00 00 00 AA 00 00 00 00 
"
"2016-11-21 14:10:42ID: BB  Data: 00 00 00 AA 00 00 00 00 
"
"2016-11-21 14:10:42ID: BC  Data: 00 00 00 AA 00 00 00 00 
"
"2016-11-21 14:10:42ID: BB  Data: 00 00 00 AA 00 00 00 00 
"
"2016-11-21 14:10:42ID: BC  Data: 00 00 00 AA 00 00 00 00 
"
"2016-11-21 14:10:42ID: BB  Data: 00 00 00 AA 00 00 00 00 
"
"2016-11-21 14:10:42ID: BC  Data: 00 00 00 AA 00 00 00 00 
"
"2016-11-21 14:10:42ID: BB  Data: 00 00 00 AA 00 00 00 00 
"
"2016-11-21 14:10:42ID: BC  Data: 00 00 00 AA 00 00 00 00 
"
"2016-11-21 14:10:42ID: BB  Data: 00 00 00 AA 00 00 00 00 
"
"2016-11-21 14:10:42ID: BC  Data: 00 00 00 AA 00 00 00 00 
"
"2016-11-21 14:10:42ID: BB  Data: 00 00 00 AA 00 00 00 00 
"
"2016-11-21 14:10:42ID: BC  Data: 00 00 00 AA 00 00 00 00 
"
"2016-11-21 14:10:42ID: BB  Data: 00 00 00 AA 00 00 00 00 
"
"2016-11-21 14:10:42ID: BC  Data: 00 00 00 AA 00 00 00 00 
"
"2016-11-21 14:10:42ID: BB  Data: 00 00 00 AA 00 00 00 00 
"
"2016-11-21 14:10:42ID: BC  Data: 00 00 00 AA 00 00 00 00 
"
"2016-11-21 14:10:42ID: BB  Data: 00 00 00 AA 00 00 00 00 
"
"2016-11-21 14:10:42ID: BC  Data: 00 00 00 AA 00 00 00 00 
"
"2016-11-21 14:10:43ID: BB  Data: 00 00 00 AA 00 00 00 00 
"
"2016-11-21 14:10:43ID: BC  Data: 00 00 00 AA 00 00 00 00 
"
"2016-11-21 14:10:43ID: BB  Data: 00 00 00 AA 00 00 00 00 
"
"2016-11-21 14:10:43ID: BC  Data: 00 00 00 AA 00 00 00 00 
"
"2016-11-21 14:10:43ID: BB  Data: 00 00 00 AA 00 00 00 00 
"
"2016-11-21 14:10:43ID: BC  Data: 00 00 00 AA 00 00 00 00 
"
"2016-11-21 14:10:43ID: BB  Data: 00 00 00 AA 00 00 00 00 
"
"2016-11-21 14:10:43ID: BC  Data: 00 00 00 AA 00 00 00 00 
"
"2016-11-21 14:10:43ID: BB  Data: 00 00 00 AA 00 00 00 00 
"
"2016-11-21 14:10:43ID: BC  Data: 00 00 00 AA 00 00 00 00 
"
"2016-11-21 14:10:43ID: BB  Data: 00 00 00 AA 00 00 00 00 
"
"2016-11-21 14:10:43ID: BC  Data: 00 00 00 AA 00 00 00 00 
"
"2016-11-21 14:10:43ID: BB  Data: 00 00 00 AA 00 00 00 00 
"
"2016-11-21 14:10:43ID: BC  Data: 00 00 00 AA 00 00 00 00 
"
"2016-11-21 14:10:43ID: BB  Data: 00 00 00 AA 00 00 00 00 
"
"2016-11-21 14:10:43ID: BC  Data: 00 00 00 AA 00 00 00 00 
"
"2016-11-21 14:10:43ID: BB  Data: 00 00 00 AA 00 00 00 00 
"
"2016-11-21 14:10:43ID: BC  Data: 00 00 00 AA 00 00 00 00 
"
"2016-11-21 14:10:43ID: BB  Data: 00 00 00 AA 00 00 00 00 
"
"2016-11-21 14:10:43ID: BC  Data: 00 00 00 AA 00 00 00 00 
"
"2016-11-21 14:10:43ID: BB  Data: 00 00 00 AA 00 00 00 00 
"
"2016-11-21 14:10:43ID: BC  Data: 00 00 00 AA 00 00 00 00 
"
"2016-11-21 14:10:43ID: BB  Data: 00 00 00 AA 00 00 00 00 
"
"2016-11-21 14:10:43ID: BC  Data: 00 00 00 AA 00 00 00 00 
"
"2016-11-21 14:10:44ID: BB  Data: 00 00 00 AA 00 00 00 00 
"
"2016-11-21 14:10:44ID: BC  Data: 00 00 00 AA 00 00 00 00 
"
"2016-11-21 14:10:44ID: BB  Data: 00 00 00 AA 00 00 00 00 
"
"2016-11-21 14:10:44ID: BC  Data: 00 00 00 AA 00 00 00 00 
"
"2016-11-21 14:10:44ID: BB  Data: 00 00 00 AA 00 00 00 00 
"
"2016-11-21 14:10:44ID: BC  Data: 00 00 00 AA 00 00 00 00 
"
"2016-11-21 14:10:44ID: BB  Data: 00 00 00 AA 00 00 00 00 
"
"2016-11-21 14:10:44ID: BC  Data: 00 00 00 AA 00 00 00 00 
"
"2016-11-21 14:10:44ID: BB  Data: 00 00 00 AA 00 00 00 00 
"
"2016-11-21 14:10:44ID: BC  Data: 00 00 00 AA 00 00 00 00 
"
"2016-11-21 14:10:44ID: BB  Data: 00 00 00 AA 00 00 00 00 
"
"2016-11-21 14:10:44ID: BC  Data: 00 00 00 AA 00 00 00 00 
"
"2016-11-21 14:10:44ID: BB  Data: 00 00 00 AA 00 00 00 00 
"
"2016-11-21 14:10:44ID: BC  Data: 00 00 00 AA 00 00 00 00 
"
"2016-11-21 14:10:44ID: BB  Data: 00 00 00 AA 00 00 00 00 
"
"2016-11-21 14:10:44ID: BC  Data: 00 00 00 AA 00 00 00 00 
"
"2016-11-21 14:10:44ID: BB  Data: 00 00 00 AA 00 00 00 00 
"
"2016-11-21 14:10:44ID: BC  Data: 00 00 00 AA 00 00 00 00 
"
"2016-11-21 14:10:44ID: BB  Data: 00 00 00 AA 00 00 00 00 
"
"2016-11-21 14:10:44ID: BC  Data: 00 00 00 AA 00 00 00 00 
"
"2016-11-21 14:10:44ID: BB  Data: 00 00 00 AA 00 00 00 00 
"
"2016-11-21 14:10:44ID: BC  Data: 00 00 00 AA 00 00 00 00 
"
"2016-11-21 14:10:45ID: BB  Data: 00 00 00 AA 00 00 00 00 
"
"2016-11-21 14:10:45ID: BC  Data: 00 00 00 AA 00 00 00 00 
"
"2016-11-21 14:10:45ID: BB  Data: 00 00 00 AA 00 00 00 00 
"
"2016-11-21 14:10:45ID: BC  Data: 00 00 00 AA 00 00 00 00 
"
"2016-11-21 14:10:45ID: BB  Data: 00 00 00 AA 00 00 00 00 
"
"2016-11-21 14:10:45ID: BC  Data: 00 00 00 AA 00 00 00 00 
"
"2016-11-21 14:10:45ID: BB  Data: 00 00 00 AA 00 00 00 00 
"
"2016-11-21 14:10:45ID: BC  Data: 00 00 00 AA 00 00 00 00 
"
"2016-11-21 14:10:45ID: BB  Data: 00 00 00 AA 00 00 00 00 
"
"2016-11-21 14:10:45ID: BC  Data: 00 00 00 AA 00 00 00 00 
"
"2016-11-21 14:10:45ID: BB  Data: 00 00 00 AA 00 00 00 00 
"
"2016-11-21 14:10:45ID: BC  Data: 00 00 00 AA 00 00 00 00 
"
"2016-11-21 14:10:45ID: BB  Data: 00 00 00 AA 00 00 00 00 
"
"2016-11-21 14:10:45ID: BC  Data: 00 00 00 AA 00 00 00 00 
"
"2016-11-21 14:10:45ID: BB  Data: 00 00 00 AA 00 00 00 00 
"
"2016-11-21 14:10:45ID: BC  Data: 00 00 00 AA 00 00 00 00 
"
"2016-11-21 14:10:45ID: BB  Data: 00 00 00 AA 00 00 00 00 
"
"2016-11-21 14:10:45ID: BC  Data: 00 00 00 AA 00 00 00 00 
"
"2016-11-21 14:10:45ID: BB  Data: 00 00 00 AA 00 00 00 00 
"
"2016-11-21 14:10:45ID: BC  Data: 00 00 00 AA 00 00 00 00 
"
"2016-11-21 14:10:45ID: BB  Data: 00 00 00 AA 00 00 00 00 
"
"2016-11-21 14:10:45ID: BC  Data: 00 00 00 AA 00 00 00 00 
"
"2016-11-21 14:10:45ID: BB  Data: 00 00 00 AA 00 00 00 00 
"
"2016-11-21 14:10:46ID: BC  Data: 00 00 00 AA 00 00 00 00 
"
"2016-11-21 14:10:46ID: BB  Data: 00 00 00 AA 00 00 00 00 
"
"2016-11-21 14:10:46ID: BC  Data: 00 00 00 AA 00 00 00 00 
"
"2016-11-21 14:10:46ID: BB  Data: 00 00 00 AA 00 00 00 00 
"
"2016-11-21 14:10:46ID: BC  Data: 00 00 00 AA 00 00 00 00 
"
"2016-11-21 14:10:46ID: BB  Data: 00 00 00 AA 00 00 00 00 
"
"2016-11-21 14:10:46ID: BC  Data: 00 00 00 AA 00 00 00 00 
"
"2016-11-21 14:10:46ID: BB  Data: 00 00 00 AA 00 00 00 00 
"
"2016-11-21 14:10:46ID: BC  Data: 00 00 00 AA 00 00 00 00 
"
"2016-11-21 14:10:46ID: BB  Data: 00 00 00 AA 00 00 00 00 
"
"2016-11-21 14:10:46ID: BC  Data: 00 00 00 AA 00 00 00 00 
"
"2016-11-21 14:10:46ID: BB  Data: 00 00 00 AA 00 00 00 00 
"
"2016-11-21 14:10:46ID: BC  Data: 00 00 00 AA 00 00 00 00 
"
"2016-11-21 14:10:46ID: BB  Data: 00 00 00 AA 00 00 00 00 
"
"2016-11-21 14:10:46ID: BC  Data: 00 00 00 AA 00 00 00 00 
"
"2016-11-21 14:10:46ID: BB  Data: 00 00 00 AA 00 00 00 00 
"
"2016-11-21 14:10:46ID: BC  Data: 00 00 00 AA 00 00 00 00 
"
"2016-11-21 14:10:46ID: BB  Data: 00 00 00 AA 00 00 00 00 
"
"2016-11-21 14:10:46ID: BC  Data: 00 00 00 AA 00 00 00 00 
"
"2016-11-21 14:10:46ID: BB  Data: 00 00 00 AA 00 00 00 00 
"
"2016-11-21 14:10:46ID: BC  Data: 00 00 00 AA 00 00 00 00 
"
"2016-11-21 14:10:46ID: BB  Data: 00 00 00 AA 00 00 00 00 
"
"2016-11-21 14:10:46ID: BC  Data: 00 00 00 AA 00 00 00 00 
"
"2016-11-21 14:10:47ID: BB  Data: 00 00 00 AA 00 00 00 00 
"
"2016-11-21 14:10:47ID: BC  Data: 00 00 00 AA 00 00 00 00 
"
"2016-11-21 14:10:47ID: BB  Data: 00 00 00 AA 00 00 00 00 
"
"2016-11-21 14:10:47ID: BC  Data: 00 00 00 AA 00 00 00 00 
"
"2016-11-21 14:10:47ID: BB  Data: 00 00 00 AA 00 00 00 00 
"
"2016-11-21 14:10:47ID: BC  Data: 00 00 00 AA 00 00 00 00 
"
"2016-11-21 14:10:47ID: BB  Data: 00 00 00 AA 00 00 00 00 
"
"2016-11-21 14:10:47ID: BC  Data: 00 00 00 AA 00 00 00 00 
"
"2016-11-21 14:10:47ID: BB  Data: 00 00 00 AA 00 00 00 00 
"
"2016-11-21 14:10:47ID: BC  Data: 00 00 00 AA 00 00 00 00 
"
"2016-11-21 14:10:47ID: BB  Data: 00 00 00 AA 00 00 00 00 
"
"2016-11-21 14:10:47ID: BC  Data: 00 00 00 AA 00 00 00 00 
"
"2016-11-21 14:10:47ID: BB  Data: 00 00 00 AA 00 00 00 00 
"
"2016-11-21 14:10:47ID: BC  Data: 00 00 00 AA 00 00 00 00 
"
"2016-11-21 14:10:47ID: BB  Data: 00 00 00 AA 00 00 00 00 
"
"2016-11-21 14:10:47ID: BC  Data: 00 00 00 AA 00 00 00 00 
"
"2016-11-21 14:10:47ID: BB  Data: 00 00 00 AA 00 00 00 00 
"
"2016-11-21 14:10:47ID: BC  Data: 00 00 00 AA 00 00 00 00 
"
"2016-11-21 14:10:47ID: BB  Data: 00 00 00 AA 00 00 00 00 
"
"2016-11-21 14:10:47ID: BC  Data: 00 00 00 AA 00 00 00 00 
"
"2016-11-21 14:10:47ID: BB  Data: 00 00 00 AA 00 00 00 00 
"
"2016-11-21 14:10:47ID: BC  Data: 00 00 00 AA 00 00 00 00 
"
"2016-11-21 14:10:48ID: BB  Data: 00 00 00 AA 00 00 00 00 
"
"2016-11-21 14:10:48ID: BC  Data: 00 00 00 AA 00 00 00 00 
"
"2016-11-21 14:10:48ID: BB  Data: 00 00 00 AA 00 00 00 00 
"
"2016-11-21 14:10:48ID: BC  Data: 00 00 00 AA 00 00 00 00 
"
"2016-11-21 14:10:48ID: BB  Data: 00 00 00 AA 00 00 00 00 
"
"2016-11-21 14:10:48ID: BC  Data: 00 00 00 AA 00 00 00 00 
"
"2016-11-21 14:10:48ID: BB  Data: 00 00 00 AA 00 00 00 00 
"
"2016-11-21 14:10:48ID: BC  Data: 00 00 00 AA 00 00 00 00 
"
"2016-11-21 14:10:48ID: BB  Data: 00 00 00 AA 00 00 00 00 
"
"2016-11-21 14:10:48ID: BC  Data: 00 00 00 AA 00 00 00 00 
"
"2016-11-21 14:10:48ID: BB  Data: 00 00 00 AA 00 00 00 00 
"
"2016-11-21 14:10:48ID: BC  Data: 00 00 00 AA 00 00 00 00 
"
"2016-11-21 14:10:48ID: BB  Data: 00 00 00 AA 00 00 00 00 
"
"2016-11-21 14:10:48ID: BC  Data: 00 00 00 AA 00 00 00 00 
"
"2016-11-21 14:10:48ID: BB  Data: 00 00 00 AA 00 00 00 00 
"
"2016-11-21 14:10:48ID: BC  Data: 00 00 00 AA 00 00 00 00 
"
"2016-11-21 14:10:48ID: BB  Data: 00 00 00 AA 00 00 00 00 
"
"2016-11-21 14:10:48ID: BC  Data: 00 00 00 AA 00 00 00 00 
"
"2016-11-21 14:10:48ID: BB  Data: 00 00 00 AA 00 00 00 00 
"
"2016-11-21 14:10:48ID: BC  Data: 00 00 00 AA 00 00 00 00 
"
"2016-11-21 14:10:48ID: BB  Data: 00 00 00 AA 00 00 00 00 
"
"2016-11-21 14:10:48ID: BC  Data: 00 00 00 AA 00 00 00 00 
"
"2016-11-21 14:10:48ID: BB  Data: 00 00 00 AA 00 00 00 00 
"
"2016-11-21 14:10:48ID: BC  Data: 00 00 00 AA 00 00 00 00 
"
"2016-11-21 14:10:49ID: BB  Data: 00 00 00 AA 00 00 00 00 
"
"2016-11-21 14:10:49ID: BC  Data: 00 00 00 AA 00 00 00 00 
"
"2016-11-21 14:10:49ID: BB  Data: 00 00 00 AA 00 00 00 00 
"
"2016-11-21 14:10:49ID: BC  Data: 00 00 00 AA 00 00 00 00 
"
"2016-11-21 14:10:49ID: BB  Data: 00 00 00 AA 00 00 00 00 
"
"2016-11-21 14:10:49ID: BC  Data: 00 00 00 AA 00 00 00 00 
"
"2016-11-21 14:10:49ID: BB  Data: 00 00 00 AA 00 00 00 00 
"
"2016-11-21 14:10:49ID: BC  Data: 00 00 00 AA 00 00 00 00 
"
"2016-11-21 14:10:49ID: BB  Data: 00 00 00 AA 00 00 00 00 
"
"2016-11-21 14:10:49ID: BC  Data: 00 00 00 AA 00 00 00 00 
"
"2016-11-21 14:10:49ID: BB  Data: 00 00 00 AA 00 00 00 00 
"
"2016-11-21 14:10:49ID: BC  Data: 00 00 00 AA 00 00 00 00 
"
"2016-11-21 14:10:49ID: BB  Data: 00 00 00 AA 00 00 00 00 
"
"2016-11-21 14:10:49ID: BC  Data: 00 00 00 AA 00 00 00 00 
"
"2016-11-21 14:10:49ID: BB  Data: 00 00 00 AA 00 00 00 00 
"
"2016-11-21 14:10:49ID: BC  Data: 00 00 00 AA 00 00 00 00 
"
"2016-11-21 14:10:49ID: BB  Data: 00 00 00 AA 00 00 00 00 
"
"2016-11-21 14:10:49ID: BC  Data: 00 00 00 AA 00 00 00 00 
"
"2016-11-21 14:10:49ID: BB  Data: 00 00 00 AA 00 00 00 00 
"
"2016-11-21 14:10:49ID: BC  Data: 00 00 00 AA 00 00 00 00 
"
"2016-11-21 14:10:49ID: BB  Data: 00 00 00 AA 00 00 00 00 
"
"2016-11-21 14:10:49ID: BC  Data: 00 00 00 AA 00 00 00 00 
"
"2016-11-21 14:10:50ID: BB  Data: 00 00 00 AA 00 00 00 00 
"
"2016-11-21 14:10:50ID: BC  Data: 00 00 00 AA 00 00 00 00 
"
"2016-11-21 14:10:50ID: BB  Data: 00 00 00 AA 00 00 00 00 
"
"2016-11-21 14:10:50ID: BC  Data: 00 00 00 AA 00 00 00 00 
"
"2016-11-21 14:10:50ID: BB  Data: 00 00 00 AA 00 00 00 00 
"
"2016-11-21 14:10:50ID: BC  Data: 00 00 00 AA 00 00 00 00 
"
"2016-11-21 14:10:50ID: BB  Data: 00 00 00 AA 00 00 00 00 
"
"2016-11-21 14:10:50ID: BC  Data: 00 00 00 AA 00 00 00 00 
"
"2016-11-21 14:10:50ID: BB  Data: 00 00 00 AA 00 00 00 00 
"
"2016-11-21 14:10:50ID: BC  Data: 00 00 00 AA 00 00 00 00 
"
"2016-11-21 14:10:50ID: BB  Data: 00 00 00 AA 00 00 00 00 
"
"2016-11-21 14:10:50ID: BC  Data: 00 00 00 AA 00 00 00 00 
"
"2016-11-21 14:10:50ID: BB  Data: 00 00 00 AA 00 00 00 00 
"
"2016-11-21 14:10:50ID: BC  Data: 00 00 00 AA 00 00 00 00 
"
"2016-11-21 14:10:50ID: BB  Data: 00 00 00 AA 00 00 00 00 
"
"2016-11-21 14:10:50ID: BC  Data: 00 00 00 AA 00 00 00 00 
"
"2016-11-21 14:10:50ID: BB  Data: 00 00 00 AA 00 00 00 00 
"
"2016-11-21 14:10:50ID: BC  Data: 00 00 00 AA 00 00 00 00 
"
"2016-11-21 14:10:50ID: BB  Data: 00 00 00 AA 00 00 00 00 
"
"2016-11-21 14:10:50ID: BC  Data: 00 00 00 AA 00 00 00 00 
"
"2016-11-21 14:10:50ID: BB  Data: 00 00 00 AA 00 00 00 00 
"
"2016-11-21 14:10:50ID: BC  Data: 00 00 00 AA 00 00 00 00 
"
"2016-11-21 14:10:51ID: BB  Data: 00 00 00 AA 00 00 00 00 
"
"2016-11-21 14:10:51ID: BC  Data: 00 00 00 AA 00 00 00 00 
"
"2016-11-21 14:10:51ID: BB  Data: 00 00 00 AA 00 00 00 00 
"
"2016-11-21 14:10:51ID: BC  Data: 00 00 00 AA 00 00 00 00 
"
"2016-11-21 14:10:51ID: BB  Data: 00 00 00 AA 00 00 00 00 
"
"2016-11-21 14:10:51ID: BC  Data: 00 00 00 AA 00 00 00 00 
"
"2016-11-21 14:10:51ID: BB  Data: 00 00 00 AA 00 00 00 00 
"
"2016-11-21 14:10:51ID: BC  Data: 00 00 00 AA 00 00 00 00 
"
"2016-11-21 14:10:51ID: BB  Data: 00 00 00 AA 00 00 00 00 
"
"2016-11-21 14:10:51ID: BC  Data: 00 00 00 AA 00 00 00 00 
"
"2016-11-21 14:10:51ID: BB  Data: 00 00 00 AA 00 00 00 00 
"
"2016-11-21 14:10:51ID: BC  Data: 00 00 00 AA 00 00 00 00 
"
"2016-11-21 14:10:51ID: BB  Data: 00 00 00 AA 00 00 00 00 
"
"2016-11-21 14:10:51ID: BC  Data: 00 00 00 AA 00 00 00 00 
"
"2016-11-21 14:10:51ID: BB  Data: 00 00 00 AA 00 00 00 00 
"
"2016-11-21 14:10:51ID: BC  Data: 00 00 00 AA 00 00 00 00 
"
"2016-11-21 14:10:51ID: BB  Data: 00 00 00 AA 00 00 00 00 
"
"2016-11-21 14:10:51ID: BC  Data: 00 00 00 AA 00 00 00 00 
"
"2016-11-21 14:10:51ID: BB  Data: 00 00 00 AA 00 00 00 00 
"
"2016-11-21 14:10:51ID: BC  Data: 00 00 00 AA 00 00 00 00 
"
"2016-11-21 14:10:51ID: BB  Data: 00 00 00 AA 00 00 00 00 
"
"2016-11-21 14:10:51ID: BC  Data: 00 00 00 AA 00 00 00 00 
"
"2016-11-21 14:10:51ID: BB  Data: 00 00 00 AA 00 00 00 00 
"
"2016-11-21 14:10:51ID: BC  Data: 00 00 00 AA 00 00 00 00 
"
"2016-11-21 14:10:52ID: BB  Data: 00 00 00 AA 00 00 00 00 
"
"2016-11-21 14:10:52ID: BC  Data: 00 00 00 AA 00 00 00 00 
"
"2016-11-21 14:10:52ID: BB  Data: 00 00 00 AA 00 00 00 00 
"
"2016-11-21 14:10:52ID: BC  Data: 00 00 00 AA 00 00 00 00 
"
"2016-11-21 14:10:52ID: BB  Data: 00 00 00 AA 00 00 00 00 
"
"2016-11-21 14:10:52ID: BC  Data: 00 00 00 AA 00 00 00 00 
"
"2016-11-21 14:10:52ID: BB  Data: 00 00 00 AA 00 00 00 00 
"
"2016-11-21 14:10:52ID: BC  Data: 00 00 00 AA 00 00 00 00 
"
"2016-11-21 14:10:52ID: BB  Data: 00 00 00 AA 00 00 00 00 
"
"2016-11-21 14:10:52ID: BC  Data: 00 00 00 AA 00 00 00 00 
"
"2016-11-21 14:10:52ID: BB  Data: 00 00 00 AA 00 00 00 00 
"
"2016-11-21 14:10:52ID: BC  Data: 00 00 00 AA 00 00 00 00 
"
"2016-11-21 14:10:52ID: BB  Data: 00 00 00 AA 00 00 00 00 
"
"2016-11-21 14:10:52ID: BC  Data: 00 00 00 AA 00 00 00 00 
"
"2016-11-21 14:10:52ID: BB  Data: 00 00 00 AA 00 00 00 00 
"
"2016-11-21 14:10:52ID: BC  Data: 00 00 00 AA 00 00 00 00 
"
"2016-11-21 14:10:52ID: BB  Data: 00 00 00 AA 00 00 00 00 
"
"2016-11-21 14:10:52ID: BC  Data: 00 00 00 AA 00 00 00 00 
"
"2016-11-21 14:10:52ID: BB  Data: 00 00 00 AA 00 00 00 00 
"
"2016-11-21 14:10:52ID: BC  Data: 00 00 00 AA 00 00 00 00 
"
"2016-11-21 14:10:52ID: BB  Data: 00 00 00 AA 00 00 00 00 
"
"2016-11-21 14:10:52ID: BC  Data: 00 00 00 AA 00 00 00 00 
"
"2016-11-21 14:10:53ID: BB  Data: 00 00 00 AA 00 00 00 00 
"
"2016-11-21 14:10:53ID: BC  Data: 00 00 00 AA 00 00 00 00 
"
"2016-11-21 14:10:53ID: BB  Data: 00 00 00 AA 00 00 00 00 
"
"2016-11-21 14:10:53ID: BC  Data: 00 00 00 AA 00 00 00 00 
"
"2016-11-21 14:10:53ID: BB  Data: 00 00 00 AA 00 00 00 00 
"
"2016-11-21 14:10:53ID: BC  Data: 00 00 00 AA 00 00 00 00 
"
"2016-11-21 14:10:53ID: BB  Data: 00 00 00 AA 00 00 00 00 
"
"2016-11-21 14:10:53ID: BC  Data: 00 00 00 AA 00 00 00 00 
"
"2016-11-21 14:10:53ID: BB  Data: 00 00 00 AA 00 00 00 00 
"
"2016-11-21 14:10:53ID: BC  Data: 00 00 00 AA 00 00 00 00 
"
"2016-11-21 14:10:53ID: BB  Data: 00 00 00 AA 00 00 00 00 
"
"2016-11-21 14:10:53ID: BC  Data: 00 00 00 AA 00 00 00 00 
"
"2016-11-21 14:10:53ID: BB  Data: 00 00 00 AA 00 00 00 00 
"
"2016-11-21 14:10:53ID: BC  Data: 00 00 00 AA 00 00 00 00 
"
"2016-11-21 14:10:53ID: BB  Data: 00 00 00 AA 00 00 00 00 
"
"2016-11-21 14:10:53ID: BC  Data: 00 00 00 AA 00 00 00 00 
"
"2016-11-21 14:10:53ID: BB  Data: 00 00 00 AA 00 00 00 00 
"
"2016-11-21 14:10:53ID: BC  Data: 00 00 00 AA 00 00 00 00 
"
"2016-11-21 14:10:53ID: BB  Data: 00 00 00 AA 00 00 00 00 
"
"2016-11-21 14:10:53ID: BC  Data: 00 00 00 AA 00 00 00 00 
"
"2016-11-21 14:10:53ID: BB  Data: 00 00 00 AA 00 00 00 00 
"
"2016-11-21 14:10:53ID: BC  Data: 00 00 00 AA 00 00 00 00 
"
"2016-11-21 14:10:54ID: BB  Data: 00 00 00 AA 00 00 00 00 
"
"2016-11-21 14:10:54ID: BC  Data: 00 00 00 AA 00 00 00 00 
"
"2016-11-21 14:10:54ID: BB  Data: 00 00 00 AA 00 00 00 00 
"
"2016-11-21 14:10:54ID: BC  Data: 00 00 00 AA 00 00 00 00 
"
"2016-11-21 14:10:54ID: BB  Data: 00 00 00 AA 00 00 00 00 
"
"2016-11-21 14:10:54ID: BC  Data: 00 00 00 AA 00 00 00 00 
"
"2016-11-21 14:10:54ID: BB  Data: 00 00 00 AA 00 00 00 00 
"
"2016-11-21 14:10:54ID: BC  Data: 00 00 00 AA 00 00 00 00 
"
"2016-11-21 14:10:54ID: BB  Data: 00 00 00 AA 00 00 00 00 
"
"2016-11-21 14:10:54ID: BC  Data: 00 00 00 AA 00 00 00 00 
"
"2016-11-21 14:10:54ID: BB  Data: 00 00 00 AA 00 00 00 00 
"
"2016-11-21 14:10:54ID: BC  Data: 00 00 00 AA 00 00 00 00 
"
"2016-11-21 14:10:54ID: BB  Data: 00 00 00 AA 00 00 00 00 
"
"2016-11-21 14:10:54ID: BC  Data: 00 00 00 AA 00 00 00 00 
"
"2016-11-21 14:10:54ID: BB  Data: 00 00 00 AA 00 00 00 00 
"
"2016-11-21 14:10:54ID: BC  Data: 00 00 00 AA 00 00 00 00 
"
"2016-11-21 14:10:54ID: BB  Data: 00 00 00 AA 00 00 00 00 
"
"2016-11-21 14:10:54ID: BC  Data: 00 00 00 AA 00 00 00 00 
"
"2016-11-21 14:10:54ID: BB  Data: 00 00 00 AA 00 00 00 00 
"
"2016-11-21 14:10:54ID: BC  Data: 00 00 00 AA 00 00 00 00 
"
"2016-11-21 14:10:54ID: BB  Data: 00 00 00 AA 00 00 00 00 
"
"2016-11-21 14:10:54ID: BC  Data: 00 00 00 AA 00 00 00 00 
"
"2016-11-21 14:10:54ID: BB  Data: 00 00 00 AA 00 00 00 00 
"
"2016-11-21 14:10:54ID: BC  Data: 00 00 00 AA 00 00 00 00 
"
"2016-11-21 14:10:55ID: BB  Data: 00 00 00 AA 00 00 00 00 
"
"2016-11-21 14:10:55ID: BC  Data: 00 00 00 AA 00 00 00 00 
"
"2016-11-21 14:10:55ID: BB  Data: 00 00 00 AA 00 00 00 00 
"
"2016-11-21 14:10:55ID: BC  Data: 00 00 00 AA 00 00 00 00 
"
"2016-11-21 14:10:55ID: BB  Data: 00 00 00 AA 00 00 00 00 
"
"2016-11-21 14:10:55ID: BC  Data: 00 00 00 AA 00 00 00 00 
"
"2016-11-21 14:10:55ID: BB  Data: 00 00 00 AA 00 00 00 00 
"
"2016-11-21 14:10:55ID: BC  Data: 00 00 00 AA 00 00 00 00 
"
"2016-11-21 14:10:55ID: BB  Data: 00 00 00 AA 00 00 00 00 
"
"2016-11-21 14:10:55ID: BC  Data: 00 00 00 AA 00 00 00 00 
"
"2016-11-21 14:10:55ID: BB  Data: 00 00 00 AA 00 00 00 00 
"
"2016-11-21 14:10:55ID: BC  Data: 00 00 00 AA 00 00 00 00 
"
"2016-11-21 14:10:55ID: BB  Data: 00 00 00 AA 00 00 00 00 
"
"2016-11-21 14:10:55ID: BC  Data: 00 00 00 AA 00 00 00 00 
"
"2016-11-21 14:10:55ID: BB  Data: 00 00 00 AA 00 00 00 00 
"
"2016-11-21 14:10:55ID: BC  Data: 00 00 00 AA 00 00 00 00 
"
"2016-11-21 14:10:55ID: BB  Data: 00 00 00 AA 00 00 00 00 
"
"2016-11-21 14:10:55ID: BC  Data: 00 00 00 AA 00 00 00 00 
"
"2016-11-21 14:10:55ID: BB  Data: 00 00 00 AA 00 00 00 00 
"
"2016-11-21 14:10:55ID: BC  Data: 00 00 00 AA 00 00 00 00 
"
"2016-11-21 14:10:55ID: BB  Data: 00 00 00 AA 00 00 00 00 
"
"2016-11-21 14:10:55ID: BC  Data: 00 00 00 AA 00 00 00 00 
"
"2016-11-21 14:10:56ID: BB  Data: 00 00 00 AA 00 00 00 00 
"
"2016-11-21 14:10:56ID: BC  Data: 00 00 00 AA 00 00 00 00 
"
"2016-11-21 14:10:56ID: BB  Data: 00 00 00 AA 00 00 00 00 
"
"2016-11-21 14:10:56ID: BC  Data: 00 00 00 AA 00 00 00 00 
"
"2016-11-21 14:10:56ID: BB  Data: 00 00 00 AA 00 00 00 00 
"
"2016-11-21 14:10:56ID: BC  Data: 00 00 00 AA 00 00 00 00 
"
"2016-11-21 14:10:56ID: BB  Data: 00 00 00 AA 00 00 00 00 
"
"2016-11-21 14:10:56ID: BC  Data: 00 00 00 AA 00 00 00 00 
"
"2016-11-21 14:10:56ID: BB  Data: 00 00 00 AA 00 00 00 00 
"
"2016-11-21 14:10:56ID: BC  Data: 00 00 00 AA 00 00 00 00 
"
"2016-11-21 14:10:56ID: BB  Data: 00 00 00 AA 00 00 00 00 
"
"2016-11-21 14:10:56ID: BC  Data: 00 00 00 AA 00 00 00 00 
"
"2016-11-21 14:10:56ID: BB  Data: 00 00 00 AA 00 00 00 00 
"
"2016-11-21 14:10:56ID: BC  Data: 00 00 00 AA 00 00 00 00 
"
"2016-11-21 14:10:56ID: BB  Data: 00 00 00 AA 00 00 00 00 
"
"2016-11-21 14:10:56ID: BC  Data: 00 00 00 AA 00 00 00 00 
"
"2016-11-21 14:10:56ID: BB  Data: 00 00 00 AA 00 00 00 00 
"
"2016-11-21 14:10:56ID: BC  Data: 00 00 00 AA 00 00 00 00 
"
"2016-11-21 14:10:56ID: BB  Data: 00 00 00 AA 00 00 00 00 
"
"2016-11-21 14:10:56ID: BC  Data: 00 00 00 AA 00 00 00 00 
"
"2016-11-21 14:10:56ID: BB  Data: 00 00 00 AA 00 00 00 00 
"
"2016-11-21 14:10:56ID: BC  Data: 00 00 00 AA 00 00 00 00 
"
"2016-11-21 14:10:56ID: BB  Data: 00 00 00 AA 00 00 00 00 
"
"2016-11-21 14:10:57ID: BC  Data: 00 00 00 AA 00 00 00 00 
"
"2016-11-21 14:10:57ID: BB  Data: 00 00 00 AA 00 00 00 00 
"
"2016-11-21 14:10:57ID: BC  Data: 00 00 00 AA 00 00 00 00 
"
"2016-11-21 14:10:57ID: BB  Data: 00 00 00 AA 00 00 00 00 
"
"2016-11-21 14:10:57ID: BC  Data: 00 00 00 AA 00 00 00 00 
"
"2016-11-21 14:10:57ID: BB  Data: 00 00 00 AA 00 00 00 00 
"
"2016-11-21 14:10:57ID: BC  Data: 00 00 00 AA 00 00 00 00 
"
"2016-11-21 14:10:57ID: BB  Data: 00 00 00 AA 00 00 00 00 
"
"2016-11-21 14:10:57ID: BC  Data: 00 00 00 AA 00 00 00 00 
"
"2016-11-21 14:10:57ID: BB  Data: 00 00 00 AA 00 00 00 00 
"
"2016-11-21 14:10:57ID: BC  Data: 00 00 00 AA 00 00 00 00 
"
"2016-11-21 14:10:57ID: BB  Data: 00 00 00 AA 00 00 00 00 
"
"2016-11-21 14:10:57ID: BC  Data: 00 00 00 AA 00 00 00 00 
"
"2016-11-21 14:10:57ID: BB  Data: 00 00 00 AA 00 00 00 00 
"
"2016-11-21 14:10:57ID: BC  Data: 00 00 00 AA 00 00 00 00 
"
"2016-11-21 14:10:57ID: BB  Data: 00 00 00 AA 00 00 00 00 
"
"2016-11-21 14:10:57ID: BC  Data: 00 00 00 AA 00 00 00 00 
"
"2016-11-21 14:10:57ID: BB  Data: 00 00 00 AA 00 00 00 00 
"
"2016-11-21 14:10:57ID: BC  Data: 00 00 00 AA 00 00 00 00 
"
"2016-11-21 14:10:57ID: BB  Data: 00 00 00 AA 00 00 00 00 
"
"2016-11-21 14:10:57ID: BC  Data: 00 00 00 AA 00 00 00 00 
"
"2016-11-21 14:10:57ID: BB  Data: 00 00 00 AA 00 00 00 00 
"
"2016-11-21 14:10:57ID: BC  Data: 00 00 00 AA 00 00 00 00 
"
"2016-11-21 14:10:58ID: BB  Data: 00 00 00 AA 00 00 00 00 
"
"2016-11-21 14:10:58ID: BC  Data: 00 00 00 AA 00 00 00 00 
"
"2016-11-21 14:10:58ID: BB  Data: 00 00 00 AA 00 00 00 00 
"
"2016-11-21 14:10:58ID: BC  Data: 00 00 00 AA 00 00 00 00 
"
"2016-11-21 14:10:58ID: BB  Data: 00 00 00 AA 00 00 00 00 
"
"2016-11-21 14:10:58ID: BC  Data: 00 00 00 AA 00 00 00 00 
"
"2016-11-21 14:10:58ID: BB  Data: 00 00 00 AA 00 00 00 00 
"
"2016-11-21 14:10:58ID: BC  Data: 00 00 00 AA 00 00 00 00 
"
"2016-11-21 14:10:58ID: BB  Data: 00 00 00 AA 00 00 00 00 
"
"2016-11-21 14:10:58ID: BC  Data: 00 00 00 AA 00 00 00 00 
"
"2016-11-21 14:10:58ID: BB  Data: 00 00 00 AA 00 00 00 00 
"
"2016-11-21 14:10:58ID: BC  Data: 00 00 00 AA 00 00 00 00 
"
"2016-11-21 14:10:58ID: BB  Data: 00 00 00 AA 00 00 00 00 
"
"2016-11-21 14:10:58ID: BC  Data: 00 00 00 AA 00 00 00 00 
"
"2016-11-21 14:10:58ID: BB  Data: 00 00 00 AA 00 00 00 00 
"
"2016-11-21 14:10:58ID: BC  Data: 00 00 00 AA 00 00 00 00 
"
"2016-11-21 14:10:58ID: BB  Data: 00 00 00 AA 00 00 00 00 
"
"2016-11-21 14:10:58ID: BC  Data: 00 00 00 AA 00 00 00 00 
"
"2016-11-21 14:10:58ID: BB  Data: 00 00 00 AA 00 00 00 00 
"
"2016-11-21 14:10:58ID: BC  Data: 00 00 00 AA 00 00 00 00 
"
"2016-11-21 14:10:58ID: BB  Data: 00 00 00 AA 00 00 00 00 
"
"2016-11-21 14:10:58ID: BC  Data: 00 00 00 AA 00 00 00 00 
"
"2016-11-21 14:10:59ID: BB  Data: 00 00 00 AA 00 00 00 00 
"
"2016-11-21 14:10:59ID: BC  Data: 00 00 00 AA 00 00 00 00 
"
"2016-11-21 14:10:59ID: BB  Data: 00 00 00 AA 00 00 00 00 
"
"2016-11-21 14:10:59ID: BC  Data: 00 00 00 AA 00 00 00 00 
"
"2016-11-21 14:10:59ID: BB  Data: 00 00 00 AA 00 00 00 00 
"
"2016-11-21 14:10:59ID: BC  Data: 00 00 00 AA 00 00 00 00 
"
"2016-11-21 14:10:59ID: BB  Data: 00 00 00 AA 00 00 00 00 
"
"2016-11-21 14:10:59ID: BC  Data: 00 00 00 AA 00 00 00 00 
"
"2016-11-21 14:10:59ID: BB  Data: 00 00 00 AA 00 00 00 00 
"
"2016-11-21 14:10:59ID: BC  Data: 00 00 00 AA 00 00 00 00 
"
"2016-11-21 14:10:59ID: BB  Data: 00 00 00 AA 00 00 00 00 
"
"2016-11-21 14:10:59ID: BC  Data: 00 00 00 AA 00 00 00 00 
"
"2016-11-21 14:10:59ID: BB  Data: 00 00 00 AA 00 00 00 00 
"
"2016-11-21 14:10:59ID: BC  Data: 00 00 00 AA 00 00 00 00 
"
"2016-11-21 14:10:59ID: BB  Data: 00 00 00 AA 00 00 00 00 
"
"2016-11-21 14:10:59ID: BC  Data: 00 00 00 AA 00 00 00 00 
"
"2016-11-21 14:10:59ID: BB  Data: 00 00 00 AA 00 00 00 00 
"
"2016-11-21 14:10:59ID: BC  Data: 00 00 00 AA 00 00 00 00 
"
"2016-11-21 14:10:59ID: BB  Data: 00 00 00 AA 00 00 00 00 
"
"2016-11-21 14:10:59ID: BC  Data: 00 00 00 AA 00 00 00 00 
"
"2016-11-21 14:10:59ID: BB  Data: 00 00 00 AA 00 00 00 00 
"
"2016-11-21 14:10:59ID: BC  Data: 00 00 00 AA 00 00 00 00 
"
"2016-11-21 14:10:59ID: BB  Data: 00 00 00 AA 00 00 00 00 
"
"2016-11-21 14:10:59ID: BC  Data: 00 00 00 AA 00 00 00 00 
"
"2016-11-21 14:11:00ID: BB  Data: 00 00 00 AA 00 00 00 00 
"
"2016-11-21 14:11:00ID: BC  Data: 00 00 00 AA 00 00 00 00 
"
"2016-11-21 14:11:00ID: BB  Data: 00 00 00 AA 00 00 00 00 
"
"2016-11-21 14:11:00ID: BC  Data: 00 00 00 AA 00 00 00 00 
"
"2016-11-21 14:11:00ID: BB  Data: 00 00 00 AA 00 00 00 00 
"
"2016-11-21 14:11:00ID: BC  Data: 00 00 00 AA 00 00 00 00 
"
"2016-11-21 14:11:00ID: BB  Data: 00 00 00 AA 00 00 00 00 
"
"2016-11-21 14:11:00ID: BC  Data: 00 00 00 AA 00 00 00 00 
"
"2016-11-21 14:11:00ID: BB  Data: 00 00 00 AA 00 00 00 00 
"
"2016-11-21 14:11:00ID: BC  Data: 00 00 00 AA 00 00 00 00 
"
"2016-11-21 14:11:00ID: BB  Data: 00 00 00 AA 00 00 00 00 
"
"2016-11-21 14:11:00ID: BC  Data: 00 00 00 AA 00 00 00 00 
"
"2016-11-21 14:11:00ID: BB  Data: 00 00 00 AA 00 00 00 00 
"
"2016-11-21 14:11:00ID: BC  Data: 00 00 00 AA 00 00 00 00 
"
"2016-11-21 14:11:00ID: BB  Data: 00 00 00 AA 00 00 00 00 
"
"2016-11-21 14:11:00ID: BC  Data: 00 00 00 AA 00 00 00 00 
"
"2016-11-21 14:11:00ID: BB  Data: 00 00 00 AA 00 00 00 00 
"
"2016-11-21 14:11:00ID: BC  Data: 00 00 00 AA 00 00 00 00 
"
"2016-11-21 14:11:00ID: BB  Data: 00 00 00 AA 00 00 00 00 
"
"2016-11-21 14:11:00ID: BC  Data: 00 00 00 AA 00 00 00 00 
"
"2016-11-21 14:11:00ID: BB  Data: 00 00 00 AA 00 00 00 00 
"
"2016-11-21 14:11:00ID: BC  Data: 00 00 00 AA 00 00 00 00 
"
"2016-11-21 14:11:01ID: BB  Data: 00 00 00 AA 00 00 00 00 
"
"2016-11-21 14:11:01ID: BC  Data: 00 00 00 AA 00 00 00 00 
"
"2016-11-21 14:11:01ID: BB  Data: 00 00 00 AA 00 00 00 00 
"
"2016-11-21 14:11:01ID: BC  Data: 00 00 00 AA 00 00 00 00 
"
"2016-11-21 14:11:01ID: BB  Data: 00 00 00 AA 00 00 00 00 
"
"2016-11-21 14:11:01ID: BC  Data: 00 00 00 AA 00 00 00 00 
"
"2016-11-21 14:11:01ID: BB  Data: 00 00 00 AA 00 00 00 00 
"
"2016-11-21 14:11:01ID: BC  Data: 00 00 00 AA 00 00 00 00 
"
"2016-11-21 14:11:01ID: BB  Data: 00 00 00 AA 00 00 00 00 
"
"2016-11-21 14:11:01ID: BC  Data: 00 00 00 AA 00 00 00 00 
"
"2016-11-21 14:11:01ID: BB  Data: 00 00 00 AA 00 00 00 00 
"
"2016-11-21 14:11:01ID: BC  Data: 00 00 00 AA 00 00 00 00 
"
"2016-11-21 14:11:01ID: BB  Data: 00 00 00 AA 00 00 00 00 
"
"2016-11-21 14:11:01ID: BC  Data: 00 00 00 AA 00 00 00 00 
"
"2016-11-21 14:11:01ID: BB  Data: 00 00 00 AA 00 00 00 00 
"
"2016-11-21 14:11:01ID: BC  Data: 00 00 00 AA 00 00 00 00 
"
"2016-11-21 14:11:01ID: BB  Data: 00 00 00 AA 00 00 00 00 
"
"2016-11-21 14:11:01ID: BC  Data: 00 00 00 AA 00 00 00 00 
"
"2016-11-21 14:11:01ID: BB  Data: 00 00 00 AA 00 00 00 00 
"
"2016-11-21 14:11:01ID: BC  Data: 00 00 00 AA 00 00 00 00 
"
"2016-11-21 14:11:01ID: BB  Data: 00 00 00 AA 00 00 00 00 
"
"2016-11-21 14:11:01ID: BC  Data: 00 00 00 AA 00 00 00 00 
"
"2016-11-21 14:11:02ID: BB  Data: 00 00 00 AA 00 00 00 00 
"
"2016-11-21 14:11:02ID: BC  Data: 00 00 00 AA 00 00 00 00 
"
"2016-11-21 14:11:02ID: BB  Data: 00 00 00 AA 00 00 00 00 
"
"2016-11-21 14:11:02ID: BC  Data: 00 00 00 AA 00 00 00 00 
"
"2016-11-21 14:11:02ID: BB  Data: 00 00 00 AA 00 00 00 00 
"
"2016-11-21 14:11:02ID: BC  Data: 00 00 00 AA 00 00 00 00 
"
"2016-11-21 14:11:02ID: BB  Data: 00 00 00 AA 00 00 00 00 
"
"2016-11-21 14:11:02ID: BC  Data: 00 00 00 AA 00 00 00 00 
"
"2016-11-21 14:11:02ID: BB  Data: 00 00 00 AA 00 00 00 00 
"
"2016-11-21 14:11:02ID: BC  Data: 00 00 00 AA 00 00 00 00 
"
"2016-11-21 14:11:02ID: BB  Data: 00 00 00 AA 00 00 00 00 
"
"2016-11-21 14:11:02ID: BC  Data: 00 00 00 AA 00 00 00 00 
"
"2016-11-21 14:11:02ID: BB  Data: 00 00 00 AA 00 00 00 00 
"
"2016-11-21 14:11:02ID: BC  Data: 00 00 00 AA 00 00 00 00 
"
"2016-11-21 14:11:02ID: BB  Data: 00 00 00 AA 00 00 00 00 
"
"2016-11-21 14:11:02ID: BC  Data: 00 00 00 AA 00 00 00 00 
"
"2016-11-21 14:11:02ID: BB  Data: 00 00 00 AA 00 00 00 00 
"
"2016-11-21 14:11:02ID: BC  Data: 00 00 00 AA 00 00 00 00 
"
"2016-11-21 14:11:02ID: BB  Data: 00 00 00 AA 00 00 00 00 
"
"2016-11-21 14:11:02ID: BC  Data: 00 00 00 AA 00 00 00 00 
"
"2016-11-21 14:11:02ID: BB  Data: 00 00 00 AA 00 00 00 00 
"
"2016-11-21 14:11:02ID: BC  Data: 00 00 00 AA 00 00 00 00 
"
"2016-11-21 14:11:02ID: BB  Data: 00 00 00 AA 00 00 00 00 
"
"2016-11-21 14:11:02ID: BC  Data: 00 00 00 AA 00 00 00 00 
"
"2016-11-21 14:11:03ID: BB  Data: 00 00 00 AA 00 00 00 00 
"
"2016-11-21 14:11:03ID: BC  Data: 00 00 00 AA 00 00 00 00 
"
"2016-11-21 14:11:03ID: BB  Data: 00 00 00 AA 00 00 00 00 
"
"2016-11-21 14:11:03ID: BC  Data: 00 00 00 AA 00 00 00 00 
"
"2016-11-21 14:11:03ID: BB  Data: 00 00 00 AA 00 00 00 00 
"
"2016-11-21 14:11:03ID: BC  Data: 00 00 00 AA 00 00 00 00 
"
"2016-11-21 14:11:03ID: BB  Data: 00 00 00 AA 00 00 00 00 
"
"2016-11-21 14:11:03ID: BC  Data: 00 00 00 AA 00 00 00 00 
"
"2016-11-21 14:11:03ID: BB  Data: 00 00 00 AA 00 00 00 00 
"
"2016-11-21 14:11:03ID: BC  Data: 00 00 00 AA 00 00 00 00 
"
"2016-11-21 14:11:03ID: BB  Data: 00 00 00 AA 00 00 00 00 
"
"2016-11-21 14:11:03ID: BC  Data: 00 00 00 AA 00 00 00 00 
"
"2016-11-21 14:11:03ID: BB  Data: 00 00 00 AA 00 00 00 00 
"
"2016-11-21 14:11:03ID: BC  Data: 00 00 00 AA 00 00 00 00 
"
"2016-11-21 14:11:03ID: BB  Data: 00 00 00 AA 00 00 00 00 
"
"2016-11-21 14:11:03ID: BC  Data: 00 00 00 AA 00 00 00 00 
"
"2016-11-21 14:11:03ID: BB  Data: 00 00 00 AA 00 00 00 00 
"
"2016-11-21 14:11:03ID: BC  Data: 00 00 00 AA 00 00 00 00 
"
"2016-11-21 14:11:03ID: BB  Data: 00 00 00 AA 00 00 00 00 
"
"2016-11-21 14:11:03ID: BC  Data: 00 00 00 AA 00 00 00 00 
"
"2016-11-21 14:11:03ID: BB  Data: 00 00 00 AA 00 00 00 00 
"
"2016-11-21 14:11:03ID: BC  Data: 00 00 00 AA 00 00 00 00 
"
"2016-11-21 14:11:04ID: BB  Data: 00 00 00 AA 00 00 00 00 
"
"2016-11-21 14:11:04ID: BC  Data: 00 00 00 AA 00 00 00 00 
"
"2016-11-21 14:11:04ID: BB  Data: 00 00 00 AA 00 00 00 00 
"
"2016-11-21 14:11:04ID: BC  Data: 00 00 00 AA 00 00 00 00 
"
"2016-11-21 14:11:04ID: BB  Data: 00 00 00 AA 00 00 00 00 
"
"2016-11-21 14:11:04ID: BC  Data: 00 00 00 AA 00 00 00 00 
"
"2016-11-21 14:11:04ID: BB  Data: 00 00 00 AA 00 00 00 00 
"
"2016-11-21 14:11:04ID: BC  Data: 00 00 00 AA 00 00 00 00 
"
"2016-11-21 14:11:04ID: BB  Data: 00 00 00 AA 00 00 00 00 
"
"2016-11-21 14:11:04ID: BC  Data: 00 00 00 AA 00 00 00 00 
"
"2016-11-21 14:11:04ID: BB  Data: 00 00 00 AA 00 00 00 00 
"
"2016-11-21 14:11:04ID: BC  Data: 00 00 00 AA 00 00 00 00 
"
"2016-11-21 14:11:04ID: BB  Data: 00 00 00 AA 00 00 00 00 
"
"2016-11-21 14:11:04ID: BC  Data: 00 00 00 AA 00 00 00 00 
"
"2016-11-21 14:11:04ID: BB  Data: 00 00 00 AA 00 00 00 00 
"
"2016-11-21 14:11:04ID: BC  Data: 00 00 00 AA 00 00 00 00 
"
"2016-11-21 14:11:04ID: BB  Data: 00 00 00 AA 00 00 00 00 
"
"2016-11-21 14:11:04ID: BC  Data: 00 00 00 AA 00 00 00 00 
"
"2016-11-21 14:11:04ID: BB  Data: 00 00 00 AA 00 00 00 00 
"
"2016-11-21 14:11:04ID: BC  Data: 00 00 00 AA 00 00 00 00 
"
"2016-11-21 14:11:04ID: BB  Data: 00 00 00 AA 00 00 00 00 
"
"2016-11-21 14:11:04ID: BC  Data: 00 00 00 AA 00 00 00 00 
"
"2016-11-21 14:11:04ID: BB  Data: 00 00 00 AA 00 00 00 00 
"
"2016-11-21 14:11:05ID: BC  Data: 00 00 00 AA 00 00 00 00 
"
"2016-11-21 14:11:05ID: BB  Data: 00 00 00 AA 00 00 00 00 
"
"2016-11-21 14:11:05ID: BC  Data: 00 00 00 AA 00 00 00 00 
"
"2016-11-21 14:11:05ID: BB  Data: 00 00 00 AA 00 00 00 00 
"
"2016-11-21 14:11:05ID: BC  Data: 00 00 00 AA 00 00 00 00 
"
"2016-11-21 14:11:05ID: BB  Data: 00 00 00 AA 00 00 00 00 
"
"2016-11-21 14:11:05ID: BC  Data: 00 00 00 AA 00 00 00 00 
"
"2016-11-21 14:11:05ID: BB  Data: 00 00 00 AA 00 00 00 00 
"
"2016-11-21 14:11:05ID: BC  Data: 00 00 00 AA 00 00 00 00 
"
"2016-11-21 14:11:05ID: BB  Data: 00 00 00 AA 00 00 00 00 
"
"2016-11-21 14:11:05ID: BC  Data: 00 00 00 AA 00 00 00 00 
"
"2016-11-21 14:11:05ID: BB  Data: 00 00 00 AA 00 00 00 00 
"
"2016-11-21 14:11:05ID: BC  Data: 00 00 00 AA 00 00 00 00 
"
"2016-11-21 14:11:05ID: BB  Data: 00 00 00 AA 00 00 00 00 
"
"2016-11-21 14:11:05ID: BC  Data: 00 00 00 AA 00 00 00 00 
"
"2016-11-21 14:11:05ID: BB  Data: 00 00 00 AA 00 00 00 00 
"
"2016-11-21 14:11:05ID: BC  Data: 00 00 00 AA 00 00 00 00 
"
"2016-11-21 14:11:05ID: BB  Data: 00 00 00 AA 00 00 00 00 
"
"2016-11-21 14:11:05ID: BC  Data: 00 00 00 AA 00 00 00 00 
"
"2016-11-21 14:11:05ID: BB  Data: 00 00 00 AA 00 00 00 00 
"
"2016-11-21 14:11:05ID: BC  Data: 00 00 00 AA 00 00 00 00 
"
"2016-11-21 14:11:05ID: BB  Data: 00 00 00 AA 00 00 00 00 
"
"2016-11-21 14:11:05ID: BC  Data: 00 00 00 AA 00 00 00 00 
"
"2016-11-21 14:11:06ID: BB  Data: 00 00 00 AA 00 00 00 00 
"
"2016-11-21 14:11:06ID: BC  Data: 00 00 00 AA 00 00 00 00 
"
"2016-11-21 14:11:06ID: BB  Data: 00 00 00 AA 00 00 00 00 
"
"2016-11-21 14:11:06ID: BC  Data: 00 00 00 AA 00 00 00 00 
"
"2016-11-21 14:11:06ID: BB  Data: 00 00 00 AA 00 00 00 00 
"
"2016-11-21 14:11:06ID: BC  Data: 00 00 00 AA 00 00 00 00 
"
"2016-11-21 14:11:06ID: BB  Data: 00 00 00 AA 00 00 00 00 
"
"2016-11-21 14:11:06ID: BC  Data: 00 00 00 AA 00 00 00 00 
"
"2016-11-21 14:11:06ID: BB  Data: 00 00 00 AA 00 00 00 00 
"
"2016-11-21 14:11:06ID: BC  Data: 00 00 00 AA 00 00 00 00 
"
"2016-11-21 14:11:06ID: BB  Data: 00 00 00 AA 00 00 00 00 
"
"2016-11-21 14:11:06ID: BC  Data: 00 00 00 AA 00 00 00 00 
"
"2016-11-21 14:11:06ID: BB  Data: 00 00 00 AA 00 00 00 00 
"
"2016-11-21 14:11:06ID: BC  Data: 00 00 00 AA 00 00 00 00 
"
"2016-11-21 14:11:06ID: BB  Data: 00 00 00 AA 00 00 00 00 
"
"2016-11-21 14:11:06ID: BC  Data: 00 00 00 AA 00 00 00 00 
"
"2016-11-21 14:11:06ID: BB  Data: 00 00 00 AA 00 00 00 00 
"
"2016-11-21 14:11:06ID: BC  Data: 00 00 00 AA 00 00 00 00 
"
"2016-11-21 14:11:06ID: BB  Data: 00 00 00 AA 00 00 00 00 
"
"2016-11-21 14:11:06ID: BC  Data: 00 00 00 AA 00 00 00 00 
"
"2016-11-21 14:11:06ID: BB  Data: 00 00 00 AA 00 00 00 00 
"
"2016-11-21 14:11:06ID: BC  Data: 00 00 00 AA 00 00 00 00 
"
"2016-11-21 14:11:07ID: BB  Data: 00 00 00 AA 00 00 00 00 
"
"2016-11-21 14:11:07ID: BC  Data: 00 00 00 AA 00 00 00 00 
"
"2016-11-21 14:11:07ID: BB  Data: 00 00 00 AA 00 00 00 00 
"
"2016-11-21 14:11:07ID: BC  Data: 00 00 00 AA 00 00 00 00 
"
"2016-11-21 14:11:07ID: BB  Data: 00 00 00 AA 00 00 00 00 
"
"2016-11-21 14:11:07ID: BC  Data: 00 00 00 AA 00 00 00 00 
"
"2016-11-21 14:11:07ID: BB  Data: 00 00 00 AA 00 00 00 00 
"
"2016-11-21 14:11:07ID: BC  Data: 00 00 00 AA 00 00 00 00 
"
"2016-11-21 14:11:07ID: BB  Data: 00 00 00 AA 00 00 00 00 
"
"2016-11-21 14:11:07ID: BC  Data: 00 00 00 AA 00 00 00 00 
"
"2016-11-21 14:11:07ID: BB  Data: 00 00 00 AA 00 00 00 00 
"
"2016-11-21 14:11:07ID: BC  Data: 00 00 00 AA 00 00 00 00 
"
"2016-11-21 14:11:07ID: BB  Data: 00 00 00 AA 00 00 00 00 
"
"2016-11-21 14:11:07ID: BC  Data: 00 00 00 AA 00 00 00 00 
"
"2016-11-21 14:11:07ID: BB  Data: 00 00 00 AA 00 00 00 00 
"
"2016-11-21 14:11:07ID: BC  Data: 00 00 00 AA 00 00 00 00 
"
"2016-11-21 14:11:07ID: BB  Data: 00 00 00 AA 00 00 00 00 
"
"2016-11-21 14:11:07ID: BC  Data: 00 00 00 AA 00 00 00 00 
"
"2016-11-21 14:11:07ID: BB  Data: 00 00 00 AA 00 00 00 00 
"
"2016-11-21 14:11:07ID: BC  Data: 00 00 00 AA 00 00 00 00 
"
"2016-11-21 14:11:07ID: BB  Data: 00 00 00 AA 00 00 00 00 
"
"2016-11-21 14:11:07ID: BC  Data: 00 00 00 AA 00 00 00 00 
"
"2016-11-21 14:11:07ID: BB  Data: 00 00 00 AA 00 00 00 00 
"
"2016-11-21 14:11:07ID: BC  Data: 00 00 00 AA 00 00 00 00 
"
"2016-11-21 14:11:08ID: BB  Data: 00 00 00 AA 00 00 00 00 
"
"2016-11-21 14:11:08ID: BC  Data: 00 00 00 AA 00 00 00 00 
"
"2016-11-21 14:11:08ID: BB  Data: 00 00 00 AA 00 00 00 00 
"
"2016-11-21 14:11:08ID: BC  Data: 00 00 00 AA 00 00 00 00 
"
"2016-11-21 14:11:08ID: BB  Data: 00 00 00 AA 00 00 00 00 
"
"2016-11-21 14:11:08ID: BC  Data: 00 00 00 AA 00 00 00 00 
"
"2016-11-21 14:11:08ID: BB  Data: 00 00 00 AA 00 00 00 00 
"
"2016-11-21 14:11:08ID: BC  Data: 00 00 00 AA 00 00 00 00 
"
"2016-11-21 14:11:08ID: BB  Data: 00 00 00 AA 00 00 00 00 
"
"2016-11-21 14:11:08ID: BC  Data: 00 00 00 AA 00 00 00 00 
"
"2016-11-21 14:11:08ID: BB  Data: 00 00 00 AA 00 00 00 00 
"
"2016-11-21 14:11:08ID: BC  Data: 00 00 00 AA 00 00 00 00 
"
"2016-11-21 14:11:08ID: BB  Data: 00 00 00 AA 00 00 00 00 
"
"2016-11-21 14:11:08ID: BC  Data: 00 00 00 AA 00 00 00 00 
"
"2016-11-21 14:11:08ID: BB  Data: 00 00 00 AA 00 00 00 00 
"
"2016-11-21 14:11:08ID: BC  Data: 00 00 00 AA 00 00 00 00 
"
"2016-11-21 14:11:08ID: BB  Data: 00 00 00 AA 00 00 00 00 
"
"2016-11-21 14:11:08ID: BC  Data: 00 00 00 AA 00 00 00 00 
"
"2016-11-21 14:11:08ID: BB  Data: 00 00 00 AA 00 00 00 00 
"
"2016-11-21 14:11:08ID: BC  Data: 00 00 00 AA 00 00 00 00 
"
"2016-11-21 14:11:08ID: BB  Data: 00 00 00 AA FD E9 11 AA 
"
"2016-11-21 14:11:08ID: BC  Data: 00 00 00 AA 02 16 EE 56 
"
"2016-11-21 14:11:09ID: BB  Data: 00 00 00 AA FD 64 2E 9C 
"
"2016-11-21 14:11:09ID: BC  Data: 00 00 00 AA 02 9B D1 64 
"
"2016-11-21 14:11:09ID: BB  Data: 00 00 00 AA FD 36 21 D4 
"
"2016-11-21 14:11:09ID: BC  Data: 00 00 00 AA 02 C9 DE 2C 
"
"2016-11-21 14:11:09ID: BB  Data: 00 00 00 AA FC A9 59 D6 
"
"2016-11-21 14:11:09ID: BC  Data: 00 00 00 AA 03 56 A6 2A 
"
"2016-11-21 14:11:09ID: BB  Data: 00 00 00 AA FC 04 E3 0C 
"
"2016-11-21 14:11:09ID: BC  Data: 00 00 00 AA 03 FB 1C F4 
"
"2016-11-21 14:11:09ID: BB  Data: 00 00 00 AA FC 13 5C 17 
"
"2016-11-21 14:11:09ID: BC  Data: 00 00 00 AA 03 EC A3 E9 
"
"2016-11-21 14:11:09ID: BB  Data: 00 00 00 AA FC A4 16 8C 
"
"2016-11-21 14:11:09ID: BC  Data: 00 00 00 AA 03 5B E9 74 
"
"2016-11-21 14:11:09ID: BB  Data: 00 00 00 AA FC 76 09 C4 
"
"2016-11-21 14:11:09ID: BC  Data: 00 00 00 AA 03 89 F6 3C 
"
"2016-11-21 14:11:09ID: BB  Data: 00 00 00 AA FB 2F BD D4 
"
"2016-11-21 14:11:09ID: BC  Data: 00 00 00 AA 04 D0 42 2C 
"
"2016-11-21 14:11:09ID: BB  Data: 00 00 00 AA FA D2 53 71 
"
"2016-11-21 14:11:09ID: BC  Data: 00 00 00 AA 05 2D AC 8F 
"
"2016-11-21 14:11:09ID: BB  Data: 00 00 00 AA FA 78 DB 86 
"
"2016-11-21 14:11:09ID: BC  Data: 00 00 00 AA 05 87 24 7A 
"
"2016-11-21 14:11:09ID: BB  Data: 00 00 00 AA FA 40 48 2A 
"
"2016-11-21 14:11:09ID: BC  Data: 00 00 00 AA 05 BF B7 D6 
"
"2016-11-21 14:11:10ID: BB  Data: 00 00 00 AA F9 82 D1 C0 
"
"2016-11-21 14:11:10ID: BC  Data: 00 00 00 AA 06 7D 2E 40 
"
"2016-11-21 14:11:10ID: BB  Data: 00 00 00 AA F9 7E DF 48 
"
"2016-11-21 14:11:10ID: BC  Data: 00 00 00 AA 06 81 20 B8 
"
"2016-11-21 14:11:10ID: BB  Data: 00 00 00 AA F9 93 EC 70 
"
"2016-11-21 14:11:10ID: BC  Data: 00 00 00 AA 06 6C 13 90 
"
"2016-11-21 14:11:10ID: BB  Data: 00 00 00 AA F9 BB 65 1C 
"
"2016-11-21 14:11:10ID: BC  Data: 00 00 00 AA 06 44 9A E4 
"
"2016-11-21 14:11:10ID: BB  Data: 00 00 00 AA F9 B2 2F 5A 
"
"2016-11-21 14:11:10ID: BC  Data: 00 00 00 AA 06 4D D0 A6 
"
"2016-11-21 14:11:10ID: BB  Data: 00 00 00 AA F9 B3 80 2D 
"
"2016-11-21 14:11:10ID: BC  Data: 00 00 00 AA 06 4C 7F D3 
"
"2016-11-21 14:11:10ID: BB  Data: 00 00 00 AA F9 B8 C3 77 
"
"2016-11-21 14:11:10ID: BC  Data: 00 00 00 AA 06 47 3C 89 
"
"2016-11-21 14:11:10ID: BB  Data: 00 00 00 AA F9 C7 3C 82 
"
"2016-11-21 14:11:10ID: BC  Data: 00 00 00 AA 06 38 C3 7E 
"
"2016-11-21 14:11:10ID: BB  Data: 00 00 00 AA F9 C9 DE 27 
"
"2016-11-21 14:11:10ID: BC  Data: 00 00 00 AA 06 36 21 D9 
"
"2016-11-21 14:11:10ID: BB  Data: 00 00 00 AA F9 C0 A8 66 
"
"2016-11-21 14:11:10ID: BC  Data: 00 00 00 AA 06 3F 57 9A 
"
"2016-11-21 14:11:10ID: BB  Data: 00 00 00 AA F9 C9 DE 27 
"
"2016-11-21 14:11:10ID: BC  Data: 00 00 00 AA 06 36 21 D9 
"
"2016-11-21 14:11:10ID: BB  Data: 00 00 00 AA F9 CB 2E FA 
"
"2016-11-21 14:11:10ID: BC  Data: 00 00 00 AA 06 34 D1 06 
"
"2016-11-21 14:11:11ID: BB  Data: 00 00 00 AA F9 CB 2E FA 
"
"2016-11-21 14:11:11ID: BC  Data: 00 00 00 AA 06 34 D1 06 
"
"2016-11-21 14:11:11ID: BB  Data: 00 00 00 AA F9 C9 DE 27 
"
"2016-11-21 14:11:11ID: BC  Data: 00 00 00 AA 06 36 21 D9 
"
"2016-11-21 14:11:11ID: BB  Data: 00 00 00 AA F9 C9 DE 27 
"
"2016-11-21 14:11:11ID: BC  Data: 00 00 00 AA 06 36 21 D9 
"
"2016-11-21 14:11:11ID: BB  Data: 00 00 00 AA F9 C8 8D 55 
"
"2016-11-21 14:11:11ID: BC  Data: 00 00 00 AA 06 37 72 AB 
"
"2016-11-21 14:11:11ID: BB  Data: 00 00 00 AA F9 C5 EB B0 
"
"2016-11-21 14:11:11ID: BC  Data: 00 00 00 AA 06 3A 14 50 
"
"2016-11-21 14:11:11ID: BB  Data: 00 00 00 AA F9 C5 EB B0 
"
"2016-11-21 14:11:11ID: BC  Data: 00 00 00 AA 06 3A 14 50 
"
"2016-11-21 14:11:11ID: BB  Data: 00 00 00 AA F9 C8 8D 55 
"
"2016-11-21 14:11:11ID: BC  Data: 00 00 00 AA 06 37 72 AB 
"
"2016-11-21 14:11:11ID: BB  Data: 00 00 00 AA F9 C9 DE 27 
"
"2016-11-21 14:11:11ID: BC  Data: 00 00 00 AA 06 36 21 D9 
"
"2016-11-21 14:11:11ID: BB  Data: 00 00 00 AA F9 D1 C3 17 
"
"2016-11-21 14:11:11ID: BC  Data: 00 00 00 AA 06 2E 3C E9 
"
"2016-11-21 14:11:11ID: BB  Data: 00 00 00 AA F9 D3 13 E9 
"
"2016-11-21 14:11:11ID: BC  Data: 00 00 00 AA 06 2C EC 17 
"
"2016-11-21 14:11:11ID: BB  Data: 00 00 00 AA F9 DD 9A 7D 
"
"2016-11-21 14:11:11ID: BC  Data: 00 00 00 AA 06 22 65 83 
"
"2016-11-21 14:11:12ID: BB  Data: 00 00 00 AA F9 E6 D0 3F 
"
"2016-11-21 14:11:12ID: BC  Data: 00 00 00 AA 06 19 2F C1 
"
"2016-11-21 14:11:12ID: BB  Data: 00 00 00 AA F9 FF CF DF 
"
"2016-11-21 14:11:12ID: BC  Data: 00 00 00 AA 06 00 30 21 
"
"2016-11-21 14:11:12ID: BB  Data: 00 00 00 AA FA 57 F6 F7 
"
"2016-11-21 14:11:12ID: BC  Data: 00 00 00 AA 05 A8 09 09 
"
"2016-11-21 14:11:12ID: BB  Data: 00 00 00 AA FC E0 9C 60 
"
"2016-11-21 14:11:12ID: BC  Data: 00 00 00 AA 03 1F 63 A0 
"
"2016-11-21 14:11:12ID: BB  Data: 00 00 00 AA 00 00 00 00 
"
"2016-11-21 14:11:12ID: BC  Data: 00 00 00 AA 00 00 00 00 
"
"2016-11-21 14:11:12ID: BB  Data: 00 00 00 AA 00 00 00 00 
"
"2016-11-21 14:11:12ID: BC  Data: 00 00 00 AA 00 00 00 00 
"
"2016-11-21 14:11:12ID: BB  Data: 00 00 00 AA 00 00 00 00 
"
"2016-11-21 14:11:12ID: BC  Data: 00 00 00 AA 00 00 00 00 
"
"2016-11-21 14:11:12ID: BB  Data: 00 00 00 AA 00 00 00 00 
"
"2016-11-21 14:11:12ID: BC  Data: 00 00 00 AA 00 00 00 00 
"
"2016-11-21 14:11:12ID: BB  Data: 00 00 00 AA 00 00 00 00 
"
"2016-11-21 14:11:12ID: BC  Data: 00 00 00 AA 00 00 00 00 
"
"2016-11-21 14:11:12ID: BB  Data: 00 00 00 AA 00 00 00 00 
"
"2016-11-21 14:11:12ID: BC  Data: 00 00 00 AA 00 00 00 00 
"
"2016-11-21 14:11:12ID: BB  Data: 00 00 00 AA 00 00 00 00 
"
"2016-11-21 14:11:12ID: BC  Data: 00 00 00 AA 00 00 00 00 
"
"2016-11-21 14:11:13ID: BB  Data: 00 00 00 AA 00 00 00 00 
"
"2016-11-21 14:11:13ID: BC  Data: 00 00 00 AA 00 00 00 00 
"
"2016-11-21 14:11:13ID: BB  Data: 00 00 00 AA 00 00 00 00 
"
"2016-11-21 14:11:13ID: BC  Data: 00 00 00 AA 00 00 00 00 
"
"2016-11-21 14:11:13ID: BB  Data: 00 00 00 AA 00 00 00 00 
"
"2016-11-21 14:11:13ID: BC  Data: 00 00 00 AA 00 00 00 00 
"
"2016-11-21 14:11:13ID: BB  Data: 00 00 00 AA 00 00 00 00 
"
"2016-11-21 14:11:13ID: BC  Data: 00 00 00 AA 00 00 00 00 
"
"2016-11-21 14:11:13ID: BB  Data: 00 00 00 AA 00 00 00 00 
"
"2016-11-21 14:11:13ID: BC  Data: 00 00 00 AA 00 00 00 00 
"
"2016-11-21 14:11:13ID: BB  Data: 00 00 00 AA 00 00 00 00 
"
"2016-11-21 14:11:13ID: BC  Data: 00 00 00 AA 00 00 00 00 
"
"2016-11-21 14:11:13ID: BB  Data: 00 00 00 AA 00 00 00 00 
"
"2016-11-21 14:11:13ID: BC  Data: 00 00 00 AA 00 00 00 00 
"
"2016-11-21 14:11:13ID: BB  Data: 00 00 00 AA 00 00 00 00 
"
"2016-11-21 14:11:13ID: BC  Data: 00 00 00 AA 00 00 00 00 
"
"2016-11-21 14:11:13ID: BB  Data: 00 00 00 AA 00 00 00 00 
"
"2016-11-21 14:11:13ID: BC  Data: 00 00 00 AA 00 00 00 00 
"
"2016-11-21 14:11:13ID: BB  Data: 00 00 00 AA 00 00 00 00 
"
"2016-11-21 14:11:13ID: BC  Data: 00 00 00 AA 00 00 00 00 
"
"2016-11-21 14:11:13ID: BB  Data: 00 00 00 AA 00 00 00 00 
"
"2016-11-21 14:11:13ID: BC  Data: 00 00 00 AA 00 00 00 00 
"
"2016-11-21 14:11:13ID: BB  Data: 00 00 00 AA 00 00 00 00 
"
"2016-11-21 14:11:13ID: BC  Data: 00 00 00 AA 00 00 00 00 
"
"2016-11-21 14:11:14ID: BB  Data: 00 00 00 AA 00 00 00 00 
"
"2016-11-21 14:11:14ID: BC  Data: 00 00 00 AA 00 00 00 00 
"
"2016-11-21 14:11:14ID: BB  Data: 00 00 00 AA 00 00 00 00 
"
"2016-11-21 14:11:14ID: BC  Data: 00 00 00 AA 00 00 00 00 
"
"2016-11-21 14:11:14ID: BB  Data: 00 00 00 AA 00 00 00 00 
"
"2016-11-21 14:11:14ID: BC  Data: 00 00 00 AA 00 00 00 00 
"
"2016-11-21 14:11:14ID: BB  Data: 00 00 00 AA 00 00 00 00 
"
"2016-11-21 14:11:14ID: BC  Data: 00 00 00 AA 00 00 00 00 
"
"2016-11-21 14:11:14ID: BB  Data: 00 00 00 AA 00 00 00 00 
"
"2016-11-21 14:11:14ID: BC  Data: 00 00 00 AA 00 00 00 00 
"
"2016-11-21 14:11:14ID: BB  Data: 00 00 00 AA 00 00 00 00 
"
"2016-11-21 14:11:14ID: BC  Data: 00 00 00 AA 00 00 00 00 
"
"2016-11-21 14:11:14ID: BB  Data: 00 00 00 AA 00 00 00 00 
"
"2016-11-21 14:11:14ID: BC  Data: 00 00 00 AA 00 00 00 00 
"
"2016-11-21 14:11:14ID: BB  Data: 00 00 00 AA 00 00 00 00 
"
"2016-11-21 14:11:14ID: BC  Data: 00 00 00 AA 00 00 00 00 
"
"2016-11-21 14:11:14ID: BB  Data: 00 00 00 AA 00 00 00 00 
"
"2016-11-21 14:11:14ID: BC  Data: 00 00 00 AA 00 00 00 00 
"
"2016-11-21 14:11:14ID: BB  Data: 00 00 00 AA 00 00 00 00 
"
"2016-11-21 14:11:14ID: BC  Data: 00 00 00 AA 00 00 00 00 
"
"2016-11-21 14:11:14ID: BB  Data: 00 00 00 AA 00 00 00 00 
"
"2016-11-21 14:11:14ID: BC  Data: 00 00 00 AA 00 00 00 00 
"
"2016-11-21 14:11:15ID: BB  Data: 00 00 00 AA 00 00 00 00 
"
"2016-11-21 14:11:15ID: BC  Data: 00 00 00 AA 00 00 00 00 
"
"2016-11-21 14:11:15ID: BB  Data: 00 00 00 AA 00 00 00 00 
"
"2016-11-21 14:11:15ID: BC  Data: 00 00 00 AA 00 00 00 00 
"
"2016-11-21 14:11:15ID: BB  Data: 00 00 00 AA 00 00 00 00 
"
"2016-11-21 14:11:15ID: BC  Data: 00 00 00 AA 00 00 00 00 
"
"2016-11-21 14:11:15ID: BB  Data: 00 00 00 AA 00 00 00 00 
"
"2016-11-21 14:11:15ID: BC  Data: 00 00 00 AA 00 00 00 00 
"
"2016-11-21 14:11:15ID: BB  Data: 00 00 00 AA 00 00 00 00 
"
"2016-11-21 14:11:15ID: BC  Data: 00 00 00 AA 00 00 00 00 
"
"2016-11-21 14:11:15ID: BB  Data: 00 00 00 AA 00 00 00 00 
"
"2016-11-21 14:11:15ID: BC  Data: 00 00 00 AA 00 00 00 00 
"
"2016-11-21 14:11:15ID: BB  Data: 00 00 00 AA 00 00 00 00 
"
"2016-11-21 14:11:15ID: BC  Data: 00 00 00 AA 00 00 00 00 
"
"2016-11-21 14:11:15ID: BB  Data: 00 00 00 AA 00 00 00 00 
"
"2016-11-21 14:11:15ID: BC  Data: 00 00 00 AA 00 00 00 00 
"
"2016-11-21 14:11:15ID: BB  Data: 00 00 00 AA 00 00 00 00 
"
"2016-11-21 14:11:15ID: BC  Data: 00 00 00 AA 00 00 00 00 
"
"2016-11-21 14:11:15ID: BB  Data: 00 00 00 AA 00 00 00 00 
"
"2016-11-21 14:11:15ID: BC  Data: 00 00 00 AA 00 00 00 00 
"
"2016-11-21 14:11:15ID: BB  Data: 00 00 00 AA 00 00 00 00 
"
"2016-11-21 14:11:15ID: BC  Data: 00 00 00 AA 00 00 00 00 
"
"2016-11-21 14:11:15ID: BB  Data: 00 00 00 AA 00 00 00 00 
"
"2016-11-21 14:11:16ID: BC  Data: 00 00 00 AA 00 00 00 00 
"
"2016-11-21 14:11:16ID: BB  Data: 00 00 00 AA 00 00 00 00 
"
"2016-11-21 14:11:16ID: BC  Data: 00 00 00 AA 00 00 00 00 
"
"2016-11-21 14:11:16ID: BB  Data: 00 00 00 AA 00 00 00 00 
"
"2016-11-21 14:11:16ID: BC  Data: 00 00 00 AA 00 00 00 00 
"
"2016-11-21 14:11:16ID: AA  Data: AA AA 00 00 00 00 00 00 
"
"2016-11-21 14:11:16ID: BB  Data: 00 00 00 AA 00 00 00 00 
"
"2016-11-21 14:11:16ID: BC  Data: 00 00 00 AA 00 00 00 00 
"
"2016-11-21 14:11:16ID: BB  Data: 00 00 00 AA 00 00 00 00 
"
"2016-11-21 14:11:16ID: BC  Data: 00 00 00 AA 00 00 00 00 
"
"2016-11-21 14:11:16ID: BB  Data: 00 00 00 AA 00 00 00 00 
"
"2016-11-21 14:11:16ID: BC  Data: 00 00 00 AA 00 00 00 00 
"
"2016-11-21 14:11:16ID: BB  Data: 00 00 00 AA 00 00 00 00 
"
"2016-11-21 14:11:16ID: AA  Data: AA BB 00 00 00 00 00 00 
"
"2016-11-21 14:11:16ID: BC  Data: 00 00 00 AA 00 00 00 00 
"
"2016-11-21 14:11:16ID: BB  Data: 00 00 00 AA 00 00 00 00 
"
"2016-11-21 14:11:16ID: BC  Data: 00 00 00 AA 00 00 00 00 
"
"2016-11-21 14:11:16ID: BB  Data: 00 00 00 AA 00 00 00 00 
"
"2016-11-21 14:11:16ID: BC  Data: 00 00 00 AA 00 00 00 00 
"
"2016-11-21 14:11:16ID: BB  Data: 00 00 00 AA 00 00 00 00 
"
"2016-11-21 14:11:16ID: BC  Data: 00 00 00 AA 00 00 00 00 
"
"2016-11-21 14:11:16ID: BB  Data: 00 00 00 AA 00 00 00 00 
"
"2016-11-21 14:11:16ID: BC  Data: 00 00 00 AA 00 00 00 00 
"
"2016-11-21 14:11:16ID: BB  Data: 00 00 00 AA 00 00 00 00 
"
"2016-11-21 14:11:16ID: BC  Data: 00 00 00 AA 00 00 00 00 
"
"2016-11-21 14:11:17ID: BB  Data: 00 00 00 AA 00 00 00 00 
"
"2016-11-21 14:11:17ID: BC  Data: 00 00 00 AA 00 00 00 00 
"
"2016-11-21 14:11:17ID: BB  Data: 00 00 00 AA 00 00 00 00 
"
"2016-11-21 14:11:17ID: BC  Data: 00 00 00 AA 00 00 00 00 
"
"2016-11-21 14:11:17ID: BB  Data: 00 00 00 AA 00 00 00 00 
"
"2016-11-21 14:11:17ID: BC  Data: 00 00 00 AA 00 00 00 00 
"
"2016-11-21 14:11:17ID: BB  Data: 00 00 00 AA 00 00 00 00 
"
"2016-11-21 14:11:17ID: BC  Data: 00 00 00 AA 00 00 00 00 
"
"2016-11-21 14:11:17ID: BB  Data: 00 00 00 AA 00 00 00 00 
"
"2016-11-21 14:11:17ID: BC  Data: 00 00 00 AA 00 00 00 00 
"
"2016-11-21 14:11:17ID: BB  Data: 00 00 00 AA 00 00 00 00 
"
"2016-11-21 14:11:17ID: BC  Data: 00 00 00 AA 00 00 00 00 
"
"2016-11-21 14:11:17ID: BB  Data: 00 00 00 AA 00 00 00 00 
"
"2016-11-21 14:11:17ID: BC  Data: 00 00 00 AA 00 00 00 00 
"
"2016-11-21 14:11:17ID: BB  Data: 00 00 00 AA 00 00 00 00 
"
"2016-11-21 14:11:17ID: BC  Data: 00 00 00 AA 00 00 00 00 
"
"2016-11-21 14:11:17ID: BB  Data: 00 00 00 AA 00 00 00 00 
"
"2016-11-21 14:11:17ID: BC  Data: 00 00 00 AA 00 00 00 00 
"
"2016-11-21 14:11:17ID: BB  Data: 00 00 00 AA 02 8E A9 2B 
"
"2016-11-21 14:11:17ID: BC  Data: 00 00 00 AA FD 71 56 D5 
"
"2016-11-21 14:11:17ID: BB  Data: 00 00 00 AA 03 41 99 01 
"
"2016-11-21 14:11:17ID: BC  Data: 00 00 00 AA FC BE 66 FF 
"
"2016-11-21 14:11:18ID: BB  Data: 00 00 00 AA 04 48 BD 79 
"
"2016-11-21 14:11:18ID: BC  Data: 00 00 00 AA FB B7 42 87 
"
"2016-11-21 14:11:18ID: BB  Data: 00 00 00 AA 05 51 32 C3 
"
"2016-11-21 14:11:18ID: BC  Data: 00 00 00 AA FA AE CD 3D 
"
"2016-11-21 14:11:18ID: BB  Data: 00 00 00 AA 05 C1 08 A9 
"
"2016-11-21 14:11:18ID: BC  Data: 00 00 00 AA FA 3E F7 57 
"
"2016-11-21 14:11:18ID: BB  Data: 00 00 00 AA 06 28 F9 9F 
"
"2016-11-21 14:11:18ID: BC  Data: 00 00 00 AA F9 D7 06 61 
"
"2016-11-21 14:11:18ID: BB  Data: 00 00 00 AA 06 22 65 83 
"
"2016-11-21 14:11:18ID: BC  Data: 00 00 00 AA F9 DD 9A 7D 
"
"2016-11-21 14:11:18ID: BB  Data: 00 00 00 AA 05 FD 8E 7C 
"
"2016-11-21 14:11:18ID: BC  Data: 00 00 00 AA FA 02 71 84 
"
"2016-11-21 14:11:18ID: BB  Data: 00 00 00 AA 05 C3 AA 4E 
"
"2016-11-21 14:11:18ID: BC  Data: 00 00 00 AA FA 3C 55 B2 
"
"2016-11-21 14:11:18ID: BB  Data: 00 00 00 AA 05 2E FD 61 
"
"2016-11-21 14:11:18ID: BC  Data: 00 00 00 AA FA D1 02 9F 
"
"2016-11-21 14:11:18ID: BB  Data: 00 00 00 AA 04 97 AE D0 
"
"2016-11-21 14:11:18ID: BC  Data: 00 00 00 AA FB 68 51 30 
"
"2016-11-21 14:11:18ID: BB  Data: 00 00 00 AA 03 66 70 08 
"
"2016-11-21 14:11:18ID: BC  Data: 00 00 00 AA FC 99 8F F8 
"
"2016-11-21 14:11:18ID: BB  Data: 00 00 00 AA 03 45 8B 79 
"
"2016-11-21 14:11:18ID: BC  Data: 00 00 00 AA FC BA 74 87 
"
"2016-11-21 14:11:18ID: BB  Data: 00 00 00 AA 03 51 62 E0 
"
"2016-11-21 14:11:18ID: BC  Data: 00 00 00 AA FC AE 9D 20 
"
"2016-11-21 14:11:19ID: BB  Data: 00 00 00 AA 03 49 7D F0 
"
"2016-11-21 14:11:19ID: BC  Data: 00 00 00 AA FC B6 82 10 
"
"2016-11-21 14:11:19ID: BB  Data: 00 00 00 AA 03 46 DC 4B 
"
"2016-11-21 14:11:19ID: BC  Data: 00 00 00 AA FC B9 23 B5 
"
"2016-11-21 14:11:19ID: BB  Data: 00 00 00 AA 03 52 B3 B2 
"
"2016-11-21 14:11:19ID: BC  Data: 00 00 00 AA FC AD 4C 4E 
"
"2016-11-21 14:11:19ID: BB  Data: 00 00 00 AA 03 6B B3 52 
"
"2016-11-21 14:11:19ID: BC  Data: 00 00 00 AA FC 94 4C AE 
"
"2016-11-21 14:11:19ID: BB  Data: 00 00 00 AA 03 D7 96 C0 
"
"2016-11-21 14:11:19ID: BC  Data: 00 00 00 AA FC 28 69 40 
"
"2016-11-21 14:11:19ID: BB  Data: 00 00 00 AA 04 BB 35 04 
"
"2016-11-21 14:11:19ID: BC  Data: 00 00 00 AA FB 44 CA FC 
"
"2016-11-21 14:11:19ID: BB  Data: 00 00 00 AA 05 42 B9 B7 
"
"2016-11-21 14:11:19ID: BC  Data: 00 00 00 AA FA BD 46 49 
"
"2016-11-21 14:11:19ID: BB  Data: 00 00 00 AA 05 3A D4 C8 
"
"2016-11-21 14:11:19ID: BC  Data: 00 00 00 AA FA C5 2B 38 
"
"2016-11-21 14:11:19ID: BB  Data: 00 00 00 AA 05 3A D4 C8 
"
"2016-11-21 14:11:19ID: BC  Data: 00 00 00 AA FA C5 2B 38 
"
"2016-11-21 14:11:19ID: BB  Data: 00 00 00 AA 05 14 AC EF 
"
"2016-11-21 14:11:19ID: BC  Data: 00 00 00 AA FA EB 53 11 
"
"2016-11-21 14:11:19ID: BB  Data: 00 00 00 AA 04 78 1B 13 
"
"2016-11-21 14:11:19ID: BC  Data: 00 00 00 AA FB 87 E4 ED 
"
"2016-11-21 14:11:20ID: BB  Data: 00 00 00 AA 02 67 30 80 
"
"2016-11-21 14:11:20ID: BC  Data: 00 00 00 AA FD 98 CF 80 
"
"2016-11-21 14:11:20ID: BB  Data: 00 00 00 AA 00 00 00 00 
"
"2016-11-21 14:11:20ID: BC  Data: 00 00 00 AA 00 00 00 00 
"
"2016-11-21 14:11:20ID: BB  Data: 00 00 00 AA 00 00 00 00 
"
"2016-11-21 14:11:20ID: BC  Data: 00 00 00 AA 00 00 00 00 
"
"2016-11-21 14:11:20ID: BB  Data: 00 00 00 AA 00 00 00 00 
"
"2016-11-21 14:11:20ID: BC  Data: 00 00 00 AA 00 00 00 00 
"
"2016-11-21 14:11:20ID: BB  Data: 00 00 00 AA 00 00 00 00 
"
"2016-11-21 14:11:20ID: BC  Data: 00 00 00 AA 00 00 00 00 
"
"2016-11-21 14:11:20ID: BB  Data: 00 00 00 AA 00 00 00 00 
"
"2016-11-21 14:11:20ID: BC  Data: 00 00 00 AA 00 00 00 00 
"
"2016-11-21 14:11:20ID: BB  Data: 00 00 00 AA 00 00 00 00 
"
"2016-11-21 14:11:20ID: BC  Data: 00 00 00 AA 00 00 00 00 
"
"2016-11-21 14:11:20ID: BB  Data: 00 00 00 AA 00 00 00 00 
"
"2016-11-21 14:11:20ID: BC  Data: 00 00 00 AA 00 00 00 00 
"
"2016-11-21 14:11:20ID: BB  Data: 00 00 00 AA 00 00 00 00 
"
"2016-11-21 14:11:20ID: BC  Data: 00 00 00 AA 00 00 00 00 
"
"2016-11-21 14:11:20ID: BB  Data: 00 00 00 AA 00 00 00 00 
"
"2016-11-21 14:11:20ID: BC  Data: 00 00 00 AA 00 00 00 00 
"
"2016-11-21 14:11:20ID: BB  Data: 00 00 00 AA 00 00 00 00 
"
"2016-11-21 14:11:20ID: BC  Data: 00 00 00 AA 00 00 00 00 
"
"2016-11-21 14:11:21ID: BB  Data: 00 00 00 AA 00 00 00 00 
"
"2016-11-21 14:11:21ID: BC  Data: 00 00 00 AA 00 00 00 00 
"
"2016-11-21 14:11:21ID: BB  Data: 00 00 00 AA 00 00 00 00 
"
"2016-11-21 14:11:21ID: BC  Data: 00 00 00 AA 00 00 00 00 
"
"2016-11-21 14:11:21ID: BB  Data: 00 00 00 AA 00 00 00 00 
"
"2016-11-21 14:11:21ID: BC  Data: 00 00 00 AA 00 00 00 00 
"
"2016-11-21 14:11:21ID: BB  Data: 00 00 00 AA 00 00 00 00 
"
"2016-11-21 14:11:21ID: BC  Data: 00 00 00 AA 00 00 00 00 
"
"2016-11-21 14:11:21ID: BB  Data: 00 00 00 AA 00 00 00 00 
"
"2016-11-21 14:11:21ID: BC  Data: 00 00 00 AA 00 00 00 00 
"
"2016-11-21 14:11:21ID: BB  Data: 00 00 00 AA 00 00 00 00 
"
"2016-11-21 14:11:21ID: BC  Data: 00 00 00 AA 00 00 00 00 
"
"2016-11-21 14:11:21ID: BB  Data: 00 00 00 AA 00 00 00 00 
"
"2016-11-21 14:11:21ID: BC  Data: 00 00 00 AA 00 00 00 00 
"
"2016-11-21 14:11:21ID: BB  Data: 00 00 00 AA 00 00 00 00 
"
"2016-11-21 14:11:21ID: BC  Data: 00 00 00 AA 00 00 00 00 
"
"2016-11-21 14:11:21ID: BB  Data: 00 00 00 AA 00 00 00 00 
"
"2016-11-21 14:11:21ID: BC  Data: 00 00 00 AA 00 00 00 00 
"
"2016-11-21 14:11:21ID: BB  Data: 00 00 00 AA 00 00 00 00 
"
"2016-11-21 14:11:21ID: BC  Data: 00 00 00 AA 00 00 00 00 
"
"2016-11-21 14:11:21ID: BB  Data: 00 00 00 AA 00 00 00 00 
"
"2016-11-21 14:11:21ID: BC  Data: 00 00 00 AA 00 00 00 00 
"
"2016-11-21 14:11:21ID: BB  Data: 00 00 00 AA 00 00 00 00 
"
"2016-11-21 14:11:21ID: BC  Data: 00 00 00 AA 00 00 00 00 
"
"2016-11-21 14:11:22ID: BB  Data: 00 00 00 AA 00 00 00 00 
"
"2016-11-21 14:11:22ID: BC  Data: 00 00 00 AA 00 00 00 00 
"
"2016-11-21 14:11:22ID: BB  Data: 00 00 00 AA 00 00 00 00 
"
"2016-11-21 14:11:22ID: BC  Data: 00 00 00 AA 00 00 00 00 
"
"2016-11-21 14:11:22ID: BB  Data: 00 00 00 AA 00 00 00 00 
"
"2016-11-21 14:11:22ID: BC  Data: 00 00 00 AA 00 00 00 00 
"
"2016-11-21 14:11:22ID: BB  Data: 00 00 00 AA 00 00 00 00 
"
"2016-11-21 14:11:22ID: BC  Data: 00 00 00 AA 00 00 00 00 
"
"2016-11-21 14:11:22ID: BB  Data: 00 00 00 AA 00 00 00 00 
"
"2016-11-21 14:11:22ID: BC  Data: 00 00 00 AA 00 00 00 00 
"
"2016-11-21 14:11:22ID: BB  Data: 00 00 00 AA 00 00 00 00 
"
"2016-11-21 14:11:22ID: BC  Data: 00 00 00 AA 00 00 00 00 
"
"2016-11-21 14:11:22ID: BB  Data: 00 00 00 AA 00 00 00 00 
"
"2016-11-21 14:11:22ID: BC  Data: 00 00 00 AA 00 00 00 00 
"
"2016-11-21 14:11:22ID: BB  Data: 00 00 00 AA 00 00 00 00 
"
"2016-11-21 14:11:22ID: BC  Data: 00 00 00 AA 00 00 00 00 
"
"2016-11-21 14:11:22ID: BB  Data: 00 00 00 AA 00 00 00 00 
"
"2016-11-21 14:11:22ID: BC  Data: 00 00 00 AA 00 00 00 00 
"
"2016-11-21 14:11:22ID: BB  Data: 00 00 00 AA 00 00 00 00 
"
"2016-11-21 14:11:22ID: BC  Data: 00 00 00 AA 00 00 00 00 
"
"2016-11-21 14:11:22ID: BB  Data: 00 00 00 AA 00 00 00 00 
"
"2016-11-21 14:11:22ID: BC  Data: 00 00 00 AA 00 00 00 00 
"
"2016-11-21 14:11:23ID: BB  Data: 00 00 00 AA 00 00 00 00 
"
"2016-11-21 14:11:23ID: BC  Data: 00 00 00 AA 00 00 00 00 
"
"2016-11-21 14:11:23ID: BB  Data: 00 00 00 AA 00 00 00 00 
"
"2016-11-21 14:11:23ID: BC  Data: 00 00 00 AA 00 00 00 00 
"
"2016-11-21 14:11:23ID: BB  Data: 00 00 00 AA 00 00 00 00 
"
"2016-11-21 14:11:23ID: BC  Data: 00 00 00 AA 00 00 00 00 
"
"2016-11-21 14:11:23ID: BB  Data: 00 00 00 AA 00 00 00 00 
"
"2016-11-21 14:11:23ID: BC  Data: 00 00 00 AA 00 00 00 00 
"
"2016-11-21 14:11:23ID: BB  Data: 00 00 00 AA 00 00 00 00 
"
"2016-11-21 14:11:23ID: BC  Data: 00 00 00 AA 00 00 00 00 
"
"2016-11-21 14:11:23ID: BB  Data: 00 00 00 AA 00 00 00 00 
"
"2016-11-21 14:11:23ID: BC  Data: 00 00 00 AA 00 00 00 00 
"
"2016-11-21 14:11:23ID: BB  Data: 00 00 00 AA 00 00 00 00 
"
"2016-11-21 14:11:23ID: BC  Data: 00 00 00 AA 00 00 00 00 
"
"2016-11-21 14:11:23ID: BB  Data: 00 00 00 AA 00 00 00 00 
"
"2016-11-21 14:11:23ID: BC  Data: 00 00 00 AA 00 00 00 00 
"
"2016-11-21 14:11:23ID: BB  Data: 00 00 00 AA 00 00 00 00 
"
"2016-11-21 14:11:23ID: BC  Data: 00 00 00 AA 00 00 00 00 
"
"2016-11-21 14:11:23ID: BB  Data: 00 00 00 AA 00 00 00 00 
"
"2016-11-21 14:11:23ID: BC  Data: 00 00 00 AA 00 00 00 00 
"
"2016-11-21 14:11:23ID: BB  Data: 00 00 00 AA 00 00 00 00 
"
"2016-11-21 14:11:23ID: BC  Data: 00 00 00 AA 00 00 00 00 
"
"2016-11-21 14:11:23ID: BB  Data: 00 00 00 AA 00 00 00 00 
"
"2016-11-21 14:11:24ID: BC  Data: 00 00 00 AA 00 00 00 00 
"
"2016-11-21 14:11:24ID: BB  Data: 00 00 00 AA 00 00 00 00 
"
"2016-11-21 14:11:24ID: BC  Data: 00 00 00 AA 00 00 00 00 
"
"2016-11-21 14:11:24ID: BB  Data: 00 00 00 AA 00 00 00 00 
"
"2016-11-21 14:11:24ID: BC  Data: 00 00 00 AA 00 00 00 00 
"
"2016-11-21 14:11:24ID: BB  Data: 00 00 00 AA 00 00 00 00 
"
"2016-11-21 14:11:24ID: BC  Data: 00 00 00 AA 00 00 00 00 
"
"2016-11-21 14:11:24ID: BB  Data: 00 00 00 AA 00 00 00 00 
"
"2016-11-21 14:11:24ID: BC  Data: 00 00 00 AA 00 00 00 00 
"
"2016-11-21 14:11:24ID: BB  Data: 00 00 00 AA 00 00 00 00 
"
"2016-11-21 14:11:24ID: BC  Data: 00 00 00 AA 00 00 00 00 
"
"2016-11-21 14:11:24ID: BB  Data: 00 00 00 AA 00 00 00 00 
"
"2016-11-21 14:11:24ID: BC  Data: 00 00 00 AA 00 00 00 00 
"
"2016-11-21 14:11:24ID: BB  Data: 00 00 00 AA 00 00 00 00 
"
"2016-11-21 14:11:24ID: BC  Data: 00 00 00 AA 00 00 00 00 
"
"2016-11-21 14:11:24ID: BB  Data: 00 00 00 AA 00 00 00 00 
"
"2016-11-21 14:11:24ID: BC  Data: 00 00 00 AA 00 00 00 00 
"
"2016-11-21 14:11:24ID: BB  Data: 00 00 00 AA 00 00 00 00 
"
"2016-11-21 14:11:24ID: BC  Data: 00 00 00 AA 00 00 00 00 
"
"2016-11-21 14:11:24ID: BB  Data: 00 00 00 AA 00 00 00 00 
"
"2016-11-21 14:11:24ID: BC  Data: 00 00 00 AA 00 00 00 00 
"
"2016-11-21 14:11:24ID: BB  Data: 00 00 00 AA 00 00 00 00 
"
"2016-11-21 14:11:24ID: BC  Data: 00 00 00 AA 00 00 00 00 
"
"2016-11-21 14:11:25ID: BB  Data: 00 00 00 AA 00 00 00 00 
"
"2016-11-21 14:11:25ID: BC  Data: 00 00 00 AA 00 00 00 00 
"
"2016-11-21 14:11:25ID: BB  Data: 00 00 00 AA 00 00 00 00 
"
"2016-11-21 14:11:25ID: BC  Data: 00 00 00 AA 00 00 00 00 
"
"2016-11-21 14:11:25ID: BB  Data: 00 00 00 AA 00 00 00 00 
"
"2016-11-21 14:11:25ID: BC  Data: 00 00 00 AA 00 00 00 00 
"
"2016-11-21 14:11:25ID: BB  Data: 00 00 00 AA 00 00 00 00 
"
"2016-11-21 14:11:25ID: BC  Data: 00 00 00 AA 00 00 00 00 
"
"2016-11-21 14:11:25ID: BB  Data: 00 00 00 AA 00 00 00 00 
"
"2016-11-21 14:11:25ID: BC  Data: 00 00 00 AA 00 00 00 00 
"
"2016-11-21 14:11:25ID: BB  Data: 00 00 00 AA 00 00 00 00 
"
"2016-11-21 14:11:25ID: BC  Data: 00 00 00 AA 00 00 00 00 
"
"2016-11-21 14:11:25ID: BB  Data: 00 00 00 AA 00 00 00 00 
"
"2016-11-21 14:11:25ID: BC  Data: 00 00 00 AA 00 00 00 00 
"
"2016-11-21 14:11:25ID: BB  Data: 00 00 00 AA 00 00 00 00 
"
"2016-11-21 14:11:25ID: BC  Data: 00 00 00 AA 00 00 00 00 
"
"2016-11-21 14:11:25ID: BB  Data: 00 00 00 AA 00 00 00 00 
"
"2016-11-21 14:11:25ID: BC  Data: 00 00 00 AA 00 00 00 00 
"
"2016-11-21 14:11:25ID: BB  Data: 00 00 00 AA 00 00 00 00 
"
"2016-11-21 14:11:25ID: BC  Data: 00 00 00 AA 00 00 00 00 
"
"2016-11-21 14:11:25ID: BB  Data: 00 00 00 AA 00 00 00 00 
"
"2016-11-21 14:11:25ID: BC  Data: 00 00 00 AA 00 00 00 00 
"
"2016-11-21 14:11:26ID: BB  Data: 00 00 00 AA 00 00 00 00 
"
"2016-11-21 14:11:26ID: BC  Data: 00 00 00 AA 00 00 00 00 
"
"2016-11-21 14:11:26ID: BB  Data: 00 00 00 AA 00 00 00 00 
"
"2016-11-21 14:11:26ID: BC  Data: 00 00 00 AA 00 00 00 00 
"
"2016-11-21 14:11:26ID: BB  Data: 00 00 00 AA 00 00 00 00 
"
"2016-11-21 14:11:26ID: BC  Data: 00 00 00 AA 00 00 00 00 
"
"2016-11-21 14:11:26ID: BB  Data: 00 00 00 AA 00 00 00 00 
"
"2016-11-21 14:11:26ID: BC  Data: 00 00 00 AA 00 00 00 00 
"
"2016-11-21 14:11:26ID: BB  Data: 00 00 00 AA 00 00 00 00 
"
"2016-11-21 14:11:26ID: BC  Data: 00 00 00 AA 00 00 00 00 
"
"2016-11-21 14:11:26ID: BB  Data: 00 00 00 AA 00 00 00 00 
"
"2016-11-21 14:11:26ID: BC  Data: 00 00 00 AA 00 00 00 00 
"
"2016-11-21 14:11:26ID: BB  Data: 00 00 00 AA 00 00 00 00 
"
"2016-11-21 14:11:26ID: BC  Data: 00 00 00 AA 00 00 00 00 
"
"2016-11-21 14:11:26ID: BB  Data: 00 00 00 AA 00 00 00 00 
"
"2016-11-21 14:11:26ID: BC  Data: 00 00 00 AA 00 00 00 00 
"
"2016-11-21 14:11:26ID: BB  Data: 00 00 00 AA 00 00 00 00 
"
"2016-11-21 14:11:26ID: BC  Data: 00 00 00 AA 00 00 00 00 
"
"2016-11-21 14:11:26ID: BB  Data: 00 00 00 AA 00 00 00 00 
"
"2016-11-21 14:11:26ID: BC  Data: 00 00 00 AA 00 00 00 00 
"
"2016-11-21 14:11:26ID: BB  Data: 00 00 00 AA 00 00 00 00 
"
"2016-11-21 14:11:26ID: BC  Data: 00 00 00 AA 00 00 00 00 
"
"2016-11-21 14:11:26ID: BB  Data: 00 00 00 AA 00 00 00 00 
"
"2016-11-21 14:11:26ID: BC  Data: 00 00 00 AA 00 00 00 00 
"
"2016-11-21 14:11:27ID: BB  Data: 00 00 00 AA 00 00 00 00 
"
"2016-11-21 14:11:27ID: BC  Data: 00 00 00 AA 00 00 00 00 
"
"2016-11-21 14:11:27ID: BB  Data: 00 00 00 AA 00 00 00 00 
"
"2016-11-21 14:11:27ID: BC  Data: 00 00 00 AA 00 00 00 00 
"
"2016-11-21 14:11:27ID: BB  Data: 00 00 00 AA 00 00 00 00 
"
"2016-11-21 14:11:27ID: BC  Data: 00 00 00 AA 00 00 00 00 
"
"2016-11-21 14:11:27ID: BB  Data: 00 00 00 AA 00 00 00 00 
"
"2016-11-21 14:11:27ID: BC  Data: 00 00 00 AA 00 00 00 00 
"
"2016-11-21 14:11:27ID: BB  Data: 00 00 00 AA 00 00 00 00 
"
"2016-11-21 14:11:27ID: BC  Data: 00 00 00 AA 00 00 00 00 
"
"2016-11-21 14:11:27ID: BB  Data: 00 00 00 AA 00 00 00 00 
"
"2016-11-21 14:11:27ID: BC  Data: 00 00 00 AA 00 00 00 00 
"
"2016-11-21 14:11:27ID: BB  Data: 00 00 00 AA 00 00 00 00 
"
"2016-11-21 14:11:27ID: BC  Data: 00 00 00 AA 00 00 00 00 
"
"2016-11-21 14:11:27ID: BB  Data: 00 00 00 AA 00 00 00 00 
"
"2016-11-21 14:11:27ID: BC  Data: 00 00 00 AA 00 00 00 00 
"
"2016-11-21 14:11:27ID: BB  Data: 00 00 00 AA 00 00 00 00 
"
"2016-11-21 14:11:27ID: BC  Data: 00 00 00 AA 00 00 00 00 
"
"2016-11-21 14:11:27ID: BB  Data: 00 00 00 AA 00 00 00 00 
"
"2016-11-21 14:11:27ID: BC  Data: 00 00 00 AA 00 00 00 00 
"
"2016-11-21 14:11:27ID: BB  Data: 00 00 00 AA 00 00 00 00 
"
"2016-11-21 14:11:27ID: BC  Data: 00 00 00 AA 00 00 00 00 
"
"2016-11-21 14:11:28ID: BB  Data: 00 00 00 AA 00 00 00 00 
"
"2016-11-21 14:11:28ID: BC  Data: 00 00 00 AA 00 00 00 00 
"
"2016-11-21 14:11:28ID: BB  Data: 00 00 00 AA 00 00 00 00 
"
"2016-11-21 14:11:28ID: BC  Data: 00 00 00 AA 00 00 00 00 
"
"2016-11-21 14:11:28ID: BB  Data: 00 00 00 AA 00 00 00 00 
"
"2016-11-21 14:11:28ID: BC  Data: 00 00 00 AA 00 00 00 00 
"
"2016-11-21 14:11:28ID: BB  Data: 00 00 00 AA 00 00 00 00 
"
"2016-11-21 14:11:28ID: BC  Data: 00 00 00 AA 00 00 00 00 
"
"2016-11-21 14:11:28ID: BB  Data: 00 00 00 AA 00 00 00 00 
"
"2016-11-21 14:11:28ID: BC  Data: 00 00 00 AA 00 00 00 00 
"
"2016-11-21 14:11:28ID: BB  Data: 00 00 00 AA 00 00 00 00 
"
"2016-11-21 14:11:28ID: BC  Data: 00 00 00 AA 00 00 00 00 
"
"2016-11-21 14:11:28ID: BB  Data: 00 00 00 AA 00 00 00 00 
"
"2016-11-21 14:11:28ID: BC  Data: 00 00 00 AA 00 00 00 00 
"
"2016-11-21 14:11:28ID: BB  Data: 00 00 00 AA 00 00 00 00 
"
"2016-11-21 14:11:28ID: BC  Data: 00 00 00 AA 00 00 00 00 
"
"2016-11-21 14:11:28ID: BB  Data: 00 00 00 AA 00 00 00 00 
"
"2016-11-21 14:11:28ID: BC  Data: 00 00 00 AA 00 00 00 00 
"
"2016-11-21 14:11:28ID: BB  Data: 00 00 00 AA 00 00 00 00 
"
"2016-11-21 14:11:28ID: BC  Data: 00 00 00 AA 00 00 00 00 
"
"2016-11-21 14:11:28ID: BB  Data: 00 00 00 AA 00 00 00 00 
"
"2016-11-21 14:11:28ID: BC  Data: 00 00 00 AA 00 00 00 00 
"
"2016-11-21 14:11:29ID: BB  Data: 00 00 00 AA 00 00 00 00 
"
"2016-11-21 14:11:29ID: BC  Data: 00 00 00 AA 00 00 00 00 
"
"2016-11-21 14:11:29ID: BB  Data: 00 00 00 AA 00 00 00 00 
"
"2016-11-21 14:11:29ID: BC  Data: 00 00 00 AA 00 00 00 00 
"
"2016-11-21 14:11:29ID: BB  Data: 00 00 00 AA 00 00 00 00 
"
"2016-11-21 14:11:29ID: BC  Data: 00 00 00 AA 00 00 00 00 
"
"2016-11-21 14:11:29ID: BB  Data: 00 00 00 AA 00 00 00 00 
"
"2016-11-21 14:11:29ID: BC  Data: 00 00 00 AA 00 00 00 00 
"
"2016-11-21 14:11:29ID: BB  Data: 00 00 00 AA 00 00 00 00 
"
"2016-11-21 14:11:29ID: BC  Data: 00 00 00 AA 00 00 00 00 
"
"2016-11-21 14:11:29ID: BB  Data: 00 00 00 AA 00 00 00 00 
"
"2016-11-21 14:11:29ID: BC  Data: 00 00 00 AA 00 00 00 00 
"
"2016-11-21 14:11:29ID: BB  Data: 00 00 00 AA 00 00 00 00 
"
"2016-11-21 14:11:29ID: BC  Data: 00 00 00 AA 00 00 00 00 
"
"2016-11-21 14:11:29ID: BB  Data: 00 00 00 AA 00 00 00 00 
"
"2016-11-21 14:11:29ID: BC  Data: 00 00 00 AA 00 00 00 00 
"
"2016-11-21 14:11:29ID: BB  Data: 00 00 00 AA 00 00 00 00 
"
"2016-11-21 14:11:29ID: BC  Data: 00 00 00 AA 00 00 00 00 
"
"2016-11-21 14:11:29ID: BB  Data: 00 00 00 AA 00 00 00 00 
"
"2016-11-21 14:11:29ID: BC  Data: 00 00 00 AA 00 00 00 00 
"
"2016-11-21 14:11:29ID: BB  Data: 00 00 00 AA 00 00 00 00 
"
"2016-11-21 14:11:29ID: BC  Data: 00 00 00 AA 00 00 00 00 
"
"2016-11-21 14:11:29ID: BB  Data: 00 00 00 AA 00 00 00 00 
"
"2016-11-21 14:11:29ID: BC  Data: 00 00 00 AA 00 00 00 00 
"
"2016-11-21 14:11:30ID: BB  Data: 00 00 00 AA 00 00 00 00 
"
"2016-11-21 14:11:30ID: BC  Data: 00 00 00 AA 00 00 00 00 
"
"2016-11-21 14:11:30ID: BB  Data: 00 00 00 AA 00 00 00 00 
"
"2016-11-21 14:11:30ID: BC  Data: 00 00 00 AA 00 00 00 00 
"
"2016-11-21 14:11:30ID: BB  Data: 00 00 00 AA 00 00 00 00 
"
"2016-11-21 14:11:30ID: BC  Data: 00 00 00 AA 00 00 00 00 
"
"2016-11-21 14:11:30ID: BB  Data: 00 00 00 AA 00 00 00 00 
"
"2016-11-21 14:11:30ID: BC  Data: 00 00 00 AA 00 00 00 00 
"
"2016-11-21 14:11:30ID: BB  Data: 00 00 00 AA 00 00 00 00 
"
"2016-11-21 14:11:30ID: BC  Data: 00 00 00 AA 00 00 00 00 
"
"2016-11-21 14:11:30ID: BB  Data: 00 00 00 AA 00 00 00 00 
"
"2016-11-21 14:11:30ID: BC  Data: 00 00 00 AA 00 00 00 00 
"
"2016-11-21 14:11:30ID: BB  Data: 00 00 00 AA 00 00 00 00 
"
"2016-11-21 14:11:30ID: BC  Data: 00 00 00 AA 00 00 00 00 
"
"2016-11-21 14:11:30ID: BB  Data: 00 00 00 AA 00 00 00 00 
"
"2016-11-21 14:11:30ID: BC  Data: 00 00 00 AA 00 00 00 00 
"
"2016-11-21 14:11:30ID: BB  Data: 00 00 00 AA 00 00 00 00 
"
"2016-11-21 14:11:30ID: BC  Data: 00 00 00 AA 00 00 00 00 
"
"2016-11-21 14:11:30ID: BB  Data: 00 00 00 AA 00 00 00 00 
"
"2016-11-21 14:11:30ID: BC  Data: 00 00 00 AA 00 00 00 00 
"
"2016-11-21 14:11:30ID: BB  Data: 00 00 00 AA 00 00 00 00 
"
"2016-11-21 14:11:30ID: BC  Data: 00 00 00 AA 00 00 00 00 
"
"2016-11-21 14:11:31ID: BB  Data: 00 00 00 AA 00 00 00 00 
"
"2016-11-21 14:11:31ID: BC  Data: 00 00 00 AA 00 00 00 00 
"
"2016-11-21 14:11:31ID: BB  Data: 00 00 00 AA 00 00 00 00 
"
"2016-11-21 14:11:31ID: BC  Data: 00 00 00 AA 00 00 00 00 
"
"2016-11-21 14:11:31ID: BB  Data: 00 00 00 AA 00 00 00 00 
"
"2016-11-21 14:11:31ID: BC  Data: 00 00 00 AA 00 00 00 00 
"
"2016-11-21 14:11:31ID: BB  Data: 00 00 00 AA 00 00 00 00 
"
"2016-11-21 14:11:31ID: BC  Data: 00 00 00 AA 00 00 00 00 
"
"2016-11-21 14:11:31ID: BB  Data: 00 00 00 AA 00 00 00 00 
"
"2016-11-21 14:11:31ID: BC  Data: 00 00 00 AA 00 00 00 00 
"
"2016-11-21 14:11:31ID: BB  Data: 00 00 00 AA 00 00 00 00 
"
"2016-11-21 14:11:31ID: BC  Data: 00 00 00 AA 00 00 00 00 
"
"2016-11-21 14:11:31ID: BB  Data: 00 00 00 AA 00 00 00 00 
"
"2016-11-21 14:11:31ID: BC  Data: 00 00 00 AA 00 00 00 00 
"
"2016-11-21 14:11:31ID: BB  Data: 00 00 00 AA 00 00 00 00 
"
"2016-11-21 14:11:31ID: BC  Data: 00 00 00 AA 00 00 00 00 
"
"2016-11-21 14:11:31ID: BB  Data: 00 00 00 AA 00 00 00 00 
"
"2016-11-21 14:11:31ID: BC  Data: 00 00 00 AA 00 00 00 00 
"
"2016-11-21 14:11:31ID: BB  Data: 00 00 00 AA 00 00 00 00 
"
"2016-11-21 14:11:31ID: BC  Data: 00 00 00 AA 00 00 00 00 
"
"2016-11-21 14:11:31ID: BB  Data: 00 00 00 AA 00 00 00 00 
"
"2016-11-21 14:11:31ID: BC  Data: 00 00 00 AA 00 00 00 00 
"
"2016-11-21 14:11:32ID: BB  Data: 00 00 00 AA 00 00 00 00 
"
"2016-11-21 14:11:32ID: BC  Data: 00 00 00 AA 00 00 00 00 
"
"2016-11-21 14:11:32ID: BB  Data: 00 00 00 AA 00 00 00 00 
"
"2016-11-21 14:11:32ID: BC  Data: 00 00 00 AA 00 00 00 00 
"
"2016-11-21 14:11:32ID: BB  Data: 00 00 00 AA 00 00 00 00 
"
"2016-11-21 14:11:32ID: BC  Data: 00 00 00 AA 00 00 00 00 
"
"2016-11-21 14:11:32ID: BB  Data: 00 00 00 AA 00 00 00 00 
"
"2016-11-21 14:11:32ID: BC  Data: 00 00 00 AA 00 00 00 00 
"
"2016-11-21 14:11:32ID: BB  Data: 00 00 00 AA 00 00 00 00 
"
"2016-11-21 14:11:32ID: BC  Data: 00 00 00 AA 00 00 00 00 
"
"2016-11-21 14:11:32ID: BB  Data: 00 00 00 AA 00 00 00 00 
"
"2016-11-21 14:11:32ID: BC  Data: 00 00 00 AA 00 00 00 00 
"
"2016-11-21 14:11:32ID: BB  Data: 00 00 00 AA 00 00 00 00 
"
"2016-11-21 14:11:32ID: BC  Data: 00 00 00 AA 00 00 00 00 
"
"2016-11-21 14:11:32ID: BB  Data: 00 00 00 AA 00 00 00 00 
"
"2016-11-21 14:11:32ID: BC  Data: 00 00 00 AA 00 00 00 00 
"
"2016-11-21 14:11:32ID: BB  Data: 00 00 00 AA 00 00 00 00 
"
"2016-11-21 14:11:32ID: BC  Data: 00 00 00 AA 00 00 00 00 
"
"2016-11-21 14:11:32ID: BB  Data: 00 00 00 AA 00 00 00 00 
"
"2016-11-21 14:11:32ID: BC  Data: 00 00 00 AA 00 00 00 00 
"
"2016-11-21 14:11:32ID: BB  Data: 00 00 00 AA 00 00 00 00 
"
"2016-11-21 14:11:32ID: BC  Data: 00 00 00 AA 00 00 00 00 
"
"2016-11-21 14:11:32ID: BB  Data: 00 00 00 AA 00 00 00 00 
"
"2016-11-21 14:11:32ID: BC  Data: 00 00 00 AA 00 00 00 00 
"
"2016-11-21 14:11:33ID: BB  Data: 00 00 00 AA 00 00 00 00 
"
"2016-11-21 14:11:33ID: BC  Data: 00 00 00 AA 00 00 00 00 
"
"2016-11-21 14:11:33ID: BB  Data: 00 00 00 AA 00 00 00 00 
"
"2016-11-21 14:11:33ID: BC  Data: 00 00 00 AA 00 00 00 00 
"
"2016-11-21 14:11:33ID: BB  Data: 00 00 00 AA 00 00 00 00 
"
"2016-11-21 14:11:33ID: BC  Data: 00 00 00 AA 00 00 00 00 
"
"2016-11-21 14:11:33ID: BB  Data: 00 00 00 AA 00 00 00 00 
"
"2016-11-21 14:11:33ID: BC  Data: 00 00 00 AA 00 00 00 00 
"
"2016-11-21 14:11:33ID: BB  Data: 00 00 00 AA 00 00 00 00 
"
"2016-11-21 14:11:33ID: BC  Data: 00 00 00 AA 00 00 00 00 
"
"2016-11-21 14:11:33ID: BB  Data: 00 00 00 AA 00 00 00 00 
"
"2016-11-21 14:11:33ID: BC  Data: 00 00 00 AA 00 00 00 00 
"
"2016-11-21 14:11:33ID: BB  Data: 00 00 00 AA 00 00 00 00 
"
"2016-11-21 14:11:33ID: BC  Data: 00 00 00 AA 00 00 00 00 
"
"2016-11-21 14:11:33ID: BB  Data: 00 00 00 AA 00 00 00 00 
"
"2016-11-21 14:11:33ID: BC  Data: 00 00 00 AA 00 00 00 00 
"
"2016-11-21 14:11:33ID: BB  Data: 00 00 00 AA 00 00 00 00 
"
"2016-11-21 14:11:33ID: BC  Data: 00 00 00 AA 00 00 00 00 
"
"2016-11-21 14:11:33ID: BB  Data: 00 00 00 AA 00 00 00 00 
"
"2016-11-21 14:11:33ID: BC  Data: 00 00 00 AA 00 00 00 00 
"
"2016-11-21 14:11:33ID: BB  Data: 00 00 00 AA 00 00 00 00 
"
"2016-11-21 14:11:33ID: BC  Data: 00 00 00 AA 00 00 00 00 
"
"2016-11-21 14:11:34ID: BB  Data: 00 00 00 AA 00 00 00 00 
"
"2016-11-21 14:11:34ID: BC  Data: 00 00 00 AA 00 00 00 00 
"
"2016-11-21 14:11:34ID: BB  Data: 00 00 00 AA 00 00 00 00 
"
"2016-11-21 14:11:34ID: BC  Data: 00 00 00 AA 00 00 00 00 
"
"2016-11-21 14:11:34ID: BB  Data: 00 00 00 AA 00 00 00 00 
"
"2016-11-21 14:11:34ID: BC  Data: 00 00 00 AA 00 00 00 00 
"
"2016-11-21 14:11:34ID: BB  Data: 00 00 00 AA 00 00 00 00 
"
"2016-11-21 14:11:34ID: BC  Data: 00 00 00 AA 00 00 00 00 
"
"2016-11-21 14:11:34ID: BB  Data: 00 00 00 AA 00 00 00 00 
"
"2016-11-21 14:11:34ID: BC  Data: 00 00 00 AA 00 00 00 00 
"
"2016-11-21 14:11:34ID: BB  Data: 00 00 00 AA 00 00 00 00 
"
"2016-11-21 14:11:34ID: BC  Data: 00 00 00 AA 00 00 00 00 
"
"2016-11-21 14:11:34ID: BB  Data: 00 00 00 AA 00 00 00 00 
"
"2016-11-21 14:11:34ID: BC  Data: 00 00 00 AA 00 00 00 00 
"
"2016-11-21 14:11:34ID: BB  Data: 00 00 00 AA 00 00 00 00 
"
"2016-11-21 14:11:34ID: BC  Data: 00 00 00 AA 00 00 00 00 
"
"2016-11-21 14:11:34ID: BB  Data: 00 00 00 AA 00 00 00 00 
"
"2016-11-21 14:11:34ID: BC  Data: 00 00 00 AA 00 00 00 00 
"
"2016-11-21 14:11:34ID: BB  Data: 00 00 00 AA 00 00 00 00 
"
"2016-11-21 14:11:34ID: BC  Data: 00 00 00 AA 00 00 00 00 
"
"2016-11-21 14:11:34ID: BB  Data: 00 00 00 AA 00 00 00 00 
"
"2016-11-21 14:11:34ID: BC  Data: 00 00 00 AA 00 00 00 00 
"
"2016-11-21 14:11:34ID: BB  Data: 00 00 00 AA 00 00 00 00 
"
"2016-11-21 14:11:35ID: BC  Data: 00 00 00 AA 00 00 00 00 
"
"2016-11-21 14:11:35ID: BB  Data: 00 00 00 AA 00 00 00 00 
"
"2016-11-21 14:11:35ID: BC  Data: 00 00 00 AA 00 00 00 00 
"
"2016-11-21 14:11:35ID: BB  Data: 00 00 00 AA 00 00 00 00 
"
"2016-11-21 14:11:35ID: BC  Data: 00 00 00 AA 00 00 00 00 
"
"2016-11-21 14:11:35ID: BB  Data: 00 00 00 AA 00 00 00 00 
"
"2016-11-21 14:11:35ID: BC  Data: 00 00 00 AA 00 00 00 00 
"
"2016-11-21 14:11:35ID: BB  Data: 00 00 00 AA 00 00 00 00 
"
"2016-11-21 14:11:35ID: BC  Data: 00 00 00 AA 00 00 00 00 
"
"2016-11-21 14:11:35ID: BB  Data: 00 00 00 AA 00 00 00 00 
"
"2016-11-21 14:11:35ID: BC  Data: 00 00 00 AA 00 00 00 00 
"
"2016-11-21 14:11:35ID: BB  Data: 00 00 00 AA 00 00 00 00 
"
"2016-11-21 14:11:35ID: BC  Data: 00 00 00 AA 00 00 00 00 
"
"2016-11-21 14:11:35ID: BB  Data: 00 00 00 AA 00 00 00 00 
"
"2016-11-21 14:11:35ID: BC  Data: 00 00 00 AA 00 00 00 00 
"
"2016-11-21 14:11:35ID: BB  Data: 00 00 00 AA 00 00 00 00 
"
"2016-11-21 14:11:35ID: BC  Data: 00 00 00 AA 00 00 00 00 
"
"2016-11-21 14:11:35ID: BB  Data: 00 00 00 AA 00 00 00 00 
"
"2016-11-21 14:11:35ID: BC  Data: 00 00 00 AA 00 00 00 00 
"
"2016-11-21 14:11:35ID: BB  Data: 00 00 00 AA 00 00 00 00 
"
"2016-11-21 14:11:35ID: BC  Data: 00 00 00 AA 00 00 00 00 
"
"2016-11-21 14:11:35ID: BB  Data: 00 00 00 AA 00 00 00 00 
"
"2016-11-21 14:11:35ID: BC  Data: 00 00 00 AA 00 00 00 00 
"
"2016-11-21 14:11:36ID: BB  Data: 00 00 00 AA 00 00 00 00 
"
"2016-11-21 14:11:36ID: BC  Data: 00 00 00 AA 00 00 00 00 
"
"2016-11-21 14:11:36ID: BB  Data: 00 00 00 AA 00 00 00 00 
"
"2016-11-21 14:11:36ID: BC  Data: 00 00 00 AA 00 00 00 00 
"
"2016-11-21 14:11:36ID: BB  Data: 00 00 00 AA 00 00 00 00 
"
"2016-11-21 14:11:36ID: BC  Data: 00 00 00 AA 00 00 00 00 
"
"2016-11-21 14:11:36ID: BB  Data: 00 00 00 AA 00 00 00 00 
"
"2016-11-21 14:11:36ID: BC  Data: 00 00 00 AA 00 00 00 00 
"
"2016-11-21 14:11:36ID: BB  Data: 00 00 00 AA 00 00 00 00 
"
"2016-11-21 14:11:36ID: BC  Data: 00 00 00 AA 00 00 00 00 
"
"2016-11-21 14:11:36ID: BB  Data: 00 00 00 AA 00 00 00 00 
"
"2016-11-21 14:11:36ID: BC  Data: 00 00 00 AA 00 00 00 00 
"
"2016-11-21 14:11:36ID: BB  Data: 00 00 00 AA 00 00 00 00 
"
"2016-11-21 14:11:36ID: BC  Data: 00 00 00 AA 00 00 00 00 
"
"2016-11-21 14:11:36ID: BB  Data: 00 00 00 AA 00 00 00 00 
"
"2016-11-21 14:11:36ID: BC  Data: 00 00 00 AA 00 00 00 00 
"
"2016-11-21 14:11:36ID: BB  Data: 00 00 00 AA 00 00 00 00 
"
"2016-11-21 14:11:36ID: BC  Data: 00 00 00 AA 00 00 00 00 
"
"2016-11-21 14:11:36ID: BB  Data: 00 00 00 AA 00 00 00 00 
"
"2016-11-21 14:11:36ID: BC  Data: 00 00 00 AA 00 00 00 00 
"
"2016-11-21 14:11:36ID: BB  Data: 00 00 00 AA 00 00 00 00 
"
"2016-11-21 14:11:36ID: BC  Data: 00 00 00 AA 00 00 00 00 
"
"2016-11-21 14:11:37ID: BB  Data: 00 00 00 AA 00 00 00 00 
"
"2016-11-21 14:11:37ID: BC  Data: 00 00 00 AA 00 00 00 00 
"
"2016-11-21 14:11:37ID: BB  Data: 00 00 00 AA 00 00 00 00 
"
"2016-11-21 14:11:37ID: BC  Data: 00 00 00 AA 00 00 00 00 
"
"2016-11-21 14:11:37ID: BB  Data: 00 00 00 AA 00 00 00 00 
"
"2016-11-21 14:11:37ID: BC  Data: 00 00 00 AA 00 00 00 00 
"
"2016-11-21 14:11:37ID: BB  Data: 00 00 00 AA 00 00 00 00 
"
"2016-11-21 14:11:37ID: BC  Data: 00 00 00 AA 00 00 00 00 
"
"2016-11-21 14:11:37ID: BB  Data: 00 00 00 AA 00 00 00 00 
"
"2016-11-21 14:11:37ID: BC  Data: 00 00 00 AA 00 00 00 00 
"
"2016-11-21 14:11:37ID: BB  Data: 00 00 00 AA 00 00 00 00 
"
"2016-11-21 14:11:37ID: BC  Data: 00 00 00 AA 00 00 00 00 
"
"2016-11-21 14:11:37ID: BB  Data: 00 00 00 AA 00 00 00 00 
"
"2016-11-21 14:11:37ID: BC  Data: 00 00 00 AA 00 00 00 00 
"
"2016-11-21 14:11:37ID: BB  Data: 00 00 00 AA 00 00 00 00 
"
"2016-11-21 14:11:37ID: BC  Data: 00 00 00 AA 00 00 00 00 
"
"2016-11-21 14:11:37ID: BB  Data: 00 00 00 AA 00 00 00 00 
"
"2016-11-21 14:11:37ID: BC  Data: 00 00 00 AA 00 00 00 00 
"
"2016-11-21 14:11:37ID: BB  Data: 00 00 00 AA 00 00 00 00 
"
"2016-11-21 14:11:37ID: BC  Data: 00 00 00 AA 00 00 00 00 
"
"2016-11-21 14:11:37ID: BB  Data: 00 00 00 AA 00 00 00 00 
"
"2016-11-21 14:11:37ID: BC  Data: 00 00 00 AA 00 00 00 00 
"
"2016-11-21 14:11:37ID: BB  Data: 00 00 00 AA 00 00 00 00 
"
"2016-11-21 14:11:37ID: BC  Data: 00 00 00 AA 00 00 00 00 
"
"2016-11-21 14:11:38ID: BB  Data: 00 00 00 AA 00 00 00 00 
"
"2016-11-21 14:11:38ID: BC  Data: 00 00 00 AA 00 00 00 00 
"
"2016-11-21 14:11:38ID: BB  Data: 00 00 00 AA 00 00 00 00 
"
"2016-11-21 14:11:38ID: BC  Data: 00 00 00 AA 00 00 00 00 
"
"2016-11-21 14:11:38ID: BB  Data: 00 00 00 AA 00 00 00 00 
"
"2016-11-21 14:11:38ID: BC  Data: 00 00 00 AA 00 00 00 00 
"
"2016-11-21 14:11:38ID: BB  Data: 00 00 00 AA 00 00 00 00 
"
"2016-11-21 14:11:38ID: BC  Data: 00 00 00 AA 00 00 00 00 
"
"2016-11-21 14:11:38ID: BB  Data: 00 00 00 AA 00 00 00 00 
"
"2016-11-21 14:11:38ID: BC  Data: 00 00 00 AA 00 00 00 00 
"
"2016-11-21 14:11:38ID: BB  Data: 00 00 00 AA 00 00 00 00 
"
"2016-11-21 14:11:38ID: BC  Data: 00 00 00 AA 00 00 00 00 
"
"2016-11-21 14:11:38ID: BB  Data: 00 00 00 AA 00 00 00 00 
"
"2016-11-21 14:11:38ID: BC  Data: 00 00 00 AA 00 00 00 00 
"
"2016-11-21 14:11:38ID: BB  Data: 00 00 00 AA 00 00 00 00 
"
"2016-11-21 14:11:38ID: BC  Data: 00 00 00 AA 00 00 00 00 
"
"2016-11-21 14:11:38ID: BB  Data: 00 00 00 AA 00 00 00 00 
"
"2016-11-21 14:11:38ID: BC  Data: 00 00 00 AA 00 00 00 00 
"
"2016-11-21 14:11:38ID: BB  Data: 00 00 00 AA 00 00 00 00 
"
"2016-11-21 14:11:38ID: BC  Data: 00 00 00 AA 00 00 00 00 
"
"2016-11-21 14:11:38ID: BB  Data: 00 00 00 AA 00 00 00 00 
"
"2016-11-21 14:11:38ID: BC  Data: 00 00 00 AA 00 00 00 00 
"
"2016-11-21 14:11:39ID: BB  Data: 00 00 00 AA 00 00 00 00 
"
"2016-11-21 14:11:39ID: BC  Data: 00 00 00 AA 00 00 00 00 
"
"2016-11-21 14:11:39ID: BB  Data: 00 00 00 AA 00 00 00 00 
"
"2016-11-21 14:11:39ID: BC  Data: 00 00 00 AA 00 00 00 00 
"
"2016-11-21 14:11:39ID: BB  Data: 00 00 00 AA 00 00 00 00 
"
"2016-11-21 14:11:39ID: BC  Data: 00 00 00 AA 00 00 00 00 
"
"2016-11-21 14:11:39ID: BB  Data: 00 00 00 AA 00 00 00 00 
"
"2016-11-21 14:11:39ID: BC  Data: 00 00 00 AA 00 00 00 00 
"
"2016-11-21 14:11:39ID: BB  Data: 00 00 00 AA 00 00 00 00 
"
"2016-11-21 14:11:39ID: BC  Data: 00 00 00 AA 00 00 00 00 
"
"2016-11-21 14:11:39ID: BB  Data: 00 00 00 AA 00 00 00 00 
"
"2016-11-21 14:11:39ID: BC  Data: 00 00 00 AA 00 00 00 00 
"
"2016-11-21 14:11:39ID: BB  Data: 00 00 00 AA 00 00 00 00 
"
"2016-11-21 14:11:39ID: BC  Data: 00 00 00 AA 00 00 00 00 
"
"2016-11-21 14:11:39ID: BB  Data: 00 00 00 AA 00 00 00 00 
"
"2016-11-21 14:11:39ID: BC  Data: 00 00 00 AA 00 00 00 00 
"
"2016-11-21 14:11:39ID: BB  Data: 00 00 00 AA 00 00 00 00 
"
"2016-11-21 14:11:39ID: BC  Data: 00 00 00 AA 00 00 00 00 
"
"2016-11-21 14:11:39ID: BB  Data: 00 00 00 AA 00 00 00 00 
"
"2016-11-21 14:11:39ID: BC  Data: 00 00 00 AA 00 00 00 00 
"
"2016-11-21 14:11:39ID: BB  Data: 00 00 00 AA 00 00 00 00 
"
"2016-11-21 14:11:39ID: BC  Data: 00 00 00 AA 00 00 00 00 
"
"2016-11-21 14:11:40ID: BB  Data: 00 00 00 AA 00 00 00 00 
"
"2016-11-21 14:11:40ID: BC  Data: 00 00 00 AA 00 00 00 00 
"
"2016-11-21 14:11:40ID: BB  Data: 00 00 00 AA 00 00 00 00 
"
"2016-11-21 14:11:40ID: BC  Data: 00 00 00 AA 00 00 00 00 
"
"2016-11-21 14:11:40ID: BB  Data: 00 00 00 AA 00 00 00 00 
"
"2016-11-21 14:11:40ID: BC  Data: 00 00 00 AA 00 00 00 00 
"
"2016-11-21 14:11:40ID: BB  Data: 00 00 00 AA 00 00 00 00 
"
"2016-11-21 14:11:40ID: BC  Data: 00 00 00 AA 00 00 00 00 
"
"2016-11-21 14:11:40ID: BB  Data: 00 00 00 AA 00 00 00 00 
"
"2016-11-21 14:11:40ID: BC  Data: 00 00 00 AA 00 00 00 00 
"
"2016-11-21 14:11:40ID: BB  Data: 00 00 00 AA 00 00 00 00 
"
"2016-11-21 14:11:40ID: BC  Data: 00 00 00 AA 00 00 00 00 
"
"2016-11-21 14:11:40ID: BB  Data: 00 00 00 AA 00 00 00 00 
"
"2016-11-21 14:11:40ID: BC  Data: 00 00 00 AA 00 00 00 00 
"
"2016-11-21 14:11:40ID: BB  Data: 00 00 00 AA 00 00 00 00 
"
"2016-11-21 14:11:40ID: BC  Data: 00 00 00 AA 00 00 00 00 
"
"2016-11-21 14:11:40ID: BB  Data: 00 00 00 AA 00 00 00 00 
"
"2016-11-21 14:11:40ID: BC  Data: 00 00 00 AA 00 00 00 00 
"
"2016-11-21 14:11:40ID: BB  Data: 00 00 00 AA 00 00 00 00 
"
"2016-11-21 14:11:40ID: BC  Data: 00 00 00 AA 00 00 00 00 
"
"2016-11-21 14:11:40ID: BB  Data: 00 00 00 AA 00 00 00 00 
"
"2016-11-21 14:11:40ID: BC  Data: 00 00 00 AA 00 00 00 00 
"
"2016-11-21 14:11:40ID: BB  Data: 00 00 00 AA 00 00 00 00 
"
"2016-11-21 14:11:40ID: BC  Data: 00 00 00 AA 00 00 00 00 
"
"2016-11-21 14:11:41ID: BB  Data: 00 00 00 AA 00 00 00 00 
"
"2016-11-21 14:11:41ID: BC  Data: 00 00 00 AA 00 00 00 00 
"
"2016-11-21 14:11:41ID: BB  Data: 00 00 00 AA 00 00 00 00 
"
"2016-11-21 14:11:41ID: BC  Data: 00 00 00 AA 00 00 00 00 
"
"2016-11-21 14:11:41ID: BB  Data: 00 00 00 AA 00 00 00 00 
"
"2016-11-21 14:11:41ID: BC  Data: 00 00 00 AA 00 00 00 00 
"
"2016-11-21 14:11:41ID: BB  Data: 00 00 00 AA 00 00 00 00 
"
"2016-11-21 14:11:41ID: BC  Data: 00 00 00 AA 00 00 00 00 
"
"2016-11-21 14:11:41ID: BB  Data: 00 00 00 AA 00 00 00 00 
"
"2016-11-21 14:11:41ID: BC  Data: 00 00 00 AA 00 00 00 00 
"
"2016-11-21 14:11:41ID: BB  Data: 00 00 00 AA 00 00 00 00 
"
"2016-11-21 14:11:41ID: BC  Data: 00 00 00 AA 00 00 00 00 
"
"2016-11-21 14:11:41ID: BB  Data: 00 00 00 AA 00 00 00 00 
"
"2016-11-21 14:11:41ID: BC  Data: 00 00 00 AA 00 00 00 00 
"
"2016-11-21 14:11:41ID: BB  Data: 00 00 00 AA 00 00 00 00 
"
"2016-11-21 14:11:41ID: BC  Data: 00 00 00 AA 00 00 00 00 
"
"2016-11-21 14:11:41ID: BB  Data: 00 00 00 AA 00 00 00 00 
"
"2016-11-21 14:11:41ID: BC  Data: 00 00 00 AA 00 00 00 00 
"
"2016-11-21 14:11:41ID: BB  Data: 00 00 00 AA 00 00 00 00 
"
"2016-11-21 14:11:41ID: BC  Data: 00 00 00 AA 00 00 00 00 
"
"2016-11-21 14:11:41ID: BB  Data: 00 00 00 AA 00 00 00 00 
"
"2016-11-21 14:11:41ID: BC  Data: 00 00 00 AA 00 00 00 00 
"
"2016-11-21 14:11:42ID: BB  Data: 00 00 00 AA 00 00 00 00 
"
"2016-11-21 14:11:42ID: BC  Data: 00 00 00 AA 00 00 00 00 
"
"2016-11-21 14:11:42ID: BB  Data: 00 00 00 AA 00 00 00 00 
"
"2016-11-21 14:11:42ID: BC  Data: 00 00 00 AA 00 00 00 00 
"
"2016-11-21 14:11:42ID: BB  Data: 00 00 00 AA 00 00 00 00 
"
"2016-11-21 14:11:42ID: BC  Data: 00 00 00 AA 00 00 00 00 
"
"2016-11-21 14:11:42ID: BB  Data: 00 00 00 AA 00 00 00 00 
"
"2016-11-21 14:11:42ID: BC  Data: 00 00 00 AA 00 00 00 00 
"
"2016-11-21 14:11:42ID: BB  Data: 00 00 00 AA 00 00 00 00 
"
"2016-11-21 14:11:42ID: BC  Data: 00 00 00 AA 00 00 00 00 
"
"2016-11-21 14:11:42ID: BB  Data: 00 00 00 AA 00 00 00 00 
"
"2016-11-21 14:11:42ID: BC  Data: 00 00 00 AA 00 00 00 00 
"
"2016-11-21 14:11:42ID: BB  Data: 00 00 00 AA 00 00 00 00 
"
"2016-11-21 14:11:42ID: BC  Data: 00 00 00 AA 00 00 00 00 
"
"2016-11-21 14:11:42ID: BB  Data: 00 00 00 AA 00 00 00 00 
"
"2016-11-21 14:11:42ID: BC  Data: 00 00 00 AA 00 00 00 00 
"
"2016-11-21 14:11:42ID: BB  Data: 00 00 00 AA 00 00 00 00 
"
"2016-11-21 14:11:42ID: BC  Data: 00 00 00 AA 00 00 00 00 
"
"2016-11-21 14:11:42ID: BB  Data: 00 00 00 AA 00 00 00 00 
"
"2016-11-21 14:11:42ID: BC  Data: 00 00 00 AA 00 00 00 00 
"
"2016-11-21 14:11:42ID: BB  Data: 00 00 00 AA 00 00 00 00 
"
"2016-11-21 14:11:42ID: BC  Data: 00 00 00 AA 00 00 00 00 
"
"2016-11-21 14:11:42ID: BB  Data: 00 00 00 AA 00 00 00 00 
"
"2016-11-21 14:11:43ID: BC  Data: 00 00 00 AA 00 00 00 00 
"
"2016-11-21 14:11:43ID: BB  Data: 00 00 00 AA 00 00 00 00 
"
"2016-11-21 14:11:43ID: BC  Data: 00 00 00 AA 00 00 00 00 
"
"2016-11-21 14:11:43ID: BB  Data: 00 00 00 AA 00 00 00 00 
"
"2016-11-21 14:11:43ID: BC  Data: 00 00 00 AA 00 00 00 00 
"
"2016-11-21 14:11:43ID: BB  Data: 00 00 00 AA 00 00 00 00 
"
"2016-11-21 14:11:43ID: BC  Data: 00 00 00 AA 00 00 00 00 
"
"2016-11-21 14:11:43ID: BB  Data: 00 00 00 AA 00 00 00 00 
"
"2016-11-21 14:11:43ID: BC  Data: 00 00 00 AA 00 00 00 00 
"
"2016-11-21 14:11:43ID: BB  Data: 00 00 00 AA 00 00 00 00 
"
"2016-11-21 14:11:43ID: BC  Data: 00 00 00 AA 00 00 00 00 
"
"2016-11-21 14:11:43ID: BB  Data: 00 00 00 AA 00 00 00 00 
"
"2016-11-21 14:11:43ID: BC  Data: 00 00 00 AA 00 00 00 00 
"
"2016-11-21 14:11:43ID: BB  Data: 00 00 00 AA 00 00 00 00 
"
"2016-11-21 14:11:43ID: BC  Data: 00 00 00 AA 00 00 00 00 
"
"2016-11-21 14:11:43ID: BB  Data: 00 00 00 AA 00 00 00 00 
"
"2016-11-21 14:11:43ID: BC  Data: 00 00 00 AA 00 00 00 00 
"
"2016-11-21 14:11:43ID: BB  Data: 00 00 00 AA 00 00 00 00 
"
"2016-11-21 14:11:43ID: BC  Data: 00 00 00 AA 00 00 00 00 
"
"2016-11-21 14:11:43ID: BB  Data: 00 00 00 AA 00 00 00 00 
"
"2016-11-21 14:11:43ID: BC  Data: 00 00 00 AA 00 00 00 00 
"
"2016-11-21 14:11:43ID: BB  Data: 00 00 00 AA 00 00 00 00 
"
"2016-11-21 14:11:43ID: BC  Data: 00 00 00 AA 00 00 00 00 
"
"2016-11-21 14:11:44ID: BB  Data: 00 00 00 AA 00 00 00 00 
"
"2016-11-21 14:11:44ID: BC  Data: 00 00 00 AA 00 00 00 00 
"
"2016-11-21 14:11:44ID: BB  Data: 00 00 00 AA 00 00 00 00 
"
"2016-11-21 14:11:44ID: BC  Data: 00 00 00 AA 00 00 00 00 
"
"2016-11-21 14:11:44ID: BB  Data: 00 00 00 AA 00 00 00 00 
"
"2016-11-21 14:11:44ID: BC  Data: 00 00 00 AA 00 00 00 00 
"
"2016-11-21 14:11:44ID: BB  Data: 00 00 00 AA 00 00 00 00 
"
"2016-11-21 14:11:44ID: BC  Data: 00 00 00 AA 00 00 00 00 
"
"2016-11-21 14:11:44ID: BB  Data: 00 00 00 AA 00 00 00 00 
"
"2016-11-21 14:11:44ID: BC  Data: 00 00 00 AA 00 00 00 00 
"
"2016-11-21 14:11:44ID: BB  Data: 00 00 00 AA 00 00 00 00 
"
"2016-11-21 14:11:44ID: BC  Data: 00 00 00 AA 00 00 00 00 
"
"2016-11-21 14:11:44ID: BB  Data: 00 00 00 AA 00 00 00 00 
"
"2016-11-21 14:11:44ID: BC  Data: 00 00 00 AA 00 00 00 00 
"
"2016-11-21 14:11:44ID: BB  Data: 00 00 00 AA 00 00 00 00 
"
"2016-11-21 14:11:44ID: BC  Data: 00 00 00 AA 00 00 00 00 
"
"2016-11-21 14:11:44ID: BB  Data: 00 00 00 AA 00 00 00 00 
"
"2016-11-21 14:11:44ID: BC  Data: 00 00 00 AA 00 00 00 00 
"
"2016-11-21 14:11:44ID: BB  Data: 00 00 00 AA 00 00 00 00 
"
"2016-11-21 14:11:44ID: BC  Data: 00 00 00 AA 00 00 00 00 
"
"2016-11-21 14:11:44ID: BB  Data: 00 00 00 AA 00 00 00 00 
"
"2016-11-21 14:11:44ID: BC  Data: 00 00 00 AA 00 00 00 00 
"
"2016-11-21 14:11:45ID: BB  Data: 00 00 00 AA 00 00 00 00 
"
"2016-11-21 14:11:45ID: BC  Data: 00 00 00 AA 00 00 00 00 
"
"2016-11-21 14:11:45ID: BB  Data: 00 00 00 AA 00 00 00 00 
"
"2016-11-21 14:11:45ID: BC  Data: 00 00 00 AA 00 00 00 00 
"
"2016-11-21 14:11:45ID: BB  Data: 00 00 00 AA 00 00 00 00 
"
"2016-11-21 14:11:45ID: BC  Data: 00 00 00 AA 00 00 00 00 
"
"2016-11-21 14:11:45ID: BB  Data: 00 00 00 AA 00 00 00 00 
"
"2016-11-21 14:11:45ID: BC  Data: 00 00 00 AA 00 00 00 00 
"
"2016-11-21 14:11:45ID: BB  Data: 00 00 00 AA 00 00 00 00 
"
"2016-11-21 14:11:45ID: BC  Data: 00 00 00 AA 00 00 00 00 
"
"2016-11-21 14:11:45ID: BB  Data: 00 00 00 AA 00 00 00 00 
"
"2016-11-21 14:11:45ID: BC  Data: 00 00 00 AA 00 00 00 00 
"
"2016-11-21 14:11:45ID: BB  Data: 00 00 00 AA 00 00 00 00 
"
"2016-11-21 14:11:45ID: BC  Data: 00 00 00 AA 00 00 00 00 
"
"2016-11-21 14:11:45ID: BB  Data: 00 00 00 AA 00 00 00 00 
"
"2016-11-21 14:11:45ID: BC  Data: 00 00 00 AA 00 00 00 00 
"
"2016-11-21 14:11:45ID: BB  Data: 00 00 00 AA 00 00 00 00 
"
"2016-11-21 14:11:45ID: BC  Data: 00 00 00 AA 00 00 00 00 
"
"2016-11-21 14:11:45ID: BB  Data: 00 00 00 AA 00 00 00 00 
"
"2016-11-21 14:11:45ID: BC  Data: 00 00 00 AA 00 00 00 00 
"
"2016-11-21 14:11:45ID: BB  Data: 00 00 00 AA 00 00 00 00 
"
"2016-11-21 14:11:45ID: BC  Data: 00 00 00 AA 00 00 00 00 
"
"2016-11-21 14:11:45ID: BB  Data: 00 00 00 AA 00 00 00 00 
"
"2016-11-21 14:11:45ID: BC  Data: 00 00 00 AA 00 00 00 00 
"
"2016-11-21 14:11:46ID: BB  Data: 00 00 00 AA 00 00 00 00 
"
"2016-11-21 14:11:46ID: BC  Data: 00 00 00 AA 00 00 00 00 
"
"2016-11-21 14:11:46ID: BB  Data: 00 00 00 AA 00 00 00 00 
"
"2016-11-21 14:11:46ID: BC  Data: 00 00 00 AA 00 00 00 00 
"
"2016-11-21 14:11:46ID: BB  Data: 00 00 00 AA 00 00 00 00 
"
"2016-11-21 14:11:46ID: BC  Data: 00 00 00 AA 00 00 00 00 
"
"2016-11-21 14:11:46ID: BB  Data: 00 00 00 AA 00 00 00 00 
"
"2016-11-21 14:11:46ID: BC  Data: 00 00 00 AA 00 00 00 00 
"
"2016-11-21 14:11:46ID: BB  Data: 00 00 00 AA 00 00 00 00 
"
"2016-11-21 14:11:46ID: BC  Data: 00 00 00 AA 00 00 00 00 
"
"2016-11-21 14:11:46ID: BB  Data: 00 00 00 AA 00 00 00 00 
"
"2016-11-21 14:11:46ID: BC  Data: 00 00 00 AA 00 00 00 00 
"
"2016-11-21 14:11:46ID: BB  Data: 00 00 00 AA 00 00 00 00 
"
"2016-11-21 14:11:46ID: BC  Data: 00 00 00 AA 00 00 00 00 
"
"2016-11-21 14:11:46ID: BB  Data: 00 00 00 AA 00 00 00 00 
"
"2016-11-21 14:11:46ID: BC  Data: 00 00 00 AA 00 00 00 00 
"
"2016-11-21 14:11:46ID: BB  Data: 00 00 00 AA 00 00 00 00 
"
"2016-11-21 14:11:46ID: BC  Data: 00 00 00 AA 00 00 00 00 
"
"2016-11-21 14:11:46ID: BB  Data: 00 00 00 AA 00 00 00 00 
"
"2016-11-21 14:11:46ID: BC  Data: 00 00 00 AA 00 00 00 00 
"
"2016-11-21 14:11:46ID: BB  Data: 00 00 00 AA 00 00 00 00 
"
"2016-11-21 14:11:46ID: BC  Data: 00 00 00 AA 00 00 00 00 
"
"2016-11-21 14:11:47ID: BB  Data: 00 00 00 AA 00 00 00 00 
"
"2016-11-21 14:11:47ID: BC  Data: 00 00 00 AA 00 00 00 00 
"
"2016-11-21 14:11:47ID: BB  Data: 00 00 00 AA 00 00 00 00 
"
"2016-11-21 14:11:47ID: BC  Data: 00 00 00 AA 00 00 00 00 
"
"2016-11-21 14:11:47ID: BB  Data: 00 00 00 AA 00 00 00 00 
"
"2016-11-21 14:11:47ID: BC  Data: 00 00 00 AA 00 00 00 00 
"
"2016-11-21 14:11:47ID: BB  Data: 00 00 00 AA 00 00 00 00 
"
"2016-11-21 14:11:47ID: BC  Data: 00 00 00 AA 00 00 00 00 
"
"2016-11-21 14:11:47ID: BB  Data: 00 00 00 AA 00 00 00 00 
"
"2016-11-21 14:11:47ID: BC  Data: 00 00 00 AA 00 00 00 00 
"
"2016-11-21 14:11:47ID: BB  Data: 00 00 00 AA 00 00 00 00 
"
"2016-11-21 14:11:47ID: BC  Data: 00 00 00 AA 00 00 00 00 
"
"2016-11-21 14:11:47ID: BB  Data: 00 00 00 AA 00 00 00 00 
"
"2016-11-21 14:11:47ID: BC  Data: 00 00 00 AA 00 00 00 00 
"
"2016-11-21 14:11:47ID: BB  Data: 00 00 00 AA 00 00 00 00 
"
"2016-11-21 14:11:47ID: BC  Data: 00 00 00 AA 00 00 00 00 
"
"2016-11-21 14:11:47ID: BB  Data: 00 00 00 AA 00 00 00 00 
"
"2016-11-21 14:11:47ID: BC  Data: 00 00 00 AA 00 00 00 00 
"
"2016-11-21 14:11:47ID: BB  Data: 00 00 00 AA 00 00 00 00 
"
"2016-11-21 14:11:47ID: BC  Data: 00 00 00 AA 00 00 00 00 
"
"2016-11-21 14:11:47ID: BB  Data: 00 00 00 AA 00 00 00 00 
"
"2016-11-21 14:11:47ID: BC  Data: 00 00 00 AA 00 00 00 00 
"
"2016-11-21 14:11:48ID: BB  Data: 00 00 00 AA 00 00 00 00 
"
"2016-11-21 14:11:48ID: BC  Data: 00 00 00 AA 00 00 00 00 
"
"2016-11-21 14:11:48ID: BB  Data: 00 00 00 AA 00 00 00 00 
"
"2016-11-21 14:11:48ID: BC  Data: 00 00 00 AA 00 00 00 00 
"
"2016-11-21 14:11:48ID: BB  Data: 00 00 00 AA 00 00 00 00 
"
"2016-11-21 14:11:48ID: BC  Data: 00 00 00 AA 00 00 00 00 
"
"2016-11-21 14:11:48ID: BB  Data: 00 00 00 AA 00 00 00 00 
"
"2016-11-21 14:11:48ID: BC  Data: 00 00 00 AA 00 00 00 00 
"
"2016-11-21 14:11:48ID: BB  Data: 00 00 00 AA 00 00 00 00 
"
"2016-11-21 14:11:48ID: BC  Data: 00 00 00 AA 00 00 00 00 
"
"2016-11-21 14:11:48ID: BB  Data: 00 00 00 AA 00 00 00 00 
"
"2016-11-21 14:11:48ID: BC  Data: 00 00 00 AA 00 00 00 00 
"
"2016-11-21 14:11:48ID: BB  Data: 00 00 00 AA 00 00 00 00 
"
"2016-11-21 14:11:48ID: BC  Data: 00 00 00 AA 00 00 00 00 
"
"2016-11-21 14:11:48ID: BB  Data: 00 00 00 AA 00 00 00 00 
"
"2016-11-21 14:11:48ID: BC  Data: 00 00 00 AA 00 00 00 00 
"
"2016-11-21 14:11:48ID: BB  Data: 00 00 00 AA 00 00 00 00 
"
"2016-11-21 14:11:48ID: BC  Data: 00 00 00 AA 00 00 00 00 
"
"2016-11-21 14:11:48ID: BB  Data: 00 00 00 AA 00 00 00 00 
"
"2016-11-21 14:11:48ID: BC  Data: 00 00 00 AA 00 00 00 00 
"
"2016-11-21 14:11:48ID: BB  Data: 00 00 00 AA 00 00 00 00 
"
"2016-11-21 14:11:48ID: BC  Data: 00 00 00 AA 00 00 00 00 
"
"2016-11-21 14:11:48ID: BB  Data: 00 00 00 AA 00 00 00 00 
"
"2016-11-21 14:11:48ID: BC  Data: 00 00 00 AA 00 00 00 00 
"
"2016-11-21 14:11:49ID: BB  Data: 00 00 00 AA 00 00 00 00 
"
"2016-11-21 14:11:49ID: BC  Data: 00 00 00 AA 00 00 00 00 
"
"2016-11-21 14:11:49ID: BB  Data: 00 00 00 AA 00 00 00 00 
"
"2016-11-21 14:11:49ID: BC  Data: 00 00 00 AA 00 00 00 00 
"
"2016-11-21 14:11:49ID: BB  Data: 00 00 00 AA 00 00 00 00 
"
"2016-11-21 14:11:49ID: BC  Data: 00 00 00 AA 00 00 00 00 
"
"2016-11-21 14:11:49ID: BB  Data: 00 00 00 AA 00 00 00 00 
"
"2016-11-21 14:11:49ID: BC  Data: 00 00 00 AA 00 00 00 00 
"
"2016-11-21 14:11:49ID: BB  Data: 00 00 00 AA 00 00 00 00 
"
"2016-11-21 14:11:49ID: BC  Data: 00 00 00 AA 00 00 00 00 
"
"2016-11-21 14:11:49ID: BB  Data: 00 00 00 AA 00 00 00 00 
"
"2016-11-21 14:11:49ID: BC  Data: 00 00 00 AA 00 00 00 00 
"
"2016-11-21 14:11:49ID: BB  Data: 00 00 00 AA 00 00 00 00 
"
"2016-11-21 14:11:49ID: BC  Data: 00 00 00 AA 00 00 00 00 
"
"2016-11-21 14:11:49ID: BB  Data: 00 00 00 AA 00 00 00 00 
"
"2016-11-21 14:11:49ID: BC  Data: 00 00 00 AA 00 00 00 00 
"
"2016-11-21 14:11:49ID: BB  Data: 00 00 00 AA 00 00 00 00 
"
"2016-11-21 14:11:49ID: BC  Data: 00 00 00 AA 00 00 00 00 
"
"2016-11-21 14:11:49ID: BB  Data: 00 00 00 AA 00 00 00 00 
"
"2016-11-21 14:11:49ID: BC  Data: 00 00 00 AA 00 00 00 00 
"
"2016-11-21 14:11:49ID: BB  Data: 00 00 00 AA 00 00 00 00 
"
"2016-11-21 14:11:49ID: BC  Data: 00 00 00 AA 00 00 00 00 
"
"2016-11-21 14:11:50ID: BB  Data: 00 00 00 AA 00 00 00 00 
"
"2016-11-21 14:11:50ID: BC  Data: 00 00 00 AA 00 00 00 00 
"
"2016-11-21 14:11:50ID: BB  Data: 00 00 00 AA 00 00 00 00 
"
"2016-11-21 14:11:50ID: BC  Data: 00 00 00 AA 00 00 00 00 
"
"2016-11-21 14:11:50ID: BB  Data: 00 00 00 AA 00 00 00 00 
"
"2016-11-21 14:11:50ID: BC  Data: 00 00 00 AA 00 00 00 00 
"
"2016-11-21 14:11:50ID: BB  Data: 00 00 00 AA 00 00 00 00 
"
"2016-11-21 14:11:50ID: BC  Data: 00 00 00 AA 00 00 00 00 
"
"2016-11-21 14:11:50ID: BB  Data: 00 00 00 AA 00 00 00 00 
"
"2016-11-21 14:11:50ID: BC  Data: 00 00 00 AA 00 00 00 00 
"
"2016-11-21 14:11:50ID: BB  Data: 00 00 00 AA 00 00 00 00 
"
"2016-11-21 14:11:50ID: BC  Data: 00 00 00 AA 00 00 00 00 
"
"2016-11-21 14:11:50ID: BB  Data: 00 00 00 AA 00 00 00 00 
"
"2016-11-21 14:11:50ID: BC  Data: 00 00 00 AA 00 00 00 00 
"
"2016-11-21 14:11:50ID: BB  Data: 00 00 00 AA 00 00 00 00 
"
"2016-11-21 14:11:50ID: BC  Data: 00 00 00 AA 00 00 00 00 
"
"2016-11-21 14:11:50ID: BB  Data: 00 00 00 AA 00 00 00 00 
"
"2016-11-21 14:11:50ID: BC  Data: 00 00 00 AA 00 00 00 00 
"
"2016-11-21 14:11:50ID: BB  Data: 00 00 00 AA 00 00 00 00 
"
"2016-11-21 14:11:50ID: BC  Data: 00 00 00 AA 00 00 00 00 
"
"2016-11-21 14:11:50ID: BB  Data: 00 00 00 AA 00 00 00 00 
"
"2016-11-21 14:11:50ID: BC  Data: 00 00 00 AA 00 00 00 00 
"
"2016-11-21 14:11:50ID: BB  Data: 00 00 00 AA 00 00 00 00 
"
"2016-11-21 14:11:51ID: BC  Data: 00 00 00 AA 00 00 00 00 
"
"2016-11-21 14:11:51ID: BB  Data: 00 00 00 AA 00 00 00 00 
"
"2016-11-21 14:11:51ID: BC  Data: 00 00 00 AA 00 00 00 00 
"
"2016-11-21 14:11:51ID: BB  Data: 00 00 00 AA 00 00 00 00 
"
"2016-11-21 14:11:51ID: BC  Data: 00 00 00 AA 00 00 00 00 
"
"2016-11-21 14:11:51ID: BB  Data: 00 00 00 AA 00 00 00 00 
"
"2016-11-21 14:11:51ID: BC  Data: 00 00 00 AA 00 00 00 00 
"
"2016-11-21 14:11:51ID: BB  Data: 00 00 00 AA 00 00 00 00 
"
"2016-11-21 14:11:51ID: BC  Data: 00 00 00 AA 00 00 00 00 
"
"2016-11-21 14:11:51ID: BB  Data: 00 00 00 AA 00 00 00 00 
"
"2016-11-21 14:11:51ID: BC  Data: 00 00 00 AA 00 00 00 00 
"
"2016-11-21 14:11:51ID: BB  Data: 00 00 00 AA 00 00 00 00 
"
"2016-11-21 14:11:51ID: BC  Data: 00 00 00 AA 00 00 00 00 
"
"2016-11-21 14:11:51ID: BB  Data: 00 00 00 AA 00 00 00 00 
"
"2016-11-21 14:11:51ID: BC  Data: 00 00 00 AA 00 00 00 00 
"
"2016-11-21 14:11:51ID: BB  Data: 00 00 00 AA 00 00 00 00 
"
"2016-11-21 14:11:51ID: BC  Data: 00 00 00 AA 00 00 00 00 
"
"2016-11-21 14:11:51ID: BB  Data: 00 00 00 AA 00 00 00 00 
"
"2016-11-21 14:11:51ID: BC  Data: 00 00 00 AA 00 00 00 00 
"
"2016-11-21 14:11:51ID: BB  Data: 00 00 00 AA 00 00 00 00 
"
"2016-11-21 14:11:51ID: BC  Data: 00 00 00 AA 00 00 00 00 
"
"2016-11-21 14:11:51ID: BB  Data: 00 00 00 AA 00 00 00 00 
"
"2016-11-21 14:11:51ID: BC  Data: 00 00 00 AA 00 00 00 00 
"
"2016-11-21 14:11:52ID: BB  Data: 00 00 00 AA 00 00 00 00 
"
"2016-11-21 14:11:52ID: BC  Data: 00 00 00 AA 00 00 00 00 
"
"2016-11-21 14:11:52ID: BB  Data: 00 00 00 AA 00 00 00 00 
"
"2016-11-21 14:11:52ID: BC  Data: 00 00 00 AA 00 00 00 00 
"
"2016-11-21 14:11:52ID: BB  Data: 00 00 00 AA 00 00 00 00 
"
"2016-11-21 14:11:52ID: BC  Data: 00 00 00 AA 00 00 00 00 
"
"2016-11-21 14:11:52ID: BB  Data: 00 00 00 AA 00 00 00 00 
"
"2016-11-21 14:11:52ID: BC  Data: 00 00 00 AA 00 00 00 00 
"
"2016-11-21 14:11:52ID: BB  Data: 00 00 00 AA 00 00 00 00 
"
"2016-11-21 14:11:52ID: BC  Data: 00 00 00 AA 00 00 00 00 
"
"2016-11-21 14:11:52ID: BB  Data: 00 00 00 AA 00 00 00 00 
"
"2016-11-21 14:11:52ID: BC  Data: 00 00 00 AA 00 00 00 00 
"
"2016-11-21 14:11:52ID: BB  Data: 00 00 00 AA 00 00 00 00 
"
"2016-11-21 14:11:52ID: BC  Data: 00 00 00 AA 00 00 00 00 
"
"2016-11-21 14:11:52ID: BB  Data: 00 00 00 AA 00 00 00 00 
"
"2016-11-21 14:11:52ID: BC  Data: 00 00 00 AA 00 00 00 00 
"
"2016-11-21 14:11:52ID: BB  Data: 00 00 00 AA 00 00 00 00 
"
"2016-11-21 14:11:52ID: BC  Data: 00 00 00 AA 00 00 00 00 
"
"2016-11-21 14:11:52ID: BB  Data: 00 00 00 AA 00 00 00 00 
"
"2016-11-21 14:11:52ID: BC  Data: 00 00 00 AA 00 00 00 00 
"
"2016-11-21 14:11:52ID: BB  Data: 00 00 00 AA 00 00 00 00 
"
"2016-11-21 14:11:52ID: BC  Data: 00 00 00 AA 00 00 00 00 
"
"2016-11-21 14:11:53ID: BB  Data: 00 00 00 AA 00 00 00 00 
"
"2016-11-21 14:11:53ID: BC  Data: 00 00 00 AA 00 00 00 00 
"
"2016-11-21 14:11:53ID: BB  Data: 00 00 00 AA 00 00 00 00 
"
"2016-11-21 14:11:53ID: BC  Data: 00 00 00 AA 00 00 00 00 
"
"2016-11-21 14:11:53ID: BB  Data: 00 00 00 AA 00 00 00 00 
"
"2016-11-21 14:11:53ID: BC  Data: 00 00 00 AA 00 00 00 00 
"
"2016-11-21 14:11:53ID: BB  Data: 00 00 00 AA 00 00 00 00 
"
"2016-11-21 14:11:53ID: BC  Data: 00 00 00 AA 00 00 00 00 
"
"2016-11-21 14:11:53ID: BB  Data: 00 00 00 AA 00 00 00 00 
"
"2016-11-21 14:11:53ID: BC  Data: 00 00 00 AA 00 00 00 00 
"
"2016-11-21 14:11:53ID: BB  Data: 00 00 00 AA 00 00 00 00 
"
"2016-11-21 14:11:53ID: BC  Data: 00 00 00 AA 00 00 00 00 
"
"2016-11-21 14:11:53ID: BB  Data: 00 00 00 AA 00 00 00 00 
"
"2016-11-21 14:11:53ID: BC  Data: 00 00 00 AA 00 00 00 00 
"
"2016-11-21 14:11:53ID: BB  Data: 00 00 00 AA 00 00 00 00 
"
"2016-11-21 14:11:53ID: BC  Data: 00 00 00 AA 00 00 00 00 
"
"2016-11-21 14:11:53ID: BB  Data: 00 00 00 AA 00 00 00 00 
"
"2016-11-21 14:11:53ID: BC  Data: 00 00 00 AA 00 00 00 00 
"
"2016-11-21 14:11:53ID: BB  Data: 00 00 00 AA 00 00 00 00 
"
"2016-11-21 14:11:53ID: BC  Data: 00 00 00 AA 00 00 00 00 
"
"2016-11-21 14:11:53ID: BB  Data: 00 00 00 AA 00 00 00 00 
"
"2016-11-21 14:11:53ID: BC  Data: 00 00 00 AA 00 00 00 00 
"
"2016-11-21 14:11:53ID: BB  Data: 00 00 00 AA 00 00 00 00 
"
"2016-11-21 14:11:53ID: BC  Data: 00 00 00 AA 00 00 00 00 
"
"2016-11-21 14:11:54ID: BB  Data: 00 00 00 AA 00 00 00 00 
"
"2016-11-21 14:11:54ID: BC  Data: 00 00 00 AA 00 00 00 00 
"
"2016-11-21 14:11:54ID: BB  Data: 00 00 00 AA 00 00 00 00 
"
"2016-11-21 14:11:54ID: BC  Data: 00 00 00 AA 00 00 00 00 
"
"2016-11-21 14:11:54ID: BB  Data: 00 00 00 AA 00 00 00 00 
"
"2016-11-21 14:11:54ID: BC  Data: 00 00 00 AA 00 00 00 00 
"
"2016-11-21 14:11:54ID: BB  Data: 00 00 00 AA 00 00 00 00 
"
"2016-11-21 14:11:54ID: BC  Data: 00 00 00 AA 00 00 00 00 
"
"2016-11-21 14:11:54ID: BB  Data: 00 00 00 AA 00 00 00 00 
"
"2016-11-21 14:11:54ID: BC  Data: 00 00 00 AA 00 00 00 00 
"
"2016-11-21 14:11:54ID: BB  Data: 00 00 00 AA 00 00 00 00 
"
"2016-11-21 14:11:54ID: BC  Data: 00 00 00 AA 00 00 00 00 
"
"2016-11-21 14:11:54ID: BB  Data: 00 00 00 AA 00 00 00 00 
"
"2016-11-21 14:11:54ID: BC  Data: 00 00 00 AA 00 00 00 00 
"
"2016-11-21 14:11:54ID: BB  Data: 00 00 00 AA 00 00 00 00 
"
"2016-11-21 14:11:54ID: BC  Data: 00 00 00 AA 00 00 00 00 
"
"2016-11-21 14:11:54ID: BB  Data: 00 00 00 AA 00 00 00 00 
"
"2016-11-21 14:11:54ID: BC  Data: 00 00 00 AA 00 00 00 00 
"
"2016-11-21 14:11:54ID: BB  Data: 00 00 00 AA 00 00 00 00 
"
"2016-11-21 14:11:54ID: BC  Data: 00 00 00 AA 00 00 00 00 
"
"2016-11-21 14:11:54ID: BB  Data: 00 00 00 AA 00 00 00 00 
"
"2016-11-21 14:11:54ID: BC  Data: 00 00 00 AA 00 00 00 00 
"
"2016-11-21 14:11:55ID: BB  Data: 00 00 00 AA 00 00 00 00 
"
"2016-11-21 14:11:55ID: BC  Data: 00 00 00 AA 00 00 00 00 
"
"2016-11-21 14:11:55ID: BB  Data: 00 00 00 AA 00 00 00 00 
"
"2016-11-21 14:11:55ID: BC  Data: 00 00 00 AA 00 00 00 00 
"
"2016-11-21 14:11:55ID: BB  Data: 00 00 00 AA 00 00 00 00 
"
"2016-11-21 14:11:55ID: BC  Data: 00 00 00 AA 00 00 00 00 
"
"2016-11-21 14:11:55ID: BB  Data: 00 00 00 AA 00 00 00 00 
"
"2016-11-21 14:11:55ID: BC  Data: 00 00 00 AA 00 00 00 00 
"
"2016-11-21 14:11:55ID: BB  Data: 00 00 00 AA 00 00 00 00 
"
"2016-11-21 14:11:55ID: BC  Data: 00 00 00 AA 00 00 00 00 
"
"2016-11-21 14:11:55ID: BB  Data: 00 00 00 AA 00 00 00 00 
"
"2016-11-21 14:11:55ID: BC  Data: 00 00 00 AA 00 00 00 00 
"
"2016-11-21 14:11:55ID: BB  Data: 00 00 00 AA 00 00 00 00 
"
"2016-11-21 14:11:55ID: BC  Data: 00 00 00 AA 00 00 00 00 
"
"2016-11-21 14:11:55ID: BB  Data: 00 00 00 AA 00 00 00 00 
"
"2016-11-21 14:11:55ID: BC  Data: 00 00 00 AA 00 00 00 00 
"
"2016-11-21 14:11:55ID: BB  Data: 00 00 00 AA 00 00 00 00 
"
"2016-11-21 14:11:55ID: BC  Data: 00 00 00 AA 00 00 00 00 
"
"2016-11-21 14:11:55ID: BB  Data: 00 00 00 AA 00 00 00 00 
"
"2016-11-21 14:11:55ID: BC  Data: 00 00 00 AA 00 00 00 00 
"
"2016-11-21 14:11:55ID: BB  Data: 00 00 00 AA 00 00 00 00 
"
"2016-11-21 14:11:55ID: BC  Data: 00 00 00 AA 00 00 00 00 
"
"2016-11-21 14:11:56ID: BB  Data: 00 00 00 AA 00 00 00 00 
"
"2016-11-21 14:11:56ID: BC  Data: 00 00 00 AA 00 00 00 00 
"
"2016-11-21 14:11:56ID: BB  Data: 00 00 00 AA 00 00 00 00 
"
"2016-11-21 14:11:56ID: BC  Data: 00 00 00 AA 00 00 00 00 
"
"2016-11-21 14:11:56ID: BB  Data: 00 00 00 AA 00 00 00 00 
"
"2016-11-21 14:11:56ID: BC  Data: 00 00 00 AA 00 00 00 00 
"
"2016-11-21 14:11:56ID: BB  Data: 00 00 00 AA 00 00 00 00 
"
"2016-11-21 14:11:56ID: BC  Data: 00 00 00 AA 00 00 00 00 
"
"2016-11-21 14:11:56ID: BB  Data: 00 00 00 AA 00 00 00 00 
"
"2016-11-21 14:11:56ID: BC  Data: 00 00 00 AA 00 00 00 00 
"
"2016-11-21 14:11:56ID: BB  Data: 00 00 00 AA 00 00 00 00 
"
"2016-11-21 14:11:56ID: BC  Data: 00 00 00 AA 00 00 00 00 
"
"2016-11-21 14:11:56ID: BB  Data: 00 00 00 AA 00 00 00 00 
"
"2016-11-21 14:11:56ID: BC  Data: 00 00 00 AA 00 00 00 00 
"
"2016-11-21 14:11:56ID: BB  Data: 00 00 00 AA 00 00 00 00 
"
"2016-11-21 14:11:56ID: BC  Data: 00 00 00 AA 00 00 00 00 
"
"2016-11-21 14:11:56ID: BB  Data: 00 00 00 AA 00 00 00 00 
"
"2016-11-21 14:11:56ID: BC  Data: 00 00 00 AA 00 00 00 00 
"
"2016-11-21 14:11:56ID: BB  Data: 00 00 00 AA 01 87 84 B4 
"
"2016-11-21 14:11:56ID: BC  Data: 00 00 00 AA FE 78 7B 4C 
"
"2016-11-21 14:11:56ID: BB  Data: 00 00 00 AA 01 E8 E1 8E 
"
"2016-11-21 14:11:56ID: BC  Data: 00 00 00 AA FE 17 1E 72 
"
"2016-11-21 14:11:56ID: BB  Data: 00 00 00 AA 02 1A E0 CE 
"
"2016-11-21 14:11:56ID: BC  Data: 00 00 00 AA FD E5 1F 32 
"
"2016-11-21 14:11:57ID: BB  Data: 00 00 00 AA 02 10 5A 3A 
"
"2016-11-21 14:11:57ID: BC  Data: 00 00 00 AA FD EF A5 C6 
"
"2016-11-21 14:11:57ID: BB  Data: 00 00 00 AA 02 0F 09 67 
"
"2016-11-21 14:11:57ID: BC  Data: 00 00 00 AA FD F0 F6 99 
"
"2016-11-21 14:11:57ID: BB  Data: 00 00 00 AA 01 F6 09 C7 
"
"2016-11-21 14:11:57ID: BC  Data: 00 00 00 AA FE 09 F6 39 
"
"2016-11-21 14:11:57ID: BB  Data: 00 00 00 AA 01 F6 09 C7 
"
"2016-11-21 14:11:57ID: BC  Data: 00 00 00 AA FE 09 F6 39 
"
"2016-11-21 14:11:57ID: BB  Data: 00 00 00 AA 01 F3 68 22 
"
"2016-11-21 14:11:57ID: BC  Data: 00 00 00 AA FE 0C 97 DE 
"
"2016-11-21 14:11:57ID: BB  Data: 00 00 00 AA 01 D6 76 0B 
"
"2016-11-21 14:11:57ID: BC  Data: 00 00 00 AA FE 29 89 F5 
"
"2016-11-21 14:11:57ID: BB  Data: 00 00 00 AA 00 00 00 00 
"
"2016-11-21 14:11:57ID: BC  Data: 00 00 00 AA 00 00 00 00 
"
"2016-11-21 14:11:57ID: BB  Data: 00 00 00 AA 00 00 00 00 
"
"2016-11-21 14:11:57ID: BC  Data: 00 00 00 AA 00 00 00 00 
"
"2016-11-21 14:11:57ID: BB  Data: 00 00 00 AA 00 00 00 00 
"
"2016-11-21 14:11:57ID: BC  Data: 00 00 00 AA 00 00 00 00 
"
"2016-11-21 14:11:57ID: BB  Data: 00 00 00 AA 00 00 00 00 
"
"2016-11-21 14:11:57ID: BC  Data: 00 00 00 AA 00 00 00 00 
"
"2016-11-21 14:11:57ID: BB  Data: 00 00 00 AA 00 00 00 00 
"
"2016-11-21 14:11:57ID: BC  Data: 00 00 00 AA 00 00 00 00 
"
"2016-11-21 14:11:58ID: BB  Data: 00 00 00 AA 00 00 00 00 
"
"2016-11-21 14:11:58ID: BC  Data: 00 00 00 AA 00 00 00 00 
"
"2016-11-21 14:11:58ID: BB  Data: 00 00 00 AA 00 00 00 00 
"
"2016-11-21 14:11:58ID: BC  Data: 00 00 00 AA 00 00 00 00 
"
"2016-11-21 14:11:58ID: BB  Data: 00 00 00 AA 00 00 00 00 
"
"2016-11-21 14:11:58ID: BC  Data: 00 00 00 AA 00 00 00 00 
"
"2016-11-21 14:11:58ID: BB  Data: 00 00 00 AA 00 00 00 00 
"
"2016-11-21 14:11:58ID: BC  Data: 00 00 00 AA 00 00 00 00 
"
"2016-11-21 14:11:58ID: BB  Data: 00 00 00 AA 00 00 00 00 
"
"2016-11-21 14:11:58ID: BC  Data: 00 00 00 AA 00 00 00 00 
"
"2016-11-21 14:11:58ID: BB  Data: 00 00 00 AA 00 00 00 00 
"
"2016-11-21 14:11:58ID: BC  Data: 00 00 00 AA 00 00 00 00 
"
"2016-11-21 14:11:58ID: BB  Data: 00 00 00 AA 00 00 00 00 
"
"2016-11-21 14:11:58ID: BC  Data: 00 00 00 AA 00 00 00 00 
"
"2016-11-21 14:11:58ID: BB  Data: 00 00 00 AA 00 00 00 00 
"
"2016-11-21 14:11:58ID: BC  Data: 00 00 00 AA 00 00 00 00 
"
"2016-11-21 14:11:58ID: BB  Data: 00 00 00 AA 00 00 00 00 
"
"2016-11-21 14:11:58ID: BC  Data: 00 00 00 AA 00 00 00 00 
"
"2016-11-21 14:11:58ID: BB  Data: 00 00 00 AA 00 00 00 00 
"
"2016-11-21 14:11:58ID: BC  Data: 00 00 00 AA 00 00 00 00 
"
"2016-11-21 14:11:58ID: BB  Data: 00 00 00 AA 00 00 00 00 
"
"2016-11-21 14:11:58ID: BC  Data: 00 00 00 AA 00 00 00 00 
"
"2016-11-21 14:11:59ID: BB  Data: 00 00 00 AA 00 00 00 00 
"
"2016-11-21 14:11:59ID: BC  Data: 00 00 00 AA 00 00 00 00 
"
"2016-11-21 14:11:59ID: BB  Data: 00 00 00 AA 00 00 00 00 
"
"2016-11-21 14:11:59ID: BC  Data: 00 00 00 AA 00 00 00 00 
"
"2016-11-21 14:11:59ID: BB  Data: 00 00 00 AA 00 00 00 00 
"
"2016-11-21 14:11:59ID: BC  Data: 00 00 00 AA 00 00 00 00 
"
"2016-11-21 14:11:59ID: BB  Data: 00 00 00 AA 00 00 00 00 
"
"2016-11-21 14:11:59ID: BC  Data: 00 00 00 AA 00 00 00 00 
"
"2016-11-21 14:11:59ID: BB  Data: 00 00 00 AA 00 00 00 00 
"
"2016-11-21 14:11:59ID: BC  Data: 00 00 00 AA 00 00 00 00 
"
"2016-11-21 14:11:59ID: BB  Data: 00 00 00 AA 00 00 00 00 
"
"2016-11-21 14:11:59ID: BC  Data: 00 00 00 AA 00 00 00 00 
"
"2016-11-21 14:11:59ID: BB  Data: 00 00 00 AA 00 00 00 00 
"
"2016-11-21 14:11:59ID: BC  Data: 00 00 00 AA 00 00 00 00 
"
"2016-11-21 14:11:59ID: BB  Data: 00 00 00 AA 00 00 00 00 
"
"2016-11-21 14:11:59ID: BC  Data: 00 00 00 AA 00 00 00 00 
"
"2016-11-21 14:11:59ID: BB  Data: 00 00 00 AA 00 00 00 00 
"
"2016-11-21 14:11:59ID: BC  Data: 00 00 00 AA 00 00 00 00 
"
"2016-11-21 14:11:59ID: BB  Data: 00 00 00 AA 00 00 00 00 
"
"2016-11-21 14:11:59ID: BC  Data: 00 00 00 AA 00 00 00 00 
"
"2016-11-21 14:11:59ID: BB  Data: 00 00 00 AA 00 00 00 00 
"
"2016-11-21 14:11:59ID: BC  Data: 00 00 00 AA 00 00 00 00 
"
"2016-11-21 14:11:59ID: BB  Data: 00 00 00 AA 00 00 00 00 
"
"2016-11-21 14:11:59ID: BC  Data: 00 00 00 AA 00 00 00 00 
"
"2016-11-21 14:12:00ID: BB  Data: 00 00 00 AA 00 00 00 00 
"
"2016-11-21 14:12:00ID: BC  Data: 00 00 00 AA 00 00 00 00 
"
"2016-11-21 14:12:00ID: BB  Data: 00 00 00 AA 00 00 00 00 
"
"2016-11-21 14:12:00ID: BC  Data: 00 00 00 AA 00 00 00 00 
"
"2016-11-21 14:12:00ID: BB  Data: 00 00 00 AA 00 00 00 00 
"
"2016-11-21 14:12:00ID: BC  Data: 00 00 00 AA 00 00 00 00 
"
"2016-11-21 14:12:00ID: BB  Data: 00 00 00 AA 00 00 00 00 
"
"2016-11-21 14:12:00ID: BC  Data: 00 00 00 AA 00 00 00 00 
"
"2016-11-21 14:12:00ID: BB  Data: 00 00 00 AA 00 00 00 00 
"
"2016-11-21 14:12:00ID: BC  Data: 00 00 00 AA 00 00 00 00 
"
"2016-11-21 14:12:00ID: BB  Data: 00 00 00 AA 00 00 00 00 
"
"2016-11-21 14:12:00ID: BC  Data: 00 00 00 AA 00 00 00 00 
"
"2016-11-21 14:12:00ID: BB  Data: 00 00 00 AA 00 00 00 00 
"
"2016-11-21 14:12:00ID: BC  Data: 00 00 00 AA 00 00 00 00 
"
"2016-11-21 14:12:00ID: BB  Data: 00 00 00 AA 00 00 00 00 
"
"2016-11-21 14:12:00ID: BC  Data: 00 00 00 AA 00 00 00 00 
"
"2016-11-21 14:12:00ID: BB  Data: 00 00 00 AA 00 00 00 00 
"
"2016-11-21 14:12:00ID: BC  Data: 00 00 00 AA 00 00 00 00 
"
"2016-11-21 14:12:00ID: BB  Data: 00 00 00 AA 00 00 00 00 
"
"2016-11-21 14:12:00ID: BC  Data: 00 00 00 AA 00 00 00 00 
"
"2016-11-21 14:12:00ID: BB  Data: 00 00 00 AA 00 00 00 00 
"
"2016-11-21 14:12:00ID: BC  Data: 00 00 00 AA 00 00 00 00 
"
"2016-11-21 14:12:01ID: BB  Data: 00 00 00 AA 00 00 00 00 
"
"2016-11-21 14:12:01ID: BC  Data: 00 00 00 AA 00 00 00 00 
"
"2016-11-21 14:12:01ID: BB  Data: 00 00 00 AA 00 00 00 00 
"
"2016-11-21 14:12:01ID: BC  Data: 00 00 00 AA 00 00 00 00 
"
"2016-11-21 14:12:01ID: BB  Data: 00 00 00 AA 00 00 00 00 
"
"2016-11-21 14:12:01ID: BC  Data: 00 00 00 AA 00 00 00 00 
"
"2016-11-21 14:12:01ID: BB  Data: 00 00 00 AA 00 00 00 00 
"
"2016-11-21 14:12:01ID: BC  Data: 00 00 00 AA 00 00 00 00 
"
"2016-11-21 14:12:01ID: BB  Data: 00 00 00 AA 00 00 00 00 
"
"2016-11-21 14:12:01ID: BC  Data: 00 00 00 AA 00 00 00 00 
"
"2016-11-21 14:12:01ID: BB  Data: 00 00 00 AA 00 00 00 00 
"
"2016-11-21 14:12:01ID: BC  Data: 00 00 00 AA 00 00 00 00 
"
"2016-11-21 14:12:01ID: BB  Data: 00 00 00 AA 00 00 00 00 
"
"2016-11-21 14:12:01ID: BC  Data: 00 00 00 AA 00 00 00 00 
"
"2016-11-21 14:12:01ID: BB  Data: 00 00 00 AA 00 00 00 00 
"
"2016-11-21 14:12:01ID: BC  Data: 00 00 00 AA 00 00 00 00 
"
"2016-11-21 14:12:01ID: BB  Data: 00 00 00 AA 00 00 00 00 
"
"2016-11-21 14:12:01ID: BC  Data: 00 00 00 AA 00 00 00 00 
"
"2016-11-21 14:12:01ID: BB  Data: 00 00 00 AA 00 00 00 00 
"
"2016-11-21 14:12:01ID: BC  Data: 00 00 00 AA 00 00 00 00 
"
"2016-11-21 14:12:01ID: BB  Data: 00 00 00 AA 00 00 00 00 
"
"2016-11-21 14:12:01ID: BC  Data: 00 00 00 AA 00 00 00 00 
"
"2016-11-21 14:12:01ID: BB  Data: 00 00 00 AA 00 00 00 00 
"
"2016-11-21 14:12:02ID: BC  Data: 00 00 00 AA 00 00 00 00 
"
"2016-11-21 14:12:02ID: BB  Data: 00 00 00 AA 00 00 00 00 
"
"2016-11-21 14:12:02ID: BC  Data: 00 00 00 AA 00 00 00 00 
"
"2016-11-21 14:12:02ID: BB  Data: 00 00 00 AA 00 00 00 00 
"
"2016-11-21 14:12:02ID: BC  Data: 00 00 00 AA 00 00 00 00 
"
"2016-11-21 14:12:02ID: BB  Data: 00 00 00 AA 00 00 00 00 
"
"2016-11-21 14:12:02ID: BC  Data: 00 00 00 AA 00 00 00 00 
"
"2016-11-21 14:12:02ID: BB  Data: 00 00 00 AA 00 00 00 00 
"
"2016-11-21 14:12:02ID: BC  Data: 00 00 00 AA 00 00 00 00 
"
"2016-11-21 14:12:02ID: BB  Data: 00 00 00 AA 00 00 00 00 
"
"2016-11-21 14:12:02ID: BC  Data: 00 00 00 AA 00 00 00 00 
"
"2016-11-21 14:12:02ID: BB  Data: 00 00 00 AA 00 00 00 00 
"
"2016-11-21 14:12:02ID: BC  Data: 00 00 00 AA 00 00 00 00 
"
"2016-11-21 14:12:02ID: BB  Data: 00 00 00 AA 00 00 00 00 
"
"2016-11-21 14:12:02ID: BC  Data: 00 00 00 AA 00 00 00 00 
"
"2016-11-21 14:12:02ID: BB  Data: 00 00 00 AA 00 00 00 00 
"
"2016-11-21 14:12:02ID: BC  Data: 00 00 00 AA 00 00 00 00 
"
"2016-11-21 14:12:02ID: BB  Data: 00 00 00 AA 00 00 00 00 
"
"2016-11-21 14:12:02ID: BC  Data: 00 00 00 AA 00 00 00 00 
"
"2016-11-21 14:12:02ID: BB  Data: 00 00 00 AA 00 00 00 00 
"
"2016-11-21 14:12:02ID: BC  Data: 00 00 00 AA 00 00 00 00 
"
"2016-11-21 14:12:02ID: BB  Data: 00 00 00 AA 00 00 00 00 
"
"2016-11-21 14:12:02ID: BC  Data: 00 00 00 AA 00 00 00 00 
"
"2016-11-21 14:12:03ID: BB  Data: 00 00 00 AA 00 00 00 00 
"
"2016-11-21 14:12:03ID: BC  Data: 00 00 00 AA 00 00 00 00 
"
"2016-11-21 14:12:03ID: BB  Data: 00 00 00 AA 00 00 00 00 
"
"2016-11-21 14:12:03ID: BC  Data: 00 00 00 AA 00 00 00 00 
"
"2016-11-21 14:12:03ID: BB  Data: 00 00 00 AA 00 00 00 00 
"
"2016-11-21 14:12:03ID: BC  Data: 00 00 00 AA 00 00 00 00 
"
"2016-11-21 14:12:03ID: BB  Data: 00 00 00 AA 00 00 00 00 
"
"2016-11-21 14:12:03ID: BC  Data: 00 00 00 AA 00 00 00 00 
"
"2016-11-21 14:12:03ID: BB  Data: 00 00 00 AA 00 00 00 00 
"
"2016-11-21 14:12:03ID: BC  Data: 00 00 00 AA 00 00 00 00 
"
"2016-11-21 14:12:03ID: BB  Data: 00 00 00 AA 00 00 00 00 
"
"2016-11-21 14:12:03ID: BC  Data: 00 00 00 AA 00 00 00 00 
"
"2016-11-21 14:12:03ID: BB  Data: 00 00 00 AA 00 00 00 00 
"
"2016-11-21 14:12:03ID: BC  Data: 00 00 00 AA 00 00 00 00 
"
"2016-11-21 14:12:03ID: BB  Data: 00 00 00 AA 00 00 00 00 
"
"2016-11-21 14:12:03ID: BC  Data: 00 00 00 AA 00 00 00 00 
"
"2016-11-21 14:12:03ID: BB  Data: 00 00 00 AA 00 00 00 00 
"
"2016-11-21 14:12:03ID: BC  Data: 00 00 00 AA 00 00 00 00 
"
"2016-11-21 14:12:03ID: BB  Data: 00 00 00 AA 00 00 00 00 
"
"2016-11-21 14:12:03ID: BC  Data: 00 00 00 AA 00 00 00 00 
"
"2016-11-21 14:12:03ID: BB  Data: 00 00 00 AA 00 00 00 00 
"
"2016-11-21 14:12:03ID: BC  Data: 00 00 00 AA 00 00 00 00 
"
"2016-11-21 14:12:04ID: BB  Data: 00 00 00 AA 00 00 00 00 
"
"2016-11-21 14:12:04ID: BC  Data: 00 00 00 AA 00 00 00 00 
"
"2016-11-21 14:12:04ID: BB  Data: 00 00 00 AA 00 00 00 00 
"
"2016-11-21 14:12:04ID: BC  Data: 00 00 00 AA 00 00 00 00 
"
"2016-11-21 14:12:04ID: BB  Data: 00 00 00 AA 00 00 00 00 
"
"2016-11-21 14:12:04ID: BC  Data: 00 00 00 AA 00 00 00 00 
"
"2016-11-21 14:12:04ID: BB  Data: 00 00 00 AA 00 00 00 00 
"
"2016-11-21 14:12:04ID: BC  Data: 00 00 00 AA 00 00 00 00 
"
"2016-11-21 14:12:04ID: BB  Data: 00 00 00 AA 00 00 00 00 
"
"2016-11-21 14:12:04ID: BC  Data: 00 00 00 AA 00 00 00 00 
"
"2016-11-21 14:12:04ID: BB  Data: 00 00 00 AA 00 00 00 00 
"
"2016-11-21 14:12:04ID: BC  Data: 00 00 00 AA 00 00 00 00 
"
"2016-11-21 14:12:04ID: BB  Data: 00 00 00 AA 00 00 00 00 
"
"2016-11-21 14:12:04ID: BC  Data: 00 00 00 AA 00 00 00 00 
"
"2016-11-21 14:12:04ID: BB  Data: 00 00 00 AA 00 00 00 00 
"
"2016-11-21 14:12:04ID: BC  Data: 00 00 00 AA 00 00 00 00 
"
"2016-11-21 14:12:04ID: BB  Data: 00 00 00 AA 00 00 00 00 
"
"2016-11-21 14:12:04ID: BC  Data: 00 00 00 AA 00 00 00 00 
"
"2016-11-21 14:12:04ID: BB  Data: 00 00 00 AA 00 00 00 00 
"
"2016-11-21 14:12:04ID: BC  Data: 00 00 00 AA 00 00 00 00 
"
"2016-11-21 14:12:04ID: BB  Data: 00 00 00 AA 00 00 00 00 
"
"2016-11-21 14:12:04ID: BC  Data: 00 00 00 AA 00 00 00 00 
"
"2016-11-21 14:12:04ID: BB  Data: 00 00 00 AA 00 00 00 00 
"
"2016-11-21 14:12:04ID: BC  Data: 00 00 00 AA 00 00 00 00 
"
"2016-11-21 14:12:05ID: BB  Data: 00 00 00 AA 00 00 00 00 
"
"2016-11-21 14:12:05ID: BC  Data: 00 00 00 AA 00 00 00 00 
"
"2016-11-21 14:12:05ID: BB  Data: 00 00 00 AA 00 00 00 00 
"
"2016-11-21 14:12:05ID: BC  Data: 00 00 00 AA 00 00 00 00 
"
"2016-11-21 14:12:05ID: BB  Data: 00 00 00 AA 00 00 00 00 
"
"2016-11-21 14:12:05ID: BC  Data: 00 00 00 AA 00 00 00 00 
"
"2016-11-21 14:12:05ID: BB  Data: 00 00 00 AA 00 00 00 00 
"
"2016-11-21 14:12:05ID: BC  Data: 00 00 00 AA 00 00 00 00 
"
"2016-11-21 14:12:05ID: BB  Data: 00 00 00 AA 00 00 00 00 
"
"2016-11-21 14:12:05ID: BC  Data: 00 00 00 AA 00 00 00 00 
"
"2016-11-21 14:12:05ID: BB  Data: 00 00 00 AA 00 00 00 00 
"
"2016-11-21 14:12:05ID: BC  Data: 00 00 00 AA 00 00 00 00 
"
"2016-11-21 14:12:05ID: BB  Data: 00 00 00 AA 00 00 00 00 
"
"2016-11-21 14:12:05ID: BC  Data: 00 00 00 AA 00 00 00 00 
"
"2016-11-21 14:12:05ID: BB  Data: 00 00 00 AA 00 00 00 00 
"
"2016-11-21 14:12:05ID: BC  Data: 00 00 00 AA 00 00 00 00 
"
"2016-11-21 14:12:05ID: BB  Data: 00 00 00 AA 00 00 00 00 
"
"2016-11-21 14:12:05ID: BC  Data: 00 00 00 AA 00 00 00 00 
"
"2016-11-21 14:12:05ID: BB  Data: 00 00 00 AA 00 00 00 00 
"
"2016-11-21 14:12:05ID: BC  Data: 00 00 00 AA 00 00 00 00 
"
"2016-11-21 14:12:05ID: BB  Data: 00 00 00 AA 00 00 00 00 
"
"2016-11-21 14:12:05ID: BC  Data: 00 00 00 AA 00 00 00 00 
"
"2016-11-21 14:12:06ID: BB  Data: 00 00 00 AA 00 00 00 00 
"
"2016-11-21 14:12:06ID: BC  Data: 00 00 00 AA 00 00 00 00 
"
"2016-11-21 14:12:06ID: BB  Data: 00 00 00 AA 00 00 00 00 
"
"2016-11-21 14:12:06ID: BC  Data: 00 00 00 AA 00 00 00 00 
"
"2016-11-21 14:12:06ID: BB  Data: 00 00 00 AA 00 00 00 00 
"
"2016-11-21 14:12:06ID: BC  Data: 00 00 00 AA 00 00 00 00 
"
"2016-11-21 14:12:06ID: BB  Data: 00 00 00 AA 00 00 00 00 
"
"2016-11-21 14:12:06ID: BC  Data: 00 00 00 AA 00 00 00 00 
"
"2016-11-21 14:12:06ID: BB  Data: 00 00 00 AA 00 00 00 00 
"
"2016-11-21 14:12:06ID: BC  Data: 00 00 00 AA 00 00 00 00 
"
"2016-11-21 14:12:06ID: BB  Data: 00 00 00 AA 00 00 00 00 
"
"2016-11-21 14:12:06ID: BC  Data: 00 00 00 AA 00 00 00 00 
"
"2016-11-21 14:12:06ID: BB  Data: 00 00 00 AA 00 00 00 00 
"
"2016-11-21 14:12:06ID: BC  Data: 00 00 00 AA 00 00 00 00 
"
"2016-11-21 14:12:06ID: BB  Data: 00 00 00 AA 00 00 00 00 
"
"2016-11-21 14:12:06ID: BC  Data: 00 00 00 AA 00 00 00 00 
"
"2016-11-21 14:12:06ID: BB  Data: 00 00 00 AA 00 00 00 00 
"
"2016-11-21 14:12:06ID: BC  Data: 00 00 00 AA 00 00 00 00 
"
"2016-11-21 14:12:06ID: BB  Data: 00 00 00 AA 00 00 00 00 
"
"2016-11-21 14:12:06ID: BC  Data: 00 00 00 AA 00 00 00 00 
"
"2016-11-21 14:12:06ID: BB  Data: 00 00 00 AA 00 00 00 00 
"
"2016-11-21 14:12:06ID: BC  Data: 00 00 00 AA 00 00 00 00 
"
"2016-11-21 14:12:07ID: BB  Data: 00 00 00 AA 00 00 00 00 
"
"2016-11-21 14:12:07ID: BC  Data: 00 00 00 AA 00 00 00 00 
"
"2016-11-21 14:12:07ID: BB  Data: 00 00 00 AA 00 00 00 00 
"
"2016-11-21 14:12:07ID: BC  Data: 00 00 00 AA 00 00 00 00 
"
"2016-11-21 14:12:07ID: BB  Data: 00 00 00 AA 00 00 00 00 
"
"2016-11-21 14:12:07ID: BC  Data: 00 00 00 AA 00 00 00 00 
"
"2016-11-21 14:12:07ID: BB  Data: 00 00 00 AA 00 00 00 00 
"
"2016-11-21 14:12:07ID: BC  Data: 00 00 00 AA 00 00 00 00 
"
"2016-11-21 14:12:07ID: BB  Data: 00 00 00 AA 00 00 00 00 
"
"2016-11-21 14:12:07ID: BC  Data: 00 00 00 AA 00 00 00 00 
"
"2016-11-21 14:12:07ID: BB  Data: 00 00 00 AA 00 00 00 00 
"
"2016-11-21 14:12:07ID: BC  Data: 00 00 00 AA 00 00 00 00 
"
"2016-11-21 14:12:07ID: BB  Data: 00 00 00 AA 00 00 00 00 
"
"2016-11-21 14:12:07ID: BC  Data: 00 00 00 AA 00 00 00 00 
"
"2016-11-21 14:12:07ID: BB  Data: 00 00 00 AA 00 00 00 00 
"
"2016-11-21 14:12:07ID: BC  Data: 00 00 00 AA 00 00 00 00 
"
"2016-11-21 14:12:07ID: BB  Data: 00 00 00 AA 00 00 00 00 
"
"2016-11-21 14:12:07ID: BC  Data: 00 00 00 AA 00 00 00 00 
"
"2016-11-21 14:12:07ID: BB  Data: 00 00 00 AA 00 00 00 00 
"
"2016-11-21 14:12:07ID: BC  Data: 00 00 00 AA 00 00 00 00 
"
"2016-11-21 14:12:07ID: BB  Data: 00 00 00 AA 00 00 00 00 
"
"2016-11-21 14:12:07ID: BC  Data: 00 00 00 AA 00 00 00 00 
"
"2016-11-21 14:12:07ID: BB  Data: 00 00 00 AA 00 00 00 00 
"
"2016-11-21 14:12:07ID: BC  Data: 00 00 00 AA 00 00 00 00 
"
"2016-11-21 14:12:08ID: BB  Data: 00 00 00 AA 00 00 00 00 
"
"2016-11-21 14:12:08ID: BC  Data: 00 00 00 AA 00 00 00 00 
"
"2016-11-21 14:12:08ID: BB  Data: 00 00 00 AA 00 00 00 00 
"
"2016-11-21 14:12:08ID: BC  Data: 00 00 00 AA 00 00 00 00 
"
"2016-11-21 14:12:08ID: BB  Data: 00 00 00 AA 00 00 00 00 
"
"2016-11-21 14:12:08ID: BC  Data: 00 00 00 AA 00 00 00 00 
"
"2016-11-21 14:12:08ID: BB  Data: 00 00 00 AA 00 00 00 00 
"
"2016-11-21 14:12:08ID: BC  Data: 00 00 00 AA 00 00 00 00 
"
"2016-11-21 14:12:08ID: BB  Data: 00 00 00 AA 00 00 00 00 
"
"2016-11-21 14:12:08ID: BC  Data: 00 00 00 AA 00 00 00 00 
"
"2016-11-21 14:12:08ID: BB  Data: 00 00 00 AA 00 00 00 00 
"
"2016-11-21 14:12:08ID: BC  Data: 00 00 00 AA 00 00 00 00 
"
"2016-11-21 14:12:08ID: BB  Data: 00 00 00 AA 00 00 00 00 
"
"2016-11-21 14:12:08ID: BC  Data: 00 00 00 AA 00 00 00 00 
"
"2016-11-21 14:12:08ID: BB  Data: 00 00 00 AA 00 00 00 00 
"
"2016-11-21 14:12:08ID: BC  Data: 00 00 00 AA 00 00 00 00 
"
"2016-11-21 14:12:08ID: BB  Data: 00 00 00 AA 00 00 00 00 
"
"2016-11-21 14:12:08ID: BC  Data: 00 00 00 AA 00 00 00 00 
"
"2016-11-21 14:12:08ID: BB  Data: 00 00 00 AA 00 00 00 00 
"
"2016-11-21 14:12:08ID: BC  Data: 00 00 00 AA 00 00 00 00 
"
"2016-11-21 14:12:08ID: BB  Data: 00 00 00 AA 00 00 00 00 
"
"2016-11-21 14:12:08ID: BC  Data: 00 00 00 AA 00 00 00 00 
"
"2016-11-21 14:12:09ID: BB  Data: 00 00 00 AA 00 00 00 00 
"
"2016-11-21 14:12:09ID: BC  Data: 00 00 00 AA 00 00 00 00 
"
"2016-11-21 14:12:09ID: BB  Data: 00 00 00 AA 00 00 00 00 
"
"2016-11-21 14:12:09ID: BC  Data: 00 00 00 AA 00 00 00 00 
"
"2016-11-21 14:12:09ID: BB  Data: 00 00 00 AA 00 00 00 00 
"
"2016-11-21 14:12:09ID: BC  Data: 00 00 00 AA 00 00 00 00 
"
"2016-11-21 14:12:09ID: BB  Data: 00 00 00 AA 00 00 00 00 
"
"2016-11-21 14:12:09ID: BC  Data: 00 00 00 AA 00 00 00 00 
"
"2016-11-21 14:12:09ID: BB  Data: 00 00 00 AA 00 00 00 00 
"
"2016-11-21 14:12:09ID: BC  Data: 00 00 00 AA 00 00 00 00 
"
"2016-11-21 14:12:09ID: BB  Data: 00 00 00 AA 00 00 00 00 
"
"2016-11-21 14:12:09ID: BC  Data: 00 00 00 AA 00 00 00 00 
"
"2016-11-21 14:12:09ID: BB  Data: 00 00 00 AA 00 00 00 00 
"
"2016-11-21 14:12:09ID: BC  Data: 00 00 00 AA 00 00 00 00 
"
"2016-11-21 14:12:09ID: BB  Data: 00 00 00 AA 00 00 00 00 
"
"2016-11-21 14:12:09ID: BC  Data: 00 00 00 AA 00 00 00 00 
"
"2016-11-21 14:12:09ID: BB  Data: 00 00 00 AA 00 00 00 00 
"
"2016-11-21 14:12:09ID: BC  Data: 00 00 00 AA 00 00 00 00 
"
"2016-11-21 14:12:09ID: BB  Data: 00 00 00 AA 00 00 00 00 
"
"2016-11-21 14:12:09ID: BC  Data: 00 00 00 AA 00 00 00 00 
"
"2016-11-21 14:12:09ID: BB  Data: 00 00 00 AA 00 00 00 00 
"
"2016-11-21 14:12:09ID: BC  Data: 00 00 00 AA 00 00 00 00 
"
"2016-11-21 14:12:09ID: BB  Data: 00 00 00 AA 00 00 00 00 
"
"2016-11-21 14:12:10ID: BC  Data: 00 00 00 AA 00 00 00 00 
"
"2016-11-21 14:12:10ID: BB  Data: 00 00 00 AA 00 00 00 00 
"
"2016-11-21 14:12:10ID: BC  Data: 00 00 00 AA 00 00 00 00 
"
"2016-11-21 14:12:10ID: BB  Data: 00 00 00 AA 00 00 00 00 
"
"2016-11-21 14:12:10ID: BC  Data: 00 00 00 AA 00 00 00 00 
"
"2016-11-21 14:12:10ID: BB  Data: 00 00 00 AA 00 00 00 00 
"
"2016-11-21 14:12:10ID: BC  Data: 00 00 00 AA 00 00 00 00 
"
"2016-11-21 14:12:10ID: BB  Data: 00 00 00 AA 00 00 00 00 
"
"2016-11-21 14:12:10ID: BC  Data: 00 00 00 AA 00 00 00 00 
"
"2016-11-21 14:12:10ID: BB  Data: 00 00 00 AA 00 00 00 00 
"
"2016-11-21 14:12:10ID: BC  Data: 00 00 00 AA 00 00 00 00 
"
"2016-11-21 14:12:10ID: BB  Data: 00 00 00 AA 00 00 00 00 
"
"2016-11-21 14:12:10ID: BC  Data: 00 00 00 AA 00 00 00 00 
"
"2016-11-21 14:12:10ID: BB  Data: 00 00 00 AA 00 00 00 00 
"
"2016-11-21 14:12:10ID: BC  Data: 00 00 00 AA 00 00 00 00 
"
"2016-11-21 14:12:10ID: BB  Data: 00 00 00 AA 00 00 00 00 
"
"2016-11-21 14:12:10ID: BC  Data: 00 00 00 AA 00 00 00 00 
"
"2016-11-21 14:12:10ID: BB  Data: 00 00 00 AA 00 00 00 00 
"
"2016-11-21 14:12:10ID: BC  Data: 00 00 00 AA 00 00 00 00 
"
"2016-11-21 14:12:10ID: BB  Data: 00 00 00 AA 00 00 00 00 
"
"2016-11-21 14:12:10ID: BC  Data: 00 00 00 AA 00 00 00 00 
"
"2016-11-21 14:12:10ID: BB  Data: 00 00 00 AA 00 00 00 00 
"
"2016-11-21 14:12:10ID: BC  Data: 00 00 00 AA 00 00 00 00 
"
"2016-11-21 14:12:11ID: BB  Data: 00 00 00 AA 00 00 00 00 
"
"2016-11-21 14:12:11ID: BC  Data: 00 00 00 AA 00 00 00 00 
"
"2016-11-21 14:12:11ID: BB  Data: 00 00 00 AA 00 00 00 00 
"
"2016-11-21 14:12:11ID: BC  Data: 00 00 00 AA 00 00 00 00 
"
"2016-11-21 14:12:11ID: BB  Data: 00 00 00 AA 00 00 00 00 
"
"2016-11-21 14:12:11ID: BC  Data: 00 00 00 AA 00 00 00 00 
"
"2016-11-21 14:12:11ID: BB  Data: 00 00 00 AA 00 00 00 00 
"
"2016-11-21 14:12:11ID: BC  Data: 00 00 00 AA 00 00 00 00 
"
"2016-11-21 14:12:11ID: BB  Data: 00 00 00 AA 00 00 00 00 
"
"2016-11-21 14:12:11ID: BC  Data: 00 00 00 AA 00 00 00 00 
"
"2016-11-21 14:12:11ID: BB  Data: 00 00 00 AA 00 00 00 00 
"
"2016-11-21 14:12:11ID: BC  Data: 00 00 00 AA 00 00 00 00 
"
"2016-11-21 14:12:11ID: BB  Data: 00 00 00 AA 00 00 00 00 
"
"2016-11-21 14:12:11ID: BC  Data: 00 00 00 AA 00 00 00 00 
"
"2016-11-21 14:12:11ID: BB  Data: 00 00 00 AA 00 00 00 00 
"
"2016-11-21 14:12:11ID: BC  Data: 00 00 00 AA 00 00 00 00 
"
"2016-11-21 14:12:11ID: BB  Data: 00 00 00 AA 00 00 00 00 
"
"2016-11-21 14:12:11ID: BC  Data: 00 00 00 AA 00 00 00 00 
"
"2016-11-21 14:12:11ID: BB  Data: 00 00 00 AA 00 00 00 00 
"
"2016-11-21 14:12:11ID: BC  Data: 00 00 00 AA 00 00 00 00 
"
"2016-11-21 14:12:11ID: BB  Data: 00 00 00 AA 00 00 00 00 
"
"2016-11-21 14:12:11ID: BC  Data: 00 00 00 AA 00 00 00 00 
"
"2016-11-21 14:12:12ID: BB  Data: 00 00 00 AA 00 00 00 00 
"
"2016-11-21 14:12:12ID: BC  Data: 00 00 00 AA 00 00 00 00 
"
"2016-11-21 14:12:12ID: BB  Data: 00 00 00 AA 00 00 00 00 
"
"2016-11-21 14:12:12ID: BC  Data: 00 00 00 AA 00 00 00 00 
"
"2016-11-21 14:12:12ID: BB  Data: 00 00 00 AA 00 00 00 00 
"
"2016-11-21 14:12:12ID: BC  Data: 00 00 00 AA 00 00 00 00 
"
"2016-11-21 14:12:12ID: BB  Data: 00 00 00 AA 00 00 00 00 
"
"2016-11-21 14:12:12ID: BC  Data: 00 00 00 AA 00 00 00 00 
"
"2016-11-21 14:12:12ID: BB  Data: 00 00 00 AA 00 00 00 00 
"
"2016-11-21 14:12:12ID: BC  Data: 00 00 00 AA 00 00 00 00 
"
"2016-11-21 14:12:12ID: BB  Data: 00 00 00 AA 00 00 00 00 
"
"2016-11-21 14:12:12ID: BC  Data: 00 00 00 AA 00 00 00 00 
"
"2016-11-21 14:12:12ID: BB  Data: 00 00 00 AA 00 00 00 00 
"
"2016-11-21 14:12:12ID: BC  Data: 00 00 00 AA 00 00 00 00 
"
"2016-11-21 14:12:12ID: BB  Data: 00 00 00 AA 00 00 00 00 
"
"2016-11-21 14:12:12ID: BC  Data: 00 00 00 AA 00 00 00 00 
"
"2016-11-21 14:12:12ID: BB  Data: 00 00 00 AA 00 00 00 00 
"
"2016-11-21 14:12:12ID: BC  Data: 00 00 00 AA 00 00 00 00 
"
"2016-11-21 14:12:12ID: BB  Data: 00 00 00 AA 00 00 00 00 
"
"2016-11-21 14:12:12ID: BC  Data: 00 00 00 AA 00 00 00 00 
"
"2016-11-21 14:12:12ID: BB  Data: 00 00 00 AA 00 00 00 00 
"
"2016-11-21 14:12:12ID: BC  Data: 00 00 00 AA 00 00 00 00 
"
"2016-11-21 14:12:12ID: BB  Data: 00 00 00 AA 00 00 00 00 
"
"2016-11-21 14:12:12ID: BC  Data: 00 00 00 AA 00 00 00 00 
"
"2016-11-21 14:12:13ID: BB  Data: 00 00 00 AA 00 00 00 00 
"
"2016-11-21 14:12:13ID: BC  Data: 00 00 00 AA 00 00 00 00 
"
"2016-11-21 14:12:13ID: BB  Data: 00 00 00 AA 00 00 00 00 
"
"2016-11-21 14:12:13ID: BC  Data: 00 00 00 AA 00 00 00 00 
"
"2016-11-21 14:12:13ID: BB  Data: 00 00 00 AA 00 00 00 00 
"
"2016-11-21 14:12:13ID: BC  Data: 00 00 00 AA 00 00 00 00 
"
"2016-11-21 14:12:13ID: BB  Data: 00 00 00 AA 00 00 00 00 
"
"2016-11-21 14:12:13ID: BC  Data: 00 00 00 AA 00 00 00 00 
"
"2016-11-21 14:12:13ID: BB  Data: 00 00 00 AA 00 00 00 00 
"
"2016-11-21 14:12:13ID: BC  Data: 00 00 00 AA 00 00 00 00 
"
"2016-11-21 14:12:13ID: BB  Data: 00 00 00 AA 00 00 00 00 
"
"2016-11-21 14:12:13ID: BC  Data: 00 00 00 AA 00 00 00 00 
"
"2016-11-21 14:12:13ID: BB  Data: 00 00 00 AA 00 00 00 00 
"
"2016-11-21 14:12:13ID: BC  Data: 00 00 00 AA 00 00 00 00 
"
"2016-11-21 14:12:13ID: BB  Data: 00 00 00 AA 00 00 00 00 
"
"2016-11-21 14:12:13ID: BC  Data: 00 00 00 AA 00 00 00 00 
"
"2016-11-21 14:12:13ID: BB  Data: 00 00 00 AA 00 00 00 00 
"
"2016-11-21 14:12:13ID: BC  Data: 00 00 00 AA 00 00 00 00 
"
"2016-11-21 14:12:13ID: BB  Data: 00 00 00 AA 00 00 00 00 
"
"2016-11-21 14:12:13ID: BC  Data: 00 00 00 AA 00 00 00 00 
"
"2016-11-21 14:12:13ID: BB  Data: 00 00 00 AA 00 00 00 00 
"
"2016-11-21 14:12:13ID: BC  Data: 00 00 00 AA 00 00 00 00 
"
"2016-11-21 14:12:14ID: BB  Data: 00 00 00 AA 00 00 00 00 
"
"2016-11-21 14:12:14ID: BC  Data: 00 00 00 AA 00 00 00 00 
"
"2016-11-21 14:12:14ID: BB  Data: 00 00 00 AA 01 B2 EF D7 
"
"2016-11-21 14:12:14ID: BC  Data: 00 00 00 AA FE 4D 10 29 
"
"2016-11-21 14:12:14ID: BB  Data: 00 00 00 AA 02 4F 81 B2 
"
"2016-11-21 14:12:14ID: BC  Data: 00 00 00 AA FD B0 7E 4E 
"
"2016-11-21 14:12:14ID: BB  Data: 00 00 00 AA 02 61 ED 36 
"
"2016-11-21 14:12:14ID: BC  Data: 00 00 00 AA FD 9E 12 CA 
"
"2016-11-21 14:12:14ID: BB  Data: 00 00 00 AA 02 80 30 1F 
"
"2016-11-21 14:12:14ID: BC  Data: 00 00 00 AA FD 7F CF E1 
"
"2016-11-21 14:12:14ID: BB  Data: 00 00 00 AA 02 DA F8 DD 
"
"2016-11-21 14:12:14ID: BC  Data: 00 00 00 AA FD 25 07 23 
"
"2016-11-21 14:12:14ID: BB  Data: 00 00 00 AA 02 F5 49 4F 
"
"2016-11-21 14:12:14ID: BC  Data: 00 00 00 AA FD 0A B6 B1 
"
"2016-11-21 14:12:14ID: BB  Data: 00 00 00 AA 03 98 6F 47 
"
"2016-11-21 14:12:14ID: BC  Data: 00 00 00 AA FC 67 90 B9 
"
"2016-11-21 14:12:14ID: BB  Data: 00 00 00 AA 04 43 7A 2F 
"
"2016-11-21 14:12:14ID: BC  Data: 00 00 00 AA FB BC 85 D1 
"
"2016-11-21 14:12:14ID: BB  Data: 00 00 00 AA 04 14 1C 94 
"
"2016-11-21 14:12:14ID: BC  Data: 00 00 00 AA FB EB E3 6C 
"
"2016-11-21 14:12:14ID: BB  Data: 00 00 00 AA 03 E2 1D 54 
"
"2016-11-21 14:12:14ID: BC  Data: 00 00 00 AA FC 1D E2 AC 
"
"2016-11-21 14:12:15ID: BB  Data: 00 00 00 AA 04 12 CB C2 
"
"2016-11-21 14:12:15ID: BC  Data: 00 00 00 AA FB ED 34 3E 
"
"2016-11-21 14:12:15ID: BB  Data: 00 00 00 AA 04 9F 93 BF 
"
"2016-11-21 14:12:15ID: BC  Data: 00 00 00 AA FB 60 6C 41 
"
"2016-11-21 14:12:15ID: BB  Data: 00 00 00 AA 04 B9 E4 31 
"
"2016-11-21 14:12:15ID: BC  Data: 00 00 00 AA FB 46 1B CF 
"
"2016-11-21 14:12:15ID: BB  Data: 00 00 00 AA 04 B9 E4 31 
"
"2016-11-21 14:12:15ID: BC  Data: 00 00 00 AA FB 46 1B CF 
"
"2016-11-21 14:12:15ID: BB  Data: 00 00 00 AA 04 B9 E4 31 
"
"2016-11-21 14:12:15ID: BC  Data: 00 00 00 AA FB 46 1B CF 
"
"2016-11-21 14:12:15ID: BB  Data: 00 00 00 AA 04 B3 50 15 
"
"2016-11-21 14:12:15ID: BC  Data: 00 00 00 AA FB 4C AF EB 
"
"2016-11-21 14:12:15ID: BB  Data: 00 00 00 AA 04 B0 AE 70 
"
"2016-11-21 14:12:15ID: BC  Data: 00 00 00 AA FB 4F 51 90 
"
"2016-11-21 14:12:15ID: BB  Data: 00 00 00 AA 04 AB 6B 25 
"
"2016-11-21 14:12:15ID: BC  Data: 00 00 00 AA FB 54 94 DB 
"
"2016-11-21 14:12:15ID: BB  Data: 00 00 00 AA 04 AC BB F8 
"
"2016-11-21 14:12:15ID: BC  Data: 00 00 00 AA FB 53 44 08 
"
"2016-11-21 14:12:15ID: BB  Data: 00 00 00 AA 04 AE 0C CB 
"
"2016-11-21 14:12:15ID: BC  Data: 00 00 00 AA FB 51 F3 35 
"
"2016-11-21 14:12:15ID: BB  Data: 00 00 00 AA 04 B7 42 8C 
"
"2016-11-21 14:12:15ID: BC  Data: 00 00 00 AA FB 48 BD 74 
"
"2016-11-21 14:12:15ID: BB  Data: 00 00 00 AA 04 B5 F1 BA 
"
"2016-11-21 14:12:15ID: BC  Data: 00 00 00 AA FB 4A 0E 46 
"
"2016-11-21 14:12:16ID: BB  Data: 00 00 00 AA 04 B7 42 8C 
"
"2016-11-21 14:12:16ID: BC  Data: 00 00 00 AA FB 48 BD 74 
"
"2016-11-21 14:12:16ID: BB  Data: 00 00 00 AA 04 B8 93 5F 
"
"2016-11-21 14:12:16ID: BC  Data: 00 00 00 AA FB 47 6C A1 
"
"2016-11-21 14:12:16ID: BB  Data: 00 00 00 AA 04 C4 6A C5 
"
"2016-11-21 14:12:16ID: BC  Data: 00 00 00 AA FB 3B 95 3B 
"
"2016-11-21 14:12:16ID: BB  Data: 00 00 00 AA 04 FC FE 22 
"
"2016-11-21 14:12:16ID: BC  Data: 00 00 00 AA FB 04 52 B1 
"
"2016-11-21 14:12:16ID: BB  Data: 00 00 00 AA 05 B1 3E CA 
"
"2016-11-21 14:12:16ID: BC  Data: 00 00 00 AA FA 4E C1 36 
"
"2016-11-21 14:12:16ID: BB  Data: 00 00 00 AA 06 11 4A D2 
"
"2016-11-21 14:12:16ID: BC  Data: 00 00 00 AA F9 EE B5 2E 
"
"2016-11-21 14:12:16ID: BB  Data: 00 00 00 AA 06 1B D1 66 
"
"2016-11-21 14:12:16ID: BC  Data: 00 00 00 AA F9 E4 2E 9A 
"
"2016-11-21 14:12:16ID: BB  Data: 00 00 00 AA 06 32 2F 61 
"
"2016-11-21 14:12:16ID: BC  Data: 00 00 00 AA F9 CD D0 9F 
"
"2016-11-21 14:12:16ID: BB  Data: 00 00 00 AA 06 77 EA F6 
"
"2016-11-21 14:12:16ID: BC  Data: 00 00 00 AA F9 88 15 0A 
"
"2016-11-21 14:12:16ID: BB  Data: 00 00 00 AA 06 97 7E B3 
"
"2016-11-21 14:12:16ID: BC  Data: 00 00 00 AA F9 68 81 4D 
"
"2016-11-21 14:12:16ID: BB  Data: 00 00 00 AA 06 90 EA 96 
"
"2016-11-21 14:12:16ID: BC  Data: 00 00 00 AA F9 6F 15 6A 
"
"2016-11-21 14:12:17ID: BB  Data: 00 00 00 AA 06 94 DD 0E 
"
"2016-11-21 14:12:17ID: BC  Data: 00 00 00 AA F9 6B 22 F2 
"
"2016-11-21 14:12:17ID: BB  Data: 00 00 00 AA 06 A4 A6 EC 
"
"2016-11-21 14:12:17ID: BC  Data: 00 00 00 AA F9 5B 59 14 
"
"2016-11-21 14:12:17ID: BB  Data: 00 00 00 AA 06 9F 63 A2 
"
"2016-11-21 14:12:17ID: BC  Data: 00 00 00 AA F9 60 9C 5E 
"
"2016-11-21 14:12:17ID: BB  Data: 00 00 00 AA 06 7A 8C 9B 
"
"2016-11-21 14:12:17ID: BC  Data: 00 00 00 AA F9 85 73 65 
"
"2016-11-21 14:12:17ID: BB  Data: 00 00 00 AA 06 45 EB B7 
"
"2016-11-21 14:12:17ID: BC  Data: 00 00 00 AA F9 BA 14 49 
"
"2016-11-21 14:12:17ID: BB  Data: 00 00 00 AA 06 30 DE 8E 
"
"2016-11-21 14:12:17ID: BC  Data: 00 00 00 AA F9 CF 21 72 
"
"2016-11-21 14:12:17ID: BB  Data: 00 00 00 AA 06 2C EC 17 
"
"2016-11-21 14:12:17ID: BC  Data: 00 00 00 AA F9 D3 13 E9 
"
"2016-11-21 14:12:17ID: BB  Data: 00 00 00 AA 06 23 B6 55 
"
"2016-11-21 14:12:17ID: BC  Data: 00 00 00 AA F9 DC 49 AB 
"
"2016-11-21 14:12:17ID: BB  Data: 00 00 00 AA 06 27 A8 CD 
"
"2016-11-21 14:12:17ID: BC  Data: 00 00 00 AA F9 D8 57 33 
"
"2016-11-21 14:12:17ID: BB  Data: 00 00 00 AA 06 26 57 FA 
"
"2016-11-21 14:12:17ID: BC  Data: 00 00 00 AA F9 D9 A8 06 
"
"2016-11-21 14:12:17ID: BB  Data: 00 00 00 AA 06 23 B6 55 
"
"2016-11-21 14:12:17ID: BC  Data: 00 00 00 AA F9 DC 49 AB 
"
"2016-11-21 14:12:17ID: BB  Data: 00 00 00 AA 06 1E 73 0B 
"
"2016-11-21 14:12:18ID: BC  Data: 00 00 00 AA F9 E1 8C F5 
"
"2016-11-21 14:12:18ID: BB  Data: 00 00 00 AA 05 D7 66 A3 
"
"2016-11-21 14:12:18ID: BC  Data: 00 00 00 AA FA 28 99 5D 
"
"2016-11-21 14:12:18ID: BB  Data: 00 00 00 AA 05 57 C6 DF 
"
"2016-11-21 14:12:18ID: BC  Data: 00 00 00 AA FA A8 39 21 
"
"2016-11-21 14:12:18ID: BB  Data: 00 00 00 AA 04 6E E5 52 
"
"2016-11-21 14:12:18ID: BC  Data: 00 00 00 AA FB 91 1A AE 
"
"2016-11-21 14:12:18ID: BB  Data: 00 00 00 AA 02 2F ED F6 
"
"2016-11-21 14:12:18ID: BC  Data: 00 00 00 AA FD D0 12 0A 
"
"2016-11-21 14:12:18ID: BB  Data: 00 00 00 AA 00 00 00 00 
"
"2016-11-21 14:12:18ID: BC  Data: 00 00 00 AA 00 00 00 00 
"
"2016-11-21 14:12:18ID: BB  Data: 00 00 00 AA 00 00 00 00 
"
"2016-11-21 14:12:18ID: BC  Data: 00 00 00 AA 00 00 00 00 
"
"2016-11-21 14:12:18ID: BB  Data: 00 00 00 AA 00 00 00 00 
"
"2016-11-21 14:12:18ID: BC  Data: 00 00 00 AA 00 00 00 00 
"
"2016-11-21 14:12:18ID: BB  Data: 00 00 00 AA 00 00 00 00 
"
"2016-11-21 14:12:18ID: BC  Data: 00 00 00 AA 00 00 00 00 
"
"2016-11-21 14:12:18ID: BB  Data: 00 00 00 AA 00 00 00 00 
"
"2016-11-21 14:12:18ID: BC  Data: 00 00 00 AA 00 00 00 00 
"
"2016-11-21 14:12:18ID: BB  Data: 00 00 00 AA 00 00 00 00 
"
"2016-11-21 14:12:18ID: BC  Data: 00 00 00 AA 00 00 00 00 
"
"2016-11-21 14:12:18ID: BB  Data: 00 00 00 AA 00 00 00 00 
"
"2016-11-21 14:12:18ID: BC  Data: 00 00 00 AA 00 00 00 00 
"
"2016-11-21 14:12:19ID: BB  Data: 00 00 00 AA 00 00 00 00 
"
"2016-11-21 14:12:19ID: BC  Data: 00 00 00 AA 00 00 00 00 
"
"2016-11-21 14:12:19ID: BB  Data: 00 00 00 AA 00 00 00 00 
"
"2016-11-21 14:12:19ID: BC  Data: 00 00 00 AA 00 00 00 00 
"
"2016-11-21 14:12:19ID: BB  Data: 00 00 00 AA 00 00 00 00 
"
"2016-11-21 14:12:19ID: BC  Data: 00 00 00 AA 00 00 00 00 
"
"2016-11-21 14:12:19ID: BB  Data: 00 00 00 AA 00 00 00 00 
"
"2016-11-21 14:12:19ID: BC  Data: 00 00 00 AA 00 00 00 00 
"
"2016-11-21 14:12:19ID: BB  Data: 00 00 00 AA 00 00 00 00 
"
"2016-11-21 14:12:19ID: BC  Data: 00 00 00 AA 00 00 00 00 
"
"2016-11-21 14:12:19ID: BB  Data: 00 00 00 AA 00 00 00 00 
"
"2016-11-21 14:12:19ID: BC  Data: 00 00 00 AA 00 00 00 00 
"
"2016-11-21 14:12:19ID: BB  Data: 00 00 00 AA 00 00 00 00 
"
"2016-11-21 14:12:19ID: BC  Data: 00 00 00 AA 00 00 00 00 
"
"2016-11-21 14:12:19ID: BB  Data: 00 00 00 AA 00 00 00 00 
"
"2016-11-21 14:12:19ID: BC  Data: 00 00 00 AA 00 00 00 00 
"
"2016-11-21 14:12:19ID: BB  Data: 00 00 00 AA 00 00 00 00 
"
"2016-11-21 14:12:19ID: BC  Data: 00 00 00 AA 00 00 00 00 
"
"2016-11-21 14:12:19ID: BB  Data: 00 00 00 AA 00 00 00 00 
"
"2016-11-21 14:12:19ID: BC  Data: 00 00 00 AA 00 00 00 00 
"
"2016-11-21 14:12:19ID: BB  Data: 00 00 00 AA 00 00 00 00 
"
"2016-11-21 14:12:19ID: BC  Data: 00 00 00 AA 00 00 00 00 
"
"2016-11-21 14:12:20ID: BB  Data: 00 00 00 AA 00 00 00 00 
"
"2016-11-21 14:12:20ID: BC  Data: 00 00 00 AA 00 00 00 00 
"
"2016-11-21 14:12:20ID: BB  Data: 00 00 00 AA 00 00 00 00 
"
"2016-11-21 14:12:20ID: BC  Data: 00 00 00 AA 00 00 00 00 
"
"2016-11-21 14:12:20ID: BB  Data: 00 00 00 AA 00 00 00 00 
"
"2016-11-21 14:12:20ID: BC  Data: 00 00 00 AA 00 00 00 00 
"
"2016-11-21 14:12:20ID: BB  Data: 00 00 00 AA 00 00 00 00 
"
"2016-11-21 14:12:20ID: BC  Data: 00 00 00 AA 00 00 00 00 
"
"2016-11-21 14:12:20ID: BB  Data: 00 00 00 AA 00 00 00 00 
"
"2016-11-21 14:12:20ID: BC  Data: 00 00 00 AA 00 00 00 00 
"
"2016-11-21 14:12:20ID: BB  Data: 00 00 00 AA 00 00 00 00 
"
"2016-11-21 14:12:20ID: BC  Data: 00 00 00 AA 00 00 00 00 
"
"2016-11-21 14:12:20ID: BB  Data: 00 00 00 AA 00 00 00 00 
"
"2016-11-21 14:12:20ID: BC  Data: 00 00 00 AA 00 00 00 00 
"
"2016-11-21 14:12:20ID: BB  Data: 00 00 00 AA 00 00 00 00 
"
"2016-11-21 14:12:20ID: BC  Data: 00 00 00 AA 00 00 00 00 
"
"2016-11-21 14:12:20ID: BB  Data: 00 00 00 AA 00 00 00 00 
"
"2016-11-21 14:12:20ID: BC  Data: 00 00 00 AA 00 00 00 00 
"
"2016-11-21 14:12:20ID: BB  Data: 00 00 00 AA 00 00 00 00 
"
"2016-11-21 14:12:20ID: BC  Data: 00 00 00 AA 00 00 00 00 
"
"2016-11-21 14:12:20ID: BB  Data: 00 00 00 AA 00 00 00 00 
"
"2016-11-21 14:12:20ID: BC  Data: 00 00 00 AA 00 00 00 00 
"
"2016-11-21 14:12:20ID: BB  Data: 00 00 00 AA 00 00 00 00 
"
"2016-11-21 14:12:20ID: BC  Data: 00 00 00 AA 00 00 00 00 
"
"2016-11-21 14:12:21ID: BB  Data: 00 00 00 AA 00 00 00 00 
"
"2016-11-21 14:12:21ID: BC  Data: 00 00 00 AA 00 00 00 00 
"
"2016-11-21 14:12:21ID: BB  Data: 00 00 00 AA 00 00 00 00 
"
"2016-11-21 14:12:21ID: BC  Data: 00 00 00 AA 00 00 00 00 
"
"2016-11-21 14:12:21ID: BB  Data: 00 00 00 AA 00 00 00 00 
"
"2016-11-21 14:12:21ID: BC  Data: 00 00 00 AA 00 00 00 00 
"
"2016-11-21 14:12:21ID: BB  Data: 00 00 00 AA 00 00 00 00 
"
"2016-11-21 14:12:21ID: BC  Data: 00 00 00 AA 00 00 00 00 
"
"2016-11-21 14:12:21ID: BB  Data: 00 00 00 AA 00 00 00 00 
"
"2016-11-21 14:12:21ID: BC  Data: 00 00 00 AA 00 00 00 00 
"
"2016-11-21 14:12:21ID: BB  Data: 00 00 00 AA 00 00 00 00 
"
"2016-11-21 14:12:21ID: BC  Data: 00 00 00 AA 00 00 00 00 
"
"2016-11-21 14:12:21ID: BB  Data: 00 00 00 AA 00 00 00 00 
"
"2016-11-21 14:12:21ID: BC  Data: 00 00 00 AA 00 00 00 00 
"
"2016-11-21 14:12:21ID: BB  Data: 00 00 00 AA 00 00 00 00 
"
"2016-11-21 14:12:21ID: BC  Data: 00 00 00 AA 00 00 00 00 
"
"2016-11-21 14:12:21ID: BB  Data: 00 00 00 AA 00 00 00 00 
"
"2016-11-21 14:12:21ID: BC  Data: 00 00 00 AA 00 00 00 00 
"
"2016-11-21 14:12:21ID: BB  Data: 00 00 00 AA 00 00 00 00 
"
"2016-11-21 14:12:21ID: BC  Data: 00 00 00 AA 00 00 00 00 
"
"2016-11-21 14:12:21ID: BB  Data: 00 00 00 AA 00 00 00 00 
"
"2016-11-21 14:12:21ID: BC  Data: 00 00 00 AA 00 00 00 00 
"
"2016-11-21 14:12:22ID: BB  Data: 00 00 00 AA 00 00 00 00 
"
"2016-11-21 14:12:22ID: BC  Data: 00 00 00 AA 00 00 00 00 
"
"2016-11-21 14:12:22ID: BB  Data: 00 00 00 AA 00 00 00 00 
"
"2016-11-21 14:12:22ID: BC  Data: 00 00 00 AA 00 00 00 00 
"
"2016-11-21 14:12:22ID: BB  Data: 00 00 00 AA 00 00 00 00 
"
"2016-11-21 14:12:22ID: BC  Data: 00 00 00 AA 00 00 00 00 
"
"2016-11-21 14:12:22ID: BB  Data: 00 00 00 AA 00 00 00 00 
"
"2016-11-21 14:12:22ID: BC  Data: 00 00 00 AA 00 00 00 00 
"
"2016-11-21 14:12:22ID: BB  Data: 00 00 00 AA 00 00 00 00 
"
"2016-11-21 14:12:22ID: BC  Data: 00 00 00 AA 00 00 00 00 
"
"2016-11-21 14:12:22ID: BB  Data: 00 00 00 AA 00 00 00 00 
"
"2016-11-21 14:12:22ID: BC  Data: 00 00 00 AA 00 00 00 00 
"
"2016-11-21 14:12:22ID: BB  Data: 00 00 00 AA 00 00 00 00 
"
"2016-11-21 14:12:22ID: BC  Data: 00 00 00 AA 00 00 00 00 
"
"2016-11-21 14:12:22ID: BB  Data: 00 00 00 AA 00 00 00 00 
"
"2016-11-21 14:12:22ID: BC  Data: 00 00 00 AA 00 00 00 00 
"
"2016-11-21 14:12:22ID: BB  Data: 00 00 00 AA 00 00 00 00 
"
"2016-11-21 14:12:22ID: BC  Data: 00 00 00 AA 00 00 00 00 
"
"2016-11-21 14:12:22ID: BB  Data: 00 00 00 AA 00 00 00 00 
"
"2016-11-21 14:12:22ID: BC  Data: 00 00 00 AA 00 00 00 00 
"
"2016-11-21 14:12:22ID: BB  Data: 00 00 00 AA 00 00 00 00 
"
"2016-11-21 14:12:22ID: BC  Data: 00 00 00 AA 00 00 00 00 
"
"2016-11-21 14:12:23ID: BB  Data: 00 00 00 AA 00 00 00 00 
"
"2016-11-21 14:12:23ID: BC  Data: 00 00 00 AA 00 00 00 00 
"
"2016-11-21 14:12:23ID: BB  Data: 00 00 00 AA 00 00 00 00 
"
"2016-11-21 14:12:23ID: BC  Data: 00 00 00 AA 00 00 00 00 
"
"2016-11-21 14:12:23ID: BB  Data: 00 00 00 AA 00 00 00 00 
"
"2016-11-21 14:12:23ID: BC  Data: 00 00 00 AA 00 00 00 00 
"
"2016-11-21 14:12:23ID: BB  Data: 00 00 00 AA 00 00 00 00 
"
"2016-11-21 14:12:23ID: BC  Data: 00 00 00 AA 00 00 00 00 
"
"2016-11-21 14:12:23ID: BB  Data: 00 00 00 AA 00 00 00 00 
"
"2016-11-21 14:12:23ID: BC  Data: 00 00 00 AA 00 00 00 00 
"
"2016-11-21 14:12:23ID: BB  Data: 00 00 00 AA 00 00 00 00 
"
"2016-11-21 14:12:23ID: BC  Data: 00 00 00 AA 00 00 00 00 
"
"2016-11-21 14:12:23ID: BB  Data: 00 00 00 AA 00 00 00 00 
"
"2016-11-21 14:12:23ID: BC  Data: 00 00 00 AA 00 00 00 00 
"
"2016-11-21 14:12:23ID: BB  Data: 00 00 00 AA 00 00 00 00 
"
"2016-11-21 14:12:23ID: BC  Data: 00 00 00 AA 00 00 00 00 
"
"2016-11-21 14:12:23ID: BB  Data: 00 00 00 AA 00 00 00 00 
"
"2016-11-21 14:12:23ID: BC  Data: 00 00 00 AA 00 00 00 00 
"
"2016-11-21 14:12:23ID: BB  Data: 00 00 00 AA 00 00 00 00 
"
"2016-11-21 14:12:23ID: BC  Data: 00 00 00 AA 00 00 00 00 
"
"2016-11-21 14:12:23ID: BB  Data: 00 00 00 AA 00 00 00 00 
"
"2016-11-21 14:12:23ID: BC  Data: 00 00 00 AA 00 00 00 00 
"
"2016-11-21 14:12:23ID: BB  Data: 00 00 00 AA 00 00 00 00 
"
"2016-11-21 14:12:23ID: BC  Data: 00 00 00 AA 00 00 00 00 
"
"2016-11-21 14:12:24ID: BB  Data: 00 00 00 AA 00 00 00 00 
"
"2016-11-21 14:12:24ID: BC  Data: 00 00 00 AA 00 00 00 00 
"
"2016-11-21 14:12:24ID: BB  Data: 00 00 00 AA 00 00 00 00 
"
"2016-11-21 14:12:24ID: BC  Data: 00 00 00 AA 00 00 00 00 
"
"2016-11-21 14:12:24ID: BB  Data: 00 00 00 AA 00 00 00 00 
"
"2016-11-21 14:12:24ID: BC  Data: 00 00 00 AA 00 00 00 00 
"
"2016-11-21 14:12:24ID: BB  Data: 00 00 00 AA 00 00 00 00 
"
"2016-11-21 14:12:24ID: BC  Data: 00 00 00 AA 00 00 00 00 
"
"2016-11-21 14:12:24ID: BB  Data: 00 00 00 AA 00 00 00 00 
"
"2016-11-21 14:12:24ID: BC  Data: 00 00 00 AA 00 00 00 00 
"
"2016-11-21 14:12:24ID: BB  Data: 00 00 00 AA 00 00 00 00 
"
"2016-11-21 14:12:24ID: BC  Data: 00 00 00 AA 00 00 00 00 
"
"2016-11-21 14:12:24ID: BB  Data: 00 00 00 AA 00 00 00 00 
"
"2016-11-21 14:12:24ID: BC  Data: 00 00 00 AA 00 00 00 00 
"
"2016-11-21 14:12:24ID: BB  Data: 00 00 00 AA 00 00 00 00 
"
"2016-11-21 14:12:24ID: BC  Data: 00 00 00 AA 00 00 00 00 
"
"2016-11-21 14:12:24ID: BB  Data: 00 00 00 AA 00 00 00 00 
"
"2016-11-21 14:12:24ID: BC  Data: 00 00 00 AA 00 00 00 00 
"
"2016-11-21 14:12:24ID: BB  Data: 00 00 00 AA 00 00 00 00 
"
"2016-11-21 14:12:24ID: BC  Data: 00 00 00 AA 00 00 00 00 
"
"2016-11-21 14:12:24ID: BB  Data: 00 00 00 AA 00 00 00 00 
"
"2016-11-21 14:12:24ID: BC  Data: 00 00 00 AA 00 00 00 00 
"
"2016-11-21 14:12:25ID: BB  Data: 00 00 00 AA 00 00 00 00 
"
"2016-11-21 14:12:25ID: BC  Data: 00 00 00 AA 00 00 00 00 
"
"2016-11-21 14:12:25ID: BB  Data: 00 00 00 AA 00 00 00 00 
"
"2016-11-21 14:12:25ID: BC  Data: 00 00 00 AA 00 00 00 00 
"
"2016-11-21 14:12:25ID: BB  Data: 00 00 00 AA 00 00 00 00 
"
"2016-11-21 14:12:25ID: BC  Data: 00 00 00 AA 00 00 00 00 
"
"2016-11-21 14:12:25ID: BB  Data: 00 00 00 AA 00 00 00 00 
"
"2016-11-21 14:12:25ID: BC  Data: 00 00 00 AA 00 00 00 00 
"
"2016-11-21 14:12:25ID: BB  Data: 00 00 00 AA 00 00 00 00 
"
"2016-11-21 14:12:25ID: BC  Data: 00 00 00 AA 00 00 00 00 
"
"2016-11-21 14:12:25ID: BB  Data: 00 00 00 AA 00 00 00 00 
"
"2016-11-21 14:12:25ID: BC  Data: 00 00 00 AA 00 00 00 00 
"
"2016-11-21 14:12:25ID: BB  Data: 00 00 00 AA 00 00 00 00 
"
"2016-11-21 14:12:25ID: BC  Data: 00 00 00 AA 00 00 00 00 
"
"2016-11-21 14:12:25ID: BB  Data: 00 00 00 AA 00 00 00 00 
"
"2016-11-21 14:12:25ID: BC  Data: 00 00 00 AA 00 00 00 00 
"
"2016-11-21 14:12:25ID: BB  Data: 00 00 00 AA 00 00 00 00 
"
"2016-11-21 14:12:25ID: BC  Data: 00 00 00 AA 00 00 00 00 
"
"2016-11-21 14:12:25ID: BB  Data: 00 00 00 AA 00 00 00 00 
"
"2016-11-21 14:12:25ID: BC  Data: 00 00 00 AA 00 00 00 00 
"
"2016-11-21 14:12:25ID: BB  Data: 00 00 00 AA 00 00 00 00 
"
"2016-11-21 14:12:25ID: BC  Data: 00 00 00 AA 00 00 00 00 
"
"2016-11-21 14:12:25ID: BB  Data: 00 00 00 AA 00 00 00 00 
"
"2016-11-21 14:12:26ID: BC  Data: 00 00 00 AA 00 00 00 00 
"
"2016-11-21 14:12:26ID: BB  Data: 00 00 00 AA 00 00 00 00 
"
"2016-11-21 14:12:26ID: BC  Data: 00 00 00 AA 00 00 00 00 
"
"2016-11-21 14:12:26ID: BB  Data: 00 00 00 AA 00 00 00 00 
"
"2016-11-21 14:12:26ID: BC  Data: 00 00 00 AA 00 00 00 00 
"
"2016-11-21 14:12:26ID: BB  Data: 00 00 00 AA 00 00 00 00 
"
"2016-11-21 14:12:26ID: BC  Data: 00 00 00 AA 00 00 00 00 
"
"2016-11-21 14:12:26ID: BB  Data: 00 00 00 AA 00 00 00 00 
"
"2016-11-21 14:12:26ID: BC  Data: 00 00 00 AA 00 00 00 00 
"
"2016-11-21 14:12:26ID: BB  Data: 00 00 00 AA 00 00 00 00 
"
"2016-11-21 14:12:26ID: BC  Data: 00 00 00 AA 00 00 00 00 
"
"2016-11-21 14:12:26ID: BB  Data: 00 00 00 AA 00 00 00 00 
"
"2016-11-21 14:12:26ID: BC  Data: 00 00 00 AA 00 00 00 00 
"
"2016-11-21 14:12:26ID: BB  Data: 00 00 00 AA 00 00 00 00 
"
"2016-11-21 14:12:26ID: BC  Data: 00 00 00 AA 00 00 00 00 
"
"2016-11-21 14:12:26ID: BB  Data: 00 00 00 AA 00 00 00 00 
"
"2016-11-21 14:12:26ID: BC  Data: 00 00 00 AA 00 00 00 00 
"
"2016-11-21 14:12:26ID: BB  Data: 00 00 00 AA 00 00 00 00 
"
"2016-11-21 14:12:26ID: BC  Data: 00 00 00 AA 00 00 00 00 
"
"2016-11-21 14:12:26ID: BB  Data: 00 00 00 AA 00 00 00 00 
"
"2016-11-21 14:12:26ID: BC  Data: 00 00 00 AA 00 00 00 00 
"
"2016-11-21 14:12:26ID: BB  Data: 00 00 00 AA 00 00 00 00 
"
"2016-11-21 14:12:26ID: BC  Data: 00 00 00 AA 00 00 00 00 
"
"2016-11-21 14:12:27ID: BB  Data: 00 00 00 AA 00 00 00 00 
"
"2016-11-21 14:12:27ID: BC  Data: 00 00 00 AA 00 00 00 00 
"
"2016-11-21 14:12:27ID: BB  Data: 00 00 00 AA 00 00 00 00 
"
"2016-11-21 14:12:27ID: BC  Data: 00 00 00 AA 00 00 00 00 
"
"2016-11-21 14:12:27ID: BB  Data: 00 00 00 AA 00 00 00 00 
"
"2016-11-21 14:12:27ID: BC  Data: 00 00 00 AA 00 00 00 00 
"
"2016-11-21 14:12:27ID: BB  Data: 00 00 00 AA 00 00 00 00 
"
"2016-11-21 14:12:27ID: BC  Data: 00 00 00 AA 00 00 00 00 
"
"2016-11-21 14:12:27ID: BB  Data: 00 00 00 AA 00 00 00 00 
"
"2016-11-21 14:12:27ID: BC  Data: 00 00 00 AA 00 00 00 00 
"
"2016-11-21 14:12:27ID: BB  Data: 00 00 00 AA 00 00 00 00 
"
"2016-11-21 14:12:27ID: BC  Data: 00 00 00 AA 00 00 00 00 
"
"2016-11-21 14:12:27ID: BB  Data: 00 00 00 AA 00 00 00 00 
"
"2016-11-21 14:12:27ID: BC  Data: 00 00 00 AA 00 00 00 00 
"
"2016-11-21 14:12:27ID: BB  Data: 00 00 00 AA 00 00 00 00 
"
"2016-11-21 14:12:27ID: BC  Data: 00 00 00 AA 00 00 00 00 
"
"2016-11-21 14:12:27ID: BB  Data: 00 00 00 AA 00 00 00 00 
"
"2016-11-21 14:12:27ID: BC  Data: 00 00 00 AA 00 00 00 00 
"
"2016-11-21 14:12:27ID: BB  Data: 00 00 00 AA 00 00 00 00 
"
"2016-11-21 14:12:27ID: BC  Data: 00 00 00 AA 00 00 00 00 
"
"2016-11-21 14:12:27ID: BB  Data: 00 00 00 AA 00 00 00 00 
"
"2016-11-21 14:12:27ID: BC  Data: 00 00 00 AA 00 00 00 00 
"
"2016-11-21 14:12:28ID: BB  Data: 00 00 00 AA 00 00 00 00 
"
"2016-11-21 14:12:28ID: BC  Data: 00 00 00 AA 00 00 00 00 
"
"2016-11-21 14:12:28ID: BB  Data: 00 00 00 AA 00 00 00 00 
"
"2016-11-21 14:12:28ID: BC  Data: 00 00 00 AA 00 00 00 00 
"
"2016-11-21 14:12:28ID: BB  Data: 00 00 00 AA 00 00 00 00 
"
"2016-11-21 14:12:28ID: BC  Data: 00 00 00 AA 00 00 00 00 
"
"2016-11-21 14:12:28ID: BB  Data: 00 00 00 AA 00 00 00 00 
"
"2016-11-21 14:12:28ID: BC  Data: 00 00 00 AA 00 00 00 00 
"
"2016-11-21 14:12:28ID: BB  Data: 00 00 00 AA 00 00 00 00 
"
"2016-11-21 14:12:28ID: BC  Data: 00 00 00 AA 00 00 00 00 
"
"2016-11-21 14:12:28ID: BB  Data: 00 00 00 AA 00 00 00 00 
"
"2016-11-21 14:12:28ID: BC  Data: 00 00 00 AA 00 00 00 00 
"
"2016-11-21 14:12:28ID: BB  Data: 00 00 00 AA 00 00 00 00 
"
"2016-11-21 14:12:28ID: BC  Data: 00 00 00 AA 00 00 00 00 
"
"2016-11-21 14:12:28ID: BB  Data: 00 00 00 AA 00 00 00 00 
"
"2016-11-21 14:12:28ID: BC  Data: 00 00 00 AA 00 00 00 00 
"
"2016-11-21 14:12:28ID: BB  Data: 00 00 00 AA 00 00 00 00 
"
"2016-11-21 14:12:28ID: BC  Data: 00 00 00 AA 00 00 00 00 
"
"2016-11-21 14:12:28ID: BB  Data: 00 00 00 AA 00 00 00 00 
"
"2016-11-21 14:12:28ID: BC  Data: 00 00 00 AA 00 00 00 00 
"
"2016-11-21 14:12:28ID: BB  Data: 00 00 00 AA 00 00 00 00 
"
"2016-11-21 14:12:28ID: BC  Data: 00 00 00 AA 00 00 00 00 
"
"2016-11-21 14:12:28ID: BB  Data: 00 00 00 AA 00 00 00 00 
"
"2016-11-21 14:12:28ID: BC  Data: 00 00 00 AA 00 00 00 00 
"
"2016-11-21 14:12:29ID: BB  Data: 00 00 00 AA 00 00 00 00 
"
"2016-11-21 14:12:29ID: BC  Data: 00 00 00 AA 00 00 00 00 
"
"2016-11-21 14:12:29ID: BB  Data: 00 00 00 AA 00 00 00 00 
"
"2016-11-21 14:12:29ID: BC  Data: 00 00 00 AA 00 00 00 00 
"
"2016-11-21 14:12:29ID: BB  Data: 00 00 00 AA 00 00 00 00 
"
"2016-11-21 14:12:29ID: BC  Data: 00 00 00 AA 00 00 00 00 
"
"2016-11-21 14:12:29ID: BB  Data: 00 00 00 AA 00 00 00 00 
"
"2016-11-21 14:12:29ID: BC  Data: 00 00 00 AA 00 00 00 00 
"
"2016-11-21 14:12:29ID: BB  Data: 00 00 00 AA 00 00 00 00 
"
"2016-11-21 14:12:29ID: BC  Data: 00 00 00 AA 00 00 00 00 
"
"2016-11-21 14:12:29ID: BB  Data: 00 00 00 AA 00 00 00 00 
"
"2016-11-21 14:12:29ID: BC  Data: 00 00 00 AA 00 00 00 00 
"
"2016-11-21 14:12:29ID: BB  Data: 00 00 00 AA 00 00 00 00 
"
"2016-11-21 14:12:29ID: BC  Data: 00 00 00 AA 00 00 00 00 
"
"2016-11-21 14:12:29ID: BB  Data: 00 00 00 AA 00 00 00 00 
"
"2016-11-21 14:12:29ID: BC  Data: 00 00 00 AA 00 00 00 00 
"
"2016-11-21 14:12:29ID: BB  Data: 00 00 00 AA 00 00 00 00 
"
"2016-11-21 14:12:29ID: BC  Data: 00 00 00 AA 00 00 00 00 
"
"2016-11-21 14:12:29ID: BB  Data: 00 00 00 AA 00 00 00 00 
"
"2016-11-21 14:12:29ID: BC  Data: 00 00 00 AA 00 00 00 00 
"
"2016-11-21 14:12:29ID: BB  Data: 00 00 00 AA 00 00 00 00 
"
"2016-11-21 14:12:29ID: BC  Data: 00 00 00 AA 00 00 00 00 
"
"2016-11-21 14:12:30ID: BB  Data: 00 00 00 AA 00 00 00 00 
"
"2016-11-21 14:12:30ID: BC  Data: 00 00 00 AA 00 00 00 00 
"
"2016-11-21 14:12:30ID: BB  Data: 00 00 00 AA 00 00 00 00 
"
"2016-11-21 14:12:30ID: BC  Data: 00 00 00 AA 00 00 00 00 
"
"2016-11-21 14:12:30ID: BB  Data: 00 00 00 AA 00 00 00 00 
"
"2016-11-21 14:12:30ID: BC  Data: 00 00 00 AA 00 00 00 00 
"
"2016-11-21 14:12:30ID: BB  Data: 00 00 00 AA 00 00 00 00 
"
"2016-11-21 14:12:30ID: BC  Data: 00 00 00 AA 00 00 00 00 
"
"2016-11-21 14:12:30ID: BB  Data: 00 00 00 AA 00 00 00 00 
"
"2016-11-21 14:12:30ID: BC  Data: 00 00 00 AA 00 00 00 00 
"
"2016-11-21 14:12:30ID: BB  Data: 00 00 00 AA 00 00 00 00 
"
"2016-11-21 14:12:30ID: BC  Data: 00 00 00 AA 00 00 00 00 
"
"2016-11-21 14:12:30ID: BB  Data: 00 00 00 AA 00 00 00 00 
"
"2016-11-21 14:12:30ID: BC  Data: 00 00 00 AA 00 00 00 00 
"
"2016-11-21 14:12:30ID: BB  Data: 00 00 00 AA 00 00 00 00 
"
"2016-11-21 14:12:30ID: BC  Data: 00 00 00 AA 00 00 00 00 
"
"2016-11-21 14:12:30ID: BB  Data: 00 00 00 AA 00 00 00 00 
"
"2016-11-21 14:12:30ID: BC  Data: 00 00 00 AA 00 00 00 00 
"
"2016-11-21 14:12:30ID: BB  Data: 00 00 00 AA 00 00 00 00 
"
"2016-11-21 14:12:30ID: BC  Data: 00 00 00 AA 00 00 00 00 
"
"2016-11-21 14:12:30ID: BB  Data: 00 00 00 AA 00 00 00 00 
"
"2016-11-21 14:12:30ID: BC  Data: 00 00 00 AA 00 00 00 00 
"
"2016-11-21 14:12:31ID: BB  Data: 00 00 00 AA 00 00 00 00 
"
"2016-11-21 14:12:31ID: BC  Data: 00 00 00 AA 00 00 00 00 
"
"2016-11-21 14:12:31ID: BB  Data: 00 00 00 AA 00 00 00 00 
"
"2016-11-21 14:12:31ID: BC  Data: 00 00 00 AA 00 00 00 00 
"
"2016-11-21 14:12:31ID: BB  Data: 00 00 00 AA 00 00 00 00 
"
"2016-11-21 14:12:31ID: BC  Data: 00 00 00 AA 00 00 00 00 
"
"2016-11-21 14:12:31ID: BB  Data: 00 00 00 AA 00 00 00 00 
"
"2016-11-21 14:12:31ID: BC  Data: 00 00 00 AA 00 00 00 00 
"
"2016-11-21 14:12:31ID: BB  Data: 00 00 00 AA 00 00 00 00 
"
"2016-11-21 14:12:31ID: BC  Data: 00 00 00 AA 00 00 00 00 
"
"2016-11-21 14:12:31ID: BB  Data: 00 00 00 AA 00 00 00 00 
"
"2016-11-21 14:12:31ID: BC  Data: 00 00 00 AA 00 00 00 00 
"
"2016-11-21 14:12:31ID: BB  Data: 00 00 00 AA 00 00 00 00 
"
"2016-11-21 14:12:31ID: BC  Data: 00 00 00 AA 00 00 00 00 
"
"2016-11-21 14:12:31ID: BB  Data: 00 00 00 AA 00 00 00 00 
"
"2016-11-21 14:12:31ID: BC  Data: 00 00 00 AA 00 00 00 00 
"
"2016-11-21 14:12:31ID: BB  Data: 00 00 00 AA 00 00 00 00 
"
"2016-11-21 14:12:31ID: BC  Data: 00 00 00 AA 00 00 00 00 
"
"2016-11-21 14:12:31ID: BB  Data: 00 00 00 AA 00 00 00 00 
"
"2016-11-21 14:12:31ID: BC  Data: 00 00 00 AA 00 00 00 00 
"
"2016-11-21 14:12:31ID: BB  Data: 00 00 00 AA 00 00 00 00 
"
"2016-11-21 14:12:31ID: BC  Data: 00 00 00 AA 00 00 00 00 
"
"2016-11-21 14:12:31ID: BB  Data: 00 00 00 AA 00 00 00 00 
"
"2016-11-21 14:12:31ID: BC  Data: 00 00 00 AA 00 00 00 00 
"
"2016-11-21 14:12:32ID: BB  Data: 00 00 00 AA 00 00 00 00 
"
"2016-11-21 14:12:32ID: BC  Data: 00 00 00 AA 00 00 00 00 
"
"2016-11-21 14:12:32ID: BB  Data: 00 00 00 AA 00 00 00 00 
"
"2016-11-21 14:12:32ID: BC  Data: 00 00 00 AA 00 00 00 00 
"
"2016-11-21 14:12:32ID: BB  Data: 00 00 00 AA 00 00 00 00 
"
"2016-11-21 14:12:32ID: BC  Data: 00 00 00 AA 00 00 00 00 
"
"2016-11-21 14:12:32ID: BB  Data: 00 00 00 AA 00 00 00 00 
"
"2016-11-21 14:12:32ID: BC  Data: 00 00 00 AA 00 00 00 00 
"
"2016-11-21 14:12:32ID: BB  Data: 00 00 00 AA 00 00 00 00 
"
"2016-11-21 14:12:32ID: BC  Data: 00 00 00 AA 00 00 00 00 
"
"2016-11-21 14:12:32ID: BB  Data: 00 00 00 AA 00 00 00 00 
"
"2016-11-21 14:12:32ID: BC  Data: 00 00 00 AA 00 00 00 00 
"
"2016-11-21 14:12:32ID: BB  Data: 00 00 00 AA 00 00 00 00 
"
"2016-11-21 14:12:32ID: BC  Data: 00 00 00 AA 00 00 00 00 
"
"2016-11-21 14:12:32ID: BB  Data: 00 00 00 AA 00 00 00 00 
"
"2016-11-21 14:12:32ID: BC  Data: 00 00 00 AA 00 00 00 00 
"
"2016-11-21 14:12:32ID: BB  Data: 00 00 00 AA 00 00 00 00 
"
"2016-11-21 14:12:32ID: BC  Data: 00 00 00 AA 00 00 00 00 
"
"2016-11-21 14:12:32ID: BB  Data: 00 00 00 AA 00 00 00 00 
"
"2016-11-21 14:12:32ID: BC  Data: 00 00 00 AA 00 00 00 00 
"
"2016-11-21 14:12:32ID: BB  Data: 00 00 00 AA 00 00 00 00 
"
"2016-11-21 14:12:32ID: BC  Data: 00 00 00 AA 00 00 00 00 
"
"2016-11-21 14:12:33ID: BB  Data: 00 00 00 AA 00 00 00 00 
"
"2016-11-21 14:12:33ID: BC  Data: 00 00 00 AA 00 00 00 00 
"
"2016-11-21 14:12:33ID: BB  Data: 00 00 00 AA 00 00 00 00 
"
"2016-11-21 14:12:33ID: BC  Data: 00 00 00 AA 00 00 00 00 
"
"2016-11-21 14:12:33ID: BB  Data: 00 00 00 AA 00 00 00 00 
"
"2016-11-21 14:12:33ID: BC  Data: 00 00 00 AA 00 00 00 00 
"
"2016-11-21 14:12:33ID: BB  Data: 00 00 00 AA 00 00 00 00 
"
"2016-11-21 14:12:33ID: BC  Data: 00 00 00 AA 00 00 00 00 
"
"2016-11-21 14:12:33ID: BB  Data: 00 00 00 AA 00 00 00 00 
"
"2016-11-21 14:12:33ID: BC  Data: 00 00 00 AA 00 00 00 00 
"
"2016-11-21 14:12:33ID: BB  Data: 00 00 00 AA 00 00 00 00 
"
"2016-11-21 14:12:33ID: BC  Data: 00 00 00 AA 00 00 00 00 
"
"2016-11-21 14:12:33ID: BB  Data: 00 00 00 AA 00 00 00 00 
"
"2016-11-21 14:12:33ID: BC  Data: 00 00 00 AA 00 00 00 00 
"
"2016-11-21 14:12:33ID: BB  Data: 00 00 00 AA 00 00 00 00 
"
"2016-11-21 14:12:33ID: BC  Data: 00 00 00 AA 00 00 00 00 
"
"2016-11-21 14:12:33ID: BB  Data: 00 00 00 AA 00 00 00 00 
"
"2016-11-21 14:12:33ID: BC  Data: 00 00 00 AA 00 00 00 00 
"
"2016-11-21 14:12:33ID: BB  Data: 00 00 00 AA 00 00 00 00 
"
"2016-11-21 14:12:33ID: BC  Data: 00 00 00 AA 00 00 00 00 
"
"2016-11-21 14:12:33ID: BB  Data: 00 00 00 AA 00 00 00 00 
"
"2016-11-21 14:12:33ID: BC  Data: 00 00 00 AA 00 00 00 00 
"
"2016-11-21 14:12:34ID: BB  Data: 00 00 00 AA 00 00 00 00 
"
"2016-11-21 14:12:34ID: BC  Data: 00 00 00 AA 00 00 00 00 
"
"2016-11-21 14:12:34ID: BB  Data: 00 00 00 AA 00 00 00 00 
"
"2016-11-21 14:12:34ID: BC  Data: 00 00 00 AA 00 00 00 00 
"
"2016-11-21 14:12:34ID: BB  Data: 00 00 00 AA 00 00 00 00 
"
"2016-11-21 14:12:34ID: BC  Data: 00 00 00 AA 00 00 00 00 
"
"2016-11-21 14:12:34ID: BB  Data: 00 00 00 AA 00 00 00 00 
"
"2016-11-21 14:12:34ID: BC  Data: 00 00 00 AA 00 00 00 00 
"
"2016-11-21 14:12:34ID: BB  Data: 00 00 00 AA 00 00 00 00 
"
"2016-11-21 14:12:34ID: BC  Data: 00 00 00 AA 00 00 00 00 
"
"2016-11-21 14:12:34ID: BB  Data: 00 00 00 AA 00 00 00 00 
"
"2016-11-21 14:12:34ID: BC  Data: 00 00 00 AA 00 00 00 00 
"
"2016-11-21 14:12:34ID: BB  Data: 00 00 00 AA 00 00 00 00 
"
"2016-11-21 14:12:34ID: BC  Data: 00 00 00 AA 00 00 00 00 
"
"2016-11-21 14:12:34ID: BB  Data: 00 00 00 AA 00 00 00 00 
"
"2016-11-21 14:12:34ID: BC  Data: 00 00 00 AA 00 00 00 00 
"
"2016-11-21 14:12:34ID: BB  Data: 00 00 00 AA 00 00 00 00 
"
"2016-11-21 14:12:34ID: BC  Data: 00 00 00 AA 00 00 00 00 
"
"2016-11-21 14:12:34ID: BB  Data: 00 00 00 AA 00 00 00 00 
"
"2016-11-21 14:12:34ID: BC  Data: 00 00 00 AA 00 00 00 00 
"
"2016-11-21 14:12:34ID: BB  Data: 00 00 00 AA 00 00 00 00 
"
"2016-11-21 14:12:34ID: BC  Data: 00 00 00 AA 00 00 00 00 
"
"2016-11-21 14:12:34ID: BB  Data: 00 00 00 AA 00 00 00 00 
"
"2016-11-21 14:12:34ID: BC  Data: 00 00 00 AA 00 00 00 00 
"
"2016-11-21 14:12:35ID: BB  Data: 00 00 00 AA 00 00 00 00 
"
"2016-11-21 14:12:35ID: BC  Data: 00 00 00 AA 00 00 00 00 
"
"2016-11-21 14:12:35ID: BB  Data: 00 00 00 AA 00 00 00 00 
"
"2016-11-21 14:12:35ID: BC  Data: 00 00 00 AA 00 00 00 00 
"
"2016-11-21 14:12:35ID: BB  Data: 00 00 00 AA 00 00 00 00 
"
"2016-11-21 14:12:35ID: BC  Data: 00 00 00 AA 00 00 00 00 
"
"2016-11-21 14:12:35ID: BB  Data: 00 00 00 AA 00 00 00 00 
"
"2016-11-21 14:12:35ID: BC  Data: 00 00 00 AA 00 00 00 00 
"
"2016-11-21 14:12:35ID: BB  Data: 00 00 00 AA 00 00 00 00 
"
"2016-11-21 14:12:35ID: BC  Data: 00 00 00 AA 00 00 00 00 
"
"2016-11-21 14:12:35ID: BB  Data: 00 00 00 AA 00 00 00 00 
"
"2016-11-21 14:12:35ID: BC  Data: 00 00 00 AA 00 00 00 00 
"
"2016-11-21 14:12:35ID: BB  Data: 00 00 00 AA 00 00 00 00 
"
"2016-11-21 14:12:35ID: BC  Data: 00 00 00 AA 00 00 00 00 
"
"2016-11-21 14:12:35ID: BB  Data: 00 00 00 AA 00 00 00 00 
"
"2016-11-21 14:12:35ID: BC  Data: 00 00 00 AA 00 00 00 00 
"
"2016-11-21 14:12:35ID: BB  Data: 00 00 00 AA 00 00 00 00 
"
"2016-11-21 14:12:35ID: BC  Data: 00 00 00 AA 00 00 00 00 
"
"2016-11-21 14:12:35ID: BB  Data: 00 00 00 AA 00 00 00 00 
"
"2016-11-21 14:12:35ID: BC  Data: 00 00 00 AA 00 00 00 00 
"
"2016-11-21 14:12:35ID: BB  Data: 00 00 00 AA 00 00 00 00 
"
"2016-11-21 14:12:35ID: BC  Data: 00 00 00 AA 00 00 00 00 
"
"2016-11-21 14:12:36ID: BB  Data: 00 00 00 AA 00 00 00 00 
"
"2016-11-21 14:12:36ID: BC  Data: 00 00 00 AA 00 00 00 00 
"
"2016-11-21 14:12:36ID: BB  Data: 00 00 00 AA 00 00 00 00 
"
"2016-11-21 14:12:36ID: BC  Data: 00 00 00 AA 00 00 00 00 
"
"2016-11-21 14:12:36ID: BB  Data: 00 00 00 AA 00 00 00 00 
"
"2016-11-21 14:12:36ID: BC  Data: 00 00 00 AA 00 00 00 00 
"
"2016-11-21 14:12:36ID: BB  Data: 00 00 00 AA 00 00 00 00 
"
"2016-11-21 14:12:36ID: BC  Data: 00 00 00 AA 00 00 00 00 
"
"2016-11-21 14:12:36ID: BB  Data: 00 00 00 AA 00 00 00 00 
"
"2016-11-21 14:12:36ID: BC  Data: 00 00 00 AA 00 00 00 00 
"
"2016-11-21 14:12:36ID: BB  Data: 00 00 00 AA 00 00 00 00 
"
"2016-11-21 14:12:36ID: BC  Data: 00 00 00 AA 00 00 00 00 
"
"2016-11-21 14:12:36ID: BB  Data: 00 00 00 AA 00 00 00 00 
"
"2016-11-21 14:12:36ID: BC  Data: 00 00 00 AA 00 00 00 00 
"
"2016-11-21 14:12:36ID: BB  Data: 00 00 00 AA 00 00 00 00 
"
"2016-11-21 14:12:36ID: BC  Data: 00 00 00 AA 00 00 00 00 
"
"2016-11-21 14:12:36ID: BB  Data: 00 00 00 AA 00 00 00 00 
"
"2016-11-21 14:12:36ID: BC  Data: 00 00 00 AA 00 00 00 00 
"
"2016-11-21 14:12:36ID: BB  Data: 00 00 00 AA 00 00 00 00 
"
"2016-11-21 14:12:36ID: BC  Data: 00 00 00 AA 00 00 00 00 
"
"2016-11-21 14:12:36ID: BB  Data: 00 00 00 AA 00 00 00 00 
"
"2016-11-21 14:12:36ID: BC  Data: 00 00 00 AA 00 00 00 00 
"
"2016-11-21 14:12:36ID: BB  Data: 00 00 00 AA 00 00 00 00 
"
"2016-11-21 14:12:37ID: BC  Data: 00 00 00 AA 00 00 00 00 
"
"2016-11-21 14:12:37ID: BB  Data: 00 00 00 AA 00 00 00 00 
"
"2016-11-21 14:12:37ID: BC  Data: 00 00 00 AA 00 00 00 00 
"
"2016-11-21 14:12:37ID: BB  Data: 00 00 00 AA 00 00 00 00 
"
"2016-11-21 14:12:37ID: BC  Data: 00 00 00 AA 00 00 00 00 
"
"2016-11-21 14:12:37ID: BB  Data: 00 00 00 AA 00 00 00 00 
"
"2016-11-21 14:12:37ID: BC  Data: 00 00 00 AA 00 00 00 00 
"
"2016-11-21 14:12:37ID: BB  Data: 00 00 00 AA 00 00 00 00 
"
"2016-11-21 14:12:37ID: BC  Data: 00 00 00 AA 00 00 00 00 
"
"2016-11-21 14:12:37ID: BB  Data: 00 00 00 AA 00 00 00 00 
"
"2016-11-21 14:12:37ID: BC  Data: 00 00 00 AA 00 00 00 00 
"
"2016-11-21 14:12:37ID: BB  Data: 00 00 00 AA 00 00 00 00 
"
"2016-11-21 14:12:37ID: BC  Data: 00 00 00 AA 00 00 00 00 
"
"2016-11-21 14:12:37ID: BB  Data: 00 00 00 AA 00 00 00 00 
"
"2016-11-21 14:12:37ID: BC  Data: 00 00 00 AA 00 00 00 00 
"
"2016-11-21 14:12:37ID: BB  Data: 00 00 00 AA 00 00 00 00 
"
"2016-11-21 14:12:37ID: BC  Data: 00 00 00 AA 00 00 00 00 
"
"2016-11-21 14:12:37ID: BB  Data: 00 00 00 AA 00 00 00 00 
"
"2016-11-21 14:12:37ID: BC  Data: 00 00 00 AA 00 00 00 00 
"
"2016-11-21 14:12:37ID: BB  Data: 00 00 00 AA 00 00 00 00 
"
"2016-11-21 14:12:37ID: BC  Data: 00 00 00 AA 00 00 00 00 
"
"2016-11-21 14:12:37ID: BB  Data: 00 00 00 AA 00 00 00 00 
"
"2016-11-21 14:12:37ID: BC  Data: 00 00 00 AA 00 00 00 00 
"
"2016-11-21 14:12:38ID: BB  Data: 00 00 00 AA 00 00 00 00 
"
"2016-11-21 14:12:38ID: BC  Data: 00 00 00 AA 00 00 00 00 
"
"2016-11-21 14:12:38ID: BB  Data: 00 00 00 AA 00 00 00 00 
"
"2016-11-21 14:12:38ID: BC  Data: 00 00 00 AA 00 00 00 00 
"
"2016-11-21 14:12:38ID: BB  Data: 00 00 00 AA 00 00 00 00 
"
"2016-11-21 14:12:38ID: BC  Data: 00 00 00 AA 00 00 00 00 
"
"2016-11-21 14:12:38ID: BB  Data: 00 00 00 AA 00 00 00 00 
"
"2016-11-21 14:12:38ID: BC  Data: 00 00 00 AA 00 00 00 00 
"
"2016-11-21 14:12:38ID: BB  Data: 00 00 00 AA 00 00 00 00 
"
"2016-11-21 14:12:38ID: BC  Data: 00 00 00 AA 00 00 00 00 
"
"2016-11-21 14:12:38ID: BB  Data: 00 00 00 AA 00 00 00 00 
"
"2016-11-21 14:12:38ID: BC  Data: 00 00 00 AA 00 00 00 00 
"
"2016-11-21 14:12:38ID: BB  Data: 00 00 00 AA 00 00 00 00 
"
"2016-11-21 14:12:38ID: BC  Data: 00 00 00 AA 00 00 00 00 
"
"2016-11-21 14:12:38ID: BB  Data: 00 00 00 AA 00 00 00 00 
"
"2016-11-21 14:12:38ID: BC  Data: 00 00 00 AA 00 00 00 00 
"
"2016-11-21 14:12:38ID: BB  Data: 00 00 00 AA 00 00 00 00 
"
"2016-11-21 14:12:38ID: BC  Data: 00 00 00 AA 00 00 00 00 
"
"2016-11-21 14:12:38ID: BB  Data: 00 00 00 AA 00 00 00 00 
"
"2016-11-21 14:12:38ID: BC  Data: 00 00 00 AA 00 00 00 00 
"
"2016-11-21 14:12:38ID: BB  Data: 00 00 00 AA 00 00 00 00 
"
"2016-11-21 14:12:38ID: BC  Data: 00 00 00 AA 00 00 00 00 
"
"2016-11-21 14:12:39ID: BB  Data: 00 00 00 AA 00 00 00 00 
"
"2016-11-21 14:12:39ID: BC  Data: 00 00 00 AA 00 00 00 00 
"
"2016-11-21 14:12:39ID: BB  Data: 00 00 00 AA 00 00 00 00 
"
"2016-11-21 14:12:39ID: BC  Data: 00 00 00 AA 00 00 00 00 
"
"2016-11-21 14:12:39ID: BB  Data: 00 00 00 AA 00 00 00 00 
"
"2016-11-21 14:12:39ID: BC  Data: 00 00 00 AA 00 00 00 00 
"
"2016-11-21 14:12:39ID: BB  Data: 00 00 00 AA 00 00 00 00 
"
"2016-11-21 14:12:39ID: BC  Data: 00 00 00 AA 00 00 00 00 
"
"2016-11-21 14:12:39ID: BB  Data: 00 00 00 AA 00 00 00 00 
"
"2016-11-21 14:12:39ID: BC  Data: 00 00 00 AA 00 00 00 00 
"
"2016-11-21 14:12:39ID: BB  Data: 00 00 00 AA 00 00 00 00 
"
"2016-11-21 14:12:39ID: BC  Data: 00 00 00 AA 00 00 00 00 
"
"2016-11-21 14:12:39ID: BB  Data: 00 00 00 AA 00 00 00 00 
"
"2016-11-21 14:12:39ID: BC  Data: 00 00 00 AA 00 00 00 00 
"
"2016-11-21 14:12:39ID: BB  Data: 00 00 00 AA 00 00 00 00 
"
"2016-11-21 14:12:39ID: BC  Data: 00 00 00 AA 00 00 00 00 
"
"2016-11-21 14:12:39ID: BB  Data: 00 00 00 AA 00 00 00 00 
"
"2016-11-21 14:12:39ID: BC  Data: 00 00 00 AA 00 00 00 00 
"
"2016-11-21 14:12:39ID: BB  Data: 00 00 00 AA 00 00 00 00 
"
"2016-11-21 14:12:39ID: BC  Data: 00 00 00 AA 00 00 00 00 
"
"2016-11-21 14:12:39ID: BB  Data: 00 00 00 AA 00 00 00 00 
"
"2016-11-21 14:12:39ID: BC  Data: 00 00 00 AA 00 00 00 00 
"
"2016-11-21 14:12:39ID: BB  Data: 00 00 00 AA 00 00 00 00 
"
"2016-11-21 14:12:39ID: BC  Data: 00 00 00 AA 00 00 00 00 
"
"2016-11-21 14:12:40ID: BB  Data: 00 00 00 AA 00 00 00 00 
"
"2016-11-21 14:12:40ID: BC  Data: 00 00 00 AA 00 00 00 00 
"
"2016-11-21 14:12:40ID: BB  Data: 00 00 00 AA 00 00 00 00 
"
"2016-11-21 14:12:40ID: BC  Data: 00 00 00 AA 00 00 00 00 
"
"2016-11-21 14:12:40ID: BB  Data: 00 00 00 AA 00 00 00 00 
"
"2016-11-21 14:12:40ID: BC  Data: 00 00 00 AA 00 00 00 00 
"
"2016-11-21 14:12:40ID: BB  Data: 00 00 00 AA 00 00 00 00 
"
"2016-11-21 14:12:40ID: BC  Data: 00 00 00 AA 00 00 00 00 
"
"2016-11-21 14:12:40ID: BB  Data: 00 00 00 AA 00 00 00 00 
"
"2016-11-21 14:12:40ID: BC  Data: 00 00 00 AA 00 00 00 00 
"
"2016-11-21 14:12:40ID: BB  Data: 00 00 00 AA 00 00 00 00 
"
"2016-11-21 14:12:40ID: BC  Data: 00 00 00 AA 00 00 00 00 
"
"2016-11-21 14:12:40ID: BB  Data: 00 00 00 AA 00 00 00 00 
"
"2016-11-21 14:12:40ID: BC  Data: 00 00 00 AA 00 00 00 00 
"
"2016-11-21 14:12:40ID: BB  Data: 00 00 00 AA 00 00 00 00 
"
"2016-11-21 14:12:40ID: BC  Data: 00 00 00 AA 00 00 00 00 
"
"2016-11-21 14:12:40ID: BB  Data: 00 00 00 AA 00 00 00 00 
"
"2016-11-21 14:12:40ID: BC  Data: 00 00 00 AA 00 00 00 00 
"
"2016-11-21 14:12:40ID: BB  Data: 00 00 00 AA 00 00 00 00 
"
"2016-11-21 14:12:40ID: BC  Data: 00 00 00 AA 00 00 00 00 
"
"2016-11-21 14:12:40ID: BB  Data: 00 00 00 AA 00 00 00 00 
"
"2016-11-21 14:12:40ID: BC  Data: 00 00 00 AA 00 00 00 00 
"
"2016-11-21 14:12:41ID: BB  Data: 00 00 00 AA 00 00 00 00 
"
"2016-11-21 14:12:41ID: BC  Data: 00 00 00 AA 00 00 00 00 
"
"2016-11-21 14:12:41ID: BB  Data: 00 00 00 AA 00 00 00 00 
"
"2016-11-21 14:12:41ID: BC  Data: 00 00 00 AA 00 00 00 00 
"
"2016-11-21 14:12:41ID: BB  Data: 00 00 00 AA 00 00 00 00 
"
"2016-11-21 14:12:41ID: BC  Data: 00 00 00 AA 00 00 00 00 
"
"2016-11-21 14:12:41ID: BB  Data: 00 00 00 AA 00 00 00 00 
"
"2016-11-21 14:12:41ID: BC  Data: 00 00 00 AA 00 00 00 00 
"
"2016-11-21 14:12:41ID: BB  Data: 00 00 00 AA 00 00 00 00 
"
"2016-11-21 14:12:41ID: BC  Data: 00 00 00 AA 00 00 00 00 
"
"2016-11-21 14:12:41ID: BB  Data: 00 00 00 AA 00 00 00 00 
"
"2016-11-21 14:12:41ID: BC  Data: 00 00 00 AA 00 00 00 00 
"
"2016-11-21 14:12:41ID: BB  Data: 00 00 00 AA 00 00 00 00 
"
"2016-11-21 14:12:41ID: BC  Data: 00 00 00 AA 00 00 00 00 
"
"2016-11-21 14:12:41ID: BB  Data: 00 00 00 AA 00 00 00 00 
"
"2016-11-21 14:12:41ID: BC  Data: 00 00 00 AA 00 00 00 00 
"
"2016-11-21 14:12:41ID: BB  Data: 00 00 00 AA 00 00 00 00 
"
"2016-11-21 14:12:41ID: BC  Data: 00 00 00 AA 00 00 00 00 
"
"2016-11-21 14:12:41ID: BB  Data: 00 00 00 AA 00 00 00 00 
"
"2016-11-21 14:12:41ID: BC  Data: 00 00 00 AA 00 00 00 00 
"
"2016-11-21 14:12:41ID: BB  Data: 00 00 00 AA 00 00 00 00 
"
"2016-11-21 14:12:41ID: BC  Data: 00 00 00 AA 00 00 00 00 
"
"2016-11-21 14:12:42ID: BB  Data: 00 00 00 AA 00 00 00 00 
"
"2016-11-21 14:12:42ID: BC  Data: 00 00 00 AA 00 00 00 00 
"
"2016-11-21 14:12:42ID: BB  Data: 00 00 00 AA 00 00 00 00 
"
"2016-11-21 14:12:42ID: BC  Data: 00 00 00 AA 00 00 00 00 
"
"2016-11-21 14:12:42ID: BB  Data: 00 00 00 AA 00 00 00 00 
"
"2016-11-21 14:12:42ID: BC  Data: 00 00 00 AA 00 00 00 00 
"
"2016-11-21 14:12:42ID: BB  Data: 00 00 00 AA 00 00 00 00 
"
"2016-11-21 14:12:42ID: BC  Data: 00 00 00 AA 00 00 00 00 
"
"2016-11-21 14:12:42ID: BB  Data: 00 00 00 AA 00 00 00 00 
"
"2016-11-21 14:12:42ID: BC  Data: 00 00 00 AA 00 00 00 00 
"
"2016-11-21 14:12:42ID: BB  Data: 00 00 00 AA 00 00 00 00 
"
"2016-11-21 14:12:42ID: BC  Data: 00 00 00 AA 00 00 00 00 
"
"2016-11-21 14:12:42ID: BB  Data: 00 00 00 AA 00 00 00 00 
"
"2016-11-21 14:12:42ID: BC  Data: 00 00 00 AA 00 00 00 00 
"
"2016-11-21 14:12:42ID: BB  Data: 00 00 00 AA 00 00 00 00 
"
"2016-11-21 14:12:42ID: BC  Data: 00 00 00 AA 00 00 00 00 
"
"2016-11-21 14:12:42ID: BB  Data: 00 00 00 AA 00 00 00 00 
"
"2016-11-21 14:12:42ID: BC  Data: 00 00 00 AA 00 00 00 00 
"
"2016-11-21 14:12:42ID: BB  Data: 00 00 00 AA 00 00 00 00 
"
"2016-11-21 14:12:42ID: BC  Data: 00 00 00 AA 00 00 00 00 
"
"2016-11-21 14:12:42ID: BB  Data: 00 00 00 AA 00 00 00 00 
"
"2016-11-21 14:12:42ID: BC  Data: 00 00 00 AA 00 00 00 00 
"
"2016-11-21 14:12:42ID: BB  Data: 00 00 00 AA 00 00 00 00 
"
"2016-11-21 14:12:42ID: BC  Data: 00 00 00 AA 00 00 00 00 
"
"2016-11-21 14:12:43ID: BB  Data: 00 00 00 AA 00 00 00 00 
"
"2016-11-21 14:12:43ID: BC  Data: 00 00 00 AA 00 00 00 00 
"
"2016-11-21 14:12:43ID: BB  Data: 00 00 00 AA 00 00 00 00 
"
"2016-11-21 14:12:43ID: BC  Data: 00 00 00 AA 00 00 00 00 
"
"2016-11-21 14:12:43ID: BB  Data: 00 00 00 AA 00 00 00 00 
"
"2016-11-21 14:12:43ID: BC  Data: 00 00 00 AA 00 00 00 00 
"
"2016-11-21 14:12:43ID: BB  Data: 00 00 00 AA 00 00 00 00 
"
"2016-11-21 14:12:43ID: BC  Data: 00 00 00 AA 00 00 00 00 
"
"2016-11-21 14:12:43ID: BB  Data: 00 00 00 AA 00 00 00 00 
"
"2016-11-21 14:12:43ID: BC  Data: 00 00 00 AA 00 00 00 00 
"
"2016-11-21 14:12:43ID: BB  Data: 00 00 00 AA 00 00 00 00 
"
"2016-11-21 14:12:43ID: BC  Data: 00 00 00 AA 00 00 00 00 
"
"2016-11-21 14:12:43ID: BB  Data: 00 00 00 AA 00 00 00 00 
"
"2016-11-21 14:12:43ID: BC  Data: 00 00 00 AA 00 00 00 00 
"
"2016-11-21 14:12:43ID: BB  Data: 00 00 00 AA 00 00 00 00 
"
"2016-11-21 14:12:43ID: BC  Data: 00 00 00 AA 00 00 00 00 
"
"2016-11-21 14:12:43ID: BB  Data: 00 00 00 AA 00 00 00 00 
"
"2016-11-21 14:12:43ID: BC  Data: 00 00 00 AA 00 00 00 00 
"
"2016-11-21 14:12:43ID: BB  Data: 00 00 00 AA 00 00 00 00 
"
"2016-11-21 14:12:43ID: BC  Data: 00 00 00 AA 00 00 00 00 
"
"2016-11-21 14:12:43ID: BB  Data: 00 00 00 AA 00 00 00 00 
"
"2016-11-21 14:12:43ID: BC  Data: 00 00 00 AA 00 00 00 00 
"
"2016-11-21 14:12:44ID: BB  Data: 00 00 00 AA 00 00 00 00 
"
"2016-11-21 14:12:44ID: BC  Data: 00 00 00 AA 00 00 00 00 
"
"2016-11-21 14:12:44ID: BB  Data: 00 00 00 AA 00 00 00 00 
"
"2016-11-21 14:12:44ID: BC  Data: 00 00 00 AA 00 00 00 00 
"
"2016-11-21 14:12:44ID: BB  Data: 00 00 00 AA 00 00 00 00 
"
"2016-11-21 14:12:44ID: BC  Data: 00 00 00 AA 00 00 00 00 
"
"2016-11-21 14:12:44ID: BB  Data: 00 00 00 AA 00 00 00 00 
"
"2016-11-21 14:12:44ID: BC  Data: 00 00 00 AA 00 00 00 00 
"
"2016-11-21 14:12:44ID: BB  Data: 00 00 00 AA 00 00 00 00 
"
"2016-11-21 14:12:44ID: BC  Data: 00 00 00 AA 00 00 00 00 
"
"2016-11-21 14:12:44ID: BB  Data: 00 00 00 AA 00 00 00 00 
"
"2016-11-21 14:12:44ID: BC  Data: 00 00 00 AA 00 00 00 00 
"
"2016-11-21 14:12:44ID: BB  Data: 00 00 00 AA 00 00 00 00 
"
"2016-11-21 14:12:44ID: BC  Data: 00 00 00 AA 00 00 00 00 
"
"2016-11-21 14:12:44ID: BB  Data: 00 00 00 AA 00 00 00 00 
"
"2016-11-21 14:12:44ID: BC  Data: 00 00 00 AA 00 00 00 00 
"
"2016-11-21 14:12:44ID: BB  Data: 00 00 00 AA 00 00 00 00 
"
"2016-11-21 14:12:44ID: BC  Data: 00 00 00 AA 00 00 00 00 
"
"2016-11-21 14:12:44ID: BB  Data: 00 00 00 AA 00 00 00 00 
"
"2016-11-21 14:12:44ID: BC  Data: 00 00 00 AA 00 00 00 00 
"
"2016-11-21 14:12:44ID: BB  Data: 00 00 00 AA 00 00 00 00 
"
"2016-11-21 14:12:44ID: BC  Data: 00 00 00 AA 00 00 00 00 
"
"2016-11-21 14:12:44ID: BB  Data: 00 00 00 AA 00 00 00 00 
"
"2016-11-21 14:12:45ID: BC  Data: 00 00 00 AA 00 00 00 00 
"
"2016-11-21 14:12:45ID: BB  Data: 00 00 00 AA 00 00 00 00 
"
"2016-11-21 14:12:45ID: BC  Data: 00 00 00 AA 00 00 00 00 
"
"2016-11-21 14:12:45ID: BB  Data: 00 00 00 AA 00 00 00 00 
"
"2016-11-21 14:12:45ID: BC  Data: 00 00 00 AA 00 00 00 00 
"
"2016-11-21 14:12:45ID: BB  Data: 00 00 00 AA 00 00 00 00 
"
"2016-11-21 14:12:45ID: BC  Data: 00 00 00 AA 00 00 00 00 
"
"2016-11-21 14:12:45ID: BB  Data: 00 00 00 AA 00 00 00 00 
"
"2016-11-21 14:12:45ID: BC  Data: 00 00 00 AA 00 00 00 00 
"
"2016-11-21 14:12:45ID: BB  Data: 00 00 00 AA 00 00 00 00 
"
"2016-11-21 14:12:45ID: BC  Data: 00 00 00 AA 00 00 00 00 
"
"2016-11-21 14:12:45ID: BB  Data: 00 00 00 AA 00 00 00 00 
"
"2016-11-21 14:12:45ID: BC  Data: 00 00 00 AA 00 00 00 00 
"
"2016-11-21 14:12:45ID: BB  Data: 00 00 00 AA 00 00 00 00 
"
"2016-11-21 14:12:45ID: BC  Data: 00 00 00 AA 00 00 00 00 
"
"2016-11-21 14:12:45ID: BB  Data: 00 00 00 AA 00 00 00 00 
"
"2016-11-21 14:12:45ID: BC  Data: 00 00 00 AA 00 00 00 00 
"
"2016-11-21 14:12:45ID: BB  Data: 00 00 00 AA 00 00 00 00 
"
"2016-11-21 14:12:45ID: BC  Data: 00 00 00 AA 00 00 00 00 
"
"2016-11-21 14:12:45ID: BB  Data: 00 00 00 AA 00 00 00 00 
"
"2016-11-21 14:12:45ID: BC  Data: 00 00 00 AA 00 00 00 00 
"
"2016-11-21 14:12:45ID: BB  Data: 00 00 00 AA 00 00 00 00 
"
"2016-11-21 14:12:45ID: BC  Data: 00 00 00 AA 00 00 00 00 
"
"2016-11-21 14:12:46ID: BB  Data: 00 00 00 AA 00 00 00 00 
"
"2016-11-21 14:12:46ID: BC  Data: 00 00 00 AA 00 00 00 00 
"
"2016-11-21 14:12:46ID: BB  Data: 00 00 00 AA 00 00 00 00 
"
"2016-11-21 14:12:46ID: BC  Data: 00 00 00 AA 00 00 00 00 
"
"2016-11-21 14:12:46ID: BB  Data: 00 00 00 AA 00 00 00 00 
"
"2016-11-21 14:12:46ID: BC  Data: 00 00 00 AA 00 00 00 00 
"
"2016-11-21 14:12:46ID: BB  Data: 00 00 00 AA 00 00 00 00 
"
"2016-11-21 14:12:46ID: BC  Data: 00 00 00 AA 00 00 00 00 
"
"2016-11-21 14:12:46ID: BB  Data: 00 00 00 AA 00 00 00 00 
"
"2016-11-21 14:12:46ID: BC  Data: 00 00 00 AA 00 00 00 00 
"
"2016-11-21 14:12:46ID: BB  Data: 00 00 00 AA 00 00 00 00 
"
"2016-11-21 14:12:46ID: BC  Data: 00 00 00 AA 00 00 00 00 
"
"2016-11-21 14:12:46ID: BB  Data: 00 00 00 AA 00 00 00 00 
"
"2016-11-21 14:12:46ID: BC  Data: 00 00 00 AA 00 00 00 00 
"
"2016-11-21 14:12:46ID: BB  Data: 00 00 00 AA 00 00 00 00 
"
"2016-11-21 14:12:46ID: BC  Data: 00 00 00 AA 00 00 00 00 
"
"2016-11-21 14:12:46ID: BB  Data: 00 00 00 AA 00 00 00 00 
"
"2016-11-21 14:12:46ID: BC  Data: 00 00 00 AA 00 00 00 00 
"
"2016-11-21 14:12:46ID: BB  Data: 00 00 00 AA 00 00 00 00 
"
"2016-11-21 14:12:46ID: BC  Data: 00 00 00 AA 00 00 00 00 
"
"2016-11-21 14:12:46ID: BB  Data: 00 00 00 AA 00 00 00 00 
"
"2016-11-21 14:12:46ID: BC  Data: 00 00 00 AA 00 00 00 00 
"
"2016-11-21 14:12:47ID: BB  Data: 00 00 00 AA 00 00 00 00 
"
"2016-11-21 14:12:47ID: BC  Data: 00 00 00 AA 00 00 00 00 
"
"2016-11-21 14:12:47ID: BB  Data: 00 00 00 AA 00 00 00 00 
"
"2016-11-21 14:12:47ID: BC  Data: 00 00 00 AA 00 00 00 00 
"
"2016-11-21 14:12:47ID: BB  Data: 00 00 00 AA 00 00 00 00 
"
"2016-11-21 14:12:47ID: BC  Data: 00 00 00 AA 00 00 00 00 
"
"2016-11-21 14:12:47ID: BB  Data: 00 00 00 AA 00 00 00 00 
"
"2016-11-21 14:12:47ID: BC  Data: 00 00 00 AA 00 00 00 00 
"
"2016-11-21 14:12:47ID: BB  Data: 00 00 00 AA 00 00 00 00 
"
"2016-11-21 14:12:47ID: BC  Data: 00 00 00 AA 00 00 00 00 
"
"2016-11-21 14:12:47ID: BB  Data: 00 00 00 AA 00 00 00 00 
"
"2016-11-21 14:12:47ID: BC  Data: 00 00 00 AA 00 00 00 00 
"
"2016-11-21 14:12:47ID: BB  Data: 00 00 00 AA 00 00 00 00 
"
"2016-11-21 14:12:47ID: BC  Data: 00 00 00 AA 00 00 00 00 
"
"2016-11-21 14:12:47ID: BB  Data: 00 00 00 AA 00 00 00 00 
"
"2016-11-21 14:12:47ID: BC  Data: 00 00 00 AA 00 00 00 00 
"
"2016-11-21 14:12:47ID: BB  Data: 00 00 00 AA 00 00 00 00 
"
"2016-11-21 14:12:47ID: BC  Data: 00 00 00 AA 00 00 00 00 
"
"2016-11-21 14:12:47ID: BB  Data: 00 00 00 AA 00 00 00 00 
"
"2016-11-21 14:12:47ID: BC  Data: 00 00 00 AA 00 00 00 00 
"
"2016-11-21 14:12:47ID: BB  Data: 00 00 00 AA 00 00 00 00 
"
"2016-11-21 14:12:47ID: BC  Data: 00 00 00 AA 00 00 00 00 
"
"2016-11-21 14:12:47ID: BB  Data: 00 00 00 AA 00 00 00 00 
"
"2016-11-21 14:12:47ID: BC  Data: 00 00 00 AA 00 00 00 00 
"
"2016-11-21 14:12:48ID: BB  Data: 00 00 00 AA 00 00 00 00 
"
"2016-11-21 14:12:48ID: BC  Data: 00 00 00 AA 00 00 00 00 
"
"2016-11-21 14:12:48ID: BB  Data: 00 00 00 AA 00 00 00 00 
"
"2016-11-21 14:12:48ID: BC  Data: 00 00 00 AA 00 00 00 00 
"
"2016-11-21 14:12:48ID: BB  Data: 00 00 00 AA 00 00 00 00 
"
"2016-11-21 14:12:48ID: BC  Data: 00 00 00 AA 00 00 00 00 
"
"2016-11-21 14:12:48ID: BB  Data: 00 00 00 AA 00 00 00 00 
"
"2016-11-21 14:12:48ID: BC  Data: 00 00 00 AA 00 00 00 00 
"
"2016-11-21 14:12:48ID: BB  Data: 00 00 00 AA 00 00 00 00 
"
"2016-11-21 14:12:48ID: BC  Data: 00 00 00 AA 00 00 00 00 
"
"2016-11-21 14:12:48ID: BB  Data: 00 00 00 AA 00 00 00 00 
"
"2016-11-21 14:12:48ID: BC  Data: 00 00 00 AA 00 00 00 00 
"
"2016-11-21 14:12:48ID: BB  Data: 00 00 00 AA 00 00 00 00 
"
"2016-11-21 14:12:48ID: BC  Data: 00 00 00 AA 00 00 00 00 
"
"2016-11-21 14:12:48ID: BB  Data: 00 00 00 AA 00 00 00 00 
"
"2016-11-21 14:12:48ID: BC  Data: 00 00 00 AA 00 00 00 00 
"
"2016-11-21 14:12:48ID: BB  Data: 00 00 00 AA 00 00 00 00 
"
"2016-11-21 14:12:48ID: BC  Data: 00 00 00 AA 00 00 00 00 
"
"2016-11-21 14:12:48ID: BB  Data: 00 00 00 AA 00 00 00 00 
"
"2016-11-21 14:12:48ID: BC  Data: 00 00 00 AA 00 00 00 00 
"
"2016-11-21 14:12:48ID: BB  Data: 00 00 00 AA 00 00 00 00 
"
"2016-11-21 14:12:48ID: BC  Data: 00 00 00 AA 00 00 00 00 
"
"2016-11-21 14:12:49ID: BB  Data: 00 00 00 AA 00 00 00 00 
"
"2016-11-21 14:12:49ID: BC  Data: 00 00 00 AA 00 00 00 00 
"
"2016-11-21 14:12:49ID: BB  Data: 00 00 00 AA 00 00 00 00 
"
"2016-11-21 14:12:49ID: BC  Data: 00 00 00 AA 00 00 00 00 
"
"2016-11-21 14:12:49ID: BB  Data: 00 00 00 AA 00 00 00 00 
"
"2016-11-21 14:12:49ID: BC  Data: 00 00 00 AA 00 00 00 00 
"
"2016-11-21 14:12:49ID: BB  Data: 00 00 00 AA 00 00 00 00 
"
"2016-11-21 14:12:49ID: BC  Data: 00 00 00 AA 00 00 00 00 
"
"2016-11-21 14:12:49ID: BB  Data: 00 00 00 AA 00 00 00 00 
"
"2016-11-21 14:12:49ID: BC  Data: 00 00 00 AA 00 00 00 00 
"
"2016-11-21 14:12:49ID: BB  Data: 00 00 00 AA 00 00 00 00 
"
"2016-11-21 14:12:49ID: BC  Data: 00 00 00 AA 00 00 00 00 
"
"2016-11-21 14:12:49ID: BB  Data: 00 00 00 AA 00 00 00 00 
"
"2016-11-21 14:12:49ID: BC  Data: 00 00 00 AA 00 00 00 00 
"
"2016-11-21 14:12:49ID: BB  Data: 00 00 00 AA 00 00 00 00 
"
"2016-11-21 14:12:49ID: BC  Data: 00 00 00 AA 00 00 00 00 
"
"2016-11-21 14:12:49ID: BB  Data: 00 00 00 AA 00 00 00 00 
"
"2016-11-21 14:12:49ID: BC  Data: 00 00 00 AA 00 00 00 00 
"
"2016-11-21 14:12:49ID: BB  Data: 00 00 00 AA 00 00 00 00 
"
"2016-11-21 14:12:49ID: BC  Data: 00 00 00 AA 00 00 00 00 
"
"2016-11-21 14:12:49ID: BB  Data: 00 00 00 AA 00 00 00 00 
"
"2016-11-21 14:12:49ID: BC  Data: 00 00 00 AA 00 00 00 00 
"
"2016-11-21 14:12:50ID: BB  Data: 00 00 00 AA 00 00 00 00 
"
"2016-11-21 14:12:50ID: BC  Data: 00 00 00 AA 00 00 00 00 
"
"2016-11-21 14:12:50ID: BB  Data: 00 00 00 AA 00 00 00 00 
"
"2016-11-21 14:12:50ID: BC  Data: 00 00 00 AA 00 00 00 00 
"
"2016-11-21 14:12:50ID: BB  Data: 00 00 00 AA 00 00 00 00 
"
"2016-11-21 14:12:50ID: BC  Data: 00 00 00 AA 00 00 00 00 
"
"2016-11-21 14:12:50ID: BB  Data: 00 00 00 AA 00 00 00 00 
"
"2016-11-21 14:12:50ID: BC  Data: 00 00 00 AA 00 00 00 00 
"
"2016-11-21 14:12:50ID: BB  Data: 00 00 00 AA 00 00 00 00 
"
"2016-11-21 14:12:50ID: BC  Data: 00 00 00 AA 00 00 00 00 
"
"2016-11-21 14:12:50ID: BB  Data: 00 00 00 AA 00 00 00 00 
"
"2016-11-21 14:12:50ID: BC  Data: 00 00 00 AA 00 00 00 00 
"
"2016-11-21 14:12:50ID: BB  Data: 00 00 00 AA 00 00 00 00 
"
"2016-11-21 14:12:50ID: BC  Data: 00 00 00 AA 00 00 00 00 
"
"2016-11-21 14:12:50ID: BB  Data: 00 00 00 AA 00 00 00 00 
"
"2016-11-21 14:12:50ID: BC  Data: 00 00 00 AA 00 00 00 00 
"
"2016-11-21 14:12:50ID: BB  Data: 00 00 00 AA 00 00 00 00 
"
"2016-11-21 14:12:50ID: BC  Data: 00 00 00 AA 00 00 00 00 
"
"2016-11-21 14:12:50ID: BB  Data: 00 00 00 AA 00 00 00 00 
"
"2016-11-21 14:12:50ID: BC  Data: 00 00 00 AA 00 00 00 00 
"
"2016-11-21 14:12:50ID: BB  Data: 00 00 00 AA 00 00 00 00 
"
"2016-11-21 14:12:50ID: BC  Data: 00 00 00 AA 00 00 00 00 
"
"2016-11-21 14:12:50ID: BB  Data: 00 00 00 AA 00 00 00 00 
"
"2016-11-21 14:12:50ID: BC  Data: 00 00 00 AA 00 00 00 00 
"
"2016-11-21 14:12:51ID: BB  Data: 00 00 00 AA 00 00 00 00 
"
"2016-11-21 14:12:51ID: BC  Data: 00 00 00 AA 00 00 00 00 
"
"2016-11-21 14:12:51ID: BB  Data: 00 00 00 AA 00 00 00 00 
"
"2016-11-21 14:12:51ID: BC  Data: 00 00 00 AA 00 00 00 00 
"
"2016-11-21 14:12:51ID: BB  Data: 00 00 00 AA 00 00 00 00 
"
"2016-11-21 14:12:51ID: BC  Data: 00 00 00 AA 00 00 00 00 
"
"2016-11-21 14:12:51ID: BB  Data: 00 00 00 AA 00 00 00 00 
"
"2016-11-21 14:12:51ID: BC  Data: 00 00 00 AA 00 00 00 00 
"
"2016-11-21 14:12:51ID: BB  Data: 00 00 00 AA 00 00 00 00 
"
"2016-11-21 14:12:51ID: BC  Data: 00 00 00 AA 00 00 00 00 
"
"2016-11-21 14:12:51ID: BB  Data: 00 00 00 AA 00 00 00 00 
"
"2016-11-21 14:12:51ID: BC  Data: 00 00 00 AA 00 00 00 00 
"
"2016-11-21 14:12:51ID: BB  Data: 00 00 00 AA 00 00 00 00 
"
"2016-11-21 14:12:51ID: BC  Data: 00 00 00 AA 00 00 00 00 
"
"2016-11-21 14:12:51ID: BB  Data: 00 00 00 AA 00 00 00 00 
"
"2016-11-21 14:12:51ID: BC  Data: 00 00 00 AA 00 00 00 00 
"
"2016-11-21 14:12:51ID: BB  Data: 00 00 00 AA 00 00 00 00 
"
"2016-11-21 14:12:51ID: BC  Data: 00 00 00 AA 00 00 00 00 
"
"2016-11-21 14:12:51ID: BB  Data: 00 00 00 AA 00 00 00 00 
"
"2016-11-21 14:12:51ID: BC  Data: 00 00 00 AA 00 00 00 00 
"
"2016-11-21 14:12:51ID: BB  Data: 00 00 00 AA 00 00 00 00 
"
"2016-11-21 14:12:51ID: BC  Data: 00 00 00 AA 00 00 00 00 
"
"2016-11-21 14:12:52ID: BB  Data: 00 00 00 AA 00 00 00 00 
"
"2016-11-21 14:12:52ID: BC  Data: 00 00 00 AA 00 00 00 00 
"
"2016-11-21 14:12:52ID: BB  Data: 00 00 00 AA 00 00 00 00 
"
"2016-11-21 14:12:52ID: BC  Data: 00 00 00 AA 00 00 00 00 
"
"2016-11-21 14:12:52ID: BB  Data: 00 00 00 AA 00 00 00 00 
"
"2016-11-21 14:12:52ID: BC  Data: 00 00 00 AA 00 00 00 00 
"
"2016-11-21 14:12:52ID: BB  Data: 00 00 00 AA 00 00 00 00 
"
"2016-11-21 14:12:52ID: BC  Data: 00 00 00 AA 00 00 00 00 
"
"2016-11-21 14:12:52ID: BB  Data: 00 00 00 AA 00 00 00 00 
"
"2016-11-21 14:12:52ID: BC  Data: 00 00 00 AA 00 00 00 00 
"
"2016-11-21 14:12:52ID: BB  Data: 00 00 00 AA 00 00 00 00 
"
"2016-11-21 14:12:52ID: BC  Data: 00 00 00 AA 00 00 00 00 
"
"2016-11-21 14:12:52ID: BB  Data: 00 00 00 AA 00 00 00 00 
"
"2016-11-21 14:12:52ID: BC  Data: 00 00 00 AA 00 00 00 00 
"
"2016-11-21 14:12:52ID: BB  Data: 00 00 00 AA 00 00 00 00 
"
"2016-11-21 14:12:52ID: BC  Data: 00 00 00 AA 00 00 00 00 
"
"2016-11-21 14:12:52ID: BB  Data: 00 00 00 AA 00 00 00 00 
"
"2016-11-21 14:12:52ID: BC  Data: 00 00 00 AA 00 00 00 00 
"
"2016-11-21 14:12:52ID: BB  Data: 00 00 00 AA 00 00 00 00 
"
"2016-11-21 14:12:52ID: BC  Data: 00 00 00 AA 00 00 00 00 
"
"2016-11-21 14:12:52ID: BB  Data: 00 00 00 AA 00 00 00 00 
"
"2016-11-21 14:12:52ID: BC  Data: 00 00 00 AA 00 00 00 00 
"
"2016-11-21 14:12:52ID: BB  Data: 00 00 00 AA 00 00 00 00 
"
"2016-11-21 14:12:53ID: BC  Data: 00 00 00 AA 00 00 00 00 
"
"2016-11-21 14:12:53ID: BB  Data: 00 00 00 AA 00 00 00 00 
"
"2016-11-21 14:12:53ID: BC  Data: 00 00 00 AA 00 00 00 00 
"
"2016-11-21 14:12:53ID: BB  Data: 00 00 00 AA 00 00 00 00 
"
"2016-11-21 14:12:53ID: BC  Data: 00 00 00 AA 00 00 00 00 
"
"2016-11-21 14:12:53ID: BB  Data: 00 00 00 AA 00 00 00 00 
"
"2016-11-21 14:12:53ID: BC  Data: 00 00 00 AA 00 00 00 00 
"
"2016-11-21 14:12:53ID: BB  Data: 00 00 00 AA 00 00 00 00 
"
"2016-11-21 14:12:53ID: BC  Data: 00 00 00 AA 00 00 00 00 
"
"2016-11-21 14:12:53ID: BB  Data: 00 00 00 AA 00 00 00 00 
"
"2016-11-21 14:12:53ID: BC  Data: 00 00 00 AA 00 00 00 00 
"
"2016-11-21 14:12:53ID: BB  Data: 00 00 00 AA 00 00 00 00 
"
"2016-11-21 14:12:53ID: BC  Data: 00 00 00 AA 00 00 00 00 
"
"2016-11-21 14:12:53ID: BB  Data: 00 00 00 AA 00 00 00 00 
"
"2016-11-21 14:12:53ID: BC  Data: 00 00 00 AA 00 00 00 00 
"
"2016-11-21 14:12:53ID: BB  Data: 00 00 00 AA 00 00 00 00 
"
"2016-11-21 14:12:53ID: BC  Data: 00 00 00 AA 00 00 00 00 
"
"2016-11-21 14:12:53ID: BB  Data: 00 00 00 AA 00 00 00 00 
"
"2016-11-21 14:12:53ID: BC  Data: 00 00 00 AA 00 00 00 00 
"
"2016-11-21 14:12:53ID: BB  Data: 00 00 00 AA 00 00 00 00 
"
"2016-11-21 14:12:53ID: BC  Data: 00 00 00 AA 00 00 00 00 
"
"2016-11-21 14:12:53ID: BB  Data: 00 00 00 AA 00 00 00 00 
"
"2016-11-21 14:12:53ID: BC  Data: 00 00 00 AA 00 00 00 00 
"
"2016-11-21 14:12:54ID: BB  Data: 00 00 00 AA 00 00 00 00 
"
"2016-11-21 14:12:54ID: BC  Data: 00 00 00 AA 00 00 00 00 
"
"2016-11-21 14:12:54ID: BB  Data: 00 00 00 AA 00 00 00 00 
"
"2016-11-21 14:12:54ID: BC  Data: 00 00 00 AA 00 00 00 00 
"
"2016-11-21 14:12:54ID: BB  Data: 00 00 00 AA 00 00 00 00 
"
"2016-11-21 14:12:54ID: BC  Data: 00 00 00 AA 00 00 00 00 
"
"2016-11-21 14:12:54ID: BB  Data: 00 00 00 AA 00 00 00 00 
"
"2016-11-21 14:12:54ID: BC  Data: 00 00 00 AA 00 00 00 00 
"
"2016-11-21 14:12:54ID: BB  Data: 00 00 00 AA 00 00 00 00 
"
"2016-11-21 14:12:54ID: BC  Data: 00 00 00 AA 00 00 00 00 
"
"2016-11-21 14:12:54ID: BB  Data: 00 00 00 AA 00 00 00 00 
"
"2016-11-21 14:12:54ID: BC  Data: 00 00 00 AA 00 00 00 00 
"
"2016-11-21 14:12:54ID: BB  Data: 00 00 00 AA 00 00 00 00 
"
"2016-11-21 14:12:54ID: BC  Data: 00 00 00 AA 00 00 00 00 
"
"2016-11-21 14:12:54ID: BB  Data: 00 00 00 AA 00 00 00 00 
"
"2016-11-21 14:12:54ID: BC  Data: 00 00 00 AA 00 00 00 00 
"
"2016-11-21 14:12:54ID: BB  Data: 00 00 00 AA 00 00 00 00 
"
"2016-11-21 14:12:54ID: BC  Data: 00 00 00 AA 00 00 00 00 
"
"2016-11-21 14:12:54ID: BB  Data: 00 00 00 AA 00 00 00 00 
"
"2016-11-21 14:12:54ID: BC  Data: 00 00 00 AA 00 00 00 00 
"
"2016-11-21 14:12:54ID: BB  Data: 00 00 00 AA 00 00 00 00 
"
"2016-11-21 14:12:54ID: BC  Data: 00 00 00 AA 00 00 00 00 
"
"2016-11-21 14:12:55ID: BB  Data: 00 00 00 AA 00 00 00 00 
"
"2016-11-21 14:12:55ID: BC  Data: 00 00 00 AA 00 00 00 00 
"
"2016-11-21 14:12:55ID: BB  Data: 00 00 00 AA 00 00 00 00 
"
"2016-11-21 14:12:55ID: BC  Data: 00 00 00 AA 00 00 00 00 
"
"2016-11-21 14:12:55ID: BB  Data: 00 00 00 AA 00 00 00 00 
"
"2016-11-21 14:12:55ID: BC  Data: 00 00 00 AA 00 00 00 00 
"
"2016-11-21 14:12:55ID: BB  Data: 00 00 00 AA 00 00 00 00 
"
"2016-11-21 14:12:55ID: BC  Data: 00 00 00 AA 00 00 00 00 
"
"2016-11-21 14:12:55ID: BB  Data: 00 00 00 AA 00 00 00 00 
"
"2016-11-21 14:12:55ID: BC  Data: 00 00 00 AA 00 00 00 00 
"
"2016-11-21 14:12:55ID: BB  Data: 00 00 00 AA 00 00 00 00 
"
"2016-11-21 14:12:55ID: BC  Data: 00 00 00 AA 00 00 00 00 
"
"2016-11-21 14:12:55ID: BB  Data: 00 00 00 AA 00 00 00 00 
"
"2016-11-21 14:12:55ID: BC  Data: 00 00 00 AA 00 00 00 00 
"
"2016-11-21 14:12:55ID: BB  Data: 00 00 00 AA 00 00 00 00 
"
"2016-11-21 14:12:55ID: BC  Data: 00 00 00 AA 00 00 00 00 
"
"2016-11-21 14:12:55ID: BB  Data: 00 00 00 AA 00 00 00 00 
"
"2016-11-21 14:12:55ID: BC  Data: 00 00 00 AA 00 00 00 00 
"
"2016-11-21 14:12:55ID: BB  Data: 00 00 00 AA 00 00 00 00 
"
"2016-11-21 14:12:55ID: BC  Data: 00 00 00 AA 00 00 00 00 
"
"2016-11-21 14:12:55ID: BB  Data: 00 00 00 AA 00 00 00 00 
"
"2016-11-21 14:12:55ID: BC  Data: 00 00 00 AA 00 00 00 00 
"
"2016-11-21 14:12:55ID: BB  Data: 00 00 00 AA 00 00 00 00 
"
"2016-11-21 14:12:55ID: BC  Data: 00 00 00 AA 00 00 00 00 
"
"2016-11-21 14:12:56ID: BB  Data: 00 00 00 AA 00 00 00 00 
"
"2016-11-21 14:12:56ID: BC  Data: 00 00 00 AA 00 00 00 00 
"
"2016-11-21 14:12:56ID: BB  Data: 00 00 00 AA 00 00 00 00 
"
"2016-11-21 14:12:56ID: BC  Data: 00 00 00 AA 00 00 00 00 
"
"2016-11-21 14:12:56ID: BB  Data: 00 00 00 AA 00 00 00 00 
"
"2016-11-21 14:12:56ID: BC  Data: 00 00 00 AA 00 00 00 00 
"
"2016-11-21 14:12:56ID: BB  Data: 00 00 00 AA 00 00 00 00 
"
"2016-11-21 14:12:56ID: BC  Data: 00 00 00 AA 00 00 00 00 
"
"2016-11-21 14:12:56ID: BB  Data: 00 00 00 AA 00 00 00 00 
"
"2016-11-21 14:12:56ID: BC  Data: 00 00 00 AA 00 00 00 00 
"
"2016-11-21 14:12:56ID: BB  Data: 00 00 00 AA 00 00 00 00 
"
"2016-11-21 14:12:56ID: BC  Data: 00 00 00 AA 00 00 00 00 
"
"2016-11-21 14:12:56ID: BB  Data: 00 00 00 AA 00 00 00 00 
"
"2016-11-21 14:12:56ID: BC  Data: 00 00 00 AA 00 00 00 00 
"
"2016-11-21 14:12:56ID: BB  Data: 00 00 00 AA 00 00 00 00 
"
"2016-11-21 14:12:56ID: BC  Data: 00 00 00 AA 00 00 00 00 
"
"2016-11-21 14:12:56ID: BB  Data: 00 00 00 AA 00 00 00 00 
"
"2016-11-21 14:12:56ID: BC  Data: 00 00 00 AA 00 00 00 00 
"
"2016-11-21 14:12:56ID: BB  Data: 00 00 00 AA 00 00 00 00 
"
"2016-11-21 14:12:56ID: BC  Data: 00 00 00 AA 00 00 00 00 
"
"2016-11-21 14:12:56ID: BB  Data: 00 00 00 AA 00 00 00 00 
"
"2016-11-21 14:12:56ID: BC  Data: 00 00 00 AA 00 00 00 00 
"
"2016-11-21 14:12:57ID: BB  Data: 00 00 00 AA 00 00 00 00 
"
"2016-11-21 14:12:57ID: BC  Data: 00 00 00 AA 00 00 00 00 
"
"2016-11-21 14:12:57ID: BB  Data: 00 00 00 AA 00 00 00 00 
"
"2016-11-21 14:12:57ID: BC  Data: 00 00 00 AA 00 00 00 00 
"
"2016-11-21 14:12:57ID: BB  Data: 00 00 00 AA 00 00 00 00 
"
"2016-11-21 14:12:57ID: BC  Data: 00 00 00 AA 00 00 00 00 
"
"2016-11-21 14:12:57ID: BB  Data: 00 00 00 AA 00 00 00 00 
"
"2016-11-21 14:12:57ID: BC  Data: 00 00 00 AA 00 00 00 00 
"
"2016-11-21 14:12:57ID: BB  Data: 00 00 00 AA 00 00 00 00 
"
"2016-11-21 14:12:57ID: BC  Data: 00 00 00 AA 00 00 00 00 
"
"2016-11-21 14:12:57ID: BB  Data: 00 00 00 AA 00 00 00 00 
"
"2016-11-21 14:12:57ID: BC  Data: 00 00 00 AA 00 00 00 00 
"
"2016-11-21 14:12:57ID: BB  Data: 00 00 00 AA 00 00 00 00 
"
"2016-11-21 14:12:57ID: BC  Data: 00 00 00 AA 00 00 00 00 
"
"2016-11-21 14:12:57ID: BB  Data: 00 00 00 AA 00 00 00 00 
"
"2016-11-21 14:12:57ID: BC  Data: 00 00 00 AA 00 00 00 00 
"
"2016-11-21 14:12:57ID: BB  Data: 00 00 00 AA 00 00 00 00 
"
"2016-11-21 14:12:57ID: BC  Data: 00 00 00 AA 00 00 00 00 
"
"2016-11-21 14:12:57ID: BB  Data: 00 00 00 AA 00 00 00 00 
"
"2016-11-21 14:12:57ID: BC  Data: 00 00 00 AA 00 00 00 00 
"
"2016-11-21 14:12:57ID: BB  Data: 00 00 00 AA 00 00 00 00 
"
"2016-11-21 14:12:57ID: BC  Data: 00 00 00 AA 00 00 00 00 
"
"2016-11-21 14:12:58ID: BB  Data: 00 00 00 AA 00 00 00 00 
"
"2016-11-21 14:12:58ID: BC  Data: 00 00 00 AA 00 00 00 00 
"
"2016-11-21 14:12:58ID: BB  Data: 00 00 00 AA 00 00 00 00 
"
"2016-11-21 14:12:58ID: BC  Data: 00 00 00 AA 00 00 00 00 
"
"2016-11-21 14:12:58ID: BB  Data: 00 00 00 AA 00 00 00 00 
"
"2016-11-21 14:12:58ID: BC  Data: 00 00 00 AA 00 00 00 00 
"
"2016-11-21 14:12:58ID: BB  Data: 00 00 00 AA 00 00 00 00 
"
"2016-11-21 14:12:58ID: BC  Data: 00 00 00 AA 00 00 00 00 
"
"2016-11-21 14:12:58ID: BB  Data: 00 00 00 AA 00 00 00 00 
"
"2016-11-21 14:12:58ID: BC  Data: 00 00 00 AA 00 00 00 00 
"
"2016-11-21 14:12:58ID: BB  Data: 00 00 00 AA 00 00 00 00 
"
"2016-11-21 14:12:58ID: BC  Data: 00 00 00 AA 00 00 00 00 
"
"2016-11-21 14:12:58ID: BB  Data: 00 00 00 AA 00 00 00 00 
"
"2016-11-21 14:12:58ID: BC  Data: 00 00 00 AA 00 00 00 00 
"
"2016-11-21 14:12:58ID: BB  Data: 00 00 00 AA 00 00 00 00 
"
"2016-11-21 14:12:58ID: BC  Data: 00 00 00 AA 00 00 00 00 
"
"2016-11-21 14:12:58ID: BB  Data: 00 00 00 AA 00 00 00 00 
"
"2016-11-21 14:12:58ID: BC  Data: 00 00 00 AA 00 00 00 00 
"
"2016-11-21 14:12:58ID: BB  Data: 00 00 00 AA 00 00 00 00 
"
"2016-11-21 14:12:58ID: BC  Data: 00 00 00 AA 00 00 00 00 
"
"2016-11-21 14:12:58ID: BB  Data: 00 00 00 AA 00 00 00 00 
"
"2016-11-21 14:12:58ID: BC  Data: 00 00 00 AA 00 00 00 00 
"
"2016-11-21 14:12:58ID: BB  Data: 00 00 00 AA 00 00 00 00 
"
"2016-11-21 14:12:58ID: BC  Data: 00 00 00 AA 00 00 00 00 
"
"2016-11-21 14:12:59ID: BB  Data: 00 00 00 AA 00 00 00 00 
"
"2016-11-21 14:12:59ID: BC  Data: 00 00 00 AA 00 00 00 00 
"
"2016-11-21 14:12:59ID: BB  Data: 00 00 00 AA 00 00 00 00 
"
"2016-11-21 14:12:59ID: BC  Data: 00 00 00 AA 00 00 00 00 
"
"2016-11-21 14:12:59ID: BB  Data: 00 00 00 AA 00 00 00 00 
"
"2016-11-21 14:12:59ID: BC  Data: 00 00 00 AA 00 00 00 00 
"
"2016-11-21 14:12:59ID: BB  Data: 00 00 00 AA 00 00 00 00 
"
"2016-11-21 14:12:59ID: BC  Data: 00 00 00 AA 00 00 00 00 
"
"2016-11-21 14:12:59ID: BB  Data: 00 00 00 AA 00 00 00 00 
"
"2016-11-21 14:12:59ID: BC  Data: 00 00 00 AA 00 00 00 00 
"
"2016-11-21 14:12:59ID: BB  Data: 00 00 00 AA 00 00 00 00 
"
"2016-11-21 14:12:59ID: BC  Data: 00 00 00 AA 00 00 00 00 
"
"2016-11-21 14:12:59ID: BB  Data: 00 00 00 AA 00 00 00 00 
"
"2016-11-21 14:12:59ID: BC  Data: 00 00 00 AA 00 00 00 00 
"
"2016-11-21 14:12:59ID: BB  Data: 00 00 00 AA 00 00 00 00 
"
"2016-11-21 14:12:59ID: BC  Data: 00 00 00 AA 00 00 00 00 
"
"2016-11-21 14:12:59ID: BB  Data: 00 00 00 AA 00 00 00 00 
"
"2016-11-21 14:12:59ID: BC  Data: 00 00 00 AA 00 00 00 00 
"
"2016-11-21 14:12:59ID: BB  Data: 00 00 00 AA 00 00 00 00 
"
"2016-11-21 14:12:59ID: BC  Data: 00 00 00 AA 00 00 00 00 
"
"2016-11-21 14:12:59ID: BB  Data: 00 00 00 AA 00 00 00 00 
"
"2016-11-21 14:12:59ID: BC  Data: 00 00 00 AA 00 00 00 00 
"
"2016-11-21 14:13:00ID: BB  Data: 00 00 00 AA 00 00 00 00 
"
"2016-11-21 14:13:00ID: BC  Data: 00 00 00 AA 00 00 00 00 
"
"2016-11-21 14:13:00ID: BB  Data: 00 00 00 AA 00 00 00 00 
"
"2016-11-21 14:13:00ID: BC  Data: 00 00 00 AA 00 00 00 00 
"
"2016-11-21 14:13:00ID: BB  Data: 00 00 00 AA 00 00 00 00 
"
"2016-11-21 14:13:00ID: BC  Data: 00 00 00 AA 00 00 00 00 
"
"2016-11-21 14:13:00ID: BB  Data: 00 00 00 AA 00 00 00 00 
"
"2016-11-21 14:13:00ID: BC  Data: 00 00 00 AA 00 00 00 00 
"
"2016-11-21 14:13:00ID: BB  Data: 00 00 00 AA 00 00 00 00 
"
"2016-11-21 14:13:00ID: BC  Data: 00 00 00 AA 00 00 00 00 
"
"2016-11-21 14:13:00ID: BB  Data: 00 00 00 AA 00 00 00 00 
"
"2016-11-21 14:13:00ID: BC  Data: 00 00 00 AA 00 00 00 00 
"
"2016-11-21 14:13:00ID: BB  Data: 00 00 00 AA 00 00 00 00 
"
"2016-11-21 14:13:00ID: BC  Data: 00 00 00 AA 00 00 00 00 
"
"2016-11-21 14:13:00ID: BB  Data: 00 00 00 AA 00 00 00 00 
"
"2016-11-21 14:13:00ID: BC  Data: 00 00 00 AA 00 00 00 00 
"
"2016-11-21 14:13:00ID: BB  Data: 00 00 00 AA 00 00 00 00 
"
"2016-11-21 14:13:00ID: BC  Data: 00 00 00 AA 00 00 00 00 
"
"2016-11-21 14:13:00ID: BB  Data: 00 00 00 AA 00 00 00 00 
"
"2016-11-21 14:13:00ID: BC  Data: 00 00 00 AA 00 00 00 00 
"
"2016-11-21 14:13:00ID: BB  Data: 00 00 00 AA 00 00 00 00 
"
"2016-11-21 14:13:00ID: BC  Data: 00 00 00 AA 00 00 00 00 
"
"2016-11-21 14:13:00ID: BB  Data: 00 00 00 AA 00 00 00 00 
"
"2016-11-21 14:13:01ID: BC  Data: 00 00 00 AA 00 00 00 00 
"
"2016-11-21 14:13:01ID: BB  Data: 00 00 00 AA 00 00 00 00 
"
"2016-11-21 14:13:01ID: BC  Data: 00 00 00 AA 00 00 00 00 
"
"2016-11-21 14:13:01ID: BB  Data: 00 00 00 AA 00 00 00 00 
"
"2016-11-21 14:13:01ID: BC  Data: 00 00 00 AA 00 00 00 00 
"
"2016-11-21 14:13:01ID: BB  Data: 00 00 00 AA 00 00 00 00 
"
"2016-11-21 14:13:01ID: BC  Data: 00 00 00 AA 00 00 00 00 
"
"2016-11-21 14:13:01ID: BB  Data: 00 00 00 AA 00 00 00 00 
"
"2016-11-21 14:13:01ID: BC  Data: 00 00 00 AA 00 00 00 00 
"
"2016-11-21 14:13:01ID: BB  Data: 00 00 00 AA 00 00 00 00 
"
"2016-11-21 14:13:01ID: BC  Data: 00 00 00 AA 00 00 00 00 
"
"2016-11-21 14:13:01ID: BB  Data: 00 00 00 AA 00 00 00 00 
"
"2016-11-21 14:13:01ID: BC  Data: 00 00 00 AA 00 00 00 00 
"
"2016-11-21 14:13:01ID: BB  Data: 00 00 00 AA 00 00 00 00 
"
"2016-11-21 14:13:01ID: BC  Data: 00 00 00 AA 00 00 00 00 
"
"2016-11-21 14:13:01ID: BB  Data: 00 00 00 AA 00 00 00 00 
"
"2016-11-21 14:13:01ID: BC  Data: 00 00 00 AA 00 00 00 00 
"
"2016-11-21 14:13:01ID: BB  Data: 00 00 00 AA 00 00 00 00 
"
"2016-11-21 14:13:01ID: BC  Data: 00 00 00 AA 00 00 00 00 
"
"2016-11-21 14:13:01ID: BB  Data: 00 00 00 AA 00 00 00 00 
"
"2016-11-21 14:13:01ID: BC  Data: 00 00 00 AA 00 00 00 00 
"
"2016-11-21 14:13:01ID: BB  Data: 00 00 00 AA 00 00 00 00 
"
"2016-11-21 14:13:01ID: BC  Data: 00 00 00 AA 00 00 00 00 
"
"2016-11-21 14:13:02ID: BB  Data: 00 00 00 AA 00 00 00 00 
"
"2016-11-21 14:13:02ID: BC  Data: 00 00 00 AA 00 00 00 00 
"
"2016-11-21 14:13:02ID: BB  Data: 00 00 00 AA 00 00 00 00 
"
"2016-11-21 14:13:02ID: BC  Data: 00 00 00 AA 00 00 00 00 
"
"2016-11-21 14:13:02ID: BB  Data: 00 00 00 AA 00 00 00 00 
"
"2016-11-21 14:13:02ID: BC  Data: 00 00 00 AA 00 00 00 00 
"
"2016-11-21 14:13:02ID: BB  Data: 00 00 00 AA 00 00 00 00 
"
"2016-11-21 14:13:02ID: BC  Data: 00 00 00 AA 00 00 00 00 
"
"2016-11-21 14:13:02ID: BB  Data: 00 00 00 AA 00 00 00 00 
"
"2016-11-21 14:13:02ID: BC  Data: 00 00 00 AA 00 00 00 00 
"
"2016-11-21 14:13:02ID: BB  Data: 00 00 00 AA 00 00 00 00 
"
"2016-11-21 14:13:02ID: BC  Data: 00 00 00 AA 00 00 00 00 
"
"2016-11-21 14:13:02ID: BB  Data: 00 00 00 AA 00 00 00 00 
"
"2016-11-21 14:13:02ID: BC  Data: 00 00 00 AA 00 00 00 00 
"
"2016-11-21 14:13:02ID: BB  Data: 00 00 00 AA 00 00 00 00 
"
"2016-11-21 14:13:02ID: BC  Data: 00 00 00 AA 00 00 00 00 
"
"2016-11-21 14:13:02ID: BB  Data: 00 00 00 AA 00 00 00 00 
"
"2016-11-21 14:13:02ID: BC  Data: 00 00 00 AA 00 00 00 00 
"
"2016-11-21 14:13:02ID: BB  Data: 00 00 00 AA 00 00 00 00 
"
"2016-11-21 14:13:02ID: BC  Data: 00 00 00 AA 00 00 00 00 
"
"2016-11-21 14:13:02ID: BB  Data: 00 00 00 AA 00 00 00 00 
"
"2016-11-21 14:13:02ID: BC  Data: 00 00 00 AA 00 00 00 00 
"
"2016-11-21 14:13:03ID: BB  Data: 00 00 00 AA 00 00 00 00 
"
"2016-11-21 14:13:03ID: BC  Data: 00 00 00 AA 00 00 00 00 
"
"2016-11-21 14:13:03ID: BB  Data: 00 00 00 AA 00 00 00 00 
"
"2016-11-21 14:13:03ID: BC  Data: 00 00 00 AA 00 00 00 00 
"
"2016-11-21 14:13:03ID: BB  Data: 00 00 00 AA 00 00 00 00 
"
"2016-11-21 14:13:03ID: BC  Data: 00 00 00 AA 00 00 00 00 
"
"2016-11-21 14:13:03ID: BB  Data: 00 00 00 AA 00 00 00 00 
"
"2016-11-21 14:13:03ID: BC  Data: 00 00 00 AA 00 00 00 00 
"
"2016-11-21 14:13:03ID: BB  Data: 00 00 00 AA 00 00 00 00 
"
"2016-11-21 14:13:03ID: BC  Data: 00 00 00 AA 00 00 00 00 
"
"2016-11-21 14:13:03ID: BB  Data: 00 00 00 AA 00 00 00 00 
"
"2016-11-21 14:13:03ID: BC  Data: 00 00 00 AA 00 00 00 00 
"
"2016-11-21 14:13:03ID: BB  Data: 00 00 00 AA 00 00 00 00 
"
"2016-11-21 14:13:03ID: BC  Data: 00 00 00 AA 00 00 00 00 
"
"2016-11-21 14:13:03ID: BB  Data: 00 00 00 AA 00 00 00 00 
"
"2016-11-21 14:13:03ID: BC  Data: 00 00 00 AA 00 00 00 00 
"
"2016-11-21 14:13:03ID: BB  Data: 00 00 00 AA 00 00 00 00 
"
"2016-11-21 14:13:03ID: BC  Data: 00 00 00 AA 00 00 00 00 
"
"2016-11-21 14:13:03ID: BB  Data: 00 00 00 AA 00 00 00 00 
"
"2016-11-21 14:13:03ID: BC  Data: 00 00 00 AA 00 00 00 00 
"
"2016-11-21 14:13:03ID: BB  Data: 00 00 00 AA 00 00 00 00 
"
"2016-11-21 14:13:03ID: BC  Data: 00 00 00 AA 00 00 00 00 
"
"2016-11-21 14:13:03ID: BB  Data: 00 00 00 AA 00 00 00 00 
"
"2016-11-21 14:13:03ID: BC  Data: 00 00 00 AA 00 00 00 00 
"
"2016-11-21 14:13:04ID: BB  Data: 00 00 00 AA 00 00 00 00 
"
"2016-11-21 14:13:04ID: BC  Data: 00 00 00 AA 00 00 00 00 
"
"2016-11-21 14:13:04ID: BB  Data: 00 00 00 AA 00 00 00 00 
"
"2016-11-21 14:13:04ID: BC  Data: 00 00 00 AA 00 00 00 00 
"
"2016-11-21 14:13:04ID: BB  Data: 00 00 00 AA 00 00 00 00 
"
"2016-11-21 14:13:04ID: BC  Data: 00 00 00 AA 00 00 00 00 
"
"2016-11-21 14:13:04ID: BB  Data: 00 00 00 AA 00 00 00 00 
"
"2016-11-21 14:13:04ID: BC  Data: 00 00 00 AA 00 00 00 00 
"
"2016-11-21 14:13:04ID: BB  Data: 00 00 00 AA 00 00 00 00 
"
"2016-11-21 14:13:04ID: BC  Data: 00 00 00 AA 00 00 00 00 
"
"2016-11-21 14:13:04ID: BB  Data: 00 00 00 AA 00 00 00 00 
"
"2016-11-21 14:13:04ID: BC  Data: 00 00 00 AA 00 00 00 00 
"
"2016-11-21 14:13:04ID: BB  Data: 00 00 00 AA 00 00 00 00 
"
"2016-11-21 14:13:04ID: BC  Data: 00 00 00 AA 00 00 00 00 
"
"2016-11-21 14:13:04ID: BB  Data: 00 00 00 AA 00 00 00 00 
"
"2016-11-21 14:13:04ID: BC  Data: 00 00 00 AA 00 00 00 00 
"
"2016-11-21 14:13:04ID: BB  Data: 00 00 00 AA 00 00 00 00 
"
"2016-11-21 14:13:04ID: BC  Data: 00 00 00 AA 00 00 00 00 
"
"2016-11-21 14:13:04ID: BB  Data: 00 00 00 AA 00 00 00 00 
"
"2016-11-21 14:13:04ID: BC  Data: 00 00 00 AA 00 00 00 00 
"
"2016-11-21 14:13:04ID: BB  Data: 00 00 00 AA 00 00 00 00 
"
"2016-11-21 14:13:04ID: BC  Data: 00 00 00 AA 00 00 00 00 
"
"2016-11-21 14:13:05ID: BB  Data: 00 00 00 AA 00 00 00 00 
"
"2016-11-21 14:13:05ID: BC  Data: 00 00 00 AA 00 00 00 00 
"
"2016-11-21 14:13:05ID: BB  Data: 00 00 00 AA 00 00 00 00 
"
"2016-11-21 14:13:05ID: BC  Data: 00 00 00 AA 00 00 00 00 
"
"2016-11-21 14:13:05ID: BB  Data: 00 00 00 AA 00 00 00 00 
"
"2016-11-21 14:13:05ID: BC  Data: 00 00 00 AA 00 00 00 00 
"
"2016-11-21 14:13:05ID: BB  Data: 00 00 00 AA 00 00 00 00 
"
"2016-11-21 14:13:05ID: BC  Data: 00 00 00 AA 00 00 00 00 
"
"2016-11-21 14:13:05ID: BB  Data: 00 00 00 AA 00 00 00 00 
"
"2016-11-21 14:13:05ID: BC  Data: 00 00 00 AA 00 00 00 00 
"
"2016-11-21 14:13:05ID: BB  Data: 00 00 00 AA 00 00 00 00 
"
"2016-11-21 14:13:05ID: BC  Data: 00 00 00 AA 00 00 00 00 
"
"2016-11-21 14:13:05ID: BB  Data: 00 00 00 AA 00 00 00 00 
"
"2016-11-21 14:13:05ID: BC  Data: 00 00 00 AA 00 00 00 00 
"
"2016-11-21 14:13:05ID: BB  Data: 00 00 00 AA 00 00 00 00 
"
"2016-11-21 14:13:05ID: BC  Data: 00 00 00 AA 00 00 00 00 
"
"2016-11-21 14:13:05ID: BB  Data: 00 00 00 AA 00 00 00 00 
"
"2016-11-21 14:13:05ID: BC  Data: 00 00 00 AA 00 00 00 00 
"
"2016-11-21 14:13:05ID: BB  Data: 00 00 00 AA 00 00 00 00 
"
"2016-11-21 14:13:05ID: BC  Data: 00 00 00 AA 00 00 00 00 
"
"2016-11-21 14:13:05ID: BB  Data: 00 00 00 AA 00 00 00 00 
"
"2016-11-21 14:13:05ID: BC  Data: 00 00 00 AA 00 00 00 00 
"
"2016-11-21 14:13:06ID: BB  Data: 00 00 00 AA 00 00 00 00 
"
"2016-11-21 14:13:06ID: BC  Data: 00 00 00 AA 00 00 00 00 
"
"2016-11-21 14:13:06ID: BB  Data: 00 00 00 AA 00 00 00 00 
"
"2016-11-21 14:13:06ID: BC  Data: 00 00 00 AA 00 00 00 00 
"
"2016-11-21 14:13:06ID: BB  Data: 00 00 00 AA 00 00 00 00 
"
"2016-11-21 14:13:06ID: BC  Data: 00 00 00 AA 00 00 00 00 
"
"2016-11-21 14:13:06ID: BB  Data: 00 00 00 AA 00 00 00 00 
"
"2016-11-21 14:13:06ID: BC  Data: 00 00 00 AA 00 00 00 00 
"
"2016-11-21 14:13:06ID: BB  Data: 00 00 00 AA 00 00 00 00 
"
"2016-11-21 14:13:06ID: BC  Data: 00 00 00 AA 00 00 00 00 
"
"2016-11-21 14:13:06ID: BB  Data: 00 00 00 AA 00 00 00 00 
"
"2016-11-21 14:13:06ID: BC  Data: 00 00 00 AA 00 00 00 00 
"
"2016-11-21 14:13:06ID: BB  Data: 00 00 00 AA 00 00 00 00 
"
"2016-11-21 14:13:06ID: BC  Data: 00 00 00 AA 00 00 00 00 
"
"2016-11-21 14:13:06ID: BB  Data: 00 00 00 AA 00 00 00 00 
"
"2016-11-21 14:13:06ID: BC  Data: 00 00 00 AA 00 00 00 00 
"
"2016-11-21 14:13:06ID: BB  Data: 00 00 00 AA 00 00 00 00 
"
"2016-11-21 14:13:06ID: BC  Data: 00 00 00 AA 00 00 00 00 
"
"2016-11-21 14:13:06ID: BB  Data: 00 00 00 AA 00 00 00 00 
"
"2016-11-21 14:13:06ID: BC  Data: 00 00 00 AA 00 00 00 00 
"
"2016-11-21 14:13:06ID: BB  Data: 00 00 00 AA 00 00 00 00 
"
"2016-11-21 14:13:06ID: BC  Data: 00 00 00 AA 00 00 00 00 
"
"2016-11-21 14:13:06ID: BB  Data: 00 00 00 AA 00 00 00 00 
"
"2016-11-21 14:13:06ID: BC  Data: 00 00 00 AA 00 00 00 00 
"
"2016-11-21 14:13:07ID: BB  Data: 00 00 00 AA 00 00 00 00 
"
"2016-11-21 14:13:07ID: BC  Data: 00 00 00 AA 00 00 00 00 
"
"2016-11-21 14:13:07ID: BB  Data: 00 00 00 AA 00 00 00 00 
"
"2016-11-21 14:13:07ID: BC  Data: 00 00 00 AA 00 00 00 00 
"
"2016-11-21 14:13:07ID: BB  Data: 00 00 00 AA 00 00 00 00 
"
"2016-11-21 14:13:07ID: BC  Data: 00 00 00 AA 00 00 00 00 
"
"2016-11-21 14:13:07ID: BB  Data: 00 00 00 AA 00 00 00 00 
"
"2016-11-21 14:13:07ID: BC  Data: 00 00 00 AA 00 00 00 00 
"
"2016-11-21 14:13:07ID: BB  Data: 00 00 00 AA 00 00 00 00 
"
"2016-11-21 14:13:07ID: BC  Data: 00 00 00 AA 00 00 00 00 
"
"2016-11-21 14:13:07ID: BB  Data: 00 00 00 AA 00 00 00 00 
"
"2016-11-21 14:13:07ID: BC  Data: 00 00 00 AA 00 00 00 00 
"
"2016-11-21 14:13:07ID: BB  Data: 00 00 00 AA 00 00 00 00 
"
"2016-11-21 14:13:07ID: BC  Data: 00 00 00 AA 00 00 00 00 
"
"2016-11-21 14:13:07ID: BB  Data: 00 00 00 AA 00 00 00 00 
"
"2016-11-21 14:13:07ID: BC  Data: 00 00 00 AA 00 00 00 00 
"
"2016-11-21 14:13:07ID: BB  Data: 00 00 00 AA 00 00 00 00 
"
"2016-11-21 14:13:07ID: BC  Data: 00 00 00 AA 00 00 00 00 
"
"2016-11-21 14:13:07ID: BB  Data: 00 00 00 AA 00 00 00 00 
"
"2016-11-21 14:13:07ID: BC  Data: 00 00 00 AA 00 00 00 00 
"
"2016-11-21 14:13:07ID: BB  Data: 00 00 00 AA 00 00 00 00 
"
"2016-11-21 14:13:07ID: BC  Data: 00 00 00 AA 00 00 00 00 
"
"2016-11-21 14:13:08ID: BB  Data: 00 00 00 AA 00 00 00 00 
"
"2016-11-21 14:13:08ID: BC  Data: 00 00 00 AA 00 00 00 00 
"
"2016-11-21 14:13:08ID: BB  Data: 00 00 00 AA 00 00 00 00 
"
"2016-11-21 14:13:08ID: BC  Data: 00 00 00 AA 00 00 00 00 
"
"2016-11-21 14:13:08ID: BB  Data: 00 00 00 AA 00 00 00 00 
"
"2016-11-21 14:13:08ID: BC  Data: 00 00 00 AA 00 00 00 00 
"
"2016-11-21 14:13:08ID: BB  Data: 00 00 00 AA 00 00 00 00 
"
"2016-11-21 14:13:08ID: BC  Data: 00 00 00 AA 00 00 00 00 
"
"2016-11-21 14:13:08ID: BB  Data: 00 00 00 AA 00 00 00 00 
"
"2016-11-21 14:13:08ID: BC  Data: 00 00 00 AA 00 00 00 00 
"
"2016-11-21 14:13:08ID: BB  Data: 00 00 00 AA 00 00 00 00 
"
"2016-11-21 14:13:08ID: BC  Data: 00 00 00 AA 00 00 00 00 
"
"2016-11-21 14:13:08ID: BB  Data: 00 00 00 AA 00 00 00 00 
"
"2016-11-21 14:13:08ID: BC  Data: 00 00 00 AA 00 00 00 00 
"
"2016-11-21 14:13:08ID: BB  Data: 00 00 00 AA 00 00 00 00 
"
"2016-11-21 14:13:08ID: BC  Data: 00 00 00 AA 00 00 00 00 
"
"2016-11-21 14:13:08ID: BB  Data: 00 00 00 AA 00 00 00 00 
"
"2016-11-21 14:13:08ID: BC  Data: 00 00 00 AA 00 00 00 00 
"
"2016-11-21 14:13:08ID: BB  Data: 00 00 00 AA 00 00 00 00 
"
"2016-11-21 14:13:08ID: BC  Data: 00 00 00 AA 00 00 00 00 
"
"2016-11-21 14:13:08ID: BB  Data: 00 00 00 AA 00 00 00 00 
"
"2016-11-21 14:13:08ID: BC  Data: 00 00 00 AA 00 00 00 00 
"
"2016-11-21 14:13:09ID: BB  Data: 00 00 00 AA 00 00 00 00 
"
"2016-11-21 14:13:09ID: BC  Data: 00 00 00 AA 00 00 00 00 
"
"2016-11-21 14:13:09ID: BB  Data: 00 00 00 AA 00 00 00 00 
"
"2016-11-21 14:13:09ID: BC  Data: 00 00 00 AA 00 00 00 00 
"
"2016-11-21 14:13:09ID: BB  Data: 00 00 00 AA 00 00 00 00 
"
"2016-11-21 14:13:09ID: BC  Data: 00 00 00 AA 00 00 00 00 
"
"2016-11-21 14:13:09ID: BB  Data: 00 00 00 AA 00 00 00 00 
"
"2016-11-21 14:13:09ID: BC  Data: 00 00 00 AA 00 00 00 00 
"
"2016-11-21 14:13:09ID: BB  Data: 00 00 00 AA 00 00 00 00 
"
"2016-11-21 14:13:09ID: BC  Data: 00 00 00 AA 00 00 00 00 
"
"2016-11-21 14:13:09ID: BB  Data: 00 00 00 AA 00 00 00 00 
"
"2016-11-21 14:13:09ID: BC  Data: 00 00 00 AA 00 00 00 00 
"
"2016-11-21 14:13:09ID: BB  Data: 00 00 00 AA 00 00 00 00 
"
"2016-11-21 14:13:09ID: BC  Data: 00 00 00 AA 00 00 00 00 
"
"2016-11-21 14:13:09ID: BB  Data: 00 00 00 AA 00 00 00 00 
"
"2016-11-21 14:13:09ID: BC  Data: 00 00 00 AA 00 00 00 00 
"
"2016-11-21 14:13:09ID: BB  Data: 00 00 00 AA 00 00 00 00 
"
"2016-11-21 14:13:09ID: BC  Data: 00 00 00 AA 00 00 00 00 
"
"2016-11-21 14:13:09ID: BB  Data: 00 00 00 AA 00 00 00 00 
"
"2016-11-21 14:13:09ID: BC  Data: 00 00 00 AA 00 00 00 00 
"
"2016-11-21 14:13:09ID: BB  Data: 00 00 00 AA 00 00 00 00 
"
"2016-11-21 14:13:09ID: BC  Data: 00 00 00 AA 00 00 00 00 
"
"2016-11-21 14:13:09ID: BB  Data: 00 00 00 AA 00 00 00 00 
"
"2016-11-21 14:13:09ID: BC  Data: 00 00 00 AA 00 00 00 00 
"
"2016-11-21 14:13:10ID: BB  Data: 00 00 00 AA 00 00 00 00 
"
"2016-11-21 14:13:10ID: BC  Data: 00 00 00 AA 00 00 00 00 
"
"2016-11-21 14:13:10ID: BB  Data: 00 00 00 AA 00 00 00 00 
"
"2016-11-21 14:13:10ID: BC  Data: 00 00 00 AA 00 00 00 00 
"
"2016-11-21 14:13:10ID: BB  Data: 00 00 00 AA 00 00 00 00 
"
"2016-11-21 14:13:10ID: BC  Data: 00 00 00 AA 00 00 00 00 
"
"2016-11-21 14:13:10ID: BB  Data: 00 00 00 AA 00 00 00 00 
"
"2016-11-21 14:13:10ID: BC  Data: 00 00 00 AA 00 00 00 00 
"
"2016-11-21 14:13:10ID: BB  Data: 00 00 00 AA 00 00 00 00 
"
"2016-11-21 14:13:10ID: BC  Data: 00 00 00 AA 00 00 00 00 
"
"2016-11-21 14:13:10ID: BB  Data: 00 00 00 AA 00 00 00 00 
"
"2016-11-21 14:13:10ID: BC  Data: 00 00 00 AA 00 00 00 00 
"
"2016-11-21 14:13:10ID: BB  Data: 00 00 00 AA 00 00 00 00 
"
"2016-11-21 14:13:10ID: BC  Data: 00 00 00 AA 00 00 00 00 
"
"2016-11-21 14:13:10ID: BB  Data: 00 00 00 AA 00 00 00 00 
"
"2016-11-21 14:13:10ID: BC  Data: 00 00 00 AA 00 00 00 00 
"
"2016-11-21 14:13:10ID: BB  Data: 00 00 00 AA 00 00 00 00 
"
"2016-11-21 14:13:10ID: BC  Data: 00 00 00 AA 00 00 00 00 
"
"2016-11-21 14:13:10ID: BB  Data: 00 00 00 AA 00 00 00 00 
"
"2016-11-21 14:13:10ID: BC  Data: 00 00 00 AA 00 00 00 00 
"
"2016-11-21 14:13:10ID: BB  Data: 00 00 00 AA 00 00 00 00 
"
"2016-11-21 14:13:10ID: BC  Data: 00 00 00 AA 00 00 00 00 
"
"2016-11-21 14:13:11ID: BB  Data: 00 00 00 AA 00 00 00 00 
"
"2016-11-21 14:13:11ID: BC  Data: 00 00 00 AA 00 00 00 00 
"
"2016-11-21 14:13:11ID: BB  Data: 00 00 00 AA 00 00 00 00 
"
"2016-11-21 14:13:11ID: BC  Data: 00 00 00 AA 00 00 00 00 
"
"2016-11-21 14:13:11ID: BB  Data: 00 00 00 AA 00 00 00 00 
"
"2016-11-21 14:13:11ID: BC  Data: 00 00 00 AA 00 00 00 00 
"
"2016-11-21 14:13:11ID: BB  Data: 00 00 00 AA 00 00 00 00 
"
"2016-11-21 14:13:11ID: BC  Data: 00 00 00 AA 00 00 00 00 
"
"2016-11-21 14:13:11ID: BB  Data: 00 00 00 AA 00 00 00 00 
"
"2016-11-21 14:13:11ID: BC  Data: 00 00 00 AA 00 00 00 00 
"
"2016-11-21 14:13:11ID: BB  Data: 00 00 00 AA 00 00 00 00 
"
"2016-11-21 14:13:11ID: BC  Data: 00 00 00 AA 00 00 00 00 
"
"2016-11-21 14:13:11ID: BB  Data: 00 00 00 AA 00 00 00 00 
"
"2016-11-21 14:13:11ID: BC  Data: 00 00 00 AA 00 00 00 00 
"
"2016-11-21 14:13:11ID: BB  Data: 00 00 00 AA 00 00 00 00 
"
"2016-11-21 14:13:11ID: BC  Data: 00 00 00 AA 00 00 00 00 
"
"2016-11-21 14:13:11ID: BB  Data: 00 00 00 AA 00 00 00 00 
"
"2016-11-21 14:13:11ID: BC  Data: 00 00 00 AA 00 00 00 00 
"
"2016-11-21 14:13:11ID: BB  Data: 00 00 00 AA 00 00 00 00 
"
"2016-11-21 14:13:11ID: BC  Data: 00 00 00 AA 00 00 00 00 
"
"2016-11-21 14:13:11ID: BB  Data: 00 00 00 AA 00 00 00 00 
"
"2016-11-21 14:13:11ID: BC  Data: 00 00 00 AA 00 00 00 00 
"
"2016-11-21 14:13:11ID: BB  Data: 00 00 00 AA 00 00 00 00 
"
"2016-11-21 14:13:12ID: BC  Data: 00 00 00 AA 00 00 00 00 
"
"2016-11-21 14:13:12ID: BB  Data: 00 00 00 AA 00 00 00 00 
"
"2016-11-21 14:13:12ID: BC  Data: 00 00 00 AA 00 00 00 00 
"
"2016-11-21 14:13:12ID: BB  Data: 00 00 00 AA 00 00 00 00 
"
"2016-11-21 14:13:12ID: BC  Data: 00 00 00 AA 00 00 00 00 
"
"2016-11-21 14:13:12ID: BB  Data: 00 00 00 AA 00 00 00 00 
"
"2016-11-21 14:13:12ID: BC  Data: 00 00 00 AA 00 00 00 00 
"
"2016-11-21 14:13:12ID: BB  Data: 00 00 00 AA 00 00 00 00 
"
"2016-11-21 14:13:12ID: BC  Data: 00 00 00 AA 00 00 00 00 
"
"2016-11-21 14:13:12ID: BB  Data: 00 00 00 AA 00 00 00 00 
"
"2016-11-21 14:13:12ID: BC  Data: 00 00 00 AA 00 00 00 00 
"
"2016-11-21 14:13:12ID: BB  Data: 00 00 00 AA 00 00 00 00 
"
"2016-11-21 14:13:12ID: BC  Data: 00 00 00 AA 00 00 00 00 
"
"2016-11-21 14:13:12ID: BB  Data: 00 00 00 AA 00 00 00 00 
"
"2016-11-21 14:13:12ID: BC  Data: 00 00 00 AA 00 00 00 00 
"
"2016-11-21 14:13:12ID: BB  Data: 00 00 00 AA 00 00 00 00 
"
"2016-11-21 14:13:12ID: BC  Data: 00 00 00 AA 00 00 00 00 
"
"2016-11-21 14:13:12ID: BB  Data: 00 00 00 AA 00 00 00 00 
"
"2016-11-21 14:13:12ID: BC  Data: 00 00 00 AA 00 00 00 00 
"
"2016-11-21 14:13:12ID: BB  Data: 00 00 00 AA 00 00 00 00 
"
"2016-11-21 14:13:12ID: BC  Data: 00 00 00 AA 00 00 00 00 
"
"2016-11-21 14:13:12ID: BB  Data: 00 00 00 AA 00 00 00 00 
"
"2016-11-21 14:13:12ID: BC  Data: 00 00 00 AA 00 00 00 00 
"
"2016-11-21 14:13:13ID: BB  Data: 00 00 00 AA 00 00 00 00 
"
"2016-11-21 14:13:13ID: BC  Data: 00 00 00 AA 00 00 00 00 
"
"2016-11-21 14:13:13ID: BB  Data: 00 00 00 AA 00 00 00 00 
"
"2016-11-21 14:13:13ID: BC  Data: 00 00 00 AA 00 00 00 00 
"
"2016-11-21 14:13:13ID: BB  Data: 00 00 00 AA 00 00 00 00 
"
"2016-11-21 14:13:13ID: BC  Data: 00 00 00 AA 00 00 00 00 
"
"2016-11-21 14:13:13ID: BB  Data: 00 00 00 AA 00 00 00 00 
"
"2016-11-21 14:13:13ID: BC  Data: 00 00 00 AA 00 00 00 00 
"
"2016-11-21 14:13:13ID: BB  Data: 00 00 00 AA 00 00 00 00 
"
"2016-11-21 14:13:13ID: BC  Data: 00 00 00 AA 00 00 00 00 
"
"2016-11-21 14:13:13ID: BB  Data: 00 00 00 AA 00 00 00 00 
"
"2016-11-21 14:13:13ID: BC  Data: 00 00 00 AA 00 00 00 00 
"
"2016-11-21 14:13:13ID: BB  Data: 00 00 00 AA 00 00 00 00 
"
"2016-11-21 14:13:13ID: BC  Data: 00 00 00 AA 00 00 00 00 
"
"2016-11-21 14:13:13ID: BB  Data: 00 00 00 AA 00 00 00 00 
"
"2016-11-21 14:13:13ID: BC  Data: 00 00 00 AA 00 00 00 00 
"
"2016-11-21 14:13:13ID: BB  Data: 00 00 00 AA 00 00 00 00 
"
"2016-11-21 14:13:13ID: BC  Data: 00 00 00 AA 00 00 00 00 
"
"2016-11-21 14:13:13ID: BB  Data: 00 00 00 AA 00 00 00 00 
"
"2016-11-21 14:13:13ID: BC  Data: 00 00 00 AA 00 00 00 00 
"
"2016-11-21 14:13:13ID: BB  Data: 00 00 00 AA 00 00 00 00 
"
"2016-11-21 14:13:13ID: BC  Data: 00 00 00 AA 00 00 00 00 
"
"2016-11-21 14:13:14ID: BB  Data: 00 00 00 AA 00 00 00 00 
"
"2016-11-21 14:13:14ID: BC  Data: 00 00 00 AA 00 00 00 00 
"
"2016-11-21 14:13:14ID: BB  Data: 00 00 00 AA 00 00 00 00 
"
"2016-11-21 14:13:14ID: BC  Data: 00 00 00 AA 00 00 00 00 
"
"2016-11-21 14:13:14ID: BB  Data: 00 00 00 AA 00 00 00 00 
"
"2016-11-21 14:13:14ID: BC  Data: 00 00 00 AA 00 00 00 00 
"
"2016-11-21 14:13:14ID: BB  Data: 00 00 00 AA 00 00 00 00 
"
"2016-11-21 14:13:14ID: BC  Data: 00 00 00 AA 00 00 00 00 
"
"2016-11-21 14:13:14ID: BB  Data: 00 00 00 AA 00 00 00 00 
"
"2016-11-21 14:13:14ID: BC  Data: 00 00 00 AA 00 00 00 00 
"
"2016-11-21 14:13:14ID: BB  Data: 00 00 00 AA 00 00 00 00 
"
"2016-11-21 14:13:14ID: BC  Data: 00 00 00 AA 00 00 00 00 
"
"2016-11-21 14:13:14ID: BB  Data: 00 00 00 AA 00 00 00 00 
"
"2016-11-21 14:13:14ID: BC  Data: 00 00 00 AA 00 00 00 00 
"
"2016-11-21 14:13:14ID: BB  Data: 00 00 00 AA 00 00 00 00 
"
"2016-11-21 14:13:14ID: BC  Data: 00 00 00 AA 00 00 00 00 
"
"2016-11-21 14:13:14ID: BB  Data: 00 00 00 AA 00 00 00 00 
"
"2016-11-21 14:13:14ID: BC  Data: 00 00 00 AA 00 00 00 00 
"
"2016-11-21 14:13:14ID: BB  Data: 00 00 00 AA 00 00 00 00 
"
"2016-11-21 14:13:14ID: BC  Data: 00 00 00 AA 00 00 00 00 
"
"2016-11-21 14:13:14ID: BB  Data: 00 00 00 AA 00 00 00 00 
"
"2016-11-21 14:13:14ID: BC  Data: 00 00 00 AA 00 00 00 00 
"
"2016-11-21 14:13:14ID: BB  Data: 00 00 00 AA 00 00 00 00 
"
"2016-11-21 14:13:14ID: BC  Data: 00 00 00 AA 00 00 00 00 
"
"2016-11-21 14:13:15ID: BB  Data: 00 00 00 AA 00 00 00 00 
"
"2016-11-21 14:13:15ID: BC  Data: 00 00 00 AA 00 00 00 00 
"
"2016-11-21 14:13:15ID: BB  Data: 00 00 00 AA 00 00 00 00 
"
"2016-11-21 14:13:15ID: BC  Data: 00 00 00 AA 00 00 00 00 
"
"2016-11-21 14:13:15ID: BB  Data: 00 00 00 AA 00 00 00 00 
"
"2016-11-21 14:13:15ID: BC  Data: 00 00 00 AA 00 00 00 00 
"
"2016-11-21 14:13:15ID: BB  Data: 00 00 00 AA 00 00 00 00 
"
"2016-11-21 14:13:15ID: BC  Data: 00 00 00 AA 00 00 00 00 
"
"2016-11-21 14:13:15ID: BB  Data: 00 00 00 AA 00 00 00 00 
"
"2016-11-21 14:13:15ID: BC  Data: 00 00 00 AA 00 00 00 00 
"
"2016-11-21 14:13:15ID: BB  Data: 00 00 00 AA 00 00 00 00 
"
"2016-11-21 14:13:15ID: BC  Data: 00 00 00 AA 00 00 00 00 
"
"2016-11-21 14:13:15ID: BB  Data: 00 00 00 AA 00 00 00 00 
"
"2016-11-21 14:13:15ID: BC  Data: 00 00 00 AA 00 00 00 00 
"
"2016-11-21 14:13:15ID: BB  Data: 00 00 00 AA 00 00 00 00 
"
"2016-11-21 14:13:15ID: BC  Data: 00 00 00 AA 00 00 00 00 
"
"2016-11-21 14:13:15ID: BB  Data: 00 00 00 AA 00 00 00 00 
"
"2016-11-21 14:13:15ID: BC  Data: 00 00 00 AA 00 00 00 00 
"
"2016-11-21 14:13:15ID: BB  Data: 00 00 00 AA 00 00 00 00 
"
"2016-11-21 14:13:15ID: BC  Data: 00 00 00 AA 00 00 00 00 
"
"2016-11-21 14:13:15ID: BB  Data: 00 00 00 AA 00 00 00 00 
"
"2016-11-21 14:13:15ID: BC  Data: 00 00 00 AA 00 00 00 00 
"
"2016-11-21 14:13:16ID: BB  Data: 00 00 00 AA 00 00 00 00 
"
"2016-11-21 14:13:16ID: BC  Data: 00 00 00 AA 00 00 00 00 
"
"2016-11-21 14:13:16ID: BB  Data: 00 00 00 AA 00 00 00 00 
"
"2016-11-21 14:13:16ID: BC  Data: 00 00 00 AA 00 00 00 00 
"
"2016-11-21 14:13:16ID: BB  Data: 00 00 00 AA 00 00 00 00 
"
"2016-11-21 14:13:16ID: BC  Data: 00 00 00 AA 00 00 00 00 
"
"2016-11-21 14:13:16ID: BB  Data: 00 00 00 AA 00 00 00 00 
"
"2016-11-21 14:13:16ID: BC  Data: 00 00 00 AA 00 00 00 00 
"
"2016-11-21 14:13:16ID: BB  Data: 00 00 00 AA 00 00 00 00 
"
"2016-11-21 14:13:16ID: BC  Data: 00 00 00 AA 00 00 00 00 
"
"2016-11-21 14:13:16ID: BB  Data: 00 00 00 AA 00 00 00 00 
"
"2016-11-21 14:13:16ID: BC  Data: 00 00 00 AA 00 00 00 00 
"
"2016-11-21 14:13:16ID: BB  Data: 00 00 00 AA 00 00 00 00 
"
"2016-11-21 14:13:16ID: BC  Data: 00 00 00 AA 00 00 00 00 
"
"2016-11-21 14:13:16ID: BB  Data: 00 00 00 AA 00 00 00 00 
"
"2016-11-21 14:13:16ID: BC  Data: 00 00 00 AA 00 00 00 00 
"
"2016-11-21 14:13:16ID: BB  Data: 00 00 00 AA 00 00 00 00 
"
"2016-11-21 14:13:16ID: BC  Data: 00 00 00 AA 00 00 00 00 
"
"2016-11-21 14:13:16ID: BB  Data: 00 00 00 AA 00 00 00 00 
"
"2016-11-21 14:13:16ID: BC  Data: 00 00 00 AA 00 00 00 00 
"
"2016-11-21 14:13:16ID: BB  Data: 00 00 00 AA 00 00 00 00 
"
"2016-11-21 14:13:16ID: BC  Data: 00 00 00 AA 00 00 00 00 
"
"2016-11-21 14:13:17ID: BB  Data: 00 00 00 AA 00 00 00 00 
"
"2016-11-21 14:13:17ID: BC  Data: 00 00 00 AA 00 00 00 00 
"
"2016-11-21 14:13:17ID: BB  Data: 00 00 00 AA 00 00 00 00 
"
"2016-11-21 14:13:17ID: BC  Data: 00 00 00 AA 00 00 00 00 
"
"2016-11-21 14:13:17ID: BB  Data: 00 00 00 AA 00 00 00 00 
"
"2016-11-21 14:13:17ID: BC  Data: 00 00 00 AA 00 00 00 00 
"
"2016-11-21 14:13:17ID: BB  Data: 00 00 00 AA 00 00 00 00 
"
"2016-11-21 14:13:17ID: BC  Data: 00 00 00 AA 00 00 00 00 
"
"2016-11-21 14:13:17ID: BB  Data: 00 00 00 AA 00 00 00 00 
"
"2016-11-21 14:13:17ID: BC  Data: 00 00 00 AA 00 00 00 00 
"
"2016-11-21 14:13:17ID: BB  Data: 00 00 00 AA 00 00 00 00 
"
"2016-11-21 14:13:17ID: BC  Data: 00 00 00 AA 00 00 00 00 
"
"2016-11-21 14:13:17ID: BB  Data: 00 00 00 AA 00 00 00 00 
"
"2016-11-21 14:13:17ID: BC  Data: 00 00 00 AA 00 00 00 00 
"
"2016-11-21 14:13:17ID: BB  Data: 00 00 00 AA 00 00 00 00 
"
"2016-11-21 14:13:17ID: BC  Data: 00 00 00 AA 00 00 00 00 
"
"2016-11-21 14:13:17ID: BB  Data: 00 00 00 AA 00 00 00 00 
"
"2016-11-21 14:13:17ID: BC  Data: 00 00 00 AA 00 00 00 00 
"
"2016-11-21 14:13:17ID: BB  Data: 00 00 00 AA 00 00 00 00 
"
"2016-11-21 14:13:17ID: BC  Data: 00 00 00 AA 00 00 00 00 
"
"2016-11-21 14:13:17ID: BB  Data: 00 00 00 AA 00 00 00 00 
"
"2016-11-21 14:13:17ID: BC  Data: 00 00 00 AA 00 00 00 00 
"
"2016-11-21 14:13:17ID: BB  Data: 00 00 00 AA 00 00 00 00 
"
"2016-11-21 14:13:17ID: BC  Data: 00 00 00 AA 00 00 00 00 
"
"2016-11-21 14:13:18ID: BB  Data: 00 00 00 AA 00 00 00 00 
"
"2016-11-21 14:13:18ID: BC  Data: 00 00 00 AA 00 00 00 00 
"
"2016-11-21 14:13:18ID: BB  Data: 00 00 00 AA 00 00 00 00 
"
"2016-11-21 14:13:18ID: BC  Data: 00 00 00 AA 00 00 00 00 
"
"2016-11-21 14:13:18ID: BB  Data: 00 00 00 AA 00 00 00 00 
"
"2016-11-21 14:13:18ID: BC  Data: 00 00 00 AA 00 00 00 00 
"
"2016-11-21 14:13:18ID: BB  Data: 00 00 00 AA 00 00 00 00 
"
"2016-11-21 14:13:18ID: BC  Data: 00 00 00 AA 00 00 00 00 
"
"2016-11-21 14:13:18ID: BB  Data: 00 00 00 AA 00 00 00 00 
"
"2016-11-21 14:13:18ID: BC  Data: 00 00 00 AA 00 00 00 00 
"
"2016-11-21 14:13:18ID: BB  Data: 00 00 00 AA 00 00 00 00 
"
"2016-11-21 14:13:18ID: BC  Data: 00 00 00 AA 00 00 00 00 
"
"2016-11-21 14:13:18ID: BB  Data: 00 00 00 AA 00 00 00 00 
"
"2016-11-21 14:13:18ID: BC  Data: 00 00 00 AA 00 00 00 00 
"
"2016-11-21 14:13:18ID: BB  Data: 00 00 00 AA 00 00 00 00 
"
"2016-11-21 14:13:18ID: BC  Data: 00 00 00 AA 00 00 00 00 
"
"2016-11-21 14:13:18ID: BB  Data: 00 00 00 AA 00 00 00 00 
"
"2016-11-21 14:13:18ID: BC  Data: 00 00 00 AA 00 00 00 00 
"
"2016-11-21 14:13:18ID: BB  Data: 00 00 00 AA 00 00 00 00 
"
"2016-11-21 14:13:18ID: BC  Data: 00 00 00 AA 00 00 00 00 
"
"2016-11-21 14:13:18ID: BB  Data: 00 00 00 AA 00 00 00 00 
"
"2016-11-21 14:13:18ID: BC  Data: 00 00 00 AA 00 00 00 00 
"
"2016-11-21 14:13:19ID: BB  Data: 00 00 00 AA 00 00 00 00 
"
"2016-11-21 14:13:19ID: BC  Data: 00 00 00 AA 00 00 00 00 
"
"2016-11-21 14:13:19ID: BB  Data: 00 00 00 AA 00 00 00 00 
"
"2016-11-21 14:13:19ID: BC  Data: 00 00 00 AA 00 00 00 00 
"
"2016-11-21 14:13:19ID: BB  Data: 00 00 00 AA 00 00 00 00 
"
"2016-11-21 14:13:19ID: BC  Data: 00 00 00 AA 00 00 00 00 
"
"2016-11-21 14:13:19ID: BB  Data: 00 00 00 AA 00 00 00 00 
"
"2016-11-21 14:13:19ID: BC  Data: 00 00 00 AA 00 00 00 00 
"
"2016-11-21 14:13:19ID: BB  Data: 00 00 00 AA 00 00 00 00 
"
"2016-11-21 14:13:19ID: BC  Data: 00 00 00 AA 00 00 00 00 
"
"2016-11-21 14:13:19ID: BB  Data: 00 00 00 AA 00 00 00 00 
"
"2016-11-21 14:13:19ID: BC  Data: 00 00 00 AA 00 00 00 00 
"
"2016-11-21 14:13:19ID: BB  Data: 00 00 00 AA 00 00 00 00 
"
"2016-11-21 14:13:19ID: BC  Data: 00 00 00 AA 00 00 00 00 
"
"2016-11-21 14:13:19ID: BB  Data: 00 00 00 AA 00 00 00 00 
"
"2016-11-21 14:13:19ID: BC  Data: 00 00 00 AA 00 00 00 00 
"
"2016-11-21 14:13:19ID: BB  Data: 00 00 00 AA 00 00 00 00 
"
"2016-11-21 14:13:19ID: BC  Data: 00 00 00 AA 00 00 00 00 
"
"2016-11-21 14:13:19ID: BB  Data: 00 00 00 AA 00 00 00 00 
"
"2016-11-21 14:13:19ID: BC  Data: 00 00 00 AA 00 00 00 00 
"
"2016-11-21 14:13:19ID: BB  Data: 00 00 00 AA 00 00 00 00 
"
"2016-11-21 14:13:19ID: BC  Data: 00 00 00 AA 00 00 00 00 
"
"2016-11-21 14:13:19ID: BB  Data: 00 00 00 AA 00 00 00 00 
"
"2016-11-21 14:13:20ID: BC  Data: 00 00 00 AA 00 00 00 00 
"
"2016-11-21 14:13:20ID: BB  Data: 00 00 00 AA 00 00 00 00 
"
"2016-11-21 14:13:20ID: BC  Data: 00 00 00 AA 00 00 00 00 
"
"2016-11-21 14:13:20ID: BB  Data: 00 00 00 AA 00 00 00 00 
"
"2016-11-21 14:13:20ID: BC  Data: 00 00 00 AA 00 00 00 00 
"
"2016-11-21 14:13:20ID: BB  Data: 00 00 00 AA 00 00 00 00 
"
"2016-11-21 14:13:20ID: BC  Data: 00 00 00 AA 00 00 00 00 
"
"2016-11-21 14:13:20ID: BB  Data: 00 00 00 AA 00 00 00 00 
"
"2016-11-21 14:13:20ID: BC  Data: 00 00 00 AA 00 00 00 00 
"
"2016-11-21 14:13:20ID: BB  Data: 00 00 00 AA 00 00 00 00 
"
"2016-11-21 14:13:20ID: BC  Data: 00 00 00 AA 00 00 00 00 
"
"2016-11-21 14:13:20ID: BB  Data: 00 00 00 AA 00 00 00 00 
"
"2016-11-21 14:13:20ID: BC  Data: 00 00 00 AA 00 00 00 00 
"
"2016-11-21 14:13:20ID: BB  Data: 00 00 00 AA 00 00 00 00 
"
"2016-11-21 14:13:20ID: BC  Data: 00 00 00 AA 00 00 00 00 
"
"2016-11-21 14:13:20ID: BB  Data: 00 00 00 AA 00 00 00 00 
"
"2016-11-21 14:13:20ID: BC  Data: 00 00 00 AA 00 00 00 00 
"
"2016-11-21 14:13:20ID: BB  Data: 00 00 00 AA 00 00 00 00 
"
"2016-11-21 14:13:20ID: BC  Data: 00 00 00 AA 00 00 00 00 
"
"2016-11-21 14:13:20ID: BB  Data: 00 00 00 AA 00 00 00 00 
"
"2016-11-21 14:13:20ID: BC  Data: 00 00 00 AA 00 00 00 00 
"
"2016-11-21 14:13:20ID: BB  Data: 00 00 00 AA 00 00 00 00 
"
"2016-11-21 14:13:20ID: BC  Data: 00 00 00 AA 00 00 00 00 
"
"2016-11-21 14:13:21ID: BB  Data: 00 00 00 AA 00 00 00 00 
"
"2016-11-21 14:13:21ID: BC  Data: 00 00 00 AA 00 00 00 00 
"
"2016-11-21 14:13:21ID: BB  Data: 00 00 00 AA 00 00 00 00 
"
"2016-11-21 14:13:21ID: BC  Data: 00 00 00 AA 00 00 00 00 
"
"2016-11-21 14:13:21ID: BB  Data: 00 00 00 AA 00 00 00 00 
"
"2016-11-21 14:13:21ID: BC  Data: 00 00 00 AA 00 00 00 00 
"
"2016-11-21 14:13:21ID: BB  Data: 00 00 00 AA 00 00 00 00 
"
"2016-11-21 14:13:21ID: BC  Data: 00 00 00 AA 00 00 00 00 
"
"2016-11-21 14:13:21ID: BB  Data: 00 00 00 AA 00 00 00 00 
"
"2016-11-21 14:13:21ID: BC  Data: 00 00 00 AA 00 00 00 00 
"
"2016-11-21 14:13:21ID: BB  Data: 00 00 00 AA 00 00 00 00 
"
"2016-11-21 14:13:21ID: BC  Data: 00 00 00 AA 00 00 00 00 
"
"2016-11-21 14:13:21ID: BB  Data: 00 00 00 AA 00 00 00 00 
"
"2016-11-21 14:13:21ID: BC  Data: 00 00 00 AA 00 00 00 00 
"
"2016-11-21 14:13:21ID: BB  Data: 00 00 00 AA 00 00 00 00 
"
"2016-11-21 14:13:21ID: BC  Data: 00 00 00 AA 00 00 00 00 
"
"2016-11-21 14:13:21ID: BB  Data: 00 00 00 AA 00 00 00 00 
"
"2016-11-21 14:13:21ID: BC  Data: 00 00 00 AA 00 00 00 00 
"
"2016-11-21 14:13:21ID: BB  Data: 00 00 00 AA 00 00 00 00 
"
"2016-11-21 14:13:21ID: BC  Data: 00 00 00 AA 00 00 00 00 
"
"2016-11-21 14:13:21ID: BB  Data: 00 00 00 AA 00 00 00 00 
"
"2016-11-21 14:13:21ID: BC  Data: 00 00 00 AA 00 00 00 00 
"
"2016-11-21 14:13:22ID: BB  Data: 00 00 00 AA 00 00 00 00 
"
"2016-11-21 14:13:22ID: BC  Data: 00 00 00 AA 00 00 00 00 
"
"2016-11-21 14:13:22ID: BB  Data: 00 00 00 AA 00 00 00 00 
"
"2016-11-21 14:13:22ID: BC  Data: 00 00 00 AA 00 00 00 00 
"
"2016-11-21 14:13:22ID: BB  Data: 00 00 00 AA 00 00 00 00 
"
"2016-11-21 14:13:22ID: BC  Data: 00 00 00 AA 00 00 00 00 
"
"2016-11-21 14:13:22ID: BB  Data: 00 00 00 AA 00 00 00 00 
"
"2016-11-21 14:13:22ID: BC  Data: 00 00 00 AA 00 00 00 00 
"
"2016-11-21 14:13:22ID: BB  Data: 00 00 00 AA 00 00 00 00 
"
"2016-11-21 14:13:22ID: BC  Data: 00 00 00 AA 00 00 00 00 
"
"2016-11-21 14:13:22ID: BB  Data: 00 00 00 AA 00 00 00 00 
"
"2016-11-21 14:13:22ID: BC  Data: 00 00 00 AA 00 00 00 00 
"
"2016-11-21 14:13:22ID: BB  Data: 00 00 00 AA 00 00 00 00 
"
"2016-11-21 14:13:22ID: BC  Data: 00 00 00 AA 00 00 00 00 
"
"2016-11-21 14:13:22ID: BB  Data: 00 00 00 AA 00 00 00 00 
"
"2016-11-21 14:13:22ID: BC  Data: 00 00 00 AA 00 00 00 00 
"
"2016-11-21 14:13:22ID: BB  Data: 00 00 00 AA 00 00 00 00 
"
"2016-11-21 14:13:22ID: BC  Data: 00 00 00 AA 00 00 00 00 
"
"2016-11-21 14:13:22ID: BB  Data: 00 00 00 AA 00 00 00 00 
"
"2016-11-21 14:13:22ID: BC  Data: 00 00 00 AA 00 00 00 00 
"
"2016-11-21 14:13:22ID: BB  Data: 00 00 00 AA 00 00 00 00 
"
"2016-11-21 14:13:22ID: BC  Data: 00 00 00 AA 00 00 00 00 
"
"2016-11-21 14:13:22ID: BB  Data: 00 00 00 AA 00 00 00 00 
"
"2016-11-21 14:13:22ID: BC  Data: 00 00 00 AA 00 00 00 00 
"
"2016-11-21 14:13:23ID: BB  Data: 00 00 00 AA 00 00 00 00 
"
"2016-11-21 14:13:23ID: BC  Data: 00 00 00 AA 00 00 00 00 
"
"2016-11-21 14:13:23ID: BB  Data: 00 00 00 AA 00 00 00 00 
"
"2016-11-21 14:13:23ID: BC  Data: 00 00 00 AA 00 00 00 00 
"
"2016-11-21 14:13:23ID: BB  Data: 00 00 00 AA 00 00 00 00 
"
"2016-11-21 14:13:23ID: BC  Data: 00 00 00 AA 00 00 00 00 
"
"2016-11-21 14:13:23ID: BB  Data: 00 00 00 AA 00 00 00 00 
"
"2016-11-21 14:13:23ID: BC  Data: 00 00 00 AA 00 00 00 00 
"
"2016-11-21 14:13:23ID: BB  Data: 00 00 00 AA 00 00 00 00 
"
"2016-11-21 14:13:23ID: BC  Data: 00 00 00 AA 00 00 00 00 
"
"2016-11-21 14:13:23ID: BB  Data: 00 00 00 AA 00 00 00 00 
"
"2016-11-21 14:13:23ID: BC  Data: 00 00 00 AA 00 00 00 00 
"
"2016-11-21 14:13:23ID: BB  Data: 00 00 00 AA 00 00 00 00 
"
"2016-11-21 14:13:23ID: BC  Data: 00 00 00 AA 00 00 00 00 
"
"2016-11-21 14:13:23ID: BB  Data: 00 00 00 AA 00 00 00 00 
"
"2016-11-21 14:13:23ID: BC  Data: 00 00 00 AA 00 00 00 00 
"
"2016-11-21 14:13:23ID: BB  Data: 00 00 00 AA 00 00 00 00 
"
"2016-11-21 14:13:23ID: BC  Data: 00 00 00 AA 00 00 00 00 
"
"2016-11-21 14:13:23ID: BB  Data: 00 00 00 AA 00 00 00 00 
"
"2016-11-21 14:13:23ID: BC  Data: 00 00 00 AA 00 00 00 00 
"
"2016-11-21 14:13:23ID: BB  Data: 00 00 00 AA 00 00 00 00 
"
"2016-11-21 14:13:23ID: BC  Data: 00 00 00 AA 00 00 00 00 
"
"2016-11-21 14:13:24ID: BB  Data: 00 00 00 AA 00 00 00 00 
"
"2016-11-21 14:13:24ID: BC  Data: 00 00 00 AA 00 00 00 00 
"
"2016-11-21 14:13:24ID: BB  Data: 00 00 00 AA 00 00 00 00 
"
"2016-11-21 14:13:24ID: BC  Data: 00 00 00 AA 00 00 00 00 
"
"2016-11-21 14:13:24ID: BB  Data: 00 00 00 AA 00 00 00 00 
"
"2016-11-21 14:13:24ID: BC  Data: 00 00 00 AA 00 00 00 00 
"
"2016-11-21 14:13:24ID: BB  Data: 00 00 00 AA 00 00 00 00 
"
"2016-11-21 14:13:24ID: BC  Data: 00 00 00 AA 00 00 00 00 
"
"2016-11-21 14:13:24ID: BB  Data: 00 00 00 AA 00 00 00 00 
"
"2016-11-21 14:13:24ID: BC  Data: 00 00 00 AA 00 00 00 00 
"
"2016-11-21 14:13:24ID: BB  Data: 00 00 00 AA 00 00 00 00 
"
"2016-11-21 14:13:24ID: BC  Data: 00 00 00 AA 00 00 00 00 
"
"2016-11-21 14:13:24ID: BB  Data: 00 00 00 AA 00 00 00 00 
"
"2016-11-21 14:13:24ID: BC  Data: 00 00 00 AA 00 00 00 00 
"
"2016-11-21 14:13:24ID: BB  Data: 00 00 00 AA 00 00 00 00 
"
"2016-11-21 14:13:24ID: BC  Data: 00 00 00 AA 00 00 00 00 
"
"2016-11-21 14:13:24ID: BB  Data: 00 00 00 AA 00 00 00 00 
"
"2016-11-21 14:13:24ID: BC  Data: 00 00 00 AA 00 00 00 00 
"
"2016-11-21 14:13:24ID: BB  Data: 00 00 00 AA 00 00 00 00 
"
"2016-11-21 14:13:24ID: BC  Data: 00 00 00 AA 00 00 00 00 
"
"2016-11-21 14:13:24ID: BB  Data: 00 00 00 AA 00 00 00 00 
"
"2016-11-21 14:13:24ID: BC  Data: 00 00 00 AA 00 00 00 00 
"
"2016-11-21 14:13:25ID: BB  Data: 00 00 00 AA 00 00 00 00 
"
"2016-11-21 14:13:25ID: BC  Data: 00 00 00 AA 00 00 00 00 
"
"2016-11-21 14:13:25ID: BB  Data: 00 00 00 AA 00 00 00 00 
"
"2016-11-21 14:13:25ID: BC  Data: 00 00 00 AA 00 00 00 00 
"
"2016-11-21 14:13:25ID: BB  Data: 00 00 00 AA 00 00 00 00 
"
"2016-11-21 14:13:25ID: BC  Data: 00 00 00 AA 00 00 00 00 
"
"2016-11-21 14:13:25ID: BB  Data: 00 00 00 AA 00 00 00 00 
"
"2016-11-21 14:13:25ID: BC  Data: 00 00 00 AA 00 00 00 00 
"
"2016-11-21 14:13:25ID: BB  Data: 00 00 00 AA 00 00 00 00 
"
"2016-11-21 14:13:25ID: BC  Data: 00 00 00 AA 00 00 00 00 
"
"2016-11-21 14:13:25ID: BB  Data: 00 00 00 AA 00 00 00 00 
"
"2016-11-21 14:13:25ID: BC  Data: 00 00 00 AA 00 00 00 00 
"
"2016-11-21 14:13:25ID: BB  Data: 00 00 00 AA 00 00 00 00 
"
"2016-11-21 14:13:25ID: BC  Data: 00 00 00 AA 00 00 00 00 
"
"2016-11-21 14:13:25ID: BB  Data: 00 00 00 AA 00 00 00 00 
"
"2016-11-21 14:13:25ID: BC  Data: 00 00 00 AA 00 00 00 00 
"
"2016-11-21 14:13:25ID: BB  Data: 00 00 00 AA 00 00 00 00 
"
"2016-11-21 14:13:25ID: BC  Data: 00 00 00 AA 00 00 00 00 
"
"2016-11-21 14:13:25ID: BB  Data: 00 00 00 AA 00 00 00 00 
"
"2016-11-21 14:13:25ID: BC  Data: 00 00 00 AA 00 00 00 00 
"
"2016-11-21 14:13:25ID: BB  Data: 00 00 00 AA 00 00 00 00 
"
"2016-11-21 14:13:25ID: BC  Data: 00 00 00 AA 00 00 00 00 
"
"2016-11-21 14:13:25ID: BB  Data: 00 00 00 AA 00 00 00 00 
"
"2016-11-21 14:13:25ID: BC  Data: 00 00 00 AA 00 00 00 00 
"
"2016-11-21 14:13:26ID: BB  Data: 00 00 00 AA 00 00 00 00 
"
"2016-11-21 14:13:26ID: BC  Data: 00 00 00 AA 00 00 00 00 
"
"2016-11-21 14:13:26ID: BB  Data: 00 00 00 AA 00 00 00 00 
"
"2016-11-21 14:13:26ID: BC  Data: 00 00 00 AA 00 00 00 00 
"
"2016-11-21 14:13:26ID: BB  Data: 00 00 00 AA 00 00 00 00 
"
"2016-11-21 14:13:26ID: BC  Data: 00 00 00 AA 00 00 00 00 
"
"2016-11-21 14:13:26ID: BB  Data: 00 00 00 AA 00 00 00 00 
"
"2016-11-21 14:13:26ID: BC  Data: 00 00 00 AA 00 00 00 00 
"
"2016-11-21 14:13:26ID: BB  Data: 00 00 00 AA 00 00 00 00 
"
"2016-11-21 14:13:26ID: BC  Data: 00 00 00 AA 00 00 00 00 
"
"2016-11-21 14:13:26ID: BB  Data: 00 00 00 AA 00 00 00 00 
"
"2016-11-21 14:13:26ID: BC  Data: 00 00 00 AA 00 00 00 00 
"
"2016-11-21 14:13:26ID: BB  Data: 00 00 00 AA 00 00 00 00 
"
"2016-11-21 14:13:26ID: BC  Data: 00 00 00 AA 00 00 00 00 
"
"2016-11-21 14:13:26ID: BB  Data: 00 00 00 AA 00 00 00 00 
"
"2016-11-21 14:13:26ID: BC  Data: 00 00 00 AA 00 00 00 00 
"
"2016-11-21 14:13:26ID: BB  Data: 00 00 00 AA 00 00 00 00 
"
"2016-11-21 14:13:26ID: BC  Data: 00 00 00 AA 00 00 00 00 
"
"2016-11-21 14:13:26ID: BB  Data: 00 00 00 AA 00 00 00 00 
"
"2016-11-21 14:13:26ID: BC  Data: 00 00 00 AA 00 00 00 00 
"
"2016-11-21 14:13:26ID: BB  Data: 00 00 00 AA 00 00 00 00 
"
"2016-11-21 14:13:26ID: BC  Data: 00 00 00 AA 00 00 00 00 
"
"2016-11-21 14:13:27ID: BB  Data: 00 00 00 AA 00 00 00 00 
"
"2016-11-21 14:13:27ID: BC  Data: 00 00 00 AA 00 00 00 00 
"
"2016-11-21 14:13:27ID: BB  Data: 00 00 00 AA 00 00 00 00 
"
"2016-11-21 14:13:27ID: BC  Data: 00 00 00 AA 00 00 00 00 
"
"2016-11-21 14:13:27ID: BB  Data: 00 00 00 AA 00 00 00 00 
"
"2016-11-21 14:13:27ID: BC  Data: 00 00 00 AA 00 00 00 00 
"
"2016-11-21 14:13:27ID: BB  Data: 00 00 00 AA 00 00 00 00 
"
"2016-11-21 14:13:27ID: BC  Data: 00 00 00 AA 00 00 00 00 
"
"2016-11-21 14:13:27ID: BB  Data: 00 00 00 AA 00 00 00 00 
"
"2016-11-21 14:13:27ID: BC  Data: 00 00 00 AA 00 00 00 00 
"
"2016-11-21 14:13:27ID: BB  Data: 00 00 00 AA 00 00 00 00 
"
"2016-11-21 14:13:27ID: BC  Data: 00 00 00 AA 00 00 00 00 
"
"2016-11-21 14:13:27ID: BB  Data: 00 00 00 AA 00 00 00 00 
"
"2016-11-21 14:13:27ID: BC  Data: 00 00 00 AA 00 00 00 00 
"
"2016-11-21 14:13:27ID: BB  Data: 00 00 00 AA 00 00 00 00 
"
"2016-11-21 14:13:27ID: BC  Data: 00 00 00 AA 00 00 00 00 
"
"2016-11-21 14:13:27ID: BB  Data: 00 00 00 AA 00 00 00 00 
"
"2016-11-21 14:13:27ID: BC  Data: 00 00 00 AA 00 00 00 00 
"
"2016-11-21 14:13:27ID: BB  Data: 00 00 00 AA 00 00 00 00 
"
"2016-11-21 14:13:27ID: BC  Data: 00 00 00 AA 00 00 00 00 
"
"2016-11-21 14:13:27ID: BB  Data: 00 00 00 AA 00 00 00 00 
"
"2016-11-21 14:13:27ID: BC  Data: 00 00 00 AA 00 00 00 00 
"
"2016-11-21 14:13:27ID: BB  Data: 00 00 00 AA 00 00 00 00 
"
"2016-11-21 14:13:28ID: BC  Data: 00 00 00 AA 00 00 00 00 
"
"2016-11-21 14:13:28ID: BB  Data: 00 00 00 AA 00 00 00 00 
"
"2016-11-21 14:13:28ID: BC  Data: 00 00 00 AA 00 00 00 00 
"
"2016-11-21 14:13:28ID: BB  Data: 00 00 00 AA 00 00 00 00 
"
"2016-11-21 14:13:28ID: BC  Data: 00 00 00 AA 00 00 00 00 
"
"2016-11-21 14:13:28ID: BB  Data: 00 00 00 AA 00 00 00 00 
"
"2016-11-21 14:13:28ID: BC  Data: 00 00 00 AA 00 00 00 00 
"
"2016-11-21 14:13:28ID: BB  Data: 00 00 00 AA 00 00 00 00 
"
"2016-11-21 14:13:28ID: BC  Data: 00 00 00 AA 00 00 00 00 
"
"2016-11-21 14:13:28ID: BB  Data: 00 00 00 AA 00 00 00 00 
"
"2016-11-21 14:13:28ID: BC  Data: 00 00 00 AA 00 00 00 00 
"
"2016-11-21 14:13:28ID: BB  Data: 00 00 00 AA 00 00 00 00 
"
"2016-11-21 14:13:28ID: BC  Data: 00 00 00 AA 00 00 00 00 
"
"2016-11-21 14:13:28ID: BB  Data: 00 00 00 AA 00 00 00 00 
"
"2016-11-21 14:13:28ID: BB  Data: 00 00 00 AA 00 00 00 00 
"
"2016-11-21 14:13:28ID: BC  Data: 00 00 00 AA 00 00 00 00 
"
"2016-11-21 14:13:28ID: BB  Data: 00 00 00 AA 00 00 00 00 
"
"2016-11-21 14:13:28ID: BC  Data: 00 00 00 AA 00 00 00 00 
"
"2016-11-21 14:13:28ID: BB  Data: 00 00 00 AA 00 00 00 00 
"
"2016-11-21 14:13:28ID: BC  Data: 00 00 00 AA 00 00 00 00 
"
"2016-11-21 14:13:28ID: BB  Data: 00 00 00 AA 00 00 00 00 
"
"2016-11-21 14:13:28ID: BC  Data: 00 00 00 AA 00 00 00 00 
"
"2016-11-21 14:13:29ID: BB  Data: 00 00 00 AA 00 00 00 00 
"
"2016-11-21 14:13:29ID: BC  Data: 00 00 00 AA 00 00 00 00 
"
"2016-11-21 14:13:29ID: BB  Data: 00 00 00 AA 00 00 00 00 
"
"2016-11-21 14:13:29ID: BC  Data: 00 00 00 AA 00 00 00 00 
"
"2016-11-21 14:13:29ID: BB  Data: 00 00 00 AA 00 00 00 00 
"
"2016-11-21 14:13:29ID: BC  Data: 00 00 00 AA 00 00 00 00 
"
"2016-11-21 14:13:29ID: BB  Data: 00 00 00 AA 00 00 00 00 
"
"2016-11-21 14:13:29ID: BC  Data: 00 00 00 AA 00 00 00 00 
"
"2016-11-21 14:13:29ID: BB  Data: 00 00 00 AA 00 00 00 00 
"
"2016-11-21 14:13:29ID: BC  Data: 00 00 00 AA 00 00 00 00 
"
"2016-11-21 14:13:29ID: BB  Data: 00 00 00 AA 00 00 00 00 
"
"2016-11-21 14:13:29ID: BC  Data: 00 00 00 AA 00 00 00 00 
"
"2016-11-21 14:13:29ID: BB  Data: 00 00 00 AA 00 00 00 00 
"
"2016-11-21 14:13:29ID: BC  Data: 00 00 00 AA 00 00 00 00 
"
"2016-11-21 14:13:29ID: BB  Data: 00 00 00 AA 01 8E 18 D0 
"
"2016-11-21 14:13:29ID: BC  Data: 00 00 00 AA FE 71 E7 30 
"
"2016-11-21 14:13:29ID: BB  Data: 00 00 00 AA 02 73 07 E6 
"
"2016-11-21 14:13:29ID: BC  Data: 00 00 00 AA FD 8C F8 1A 
"
"2016-11-21 14:13:29ID: BB  Data: 00 00 00 AA 03 1B 71 28 
"
"2016-11-21 14:13:29ID: BC  Data: 00 00 00 AA FC E4 8E D8 
"
"2016-11-21 14:13:29ID: BB  Data: 00 00 00 AA 03 DE 2A DD 
"
"2016-11-21 14:13:29ID: BC  Data: 00 00 00 AA FC 21 D5 23 
"
"2016-11-21 14:13:30ID: BB  Data: 00 00 00 AA 04 01 B1 11 
"
"2016-11-21 14:13:30ID: BC  Data: 00 00 00 AA FB FE 4E EF 
"
"2016-11-21 14:13:30ID: BB  Data: 00 00 00 AA 04 6C 43 AD 
"
"2016-11-21 14:13:30ID: BC  Data: 00 00 00 AA FB 93 BC 53 
"
"2016-11-21 14:13:30ID: BB  Data: 00 00 00 AA 05 7F 3F 8B 
"
"2016-11-21 14:13:30ID: BC  Data: 00 00 00 AA FA 80 C0 75 
"
"2016-11-21 14:13:30ID: BB  Data: 00 00 00 AA 05 DD FA C0 
"
"2016-11-21 14:13:30ID: BC  Data: 00 00 00 AA FA 22 05 40 
"
"2016-11-21 14:13:30ID: BB  Data: 00 00 00 AA 06 68 21 18 
"
"2016-11-21 14:13:30ID: BC  Data: 00 00 00 AA F9 97 DE E8 
"
"2016-11-21 14:13:30ID: BB  Data: 00 00 00 AA 07 1F 03 66 
"
"2016-11-21 14:13:30ID: BC  Data: 00 00 00 AA F8 E0 FC 9A 
"
"2016-11-21 14:13:30ID: BB  Data: 00 00 00 AA 07 CB 5F 20 
"
"2016-11-21 14:13:30ID: BC  Data: 00 00 00 AA F8 34 A0 E0 
"
"2016-11-21 14:13:30ID: BB  Data: 00 00 00 AA 08 49 AE 11 
"
"2016-11-21 14:13:30ID: BC  Data: 00 00 00 AA F7 B6 51 EF 
"
"2016-11-21 14:13:30ID: BB  Data: 00 00 00 AA 08 A8 69 46 
"
"2016-11-21 14:13:30ID: BC  Data: 00 00 00 AA F7 57 96 BA 
"
"2016-11-21 14:13:30ID: BB  Data: 00 00 00 AA 08 A0 84 57 
"
"2016-11-21 14:13:30ID: BC  Data: 00 00 00 AA F7 5F 7B A9 
"
"2016-11-21 14:13:30ID: BB  Data: 00 00 00 AA 08 7F 9F C8 
"
"2016-11-21 14:13:30ID: BC  Data: 00 00 00 AA F7 80 60 38 
"
"2016-11-21 14:13:30ID: BB  Data: 00 00 00 AA 08 88 D5 8A 
"
"2016-11-21 14:13:30ID: BC  Data: 00 00 00 AA F7 77 2A 76 
"
"2016-11-21 14:13:31ID: BB  Data: 00 00 00 AA 08 8C C8 02 
"
"2016-11-21 14:13:31ID: BC  Data: 00 00 00 AA F7 73 37 FE 
"
"2016-11-21 14:13:31ID: BB  Data: 00 00 00 AA 08 8C C8 02 
"
"2016-11-21 14:13:31ID: BC  Data: 00 00 00 AA F7 73 37 FE 
"
"2016-11-21 14:13:31ID: BB  Data: 00 00 00 AA 08 87 84 B8 
"
"2016-11-21 14:13:31ID: BC  Data: 00 00 00 AA F7 78 7B 48 
"
"2016-11-21 14:13:31ID: BB  Data: 00 00 00 AA 08 86 33 E5 
"
"2016-11-21 14:13:31ID: BC  Data: 00 00 00 AA F7 79 CC 1B 
"
"2016-11-21 14:13:31ID: BB  Data: 00 00 00 AA 08 83 92 40 
"
"2016-11-21 14:13:31ID: BC  Data: 00 00 00 AA F7 7C 6D C0 
"
"2016-11-21 14:13:31ID: BB  Data: 00 00 00 AA 08 75 19 34 
"
"2016-11-21 14:13:31ID: BC  Data: 00 00 00 AA F7 8A E6 CC 
"
"2016-11-21 14:13:31ID: BB  Data: 00 00 00 AA 08 75 19 34 
"
"2016-11-21 14:13:31ID: BC  Data: 00 00 00 AA F7 8A E6 CC 
"
"2016-11-21 14:13:31ID: BB  Data: 00 00 00 AA 08 75 19 34 
"
"2016-11-21 14:13:31ID: BC  Data: 00 00 00 AA F7 8A E6 CC 
"
"2016-11-21 14:13:31ID: BB  Data: 00 00 00 AA 08 6E 85 18 
"
"2016-11-21 14:13:31ID: BC  Data: 00 00 00 AA F7 91 7A E8 
"
"2016-11-21 14:13:31ID: BB  Data: 00 00 00 AA 08 6B E3 73 
"
"2016-11-21 14:13:31ID: BC  Data: 00 00 00 AA F7 94 1C 8D 
"
"2016-11-21 14:13:31ID: BB  Data: 00 00 00 AA 08 62 AD B1 
"
"2016-11-21 14:13:31ID: BC  Data: 00 00 00 AA F7 9D 52 4F 
"
"2016-11-21 14:13:32ID: BB  Data: 00 00 00 AA 08 49 AE 11 
"
"2016-11-21 14:13:32ID: BC  Data: 00 00 00 AA F7 B6 51 EF 
"
"2016-11-21 14:13:32ID: BB  Data: 00 00 00 AA 08 38 93 61 
"
"2016-11-21 14:13:32ID: BC  Data: 00 00 00 AA F7 C7 6C 9F 
"
"2016-11-21 14:13:32ID: BB  Data: 00 00 00 AA 08 2F 5D 9F 
"
"2016-11-21 14:13:32ID: BC  Data: 00 00 00 AA F7 D0 A2 61 
"
"2016-11-21 14:13:32ID: BB  Data: 00 00 00 AA 08 35 F1 BC 
"
"2016-11-21 14:13:32ID: BC  Data: 00 00 00 AA F7 CA 0E 44 
"
"2016-11-21 14:13:32ID: BB  Data: 00 00 00 AA 08 37 42 8E 
"
"2016-11-21 14:13:32ID: BC  Data: 00 00 00 AA F7 C8 BD 72 
"
"2016-11-21 14:13:32ID: BB  Data: 00 00 00 AA 08 2A 1A 55 
"
"2016-11-21 14:13:32ID: BC  Data: 00 00 00 AA F7 D5 E5 AB 
"
"2016-11-21 14:13:32ID: BB  Data: 00 00 00 AA 08 11 1A B5 
"
"2016-11-21 14:13:32ID: BC  Data: 00 00 00 AA F7 EE E5 4B 
"
"2016-11-21 14:13:32ID: BB  Data: 00 00 00 AA 08 0F C9 E3 
"
"2016-11-21 14:13:32ID: BC  Data: 00 00 00 AA F7 F0 36 1D 
"
"2016-11-21 14:13:32ID: BB  Data: 00 00 00 AA 07 E9 A2 0A 
"
"2016-11-21 14:13:32ID: BC  Data: 00 00 00 AA F8 16 5D F6 
"
"2016-11-21 14:13:32ID: BB  Data: 00 00 00 AA 07 54 F5 1D 
"
"2016-11-21 14:13:32ID: BC  Data: 00 00 00 AA F8 AB 0A E3 
"
"2016-11-21 14:13:32ID: BB  Data: 00 00 00 AA 07 0B 47 10 
"
"2016-11-21 14:13:32ID: BC  Data: 00 00 00 AA F8 F4 B8 F0 
"
"2016-11-21 14:13:33ID: BB  Data: 00 00 00 AA 06 E1 2C C0 
"
"2016-11-21 14:13:33ID: BC  Data: 00 00 00 AA F9 1E D3 40 
"
"2016-11-21 14:13:33ID: BB  Data: 00 00 00 AA 06 E2 7D 92 
"
"2016-11-21 14:13:33ID: BC  Data: 00 00 00 AA F9 1D 82 6E 
"
"2016-11-21 14:13:33ID: BB  Data: 00 00 00 AA 06 E3 CE 65 
"
"2016-11-21 14:13:33ID: BC  Data: 00 00 00 AA F9 1C 31 9B 
"
"2016-11-21 14:13:33ID: BB  Data: 00 00 00 AA 06 DB E9 76 
"
"2016-11-21 14:13:33ID: BC  Data: 00 00 00 AA F9 24 16 8A 
"
"2016-11-21 14:13:33ID: BB  Data: 00 00 00 AA 06 A9 EA 36 
"
"2016-11-21 14:13:33ID: BC  Data: 00 00 00 AA F9 56 15 CA 
"
"2016-11-21 14:13:33ID: BB  Data: 00 00 00 AA 04 25 37 45 
"
"2016-11-21 14:13:33ID: BC  Data: 00 00 00 AA FB DA C8 BB 
"
"2016-11-21 14:13:33ID: BB  Data: 00 00 00 AA 00 00 00 00 
"
"2016-11-21 14:13:33ID: BC  Data: 00 00 00 AA 00 00 00 00 
"
"2016-11-21 14:13:33ID: BB  Data: 00 00 00 AA 00 00 00 00 
"
"2016-11-21 14:13:33ID: BC  Data: 00 00 00 AA 00 00 00 00 
"
"2016-11-21 14:13:33ID: BB  Data: 00 00 00 AA 00 00 00 00 
"
"2016-11-21 14:13:33ID: BC  Data: 00 00 00 AA 00 00 00 00 
"
"2016-11-21 14:13:33ID: BB  Data: 00 00 00 AA 00 00 00 00 
"
"2016-11-21 14:13:33ID: BC  Data: 00 00 00 AA 00 00 00 00 
"
"2016-11-21 14:13:33ID: BB  Data: 00 00 00 AA 00 00 00 00 
"
"2016-11-21 14:13:33ID: BC  Data: 00 00 00 AA 00 00 00 00 
"
"2016-11-21 14:13:33ID: BB  Data: 00 00 00 AA 00 00 00 00 
"
"2016-11-21 14:13:33ID: BC  Data: 00 00 00 AA 00 00 00 00 
"
"2016-11-21 14:13:34ID: BB  Data: 00 00 00 AA 00 00 00 00 
"
"2016-11-21 14:13:34ID: BC  Data: 00 00 00 AA 00 00 00 00 
"
"2016-11-21 14:13:34ID: BB  Data: 00 00 00 AA 00 00 00 00 
"
"2016-11-21 14:13:34ID: BC  Data: 00 00 00 AA 00 00 00 00 
"
"2016-11-21 14:13:34ID: BB  Data: 00 00 00 AA 00 00 00 00 
"
"2016-11-21 14:13:34ID: BC  Data: 00 00 00 AA 00 00 00 00 
"
"2016-11-21 14:13:34ID: BB  Data: 00 00 00 AA 00 00 00 00 
"
"2016-11-21 14:13:34ID: BC  Data: 00 00 00 AA 00 00 00 00 
"
"2016-11-21 14:13:34ID: BB  Data: 00 00 00 AA 00 00 00 00 
"
"2016-11-21 14:13:34ID: BC  Data: 00 00 00 AA 00 00 00 00 
"
"2016-11-21 14:13:34ID: BB  Data: 00 00 00 AA 00 00 00 00 
"
"2016-11-21 14:13:34ID: BC  Data: 00 00 00 AA 00 00 00 00 
"
"2016-11-21 14:13:34ID: BB  Data: 00 00 00 AA 00 00 00 00 
"
"2016-11-21 14:13:34ID: BC  Data: 00 00 00 AA 00 00 00 00 
"
"2016-11-21 14:13:34ID: BB  Data: 00 00 00 AA 00 00 00 00 
"
"2016-11-21 14:13:34ID: BC  Data: 00 00 00 AA 00 00 00 00 
"
"2016-11-21 14:13:34ID: BB  Data: 00 00 00 AA 00 00 00 00 
"
"2016-11-21 14:13:34ID: BC  Data: 00 00 00 AA 00 00 00 00 
"
"2016-11-21 14:13:34ID: BB  Data: 00 00 00 AA 00 00 00 00 
"
"2016-11-21 14:13:34ID: BC  Data: 00 00 00 AA 00 00 00 00 
"
"2016-11-21 14:13:34ID: BB  Data: 00 00 00 AA 00 00 00 00 
"
"2016-11-21 14:13:34ID: BC  Data: 00 00 00 AA 00 00 00 00 
"
"2016-11-21 14:13:35ID: BB  Data: 00 00 00 AA 00 00 00 00 
"
"2016-11-21 14:13:35ID: BC  Data: 00 00 00 AA 00 00 00 00 
"
"2016-11-21 14:13:35ID: BB  Data: 00 00 00 AA 00 00 00 00 
"
"2016-11-21 14:13:35ID: BC  Data: 00 00 00 AA 00 00 00 00 
"
"2016-11-21 14:13:35ID: BB  Data: 00 00 00 AA 00 00 00 00 
"
"2016-11-21 14:13:35ID: BC  Data: 00 00 00 AA 00 00 00 00 
"
"2016-11-21 14:13:35ID: BB  Data: 00 00 00 AA 00 00 00 00 
"
"2016-11-21 14:13:35ID: BC  Data: 00 00 00 AA 00 00 00 00 
"
"2016-11-21 14:13:35ID: BB  Data: 00 00 00 AA 00 00 00 00 
"
"2016-11-21 14:13:35ID: BC  Data: 00 00 00 AA 00 00 00 00 
"
"2016-11-21 14:13:35ID: BB  Data: 00 00 00 AA 00 00 00 00 
"
"2016-11-21 14:13:35ID: BC  Data: 00 00 00 AA 00 00 00 00 
"
"2016-11-21 14:13:35ID: BB  Data: 00 00 00 AA 00 00 00 00 
"
"2016-11-21 14:13:35ID: BC  Data: 00 00 00 AA 00 00 00 00 
"
"2016-11-21 14:13:35ID: BB  Data: 00 00 00 AA 00 00 00 00 
"
"2016-11-21 14:13:35ID: BC  Data: 00 00 00 AA 00 00 00 00 
"
"2016-11-21 14:13:35ID: BB  Data: 00 00 00 AA 00 00 00 00 
"
"2016-11-21 14:13:35ID: BC  Data: 00 00 00 AA 00 00 00 00 
"
"2016-11-21 14:13:35ID: BB  Data: 00 00 00 AA 00 00 00 00 
"
"2016-11-21 14:13:35ID: BC  Data: 00 00 00 AA 00 00 00 00 
"
"2016-11-21 14:13:35ID: BB  Data: 00 00 00 AA 00 00 00 00 
"
"2016-11-21 14:13:35ID: BC  Data: 00 00 00 AA 00 00 00 00 
"
"2016-11-21 14:13:35ID: BB  Data: 00 00 00 AA 00 00 00 00 
"
"2016-11-21 14:13:36ID: BC  Data: 00 00 00 AA 00 00 00 00 
"
"2016-11-21 14:13:36ID: BB  Data: 00 00 00 AA 00 00 00 00 
"
"2016-11-21 14:13:36ID: BC  Data: 00 00 00 AA 00 00 00 00 
"
"2016-11-21 14:13:36ID: BB  Data: 00 00 00 AA 03 18 CF 83 
"
"2016-11-21 14:13:36ID: BC  Data: 00 00 00 AA FC E7 30 7D 
"
"2016-11-21 14:13:36ID: BB  Data: 00 00 00 AA 03 DF 7B AF 
"
"2016-11-21 14:13:36ID: BC  Data: 00 00 00 AA FC 20 84 51 
"
"2016-11-21 14:13:36ID: BB  Data: 00 00 00 AA 03 ED F4 BB 
"
"2016-11-21 14:13:36ID: BC  Data: 00 00 00 AA FC 12 0B 45 
"
"2016-11-21 14:13:36ID: BB  Data: 00 00 00 AA 04 06 F4 5B 
"
"2016-11-21 14:13:36ID: BC  Data: 00 00 00 AA FB F9 0B A5 
"
"2016-11-21 14:13:36ID: BB  Data: 00 00 00 AA 04 FE 4E F4 
"
"2016-11-21 14:13:36ID: BC  Data: 00 00 00 AA FB 01 B1 0C 
"
"2016-11-21 14:13:36ID: BB  Data: 00 00 00 AA 05 19 F0 39 
"
"2016-11-21 14:13:36ID: BC  Data: 00 00 00 AA FA E6 0F C7 
"
"2016-11-21 14:13:36ID: BB  Data: 00 00 00 AA 05 04 E3 11 
"
"2016-11-21 14:13:36ID: BC  Data: 00 00 00 AA FA FB 1C EF 
"
"2016-11-21 14:13:36ID: BB  Data: 00 00 00 AA 04 E7 F0 F9 
"
"2016-11-21 14:13:36ID: BC  Data: 00 00 00 AA FB 18 0F 07 
"
"2016-11-21 14:13:36ID: BB  Data: 00 00 00 AA 04 D5 85 76 
"
"2016-11-21 14:13:36ID: BC  Data: 00 00 00 AA FB 2A 7A 8A 
"
"2016-11-21 14:13:36ID: BB  Data: 00 00 00 AA 04 98 FF A2 
"
"2016-11-21 14:13:36ID: BC  Data: 00 00 00 AA FB 67 00 5E 
"
"2016-11-21 14:13:37ID: BB  Data: 00 00 00 AA 02 DA F8 DD 
"
"2016-11-21 14:13:37ID: BC  Data: 00 00 00 AA FD 25 07 23 
"
"2016-11-21 14:13:37ID: BB  Data: 00 00 00 AA 02 09 C6 1D 
"
"2016-11-21 14:13:37ID: BC  Data: 00 00 00 AA FD F6 39 E3 
"
"2016-11-21 14:13:37ID: BB  Data: 00 00 00 AA 02 5B 59 19 
"
"2016-11-21 14:13:37ID: BC  Data: 00 00 00 AA FD A4 A6 E7 
"
"2016-11-21 14:13:37ID: BB  Data: 00 00 00 AA 03 D7 96 C0 
"
"2016-11-21 14:13:37ID: BC  Data: 00 00 00 AA FC 28 69 40 
"
"2016-11-21 14:13:37ID: BB  Data: 00 00 00 AA 04 27 D8 EA 
"
"2016-11-21 14:13:37ID: BC  Data: 00 00 00 AA FB D8 27 16 
"
"2016-11-21 14:13:37ID: BB  Data: 00 00 00 AA 04 2F BD D9 
"
"2016-11-21 14:13:37ID: BC  Data: 00 00 00 AA FB D0 42 27 
"
"2016-11-21 14:13:37ID: BB  Data: 00 00 00 AA 04 67 00 63 
"
"2016-11-21 14:13:37ID: BC  Data: 00 00 00 AA FB 98 FF 9D 
"
"2016-11-21 14:13:37ID: BB  Data: 00 00 00 AA 04 87 E4 F2 
"
"2016-11-21 14:13:37ID: BC  Data: 00 00 00 AA FB 78 1B 0E 
"
"2016-11-21 14:13:37ID: BB  Data: 00 00 00 AA 04 C8 5D 3D 
"
"2016-11-21 14:13:37ID: BC  Data: 00 00 00 AA FB 37 A2 C3 
"
"2016-11-21 14:13:37ID: BB  Data: 00 00 00 AA 04 CC 4F B4 
"
"2016-11-21 14:13:37ID: BC  Data: 00 00 00 AA FB 33 B0 4C 
"
"2016-11-21 14:13:37ID: BB  Data: 00 00 00 AA 04 B4 A0 E7 
"
"2016-11-21 14:13:37ID: BC  Data: 00 00 00 AA FB 4B 5F 19 
"
"2016-11-21 14:13:38ID: BB  Data: 00 00 00 AA 04 86 94 1F 
"
"2016-11-21 14:13:38ID: BC  Data: 00 00 00 AA FB 79 6B E1 
"
"2016-11-21 14:13:38ID: BB  Data: 00 00 00 AA 04 72 D7 C9 
"
"2016-11-21 14:13:38ID: BC  Data: 00 00 00 AA FB 8D 28 37 
"
"2016-11-21 14:13:38ID: BB  Data: 00 00 00 AA 04 68 51 35 
"
"2016-11-21 14:13:38ID: BC  Data: 00 00 00 AA FB 97 AE CB 
"
"2016-11-21 14:13:38ID: BB  Data: 00 00 00 AA 04 6C 43 AD 
"
"2016-11-21 14:13:38ID: BC  Data: 00 00 00 AA FB 93 BC 53 
"
"2016-11-21 14:13:38ID: BB  Data: 00 00 00 AA 04 6A F2 DA 
"
"2016-11-21 14:13:38ID: BC  Data: 00 00 00 AA FB 95 0D 26 
"
"2016-11-21 14:13:38ID: BB  Data: 00 00 00 AA 04 4F 51 95 
"
"2016-11-21 14:13:38ID: BC  Data: 00 00 00 AA FB B0 AE 6B 
"
"2016-11-21 14:13:38ID: BB  Data: 00 00 00 AA 04 4B 5F 1E 
"
"2016-11-21 14:13:38ID: BC  Data: 00 00 00 AA FB B4 A0 E2 
"
"2016-11-21 14:13:38ID: BB  Data: 00 00 00 AA 04 82 A1 A7 
"
"2016-11-21 14:13:38ID: BC  Data: 00 00 00 AA FB 7D 5E 59 
"
"2016-11-21 14:13:38ID: BB  Data: 00 00 00 AA 04 A0 E4 91 
"
"2016-11-21 14:13:38ID: BC  Data: 00 00 00 AA FB 5F 1B 6F 
"
"2016-11-21 14:13:38ID: BB  Data: 00 00 00 AA 04 A0 E4 91 
"
"2016-11-21 14:13:38ID: BC  Data: 00 00 00 AA FB 5F 1B 6F 
"
"2016-11-21 14:13:38ID: BB  Data: 00 00 00 AA 04 A0 E4 91 
"
"2016-11-21 14:13:38ID: BC  Data: 00 00 00 AA FB 5F 1B 6F 
"
"2016-11-21 14:13:38ID: BB  Data: 00 00 00 AA 03 16 2D DE 
"
"2016-11-21 14:13:38ID: BC  Data: 00 00 00 AA FC E9 D2 22 
"
"2016-11-21 14:13:39ID: BB  Data: 00 00 00 AA 00 00 00 00 
"
"2016-11-21 14:13:39ID: BC  Data: 00 00 00 AA 00 00 00 00 
"
"2016-11-21 14:13:39ID: BB  Data: 00 00 00 AA 00 00 00 00 
"
"2016-11-21 14:13:39ID: BC  Data: 00 00 00 AA 00 00 00 00 
"
"2016-11-21 14:13:39ID: BB  Data: 00 00 00 AA 00 00 00 00 
"
"2016-11-21 14:13:39ID: BC  Data: 00 00 00 AA 00 00 00 00 
"
"2016-11-21 14:13:39ID: BB  Data: 00 00 00 AA 00 00 00 00 
"
"2016-11-21 14:13:39ID: BC  Data: 00 00 00 AA 00 00 00 00 
"
"2016-11-21 14:13:39ID: BB  Data: 00 00 00 AA 00 00 00 00 
"
"2016-11-21 14:13:39ID: BC  Data: 00 00 00 AA 00 00 00 00 
"
"2016-11-21 14:13:39ID: BB  Data: 00 00 00 AA 00 00 00 00 
"
"2016-11-21 14:13:39ID: BC  Data: 00 00 00 AA 00 00 00 00 
"
"2016-11-21 14:13:39ID: BB  Data: 00 00 00 AA 00 00 00 00 
"
"2016-11-21 14:13:39ID: BC  Data: 00 00 00 AA 00 00 00 00 
"
"2016-11-21 14:13:39ID: BB  Data: 00 00 00 AA 00 00 00 00 
"
"2016-11-21 14:13:39ID: BC  Data: 00 00 00 AA 00 00 00 00 
"
"2016-11-21 14:13:39ID: BB  Data: 00 00 00 AA 00 00 00 00 
"
"2016-11-21 14:13:39ID: BC  Data: 00 00 00 AA 00 00 00 00 
"
"2016-11-21 14:13:39ID: BB  Data: 00 00 00 AA 00 00 00 00 
"
"2016-11-21 14:13:39ID: BC  Data: 00 00 00 AA 00 00 00 00 
"
"2016-11-21 14:13:39ID: BB  Data: 00 00 00 AA 00 00 00 00 
"
"2016-11-21 14:13:39ID: BC  Data: 00 00 00 AA 00 00 00 00 
"
"2016-11-21 14:13:40ID: BB  Data: 00 00 00 AA 00 00 00 00 
"
"2016-11-21 14:13:40ID: BC  Data: 00 00 00 AA 00 00 00 00 
"
"2016-11-21 14:13:40ID: BB  Data: 00 00 00 AA 00 00 00 00 
"
"2016-11-21 14:13:40ID: BC  Data: 00 00 00 AA 00 00 00 00 
"
"2016-11-21 14:13:40ID: BB  Data: 00 00 00 AA 00 00 00 00 
"
"2016-11-21 14:13:40ID: BC  Data: 00 00 00 AA 00 00 00 00 
"
"2016-11-21 14:13:40ID: BB  Data: 00 00 00 AA 00 00 00 00 
"
"2016-11-21 14:13:40ID: BC  Data: 00 00 00 AA 00 00 00 00 
"
"2016-11-21 14:13:40ID: BB  Data: 00 00 00 AA 00 00 00 00 
"
"2016-11-21 14:13:40ID: BC  Data: 00 00 00 AA 00 00 00 00 
"
"2016-11-21 14:13:40ID: BB  Data: 00 00 00 AA 00 00 00 00 
"
"2016-11-21 14:13:40ID: BC  Data: 00 00 00 AA 00 00 00 00 
"
"2016-11-21 14:13:40ID: BB  Data: 00 00 00 AA 00 00 00 00 
"
"2016-11-21 14:13:40ID: BC  Data: 00 00 00 AA 00 00 00 00 
"
"2016-11-21 14:13:40ID: BB  Data: 00 00 00 AA 00 00 00 00 
"
"2016-11-21 14:13:40ID: BC  Data: 00 00 00 AA 00 00 00 00 
"
"2016-11-21 14:13:40ID: BB  Data: 00 00 00 AA 00 00 00 00 
"
"2016-11-21 14:13:40ID: BC  Data: 00 00 00 AA 00 00 00 00 
"
"2016-11-21 14:13:40ID: BB  Data: 00 00 00 AA 00 00 00 00 
"
"2016-11-21 14:13:40ID: BC  Data: 00 00 00 AA 00 00 00 00 
"
"2016-11-21 14:13:40ID: BB  Data: 00 00 00 AA 00 00 00 00 
"
"2016-11-21 14:13:40ID: BC  Data: 00 00 00 AA 00 00 00 00 
"
"2016-11-21 14:13:41ID: BB  Data: 00 00 00 AA 00 00 00 00 
"
"2016-11-21 14:13:41ID: BC  Data: 00 00 00 AA 00 00 00 00 
"
"2016-11-21 14:13:41ID: BB  Data: 00 00 00 AA 00 00 00 00 
"
"2016-11-21 14:13:41ID: BC  Data: 00 00 00 AA 00 00 00 00 
"
"2016-11-21 14:13:41ID: BB  Data: 00 00 00 AA 00 00 00 00 
"
"2016-11-21 14:13:41ID: BC  Data: 00 00 00 AA 00 00 00 00 
"
"2016-11-21 14:13:41ID: BB  Data: 00 00 00 AA 00 00 00 00 
"
"2016-11-21 14:13:41ID: BC  Data: 00 00 00 AA 00 00 00 00 
"
"2016-11-21 14:13:41ID: BB  Data: 00 00 00 AA 00 00 00 00 
"
"2016-11-21 14:13:41ID: BC  Data: 00 00 00 AA 00 00 00 00 
"
"2016-11-21 14:13:41ID: BB  Data: 00 00 00 AA 00 00 00 00 
"
"2016-11-21 14:13:41ID: BC  Data: 00 00 00 AA 00 00 00 00 
"
"2016-11-21 14:13:41ID: BB  Data: 00 00 00 AA 00 00 00 00 
"
"2016-11-21 14:13:41ID: BC  Data: 00 00 00 AA 00 00 00 00 
"
"2016-11-21 14:13:41ID: BB  Data: 00 00 00 AA 00 00 00 00 
"
"2016-11-21 14:13:41ID: BC  Data: 00 00 00 AA 00 00 00 00 
"
"2016-11-21 14:13:41ID: BB  Data: 00 00 00 AA 00 00 00 00 
"
"2016-11-21 14:13:41ID: BC  Data: 00 00 00 AA 00 00 00 00 
"
"2016-11-21 14:13:41ID: BB  Data: 00 00 00 AA 00 00 00 00 
"
"2016-11-21 14:13:41ID: BC  Data: 00 00 00 AA 00 00 00 00 
"
"2016-11-21 14:13:41ID: BB  Data: 00 00 00 AA 00 00 00 00 
"
"2016-11-21 14:13:41ID: BC  Data: 00 00 00 AA 00 00 00 00 
"
"2016-11-21 14:13:41ID: BB  Data: 00 00 00 AA 00 00 00 00 
"
"2016-11-21 14:13:41ID: BC  Data: 00 00 00 AA 00 00 00 00 
"
"2016-11-21 14:13:42ID: BB  Data: 00 00 00 AA 00 00 00 00 
"
"2016-11-21 14:13:42ID: BC  Data: 00 00 00 AA 00 00 00 00 
"
"2016-11-21 14:13:42ID: BB  Data: 00 00 00 AA 00 00 00 00 
"
"2016-11-21 14:13:42ID: BC  Data: 00 00 00 AA 00 00 00 00 
"
"2016-11-21 14:13:42ID: BB  Data: 00 00 00 AA 00 00 00 00 
"
"2016-11-21 14:13:42ID: BC  Data: 00 00 00 AA 00 00 00 00 
"
"2016-11-21 14:13:42ID: BB  Data: 00 00 00 AA 00 00 00 00 
"
"2016-11-21 14:13:42ID: BC  Data: 00 00 00 AA 00 00 00 00 
"
"2016-11-21 14:13:42ID: BB  Data: 00 00 00 AA 00 00 00 00 
"
"2016-11-21 14:13:42ID: BC  Data: 00 00 00 AA 00 00 00 00 
"
"2016-11-21 14:13:42ID: BB  Data: 00 00 00 AA 00 00 00 00 
"
"2016-11-21 14:13:42ID: BC  Data: 00 00 00 AA 00 00 00 00 
"
"2016-11-21 14:13:42ID: BB  Data: 00 00 00 AA 00 00 00 00 
"
"2016-11-21 14:13:42ID: BC  Data: 00 00 00 AA 00 00 00 00 
"
"2016-11-21 14:13:42ID: BB  Data: 00 00 00 AA 00 00 00 00 
"
"2016-11-21 14:13:42ID: BC  Data: 00 00 00 AA 00 00 00 00 
"
"2016-11-21 14:13:42ID: BB  Data: 00 00 00 AA 00 00 00 00 
"
"2016-11-21 14:13:42ID: BC  Data: 00 00 00 AA 00 00 00 00 
"
"2016-11-21 14:13:42ID: BB  Data: 00 00 00 AA 00 00 00 00 
"
"2016-11-21 14:13:42ID: BC  Data: 00 00 00 AA 00 00 00 00 
"
"2016-11-21 14:13:42ID: BB  Data: 00 00 00 AA 00 00 00 00 
"
"2016-11-21 14:13:42ID: BC  Data: 00 00 00 AA 00 00 00 00 
"
"2016-11-21 14:13:43ID: BB  Data: 00 00 00 AA 00 00 00 00 
"
"2016-11-21 14:13:43ID: BC  Data: 00 00 00 AA 00 00 00 00 
"
"2016-11-21 14:13:43ID: BB  Data: 00 00 00 AA 00 00 00 00 
"
"2016-11-21 14:13:43ID: BC  Data: 00 00 00 AA 00 00 00 00 
"
"2016-11-21 14:13:43ID: BB  Data: 00 00 00 AA 00 00 00 00 
"
"2016-11-21 14:13:43ID: BC  Data: 00 00 00 AA 00 00 00 00 
"
"2016-11-21 14:13:43ID: BB  Data: 00 00 00 AA 00 00 00 00 
"
"2016-11-21 14:13:43ID: BC  Data: 00 00 00 AA 00 00 00 00 
"
"2016-11-21 14:13:43ID: BB  Data: 00 00 00 AA 00 00 00 00 
"
"2016-11-21 14:13:43ID: BC  Data: 00 00 00 AA 00 00 00 00 
"
"2016-11-21 14:13:43ID: BB  Data: 00 00 00 AA 00 00 00 00 
"
"2016-11-21 14:13:43ID: BC  Data: 00 00 00 AA 00 00 00 00 
"
"2016-11-21 14:13:43ID: BB  Data: 00 00 00 AA 00 00 00 00 
"
"2016-11-21 14:13:43ID: BC  Data: 00 00 00 AA 00 00 00 00 
"
"2016-11-21 14:13:43ID: BB  Data: 00 00 00 AA 00 00 00 00 
"
"2016-11-21 14:13:43ID: BC  Data: 00 00 00 AA 00 00 00 00 
"
"2016-11-21 14:13:43ID: BB  Data: 00 00 00 AA 00 00 00 00 
"
"2016-11-21 14:13:43ID: BC  Data: 00 00 00 AA 00 00 00 00 
"
"2016-11-21 14:13:43ID: BB  Data: 00 00 00 AA 00 00 00 00 
"
"2016-11-21 14:13:43ID: BC  Data: 00 00 00 AA 00 00 00 00 
"
"2016-11-21 14:13:43ID: BB  Data: 00 00 00 AA 00 00 00 00 
"
"2016-11-21 14:13:43ID: BC  Data: 00 00 00 AA 00 00 00 00 
"
"2016-11-21 14:13:44ID: BB  Data: 00 00 00 AA 00 00 00 00 
"
"2016-11-21 14:13:44ID: BC  Data: 00 00 00 AA 00 00 00 00 
"
"2016-11-21 14:13:44ID: BB  Data: 00 00 00 AA 00 00 00 00 
"
"2016-11-21 14:13:44ID: BC  Data: 00 00 00 AA 00 00 00 00 
"
"2016-11-21 14:13:44ID: BB  Data: 00 00 00 AA 00 00 00 00 
"
"2016-11-21 14:13:44ID: BC  Data: 00 00 00 AA 00 00 00 00 
"
"2016-11-21 14:13:44ID: BB  Data: 00 00 00 AA 00 00 00 00 
"
"2016-11-21 14:13:44ID: BC  Data: 00 00 00 AA 00 00 00 00 
"
"2016-11-21 14:13:44ID: BB  Data: 00 00 00 AA 00 00 00 00 
"
"2016-11-21 14:13:44ID: BC  Data: 00 00 00 AA 00 00 00 00 
"
"2016-11-21 14:13:44ID: BB  Data: 00 00 00 AA 00 00 00 00 
"
"2016-11-21 14:13:44ID: BC  Data: 00 00 00 AA 00 00 00 00 
"
"2016-11-21 14:13:44ID: BB  Data: 00 00 00 AA 00 00 00 00 
"
"2016-11-21 14:13:44ID: BC  Data: 00 00 00 AA 00 00 00 00 
"
"2016-11-21 14:13:44ID: BB  Data: 00 00 00 AA 00 00 00 00 
"
"2016-11-21 14:13:44ID: BC  Data: 00 00 00 AA 00 00 00 00 
"
"2016-11-21 14:13:44ID: BB  Data: 00 00 00 AA 00 00 00 00 
"
"2016-11-21 14:13:44ID: BC  Data: 00 00 00 AA 00 00 00 00 
"
"2016-11-21 14:13:44ID: BB  Data: 00 00 00 AA 00 00 00 00 
"
"2016-11-21 14:13:44ID: BC  Data: 00 00 00 AA 00 00 00 00 
"
"2016-11-21 14:13:44ID: BB  Data: 00 00 00 AA 00 00 00 00 
"
"2016-11-21 14:13:44ID: BC  Data: 00 00 00 AA 00 00 00 00 
"
"2016-11-21 14:13:44ID: BB  Data: 00 00 00 AA 00 00 00 00 
"
"2016-11-21 14:13:44ID: BC  Data: 00 00 00 AA 00 00 00 00 
"
"2016-11-21 14:13:45ID: BB  Data: 00 00 00 AA 00 00 00 00 
"
"2016-11-21 14:13:45ID: BC  Data: 00 00 00 AA 00 00 00 00 
"
"2016-11-21 14:13:45ID: BB  Data: 00 00 00 AA 00 00 00 00 
"
"2016-11-21 14:13:45ID: BC  Data: 00 00 00 AA 00 00 00 00 
"
"2016-11-21 14:13:45ID: BB  Data: 00 00 00 AA 00 00 00 00 
"
"2016-11-21 14:13:45ID: BC  Data: 00 00 00 AA 00 00 00 00 
"
"2016-11-21 14:13:45ID: BB  Data: 00 00 00 AA 00 00 00 00 
"
"2016-11-21 14:13:45ID: BC  Data: 00 00 00 AA 00 00 00 00 
"
"2016-11-21 14:13:45ID: BB  Data: 00 00 00 AA 00 00 00 00 
"
"2016-11-21 14:13:45ID: BC  Data: 00 00 00 AA 00 00 00 00 
"
"2016-11-21 14:13:45ID: BB  Data: 00 00 00 AA 00 00 00 00 
"
"2016-11-21 14:13:45ID: BC  Data: 00 00 00 AA 00 00 00 00 
"
"2016-11-21 14:13:45ID: BB  Data: 00 00 00 AA 00 00 00 00 
"
"2016-11-21 14:13:45ID: BC  Data: 00 00 00 AA 00 00 00 00 
"
"2016-11-21 14:13:45ID: BB  Data: 00 00 00 AA 00 00 00 00 
"
"2016-11-21 14:13:45ID: BC  Data: 00 00 00 AA 00 00 00 00 
"
"2016-11-21 14:13:45ID: BB  Data: 00 00 00 AA 00 00 00 00 
"
"2016-11-21 14:13:45ID: BC  Data: 00 00 00 AA 00 00 00 00 
"
"2016-11-21 14:13:45ID: BB  Data: 00 00 00 AA 00 00 00 00 
"
"2016-11-21 14:13:45ID: BC  Data: 00 00 00 AA 00 00 00 00 
"
"2016-11-21 14:13:45ID: BB  Data: 00 00 00 AA 00 00 00 00 
"
"2016-11-21 14:13:45ID: BC  Data: 00 00 00 AA 00 00 00 00 
"
"2016-11-21 14:13:46ID: BB  Data: 00 00 00 AA 00 00 00 00 
"
"2016-11-21 14:13:46ID: BC  Data: 00 00 00 AA 00 00 00 00 
"
"2016-11-21 14:13:46ID: BB  Data: 00 00 00 AA 00 00 00 00 
"
"2016-11-21 14:13:46ID: BC  Data: 00 00 00 AA 00 00 00 00 
"
"2016-11-21 14:13:46ID: BB  Data: 00 00 00 AA 00 00 00 00 
"
"2016-11-21 14:13:46ID: BC  Data: 00 00 00 AA 00 00 00 00 
"
"2016-11-21 14:13:46ID: BB  Data: 00 00 00 AA 00 00 00 00 
"
"2016-11-21 14:13:46ID: BC  Data: 00 00 00 AA 00 00 00 00 
"
"2016-11-21 14:13:46ID: BB  Data: 00 00 00 AA 00 00 00 00 
"
"2016-11-21 14:13:46ID: BC  Data: 00 00 00 AA 00 00 00 00 
"
"2016-11-21 14:13:46ID: BB  Data: 00 00 00 AA 00 00 00 00 
"
"2016-11-21 14:13:46ID: BC  Data: 00 00 00 AA 00 00 00 00 
"
"2016-11-21 14:13:46ID: BB  Data: 00 00 00 AA 00 00 00 00 
"
"2016-11-21 14:13:46ID: BC  Data: 00 00 00 AA 00 00 00 00 
"
"2016-11-21 14:13:46ID: BB  Data: 00 00 00 AA 00 00 00 00 
"
"2016-11-21 14:13:46ID: BC  Data: 00 00 00 AA 00 00 00 00 
"
"2016-11-21 14:13:46ID: BB  Data: 00 00 00 AA 00 00 00 00 
"
"2016-11-21 14:13:46ID: BC  Data: 00 00 00 AA 00 00 00 00 
"
"2016-11-21 14:13:46ID: BB  Data: 00 00 00 AA 00 00 00 00 
"
"2016-11-21 14:13:46ID: BC  Data: 00 00 00 AA 00 00 00 00 
"
"2016-11-21 14:13:46ID: BB  Data: 00 00 00 AA 00 00 00 00 
"
"2016-11-21 14:13:46ID: BC  Data: 00 00 00 AA 00 00 00 00 
"
"2016-11-21 14:13:46ID: BB  Data: 00 00 00 AA 00 00 00 00 
"
"2016-11-21 14:13:46ID: BC  Data: 00 00 00 AA 00 00 00 00 
"
"2016-11-21 14:13:47ID: BB  Data: 00 00 00 AA 00 00 00 00 
"
"2016-11-21 14:13:47ID: BC  Data: 00 00 00 AA 00 00 00 00 
"
"2016-11-21 14:13:47ID: BB  Data: 00 00 00 AA 00 00 00 00 
"
"2016-11-21 14:13:47ID: BC  Data: 00 00 00 AA 00 00 00 00 
"
"2016-11-21 14:13:47ID: BB  Data: 00 00 00 AA 00 00 00 00 
"
"2016-11-21 14:13:47ID: BC  Data: 00 00 00 AA 00 00 00 00 
"
"2016-11-21 14:13:47ID: BB  Data: 00 00 00 AA 00 00 00 00 
"
"2016-11-21 14:13:47ID: BC  Data: 00 00 00 AA 00 00 00 00 
"
"2016-11-21 14:13:47ID: BB  Data: 00 00 00 AA 00 00 00 00 
"
"2016-11-21 14:13:47ID: BC  Data: 00 00 00 AA 00 00 00 00 
"
"2016-11-21 14:13:47ID: BB  Data: 00 00 00 AA 00 00 00 00 
"
"2016-11-21 14:13:47ID: BC  Data: 00 00 00 AA 00 00 00 00 
"
"2016-11-21 14:13:47ID: BB  Data: 00 00 00 AA 00 00 00 00 
"
"2016-11-21 14:13:47ID: BC  Data: 00 00 00 AA 00 00 00 00 
"
"2016-11-21 14:13:47ID: BB  Data: 00 00 00 AA 00 00 00 00 
"
"2016-11-21 14:13:47ID: BC  Data: 00 00 00 AA 00 00 00 00 
"
"2016-11-21 14:13:47ID: BB  Data: 00 00 00 AA 00 00 00 00 
"
"2016-11-21 14:13:47ID: BC  Data: 00 00 00 AA 00 00 00 00 
"
"2016-11-21 14:13:47ID: BB  Data: 00 00 00 AA 00 00 00 00 
"
"2016-11-21 14:13:47ID: BC  Data: 00 00 00 AA 00 00 00 00 
"
"2016-11-21 14:13:47ID: BB  Data: 00 00 00 AA 00 00 00 00 
"
"2016-11-21 14:13:47ID: BC  Data: 00 00 00 AA 00 00 00 00 
"
"2016-11-21 14:13:48ID: BB  Data: 00 00 00 AA 00 00 00 00 
"
"2016-11-21 14:13:48ID: BC  Data: 00 00 00 AA 00 00 00 00 
"
"2016-11-21 14:13:48ID: BB  Data: 00 00 00 AA 00 00 00 00 
"
"2016-11-21 14:13:48ID: BC  Data: 00 00 00 AA 00 00 00 00 
"
"2016-11-21 14:13:48ID: BB  Data: 00 00 00 AA 00 00 00 00 
"
"2016-11-21 14:13:48ID: BC  Data: 00 00 00 AA 00 00 00 00 
"
"2016-11-21 14:13:48ID: BB  Data: 00 00 00 AA 00 00 00 00 
"
"2016-11-21 14:13:48ID: BC  Data: 00 00 00 AA 00 00 00 00 
"
"2016-11-21 14:13:48ID: BB  Data: 00 00 00 AA 00 00 00 00 
"
"2016-11-21 14:13:48ID: BC  Data: 00 00 00 AA 00 00 00 00 
"
"2016-11-21 14:13:48ID: BB  Data: 00 00 00 AA 01 EC D4 06 
"
"2016-11-21 14:13:48ID: BC  Data: 00 00 00 AA FE 13 2B FA 
"
"2016-11-21 14:13:48ID: BB  Data: 00 00 00 AA 02 C3 4A 10 
"
"2016-11-21 14:13:48ID: BC  Data: 00 00 00 AA FD 3C B5 F0 
"
"2016-11-21 14:13:48ID: BB  Data: 00 00 00 AA 03 C7 CC E2 
"
"2016-11-21 14:13:48ID: BC  Data: 00 00 00 AA FC 38 33 1E 
"
"2016-11-21 14:13:48ID: BB  Data: 00 00 00 AA 04 E3 FE 82 
"
"2016-11-21 14:13:48ID: BC  Data: 00 00 00 AA FB 1D 52 51 
"
"2016-11-21 14:13:48ID: BB  Data: 00 00 00 AA 04 F5 19 32 
"
"2016-11-21 14:13:48ID: BC  Data: 00 00 00 AA FB 0A E6 CE 
"
"2016-11-21 14:13:48ID: BB  Data: 00 00 00 AA 04 CD A0 87 
"
"2016-11-21 14:13:48ID: BC  Data: 00 00 00 AA FB 32 5F 79 
"
"2016-11-21 14:13:49ID: BB  Data: 00 00 00 AA 04 C9 AE 0F 
"
"2016-11-21 14:13:49ID: BC  Data: 00 00 00 AA FB 36 51 F1 
"
"2016-11-21 14:13:49ID: BB  Data: 00 00 00 AA 04 D9 77 EE 
"
"2016-11-21 14:13:49ID: BC  Data: 00 00 00 AA FB 26 88 12 
"
"2016-11-21 14:13:49ID: BB  Data: 00 00 00 AA 04 D5 85 76 
"
"2016-11-21 14:13:49ID: BC  Data: 00 00 00 AA FB 2A 7A 8A 
"
"2016-11-21 14:13:49ID: BB  Data: 00 00 00 AA 02 F6 9A 22 
"
"2016-11-21 14:13:49ID: BC  Data: 00 00 00 AA FD 09 65 DE 
"
"2016-11-21 14:13:49ID: BB  Data: 00 00 00 AA 00 00 00 00 
"
"2016-11-21 14:13:49ID: BC  Data: 00 00 00 AA 00 00 00 00 
"
"2016-11-21 14:13:49ID: BB  Data: 00 00 00 AA 00 00 00 00 
"
"2016-11-21 14:13:49ID: BC  Data: 00 00 00 AA 00 00 00 00 
"
"2016-11-21 14:13:49ID: BB  Data: 00 00 00 AA 00 00 00 00 
"
"2016-11-21 14:13:49ID: BC  Data: 00 00 00 AA 00 00 00 00 
"
"2016-11-21 14:13:49ID: BB  Data: 00 00 00 AA 00 00 00 00 
"
"2016-11-21 14:13:49ID: BC  Data: 00 00 00 AA 00 00 00 00 
"
"2016-11-21 14:13:49ID: BB  Data: 00 00 00 AA 01 C5 5B 5A 
"
"2016-11-21 14:13:49ID: BC  Data: 00 00 00 AA FE 3A A4 A6 
"
"2016-11-21 14:13:49ID: BB  Data: 00 00 00 AA 02 71 B7 14 
"
"2016-11-21 14:13:49ID: BC  Data: 00 00 00 AA FD 8E 48 EC 
"
"2016-11-21 14:13:49ID: BB  Data: 00 00 00 AA 02 DD 9A 82 
"
"2016-11-21 14:13:49ID: BC  Data: 00 00 00 AA FD 22 65 7E 
"
"2016-11-21 14:13:49ID: BB  Data: 00 00 00 AA 03 C1 38 C6 
"
"2016-11-21 14:13:49ID: BC  Data: 00 00 00 AA FC 3E C7 3A 
"
"2016-11-21 14:13:50ID: BB  Data: 00 00 00 AA 04 42 29 5C 
"
"2016-11-21 14:13:50ID: BC  Data: 00 00 00 AA FB BD D6 A4 
"
"2016-11-21 14:13:50ID: BB  Data: 00 00 00 AA 04 40 D8 8A 
"
"2016-11-21 14:13:50ID: BC  Data: 00 00 00 AA FB BF 27 76 
"
"2016-11-21 14:13:50ID: BB  Data: 00 00 00 AA 04 2F BD D9 
"
"2016-11-21 14:13:50ID: BC  Data: 00 00 00 AA FB D0 42 27 
"
"2016-11-21 14:13:50ID: BB  Data: 00 00 00 AA 04 4E 00 C3 
"
"2016-11-21 14:13:50ID: BC  Data: 00 00 00 AA FB B1 FF 3D 
"
"2016-11-21 14:13:50ID: BB  Data: 00 00 00 AA 04 44 CB 01 
"
"2016-11-21 14:13:50ID: BC  Data: 00 00 00 AA FB BB 34 FF 
"
"2016-11-21 14:13:50ID: BB  Data: 00 00 00 AA 04 4E 00 C3 
"
"2016-11-21 14:13:50ID: BC  Data: 00 00 00 AA FB B1 FF 3D 
"
"2016-11-21 14:13:50ID: BB  Data: 00 00 00 AA 04 6D 94 7F 
"
"2016-11-21 14:13:50ID: BC  Data: 00 00 00 AA FB 92 6B 81 
"
"2016-11-21 14:13:50ID: BB  Data: 00 00 00 AA 04 64 5E BE 
"
"2016-11-21 14:13:50ID: BC  Data: 00 00 00 AA FB 9B A1 42 
"
"2016-11-21 14:13:50ID: BB  Data: 00 00 00 AA 04 79 6B E6 
"
"2016-11-21 14:13:50ID: BC  Data: 00 00 00 AA FB 86 94 1A 
"
"2016-11-21 14:13:50ID: BB  Data: 00 00 00 AA 04 7C 0D 8B 
"
"2016-11-21 14:13:50ID: BC  Data: 00 00 00 AA FB 83 F2 75 
"
"2016-11-21 14:13:50ID: BB  Data: 00 00 00 AA 04 82 A1 A7 
"
"2016-11-21 14:13:50ID: BC  Data: 00 00 00 AA FB 7D 5E 59 
"
"2016-11-21 14:13:51ID: BB  Data: 00 00 00 AA 04 A8 C9 80 
"
"2016-11-21 14:13:51ID: BC  Data: 00 00 00 AA FB 57 36 80 
"
"2016-11-21 14:13:51ID: BB  Data: 00 00 00 AA 04 FC FE 22 
"
"2016-11-21 14:13:51ID: BC  Data: 00 00 00 AA FB 03 01 DE 
"
"2016-11-21 14:13:51ID: BB  Data: 00 00 00 AA 05 0E 18 D2 
"
"2016-11-21 14:13:51ID: BC  Data: 00 00 00 AA FA F1 E7 2E 
"
"2016-11-21 14:13:51ID: BB  Data: 00 00 00 AA 05 13 5C 1C 
"
"2016-11-21 14:13:51ID: BC  Data: 00 00 00 AA FA EC A3 E4 
"
"2016-11-21 14:13:51ID: BB  Data: 00 00 00 AA 05 23 25 FB 
"
"2016-11-21 14:13:51ID: BC  Data: 00 00 00 AA FA DC DA 05 
"
"2016-11-21 14:13:51ID: BB  Data: 00 00 00 AA 05 5B B9 57 
"
"2016-11-21 14:13:51ID: BC  Data: 00 00 00 AA FA A4 46 A9 
"
"2016-11-21 14:13:51ID: BB  Data: 00 00 00 AA 05 7D EE B8 
"
"2016-11-21 14:13:51ID: BC  Data: 00 00 00 AA FA 82 11 48 
"
"2016-11-21 14:13:51ID: BB  Data: 00 00 00 AA 05 66 3F EB 
"
"2016-11-21 14:13:51ID: BC  Data: 00 00 00 AA FA 99 C0 15 
"
"2016-11-21 14:13:51ID: BB  Data: 00 00 00 AA 05 45 5B 5C 
"
"2016-11-21 14:13:51ID: BC  Data: 00 00 00 AA FA BA A4 A4 
"
"2016-11-21 14:13:51ID: BB  Data: 00 00 00 AA 05 12 0B 4A 
"
"2016-11-21 14:13:51ID: BC  Data: 00 00 00 AA FA ED F4 B6 
"
"2016-11-21 14:13:51ID: BB  Data: 00 00 00 AA 05 64 EF 18 
"
"2016-11-21 14:13:51ID: BC  Data: 00 00 00 AA FA 9B 10 E8 
"
"2016-11-21 14:13:52ID: BB  Data: 00 00 00 AA 05 60 FC A1 
"
"2016-11-21 14:13:52ID: BC  Data: 00 00 00 AA FA 9F 03 5F 
"
"2016-11-21 14:13:52ID: BB  Data: 00 00 00 AA 05 42 B9 B7 
"
"2016-11-21 14:13:52ID: BC  Data: 00 00 00 AA FA BD 46 49 
"
"2016-11-21 14:13:52ID: BB  Data: 00 00 00 AA 05 3C 25 9A 
"
"2016-11-21 14:13:52ID: BC  Data: 00 00 00 AA FA C3 DA 66 
"
"2016-11-21 14:13:52ID: BB  Data: 00 00 00 AA 05 53 D4 68 
"
"2016-11-21 14:13:52ID: BC  Data: 00 00 00 AA FA AC 2B 98 
"
"2016-11-21 14:13:52ID: BB  Data: 00 00 00 AA 05 4B EF 79 
"
"2016-11-21 14:13:52ID: BC  Data: 00 00 00 AA FA B4 10 87 
"
"2016-11-21 14:13:52ID: BB  Data: 00 00 00 AA 05 30 4E 34 
"
"2016-11-21 14:13:52ID: BC  Data: 00 00 00 AA FA CF B1 CC 
"
"2016-11-21 14:13:52ID: BB  Data: 00 00 00 AA 05 42 B9 B7 
"
"2016-11-21 14:13:52ID: BC  Data: 00 00 00 AA FA BD 46 49 
"
"2016-11-21 14:13:52ID: BB  Data: 00 00 00 AA 05 38 33 23 
"
"2016-11-21 14:13:52ID: BC  Data: 00 00 00 AA FA C7 CC DD 
"
"2016-11-21 14:13:52ID: BB  Data: 00 00 00 AA 05 0B 77 2D 
"
"2016-11-21 14:13:52ID: BC  Data: 00 00 00 AA FA F4 88 D3 
"
"2016-11-21 14:13:52ID: BB  Data: 00 00 00 AA 04 8E 79 0E 
"
"2016-11-21 14:13:52ID: BC  Data: 00 00 00 AA FB 71 86 F2 
"
"2016-11-21 14:13:52ID: BB  Data: 00 00 00 AA 04 BF 27 7B 
"
"2016-11-21 14:13:52ID: BC  Data: 00 00 00 AA FB 40 D8 85 
"
"2016-11-21 14:13:52ID: BB  Data: 00 00 00 AA 04 DC 19 93 
"
"2016-11-21 14:13:52ID: BC  Data: 00 00 00 AA FB 23 E6 6D 
"
"2016-11-21 14:13:53ID: BB  Data: 00 00 00 AA 04 B8 93 5F 
"
"2016-11-21 14:13:53ID: BC  Data: 00 00 00 AA FB 47 6C A1 
"
"2016-11-21 14:13:53ID: BB  Data: 00 00 00 AA 04 DC 19 93 
"
"2016-11-21 14:13:53ID: BC  Data: 00 00 00 AA FB 23 E6 6D 
"
"2016-11-21 14:13:53ID: BB  Data: 00 00 00 AA 04 DE BB 38 
"
"2016-11-21 14:13:53ID: BC  Data: 00 00 00 AA FB 21 44 C8 
"
"2016-11-21 14:13:53ID: BB  Data: 00 00 00 AA 04 FB AD 4F 
"
"2016-11-21 14:13:53ID: BC  Data: 00 00 00 AA FB 04 52 B1 
"
"2016-11-21 14:13:53ID: BB  Data: 00 00 00 AA 05 18 9F 66 
"
"2016-11-21 14:13:53ID: BC  Data: 00 00 00 AA FA E7 60 9A 
"
"2016-11-21 14:13:53ID: BB  Data: 00 00 00 AA 05 25 C7 A0 
"
"2016-11-21 14:13:53ID: BC  Data: 00 00 00 AA FA DA 38 60 
"
"2016-11-21 14:13:53ID: BB  Data: 00 00 00 AA 05 36 E2 50 
"
"2016-11-21 14:13:53ID: BC  Data: 00 00 00 AA FA C9 1D B0 
"
"2016-11-21 14:13:53ID: BB  Data: 00 00 00 AA 05 1C 91 DE 
"
"2016-11-21 14:13:53ID: BC  Data: 00 00 00 AA FA E3 6E 22 
"
"2016-11-21 14:13:53ID: BB  Data: 00 00 00 AA 05 23 25 FB 
"
"2016-11-21 14:13:53ID: BC  Data: 00 00 00 AA FA DC DA 05 
"
"2016-11-21 14:13:53ID: BB  Data: 00 00 00 AA 05 1B 41 0B 
"
"2016-11-21 14:13:53ID: BC  Data: 00 00 00 AA FA E4 BE F5 
"
"2016-11-21 14:13:53ID: BB  Data: 00 00 00 AA 05 19 F0 39 
"
"2016-11-21 14:13:53ID: BC  Data: 00 00 00 AA FA E6 0F C7 
"
"2016-11-21 14:13:54ID: BB  Data: 00 00 00 AA 05 1B 41 0B 
"
"2016-11-21 14:13:54ID: BC  Data: 00 00 00 AA FA E4 BE F5 
"
"2016-11-21 14:13:54ID: BB  Data: 00 00 00 AA 05 1C 91 DE 
"
"2016-11-21 14:13:54ID: BC  Data: 00 00 00 AA FA E3 6E 22 
"
"2016-11-21 14:13:54ID: BB  Data: 00 00 00 AA 05 18 9F 66 
"
"2016-11-21 14:13:54ID: BC  Data: 00 00 00 AA FA E7 60 9A 
"
"2016-11-21 14:13:54ID: BB  Data: 00 00 00 AA 05 18 9F 66 
"
"2016-11-21 14:13:54ID: BC  Data: 00 00 00 AA FA E7 60 9A 
"
"2016-11-21 14:13:54ID: BB  Data: 00 00 00 AA 05 1F 33 83 
"
"2016-11-21 14:13:54ID: BC  Data: 00 00 00 AA FA E0 CC 7D 
"
"2016-11-21 14:13:54ID: BB  Data: 00 00 00 AA 05 23 25 FB 
"
"2016-11-21 14:13:54ID: BC  Data: 00 00 00 AA FA DC DA 05 
"
"2016-11-21 14:13:54ID: BB  Data: 00 00 00 AA 05 29 BA 17 
"
"2016-11-21 14:13:54ID: BC  Data: 00 00 00 AA FA D6 45 E9 
"
"2016-11-21 14:13:54ID: BB  Data: 00 00 00 AA 05 29 BA 17 
"
"2016-11-21 14:13:54ID: BC  Data: 00 00 00 AA FA D6 45 E9 
"
"2016-11-21 14:13:54ID: BB  Data: 00 00 00 AA 05 19 F0 39 
"
"2016-11-21 14:13:54ID: BC  Data: 00 00 00 AA FA E6 0F C7 
"
"2016-11-21 14:13:54ID: BB  Data: 00 00 00 AA 05 0F 69 A5 
"
"2016-11-21 14:13:54ID: BC  Data: 00 00 00 AA FA F0 96 5B 
"
"2016-11-21 14:13:54ID: BB  Data: 00 00 00 AA 05 07 84 B6 
"
"2016-11-21 14:13:54ID: BC  Data: 00 00 00 AA FA F8 7B 4A 
"
"2016-11-21 14:13:54ID: BB  Data: 00 00 00 AA 05 1C 91 DE 
"
"2016-11-21 14:13:55ID: BC  Data: 00 00 00 AA FA E3 6E 22 
"
"2016-11-21 14:13:55ID: BB  Data: 00 00 00 AA 05 13 5C 1C 
"
"2016-11-21 14:13:55ID: BC  Data: 00 00 00 AA FA EC A3 E4 
"
"2016-11-21 14:13:55ID: BB  Data: 00 00 00 AA 05 0C C8 00 
"
"2016-11-21 14:13:55ID: BC  Data: 00 00 00 AA FA F3 38 00 
"
"2016-11-21 14:13:55ID: BB  Data: 00 00 00 AA 04 FB AD 4F 
"
"2016-11-21 14:13:55ID: BC  Data: 00 00 00 AA FB 04 52 B1 
"
"2016-11-21 14:13:55ID: BB  Data: 00 00 00 AA 04 EF D5 E8 
"
"2016-11-21 14:13:55ID: BC  Data: 00 00 00 AA FB 10 2A 18 
"
"2016-11-21 14:13:55ID: BB  Data: 00 00 00 AA 04 EB E3 71 
"
"2016-11-21 14:13:55ID: BC  Data: 00 00 00 AA FB 14 1C 8F 
"
"2016-11-21 14:13:55ID: BB  Data: 00 00 00 AA 04 F2 77 8D 
"
"2016-11-21 14:13:55ID: BC  Data: 00 00 00 AA FB 0D 88 73 
"
"2016-11-21 14:13:55ID: BB  Data: 00 00 00 AA 04 FA 5C 7C 
"
"2016-11-21 14:13:55ID: BC  Data: 00 00 00 AA FB 05 A3 84 
"
"2016-11-21 14:13:55ID: BB  Data: 00 00 00 AA 04 FC FE 22 
"
"2016-11-21 14:13:55ID: BC  Data: 00 00 00 AA FB 03 01 DE 
"
"2016-11-21 14:13:55ID: BB  Data: 00 00 00 AA 05 02 41 6C 
"
"2016-11-21 14:13:55ID: BC  Data: 00 00 00 AA FA FD BE 94 
"
"2016-11-21 14:13:55ID: BB  Data: 00 00 00 AA 05 0B 77 2D 
"
"2016-11-21 14:13:55ID: BC  Data: 00 00 00 AA FA F4 88 D3 
"
"2016-11-21 14:13:55ID: BB  Data: 00 00 00 AA 05 10 BA 77 
"
"2016-11-21 14:13:55ID: BC  Data: 00 00 00 AA FA EF 45 89 
"
"2016-11-21 14:13:56ID: BB  Data: 00 00 00 AA 05 17 4E 94 
"
"2016-11-21 14:13:56ID: BC  Data: 00 00 00 AA FA E8 B1 6C 
"
"2016-11-21 14:13:56ID: BB  Data: 00 00 00 AA 05 03 92 3E 
"
"2016-11-21 14:13:56ID: BC  Data: 00 00 00 AA FA FC 6D C2 
"
"2016-11-21 14:13:56ID: BB  Data: 00 00 00 AA 05 00 F0 99 
"
"2016-11-21 14:13:56ID: BC  Data: 00 00 00 AA FA FF 0F 67 
"
"2016-11-21 14:13:56ID: BB  Data: 00 00 00 AA 04 F7 BA D7 
"
"2016-11-21 14:13:56ID: BC  Data: 00 00 00 AA FB 08 45 29 
"
"2016-11-21 14:13:56ID: BB  Data: 00 00 00 AA 04 F2 77 8D 
"
"2016-11-21 14:13:56ID: BC  Data: 00 00 00 AA FB 0D 88 73 
"
"2016-11-21 14:13:56ID: BB  Data: 00 00 00 AA 04 EF D5 E8 
"
"2016-11-21 14:13:56ID: BC  Data: 00 00 00 AA FB 10 2A 18 
"
"2016-11-21 14:13:56ID: BB  Data: 00 00 00 AA 04 E1 5C DD 
"
"2016-11-21 14:13:56ID: BC  Data: 00 00 00 AA FB 1E A3 23 
"
"2016-11-21 14:13:56ID: BB  Data: 00 00 00 AA 04 CD A0 87 
"
"2016-11-21 14:13:56ID: BC  Data: 00 00 00 AA FB 32 5F 79 
"
"2016-11-21 14:13:56ID: BB  Data: 00 00 00 AA 04 CA FE E2 
"
"2016-11-21 14:13:56ID: BC  Data: 00 00 00 AA FB 35 01 1E 
"
"2016-11-21 14:13:56ID: BB  Data: 00 00 00 AA 04 CC 4F B4 
"
"2016-11-21 14:13:56ID: BC  Data: 00 00 00 AA FB 33 B0 4C 
"
"2016-11-21 14:13:56ID: BB  Data: 00 00 00 AA 04 CC 4F B4 
"
"2016-11-21 14:13:56ID: BC  Data: 00 00 00 AA FB 33 B0 4C 
"
"2016-11-21 14:13:57ID: BB  Data: 00 00 00 AA 04 CD A0 87 
"
"2016-11-21 14:13:57ID: BC  Data: 00 00 00 AA FB 32 5F 79 
"
"2016-11-21 14:13:57ID: BB  Data: 00 00 00 AA 04 CC 4F B4 
"
"2016-11-21 14:13:57ID: BC  Data: 00 00 00 AA FB 33 B0 4C 
"
"2016-11-21 14:13:57ID: BB  Data: 00 00 00 AA 04 CE F1 59 
"
"2016-11-21 14:13:57ID: BC  Data: 00 00 00 AA FB 31 0E A7 
"
"2016-11-21 14:13:57ID: BB  Data: 00 00 00 AA 04 CA FE E2 
"
"2016-11-21 14:13:57ID: BC  Data: 00 00 00 AA FB 35 01 1E 
"
"2016-11-21 14:13:57ID: BB  Data: 00 00 00 AA 04 C8 5D 3D 
"
"2016-11-21 14:13:57ID: BC  Data: 00 00 00 AA FB 37 A2 C3 
"
"2016-11-21 14:13:57ID: BB  Data: 00 00 00 AA 04 C5 BB 98 
"
"2016-11-21 14:13:57ID: BC  Data: 00 00 00 AA FB 3A 44 68 
"
"2016-11-21 14:13:57ID: BB  Data: 00 00 00 AA 04 B8 93 5F 
"
"2016-11-21 14:13:57ID: BC  Data: 00 00 00 AA FB 47 6C A1 
"
"2016-11-21 14:13:57ID: BB  Data: 00 00 00 AA 04 AA 1A 53 
"
"2016-11-21 14:13:57ID: BC  Data: 00 00 00 AA FB 55 E5 AD 
"
"2016-11-21 14:13:57ID: BB  Data: 00 00 00 AA 04 95 0D 2B 
"
"2016-11-21 14:13:57ID: BC  Data: 00 00 00 AA FB 6A F2 D5 
"
"2016-11-21 14:13:57ID: BB  Data: 00 00 00 AA 04 6E E5 52 
"
"2016-11-21 14:13:57ID: BC  Data: 00 00 00 AA FB 91 1A AE 
"
"2016-11-21 14:13:57ID: BB  Data: 00 00 00 AA 04 4A 0E 4B 
"
"2016-11-21 14:13:57ID: BC  Data: 00 00 00 AA FB B5 F1 B5 
"
"2016-11-21 14:13:57ID: BB  Data: 00 00 00 AA 04 43 7A 2F 
"
"2016-11-21 14:13:57ID: BC  Data: 00 00 00 AA FB BC 85 D1 
"
"2016-11-21 14:13:58ID: BB  Data: 00 00 00 AA 04 44 CB 01 
"
"2016-11-21 14:13:58ID: BC  Data: 00 00 00 AA FB BB 34 FF 
"
"2016-11-21 14:13:58ID: BB  Data: 00 00 00 AA 04 31 0E AB 
"
"2016-11-21 14:13:58ID: BC  Data: 00 00 00 AA FB CE F1 55 
"
"2016-11-21 14:13:58ID: BB  Data: 00 00 00 AA 04 33 B0 50 
"
"2016-11-21 14:13:58ID: BC  Data: 00 00 00 AA FB CC 4F B0 
"
"2016-11-21 14:13:58ID: BB  Data: 00 00 00 AA 04 2F BD D9 
"
"2016-11-21 14:13:58ID: BC  Data: 00 00 00 AA FB D0 42 27 
"
"2016-11-21 14:13:58ID: BB  Data: 00 00 00 AA 04 35 01 23 
"
"2016-11-21 14:13:58ID: BC  Data: 00 00 00 AA FB CA FE DD 
"
"2016-11-21 14:13:58ID: BB  Data: 00 00 00 AA 04 32 5F 7E 
"
"2016-11-21 14:13:58ID: BC  Data: 00 00 00 AA FB CD A0 82 
"
"2016-11-21 14:13:58ID: BB  Data: 00 00 00 AA 04 2D 1C 34 
"
"2016-11-21 14:13:58ID: BC  Data: 00 00 00 AA FB D2 E3 CC 
"
"2016-11-21 14:13:58ID: BB  Data: 00 00 00 AA 04 26 88 17 
"
"2016-11-21 14:13:58ID: BC  Data: 00 00 00 AA FB D9 77 E9 
"
"2016-11-21 14:13:58ID: BB  Data: 00 00 00 AA 03 F4 88 D8 
"
"2016-11-21 14:13:58ID: BC  Data: 00 00 00 AA FC 0B 77 28 
"
"2016-11-21 14:13:58ID: BB  Data: 00 00 00 AA 03 FF 0F 6C 
"
"2016-11-21 14:13:58ID: BC  Data: 00 00 00 AA FC 00 F0 94 
"
"2016-11-21 14:13:58ID: BB  Data: 00 00 00 AA 04 12 CB C2 
"
"2016-11-21 14:13:58ID: BC  Data: 00 00 00 AA FB ED 34 3E 
"
"2016-11-21 14:13:59ID: BB  Data: 00 00 00 AA 03 65 1F 35 
"
"2016-11-21 14:13:59ID: BC  Data: 00 00 00 AA FC 9A E0 CB 
"
"2016-11-21 14:13:59ID: BB  Data: 00 00 00 AA 02 0F 09 67 
"
"2016-11-21 14:13:59ID: BC  Data: 00 00 00 AA FD F0 F6 99 
"
"2016-11-21 14:13:59ID: BB  Data: 00 00 00 AA 01 86 33 E1 
"
"2016-11-21 14:13:59ID: BC  Data: 00 00 00 AA FE 79 CC 1F 
"
"2016-11-21 14:13:59ID: BB  Data: 00 00 00 AA 00 00 00 00 
"
"2016-11-21 14:13:59ID: BC  Data: 00 00 00 AA 00 00 00 00 
"
"2016-11-21 14:13:59ID: BB  Data: 00 00 00 AA 00 00 00 00 
"
"2016-11-21 14:13:59ID: BC  Data: 00 00 00 AA 00 00 00 00 
"
"2016-11-21 14:13:59ID: BB  Data: 00 00 00 AA 00 00 00 00 
"
"2016-11-21 14:13:59ID: BC  Data: 00 00 00 AA 00 00 00 00 
"
"2016-11-21 14:13:59ID: BB  Data: 00 00 00 AA 00 00 00 00 
"
"2016-11-21 14:13:59ID: BC  Data: 00 00 00 AA 00 00 00 00 
"
"2016-11-21 14:13:59ID: BB  Data: 00 00 00 AA 00 00 00 00 
"
"2016-11-21 14:13:59ID: BC  Data: 00 00 00 AA 00 00 00 00 
"
"2016-11-21 14:13:59ID: BB  Data: 00 00 00 AA 00 00 00 00 
"
"2016-11-21 14:13:59ID: BC  Data: 00 00 00 AA 00 00 00 00 
"
"2016-11-21 14:13:59ID: BB  Data: 00 00 00 AA 00 00 00 00 
"
"2016-11-21 14:13:59ID: BC  Data: 00 00 00 AA 00 00 00 00 
"
"2016-11-21 14:13:59ID: BB  Data: 00 00 00 AA 00 00 00 00 
"
"2016-11-21 14:13:59ID: BC  Data: 00 00 00 AA 00 00 00 00 
"
"2016-11-21 14:14:00ID: BB  Data: 00 00 00 AA 00 00 00 00 
"
"2016-11-21 14:14:00ID: BC  Data: 00 00 00 AA 00 00 00 00 
"
"2016-11-21 14:14:00ID: BB  Data: 00 00 00 AA 00 00 00 00 
"
"2016-11-21 14:14:00ID: BC  Data: 00 00 00 AA 00 00 00 00 
"
"2016-11-21 14:14:00ID: BB  Data: 00 00 00 AA 00 00 00 00 
"
"2016-11-21 14:14:00ID: BC  Data: 00 00 00 AA 00 00 00 00 
"
"2016-11-21 14:14:00ID: BB  Data: 00 00 00 AA 00 00 00 00 
"
"2016-11-21 14:14:00ID: BC  Data: 00 00 00 AA 00 00 00 00 
"
"2016-11-21 14:14:00ID: BB  Data: 00 00 00 AA 00 00 00 00 
"
"2016-11-21 14:14:00ID: BC  Data: 00 00 00 AA 00 00 00 00 
"
"2016-11-21 14:14:00ID: BB  Data: 00 00 00 AA 00 00 00 00 
"
"2016-11-21 14:14:00ID: BC  Data: 00 00 00 AA 00 00 00 00 
"
"2016-11-21 14:14:00ID: BB  Data: 00 00 00 AA 00 00 00 00 
"
"2016-11-21 14:14:00ID: BC  Data: 00 00 00 AA 00 00 00 00 
"
"2016-11-21 14:14:00ID: BB  Data: 00 00 00 AA 00 00 00 00 
"
"2016-11-21 14:14:00ID: BC  Data: 00 00 00 AA 00 00 00 00 
"
"2016-11-21 14:14:00ID: BB  Data: 00 00 00 AA 00 00 00 00 
"
"2016-11-21 14:14:00ID: BC  Data: 00 00 00 AA 00 00 00 00 
"
"2016-11-21 14:14:00ID: BB  Data: 00 00 00 AA 00 00 00 00 
"
"2016-11-21 14:14:00ID: BC  Data: 00 00 00 AA 00 00 00 00 
"
"2016-11-21 14:14:00ID: BB  Data: 00 00 00 AA 00 00 00 00 
"
"2016-11-21 14:14:00ID: BC  Data: 00 00 00 AA 00 00 00 00 
"
"2016-11-21 14:14:00ID: BB  Data: 00 00 00 AA 00 00 00 00 
"
"2016-11-21 14:14:00ID: BC  Data: 00 00 00 AA 00 00 00 00 
"
"2016-11-21 14:14:01ID: BB  Data: 00 00 00 AA 00 00 00 00 
"
"2016-11-21 14:14:01ID: BC  Data: 00 00 00 AA 00 00 00 00 
"
"2016-11-21 14:14:01ID: BB  Data: 00 00 00 AA 00 00 00 00 
"
"2016-11-21 14:14:01ID: BC  Data: 00 00 00 AA 00 00 00 00 
"
"2016-11-21 14:14:01ID: BB  Data: 00 00 00 AA 00 00 00 00 
"
"2016-11-21 14:14:01ID: BC  Data: 00 00 00 AA 00 00 00 00 
"
"2016-11-21 14:14:01ID: BB  Data: 00 00 00 AA 00 00 00 00 
"
"2016-11-21 14:14:01ID: BC  Data: 00 00 00 AA 00 00 00 00 
"
"2016-11-21 14:14:01ID: BB  Data: 00 00 00 AA 00 00 00 00 
"
"2016-11-21 14:14:01ID: BC  Data: 00 00 00 AA 00 00 00 00 
"
"2016-11-21 14:14:01ID: BB  Data: 00 00 00 AA 00 00 00 00 
"
"2016-11-21 14:14:01ID: BC  Data: 00 00 00 AA 00 00 00 00 
"
"2016-11-21 14:14:01ID: BB  Data: 00 00 00 AA 00 00 00 00 
"
"2016-11-21 14:14:01ID: BC  Data: 00 00 00 AA 00 00 00 00 
"
"2016-11-21 14:14:01ID: BB  Data: 00 00 00 AA 00 00 00 00 
"
"2016-11-21 14:14:01ID: BC  Data: 00 00 00 AA 00 00 00 00 
"
"2016-11-21 14:14:01ID: BB  Data: 00 00 00 AA 00 00 00 00 
"
"2016-11-21 14:14:01ID: BC  Data: 00 00 00 AA 00 00 00 00 
"
"2016-11-21 14:14:01ID: BB  Data: 00 00 00 AA 00 00 00 00 
"
"2016-11-21 14:14:01ID: BC  Data: 00 00 00 AA 00 00 00 00 
"
"2016-11-21 14:14:01ID: BB  Data: 00 00 00 AA 00 00 00 00 
"
"2016-11-21 14:14:01ID: BC  Data: 00 00 00 AA 00 00 00 00 
"
"2016-11-21 14:14:02ID: BB  Data: 00 00 00 AA 00 00 00 00 
"
"2016-11-21 14:14:02ID: BC  Data: 00 00 00 AA 00 00 00 00 
"
"2016-11-21 14:14:02ID: BB  Data: 00 00 00 AA 00 00 00 00 
"
"2016-11-21 14:14:02ID: BC  Data: 00 00 00 AA 00 00 00 00 
"
"2016-11-21 14:14:02ID: BB  Data: 00 00 00 AA 00 00 00 00 
"
"2016-11-21 14:14:02ID: BC  Data: 00 00 00 AA 00 00 00 00 
"
"2016-11-21 14:14:02ID: BB  Data: 00 00 00 AA 00 00 00 00 
"
"2016-11-21 14:14:02ID: BC  Data: 00 00 00 AA 00 00 00 00 
"
"2016-11-21 14:14:02ID: BB  Data: 00 00 00 AA 00 00 00 00 
"
"2016-11-21 14:14:02ID: BC  Data: 00 00 00 AA 00 00 00 00 
"
"2016-11-21 14:14:02ID: BB  Data: 00 00 00 AA 00 00 00 00 
"
"2016-11-21 14:14:02ID: BC  Data: 00 00 00 AA 00 00 00 00 
"
"2016-11-21 14:14:02ID: BB  Data: 00 00 00 AA 00 00 00 00 
"
"2016-11-21 14:14:02ID: BC  Data: 00 00 00 AA 00 00 00 00 
"
"2016-11-21 14:14:02ID: BB  Data: 00 00 00 AA 00 00 00 00 
"
"2016-11-21 14:14:02ID: BC  Data: 00 00 00 AA 00 00 00 00 
"
"2016-11-21 14:14:02ID: BB  Data: 00 00 00 AA 00 00 00 00 
"
"2016-11-21 14:14:02ID: BC  Data: 00 00 00 AA 00 00 00 00 
"
"2016-11-21 14:14:02ID: BB  Data: 00 00 00 AA 00 00 00 00 
"
"2016-11-21 14:14:02ID: BC  Data: 00 00 00 AA 00 00 00 00 
"
"2016-11-21 14:14:02ID: BB  Data: 00 00 00 AA 00 00 00 00 
"
"2016-11-21 14:14:02ID: BC  Data: 00 00 00 AA 00 00 00 00 
"
"2016-11-21 14:14:02ID: BB  Data: 00 00 00 AA 00 00 00 00 
"
"2016-11-21 14:14:03ID: BC  Data: 00 00 00 AA 00 00 00 00 
"
"2016-11-21 14:14:03ID: BB  Data: 00 00 00 AA 00 00 00 00 
"
"2016-11-21 14:14:03ID: BC  Data: 00 00 00 AA 00 00 00 00 
"
"2016-11-21 14:14:03ID: BB  Data: 00 00 00 AA 00 00 00 00 
"
"2016-11-21 14:14:03ID: BC  Data: 00 00 00 AA 00 00 00 00 
"
"2016-11-21 14:14:03ID: BB  Data: 00 00 00 AA 00 00 00 00 
"
"2016-11-21 14:14:03ID: BC  Data: 00 00 00 AA 00 00 00 00 
"
"2016-11-21 14:14:03ID: BB  Data: 00 00 00 AA 00 00 00 00 
"
"2016-11-21 14:14:03ID: BC  Data: 00 00 00 AA 00 00 00 00 
"
"2016-11-21 14:14:03ID: BB  Data: 00 00 00 AA 00 00 00 00 
"
"2016-11-21 14:14:03ID: BC  Data: 00 00 00 AA 00 00 00 00 
"
"2016-11-21 14:14:03ID: BB  Data: 00 00 00 AA 00 00 00 00 
"
"2016-11-21 14:14:03ID: BC  Data: 00 00 00 AA 00 00 00 00 
"
"2016-11-21 14:14:03ID: BB  Data: 00 00 00 AA 00 00 00 00 
"
"2016-11-21 14:14:03ID: BC  Data: 00 00 00 AA 00 00 00 00 
"
"2016-11-21 14:14:03ID: BB  Data: 00 00 00 AA 00 00 00 00 
"
"2016-11-21 14:14:03ID: BC  Data: 00 00 00 AA 00 00 00 00 
"
"2016-11-21 14:14:03ID: BB  Data: 00 00 00 AA 00 00 00 00 
"
"2016-11-21 14:14:03ID: BC  Data: 00 00 00 AA 00 00 00 00 
"
"2016-11-21 14:14:03ID: BB  Data: 00 00 00 AA 00 00 00 00 
"
"2016-11-21 14:14:03ID: BC  Data: 00 00 00 AA 00 00 00 00 
"
"2016-11-21 14:14:03ID: BB  Data: 00 00 00 AA 00 00 00 00 
"
"2016-11-21 14:14:03ID: BC  Data: 00 00 00 AA 00 00 00 00 
"
"2016-11-21 14:14:04ID: BB  Data: 00 00 00 AA 00 00 00 00 
"
"2016-11-21 14:14:04ID: BC  Data: 00 00 00 AA 00 00 00 00 
"
"2016-11-21 14:14:04ID: BB  Data: 00 00 00 AA 00 00 00 00 
"
"2016-11-21 14:14:04ID: BC  Data: 00 00 00 AA 00 00 00 00 
"
"2016-11-21 14:14:04ID: BB  Data: 00 00 00 AA 00 00 00 00 
"
"2016-11-21 14:14:04ID: BC  Data: 00 00 00 AA 00 00 00 00 
"
"2016-11-21 14:14:04ID: BB  Data: 00 00 00 AA 00 00 00 00 
"
"2016-11-21 14:14:04ID: BC  Data: 00 00 00 AA 00 00 00 00 
"
"2016-11-21 14:14:04ID: BB  Data: 00 00 00 AA 00 00 00 00 
"
"2016-11-21 14:14:04ID: BC  Data: 00 00 00 AA 00 00 00 00 
"
"2016-11-21 14:14:04ID: BB  Data: 00 00 00 AA 00 00 00 00 
"
"2016-11-21 14:14:04ID: BC  Data: 00 00 00 AA 00 00 00 00 
"
"2016-11-21 14:14:04ID: BB  Data: 00 00 00 AA 00 00 00 00 
"
"2016-11-21 14:14:04ID: BC  Data: 00 00 00 AA 00 00 00 00 
"
"2016-11-21 14:14:04ID: BB  Data: 00 00 00 AA 00 00 00 00 
"
"2016-11-21 14:14:04ID: BC  Data: 00 00 00 AA 00 00 00 00 
"
"2016-11-21 14:14:04ID: BB  Data: 00 00 00 AA 00 00 00 00 
"
"2016-11-21 14:14:04ID: BC  Data: 00 00 00 AA 00 00 00 00 
"
"2016-11-21 14:14:04ID: BB  Data: 00 00 00 AA 00 00 00 00 
"
"2016-11-21 14:14:04ID: BC  Data: 00 00 00 AA 00 00 00 00 
"
"2016-11-21 14:14:04ID: BB  Data: 00 00 00 AA 00 00 00 00 
"
"2016-11-21 14:14:04ID: BC  Data: 00 00 00 AA 00 00 00 00 
"
"2016-11-21 14:14:05ID: BB  Data: 00 00 00 AA 00 00 00 00 
"
"2016-11-21 14:14:05ID: BC  Data: 00 00 00 AA 00 00 00 00 
"
"2016-11-21 14:14:05ID: BB  Data: 00 00 00 AA 00 00 00 00 
"
"2016-11-21 14:14:05ID: BC  Data: 00 00 00 AA 00 00 00 00 
"
"2016-11-21 14:14:05ID: BB  Data: 00 00 00 AA 00 00 00 00 
"
"2016-11-21 14:14:05ID: BC  Data: 00 00 00 AA 00 00 00 00 
"
"2016-11-21 14:14:05ID: BB  Data: 00 00 00 AA 00 00 00 00 
"
"2016-11-21 14:14:05ID: BC  Data: 00 00 00 AA 00 00 00 00 
"
"2016-11-21 14:14:05ID: BB  Data: 00 00 00 AA 00 00 00 00 
"
"2016-11-21 14:14:05ID: BC  Data: 00 00 00 AA 00 00 00 00 
"
"2016-11-21 14:14:05ID: BB  Data: 00 00 00 AA 00 00 00 00 
"
"2016-11-21 14:14:05ID: BC  Data: 00 00 00 AA 00 00 00 00 
"
"2016-11-21 14:14:05ID: BB  Data: 00 00 00 AA 00 00 00 00 
"
"2016-11-21 14:14:05ID: BC  Data: 00 00 00 AA 00 00 00 00 
"
"2016-11-21 14:14:05ID: BB  Data: 00 00 00 AA 00 00 00 00 
"
"2016-11-21 14:14:05ID: BC  Data: 00 00 00 AA 00 00 00 00 
"
"2016-11-21 14:14:05ID: BB  Data: 00 00 00 AA 00 00 00 00 
"
"2016-11-21 14:14:05ID: BC  Data: 00 00 00 AA 00 00 00 00 
"
"2016-11-21 14:14:05ID: BB  Data: 00 00 00 AA 00 00 00 00 
"
"2016-11-21 14:14:05ID: BC  Data: 00 00 00 AA 00 00 00 00 
"
"2016-11-21 14:14:05ID: BB  Data: 00 00 00 AA 00 00 00 00 
"
"2016-11-21 14:14:05ID: BC  Data: 00 00 00 AA 00 00 00 00 
"
"2016-11-21 14:14:05ID: BB  Data: 00 00 00 AA 00 00 00 00 
"
"2016-11-21 14:14:05ID: BC  Data: 00 00 00 AA 00 00 00 00 
"
"2016-11-21 14:14:06ID: BB  Data: 00 00 00 AA 00 00 00 00 
"
"2016-11-21 14:14:06ID: BC  Data: 00 00 00 AA 00 00 00 00 
"
"2016-11-21 14:14:06ID: BB  Data: 00 00 00 AA 00 00 00 00 
"
"2016-11-21 14:14:06ID: BC  Data: 00 00 00 AA 00 00 00 00 
"
"2016-11-21 14:14:06ID: BB  Data: 00 00 00 AA 00 00 00 00 
"
"2016-11-21 14:14:06ID: BC  Data: 00 00 00 AA 00 00 00 00 
"
"2016-11-21 14:14:06ID: BB  Data: 00 00 00 AA 00 00 00 00 
"
"2016-11-21 14:14:06ID: BC  Data: 00 00 00 AA 00 00 00 00 
"
"2016-11-21 14:14:06ID: BB  Data: 00 00 00 AA 00 00 00 00 
"
"2016-11-21 14:14:06ID: BC  Data: 00 00 00 AA 00 00 00 00 
"
"2016-11-21 14:14:06ID: BB  Data: 00 00 00 AA 00 00 00 00 
"
"2016-11-21 14:14:06ID: BC  Data: 00 00 00 AA 00 00 00 00 
"
"2016-11-21 14:14:06ID: BB  Data: 00 00 00 AA 00 00 00 00 
"
"2016-11-21 14:14:06ID: BC  Data: 00 00 00 AA 00 00 00 00 
"
"2016-11-21 14:14:06ID: BB  Data: 00 00 00 AA 00 00 00 00 
"
"2016-11-21 14:14:06ID: BC  Data: 00 00 00 AA 00 00 00 00 
"
"2016-11-21 14:14:06ID: BB  Data: 00 00 00 AA 00 00 00 00 
"
"2016-11-21 14:14:06ID: BC  Data: 00 00 00 AA 00 00 00 00 
"
"2016-11-21 14:14:06ID: BB  Data: 00 00 00 AA 00 00 00 00 
"
"2016-11-21 14:14:06ID: BC  Data: 00 00 00 AA 00 00 00 00 
"
"2016-11-21 14:14:06ID: BB  Data: 00 00 00 AA 00 00 00 00 
"
"2016-11-21 14:14:06ID: BC  Data: 00 00 00 AA 00 00 00 00 
"
"2016-11-21 14:14:07ID: BB  Data: 00 00 00 AA 00 00 00 00 
"
"2016-11-21 14:14:07ID: BC  Data: 00 00 00 AA 00 00 00 00 
"
"2016-11-21 14:14:07ID: BB  Data: 00 00 00 AA 00 00 00 00 
"
"2016-11-21 14:14:07ID: BC  Data: 00 00 00 AA 00 00 00 00 
"
"2016-11-21 14:14:07ID: BB  Data: 00 00 00 AA 00 00 00 00 
"
"2016-11-21 14:14:07ID: BC  Data: 00 00 00 AA 00 00 00 00 
"
"2016-11-21 14:14:07ID: BB  Data: 00 00 00 AA 00 00 00 00 
"
"2016-11-21 14:14:07ID: BC  Data: 00 00 00 AA 00 00 00 00 
"
"2016-11-21 14:14:07ID: BB  Data: 00 00 00 AA 00 00 00 00 
"
"2016-11-21 14:14:07ID: BC  Data: 00 00 00 AA 00 00 00 00 
"
"2016-11-21 14:14:07ID: BB  Data: 00 00 00 AA 00 00 00 00 
"
"2016-11-21 14:14:07ID: BC  Data: 00 00 00 AA 00 00 00 00 
"
"2016-11-21 14:14:07ID: BB  Data: 00 00 00 AA 00 00 00 00 
"
"2016-11-21 14:14:07ID: BC  Data: 00 00 00 AA 00 00 00 00 
"
"2016-11-21 14:14:07ID: BB  Data: 00 00 00 AA 00 00 00 00 
"
"2016-11-21 14:14:07ID: BC  Data: 00 00 00 AA 00 00 00 00 
"
"2016-11-21 14:14:07ID: BB  Data: 00 00 00 AA 00 00 00 00 
"
"2016-11-21 14:14:07ID: BC  Data: 00 00 00 AA 00 00 00 00 
"
"2016-11-21 14:14:07ID: BB  Data: 00 00 00 AA 00 00 00 00 
"
"2016-11-21 14:14:07ID: BC  Data: 00 00 00 AA 00 00 00 00 
"
"2016-11-21 14:14:07ID: BB  Data: 00 00 00 AA 00 00 00 00 
"
"2016-11-21 14:14:07ID: BC  Data: 00 00 00 AA 00 00 00 00 
"
"2016-11-21 14:14:08ID: BB  Data: 00 00 00 AA 02 4F 81 B2 
"
"2016-11-21 14:14:08ID: BC  Data: 00 00 00 AA FD B0 7E 4E 
"
"2016-11-21 14:14:08ID: BB  Data: 00 00 00 AA 02 82 D1 C4 
"
"2016-11-21 14:14:08ID: BC  Data: 00 00 00 AA FD 7D 2E 3C 
"
"2016-11-21 14:14:08ID: BB  Data: 00 00 00 AA 02 88 15 0F 
"
"2016-11-21 14:14:08ID: BC  Data: 00 00 00 AA FD 77 EA F1 
"
"2016-11-21 14:14:08ID: BB  Data: 00 00 00 AA 02 CB 2E FF 
"
"2016-11-21 14:14:08ID: BC  Data: 00 00 00 AA FD 34 D1 01 
"
"2016-11-21 14:14:08ID: BB  Data: 00 00 00 AA 03 1F 63 A0 
"
"2016-11-21 14:14:08ID: BC  Data: 00 00 00 AA FC E0 9C 60 
"
"2016-11-21 14:14:08ID: BB  Data: 00 00 00 AA 03 33 1F F6 
"
"2016-11-21 14:14:08ID: BC  Data: 00 00 00 AA FC CC E0 0A 
"
"2016-11-21 14:14:08ID: BB  Data: 00 00 00 AA 03 34 70 C8 
"
"2016-11-21 14:14:08ID: BC  Data: 00 00 00 AA FC CB 8F 38 
"
"2016-11-21 14:14:08ID: BB  Data: 00 00 00 AA 02 DD 9A 82 
"
"2016-11-21 14:14:08ID: BC  Data: 00 00 00 AA FD 22 65 7E 
"
"2016-11-21 14:14:08ID: BB  Data: 00 00 00 AA 01 EC D4 06 
"
"2016-11-21 14:14:08ID: BC  Data: 00 00 00 AA FE 13 2B FA 
"
"2016-11-21 14:14:08ID: BB  Data: 00 00 00 AA 01 A7 18 70 
"
"2016-11-21 14:14:08ID: BC  Data: 00 00 00 AA FE 58 E7 90 
"
"2016-11-21 14:14:08ID: BB  Data: 00 00 00 AA 01 B6 E2 4E 
"
"2016-11-21 14:14:08ID: BC  Data: 00 00 00 AA FE 49 1D B2 
"
"2016-11-21 14:14:08ID: BB  Data: 00 00 00 AA 03 25 F7 BD 
"
"2016-11-21 14:14:08ID: BC  Data: 00 00 00 AA FC DA 08 43 
"
"2016-11-21 14:14:09ID: BB  Data: 00 00 00 AA 05 1C 91 DE 
"
"2016-11-21 14:14:09ID: BC  Data: 00 00 00 AA FA E3 6E 22 
"
"2016-11-21 14:14:09ID: BB  Data: 00 00 00 AA 05 E0 9C 65 
"
"2016-11-21 14:14:09ID: BC  Data: 00 00 00 AA FA 1F 63 9B 
"
"2016-11-21 14:14:09ID: BB  Data: 00 00 00 AA 06 43 4A 12 
"
"2016-11-21 14:14:09ID: BC  Data: 00 00 00 AA F9 BC B5 EE 
"
"2016-11-21 14:14:09ID: BB  Data: 00 00 00 AA 06 51 C3 1D 
"
"2016-11-21 14:14:09ID: BC  Data: 00 00 00 AA F9 AE 3C E3 
"
"2016-11-21 14:14:09ID: BB  Data: 00 00 00 AA 06 53 13 F0 
"
"2016-11-21 14:14:09ID: BC  Data: 00 00 00 AA F9 AB 9B 3E 
"
"2016-11-21 14:14:09ID: BB  Data: 00 00 00 AA 06 7D 2E 40 
"
"2016-11-21 14:14:09ID: BC  Data: 00 00 00 AA F9 82 D1 C0 
"
"2016-11-21 14:14:09ID: BB  Data: 00 00 00 AA 06 D1 62 E1 
"
"2016-11-21 14:14:09ID: BC  Data: 00 00 00 AA F9 2E 9D 1F 
"
"2016-11-21 14:14:09ID: BB  Data: 00 00 00 AA 06 E5 1F 37 
"
"2016-11-21 14:14:09ID: BC  Data: 00 00 00 AA F9 1A E0 C9 
"
"2016-11-21 14:14:09ID: BB  Data: 00 00 00 AA 07 0C 97 E3 
"
"2016-11-21 14:14:09ID: BC  Data: 00 00 00 AA F8 F3 68 1D 
"
"2016-11-21 14:14:09ID: BB  Data: 00 00 00 AA 07 35 61 61 
"
"2016-11-21 14:14:09ID: BC  Data: 00 00 00 AA F8 CA 9E 9F 
"
"2016-11-21 14:14:09ID: BB  Data: 00 00 00 AA 07 3D 46 50 
"
"2016-11-21 14:14:09ID: BC  Data: 00 00 00 AA F8 C2 B9 B0 
"
"2016-11-21 14:14:10ID: BB  Data: 00 00 00 AA 07 6D F4 BD 
"
"2016-11-21 14:14:10ID: BC  Data: 00 00 00 AA F8 92 0B 43 
"
"2016-11-21 14:14:10ID: BB  Data: 00 00 00 AA 07 A6 88 19 
"
"2016-11-21 14:14:10ID: BC  Data: 00 00 00 AA F8 59 77 E7 
"
"2016-11-21 14:14:10ID: BB  Data: 00 00 00 AA 07 CC AF F2 
"
"2016-11-21 14:14:10ID: BC  Data: 00 00 00 AA F8 33 50 0E 
"
"2016-11-21 14:14:10ID: BB  Data: 00 00 00 AA 07 D5 E5 B4 
"
"2016-11-21 14:14:10ID: BC  Data: 00 00 00 AA F8 2A 1A 4C 
"
"2016-11-21 14:14:10ID: BB  Data: 00 00 00 AA 07 E0 6C 48 
"
"2016-11-21 14:14:10ID: BC  Data: 00 00 00 AA F8 1F 93 B8 
"
"2016-11-21 14:14:10ID: BB  Data: 00 00 00 AA 08 3B 35 06 
"
"2016-11-21 14:14:10ID: BC  Data: 00 00 00 AA F7 C4 CA FA 
"
"2016-11-21 14:14:10ID: BB  Data: 00 00 00 AA 08 6D 34 45 
"
"2016-11-21 14:14:10ID: BC  Data: 00 00 00 AA F7 92 CB BB 
"
"2016-11-21 14:14:10ID: BB  Data: 00 00 00 AA 08 8A 26 5D 
"
"2016-11-21 14:14:10ID: BC  Data: 00 00 00 AA F7 75 D9 A3 
"
"2016-11-21 14:14:10ID: BB  Data: 00 00 00 AA 08 A1 D5 2A 
"
"2016-11-21 14:14:10ID: BC  Data: 00 00 00 AA F7 5E 2A D6 
"
"2016-11-21 14:14:10ID: BB  Data: 00 00 00 AA 08 B2 EF DB 
"
"2016-11-21 14:14:10ID: BC  Data: 00 00 00 AA F7 4D 10 25 
"
"2016-11-21 14:14:10ID: BB  Data: 00 00 00 AA 08 A7 18 74 
"
"2016-11-21 14:14:10ID: BC  Data: 00 00 00 AA F7 58 E7 8C 
"
"2016-11-21 14:14:10ID: BB  Data: 00 00 00 AA 08 AB 0A EC 
"
"2016-11-21 14:14:11ID: BC  Data: 00 00 00 AA F7 54 F5 14 
"
"2016-11-21 14:14:11ID: BB  Data: 00 00 00 AA 09 20 24 1B 
"
"2016-11-21 14:14:11ID: BC  Data: 00 00 00 AA F6 DF DB E5 
"
"2016-11-21 14:14:11ID: BB  Data: 00 00 00 AA 09 50 D2 89 
"
"2016-11-21 14:14:11ID: BC  Data: 00 00 00 AA F6 AF 2D 77 
"
"2016-11-21 14:14:11ID: BB  Data: 00 00 00 AA 09 47 9C C7 
"
"2016-11-21 14:14:11ID: BC  Data: 00 00 00 AA F6 B8 63 39 
"
"2016-11-21 14:14:11ID: BB  Data: 00 00 00 AA 09 3E 67 05 
"
"2016-11-21 14:14:11ID: BC  Data: 00 00 00 AA F6 C1 98 FB 
"
"2016-11-21 14:14:11ID: BB  Data: 00 00 00 AA 09 36 82 16 
"
"2016-11-21 14:14:11ID: BC  Data: 00 00 00 AA F6 C9 7D EA 
"
"2016-11-21 14:14:11ID: BB  Data: 00 00 00 AA 09 2F ED FA 
"
"2016-11-21 14:14:11ID: BC  Data: 00 00 00 AA F6 D0 12 06 
"
"2016-11-21 14:14:11ID: BB  Data: 00 00 00 AA 09 35 31 44 
"
"2016-11-21 14:14:11ID: BC  Data: 00 00 00 AA F6 CA CE BC 
"
"2016-11-21 14:14:11ID: BB  Data: 00 00 00 AA 09 3A 74 8E 
"
"2016-11-21 14:14:11ID: BC  Data: 00 00 00 AA F6 C5 8B 72 
"
"2016-11-21 14:14:11ID: BB  Data: 00 00 00 AA 09 3B C5 60 
"
"2016-11-21 14:14:11ID: BC  Data: 00 00 00 AA F6 C4 3A A0 
"
"2016-11-21 14:14:11ID: BB  Data: 00 00 00 AA 09 37 D2 E9 
"
"2016-11-21 14:14:11ID: BC  Data: 00 00 00 AA F6 C8 2D 17 
"
"2016-11-21 14:14:11ID: BB  Data: 00 00 00 AA 09 35 31 44 
"
"2016-11-21 14:14:11ID: BC  Data: 00 00 00 AA F6 CA CE BC 
"
"2016-11-21 14:14:12ID: BB  Data: 00 00 00 AA 09 35 31 44 
"
"2016-11-21 14:14:12ID: BC  Data: 00 00 00 AA F6 CA CE BC 
"
"2016-11-21 14:14:12ID: BB  Data: 00 00 00 AA 09 32 8F 9F 
"
"2016-11-21 14:14:12ID: BC  Data: 00 00 00 AA F6 CD 70 61 
"
"2016-11-21 14:14:12ID: BB  Data: 00 00 00 AA 09 2F ED FA 
"
"2016-11-21 14:14:12ID: BC  Data: 00 00 00 AA F6 D0 12 06 
"
"2016-11-21 14:14:12ID: BB  Data: 00 00 00 AA 09 2F ED FA 
"
"2016-11-21 14:14:12ID: BC  Data: 00 00 00 AA F6 D0 12 06 
"
"2016-11-21 14:14:12ID: BB  Data: 00 00 00 AA 09 2B FB 82 
"
"2016-11-21 14:14:12ID: BC  Data: 00 00 00 AA F6 D4 04 7E 
"
"2016-11-21 14:14:12ID: BB  Data: 00 00 00 AA 09 2E 9D 27 
"
"2016-11-21 14:14:12ID: BC  Data: 00 00 00 AA F6 D1 62 D9 
"
"2016-11-21 14:14:12ID: BB  Data: 00 00 00 AA 09 2E 9D 27 
"
"2016-11-21 14:14:12ID: BC  Data: 00 00 00 AA F6 D1 62 D9 
"
"2016-11-21 14:14:12ID: BB  Data: 00 00 00 AA 09 2F ED FA 
"
"2016-11-21 14:14:12ID: BC  Data: 00 00 00 AA F6 D0 12 06 
"
"2016-11-21 14:14:12ID: BB  Data: 00 00 00 AA 09 2F ED FA 
"
"2016-11-21 14:14:12ID: BC  Data: 00 00 00 AA F6 D0 12 06 
"
"2016-11-21 14:14:12ID: BB  Data: 00 00 00 AA 09 2E 9D 27 
"
"2016-11-21 14:14:12ID: BC  Data: 00 00 00 AA F6 D1 62 D9 
"
"2016-11-21 14:14:12ID: BB  Data: 00 00 00 AA 09 2B FB 82 
"
"2016-11-21 14:14:12ID: BC  Data: 00 00 00 AA F6 D4 04 7E 
"
"2016-11-21 14:14:13ID: BB  Data: 00 00 00 AA 09 2A AA B0 
"
"2016-11-21 14:14:13ID: BC  Data: 00 00 00 AA F6 D5 55 50 
"
"2016-11-21 14:14:13ID: BB  Data: 00 00 00 AA 09 28 09 0B 
"
"2016-11-21 14:14:13ID: BC  Data: 00 00 00 AA F6 D7 F6 F5 
"
"2016-11-21 14:14:13ID: BB  Data: 00 00 00 AA 09 25 67 66 
"
"2016-11-21 14:14:13ID: BC  Data: 00 00 00 AA F6 DA 98 9A 
"
"2016-11-21 14:14:13ID: BB  Data: 00 00 00 AA 09 24 16 93 
"
"2016-11-21 14:14:13ID: BC  Data: 00 00 00 AA F6 DB E9 6D 
"
"2016-11-21 14:14:13ID: BB  Data: 00 00 00 AA 09 21 74 EE 
"
"2016-11-21 14:14:13ID: BC  Data: 00 00 00 AA F6 DE 8B 12 
"
"2016-11-21 14:14:13ID: BB  Data: 00 00 00 AA 09 1C 31 A4 
"
"2016-11-21 14:14:13ID: BC  Data: 00 00 00 AA F6 E3 CE 5C 
"
"2016-11-21 14:14:13ID: BB  Data: 00 00 00 AA 09 16 EE 5A 
"
"2016-11-21 14:14:13ID: BC  Data: 00 00 00 AA F6 E9 11 A6 
"
"2016-11-21 14:14:13ID: BB  Data: 00 00 00 AA 09 0F 09 6B 
"
"2016-11-21 14:14:13ID: BC  Data: 00 00 00 AA F6 F0 F6 95 
"
"2016-11-21 14:14:13ID: BB  Data: 00 00 00 AA 09 09 C6 21 
"
"2016-11-21 14:14:13ID: BC  Data: 00 00 00 AA F6 F6 39 DF 
"
"2016-11-21 14:14:13ID: BB  Data: 00 00 00 AA 08 F6 09 CB 
"
"2016-11-21 14:14:13ID: BC  Data: 00 00 00 AA F7 09 F6 35 
"
"2016-11-21 14:14:13ID: BB  Data: 00 00 00 AA 08 D1 32 C4 
"
"2016-11-21 14:14:13ID: BC  Data: 00 00 00 AA F7 2E CD 3C 
"
"2016-11-21 14:14:13ID: BB  Data: 00 00 00 AA 08 C9 4D D5 
"
"2016-11-21 14:14:13ID: BC  Data: 00 00 00 AA F7 36 B2 2B 
"
"2016-11-21 14:14:14ID: BB  Data: 00 00 00 AA 08 C2 B9 B9 
"
"2016-11-21 14:14:14ID: BC  Data: 00 00 00 AA F7 3D 46 47 
"
"2016-11-21 14:14:14ID: BB  Data: 00 00 00 AA 08 C0 18 14 
"
"2016-11-21 14:14:14ID: BC  Data: 00 00 00 AA F7 3F E7 EC 
"
"2016-11-21 14:14:14ID: BB  Data: 00 00 00 AA 08 B9 83 F7 
"
"2016-11-21 14:14:14ID: BC  Data: 00 00 00 AA F7 46 7C 09 
"
"2016-11-21 14:14:14ID: BB  Data: 00 00 00 AA 08 B4 40 AD 
"
"2016-11-21 14:14:14ID: BC  Data: 00 00 00 AA F7 4B BF 53 
"
"2016-11-21 14:14:14ID: BB  Data: 00 00 00 AA 08 B1 9F 08 
"
"2016-11-21 14:14:14ID: BC  Data: 00 00 00 AA F7 4E 60 F8 
"
"2016-11-21 14:14:14ID: BB  Data: 00 00 00 AA 08 AD AC 91 
"
"2016-11-21 14:14:14ID: BC  Data: 00 00 00 AA F7 52 53 6F 
"
"2016-11-21 14:14:14ID: BB  Data: 00 00 00 AA 08 AB 0A EC 
"
"2016-11-21 14:14:14ID: BC  Data: 00 00 00 AA F7 54 F5 14 
"
"2016-11-21 14:14:14ID: BB  Data: 00 00 00 AA 08 AB 0A EC 
"
"2016-11-21 14:14:14ID: BC  Data: 00 00 00 AA F7 54 F5 14 
"
"2016-11-21 14:14:14ID: BB  Data: 00 00 00 AA 08 9F 33 85 
"
"2016-11-21 14:14:14ID: BC  Data: 00 00 00 AA F7 60 CC 7B 
"
"2016-11-21 14:14:14ID: BB  Data: 00 00 00 AA 08 79 0B AC 
"
"2016-11-21 14:14:14ID: BC  Data: 00 00 00 AA F7 86 F4 54 
"
"2016-11-21 14:14:14ID: BB  Data: 00 00 00 AA 08 45 BB 9A 
"
"2016-11-21 14:14:14ID: BC  Data: 00 00 00 AA F7 BA 44 66 
"
"2016-11-21 14:14:15ID: BB  Data: 00 00 00 AA 08 0D 28 3D 
"
"2016-11-21 14:14:15ID: BC  Data: 00 00 00 AA F7 F2 D7 C3 
"
"2016-11-21 14:14:15ID: BB  Data: 00 00 00 AA 07 B3 B0 52 
"
"2016-11-21 14:14:15ID: BC  Data: 00 00 00 AA F8 4C 4F AE 
"
"2016-11-21 14:14:15ID: BB  Data: 00 00 00 AA 07 99 5F E0 
"
"2016-11-21 14:14:15ID: BC  Data: 00 00 00 AA F8 66 A0 20 
"
"2016-11-21 14:14:15ID: BB  Data: 00 00 00 AA 07 99 5F E0 
"
"2016-11-21 14:14:15ID: BC  Data: 00 00 00 AA F8 66 A0 20 
"
"2016-11-21 14:14:15ID: BB  Data: 00 00 00 AA 07 99 5F E0 
"
"2016-11-21 14:14:15ID: BC  Data: 00 00 00 AA F8 66 A0 20 
"
"2016-11-21 14:14:15ID: BB  Data: 00 00 00 AA 07 99 5F E0 
"
"2016-11-21 14:14:15ID: BC  Data: 00 00 00 AA F8 66 A0 20 
"
"2016-11-21 14:14:15ID: BB  Data: 00 00 00 AA 07 8E D9 4C 
"
"2016-11-21 14:14:15ID: BC  Data: 00 00 00 AA F8 71 26 B4 
"
"2016-11-21 14:14:15ID: BB  Data: 00 00 00 AA 07 95 6D 68 
"
"2016-11-21 14:14:15ID: BC  Data: 00 00 00 AA F8 6A 92 98 
"
"2016-11-21 14:14:15ID: BB  Data: 00 00 00 AA 07 8E D9 4C 
"
"2016-11-21 14:14:15ID: BC  Data: 00 00 00 AA F8 71 26 B4 
"
"2016-11-21 14:14:15ID: BB  Data: 00 00 00 AA 07 83 01 E5 
"
"2016-11-21 14:14:15ID: BC  Data: 00 00 00 AA F8 7C FE 1B 
"
"2016-11-21 14:14:15ID: BB  Data: 00 00 00 AA 07 84 52 B8 
"
"2016-11-21 14:14:15ID: BC  Data: 00 00 00 AA F8 7B AD 48 
"
"2016-11-21 14:14:16ID: BB  Data: 00 00 00 AA 07 79 CC 24 
"
"2016-11-21 14:14:16ID: BC  Data: 00 00 00 AA F8 86 33 DC 
"
"2016-11-21 14:14:16ID: BB  Data: 00 00 00 AA 07 7B 1C F6 
"
"2016-11-21 14:14:16ID: BC  Data: 00 00 00 AA F8 84 E3 0A 
"
"2016-11-21 14:14:16ID: BB  Data: 00 00 00 AA 07 7F 0F 6E 
"
"2016-11-21 14:14:16ID: BC  Data: 00 00 00 AA F8 80 F0 92 
"
"2016-11-21 14:14:16ID: BB  Data: 00 00 00 AA 07 7D BE 9B 
"
"2016-11-21 14:14:16ID: BC  Data: 00 00 00 AA F8 82 41 65 
"
"2016-11-21 14:14:16ID: BB  Data: 00 00 00 AA 07 71 E7 35 
"
"2016-11-21 14:14:16ID: BC  Data: 00 00 00 AA F8 8E 18 CB 
"
"2016-11-21 14:14:16ID: BB  Data: 00 00 00 AA 07 62 1D 56 
"
"2016-11-21 14:14:16ID: BC  Data: 00 00 00 AA F8 9D E2 AA 
"
"2016-11-21 14:14:16ID: BB  Data: 00 00 00 AA 07 6D F4 BD 
"
"2016-11-21 14:14:16ID: BC  Data: 00 00 00 AA F8 92 0B 43 
"
"2016-11-21 14:14:16ID: BB  Data: 00 00 00 AA 07 71 E7 35 
"
"2016-11-21 14:14:16ID: BC  Data: 00 00 00 AA F8 8E 18 CB 
"
"2016-11-21 14:14:16ID: BB  Data: 00 00 00 AA 07 8E D9 4C 
"
"2016-11-21 14:14:16ID: BC  Data: 00 00 00 AA F8 71 26 B4 
"
"2016-11-21 14:14:16ID: BB  Data: 00 00 00 AA 07 92 CB C3 
"
"2016-11-21 14:14:16ID: BC  Data: 00 00 00 AA F8 6D 34 3D 
"
"2016-11-21 14:14:16ID: BB  Data: 00 00 00 AA 07 9F F3 FD 
"
"2016-11-21 14:14:16ID: BC  Data: 00 00 00 AA F8 60 0C 03 
"
"2016-11-21 14:14:16ID: BB  Data: 00 00 00 AA 07 AE 6D 08 
"
"2016-11-21 14:14:16ID: BC  Data: 00 00 00 AA F8 51 92 F8 
"
"2016-11-21 14:14:17ID: BB  Data: 00 00 00 AA 07 C2 29 5E 
"
"2016-11-21 14:14:17ID: BC  Data: 00 00 00 AA F8 3D D6 A2 
"
"2016-11-21 14:14:17ID: BB  Data: 00 00 00 AA 07 DC 79 D0 
"
"2016-11-21 14:14:17ID: BC  Data: 00 00 00 AA F8 23 86 30 
"
"2016-11-21 14:14:17ID: BB  Data: 00 00 00 AA 07 DD CA A3 
"
"2016-11-21 14:14:17ID: BC  Data: 00 00 00 AA F8 22 35 5D 
"
"2016-11-21 14:14:17ID: BB  Data: 00 00 00 AA 07 E3 0D ED 
"
"2016-11-21 14:14:17ID: BC  Data: 00 00 00 AA F8 1C F2 13 
"
"2016-11-21 14:14:17ID: BB  Data: 00 00 00 AA 07 D9 D8 2B 
"
"2016-11-21 14:14:17ID: BC  Data: 00 00 00 AA F8 26 27 D5 
"
"2016-11-21 14:14:17ID: BB  Data: 00 00 00 AA 07 DB 28 FE 
"
"2016-11-21 14:14:17ID: BC  Data: 00 00 00 AA F8 24 D7 02 
"
"2016-11-21 14:14:17ID: BB  Data: 00 00 00 AA 07 EA F2 DC 
"
"2016-11-21 14:14:17ID: BC  Data: 00 00 00 AA F8 15 0D 24 
"
"2016-11-21 14:14:17ID: BB  Data: 00 00 00 AA 07 F5 79 70 
"
"2016-11-21 14:14:17ID: BC  Data: 00 00 00 AA F8 0A 86 90 
"
"2016-11-21 14:14:17ID: BB  Data: 00 00 00 AA 07 FA BC BA 
"
"2016-11-21 14:14:17ID: BC  Data: 00 00 00 AA F8 05 43 46 
"
"2016-11-21 14:14:17ID: BB  Data: 00 00 00 AA 07 FC 0D 8D 
"
"2016-11-21 14:14:17ID: BC  Data: 00 00 00 AA F8 03 F2 73 
"
"2016-11-21 14:14:17ID: BB  Data: 00 00 00 AA 08 01 50 D7 
"
"2016-11-21 14:14:17ID: BC  Data: 00 00 00 AA F7 FE AF 29 
"
"2016-11-21 14:14:18ID: BB  Data: 00 00 00 AA 08 01 50 D7 
"
"2016-11-21 14:14:18ID: BC  Data: 00 00 00 AA F7 FE AF 29 
"
"2016-11-21 14:14:18ID: BB  Data: 00 00 00 AA 08 02 A1 A9 
"
"2016-11-21 14:14:18ID: BC  Data: 00 00 00 AA F7 FD 5E 57 
"
"2016-11-21 14:14:18ID: BB  Data: 00 00 00 AA 08 0B D7 6B 
"
"2016-11-21 14:14:18ID: BC  Data: 00 00 00 AA F7 F4 28 95 
"
"2016-11-21 14:14:18ID: BB  Data: 00 00 00 AA 08 23 86 38 
"
"2016-11-21 14:14:18ID: BC  Data: 00 00 00 AA F7 DC 79 C8 
"
"2016-11-21 14:14:18ID: BB  Data: 00 00 00 AA 08 23 86 38 
"
"2016-11-21 14:14:18ID: BC  Data: 00 00 00 AA F7 DC 79 C8 
"
"2016-11-21 14:14:18ID: BB  Data: 00 00 00 AA 08 26 27 DD 
"
"2016-11-21 14:14:18ID: BC  Data: 00 00 00 AA F7 D9 D8 23 
"
"2016-11-21 14:14:18ID: BB  Data: 00 00 00 AA 08 26 27 DD 
"
"2016-11-21 14:14:18ID: BC  Data: 00 00 00 AA F7 D9 D8 23 
"
"2016-11-21 14:14:18ID: BB  Data: 00 00 00 AA 08 28 C9 82 
"
"2016-11-21 14:14:18ID: BC  Data: 00 00 00 AA F7 D7 36 7E 
"
"2016-11-21 14:14:18ID: BB  Data: 00 00 00 AA 08 27 78 B0 
"
"2016-11-21 14:14:18ID: BC  Data: 00 00 00 AA F7 D8 87 50 
"
"2016-11-21 14:14:18ID: BB  Data: 00 00 00 AA 08 28 C9 82 
"
"2016-11-21 14:14:18ID: BC  Data: 00 00 00 AA F7 D7 36 7E 
"
"2016-11-21 14:14:18ID: BB  Data: 00 00 00 AA 08 20 E4 93 
"
"2016-11-21 14:14:18ID: BC  Data: 00 00 00 AA F7 DF 1B 6D 
"
"2016-11-21 14:14:18ID: BB  Data: 00 00 00 AA 08 0E 79 10 
"
"2016-11-21 14:14:19ID: BC  Data: 00 00 00 AA F7 F1 86 F0 
"
"2016-11-21 14:14:19ID: BB  Data: 00 00 00 AA 08 0F C9 E3 
"
"2016-11-21 14:14:19ID: BC  Data: 00 00 00 AA F7 F0 36 1D 
"
"2016-11-21 14:14:19ID: BB  Data: 00 00 00 AA 08 0B D7 6B 
"
"2016-11-21 14:14:19ID: BC  Data: 00 00 00 AA F7 F4 28 95 
"
"2016-11-21 14:14:19ID: BB  Data: 00 00 00 AA 08 09 35 C6 
"
"2016-11-21 14:14:19ID: BC  Data: 00 00 00 AA F7 F6 CA 3A 
"
"2016-11-21 14:14:19ID: BB  Data: 00 00 00 AA 07 FC 0D 8D 
"
"2016-11-21 14:14:19ID: BC  Data: 00 00 00 AA F8 03 F2 73 
"
"2016-11-21 14:14:19ID: BB  Data: 00 00 00 AA 08 01 50 D7 
"
"2016-11-21 14:14:19ID: BC  Data: 00 00 00 AA F7 FE AF 29 
"
"2016-11-21 14:14:19ID: BB  Data: 00 00 00 AA 07 D9 D8 2B 
"
"2016-11-21 14:14:19ID: BC  Data: 00 00 00 AA F8 26 27 D5 
"
"2016-11-21 14:14:19ID: BB  Data: 00 00 00 AA 07 E4 5E BF 
"
"2016-11-21 14:14:19ID: BC  Data: 00 00 00 AA F8 1B A1 41 
"
"2016-11-21 14:14:19ID: BB  Data: 00 00 00 AA 07 E5 AF 92 
"
"2016-11-21 14:14:19ID: BC  Data: 00 00 00 AA F8 1A 50 6E 
"
"2016-11-21 14:14:19ID: BB  Data: 00 00 00 AA 07 F4 28 9E 
"
"2016-11-21 14:14:19ID: BC  Data: 00 00 00 AA F8 0B D7 62 
"
"2016-11-21 14:14:19ID: BB  Data: 00 00 00 AA 07 ED 94 81 
"
"2016-11-21 14:14:19ID: BC  Data: 00 00 00 AA F8 12 6B 7F 
"
"2016-11-21 14:14:19ID: BB  Data: 00 00 00 AA 07 EE E5 54 
"
"2016-11-21 14:14:19ID: BC  Data: 00 00 00 AA F8 11 1A AC 
"
"2016-11-21 14:14:20ID: BB  Data: 00 00 00 AA 07 ED 94 81 
"
"2016-11-21 14:14:20ID: BC  Data: 00 00 00 AA F8 12 6B 7F 
"
"2016-11-21 14:14:20ID: BB  Data: 00 00 00 AA 07 E1 BD 1A 
"
"2016-11-21 14:14:20ID: BC  Data: 00 00 00 AA F8 1E 42 E6 
"
"2016-11-21 14:14:20ID: BB  Data: 00 00 00 AA 07 E7 00 65 
"
"2016-11-21 14:14:20ID: BC  Data: 00 00 00 AA F8 18 FF 9B 
"
"2016-11-21 14:14:20ID: BB  Data: 00 00 00 AA 07 EC 43 AF 
"
"2016-11-21 14:14:20ID: BC  Data: 00 00 00 AA F8 13 BC 51 
"
"2016-11-21 14:14:20ID: BB  Data: 00 00 00 AA 07 F0 36 26 
"
"2016-11-21 14:14:20ID: BC  Data: 00 00 00 AA F8 0F C9 DA 
"
"2016-11-21 14:14:20ID: BB  Data: 00 00 00 AA 07 F1 86 F9 
"
"2016-11-21 14:14:20ID: BC  Data: 00 00 00 AA F8 0E 79 07 
"
"2016-11-21 14:14:20ID: BB  Data: 00 00 00 AA 07 EC 43 AF 
"
"2016-11-21 14:14:20ID: BC  Data: 00 00 00 AA F8 13 BC 51 
"
"2016-11-21 14:14:20ID: BB  Data: 00 00 00 AA 07 F0 36 26 
"
"2016-11-21 14:14:20ID: BC  Data: 00 00 00 AA F8 0F C9 DA 
"
"2016-11-21 14:14:20ID: BB  Data: 00 00 00 AA 07 E9 A2 0A 
"
"2016-11-21 14:14:20ID: BC  Data: 00 00 00 AA F8 16 5D F6 
"
"2016-11-21 14:14:20ID: BB  Data: 00 00 00 AA 07 E9 A2 0A 
"
"2016-11-21 14:14:20ID: BC  Data: 00 00 00 AA F8 16 5D F6 
"
"2016-11-21 14:14:20ID: BB  Data: 00 00 00 AA 07 ED 94 81 
"
"2016-11-21 14:14:20ID: BC  Data: 00 00 00 AA F8 12 6B 7F 
"
"2016-11-21 14:14:21ID: BB  Data: 00 00 00 AA 07 F0 36 26 
"
"2016-11-21 14:14:21ID: BC  Data: 00 00 00 AA F8 0F C9 DA 
"
"2016-11-21 14:14:21ID: BB  Data: 00 00 00 AA 07 F0 36 26 
"
"2016-11-21 14:14:21ID: BC  Data: 00 00 00 AA F8 0F C9 DA 
"
"2016-11-21 14:14:21ID: BB  Data: 00 00 00 AA 07 EE E5 54 
"
"2016-11-21 14:14:21ID: BC  Data: 00 00 00 AA F8 11 1A AC 
"
"2016-11-21 14:14:21ID: BB  Data: 00 00 00 AA 07 F1 86 F9 
"
"2016-11-21 14:14:21ID: BC  Data: 00 00 00 AA F8 0E 79 07 
"
"2016-11-21 14:14:21ID: BB  Data: 00 00 00 AA 07 F1 86 F9 
"
"2016-11-21 14:14:21ID: BC  Data: 00 00 00 AA F8 0E 79 07 
"
"2016-11-21 14:14:21ID: BB  Data: 00 00 00 AA 07 F8 1B 15 
"
"2016-11-21 14:14:21ID: BC  Data: 00 00 00 AA F8 07 E4 EB 
"
"2016-11-21 14:14:21ID: BB  Data: 00 00 00 AA 07 F5 79 70 
"
"2016-11-21 14:14:21ID: BC  Data: 00 00 00 AA F8 0A 86 90 
"
"2016-11-21 14:14:21ID: BB  Data: 00 00 00 AA 07 F5 79 70 
"
"2016-11-21 14:14:21ID: BC  Data: 00 00 00 AA F8 0A 86 90 
"
"2016-11-21 14:14:21ID: BB  Data: 00 00 00 AA 07 F6 CA 43 
"
"2016-11-21 14:14:21ID: BC  Data: 00 00 00 AA F8 09 35 BD 
"
"2016-11-21 14:14:21ID: BB  Data: 00 00 00 AA 07 F1 86 F9 
"
"2016-11-21 14:14:21ID: BC  Data: 00 00 00 AA F8 0E 79 07 
"
"2016-11-21 14:14:21ID: BB  Data: 00 00 00 AA 07 F5 79 70 
"
"2016-11-21 14:14:21ID: BC  Data: 00 00 00 AA F8 0A 86 90 
"
"2016-11-21 14:14:21ID: BB  Data: 00 00 00 AA 07 F4 28 9E 
"
"2016-11-21 14:14:21ID: BC  Data: 00 00 00 AA F8 0B D7 62 
"
"2016-11-21 14:14:22ID: BB  Data: 00 00 00 AA 07 F2 D7 CB 
"
"2016-11-21 14:14:22ID: BC  Data: 00 00 00 AA F8 0D 28 35 
"
"2016-11-21 14:14:22ID: BB  Data: 00 00 00 AA 07 F6 CA 43 
"
"2016-11-21 14:14:22ID: BC  Data: 00 00 00 AA F8 09 35 BD 
"
"2016-11-21 14:14:22ID: BB  Data: 00 00 00 AA 07 F6 CA 43 
"
"2016-11-21 14:14:22ID: BC  Data: 00 00 00 AA F8 09 35 BD 
"
"2016-11-21 14:14:22ID: BB  Data: 00 00 00 AA 07 FA BC BA 
"
"2016-11-21 14:14:22ID: BC  Data: 00 00 00 AA F8 05 43 46 
"
"2016-11-21 14:14:22ID: BB  Data: 00 00 00 AA 07 F6 CA 43 
"
"2016-11-21 14:14:22ID: BC  Data: 00 00 00 AA F8 09 35 BD 
"
"2016-11-21 14:14:22ID: BB  Data: 00 00 00 AA 07 F8 1B 15 
"
"2016-11-21 14:14:22ID: BC  Data: 00 00 00 AA F8 07 E4 EB 
"
"2016-11-21 14:14:22ID: BB  Data: 00 00 00 AA 07 FD 5E 5F 
"
"2016-11-21 14:14:22ID: BC  Data: 00 00 00 AA F8 02 A1 A1 
"
"2016-11-21 14:14:22ID: BB  Data: 00 00 00 AA 08 05 43 4E 
"
"2016-11-21 14:14:22ID: BC  Data: 00 00 00 AA F7 FA BC B2 
"
"2016-11-21 14:14:22ID: BB  Data: 00 00 00 AA 08 00 00 04 
"
"2016-11-21 14:14:22ID: BC  Data: 00 00 00 AA F7 FF FF FC 
"
"2016-11-21 14:14:22ID: BB  Data: 00 00 00 AA 07 FD 5E 5F 
"
"2016-11-21 14:14:22ID: BC  Data: 00 00 00 AA F8 02 A1 A1 
"
"2016-11-21 14:14:22ID: BB  Data: 00 00 00 AA 08 01 50 D7 
"
"2016-11-21 14:14:22ID: BC  Data: 00 00 00 AA F7 FE AF 29 
"
"2016-11-21 14:14:23ID: BB  Data: 00 00 00 AA 07 FE AF 32 
"
"2016-11-21 14:14:23ID: BC  Data: 00 00 00 AA F8 01 50 CE 
"
"2016-11-21 14:14:23ID: BB  Data: 00 00 00 AA 07 FE AF 32 
"
"2016-11-21 14:14:23ID: BC  Data: 00 00 00 AA F8 01 50 CE 
"
"2016-11-21 14:14:23ID: BB  Data: 00 00 00 AA 08 03 F2 7C 
"
"2016-11-21 14:14:23ID: BC  Data: 00 00 00 AA F7 FC 0D 84 
"
"2016-11-21 14:14:23ID: BB  Data: 00 00 00 AA 08 07 E4 F3 
"
"2016-11-21 14:14:23ID: BC  Data: 00 00 00 AA F7 F8 1B 0D 
"
"2016-11-21 14:14:23ID: BB  Data: 00 00 00 AA 08 1B A1 49 
"
"2016-11-21 14:14:23ID: BC  Data: 00 00 00 AA F7 E4 5E B7 
"
"2016-11-21 14:14:23ID: BB  Data: 00 00 00 AA 08 33 50 16 
"
"2016-11-21 14:14:23ID: BC  Data: 00 00 00 AA F7 CC AF EA 
"
"2016-11-21 14:14:23ID: BB  Data: 00 00 00 AA 08 8C C8 02 
"
"2016-11-21 14:14:23ID: BC  Data: 00 00 00 AA F7 73 37 FE 
"
"2016-11-21 14:14:23ID: BB  Data: 00 00 00 AA 09 43 AA 4F 
"
"2016-11-21 14:14:23ID: BC  Data: 00 00 00 AA F6 BC 55 B1 
"
"2016-11-21 14:14:23ID: BB  Data: 00 00 00 AA 09 85 73 6D 
"
"2016-11-21 14:14:23ID: BC  Data: 00 00 00 AA F6 7A 8C 93 
"
"2016-11-21 14:14:23ID: BB  Data: 00 00 00 AA 09 B8 C3 7F 
"
"2016-11-21 14:14:23ID: BC  Data: 00 00 00 AA F6 47 3C 81 
"
"2016-11-21 14:14:23ID: BB  Data: 00 00 00 AA 09 C1 F9 41 
"
"2016-11-21 14:14:23ID: BC  Data: 00 00 00 AA F6 3E 06 BF 
"
"2016-11-21 14:14:24ID: BB  Data: 00 00 00 AA 09 C5 EB B9 
"
"2016-11-21 14:14:24ID: BC  Data: 00 00 00 AA F6 3A 14 47 
"
"2016-11-21 14:14:24ID: BB  Data: 00 00 00 AA 09 9E 73 0D 
"
"2016-11-21 14:14:24ID: BC  Data: 00 00 00 AA F6 61 8C F3 
"
"2016-11-21 14:14:24ID: BB  Data: 00 00 00 AA 09 96 8E 1E 
"
"2016-11-21 14:14:24ID: BC  Data: 00 00 00 AA F6 69 71 E2 
"
"2016-11-21 14:14:24ID: BB  Data: 00 00 00 AA 09 99 2F C3 
"
"2016-11-21 14:14:24ID: BC  Data: 00 00 00 AA F6 66 D0 3D 
"
"2016-11-21 14:14:24ID: BB  Data: 00 00 00 AA 09 9B D1 68 
"
"2016-11-21 14:14:24ID: BC  Data: 00 00 00 AA F6 64 2E 98 
"
"2016-11-21 14:14:24ID: BB  Data: 00 00 00 AA 09 9B D1 68 
"
"2016-11-21 14:14:24ID: BC  Data: 00 00 00 AA F6 64 2E 98 
"
"2016-11-21 14:14:24ID: BB  Data: 00 00 00 AA 09 9A 80 96 
"
"2016-11-21 14:14:24ID: BC  Data: 00 00 00 AA F6 65 7F 6A 
"
"2016-11-21 14:14:24ID: BB  Data: 00 00 00 AA 09 95 3D 4B 
"
"2016-11-21 14:14:24ID: BC  Data: 00 00 00 AA F6 6A C2 B5 
"
"2016-11-21 14:14:24ID: BB  Data: 00 00 00 AA 09 97 DE F1 
"
"2016-11-21 14:14:24ID: BC  Data: 00 00 00 AA F6 68 21 0F 
"
"2016-11-21 14:14:24ID: BB  Data: 00 00 00 AA 09 96 8E 1E 
"
"2016-11-21 14:14:24ID: BC  Data: 00 00 00 AA F6 69 71 E2 
"
"2016-11-21 14:14:24ID: BB  Data: 00 00 00 AA 09 8E A9 2F 
"
"2016-11-21 14:14:24ID: BC  Data: 00 00 00 AA F6 71 56 D1 
"
"2016-11-21 14:14:24ID: BB  Data: 00 00 00 AA 09 89 65 E5 
"
"2016-11-21 14:14:24ID: BC  Data: 00 00 00 AA F6 76 9A 1B 
"
"2016-11-21 14:14:25ID: BB  Data: 00 00 00 AA 09 80 30 23 
"
"2016-11-21 14:14:25ID: BC  Data: 00 00 00 AA F6 7F CF DD 
"
"2016-11-21 14:14:25ID: BB  Data: 00 00 00 AA 09 7A EC D9 
"
"2016-11-21 14:14:25ID: BC  Data: 00 00 00 AA F6 85 13 27 
"
"2016-11-21 14:14:25ID: BB  Data: 00 00 00 AA 09 80 30 23 
"
"2016-11-21 14:14:25ID: BC  Data: 00 00 00 AA F6 7F CF DD 
"
"2016-11-21 14:14:25ID: BB  Data: 00 00 00 AA 09 7C 3D AC 
"
"2016-11-21 14:14:25ID: BC  Data: 00 00 00 AA F6 83 C2 54 
"
"2016-11-21 14:14:25ID: BB  Data: 00 00 00 AA 09 78 4B 34 
"
"2016-11-21 14:14:25ID: BC  Data: 00 00 00 AA F6 87 B4 CC 
"
"2016-11-21 14:14:25ID: BB  Data: 00 00 00 AA 09 75 A9 8F 
"
"2016-11-21 14:14:25ID: BC  Data: 00 00 00 AA F6 8A 56 71 
"
"2016-11-21 14:14:25ID: BB  Data: 00 00 00 AA 09 6B 22 FB 
"
"2016-11-21 14:14:25ID: BC  Data: 00 00 00 AA F6 94 DD 05 
"
"2016-11-21 14:14:25ID: BB  Data: 00 00 00 AA 09 64 8E DE 
"
"2016-11-21 14:14:25ID: BC  Data: 00 00 00 AA F6 9B 71 22 
"
"2016-11-21 14:14:25ID: BB  Data: 00 00 00 AA 09 25 67 66 
"
"2016-11-21 14:14:25ID: BC  Data: 00 00 00 AA F6 DA 98 9A 
"
"2016-11-21 14:14:25ID: BB  Data: 00 00 00 AA 09 24 16 93 
"
"2016-11-21 14:14:25ID: BC  Data: 00 00 00 AA F6 DB E9 6D 
"
"2016-11-21 14:14:25ID: BB  Data: 00 00 00 AA 09 00 90 5F 
"
"2016-11-21 14:14:25ID: BC  Data: 00 00 00 AA F6 FF 6F A1 
"
"2016-11-21 14:14:26ID: BB  Data: 00 00 00 AA 09 0B 16 F3 
"
"2016-11-21 14:14:26ID: BC  Data: 00 00 00 AA F6 F4 E9 0D 
"
"2016-11-21 14:14:26ID: BB  Data: 00 00 00 AA 08 FB 4D 15 
"
"2016-11-21 14:14:26ID: BC  Data: 00 00 00 AA F7 04 B2 EB 
"
"2016-11-21 14:14:26ID: BB  Data: 00 00 00 AA 08 F2 17 53 
"
"2016-11-21 14:14:26ID: BC  Data: 00 00 00 AA F7 0D E8 AD 
"
"2016-11-21 14:14:26ID: BB  Data: 00 00 00 AA 08 C9 4D D5 
"
"2016-11-21 14:14:26ID: BC  Data: 00 00 00 AA F7 36 B2 2B 
"
"2016-11-21 14:14:26ID: BB  Data: 00 00 00 AA 08 CD 40 4D 
"
"2016-11-21 14:14:26ID: BC  Data: 00 00 00 AA F7 32 BF B3 
"
"2016-11-21 14:14:26ID: BB  Data: 00 00 00 AA 08 BA D4 CA 
"
"2016-11-21 14:14:26ID: BC  Data: 00 00 00 AA F7 45 2B 36 
"
"2016-11-21 14:14:26ID: BB  Data: 00 00 00 AA 08 B8 33 25 
"
"2016-11-21 14:14:26ID: BC  Data: 00 00 00 AA F7 47 CC DB 
"
"2016-11-21 14:14:26ID: BB  Data: 00 00 00 AA 08 B0 4E 36 
"
"2016-11-21 14:14:26ID: BC  Data: 00 00 00 AA F7 4F B1 CA 
"
"2016-11-21 14:14:26ID: BB  Data: 00 00 00 AA 08 A3 25 FC 
"
"2016-11-21 14:14:26ID: BC  Data: 00 00 00 AA F7 5C DA 04 
"
"2016-11-21 14:14:26ID: BB  Data: 00 00 00 AA 08 A8 69 46 
"
"2016-11-21 14:14:26ID: BC  Data: 00 00 00 AA F7 57 96 BA 
"
"2016-11-21 14:14:26ID: BB  Data: 00 00 00 AA 08 97 4E 96 
"
"2016-11-21 14:14:26ID: BC  Data: 00 00 00 AA F7 68 B1 6A 
"
"2016-11-21 14:14:26ID: BB  Data: 00 00 00 AA 08 95 FD C3 
"
"2016-11-21 14:14:27ID: BC  Data: 00 00 00 AA F7 6A 02 3D 
"
"2016-11-21 14:14:27ID: BB  Data: 00 00 00 AA 08 94 AC F1 
"
"2016-11-21 14:14:27ID: BC  Data: 00 00 00 AA F7 6B 53 0F 
"
"2016-11-21 14:14:27ID: BB  Data: 00 00 00 AA 08 8A 26 5D 
"
"2016-11-21 14:14:27ID: BC  Data: 00 00 00 AA F7 75 D9 A3 
"
"2016-11-21 14:14:27ID: BB  Data: 00 00 00 AA 08 72 77 8F 
"
"2016-11-21 14:14:27ID: BC  Data: 00 00 00 AA F7 8D 88 71 
"
"2016-11-21 14:14:27ID: BB  Data: 00 00 00 AA 08 6B E3 73 
"
"2016-11-21 14:14:27ID: BC  Data: 00 00 00 AA F7 94 1C 8D 
"
"2016-11-21 14:14:27ID: BB  Data: 00 00 00 AA 08 6F D5 EA 
"
"2016-11-21 14:14:27ID: BC  Data: 00 00 00 AA F7 90 2A 16 
"
"2016-11-21 14:14:27ID: BB  Data: 00 00 00 AA 08 5E BB 3A 
"
"2016-11-21 14:14:27ID: BC  Data: 00 00 00 AA F7 A1 44 C6 
"
"2016-11-21 14:14:27ID: BB  Data: 00 00 00 AA 08 54 34 A5 
"
"2016-11-21 14:14:27ID: BC  Data: 00 00 00 AA F7 AB CB 5B 
"
"2016-11-21 14:14:27ID: BB  Data: 00 00 00 AA 08 59 77 EF 
"
"2016-11-21 14:14:27ID: BC  Data: 00 00 00 AA F7 A6 88 11 
"
"2016-11-21 14:14:27ID: BB  Data: 00 00 00 AA 08 22 35 66 
"
"2016-11-21 14:14:27ID: BC  Data: 00 00 00 AA F7 DD CA 9A 
"
"2016-11-21 14:14:27ID: BB  Data: 00 00 00 AA 07 D5 E5 B4 
"
"2016-11-21 14:14:27ID: BC  Data: 00 00 00 AA F8 2A 1A 4C 
"
"2016-11-21 14:14:27ID: BB  Data: 00 00 00 AA 07 C7 6C A8 
"
"2016-11-21 14:14:27ID: BC  Data: 00 00 00 AA F8 38 93 58 
"
"2016-11-21 14:14:28ID: BB  Data: 00 00 00 AA 07 C3 7A 31 
"
"2016-11-21 14:14:28ID: BC  Data: 00 00 00 AA F8 3C 85 CF 
"
"2016-11-21 14:14:28ID: BB  Data: 00 00 00 AA 07 BF 87 B9 
"
"2016-11-21 14:14:28ID: BC  Data: 00 00 00 AA F8 40 78 47 
"
"2016-11-21 14:14:28ID: BB  Data: 00 00 00 AA 07 B2 5F 80 
"
"2016-11-21 14:14:28ID: BC  Data: 00 00 00 AA F8 4D A0 80 
"
"2016-11-21 14:14:28ID: BB  Data: 00 00 00 AA 07 AA 7A 91 
"
"2016-11-21 14:14:28ID: BC  Data: 00 00 00 AA F8 55 85 6F 
"
"2016-11-21 14:14:28ID: BB  Data: 00 00 00 AA 07 96 BE 3B 
"
"2016-11-21 14:14:28ID: BC  Data: 00 00 00 AA F8 69 41 C5 
"
"2016-11-21 14:14:28ID: BB  Data: 00 00 00 AA 07 83 01 E5 
"
"2016-11-21 14:14:28ID: BC  Data: 00 00 00 AA F8 7C FE 1B 
"
"2016-11-21 14:14:28ID: BB  Data: 00 00 00 AA 07 68 B1 73 
"
"2016-11-21 14:14:28ID: BC  Data: 00 00 00 AA F8 97 4E 8D 
"
"2016-11-21 14:14:28ID: BB  Data: 00 00 00 AA 07 6C A3 EA 
"
"2016-11-21 14:14:28ID: BC  Data: 00 00 00 AA F8 93 5C 16 
"
"2016-11-21 14:14:28ID: BB  Data: 00 00 00 AA 07 74 88 DA 
"
"2016-11-21 14:14:28ID: BC  Data: 00 00 00 AA F8 8B 77 26 
"
"2016-11-21 14:14:28ID: BB  Data: 00 00 00 AA 07 43 DA 6C 
"
"2016-11-21 14:14:28ID: BC  Data: 00 00 00 AA F8 BC 25 94 
"
"2016-11-21 14:14:28ID: BB  Data: 00 00 00 AA 07 75 D9 AC 
"
"2016-11-21 14:14:28ID: BC  Data: 00 00 00 AA F8 8A 26 54 
"
"2016-11-21 14:14:29ID: BB  Data: 00 00 00 AA 07 43 DA 6C 
"
"2016-11-21 14:14:29ID: BC  Data: 00 00 00 AA F8 BC 25 94 
"
"2016-11-21 14:14:29ID: BB  Data: 00 00 00 AA 07 51 02 A6 
"
"2016-11-21 14:14:29ID: BC  Data: 00 00 00 AA F8 AE FD 5A 
"
"2016-11-21 14:14:29ID: BB  Data: 00 00 00 AA 06 FB 7D 32 
"
"2016-11-21 14:14:29ID: BC  Data: 00 00 00 AA F9 04 82 CE 
"
"2016-11-21 14:14:29ID: BB  Data: 00 00 00 AA 06 B5 C1 9D 
"
"2016-11-21 14:14:29ID: BC  Data: 00 00 00 AA F9 4A 3E 63 
"
"2016-11-21 14:14:29ID: BB  Data: 00 00 00 AA 06 AC 8B DB 
"
"2016-11-21 14:14:29ID: BC  Data: 00 00 00 AA F9 53 74 25 
"
"2016-11-21 14:14:29ID: BB  Data: 00 00 00 AA 06 66 D0 46 
"
"2016-11-21 14:14:29ID: BC  Data: 00 00 00 AA F9 99 2F BA 
"
"2016-11-21 14:14:29ID: BB  Data: 00 00 00 AA 06 89 05 A7 
"
"2016-11-21 14:14:29ID: BC  Data: 00 00 00 AA F9 76 FA 59 
"
"2016-11-21 14:14:29ID: BB  Data: 00 00 00 AA 06 75 49 51 
"
"2016-11-21 14:14:29ID: BC  Data: 00 00 00 AA F9 8A B6 AF 
"
"2016-11-21 14:14:29ID: BB  Data: 00 00 00 AA 06 7A 8C 9B 
"
"2016-11-21 14:14:29ID: BC  Data: 00 00 00 AA F9 85 73 65 
"
"2016-11-21 14:14:29ID: BB  Data: 00 00 00 AA 06 73 F8 7F 
"
"2016-11-21 14:14:29ID: BC  Data: 00 00 00 AA F9 8C 07 81 
"
"2016-11-21 14:14:29ID: BB  Data: 00 00 00 AA 06 73 F8 7F 
"
"2016-11-21 14:14:29ID: BC  Data: 00 00 00 AA F9 8C 07 81 
"
"2016-11-21 14:14:29ID: BB  Data: 00 00 00 AA 06 77 EA F6 
"
"2016-11-21 14:14:29ID: BC  Data: 00 00 00 AA F9 88 15 0A 
"
"2016-11-21 14:14:30ID: BB  Data: 00 00 00 AA 06 68 21 18 
"
"2016-11-21 14:14:30ID: BC  Data: 00 00 00 AA F9 97 DE E8 
"
"2016-11-21 14:14:30ID: BB  Data: 00 00 00 AA 06 55 B5 95 
"
"2016-11-21 14:14:30ID: BC  Data: 00 00 00 AA F9 AA 4A 6B 
"
"2016-11-21 14:14:30ID: BB  Data: 00 00 00 AA 05 CB 8F 3D 
"
"2016-11-21 14:14:30ID: BC  Data: 00 00 00 AA FA 34 70 C3 
"
"2016-11-21 14:14:30ID: BB  Data: 00 00 00 AA 03 5D 3A 46 
"
"2016-11-21 14:14:30ID: BC  Data: 00 00 00 AA FC A2 C5 BA 
"
"2016-11-21 14:14:30ID: BB  Data: 00 00 00 AA 02 D4 64 C1 
"
"2016-11-21 14:14:30ID: BC  Data: 00 00 00 AA FD 2B 9B 3F 
"
"2016-11-21 14:14:30ID: BB  Data: 00 00 00 AA 02 91 4A D0 
"
"2016-11-21 14:14:30ID: BC  Data: 00 00 00 AA FD 6E B5 30 
"
"2016-11-21 14:14:30ID: BB  Data: 00 00 00 AA 02 8F F9 FE 
"
"2016-11-21 14:14:30ID: BC  Data: 00 00 00 AA FD 70 06 02 
"
"2016-11-21 14:14:30ID: BB  Data: 00 00 00 AA 02 A1 14 AE 
"
"2016-11-21 14:14:30ID: BC  Data: 00 00 00 AA FD 5E EB 52 
"
"2016-11-21 14:14:30ID: BB  Data: 00 00 00 AA 03 90 8A 58 
"
"2016-11-21 14:14:30ID: BC  Data: 00 00 00 AA FC 6F 75 A8 
"
"2016-11-21 14:14:30ID: BB  Data: 00 00 00 AA 03 B4 10 8C 
"
"2016-11-21 14:14:30ID: BC  Data: 00 00 00 AA FC 4B EF 74 
"
"2016-11-21 14:14:30ID: BB  Data: 00 00 00 AA 03 89 F6 3C 
"
"2016-11-21 14:14:30ID: BC  Data: 00 00 00 AA FC 76 09 C4 
"
"2016-11-21 14:14:31ID: BB  Data: 00 00 00 AA 03 A2 F5 DC 
"
"2016-11-21 14:14:31ID: BC  Data: 00 00 00 AA FC 5D 0A 24 
"
"2016-11-21 14:14:31ID: BB  Data: 00 00 00 AA 03 A8 39 26 
"
"2016-11-21 14:14:31ID: BC  Data: 00 00 00 AA FC 57 C6 DA 
"
"2016-11-21 14:14:31ID: BB  Data: 00 00 00 AA 03 6B B3 52 
"
"2016-11-21 14:14:31ID: BC  Data: 00 00 00 AA FC 94 4C AE 
"
"2016-11-21 14:14:31ID: BB  Data: 00 00 00 AA 03 7C CE 03 
"
"2016-11-21 14:14:31ID: BC  Data: 00 00 00 AA FC 83 31 FD 
"
"2016-11-21 14:14:31ID: BB  Data: 00 00 00 AA 03 5D 3A 46 
"
"2016-11-21 14:14:31ID: BC  Data: 00 00 00 AA FC A2 C5 BA 
"
"2016-11-21 14:14:31ID: BB  Data: 00 00 00 AA 03 6B B3 52 
"
"2016-11-21 14:14:31ID: BC  Data: 00 00 00 AA FC 94 4C AE 
"
"2016-11-21 14:14:31ID: BB  Data: 00 00 00 AA 03 6F A5 C9 
"
"2016-11-21 14:14:31ID: BC  Data: 00 00 00 AA FC 90 5A 37 
"
"2016-11-21 14:14:31ID: BB  Data: 00 00 00 AA 03 B5 61 5F 
"
"2016-11-21 14:14:31ID: BC  Data: 00 00 00 AA FC 4A 9E A1 
"
"2016-11-21 14:14:31ID: BB  Data: 00 00 00 AA 03 E3 6E 27 
"
"2016-11-21 14:14:31ID: BC  Data: 00 00 00 AA FC 1C 91 D9 
"
"2016-11-21 14:14:31ID: BB  Data: 00 00 00 AA 04 1E A3 28 
"
"2016-11-21 14:14:31ID: BC  Data: 00 00 00 AA FB E1 5C D8 
"
"2016-11-21 14:14:31ID: BB  Data: 00 00 00 AA 04 15 6D 67 
"
"2016-11-21 14:14:31ID: BC  Data: 00 00 00 AA FB EA 92 99 
"
"2016-11-21 14:14:32ID: BB  Data: 00 00 00 AA 04 26 88 17 
"
"2016-11-21 14:14:32ID: BC  Data: 00 00 00 AA FB D9 77 E9 
"
"2016-11-21 14:14:32ID: BB  Data: 00 00 00 AA 04 1D 52 56 
"
"2016-11-21 14:14:32ID: BC  Data: 00 00 00 AA FB E2 AD AA 
"
"2016-11-21 14:14:32ID: BB  Data: 00 00 00 AA 04 1F F3 FB 
"
"2016-11-21 14:14:32ID: BC  Data: 00 00 00 AA FB E0 0C 05 
"
"2016-11-21 14:14:32ID: BB  Data: 00 00 00 AA 04 2B CB 61 
"
"2016-11-21 14:14:32ID: BC  Data: 00 00 00 AA FB D4 34 9F 
"
"2016-11-21 14:14:32ID: BB  Data: 00 00 00 AA 04 2D 1C 34 
"
"2016-11-21 14:14:32ID: BC  Data: 00 00 00 AA FB D2 E3 CC 
"
"2016-11-21 14:14:32ID: BB  Data: 00 00 00 AA 04 55 E5 B2 
"
"2016-11-21 14:14:32ID: BC  Data: 00 00 00 AA FB AA 1A 4E 
"
"2016-11-21 14:14:32ID: BB  Data: 00 00 00 AA 04 53 44 0D 
"
"2016-11-21 14:14:32ID: BC  Data: 00 00 00 AA FB AC BB F3 
"
"2016-11-21 14:14:32ID: BB  Data: 00 00 00 AA 04 70 36 24 
"
"2016-11-21 14:14:32ID: BC  Data: 00 00 00 AA FB 8F C9 DC 
"
"2016-11-21 14:14:32ID: BB  Data: 00 00 00 AA 04 75 79 6E 
"
"2016-11-21 14:14:32ID: BC  Data: 00 00 00 AA FB 8A 86 92 
"
"2016-11-21 14:14:32ID: BB  Data: 00 00 00 AA 04 29 29 BC 
"
"2016-11-21 14:14:32ID: BC  Data: 00 00 00 AA FB D6 D6 44 
"
"2016-11-21 14:14:32ID: BB  Data: 00 00 00 AA 04 CC 4F B4 
"
"2016-11-21 14:14:32ID: BC  Data: 00 00 00 AA FB 33 B0 4C 
"
"2016-11-21 14:14:32ID: BB  Data: 00 00 00 AA 04 B3 50 15 
"
"2016-11-21 14:14:32ID: BC  Data: 00 00 00 AA FB 4C AF EB 
"
"2016-11-21 14:14:33ID: BB  Data: 00 00 00 AA 04 A7 78 AE 
"
"2016-11-21 14:14:33ID: BC  Data: 00 00 00 AA FB 58 87 52 
"
"2016-11-21 14:14:33ID: BB  Data: 00 00 00 AA 04 C1 C9 20 
"
"2016-11-21 14:14:33ID: BC  Data: 00 00 00 AA FB 3E 36 E0 
"
"2016-11-21 14:14:33ID: BB  Data: 00 00 00 AA 04 C3 19 F3 
"
"2016-11-21 14:14:33ID: BC  Data: 00 00 00 AA FB 3C E6 0D 
"
"2016-11-21 14:14:33ID: BB  Data: 00 00 00 AA 04 D1 92 FE 
"
"2016-11-21 14:14:33ID: BC  Data: 00 00 00 AA FB 2E 6D 02 
"
"2016-11-21 14:14:33ID: BB  Data: 00 00 00 AA 05 5D 0A 29 
"
"2016-11-21 14:14:33ID: BC  Data: 00 00 00 AA FA A2 F5 D7 
"
"2016-11-21 14:14:33ID: BB  Data: 00 00 00 AA 05 CC E0 0F 
"
"2016-11-21 14:14:33ID: BC  Data: 00 00 00 AA FA 33 1F F1 
"
"2016-11-21 14:14:33ID: BB  Data: 00 00 00 AA 06 2B 9B 44 
"
"2016-11-21 14:14:33ID: BC  Data: 00 00 00 AA F9 D4 64 BC 
"
"2016-11-21 14:14:33ID: BB  Data: 00 00 00 AA 06 1F C3 DE 
"
"2016-11-21 14:14:33ID: BC  Data: 00 00 00 AA F9 E0 3C 22 
"
"2016-11-21 14:14:33ID: BB  Data: 00 00 00 AA 06 15 3D 4A 
"
"2016-11-21 14:14:33ID: BC  Data: 00 00 00 AA F9 EA C2 B6 
"
"2016-11-21 14:14:33ID: BB  Data: 00 00 00 AA 06 04 22 99 
"
"2016-11-21 14:14:33ID: BC  Data: 00 00 00 AA F9 FB DD 67 
"
"2016-11-21 14:14:33ID: BB  Data: 00 00 00 AA 06 04 22 99 
"
"2016-11-21 14:14:33ID: BC  Data: 00 00 00 AA F9 FB DD 67 
"
"2016-11-21 14:14:34ID: BB  Data: 00 00 00 AA 05 F0 66 43 
"
"2016-11-21 14:14:34ID: BC  Data: 00 00 00 AA FA 0F 99 BD 
"
"2016-11-21 14:14:34ID: BB  Data: 00 00 00 AA 05 F4 58 BB 
"
"2016-11-21 14:14:34ID: BC  Data: 00 00 00 AA FA 0B A7 45 
"
"2016-11-21 14:14:34ID: BB  Data: 00 00 00 AA 05 FD 8E 7C 
"
"2016-11-21 14:14:34ID: BC  Data: 00 00 00 AA FA 02 71 84 
"
"2016-11-21 14:14:34ID: BB  Data: 00 00 00 AA 06 13 EC 77 
"
"2016-11-21 14:14:34ID: BC  Data: 00 00 00 AA F9 EC 13 89 
"
"2016-11-21 14:14:34ID: BB  Data: 00 00 00 AA 05 EC 73 CC 
"
"2016-11-21 14:14:34ID: BC  Data: 00 00 00 AA FA 13 8C 34 
"
"2016-11-21 14:14:34ID: BB  Data: 00 00 00 AA 05 FC 3D AA 
"
"2016-11-21 14:14:34ID: BC  Data: 00 00 00 AA FA 03 C2 56 
"
"2016-11-21 14:14:34ID: BB  Data: 00 00 00 AA 05 FD 8E 7C 
"
"2016-11-21 14:14:34ID: BC  Data: 00 00 00 AA FA 02 71 84 
"
"2016-11-21 14:14:34ID: BB  Data: 00 00 00 AA 06 06 C4 3E 
"
"2016-11-21 14:14:34ID: BC  Data: 00 00 00 AA F9 F9 3B C2 
"
"2016-11-21 14:14:34ID: BB  Data: 00 00 00 AA 06 45 EB B7 
"
"2016-11-21 14:14:34ID: BC  Data: 00 00 00 AA F9 BA 14 49 
"
"2016-11-21 14:14:34ID: BB  Data: 00 00 00 AA 06 66 D0 46 
"
"2016-11-21 14:14:34ID: BC  Data: 00 00 00 AA F9 99 2F BA 
"
"2016-11-21 14:14:34ID: BB  Data: 00 00 00 AA 06 68 21 18 
"
"2016-11-21 14:14:34ID: BC  Data: 00 00 00 AA F9 97 DE E8 
"
"2016-11-21 14:14:34ID: BB  Data: 00 00 00 AA 06 AC 8B DB 
"
"2016-11-21 14:14:35ID: BC  Data: 00 00 00 AA F9 53 74 25 
"
"2016-11-21 14:14:35ID: BB  Data: 00 00 00 AA 07 30 1E 17 
"
"2016-11-21 14:14:35ID: BC  Data: 00 00 00 AA F8 CF E1 E9 
"
"2016-11-21 14:14:35ID: BB  Data: 00 00 00 AA 07 4D 10 2E 
"
"2016-11-21 14:14:35ID: BC  Data: 00 00 00 AA F8 B2 EF D2 
"
"2016-11-21 14:14:35ID: BB  Data: 00 00 00 AA 07 3F E7 F5 
"
"2016-11-21 14:14:35ID: BC  Data: 00 00 00 AA F8 C0 18 0B 
"
"2016-11-21 14:14:35ID: BB  Data: 00 00 00 AA 07 3E 97 22 
"
"2016-11-21 14:14:35ID: BC  Data: 00 00 00 AA F8 C1 68 DE 
"
"2016-11-21 14:14:35ID: BB  Data: 00 00 00 AA 07 34 10 8E 
"
"2016-11-21 14:14:35ID: BC  Data: 00 00 00 AA F8 CB EF 72 
"
"2016-11-21 14:14:35ID: BB  Data: 00 00 00 AA 07 36 B2 33 
"
"2016-11-21 14:14:35ID: BC  Data: 00 00 00 AA F8 C9 4D CD 
"
"2016-11-21 14:14:35ID: BB  Data: 00 00 00 AA 07 32 BF BC 
"
"2016-11-21 14:14:35ID: BC  Data: 00 00 00 AA F8 CD 40 44 
"
"2016-11-21 14:14:35ID: BB  Data: 00 00 00 AA 07 24 46 B0 
"
"2016-11-21 14:14:35ID: BC  Data: 00 00 00 AA F8 DB B9 50 
"
"2016-11-21 14:14:35ID: BB  Data: 00 00 00 AA 07 1F 03 66 
"
"2016-11-21 14:14:35ID: BC  Data: 00 00 00 AA F8 E0 FC 9A 
"
"2016-11-21 14:14:35ID: BB  Data: 00 00 00 AA 07 20 54 38 
"
"2016-11-21 14:14:35ID: BC  Data: 00 00 00 AA F8 DF AB C8 
"
"2016-11-21 14:14:35ID: BB  Data: 00 00 00 AA 07 13 2B FF 
"
"2016-11-21 14:14:35ID: BC  Data: 00 00 00 AA F8 EC D4 01 
"
"2016-11-21 14:14:36ID: BB  Data: 00 00 00 AA 07 0C 97 E3 
"
"2016-11-21 14:14:36ID: BC  Data: 00 00 00 AA F8 F3 68 1D 
"
"2016-11-21 14:14:36ID: BB  Data: 00 00 00 AA 07 06 03 C6 
"
"2016-11-21 14:14:36ID: BC  Data: 00 00 00 AA F8 F9 FC 3A 
"
"2016-11-21 14:14:36ID: BB  Data: 00 00 00 AA 06 D6 A6 2C 
"
"2016-11-21 14:14:36ID: BC  Data: 00 00 00 AA F9 29 59 D4 
"
"2016-11-21 14:14:36ID: BB  Data: 00 00 00 AA 06 E3 CE 65 
"
"2016-11-21 14:14:36ID: BC  Data: 00 00 00 AA F9 1C 31 9B 
"
"2016-11-21 14:14:36ID: BB  Data: 00 00 00 AA 06 D0 12 0F 
"
"2016-11-21 14:14:36ID: BC  Data: 00 00 00 AA F9 2F ED F1 
"
"2016-11-21 14:14:36ID: BB  Data: 00 00 00 AA 06 D7 F6 FE 
"
"2016-11-21 14:14:36ID: BC  Data: 00 00 00 AA F9 28 09 02 
"
"2016-11-21 14:14:36ID: BB  Data: 00 00 00 AA 06 D7 F6 FE 
"
"2016-11-21 14:14:36ID: BC  Data: 00 00 00 AA F9 28 09 02 
"
"2016-11-21 14:14:36ID: BB  Data: 00 00 00 AA 06 D9 47 D1 
"
"2016-11-21 14:14:36ID: BC  Data: 00 00 00 AA F9 26 B8 2F 
"
"2016-11-21 14:14:36ID: BB  Data: 00 00 00 AA 06 DA 98 A3 
"
"2016-11-21 14:14:36ID: BC  Data: 00 00 00 AA F9 25 67 5D 
"
"2016-11-21 14:14:36ID: BB  Data: 00 00 00 AA 06 DF DB ED 
"
"2016-11-21 14:14:36ID: BC  Data: 00 00 00 AA F9 20 24 13 
"
"2016-11-21 14:14:36ID: BB  Data: 00 00 00 AA 06 EB B3 54 
"
"2016-11-21 14:14:36ID: BC  Data: 00 00 00 AA F9 14 4C AC 
"
"2016-11-21 14:14:37ID: BB  Data: 00 00 00 AA 06 EF A5 CB 
"
"2016-11-21 14:14:37ID: BC  Data: 00 00 00 AA F9 10 5A 35 
"
"2016-11-21 14:14:37ID: BB  Data: 00 00 00 AA 07 0D E8 B5 
"
"2016-11-21 14:14:37ID: BC  Data: 00 00 00 AA F8 F2 17 4B 
"
"2016-11-21 14:14:37ID: BB  Data: 00 00 00 AA 07 11 DB 2D 
"
"2016-11-21 14:14:37ID: BC  Data: 00 00 00 AA F8 EE 24 D3 
"
"2016-11-21 14:14:37ID: BB  Data: 00 00 00 AA 07 10 8A 5A 
"
"2016-11-21 14:14:37ID: BC  Data: 00 00 00 AA F8 EF 75 A6 
"
"2016-11-21 14:14:37ID: BB  Data: 00 00 00 AA 07 11 DB 2D 
"
"2016-11-21 14:14:37ID: BC  Data: 00 00 00 AA F8 EE 24 D3 
"
"2016-11-21 14:14:37ID: BB  Data: 00 00 00 AA 07 11 DB 2D 
"
"2016-11-21 14:14:37ID: BC  Data: 00 00 00 AA F8 EE 24 D3 
"
"2016-11-21 14:14:37ID: BB  Data: 00 00 00 AA 07 18 6F 49 
"
"2016-11-21 14:14:37ID: BC  Data: 00 00 00 AA F8 E7 90 B7 
"
"2016-11-21 14:14:37ID: BB  Data: 00 00 00 AA 07 19 C0 1C 
"
"2016-11-21 14:14:37ID: BC  Data: 00 00 00 AA F8 E6 3F E4 
"
"2016-11-21 14:14:37ID: BB  Data: 00 00 00 AA 07 1F 03 66 
"
"2016-11-21 14:14:37ID: BC  Data: 00 00 00 AA F8 E0 FC 9A 
"
"2016-11-21 14:14:37ID: BB  Data: 00 00 00 AA 07 1D B2 93 
"
"2016-11-21 14:14:37ID: BC  Data: 00 00 00 AA F8 E2 4D 6D 
"
"2016-11-21 14:14:37ID: BB  Data: 00 00 00 AA 07 1B 10 EE 
"
"2016-11-21 14:14:37ID: BC  Data: 00 00 00 AA F8 E4 EF 12 
"
"2016-11-21 14:14:37ID: BB  Data: 00 00 00 AA 07 1F 03 66 
"
"2016-11-21 14:14:37ID: BC  Data: 00 00 00 AA F8 E0 FC 9A 
"
"2016-11-21 14:14:38ID: BB  Data: 00 00 00 AA 07 24 46 B0 
"
"2016-11-21 14:14:38ID: BC  Data: 00 00 00 AA F8 DB B9 50 
"
"2016-11-21 14:14:38ID: BB  Data: 00 00 00 AA 07 26 E8 55 
"
"2016-11-21 14:14:38ID: BC  Data: 00 00 00 AA F8 D9 17 AB 
"
"2016-11-21 14:14:38ID: BB  Data: 00 00 00 AA 07 39 53 D8 
"
"2016-11-21 14:14:38ID: BC  Data: 00 00 00 AA F8 C6 AC 28 
"
"2016-11-21 14:14:38ID: BB  Data: 00 00 00 AA 07 3F E7 F5 
"
"2016-11-21 14:14:38ID: BC  Data: 00 00 00 AA F8 C0 18 0B 
"
"2016-11-21 14:14:38ID: BB  Data: 00 00 00 AA 07 3E 97 22 
"
"2016-11-21 14:14:38ID: BC  Data: 00 00 00 AA F8 C1 68 DE 
"
"2016-11-21 14:14:38ID: BB  Data: 00 00 00 AA 07 43 DA 6C 
"
"2016-11-21 14:14:38ID: BC  Data: 00 00 00 AA F8 BC 25 94 
"
"2016-11-21 14:14:38ID: BB  Data: 00 00 00 AA 07 46 7C 11 
"
"2016-11-21 14:14:38ID: BC  Data: 00 00 00 AA F8 B9 83 EF 
"
"2016-11-21 14:14:38ID: BB  Data: 00 00 00 AA 07 4D 10 2E 
"
"2016-11-21 14:14:38ID: BC  Data: 00 00 00 AA F8 B2 EF D2 
"
"2016-11-21 14:14:38ID: BB  Data: 00 00 00 AA 07 4E 61 01 
"
"2016-11-21 14:14:38ID: BC  Data: 00 00 00 AA F8 B1 9E FF 
"
"2016-11-21 14:14:38ID: BB  Data: 00 00 00 AA 07 57 96 C2 
"
"2016-11-21 14:14:38ID: BC  Data: 00 00 00 AA F8 A8 69 3E 
"
"2016-11-21 14:14:38ID: BB  Data: 00 00 00 AA 07 5C DA 0C 
"
"2016-11-21 14:14:38ID: BC  Data: 00 00 00 AA F8 A3 25 F4 
"
"2016-11-21 14:14:39ID: BB  Data: 00 00 00 AA 07 5C DA 0C 
"
"2016-11-21 14:14:39ID: BC  Data: 00 00 00 AA F8 A3 25 F4 
"
"2016-11-21 14:14:39ID: BB  Data: 00 00 00 AA 07 58 E7 95 
"
"2016-11-21 14:14:39ID: BC  Data: 00 00 00 AA F8 A7 18 6B 
"
"2016-11-21 14:14:39ID: BB  Data: 00 00 00 AA 07 78 7B 51 
"
"2016-11-21 14:14:39ID: BC  Data: 00 00 00 AA F8 87 84 AF 
"
"2016-11-21 14:14:39ID: BB  Data: 00 00 00 AA 07 98 0F 0E 
"
"2016-11-21 14:14:39ID: BC  Data: 00 00 00 AA F8 67 F0 F2 
"
"2016-11-21 14:14:39ID: BB  Data: 00 00 00 AA 07 A1 44 CF 
"
"2016-11-21 14:14:39ID: BC  Data: 00 00 00 AA F8 5E BB 31 
"
"2016-11-21 14:14:39ID: BB  Data: 00 00 00 AA 07 BE 36 E6 
"
"2016-11-21 14:14:39ID: BC  Data: 00 00 00 AA F8 41 C9 1A 
"
"2016-11-21 14:14:39ID: BB  Data: 00 00 00 AA 07 C6 1B D6 
"
"2016-11-21 14:14:39ID: BC  Data: 00 00 00 AA F8 39 E4 2A 
"
"2016-11-21 14:14:39ID: BB  Data: 00 00 00 AA 07 D3 44 0F 
"
"2016-11-21 14:14:39ID: BC  Data: 00 00 00 AA F8 2C BB F1 
"
"2016-11-21 14:14:39ID: BB  Data: 00 00 00 AA 07 D3 44 0F 
"
"2016-11-21 14:14:39ID: BC  Data: 00 00 00 AA F8 2C BB F1 
"
"2016-11-21 14:14:39ID: BB  Data: 00 00 00 AA 07 D3 44 0F 
"
"2016-11-21 14:14:39ID: BC  Data: 00 00 00 AA F8 2C BB F1 
"
"2016-11-21 14:14:39ID: BB  Data: 00 00 00 AA 07 D0 A2 6A 
"
"2016-11-21 14:14:39ID: BC  Data: 00 00 00 AA F8 2F 5D 96 
"
"2016-11-21 14:14:40ID: BB  Data: 00 00 00 AA 07 D1 F3 3C 
"
"2016-11-21 14:14:40ID: BC  Data: 00 00 00 AA F8 2E 0C C4 
"
"2016-11-21 14:14:40ID: BB  Data: 00 00 00 AA 07 D5 E5 B4 
"
"2016-11-21 14:14:40ID: BC  Data: 00 00 00 AA F8 2A 1A 4C 
"
"2016-11-21 14:14:40ID: BB  Data: 00 00 00 AA 07 D8 87 59 
"
"2016-11-21 14:14:40ID: BC  Data: 00 00 00 AA F8 27 78 A7 
"
"2016-11-21 14:14:40ID: BB  Data: 00 00 00 AA 07 E5 AF 92 
"
"2016-11-21 14:14:40ID: BC  Data: 00 00 00 AA F8 1A 50 6E 
"
"2016-11-21 14:14:40ID: BB  Data: 00 00 00 AA 07 FE AF 32 
"
"2016-11-21 14:14:40ID: BC  Data: 00 00 00 AA F8 01 50 CE 
"
"2016-11-21 14:14:40ID: BB  Data: 00 00 00 AA 08 4E F1 5B 
"
"2016-11-21 14:14:40ID: BC  Data: 00 00 00 AA F7 B1 0E A5 
"
"2016-11-21 14:14:40ID: BB  Data: 00 00 00 AA 08 76 6A 07 
"
"2016-11-21 14:14:40ID: BC  Data: 00 00 00 AA F7 89 95 F9 
"
"2016-11-21 14:14:40ID: BB  Data: 00 00 00 AA 08 B2 EF DB 
"
"2016-11-21 14:14:40ID: BC  Data: 00 00 00 AA F7 4D 10 25 
"
"2016-11-21 14:14:40ID: BB  Data: 00 00 00 AA 09 3E 67 05 
"
"2016-11-21 14:14:40ID: BC  Data: 00 00 00 AA F6 C1 98 FB 
"
"2016-11-21 14:14:40ID: BB  Data: 00 00 00 AA 09 AA 4A 74 
"
"2016-11-21 14:14:40ID: BC  Data: 00 00 00 AA F6 55 B5 8C 
"
"2016-11-21 14:14:40ID: BB  Data: 00 00 00 AA 09 B7 72 AD 
"
"2016-11-21 14:14:40ID: BC  Data: 00 00 00 AA F6 48 8D 53 
"
"2016-11-21 14:14:40ID: BB  Data: 00 00 00 AA 09 C1 F9 41 
"
"2016-11-21 14:14:40ID: BC  Data: 00 00 00 AA F6 3E 06 BF 
"
"2016-11-21 14:14:41ID: BB  Data: 00 00 00 AA 09 BF 57 9C 
"
"2016-11-21 14:14:41ID: BC  Data: 00 00 00 AA F6 40 A8 64 
"
"2016-11-21 14:14:41ID: BB  Data: 00 00 00 AA 09 B4 D1 08 
"
"2016-11-21 14:14:41ID: BC  Data: 00 00 00 AA F6 4B 2E F8 
"
"2016-11-21 14:14:41ID: BB  Data: 00 00 00 AA 09 B8 C3 7F 
"
"2016-11-21 14:14:41ID: BC  Data: 00 00 00 AA F6 47 3C 81 
"
"2016-11-21 14:14:41ID: BB  Data: 00 00 00 AA 09 B8 C3 7F 
"
"2016-11-21 14:14:41ID: BC  Data: 00 00 00 AA F6 47 3C 81 
"
"2016-11-21 14:14:41ID: BB  Data: 00 00 00 AA 09 BE 06 C9 
"
"2016-11-21 14:14:41ID: BC  Data: 00 00 00 AA F6 41 F9 37 
"
"2016-11-21 14:14:41ID: BB  Data: 00 00 00 AA 09 BA 14 52 
"
"2016-11-21 14:14:41ID: BC  Data: 00 00 00 AA F6 45 EB AE 
"
"2016-11-21 14:14:41ID: BB  Data: 00 00 00 AA 09 C4 9A E6 
"
"2016-11-21 14:14:41ID: BC  Data: 00 00 00 AA F6 3B 65 1A 
"
"2016-11-21 14:14:41ID: BB  Data: 00 00 00 AA 09 B8 C3 7F 
"
"2016-11-21 14:14:41ID: BC  Data: 00 00 00 AA F6 47 3C 81 
"
"2016-11-21 14:14:41ID: BB  Data: 00 00 00 AA 09 AB 9B 46 
"
"2016-11-21 14:14:41ID: BC  Data: 00 00 00 AA F6 54 64 BA 
"
"2016-11-21 14:14:41ID: BB  Data: 00 00 00 AA 09 BA 14 52 
"
"2016-11-21 14:14:41ID: BC  Data: 00 00 00 AA F6 45 EB AE 
"
"2016-11-21 14:14:41ID: BB  Data: 00 00 00 AA 09 B4 D1 08 
"
"2016-11-21 14:14:41ID: BC  Data: 00 00 00 AA F6 4B 2E F8 
"
"2016-11-21 14:14:42ID: BB  Data: 00 00 00 AA 09 BB 65 24 
"
"2016-11-21 14:14:42ID: BC  Data: 00 00 00 AA F6 44 9A DC 
"
"2016-11-21 14:14:42ID: BB  Data: 00 00 00 AA 09 C8 8D 5E 
"
"2016-11-21 14:14:42ID: BC  Data: 00 00 00 AA F6 37 72 A2 
"
"2016-11-21 14:14:42ID: BB  Data: 00 00 00 AA 09 C4 9A E6 
"
"2016-11-21 14:14:42ID: BC  Data: 00 00 00 AA F6 3B 65 1A 
"
"2016-11-21 14:14:42ID: BB  Data: 00 00 00 AA 09 C3 4A 14 
"
"2016-11-21 14:14:42ID: BC  Data: 00 00 00 AA F6 3C B5 EC 
"
"2016-11-21 14:14:42ID: BB  Data: 00 00 00 AA 09 C5 EB B9 
"
"2016-11-21 14:14:42ID: BC  Data: 00 00 00 AA F6 3A 14 47 
"
"2016-11-21 14:14:42ID: BB  Data: 00 00 00 AA 09 AF 8D BE 
"
"2016-11-21 14:14:42ID: BC  Data: 00 00 00 AA F6 50 72 42 
"
"2016-11-21 14:14:42ID: BB  Data: 00 00 00 AA 09 C3 4A 14 
"
"2016-11-21 14:14:42ID: BC  Data: 00 00 00 AA F6 3C B5 EC 
"
"2016-11-21 14:14:42ID: BB  Data: 00 00 00 AA 09 B2 2F 63 
"
"2016-11-21 14:14:42ID: BC  Data: 00 00 00 AA F6 4D D0 9D 
"
"2016-11-21 14:14:42ID: BB  Data: 00 00 00 AA 09 AA 4A 74 
"
"2016-11-21 14:14:42ID: BC  Data: 00 00 00 AA F6 55 B5 8C 
"
"2016-11-21 14:14:42ID: BB  Data: 00 00 00 AA 09 B6 21 DA 
"
"2016-11-21 14:14:42ID: BC  Data: 00 00 00 AA F6 49 DE 26 
"
"2016-11-21 14:14:42ID: BB  Data: 00 00 00 AA 09 B3 80 35 
"
"2016-11-21 14:14:42ID: BC  Data: 00 00 00 AA F6 4C 7F CB 
"
"2016-11-21 14:14:42ID: BB  Data: 00 00 00 AA 09 C0 A8 6F 
"
"2016-11-21 14:14:43ID: BC  Data: 00 00 00 AA F6 3F 57 91 
"
"2016-11-21 14:14:43ID: BB  Data: 00 00 00 AA 09 C3 4A 14 
"
"2016-11-21 14:14:43ID: BC  Data: 00 00 00 AA F6 3C B5 EC 
"
"2016-11-21 14:14:43ID: BB  Data: 00 00 00 AA 09 C4 9A E6 
"
"2016-11-21 14:14:43ID: BC  Data: 00 00 00 AA F6 3B 65 1A 
"
"2016-11-21 14:14:43ID: BB  Data: 00 00 00 AA 09 C4 9A E6 
"
"2016-11-21 14:14:43ID: BC  Data: 00 00 00 AA F6 3B 65 1A 
"
"2016-11-21 14:14:43ID: BB  Data: 00 00 00 AA 09 C3 4A 14 
"
"2016-11-21 14:14:43ID: BC  Data: 00 00 00 AA F6 3C B5 EC 
"
"2016-11-21 14:14:43ID: BB  Data: 00 00 00 AA 09 BA 14 52 
"
"2016-11-21 14:14:43ID: BC  Data: 00 00 00 AA F6 45 EB AE 
"
"2016-11-21 14:14:43ID: BB  Data: 00 00 00 AA 09 BE 06 C9 
"
"2016-11-21 14:14:43ID: BC  Data: 00 00 00 AA F6 41 F9 37 
"
"2016-11-21 14:14:43ID: BB  Data: 00 00 00 AA 09 B6 21 DA 
"
"2016-11-21 14:14:43ID: BC  Data: 00 00 00 AA F6 49 DE 26 
"
"2016-11-21 14:14:43ID: BB  Data: 00 00 00 AA 09 B3 80 35 
"
"2016-11-21 14:14:43ID: BC  Data: 00 00 00 AA F6 4C 7F CB 
"
"2016-11-21 14:14:43ID: BB  Data: 00 00 00 AA 09 A7 A8 CF 
"
"2016-11-21 14:14:43ID: BC  Data: 00 00 00 AA F6 58 57 31 
"
"2016-11-21 14:14:43ID: BB  Data: 00 00 00 AA 09 B8 C3 7F 
"
"2016-11-21 14:14:43ID: BC  Data: 00 00 00 AA F6 47 3C 81 
"
"2016-11-21 14:14:43ID: BB  Data: 00 00 00 AA 09 B2 2F 63 
"
"2016-11-21 14:14:43ID: BC  Data: 00 00 00 AA F6 4D D0 9D 
"
"2016-11-21 14:14:44ID: BB  Data: 00 00 00 AA 09 B3 80 35 
"
"2016-11-21 14:14:44ID: BC  Data: 00 00 00 AA F6 4C 7F CB 
"
"2016-11-21 14:14:44ID: BB  Data: 00 00 00 AA 09 B0 DE 90 
"
"2016-11-21 14:14:44ID: BC  Data: 00 00 00 AA F6 4F 21 70 
"
"2016-11-21 14:14:44ID: BB  Data: 00 00 00 AA 09 B0 DE 90 
"
"2016-11-21 14:14:44ID: BC  Data: 00 00 00 AA F6 4F 21 70 
"
"2016-11-21 14:14:44ID: BB  Data: 00 00 00 AA 09 AA 4A 74 
"
"2016-11-21 14:14:44ID: BC  Data: 00 00 00 AA F6 55 B5 8C 
"
"2016-11-21 14:14:44ID: BB  Data: 00 00 00 AA 09 AF 8D BE 
"
"2016-11-21 14:14:44ID: BC  Data: 00 00 00 AA F6 50 72 42 
"
"2016-11-21 14:14:44ID: BB  Data: 00 00 00 AA 09 B2 2F 63 
"
"2016-11-21 14:14:44ID: BC  Data: 00 00 00 AA F6 4D D0 9D 
"
"2016-11-21 14:14:44ID: BB  Data: 00 00 00 AA 09 B7 72 AD 
"
"2016-11-21 14:14:44ID: BC  Data: 00 00 00 AA F6 48 8D 53 
"
"2016-11-21 14:14:44ID: BB  Data: 00 00 00 AA 09 BC B5 F7 
"
"2016-11-21 14:14:44ID: BC  Data: 00 00 00 AA F6 43 4A 09 
"
"2016-11-21 14:14:44ID: BB  Data: 00 00 00 AA 09 C9 DE 30 
"
"2016-11-21 14:14:44ID: BC  Data: 00 00 00 AA F6 36 21 D0 
"
"2016-11-21 14:14:44ID: BB  Data: 00 00 00 AA 09 C4 9A E6 
"
"2016-11-21 14:14:44ID: BC  Data: 00 00 00 AA F6 3B 65 1A 
"
"2016-11-21 14:14:44ID: BB  Data: 00 00 00 AA 09 CB 2F 03 
"
"2016-11-21 14:14:44ID: BC  Data: 00 00 00 AA F6 34 D0 FD 
"
"2016-11-21 14:14:45ID: BB  Data: 00 00 00 AA 09 CC 7F D5 
"
"2016-11-21 14:14:45ID: BC  Data: 00 00 00 AA F6 33 80 2B 
"
"2016-11-21 14:14:45ID: BB  Data: 00 00 00 AA 0A 1A 20 5A 
"
"2016-11-21 14:14:45ID: BC  Data: 00 00 00 AA F5 E5 DF A6 
"
"2016-11-21 14:14:45ID: BB  Data: 00 00 00 AA 0A 6A 62 83 
"
"2016-11-21 14:14:45ID: BC  Data: 00 00 00 AA F5 95 9D 7D 
"
"2016-11-21 14:14:45ID: BB  Data: 00 00 00 AA 0A 6E 54 FB 
"
"2016-11-21 14:14:45ID: BC  Data: 00 00 00 AA F5 91 AB 05 
"
"2016-11-21 14:14:45ID: BB  Data: 00 00 00 AA 0A 6E 54 FB 
"
"2016-11-21 14:14:45ID: BC  Data: 00 00 00 AA F5 91 AB 05 
"
"2016-11-21 14:14:45ID: BB  Data: 00 00 00 AA 0A 70 F6 A0 
"
"2016-11-21 14:14:45ID: BC  Data: 00 00 00 AA F5 8F 09 60 
"
"2016-11-21 14:14:45ID: BB  Data: 00 00 00 AA 0A 6A 62 83 
"
"2016-11-21 14:14:45ID: BC  Data: 00 00 00 AA F5 95 9D 7D 
"
"2016-11-21 14:14:45ID: BB  Data: 00 00 00 AA 0A 6D 04 28 
"
"2016-11-21 14:14:45ID: BC  Data: 00 00 00 AA F5 92 FB D8 
"
"2016-11-21 14:14:45ID: BB  Data: 00 00 00 AA 0A 42 E9 D8 
"
"2016-11-21 14:14:45ID: BC  Data: 00 00 00 AA F5 BD 16 28 
"
"2016-11-21 14:14:45ID: BB  Data: 00 00 00 AA 0A 51 62 E3 
"
"2016-11-21 14:14:45ID: BC  Data: 00 00 00 AA F5 AE 9D 1D 
"
"2016-11-21 14:14:45ID: BB  Data: 00 00 00 AA 0A 4C 1F 99 
"
"2016-11-21 14:14:45ID: BC  Data: 00 00 00 AA F5 B3 E0 67 
"
"2016-11-21 14:14:45ID: BB  Data: 00 00 00 AA 0A 42 E9 D8 
"
"2016-11-21 14:14:45ID: BC  Data: 00 00 00 AA F5 BD 16 28 
"
"2016-11-21 14:14:46ID: BB  Data: 00 00 00 AA 0A 40 48 33 
"
"2016-11-21 14:14:46ID: BC  Data: 00 00 00 AA F5 BF B7 CD 
"
"2016-11-21 14:14:46ID: BB  Data: 00 00 00 AA 0A 41 99 05 
"
"2016-11-21 14:14:46ID: BC  Data: 00 00 00 AA F5 BE 66 FB 
"
"2016-11-21 14:14:46ID: BB  Data: 00 00 00 AA 0A 51 62 E3 
"
"2016-11-21 14:14:46ID: BC  Data: 00 00 00 AA F5 AE 9D 1D 
"
"2016-11-21 14:14:46ID: BB  Data: 00 00 00 AA 0A 4C 1F 99 
"
"2016-11-21 14:14:46ID: BC  Data: 00 00 00 AA F5 B3 E0 67 
"
"2016-11-21 14:14:46ID: BB  Data: 00 00 00 AA 0A 39 B4 16 
"
"2016-11-21 14:14:46ID: BC  Data: 00 00 00 AA F5 C6 4B EA 
"
"2016-11-21 14:14:46ID: BB  Data: 00 00 00 AA 0A 3B 04 E9 
"
"2016-11-21 14:14:46ID: BC  Data: 00 00 00 AA F5 C4 FB 17 
"
"2016-11-21 14:14:46ID: BB  Data: 00 00 00 AA 0A 2C 8B DD 
"
"2016-11-21 14:14:46ID: BC  Data: 00 00 00 AA F5 D3 74 23 
"
"2016-11-21 14:14:46ID: BB  Data: 00 00 00 AA 0A 23 56 1B 
"
"2016-11-21 14:14:46ID: BC  Data: 00 00 00 AA F5 DC A9 E5 
"
"2016-11-21 14:14:46ID: BB  Data: 00 00 00 AA 09 E4 2E A2 
"
"2016-11-21 14:14:46ID: BC  Data: 00 00 00 AA F6 1B D1 5E 
"
"2016-11-21 14:14:46ID: BB  Data: 00 00 00 AA 09 82 D1 C8 
"
"2016-11-21 14:14:46ID: BC  Data: 00 00 00 AA F6 7D 2E 38 
"
"2016-11-21 14:14:46ID: BB  Data: 00 00 00 AA 08 24 D7 0B 
"
"2016-11-21 14:14:46ID: BC  Data: 00 00 00 AA F7 DB 28 F5 
"
"2016-11-21 14:14:47ID: BB  Data: 00 00 00 AA 04 C0 78 4E 
"
"2016-11-21 14:14:47ID: BC  Data: 00 00 00 AA FB 3F 87 B2 
"
"2016-11-21 14:14:47ID: BB  Data: 00 00 00 AA 03 E7 60 9F 
"
"2016-11-21 14:14:47ID: BC  Data: 00 00 00 AA FC 18 9F 61 
"
"2016-11-21 14:14:47ID: BB  Data: 00 00 00 AA 02 75 A9 8B 
"
"2016-11-21 14:14:47ID: BC  Data: 00 00 00 AA FD 8A 56 75 
"
"2016-11-21 14:14:47ID: BB  Data: 00 00 00 AA 01 A1 D5 26 
"
"2016-11-21 14:14:47ID: BC  Data: 00 00 00 AA FE 5E 2A DA 
"
"2016-11-21 14:14:47ID: BB  Data: 00 00 00 AA 00 00 00 00 
"
"2016-11-21 14:14:47ID: BC  Data: 00 00 00 AA 00 00 00 00 
"
"2016-11-21 14:14:47ID: BB  Data: 00 00 00 AA 00 00 00 00 
"
"2016-11-21 14:14:47ID: BC  Data: 00 00 00 AA 00 00 00 00 
"
"2016-11-21 14:14:47ID: BB  Data: 00 00 00 AA 00 00 00 00 
"
"2016-11-21 14:14:47ID: BC  Data: 00 00 00 AA 00 00 00 00 
"
"2016-11-21 14:14:47ID: BB  Data: 00 00 00 AA 00 00 00 00 
"
"2016-11-21 14:14:47ID: BC  Data: 00 00 00 AA 00 00 00 00 
"
"2016-11-21 14:14:47ID: BB  Data: 00 00 00 AA 00 00 00 00 
"
"2016-11-21 14:14:47ID: BC  Data: 00 00 00 AA 00 00 00 00 
"
"2016-11-21 14:14:47ID: BB  Data: 00 00 00 AA 00 00 00 00 
"
"2016-11-21 14:14:47ID: BC  Data: 00 00 00 AA 00 00 00 00 
"
"2016-11-21 14:14:47ID: BB  Data: 00 00 00 AA 00 00 00 00 
"
"2016-11-21 14:14:47ID: BC  Data: 00 00 00 AA 00 00 00 00 
"
"2016-11-21 14:14:48ID: BB  Data: 00 00 00 AA 00 00 00 00 
"
"2016-11-21 14:14:48ID: BC  Data: 00 00 00 AA 00 00 00 00 
"
"2016-11-21 14:14:48ID: BB  Data: 00 00 00 AA 00 00 00 00 
"
"2016-11-21 14:14:48ID: BC  Data: 00 00 00 AA 00 00 00 00 
"
"2016-11-21 14:14:48ID: BB  Data: 00 00 00 AA 00 00 00 00 
"
"2016-11-21 14:14:48ID: BC  Data: 00 00 00 AA 00 00 00 00 
"
"2016-11-21 14:14:48ID: BB  Data: 00 00 00 AA 00 00 00 00 
"
"2016-11-21 14:14:48ID: BC  Data: 00 00 00 AA 00 00 00 00 
"
"2016-11-21 14:14:48ID: BB  Data: 00 00 00 AA 00 00 00 00 
"
"2016-11-21 14:14:48ID: BC  Data: 00 00 00 AA 00 00 00 00 
"
"2016-11-21 14:14:48ID: BB  Data: 00 00 00 AA 00 00 00 00 
"
"2016-11-21 14:14:48ID: BC  Data: 00 00 00 AA 00 00 00 00 
"
"2016-11-21 14:14:48ID: BB  Data: 00 00 00 AA 00 00 00 00 
"
"2016-11-21 14:14:48ID: BC  Data: 00 00 00 AA 00 00 00 00 
"
"2016-11-21 14:14:48ID: BB  Data: 00 00 00 AA 00 00 00 00 
"
"2016-11-21 14:14:48ID: BC  Data: 00 00 00 AA 00 00 00 00 
"
"2016-11-21 14:14:48ID: BB  Data: 00 00 00 AA 00 00 00 00 
"
"2016-11-21 14:14:48ID: BC  Data: 00 00 00 AA 00 00 00 00 
"
"2016-11-21 14:14:48ID: BB  Data: 00 00 00 AA 00 00 00 00 
"
"2016-11-21 14:14:48ID: BC  Data: 00 00 00 AA 00 00 00 00 
"
"2016-11-21 14:14:48ID: BB  Data: 00 00 00 AA 02 4B 8F 3B 
"
"2016-11-21 14:14:48ID: BC  Data: 00 00 00 AA FD B4 70 C5 
"
"2016-11-21 14:14:48ID: BB  Data: 00 00 00 AA 03 95 CD A2 
"
"2016-11-21 14:14:48ID: BC  Data: 00 00 00 AA FC 6A 32 5E 
"
"2016-11-21 14:14:49ID: BB  Data: 00 00 00 AA 04 9B A1 47 
"
"2016-11-21 14:14:49ID: BC  Data: 00 00 00 AA FB 64 5E B9 
"
"2016-11-21 14:14:49ID: BB  Data: 00 00 00 AA 06 3B 65 23 
"
"2016-11-21 14:14:49ID: BC  Data: 00 00 00 AA F9 C4 9A DD 
"
"2016-11-21 14:14:49ID: BB  Data: 00 00 00 AA 06 E6 70 0A 
"
"2016-11-21 14:14:49ID: BC  Data: 00 00 00 AA F9 19 8F F6 
"
"2016-11-21 14:14:49ID: BB  Data: 00 00 00 AA 07 2A DA CD 
"
"2016-11-21 14:14:49ID: BC  Data: 00 00 00 AA F8 D5 25 33 
"
"2016-11-21 14:14:49ID: BB  Data: 00 00 00 AA 07 9D 52 58 
"
"2016-11-21 14:14:49ID: BC  Data: 00 00 00 AA F8 62 AD A8 
"
"2016-11-21 14:14:49ID: BB  Data: 00 00 00 AA 08 16 5D FF 
"
"2016-11-21 14:14:49ID: BC  Data: 00 00 00 AA F7 E9 A2 01 
"
"2016-11-21 14:14:49ID: BB  Data: 00 00 00 AA 08 43 19 F5 
"
"2016-11-21 14:14:49ID: BC  Data: 00 00 00 AA F7 BC E6 0B 
"
"2016-11-21 14:14:49ID: BB  Data: 00 00 00 AA 08 5D 6A 67 
"
"2016-11-21 14:14:49ID: BC  Data: 00 00 00 AA F7 A2 95 99 
"
"2016-11-21 14:14:49ID: BB  Data: 00 00 00 AA 08 62 AD B1 
"
"2016-11-21 14:14:49ID: BC  Data: 00 00 00 AA F7 9D 52 4F 
"
"2016-11-21 14:14:49ID: BB  Data: 00 00 00 AA 08 51 93 00 
"
"2016-11-21 14:14:49ID: BC  Data: 00 00 00 AA F7 AE 6D 00 
"
"2016-11-21 14:14:49ID: BB  Data: 00 00 00 AA 08 38 93 61 
"
"2016-11-21 14:14:49ID: BC  Data: 00 00 00 AA F7 C7 6C 9F 
"
"2016-11-21 14:14:50ID: BB  Data: 00 00 00 AA 08 2B 6B 27 
"
"2016-11-21 14:14:50ID: BC  Data: 00 00 00 AA F7 D4 94 D9 
"
"2016-11-21 14:14:50ID: BB  Data: 00 00 00 AA 08 0E 79 10 
"
"2016-11-21 14:14:50ID: BC  Data: 00 00 00 AA F7 F1 86 F0 
"
"2016-11-21 14:14:50ID: BB  Data: 00 00 00 AA 07 60 CC 84 
"
"2016-11-21 14:14:50ID: BC  Data: 00 00 00 AA F8 9F 33 7C 
"
"2016-11-21 14:14:50ID: BB  Data: 00 00 00 AA 07 3B F5 7D 
"
"2016-11-21 14:14:50ID: BC  Data: 00 00 00 AA F8 C4 0A 83 
"
"2016-11-21 14:14:50ID: BB  Data: 00 00 00 AA 06 FA 2C 60 
"
"2016-11-21 14:14:50ID: BC  Data: 00 00 00 AA F9 05 D3 A0 
"
"2016-11-21 14:14:50ID: BB  Data: 00 00 00 AA 07 2C 2B 9F 
"
"2016-11-21 14:14:50ID: BC  Data: 00 00 00 AA F8 D3 D4 61 
"
"2016-11-21 14:14:50ID: BB  Data: 00 00 00 AA 07 35 61 61 
"
"2016-11-21 14:14:50ID: BC  Data: 00 00 00 AA F8 CA 9E 9F 
"
"2016-11-21 14:14:50ID: BB  Data: 00 00 00 AA 07 3F E7 F5 
"
"2016-11-21 14:14:50ID: BC  Data: 00 00 00 AA F8 C0 18 0B 
"
"2016-11-21 14:14:50ID: BB  Data: 00 00 00 AA 07 4D 10 2E 
"
"2016-11-21 14:14:50ID: BC  Data: 00 00 00 AA F8 B2 EF D2 
"
"2016-11-21 14:14:50ID: BB  Data: 00 00 00 AA 07 5F 7B B1 
"
"2016-11-21 14:14:50ID: BC  Data: 00 00 00 AA F8 A0 84 4F 
"
"2016-11-21 14:14:50ID: BB  Data: 00 00 00 AA 07 E7 00 65 
"
"2016-11-21 14:14:50ID: BC  Data: 00 00 00 AA F8 18 FF 9B 
"
"2016-11-21 14:14:50ID: BB  Data: 00 00 00 AA 07 EC 43 AF 
"
"2016-11-21 14:14:51ID: BC  Data: 00 00 00 AA F8 13 BC 51 
"
"2016-11-21 14:14:51ID: BB  Data: 00 00 00 AA 08 45 BB 9A 
"
"2016-11-21 14:14:51ID: BC  Data: 00 00 00 AA F7 BA 44 66 
"
"2016-11-21 14:14:51ID: BB  Data: 00 00 00 AA 09 37 D2 E9 
"
"2016-11-21 14:14:51ID: BC  Data: 00 00 00 AA F6 C8 2D 17 
"
"2016-11-21 14:14:51ID: BB  Data: 00 00 00 AA 0A 27 48 93 
"
"2016-11-21 14:14:51ID: BC  Data: 00 00 00 AA F5 D8 B7 6D 
"
"2016-11-21 14:14:51ID: BB  Data: 00 00 00 AA 0A 44 3A AA 
"
"2016-11-21 14:14:51ID: BC  Data: 00 00 00 AA F5 BB C5 56 
"
"2016-11-21 14:14:51ID: BB  Data: 00 00 00 AA 0A 35 C1 9F 
"
"2016-11-21 14:14:51ID: BC  Data: 00 00 00 AA F5 CA 3E 61 
"
"2016-11-21 14:14:51ID: BB  Data: 00 00 00 AA 0A 17 7E B5 
"
"2016-11-21 14:14:51ID: BC  Data: 00 00 00 AA F5 E8 81 4B 
"
"2016-11-21 14:14:51ID: BB  Data: 00 00 00 AA 0A 10 EA 98 
"
"2016-11-21 14:14:51ID: BC  Data: 00 00 00 AA F5 EF 15 68 
"
"2016-11-21 14:14:51ID: BB  Data: 00 00 00 AA 0A 3E F7 60 
"
"2016-11-21 14:14:51ID: BC  Data: 00 00 00 AA F5 C1 08 A0 
"
"2016-11-21 14:14:51ID: BB  Data: 00 00 00 AA 0A 3E F7 60 
"
"2016-11-21 14:14:51ID: BC  Data: 00 00 00 AA F5 C1 08 A0 
"
"2016-11-21 14:14:51ID: BB  Data: 00 00 00 AA 0A 39 B4 16 
"
"2016-11-21 14:14:51ID: BC  Data: 00 00 00 AA F5 C6 4B EA 
"
"2016-11-21 14:14:51ID: BB  Data: 00 00 00 AA 0A 33 1F F9 
"
"2016-11-21 14:14:51ID: BC  Data: 00 00 00 AA F5 CC E0 07 
"
"2016-11-21 14:14:52ID: BB  Data: 00 00 00 AA 0A 31 CF 27 
"
"2016-11-21 14:14:52ID: BC  Data: 00 00 00 AA F5 CE 30 D9 
"
"2016-11-21 14:14:52ID: BB  Data: 00 00 00 AA 0A 1E 12 D1 
"
"2016-11-21 14:14:52ID: BC  Data: 00 00 00 AA F5 E1 ED 2F 
"
"2016-11-21 14:14:52ID: BB  Data: 00 00 00 AA 0A 2B 3B 0A 
"
"2016-11-21 14:14:52ID: BC  Data: 00 00 00 AA F5 D4 C4 F6 
"
"2016-11-21 14:14:52ID: BB  Data: 00 00 00 AA 0A 39 B4 16 
"
"2016-11-21 14:14:52ID: BC  Data: 00 00 00 AA F5 C6 4B EA 
"
"2016-11-21 14:14:52ID: BB  Data: 00 00 00 AA 0A 25 F7 C0 
"
"2016-11-21 14:14:52ID: BC  Data: 00 00 00 AA F5 DA 08 40 
"
"2016-11-21 14:14:52ID: BB  Data: 00 00 00 AA 0A 24 A6 EE 
"
"2016-11-21 14:14:52ID: BC  Data: 00 00 00 AA F5 DB 59 12 
"
"2016-11-21 14:14:52ID: BB  Data: 00 00 00 AA 0A 34 70 CC 
"
"2016-11-21 14:14:52ID: BC  Data: 00 00 00 AA F5 CB 8F 34 
"
"2016-11-21 14:14:52ID: BB  Data: 00 00 00 AA 0A 3D A6 8E 
"
"2016-11-21 14:14:52ID: BC  Data: 00 00 00 AA F5 C2 59 72 
"
"2016-11-21 14:14:52ID: BB  Data: 00 00 00 AA 0A 4C 1F 99 
"
"2016-11-21 14:14:52ID: BC  Data: 00 00 00 AA F5 B3 E0 67 
"
"2016-11-21 14:14:52ID: BB  Data: 00 00 00 AA 0A 4A CE C7 
"
"2016-11-21 14:14:52ID: BC  Data: 00 00 00 AA F5 B5 31 39 
"
"2016-11-21 14:14:52ID: BB  Data: 00 00 00 AA 0A 4A CE C7 
"
"2016-11-21 14:14:52ID: BC  Data: 00 00 00 AA F5 B5 31 39 
"
"2016-11-21 14:14:53ID: BB  Data: 00 00 00 AA 0A 45 8B 7D 
"
"2016-11-21 14:14:53ID: BC  Data: 00 00 00 AA F5 BA 74 83 
"
"2016-11-21 14:14:53ID: BB  Data: 00 00 00 AA 0A 3E F7 60 
"
"2016-11-21 14:14:53ID: BC  Data: 00 00 00 AA F5 C1 08 A0 
"
"2016-11-21 14:14:53ID: BB  Data: 00 00 00 AA 0A 33 1F F9 
"
"2016-11-21 14:14:53ID: BC  Data: 00 00 00 AA F5 CC E0 07 
"
"2016-11-21 14:14:53ID: BB  Data: 00 00 00 AA 0A 3D A6 8E 
"
"2016-11-21 14:14:53ID: BC  Data: 00 00 00 AA F5 C2 59 72 
"
"2016-11-21 14:14:53ID: BB  Data: 00 00 00 AA 0A 38 63 44 
"
"2016-11-21 14:14:53ID: BC  Data: 00 00 00 AA F5 C7 9C BC 
"
"2016-11-21 14:14:53ID: BB  Data: 00 00 00 AA 0A 35 C1 9F 
"
"2016-11-21 14:14:53ID: BC  Data: 00 00 00 AA F5 CA 3E 61 
"
"2016-11-21 14:14:53ID: BB  Data: 00 00 00 AA 0A 34 70 CC 
"
"2016-11-21 14:14:53ID: BC  Data: 00 00 00 AA F5 CB 8F 34 
"
"2016-11-21 14:14:53ID: BB  Data: 00 00 00 AA 0A 35 C1 9F 
"
"2016-11-21 14:14:53ID: BC  Data: 00 00 00 AA F5 CA 3E 61 
"
"2016-11-21 14:14:53ID: BB  Data: 00 00 00 AA 0A 30 7E 54 
"
"2016-11-21 14:14:53ID: BC  Data: 00 00 00 AA F5 CF 81 AC 
"
"2016-11-21 14:14:53ID: BB  Data: 00 00 00 AA 0A 25 F7 C0 
"
"2016-11-21 14:14:53ID: BC  Data: 00 00 00 AA F5 DA 08 40 
"
"2016-11-21 14:14:53ID: BB  Data: 00 00 00 AA 0A 2C 8B DD 
"
"2016-11-21 14:14:53ID: BC  Data: 00 00 00 AA F5 D3 74 23 
"
"2016-11-21 14:14:53ID: BB  Data: 00 00 00 AA 0A 2C 8B DD 
"
"2016-11-21 14:14:53ID: BC  Data: 00 00 00 AA F5 D3 74 23 
"
"2016-11-21 14:14:54ID: BB  Data: 00 00 00 AA 0A 27 48 93 
"
"2016-11-21 14:14:54ID: BC  Data: 00 00 00 AA F5 D8 B7 6D 
"
"2016-11-21 14:14:54ID: BB  Data: 00 00 00 AA 0A 27 48 93 
"
"2016-11-21 14:14:54ID: BC  Data: 00 00 00 AA F5 D8 B7 6D 
"
"2016-11-21 14:14:54ID: BB  Data: 00 00 00 AA 0A 1F 63 A4 
"
"2016-11-21 14:14:54ID: BC  Data: 00 00 00 AA F5 E0 9C 5C 
"
"2016-11-21 14:14:54ID: BB  Data: 00 00 00 AA 0A 20 B4 76 
"
"2016-11-21 14:14:54ID: BC  Data: 00 00 00 AA F5 DF 4B 8A 
"
"2016-11-21 14:14:54ID: BB  Data: 00 00 00 AA 0A 20 B4 76 
"
"2016-11-21 14:14:54ID: BC  Data: 00 00 00 AA F5 DF 4B 8A 
"
"2016-11-21 14:14:54ID: BB  Data: 00 00 00 AA 0A 28 99 65 
"
"2016-11-21 14:14:54ID: BC  Data: 00 00 00 AA F5 D7 66 9B 
"
"2016-11-21 14:14:54ID: BB  Data: 00 00 00 AA 0A 2F 2D 82 
"
"2016-11-21 14:14:54ID: BC  Data: 00 00 00 AA F5 D0 D2 7E 
"
"2016-11-21 14:14:54ID: BB  Data: 00 00 00 AA 0A 30 7E 54 
"
"2016-11-21 14:14:54ID: BC  Data: 00 00 00 AA F5 CF 81 AC 
"
"2016-11-21 14:14:54ID: BB  Data: 00 00 00 AA 0A 38 63 44 
"
"2016-11-21 14:14:54ID: BC  Data: 00 00 00 AA F5 C7 9C BC 
"
"2016-11-21 14:14:54ID: BB  Data: 00 00 00 AA 0A 3D A6 8E 
"
"2016-11-21 14:14:54ID: BC  Data: 00 00 00 AA F5 C2 59 72 
"
"2016-11-21 14:14:54ID: BB  Data: 00 00 00 AA 0A 4A CE C7 
"
"2016-11-21 14:14:54ID: BC  Data: 00 00 00 AA F5 B5 31 39 
"
"2016-11-21 14:14:55ID: BB  Data: 00 00 00 AA 0A 46 DC 4F 
"
"2016-11-21 14:14:55ID: BC  Data: 00 00 00 AA F5 B9 23 B1 
"
"2016-11-21 14:14:55ID: BB  Data: 00 00 00 AA 0A 45 8B 7D 
"
"2016-11-21 14:14:55ID: BC  Data: 00 00 00 AA F5 BA 74 83 
"
"2016-11-21 14:14:55ID: BB  Data: 00 00 00 AA 0A 44 3A AA 
"
"2016-11-21 14:14:55ID: BC  Data: 00 00 00 AA F5 BB C5 56 
"
"2016-11-21 14:14:55ID: BB  Data: 00 00 00 AA 0A 49 7D F4 
"
"2016-11-21 14:14:55ID: BC  Data: 00 00 00 AA F5 B6 82 0C 
"
"2016-11-21 14:14:55ID: BB  Data: 00 00 00 AA 0A 52 B3 B6 
"
"2016-11-21 14:14:55ID: BC  Data: 00 00 00 AA F5 AD 4C 4A 
"
"2016-11-21 14:14:55ID: BB  Data: 00 00 00 AA 0A 48 2D 22 
"
"2016-11-21 14:14:55ID: BC  Data: 00 00 00 AA F5 B7 D2 DE 
"
"2016-11-21 14:14:55ID: BB  Data: 00 00 00 AA 0A 49 7D F4 
"
"2016-11-21 14:14:55ID: BC  Data: 00 00 00 AA F5 B6 82 0C 
"
"2016-11-21 14:14:55ID: BB  Data: 00 00 00 AA 0A 42 E9 D8 
"
"2016-11-21 14:14:55ID: BC  Data: 00 00 00 AA F5 BD 16 28 
"
"2016-11-21 14:14:55ID: BB  Data: 00 00 00 AA 0A 45 8B 7D 
"
"2016-11-21 14:14:55ID: BC  Data: 00 00 00 AA F5 BA 74 83 
"
"2016-11-21 14:14:55ID: BB  Data: 00 00 00 AA 0A 44 3A AA 
"
"2016-11-21 14:14:55ID: BC  Data: 00 00 00 AA F5 BB C5 56 
"
"2016-11-21 14:14:55ID: BB  Data: 00 00 00 AA 0A 45 8B 7D 
"
"2016-11-21 14:14:55ID: BC  Data: 00 00 00 AA F5 BA 74 83 
"
"2016-11-21 14:14:56ID: BB  Data: 00 00 00 AA 0A 4C 1F 99 
"
"2016-11-21 14:14:56ID: BC  Data: 00 00 00 AA F5 B3 E0 67 
"
"2016-11-21 14:14:56ID: BB  Data: 00 00 00 AA 0A 48 2D 22 
"
"2016-11-21 14:14:56ID: BC  Data: 00 00 00 AA F5 B7 D2 DE 
"
"2016-11-21 14:14:56ID: BB  Data: 00 00 00 AA 0A 46 DC 4F 
"
"2016-11-21 14:14:56ID: BC  Data: 00 00 00 AA F5 B9 23 B1 
"
"2016-11-21 14:14:56ID: BB  Data: 00 00 00 AA 0A 49 7D F4 
"
"2016-11-21 14:14:56ID: BC  Data: 00 00 00 AA F5 B6 82 0C 
"
"2016-11-21 14:14:56ID: BB  Data: 00 00 00 AA 0A 4A CE C7 
"
"2016-11-21 14:14:56ID: BC  Data: 00 00 00 AA F5 B5 31 39 
"
"2016-11-21 14:14:56ID: BB  Data: 00 00 00 AA 0A 42 E9 D8 
"
"2016-11-21 14:14:56ID: BC  Data: 00 00 00 AA F5 BD 16 28 
"
"2016-11-21 14:14:56ID: BB  Data: 00 00 00 AA 0A 46 DC 4F 
"
"2016-11-21 14:14:56ID: BC  Data: 00 00 00 AA F5 B9 23 B1 
"
"2016-11-21 14:14:56ID: BB  Data: 00 00 00 AA 0A 46 DC 4F 
"
"2016-11-21 14:14:56ID: BC  Data: 00 00 00 AA F5 B9 23 B1 
"
"2016-11-21 14:14:56ID: BB  Data: 00 00 00 AA 0A 45 8B 7D 
"
"2016-11-21 14:14:56ID: BC  Data: 00 00 00 AA F5 BA 74 83 
"
"2016-11-21 14:14:56ID: BB  Data: 00 00 00 AA 0A 51 62 E3 
"
"2016-11-21 14:14:56ID: BC  Data: 00 00 00 AA F5 AE 9D 1D 
"
"2016-11-21 14:14:56ID: BB  Data: 00 00 00 AA 0A 59 47 D2 
"
"2016-11-21 14:14:56ID: BC  Data: 00 00 00 AA F5 A6 B8 2E 
"
"2016-11-21 14:14:56ID: BB  Data: 00 00 00 AA 0A 9F 03 68 
"
"2016-11-21 14:14:56ID: BC  Data: 00 00 00 AA F5 60 FC 98 
"
"2016-11-21 14:14:57ID: BB  Data: 00 00 00 AA 0A E4 BE FD 
"
"2016-11-21 14:14:57ID: BC  Data: 00 00 00 AA F5 1B 41 03 
"
"2016-11-21 14:14:57ID: BB  Data: 00 00 00 AA 0B 11 7A F3 
"
"2016-11-21 14:14:57ID: BC  Data: 00 00 00 AA F4 EE 85 0D 
"
"2016-11-21 14:14:57ID: BB  Data: 00 00 00 AA 0B 22 95 A4 
"
"2016-11-21 14:14:57ID: BC  Data: 00 00 00 AA F4 DD 6A 5C 
"
"2016-11-21 14:14:57ID: BB  Data: 00 00 00 AA 0B 4C AF F4 
"
"2016-11-21 14:14:57ID: BC  Data: 00 00 00 AA F4 B3 50 0C 
"
"2016-11-21 14:14:57ID: BB  Data: 00 00 00 AA 0B 54 94 E3 
"
"2016-11-21 14:14:57ID: BC  Data: 00 00 00 AA F4 AB 6B 1D 
"
"2016-11-21 14:14:57ID: BB  Data: 00 00 00 AA 0B 63 0D EF 
"
"2016-11-21 14:14:57ID: BC  Data: 00 00 00 AA F4 9C F2 11 
"
"2016-11-21 14:14:57ID: BB  Data: 00 00 00 AA 0B 65 AF 94 
"
"2016-11-21 14:14:57ID: BC  Data: 00 00 00 AA F4 9A 50 6C 
"
"2016-11-21 14:14:57ID: BB  Data: 00 00 00 AA 0B 60 6C 4A 
"
"2016-11-21 14:14:57ID: BC  Data: 00 00 00 AA F4 9F 93 B6 
"
"2016-11-21 14:14:57ID: BB  Data: 00 00 00 AA 0B 67 00 66 
"
"2016-11-21 14:14:57ID: BC  Data: 00 00 00 AA F4 98 FF 9A 
"
"2016-11-21 14:14:57ID: BB  Data: 00 00 00 AA 0B 5F 1B 77 
"
"2016-11-21 14:14:57ID: BC  Data: 00 00 00 AA F4 A0 E4 89 
"
"2016-11-21 14:14:57ID: BB  Data: 00 00 00 AA 0B 5D CA A5 
"
"2016-11-21 14:14:57ID: BC  Data: 00 00 00 AA F4 A2 35 5B 
"
"2016-11-21 14:14:58ID: BB  Data: 00 00 00 AA 0B 5B 29 00 
"
"2016-11-21 14:14:58ID: BC  Data: 00 00 00 AA F4 A4 D7 00 
"
"2016-11-21 14:14:58ID: BB  Data: 00 00 00 AA 0B 5D CA A5 
"
"2016-11-21 14:14:58ID: BC  Data: 00 00 00 AA F4 A2 35 5B 
"
"2016-11-21 14:14:58ID: BB  Data: 00 00 00 AA 0B 55 E5 B6 
"
"2016-11-21 14:14:58ID: BC  Data: 00 00 00 AA F4 AA 1A 4A 
"
"2016-11-21 14:14:58ID: BB  Data: 00 00 00 AA 0B 58 87 5B 
"
"2016-11-21 14:14:58ID: BC  Data: 00 00 00 AA F4 A7 78 A5 
"
"2016-11-21 14:14:58ID: BB  Data: 00 00 00 AA 0B 58 87 5B 
"
"2016-11-21 14:14:58ID: BC  Data: 00 00 00 AA F4 A7 78 A5 
"
"2016-11-21 14:14:58ID: BB  Data: 00 00 00 AA 0B 55 E5 B6 
"
"2016-11-21 14:14:58ID: BC  Data: 00 00 00 AA F4 AA 1A 4A 
"
"2016-11-21 14:14:58ID: BB  Data: 00 00 00 AA 0B 50 A2 6C 
"
"2016-11-21 14:14:58ID: BC  Data: 00 00 00 AA F4 AF 5D 94 
"
"2016-11-21 14:14:58ID: BB  Data: 00 00 00 AA 0B 4E 00 C7 
"
"2016-11-21 14:14:58ID: BC  Data: 00 00 00 AA F4 B1 FF 39 
"
"2016-11-21 14:14:58ID: BB  Data: 00 00 00 AA 0B 4C AF F4 
"
"2016-11-21 14:14:58ID: BC  Data: 00 00 00 AA F4 B3 50 0C 
"
"2016-11-21 14:14:58ID: BB  Data: 00 00 00 AA 0B 48 BD 7D 
"
"2016-11-21 14:14:58ID: BC  Data: 00 00 00 AA F4 B7 42 83 
"
"2016-11-21 14:14:58ID: BB  Data: 00 00 00 AA 0B 43 7A 32 
"
"2016-11-21 14:14:58ID: BC  Data: 00 00 00 AA F4 BC 85 CE 
"
"2016-11-21 14:14:58ID: BB  Data: 00 00 00 AA 0B 47 6C AA 
"
"2016-11-21 14:14:59ID: BC  Data: 00 00 00 AA F4 B8 93 56 
"
"2016-11-21 14:14:59ID: BB  Data: 00 00 00 AA 0B 40 D8 8D 
"
"2016-11-21 14:14:59ID: BC  Data: 00 00 00 AA F4 BF 27 73 
"
"2016-11-21 14:14:59ID: BB  Data: 00 00 00 AA 0B 3F 87 BB 
"
"2016-11-21 14:14:59ID: BC  Data: 00 00 00 AA F4 C0 78 45 
"
"2016-11-21 14:14:59ID: BB  Data: 00 00 00 AA 0B 3A 44 71 
"
"2016-11-21 14:14:59ID: BC  Data: 00 00 00 AA F4 C5 BB 8F 
"
"2016-11-21 14:14:59ID: BB  Data: 00 00 00 AA 0B 36 51 F9 
"
"2016-11-21 14:14:59ID: BC  Data: 00 00 00 AA F4 C9 AE 07 
"
"2016-11-21 14:14:59ID: BB  Data: 00 00 00 AA 0B 36 51 F9 
"
"2016-11-21 14:14:59ID: BC  Data: 00 00 00 AA F4 C9 AE 07 
"
"2016-11-21 14:14:59ID: BB  Data: 00 00 00 AA 0B 35 01 27 
"
"2016-11-21 14:14:59ID: BC  Data: 00 00 00 AA F4 CA FE D9 
"
"2016-11-21 14:14:59ID: BB  Data: 00 00 00 AA 0B 26 88 1B 
"
"2016-11-21 14:14:59ID: BC  Data: 00 00 00 AA F4 D9 77 E5 
"
"2016-11-21 14:14:59ID: BB  Data: 00 00 00 AA 0B 29 29 C0 
"
"2016-11-21 14:14:59ID: BC  Data: 00 00 00 AA F4 D6 D6 40 
"
"2016-11-21 14:14:59ID: BB  Data: 00 00 00 AA 0B 29 29 C0 
"
"2016-11-21 14:14:59ID: BC  Data: 00 00 00 AA F4 D6 D6 40 
"
"2016-11-21 14:14:59ID: BB  Data: 00 00 00 AA 0B 21 44 D1 
"
"2016-11-21 14:14:59ID: BC  Data: 00 00 00 AA F4 DE BB 2F 
"
"2016-11-21 14:14:59ID: BB  Data: 00 00 00 AA 0B 15 6D 6A 
"
"2016-11-21 14:14:59ID: BC  Data: 00 00 00 AA F4 EA 92 96 
"
"2016-11-21 14:15:00ID: BB  Data: 00 00 00 AA 0B 1C 01 87 
"
"2016-11-21 14:15:00ID: BC  Data: 00 00 00 AA F4 E3 FE 79 
"
"2016-11-21 14:15:00ID: BB  Data: 00 00 00 AA 0B 16 BE 3D 
"
"2016-11-21 14:15:00ID: BC  Data: 00 00 00 AA F4 E9 41 C3 
"
"2016-11-21 14:15:00ID: BB  Data: 00 00 00 AA 0B 19 5F E2 
"
"2016-11-21 14:15:00ID: BC  Data: 00 00 00 AA F4 E6 A0 1E 
"
"2016-11-21 14:15:00ID: BB  Data: 00 00 00 AA 0B 0E D9 4E 
"
"2016-11-21 14:15:00ID: BC  Data: 00 00 00 AA F4 F1 26 B2 
"
"2016-11-21 14:15:00ID: BB  Data: 00 00 00 AA 0B 19 5F E2 
"
"2016-11-21 14:15:00ID: BC  Data: 00 00 00 AA F4 E6 A0 1E 
"
"2016-11-21 14:15:00ID: BB  Data: 00 00 00 AA 0B 16 BE 3D 
"
"2016-11-21 14:15:00ID: BC  Data: 00 00 00 AA F4 E9 41 C3 
"
"2016-11-21 14:15:00ID: BB  Data: 00 00 00 AA 0B 16 BE 3D 
"
"2016-11-21 14:15:00ID: BC  Data: 00 00 00 AA F4 E9 41 C3 
"
"2016-11-21 14:15:00ID: BB  Data: 00 00 00 AA 0B 16 BE 3D 
"
"2016-11-21 14:15:00ID: BC  Data: 00 00 00 AA F4 E9 41 C3 
"
"2016-11-21 14:15:00ID: BB  Data: 00 00 00 AA 0B 1C 01 87 
"
"2016-11-21 14:15:00ID: BC  Data: 00 00 00 AA F4 E3 FE 79 
"
"2016-11-21 14:15:00ID: BB  Data: 00 00 00 AA 0B 1C 01 87 
"
"2016-11-21 14:15:00ID: BC  Data: 00 00 00 AA F4 E3 FE 79 
"
"2016-11-21 14:15:00ID: BB  Data: 00 00 00 AA 0B 1E A3 2C 
"
"2016-11-21 14:15:00ID: BC  Data: 00 00 00 AA F4 E1 5C D4 
"
"2016-11-21 14:15:01ID: BB  Data: 00 00 00 AA 0B 1A B0 B4 
"
"2016-11-21 14:15:01ID: BC  Data: 00 00 00 AA F4 E5 4F 4C 
"
"2016-11-21 14:15:01ID: BB  Data: 00 00 00 AA 0B 1D 52 59 
"
"2016-11-21 14:15:01ID: BC  Data: 00 00 00 AA F4 E2 AD A7 
"
"2016-11-21 14:15:01ID: BB  Data: 00 00 00 AA 0B 16 BE 3D 
"
"2016-11-21 14:15:01ID: BC  Data: 00 00 00 AA F4 E9 41 C3 
"
"2016-11-21 14:15:01ID: BB  Data: 00 00 00 AA 0B 16 BE 3D 
"
"2016-11-21 14:15:01ID: BC  Data: 00 00 00 AA F4 E9 41 C3 
"
"2016-11-21 14:15:01ID: BB  Data: 00 00 00 AA 0B 1D 52 59 
"
"2016-11-21 14:15:01ID: BC  Data: 00 00 00 AA F4 E2 AD A7 
"
"2016-11-21 14:15:01ID: BB  Data: 00 00 00 AA 0B 11 7A F3 
"
"2016-11-21 14:15:01ID: BC  Data: 00 00 00 AA F4 EE 85 0D 
"
"2016-11-21 14:15:01ID: BB  Data: 00 00 00 AA 0B 21 44 D1 
"
"2016-11-21 14:15:01ID: BC  Data: 00 00 00 AA F4 DE BB 2F 
"
"2016-11-21 14:15:01ID: BB  Data: 00 00 00 AA 0B 19 5F E2 
"
"2016-11-21 14:15:01ID: BC  Data: 00 00 00 AA F4 E6 A0 1E 
"
"2016-11-21 14:15:01ID: BB  Data: 00 00 00 AA 0B 1A B0 B4 
"
"2016-11-21 14:15:01ID: BC  Data: 00 00 00 AA F4 E5 4F 4C 
"
"2016-11-21 14:15:01ID: BB  Data: 00 00 00 AA 0B 11 7A F3 
"
"2016-11-21 14:15:01ID: BC  Data: 00 00 00 AA F4 EE 85 0D 
"
"2016-11-21 14:15:01ID: BB  Data: 00 00 00 AA 0B 1C 01 87 
"
"2016-11-21 14:15:01ID: BC  Data: 00 00 00 AA F4 E3 FE 79 
"
"2016-11-21 14:15:01ID: BB  Data: 00 00 00 AA 0B 08 45 31 
"
"2016-11-21 14:15:01ID: BC  Data: 00 00 00 AA F4 F7 BA CF 
"
"2016-11-21 14:15:02ID: BB  Data: 00 00 00 AA 0B 06 F4 5F 
"
"2016-11-21 14:15:02ID: BC  Data: 00 00 00 AA F4 F9 0B A1 
"
"2016-11-21 14:15:02ID: BB  Data: 00 00 00 AA 0B 04 52 BA 
"
"2016-11-21 14:15:02ID: BC  Data: 00 00 00 AA F4 FB AD 46 
"
"2016-11-21 14:15:02ID: BB  Data: 00 00 00 AA 0A ED F4 BF 
"
"2016-11-21 14:15:02ID: BC  Data: 00 00 00 AA F5 12 0B 41 
"
"2016-11-21 14:15:02ID: BB  Data: 00 00 00 AA 0A F9 CC 26 
"
"2016-11-21 14:15:02ID: BC  Data: 00 00 00 AA F5 06 33 DA 
"
"2016-11-21 14:15:02ID: BB  Data: 00 00 00 AA 0A EF 45 91 
"
"2016-11-21 14:15:02ID: BC  Data: 00 00 00 AA F5 10 BA 6F 
"
"2016-11-21 14:15:02ID: BB  Data: 00 00 00 AA 0A EC A3 EC 
"
"2016-11-21 14:15:02ID: BC  Data: 00 00 00 AA F5 13 5C 14 
"
"2016-11-21 14:15:02ID: BB  Data: 00 00 00 AA 0A EF 45 91 
"
"2016-11-21 14:15:02ID: BC  Data: 00 00 00 AA F5 10 BA 6F 
"
"2016-11-21 14:15:02ID: BB  Data: 00 00 00 AA 0A EB 53 1A 
"
"2016-11-21 14:15:02ID: BC  Data: 00 00 00 AA F5 14 AC E6 
"
"2016-11-21 14:15:02ID: BB  Data: 00 00 00 AA 0A EC A3 EC 
"
"2016-11-21 14:15:02ID: BC  Data: 00 00 00 AA F5 13 5C 14 
"
"2016-11-21 14:15:02ID: BB  Data: 00 00 00 AA 0A DF 7B B3 
"
"2016-11-21 14:15:02ID: BC  Data: 00 00 00 AA F5 20 84 4D 
"
"2016-11-21 14:15:02ID: BB  Data: 00 00 00 AA 0A 91 DB 2F 
"
"2016-11-21 14:15:02ID: BC  Data: 00 00 00 AA F5 6E 24 D1 
"
"2016-11-21 14:15:03ID: BB  Data: 00 00 00 AA 0A 4A CE C7 
"
"2016-11-21 14:15:03ID: BC  Data: 00 00 00 AA F5 B5 31 39 
"
"2016-11-21 14:15:03ID: BB  Data: 00 00 00 AA 08 FF 3F 8D 
"
"2016-11-21 14:15:03ID: BC  Data: 00 00 00 AA F7 00 C0 73 
"
"2016-11-21 14:15:03ID: BB  Data: 00 00 00 AA 07 73 38 07 
"
"2016-11-21 14:15:03ID: BC  Data: 00 00 00 AA F8 8C C7 F9 
"
"2016-11-21 14:15:03ID: BB  Data: 00 00 00 AA 06 83 C2 5D 
"
"2016-11-21 14:15:03ID: BC  Data: 00 00 00 AA F9 7C 3D A3 
"
"2016-11-21 14:15:03ID: BB  Data: 00 00 00 AA 06 71 56 DA 
"
"2016-11-21 14:15:03ID: BC  Data: 00 00 00 AA F9 8E A9 26 
"
"2016-11-21 14:15:03ID: BB  Data: 00 00 00 AA 06 77 EA F6 
"
"2016-11-21 14:15:03ID: BC  Data: 00 00 00 AA F9 88 15 0A 
"
"2016-11-21 14:15:03ID: BB  Data: 00 00 00 AA 06 70 06 07 
"
"2016-11-21 14:15:03ID: BC  Data: 00 00 00 AA F9 8F F9 F9 
"
"2016-11-21 14:15:03ID: BB  Data: 00 00 00 AA 06 72 A7 AC 
"
"2016-11-21 14:15:03ID: BC  Data: 00 00 00 AA F9 8D 58 54 
"
"2016-11-21 14:15:03ID: BB  Data: 00 00 00 AA 06 7D 2E 40 
"
"2016-11-21 14:15:03ID: BC  Data: 00 00 00 AA F9 82 D1 C0 
"
"2016-11-21 14:15:03ID: BB  Data: 00 00 00 AA 06 7A 8C 9B 
"
"2016-11-21 14:15:03ID: BC  Data: 00 00 00 AA F9 85 73 65 
"
"2016-11-21 14:15:03ID: BB  Data: 00 00 00 AA 06 BC 55 B9 
"
"2016-11-21 14:15:03ID: BC  Data: 00 00 00 AA F9 43 AA 47 
"
"2016-11-21 14:15:04ID: BB  Data: 00 00 00 AA 06 F3 98 43 
"
"2016-11-21 14:15:04ID: BC  Data: 00 00 00 AA F9 0C 67 BD 
"
"2016-11-21 14:15:04ID: BB  Data: 00 00 00 AA 07 1C 61 C1 
"
"2016-11-21 14:15:04ID: BC  Data: 00 00 00 AA F8 E3 9E 3F 
"
"2016-11-21 14:15:04ID: BB  Data: 00 00 00 AA 07 21 A5 0B 
"
"2016-11-21 14:15:04ID: BC  Data: 00 00 00 AA F8 DE 5A F5 
"
"2016-11-21 14:15:04ID: BB  Data: 00 00 00 AA 07 30 1E 17 
"
"2016-11-21 14:15:04ID: BC  Data: 00 00 00 AA F8 CF E1 E9 
"
"2016-11-21 14:15:04ID: BB  Data: 00 00 00 AA 07 51 02 A6 
"
"2016-11-21 14:15:04ID: BC  Data: 00 00 00 AA F8 AE FD 5A 
"
"2016-11-21 14:15:04ID: BB  Data: 00 00 00 AA 07 C4 CB 03 
"
"2016-11-21 14:15:04ID: BC  Data: 00 00 00 AA F8 3B 34 FD 
"
"2016-11-21 14:15:04ID: BB  Data: 00 00 00 AA 08 1E 42 EE 
"
"2016-11-21 14:15:04ID: BC  Data: 00 00 00 AA F7 E1 BD 12 
"
"2016-11-21 14:15:04ID: BB  Data: 00 00 00 AA 08 5A C8 C2 
"
"2016-11-21 14:15:04ID: BC  Data: 00 00 00 AA F7 A5 37 3E 
"
"2016-11-21 14:15:04ID: BB  Data: 00 00 00 AA 08 61 5C DF 
"
"2016-11-21 14:15:04ID: BC  Data: 00 00 00 AA F7 9E A3 21 
"
"2016-11-21 14:15:04ID: BB  Data: 00 00 00 AA 08 8E 18 D4 
"
"2016-11-21 14:15:04ID: BC  Data: 00 00 00 AA F7 71 E7 2C 
"
"2016-11-21 14:15:04ID: BB  Data: 00 00 00 AA 08 8F 69 A7 
"
"2016-11-21 14:15:04ID: BC  Data: 00 00 00 AA F7 70 96 59 
"
"2016-11-21 14:15:04ID: BB  Data: 00 00 00 AA 08 DF AB D0 
"
"2016-11-21 14:15:04ID: BC  Data: 00 00 00 AA F7 20 54 30 
"
"2016-11-21 14:15:05ID: BB  Data: 00 00 00 AA 08 F7 5A 9D 
"
"2016-11-21 14:15:05ID: BC  Data: 00 00 00 AA F7 08 A5 63 
"
"2016-11-21 14:15:05ID: BB  Data: 00 00 00 AA 09 0C 67 C6 
"
"2016-11-21 14:15:05ID: BC  Data: 00 00 00 AA F6 F3 98 3A 
"
"2016-11-21 14:15:05ID: BB  Data: 00 00 00 AA 09 10 5A 3D 
"
"2016-11-21 14:15:05ID: BC  Data: 00 00 00 AA F6 EF A5 C3 
"
"2016-11-21 14:15:05ID: BB  Data: 00 00 00 AA 09 12 FB E2 
"
"2016-11-21 14:15:05ID: BC  Data: 00 00 00 AA F6 ED 04 1E 
"
"2016-11-21 14:15:05ID: BB  Data: 00 00 00 AA 09 16 EE 5A 
"
"2016-11-21 14:15:05ID: BC  Data: 00 00 00 AA F6 E9 11 A6 
"
"2016-11-21 14:15:05ID: BB  Data: 00 00 00 AA 09 1A E0 D1 
"
"2016-11-21 14:15:05ID: BC  Data: 00 00 00 AA F6 E5 1F 2F 
"
"2016-11-21 14:15:05ID: BB  Data: 00 00 00 AA 09 29 59 DD 
"
"2016-11-21 14:15:05ID: BC  Data: 00 00 00 AA F6 D6 A6 23 
"
"2016-11-21 14:15:05ID: BB  Data: 00 00 00 AA 09 2B FB 82 
"
"2016-11-21 14:15:05ID: BC  Data: 00 00 00 AA F6 D4 04 7E 
"
"2016-11-21 14:15:05ID: BB  Data: 00 00 00 AA 09 2F ED FA 
"
"2016-11-21 14:15:05ID: BC  Data: 00 00 00 AA F6 D0 12 06 
"
"2016-11-21 14:15:05ID: BB  Data: 00 00 00 AA 09 2F ED FA 
"
"2016-11-21 14:15:05ID: BC  Data: 00 00 00 AA F6 D0 12 06 
"
"2016-11-21 14:15:05ID: BB  Data: 00 00 00 AA 09 2F ED FA 
"
"2016-11-21 14:15:05ID: BC  Data: 00 00 00 AA F6 D0 12 06 
"
"2016-11-21 14:15:06ID: BB  Data: 00 00 00 AA 09 2E 9D 27 
"
"2016-11-21 14:15:06ID: BC  Data: 00 00 00 AA F6 D1 62 D9 
"
"2016-11-21 14:15:06ID: BB  Data: 00 00 00 AA 09 2E 9D 27 
"
"2016-11-21 14:15:06ID: BC  Data: 00 00 00 AA F6 D1 62 D9 
"
"2016-11-21 14:15:06ID: BB  Data: 00 00 00 AA 09 3E 67 05 
"
"2016-11-21 14:15:06ID: BC  Data: 00 00 00 AA F6 C1 98 FB 
"
"2016-11-21 14:15:06ID: BB  Data: 00 00 00 AA 09 44 FB 22 
"
"2016-11-21 14:15:06ID: BC  Data: 00 00 00 AA F6 BB 04 DE 
"
"2016-11-21 14:15:06ID: BB  Data: 00 00 00 AA 09 43 AA 4F 
"
"2016-11-21 14:15:06ID: BC  Data: 00 00 00 AA F6 BC 55 B1 
"
"2016-11-21 14:15:06ID: BB  Data: 00 00 00 AA 09 43 AA 4F 
"
"2016-11-21 14:15:06ID: BC  Data: 00 00 00 AA F6 BC 55 B1 
"
"2016-11-21 14:15:06ID: BB  Data: 00 00 00 AA 09 42 59 7D 
"
"2016-11-21 14:15:06ID: BC  Data: 00 00 00 AA F6 BD A6 83 
"
"2016-11-21 14:15:06ID: BB  Data: 00 00 00 AA 09 2A AA B0 
"
"2016-11-21 14:15:06ID: BC  Data: 00 00 00 AA F6 D5 55 50 
"
"2016-11-21 14:15:06ID: BB  Data: 00 00 00 AA 09 3F B7 D8 
"
"2016-11-21 14:15:06ID: BC  Data: 00 00 00 AA F6 C0 48 28 
"
"2016-11-21 14:15:06ID: BB  Data: 00 00 00 AA 09 18 3F 2C 
"
"2016-11-21 14:15:06ID: BC  Data: 00 00 00 AA F6 E7 C0 D4 
"
"2016-11-21 14:15:06ID: BB  Data: 00 00 00 AA 09 22 C5 C1 
"
"2016-11-21 14:15:06ID: BC  Data: 00 00 00 AA F6 DD 3A 3F 
"
"2016-11-21 14:15:06ID: BB  Data: 00 00 00 AA 09 09 C6 21 
"
"2016-11-21 14:15:07ID: BC  Data: 00 00 00 AA F6 F6 39 DF 
"
"2016-11-21 14:15:07ID: BB  Data: 00 00 00 AA 09 0D B8 98 
"
"2016-11-21 14:15:07ID: BC  Data: 00 00 00 AA F6 F2 47 68 
"
"2016-11-21 14:15:07ID: BB  Data: 00 00 00 AA 09 07 24 7C 
"
"2016-11-21 14:15:07ID: BC  Data: 00 00 00 AA F6 F8 DB 84 
"
"2016-11-21 14:15:07ID: BB  Data: 00 00 00 AA 09 07 24 7C 
"
"2016-11-21 14:15:07ID: BC  Data: 00 00 00 AA F6 F8 DB 84 
"
"2016-11-21 14:15:07ID: BB  Data: 00 00 00 AA 09 0B 16 F3 
"
"2016-11-21 14:15:07ID: BC  Data: 00 00 00 AA F6 F4 E9 0D 
"
"2016-11-21 14:15:07ID: BB  Data: 00 00 00 AA 09 07 24 7C 
"
"2016-11-21 14:15:07ID: BC  Data: 00 00 00 AA F6 F8 DB 84 
"
"2016-11-21 14:15:07ID: BB  Data: 00 00 00 AA 09 07 24 7C 
"
"2016-11-21 14:15:07ID: BC  Data: 00 00 00 AA F6 F8 DB 84 
"
"2016-11-21 14:15:07ID: BB  Data: 00 00 00 AA 08 F0 C6 81 
"
"2016-11-21 14:15:07ID: BC  Data: 00 00 00 AA F7 0F 39 7F 
"
"2016-11-21 14:15:07ID: BB  Data: 00 00 00 AA 08 F6 09 CB 
"
"2016-11-21 14:15:07ID: BC  Data: 00 00 00 AA F7 09 F6 35 
"
"2016-11-21 14:15:07ID: BB  Data: 00 00 00 AA 08 E6 3F ED 
"
"2016-11-21 14:15:07ID: BC  Data: 00 00 00 AA F7 19 C0 13 
"
"2016-11-21 14:15:07ID: BB  Data: 00 00 00 AA 08 DB B9 59 
"
"2016-11-21 14:15:07ID: BC  Data: 00 00 00 AA F7 24 46 A7 
"
"2016-11-21 14:15:07ID: BB  Data: 00 00 00 AA 08 E6 3F ED 
"
"2016-11-21 14:15:07ID: BC  Data: 00 00 00 AA F7 19 C0 13 
"
"2016-11-21 14:15:08ID: BB  Data: 00 00 00 AA 08 D9 17 B4 
"
"2016-11-21 14:15:08ID: BC  Data: 00 00 00 AA F7 26 E8 4C 
"
"2016-11-21 14:15:08ID: BB  Data: 00 00 00 AA 08 E3 9E 48 
"
"2016-11-21 14:15:08ID: BC  Data: 00 00 00 AA F7 1C 61 B8 
"
"2016-11-21 14:15:08ID: BB  Data: 00 00 00 AA 08 CE 91 1F 
"
"2016-11-21 14:15:08ID: BC  Data: 00 00 00 AA F7 31 6E E1 
"
"2016-11-21 14:15:08ID: BB  Data: 00 00 00 AA 08 87 84 B8 
"
"2016-11-21 14:15:08ID: BC  Data: 00 00 00 AA F7 78 7B 48 
"
"2016-11-21 14:15:08ID: BB  Data: 00 00 00 AA 08 50 42 2E 
"
"2016-11-21 14:15:08ID: BC  Data: 00 00 00 AA F7 AF BD D2 
"
"2016-11-21 14:15:08ID: BB  Data: 00 00 00 AA 08 38 93 61 
"
"2016-11-21 14:15:08ID: BC  Data: 00 00 00 AA F7 C7 6C 9F 
"
"2016-11-21 14:15:08ID: BB  Data: 00 00 00 AA 08 2F 5D 9F 
"
"2016-11-21 14:15:08ID: BC  Data: 00 00 00 AA F7 D0 A2 61 
"
"2016-11-21 14:15:08ID: BB  Data: 00 00 00 AA 08 13 BC 5A 
"
"2016-11-21 14:15:08ID: BC  Data: 00 00 00 AA F7 EC 43 A6 
"
"2016-11-21 14:15:08ID: BB  Data: 00 00 00 AA 07 F2 D7 CB 
"
"2016-11-21 14:15:08ID: BC  Data: 00 00 00 AA F8 0D 28 35 
"
"2016-11-21 14:15:08ID: BB  Data: 00 00 00 AA 07 DF 1B 75 
"
"2016-11-21 14:15:08ID: BC  Data: 00 00 00 AA F8 20 E4 8B 
"
"2016-11-21 14:15:08ID: BB  Data: 00 00 00 AA 07 CF 51 97 
"
"2016-11-21 14:15:08ID: BC  Data: 00 00 00 AA F8 30 AE 69 
"
"2016-11-21 14:15:09ID: BB  Data: 00 00 00 AA 07 C3 7A 31 
"
"2016-11-21 14:15:09ID: BC  Data: 00 00 00 AA F8 3C 85 CF 
"
"2016-11-21 14:15:09ID: BB  Data: 00 00 00 AA 07 9E A3 2A 
"
"2016-11-21 14:15:09ID: BC  Data: 00 00 00 AA F8 61 5C D6 
"
"2016-11-21 14:15:09ID: BB  Data: 00 00 00 AA 07 8D 88 79 
"
"2016-11-21 14:15:09ID: BC  Data: 00 00 00 AA F8 72 77 87 
"
"2016-11-21 14:15:09ID: BB  Data: 00 00 00 AA 07 80 60 40 
"
"2016-11-21 14:15:09ID: BC  Data: 00 00 00 AA F8 7F 9F C0 
"
"2016-11-21 14:15:09ID: BB  Data: 00 00 00 AA 07 15 CD A4 
"
"2016-11-21 14:15:09ID: BC  Data: 00 00 00 AA F8 EA 32 5C 
"
"2016-11-21 14:15:09ID: BB  Data: 00 00 00 AA 07 1F 03 66 
"
"2016-11-21 14:15:09ID: BC  Data: 00 00 00 AA F8 E0 FC 9A 
"
"2016-11-21 14:15:09ID: BB  Data: 00 00 00 AA 07 24 46 B0 
"
"2016-11-21 14:15:09ID: BC  Data: 00 00 00 AA F8 DB B9 50 
"
"2016-11-21 14:15:09ID: BB  Data: 00 00 00 AA 07 2D 7C 72 
"
"2016-11-21 14:15:09ID: BC  Data: 00 00 00 AA F8 D2 83 8E 
"
"2016-11-21 14:15:09ID: BB  Data: 00 00 00 AA 07 30 1E 17 
"
"2016-11-21 14:15:09ID: BC  Data: 00 00 00 AA F8 CF E1 E9 
"
"2016-11-21 14:15:09ID: BB  Data: 00 00 00 AA 07 34 10 8E 
"
"2016-11-21 14:15:09ID: BC  Data: 00 00 00 AA F8 CB EF 72 
"
"2016-11-21 14:15:09ID: BB  Data: 00 00 00 AA 07 2E CD 44 
"
"2016-11-21 14:15:09ID: BC  Data: 00 00 00 AA F8 D1 32 BC 
"
"2016-11-21 14:15:09ID: BB  Data: 00 00 00 AA 07 2A DA CD 
"
"2016-11-21 14:15:09ID: BC  Data: 00 00 00 AA F8 D5 25 33 
"
"2016-11-21 14:15:10ID: BB  Data: 00 00 00 AA 07 2D 7C 72 
"
"2016-11-21 14:15:10ID: BC  Data: 00 00 00 AA F8 D2 83 8E 
"
"2016-11-21 14:15:10ID: BB  Data: 00 00 00 AA 07 26 E8 55 
"
"2016-11-21 14:15:10ID: BC  Data: 00 00 00 AA F8 D9 17 AB 
"
"2016-11-21 14:15:10ID: BB  Data: 00 00 00 AA 07 20 54 38 
"
"2016-11-21 14:15:10ID: BC  Data: 00 00 00 AA F8 DF AB C8 
"
"2016-11-21 14:15:10ID: BB  Data: 00 00 00 AA 07 42 89 9A 
"
"2016-11-21 14:15:10ID: BC  Data: 00 00 00 AA F8 BD 76 66 
"
"2016-11-21 14:15:10ID: BB  Data: 00 00 00 AA 07 46 7C 11 
"
"2016-11-21 14:15:10ID: BC  Data: 00 00 00 AA F8 B9 83 EF 
"
"2016-11-21 14:15:10ID: BB  Data: 00 00 00 AA 07 77 2A 7F 
"
"2016-11-21 14:15:10ID: BC  Data: 00 00 00 AA F8 88 D5 81 
"
"2016-11-21 14:15:10ID: BB  Data: 00 00 00 AA 07 6F 45 8F 
"
"2016-11-21 14:15:10ID: BC  Data: 00 00 00 AA F8 90 BA 71 
"
"2016-11-21 14:15:10ID: BB  Data: 00 00 00 AA 07 7B 1C F6 
"
"2016-11-21 14:15:10ID: BC  Data: 00 00 00 AA F8 84 E3 0A 
"
"2016-11-21 14:15:10ID: BB  Data: 00 00 00 AA 07 7D BE 9B 
"
"2016-11-21 14:15:10ID: BC  Data: 00 00 00 AA F8 82 41 65 
"
"2016-11-21 14:15:10ID: BB  Data: 00 00 00 AA 07 80 60 40 
"
"2016-11-21 14:15:10ID: BC  Data: 00 00 00 AA F8 7F 9F C0 
"
"2016-11-21 14:15:10ID: BB  Data: 00 00 00 AA 07 A5 37 47 
"
"2016-11-21 14:15:10ID: BC  Data: 00 00 00 AA F8 5A C8 B9 
"
"2016-11-21 14:15:11ID: BB  Data: 00 00 00 AA 07 A7 D8 EC 
"
"2016-11-21 14:15:11ID: BC  Data: 00 00 00 AA F8 58 27 14 
"
"2016-11-21 14:15:11ID: BB  Data: 00 00 00 AA 07 A7 D8 EC 
"
"2016-11-21 14:15:11ID: BC  Data: 00 00 00 AA F8 58 27 14 
"
"2016-11-21 14:15:11ID: BB  Data: 00 00 00 AA 07 A2 95 A2 
"
"2016-11-21 14:15:11ID: BC  Data: 00 00 00 AA F8 5D 6A 5E 
"
"2016-11-21 14:15:11ID: BB  Data: 00 00 00 AA 07 A5 37 47 
"
"2016-11-21 14:15:11ID: BC  Data: 00 00 00 AA F8 5A C8 B9 
"
"2016-11-21 14:15:11ID: BB  Data: 00 00 00 AA 07 9F F3 FD 
"
"2016-11-21 14:15:11ID: BC  Data: 00 00 00 AA F8 60 0C 03 
"
"2016-11-21 14:15:11ID: BB  Data: 00 00 00 AA 07 A2 95 A2 
"
"2016-11-21 14:15:11ID: BC  Data: 00 00 00 AA F8 5D 6A 5E 
"
"2016-11-21 14:15:11ID: BB  Data: 00 00 00 AA 07 A1 44 CF 
"
"2016-11-21 14:15:11ID: BC  Data: 00 00 00 AA F8 5E BB 31 
"
"2016-11-21 14:15:11ID: BB  Data: 00 00 00 AA 07 A5 37 47 
"
"2016-11-21 14:15:11ID: BC  Data: 00 00 00 AA F8 5A C8 B9 
"
"2016-11-21 14:15:11ID: BB  Data: 00 00 00 AA 07 9C 01 85 
"
"2016-11-21 14:15:11ID: BC  Data: 00 00 00 AA F8 63 FE 7B 
"
"2016-11-21 14:15:11ID: BB  Data: 00 00 00 AA 07 A3 E6 74 
"
"2016-11-21 14:15:11ID: BC  Data: 00 00 00 AA F8 5C 19 8C 
"
"2016-11-21 14:15:11ID: BB  Data: 00 00 00 AA 07 8C 37 A7 
"
"2016-11-21 14:15:11ID: BC  Data: 00 00 00 AA F8 73 C8 59 
"
"2016-11-21 14:15:12ID: BB  Data: 00 00 00 AA 07 8C 37 A7 
"
"2016-11-21 14:15:12ID: BC  Data: 00 00 00 AA F8 73 C8 59 
"
"2016-11-21 14:15:12ID: BB  Data: 00 00 00 AA 07 8C 37 A7 
"
"2016-11-21 14:15:12ID: BC  Data: 00 00 00 AA F8 73 C8 59 
"
"2016-11-21 14:15:12ID: BB  Data: 00 00 00 AA 07 8D 88 79 
"
"2016-11-21 14:15:12ID: BC  Data: 00 00 00 AA F8 72 77 87 
"
"2016-11-21 14:15:12ID: BB  Data: 00 00 00 AA 07 8D 88 79 
"
"2016-11-21 14:15:12ID: BC  Data: 00 00 00 AA F8 72 77 87 
"
"2016-11-21 14:15:12ID: BB  Data: 00 00 00 AA 07 90 2A 1E 
"
"2016-11-21 14:15:12ID: BC  Data: 00 00 00 AA F8 6F D5 E2 
"
"2016-11-21 14:15:12ID: BB  Data: 00 00 00 AA 07 86 F4 5D 
"
"2016-11-21 14:15:12ID: BC  Data: 00 00 00 AA F8 79 0B A3 
"
"2016-11-21 14:15:12ID: BB  Data: 00 00 00 AA 07 7D BE 9B 
"
"2016-11-21 14:15:12ID: BC  Data: 00 00 00 AA F8 82 41 65 
"
"2016-11-21 14:15:12ID: BB  Data: 00 00 00 AA 07 6C A3 EA 
"
"2016-11-21 14:15:12ID: BC  Data: 00 00 00 AA F8 93 5C 16 
"
"2016-11-21 14:15:12ID: BB  Data: 00 00 00 AA 07 67 60 A0 
"
"2016-11-21 14:15:12ID: BC  Data: 00 00 00 AA F8 98 9F 60 
"
"2016-11-21 14:15:12ID: BB  Data: 00 00 00 AA 07 6F 45 8F 
"
"2016-11-21 14:15:12ID: BC  Data: 00 00 00 AA F8 90 BA 71 
"
"2016-11-21 14:15:12ID: BB  Data: 00 00 00 AA 07 4F B1 D3 
"
"2016-11-21 14:15:12ID: BC  Data: 00 00 00 AA F8 B0 4E 2D 
"
"2016-11-21 14:15:12ID: BB  Data: 00 00 00 AA 07 54 F5 1D 
"
"2016-11-21 14:15:12ID: BC  Data: 00 00 00 AA F8 AB 0A E3 
"
"2016-11-21 14:15:13ID: BB  Data: 00 00 00 AA 07 45 2B 3F 
"
"2016-11-21 14:15:13ID: BC  Data: 00 00 00 AA F8 BA D4 C1 
"
"2016-11-21 14:15:13ID: BB  Data: 00 00 00 AA 07 49 1D B7 
"
"2016-11-21 14:15:13ID: BC  Data: 00 00 00 AA F8 B6 E2 49 
"
"2016-11-21 14:15:13ID: BB  Data: 00 00 00 AA 07 47 CC E4 
"
"2016-11-21 14:15:13ID: BC  Data: 00 00 00 AA F8 B8 33 1C 
"
"2016-11-21 14:15:13ID: BB  Data: 00 00 00 AA 07 4D 10 2E 
"
"2016-11-21 14:15:13ID: BC  Data: 00 00 00 AA F8 B2 EF D2 
"
"2016-11-21 14:15:13ID: BB  Data: 00 00 00 AA 07 45 2B 3F 
"
"2016-11-21 14:15:13ID: BC  Data: 00 00 00 AA F8 BA D4 C1 
"
"2016-11-21 14:15:13ID: BB  Data: 00 00 00 AA 07 49 1D B7 
"
"2016-11-21 14:15:13ID: BC  Data: 00 00 00 AA F8 B6 E2 49 
"
"2016-11-21 14:15:13ID: BB  Data: 00 00 00 AA 07 53 A4 4B 
"
"2016-11-21 14:15:13ID: BC  Data: 00 00 00 AA F8 AC 5B B5 
"
"2016-11-21 14:15:13ID: BB  Data: 00 00 00 AA 07 51 02 A6 
"
"2016-11-21 14:15:13ID: BC  Data: 00 00 00 AA F8 AE FD 5A 
"
"2016-11-21 14:15:13ID: BB  Data: 00 00 00 AA 07 56 45 F0 
"
"2016-11-21 14:15:13ID: BC  Data: 00 00 00 AA F8 A9 BA 10 
"
"2016-11-21 14:15:13ID: BB  Data: 00 00 00 AA 07 57 96 C2 
"
"2016-11-21 14:15:13ID: BC  Data: 00 00 00 AA F8 A8 69 3E 
"
"2016-11-21 14:15:13ID: BB  Data: 00 00 00 AA 07 4D 10 2E 
"
"2016-11-21 14:15:13ID: BC  Data: 00 00 00 AA F8 B2 EF D2 
"
"2016-11-21 14:15:14ID: BB  Data: 00 00 00 AA 07 53 A4 4B 
"
"2016-11-21 14:15:14ID: BC  Data: 00 00 00 AA F8 AC 5B B5 
"
"2016-11-21 14:15:14ID: BB  Data: 00 00 00 AA 07 3A A4 AB 
"
"2016-11-21 14:15:14ID: BC  Data: 00 00 00 AA F8 C5 5B 55 
"
"2016-11-21 14:15:14ID: BB  Data: 00 00 00 AA 07 3E 97 22 
"
"2016-11-21 14:15:14ID: BC  Data: 00 00 00 AA F8 C1 68 DE 
"
"2016-11-21 14:15:14ID: BB  Data: 00 00 00 AA 07 38 03 06 
"
"2016-11-21 14:15:14ID: BC  Data: 00 00 00 AA F8 C7 FC FA 
"
"2016-11-21 14:15:14ID: BB  Data: 00 00 00 AA 07 38 03 06 
"
"2016-11-21 14:15:14ID: BC  Data: 00 00 00 AA F8 C7 FC FA 
"
"2016-11-21 14:15:14ID: BB  Data: 00 00 00 AA 07 3D 46 50 
"
"2016-11-21 14:15:14ID: BC  Data: 00 00 00 AA F8 C2 B9 B0 
"
"2016-11-21 14:15:14ID: BB  Data: 00 00 00 AA 06 6C 13 90 
"
"2016-11-21 14:15:14ID: BC  Data: 00 00 00 AA F9 93 EC 70 
"
"2016-11-21 14:15:14ID: BB  Data: 00 00 00 AA 05 FC 3D AA 
"
"2016-11-21 14:15:14ID: BC  Data: 00 00 00 AA FA 03 C2 56 
"
"2016-11-21 14:15:14ID: BB  Data: 00 00 00 AA 03 89 F6 3C 
"
"2016-11-21 14:15:14ID: BC  Data: 00 00 00 AA FC 76 09 C4 
"
"2016-11-21 14:15:14ID: BB  Data: 00 00 00 AA 03 6A 62 7F 
"
"2016-11-21 14:15:14ID: BC  Data: 00 00 00 AA FC 95 9D 81 
"
"2016-11-21 14:15:14ID: BB  Data: 00 00 00 AA 03 5A 98 A1 
"
"2016-11-21 14:15:14ID: BC  Data: 00 00 00 AA FC A5 67 5F 
"
"2016-11-21 14:15:14ID: BB  Data: 00 00 00 AA 04 8A 86 97 
"
"2016-11-21 14:15:15ID: BC  Data: 00 00 00 AA FB 75 79 69 
"
"2016-11-21 14:15:15ID: BB  Data: 00 00 00 AA 04 9A 50 75 
"
"2016-11-21 14:15:15ID: BC  Data: 00 00 00 AA FB 65 AF 8B 
"
"2016-11-21 14:15:15ID: BB  Data: 00 00 00 AA 04 C5 BB 98 
"
"2016-11-21 14:15:15ID: BC  Data: 00 00 00 AA FB 3A 44 68 
"
"2016-11-21 14:15:15ID: BB  Data: 00 00 00 AA 04 C7 0C 6A 
"
"2016-11-21 14:15:15ID: BC  Data: 00 00 00 AA FB 38 F3 96 
"
"2016-11-21 14:15:15ID: BB  Data: 00 00 00 AA 04 D9 77 EE 
"
"2016-11-21 14:15:15ID: BC  Data: 00 00 00 AA FB 26 88 12 
"
"2016-11-21 14:15:15ID: BB  Data: 00 00 00 AA 04 E6 A0 27 
"
"2016-11-21 14:15:15ID: BC  Data: 00 00 00 AA FB 19 5F D9 
"
"2016-11-21 14:15:15ID: BB  Data: 00 00 00 AA 06 3F 57 9A 
"
"2016-11-21 14:15:15ID: BC  Data: 00 00 00 AA F9 C0 A8 66 
"
"2016-11-21 14:15:15ID: BB  Data: 00 00 00 AA 06 19 2F C1 
"
"2016-11-21 14:15:15ID: BC  Data: 00 00 00 AA F9 E6 D0 3F 
"
"2016-11-21 14:15:15ID: BB  Data: 00 00 00 AA 07 0D E8 B5 
"
"2016-11-21 14:15:15ID: BC  Data: 00 00 00 AA F8 F2 17 4B 
"
"2016-11-21 14:15:15ID: BB  Data: 00 00 00 AA 06 CC 1F 97 
"
"2016-11-21 14:15:15ID: BC  Data: 00 00 00 AA F9 33 E0 69 
"
"2016-11-21 14:15:15ID: BB  Data: 00 00 00 AA 06 C9 7D F2 
"
"2016-11-21 14:15:15ID: BC  Data: 00 00 00 AA F9 36 82 0E 
"
"2016-11-21 14:15:15ID: BB  Data: 00 00 00 AA 06 A3 56 19 
"
"2016-11-21 14:15:15ID: BC  Data: 00 00 00 AA F9 5C A9 E7 
"
"2016-11-21 14:15:16ID: BB  Data: 00 00 00 AA 06 AF 2D 80 
"
"2016-11-21 14:15:16ID: BC  Data: 00 00 00 AA F9 50 D2 80 
"
"2016-11-21 14:15:16ID: BB  Data: 00 00 00 AA 06 A5 F7 BE 
"
"2016-11-21 14:15:16ID: BC  Data: 00 00 00 AA F9 5A 08 42 
"
"2016-11-21 14:15:16ID: BB  Data: 00 00 00 AA 06 B4 70 CA 
"
"2016-11-21 14:15:16ID: BC  Data: 00 00 00 AA F9 4B 8F 36 
"
"2016-11-21 14:15:16ID: BB  Data: 00 00 00 AA 06 9B 71 2A 
"
"2016-11-21 14:15:16ID: BC  Data: 00 00 00 AA F9 64 8E D6 
"
"2016-11-21 14:15:16ID: BB  Data: 00 00 00 AA 06 97 7E B3 
"
"2016-11-21 14:15:16ID: BC  Data: 00 00 00 AA F9 68 81 4D 
"
"2016-11-21 14:15:16ID: BB  Data: 00 00 00 AA 06 92 3B 69 
"
"2016-11-21 14:15:16ID: BC  Data: 00 00 00 AA F9 6D C4 97 
"
"2016-11-21 14:15:16ID: BB  Data: 00 00 00 AA 06 69 71 EB 
"
"2016-11-21 14:15:16ID: BC  Data: 00 00 00 AA F9 96 8E 15 
"
"2016-11-21 14:15:16ID: BB  Data: 00 00 00 AA 06 BE F7 5E 
"
"2016-11-21 14:15:16ID: BC  Data: 00 00 00 AA F9 41 08 A2 
"
"2016-11-21 14:15:16ID: BB  Data: 00 00 00 AA 06 97 7E B3 
"
"2016-11-21 14:15:16ID: BC  Data: 00 00 00 AA F9 68 81 4D 
"
"2016-11-21 14:15:16ID: BB  Data: 00 00 00 AA 06 D4 04 87 
"
"2016-11-21 14:15:16ID: BC  Data: 00 00 00 AA F9 2B FB 79 
"
"2016-11-21 14:15:16ID: BB  Data: 00 00 00 AA 06 B8 63 42 
"
"2016-11-21 14:15:16ID: BC  Data: 00 00 00 AA F9 47 9C BE 
"
"2016-11-21 14:15:17ID: BB  Data: 00 00 00 AA 06 B5 C1 9D 
"
"2016-11-21 14:15:17ID: BC  Data: 00 00 00 AA F9 4A 3E 63 
"
"2016-11-21 14:15:17ID: BB  Data: 00 00 00 AA 06 C5 8B 7B 
"
"2016-11-21 14:15:17ID: BC  Data: 00 00 00 AA F9 3A 74 85 
"
"2016-11-21 14:15:17ID: BB  Data: 00 00 00 AA 06 C4 3A A8 
"
"2016-11-21 14:15:17ID: BC  Data: 00 00 00 AA F9 3B C5 58 
"
"2016-11-21 14:15:17ID: BB  Data: 00 00 00 AA 06 A0 B4 74 
"
"2016-11-21 14:15:17ID: BC  Data: 00 00 00 AA F9 5F 4B 8C 
"
"2016-11-21 14:15:17ID: BB  Data: 00 00 00 AA 06 BE F7 5E 
"
"2016-11-21 14:15:17ID: BC  Data: 00 00 00 AA F9 41 08 A2 
"
"2016-11-21 14:15:17ID: BB  Data: 00 00 00 AA 06 B3 1F F8 
"
"2016-11-21 14:15:17ID: BC  Data: 00 00 00 AA F9 4C E0 08 
"
"2016-11-21 14:15:17ID: BB  Data: 00 00 00 AA 06 B3 1F F8 
"
"2016-11-21 14:15:17ID: BC  Data: 00 00 00 AA F9 4C E0 08 
"
"2016-11-21 14:15:17ID: BB  Data: 00 00 00 AA 06 9F 63 A2 
"
"2016-11-21 14:15:17ID: BC  Data: 00 00 00 AA F9 60 9C 5E 
"
"2016-11-21 14:15:17ID: BB  Data: 00 00 00 AA 06 B8 63 42 
"
"2016-11-21 14:15:17ID: BC  Data: 00 00 00 AA F9 47 9C BE 
"
"2016-11-21 14:15:17ID: BB  Data: 00 00 00 AA 06 93 8C 3B 
"
"2016-11-21 14:15:17ID: BC  Data: 00 00 00 AA F9 6C 73 C5 
"
"2016-11-21 14:15:17ID: BB  Data: 00 00 00 AA 06 BB 04 E7 
"
"2016-11-21 14:15:17ID: BC  Data: 00 00 00 AA F9 44 FB 19 
"
"2016-11-21 14:15:17ID: BB  Data: 00 00 00 AA 06 B8 63 42 
"
"2016-11-21 14:15:17ID: BC  Data: 00 00 00 AA F9 47 9C BE 
"
"2016-11-21 14:15:18ID: BB  Data: 00 00 00 AA 06 B8 63 42 
"
"2016-11-21 14:15:18ID: BC  Data: 00 00 00 AA F9 47 9C BE 
"
"2016-11-21 14:15:18ID: BB  Data: 00 00 00 AA 06 C8 2D 20 
"
"2016-11-21 14:15:18ID: BC  Data: 00 00 00 AA F9 37 D2 E0 
"
"2016-11-21 14:15:18ID: BB  Data: 00 00 00 AA 06 BD A6 8C 
"
"2016-11-21 14:15:18ID: BC  Data: 00 00 00 AA F9 42 59 74 
"
"2016-11-21 14:15:18ID: BB  Data: 00 00 00 AA 06 CA CE C5 
"
"2016-11-21 14:15:18ID: BC  Data: 00 00 00 AA F9 35 31 3B 
"
"2016-11-21 14:15:18ID: BB  Data: 00 00 00 AA 06 C8 2D 20 
"
"2016-11-21 14:15:18ID: BC  Data: 00 00 00 AA F9 37 D2 E0 
"
"2016-11-21 14:15:18ID: BB  Data: 00 00 00 AA 06 C8 2D 20 
"
"2016-11-21 14:15:18ID: BC  Data: 00 00 00 AA F9 37 D2 E0 
"
"2016-11-21 14:15:18ID: BB  Data: 00 00 00 AA 06 C9 7D F2 
"
"2016-11-21 14:15:18ID: BC  Data: 00 00 00 AA F9 36 82 0E 
"
"2016-11-21 14:15:18ID: BB  Data: 00 00 00 AA 06 DB E9 76 
"
"2016-11-21 14:15:18ID: BC  Data: 00 00 00 AA F9 24 16 8A 
"
"2016-11-21 14:15:18ID: BB  Data: 00 00 00 AA 06 D4 04 87 
"
"2016-11-21 14:15:18ID: BC  Data: 00 00 00 AA F9 2B FB 79 
"
"2016-11-21 14:15:18ID: BB  Data: 00 00 00 AA 07 58 E7 95 
"
"2016-11-21 14:15:18ID: BC  Data: 00 00 00 AA F8 A7 18 6B 
"
"2016-11-21 14:15:18ID: BB  Data: 00 00 00 AA 08 2C BB FA 
"
"2016-11-21 14:15:18ID: BC  Data: 00 00 00 AA F7 D3 44 06 
"
"2016-11-21 14:15:19ID: BB  Data: 00 00 00 AA 08 41 C9 22 
"
"2016-11-21 14:15:19ID: BC  Data: 00 00 00 AA F7 BE 36 DE 
"
"2016-11-21 14:15:19ID: BB  Data: 00 00 00 AA 08 3B 35 06 
"
"2016-11-21 14:15:19ID: BC  Data: 00 00 00 AA F7 C4 CA FA 
"
"2016-11-21 14:15:19ID: BB  Data: 00 00 00 AA 08 16 5D FF 
"
"2016-11-21 14:15:19ID: BC  Data: 00 00 00 AA F7 E9 A2 01 
"
"2016-11-21 14:15:19ID: BB  Data: 00 00 00 AA 08 12 6B 88 
"
"2016-11-21 14:15:19ID: BC  Data: 00 00 00 AA F7 ED 94 78 
"
"2016-11-21 14:15:19ID: BB  Data: 00 00 00 AA 07 F0 36 26 
"
"2016-11-21 14:15:19ID: BC  Data: 00 00 00 AA F8 0F C9 DA 
"
"2016-11-21 14:15:19ID: BB  Data: 00 00 00 AA 08 06 94 21 
"
"2016-11-21 14:15:19ID: BC  Data: 00 00 00 AA F7 F9 6B DF 
"
"2016-11-21 14:15:19ID: BB  Data: 00 00 00 AA 08 05 43 4E 
"
"2016-11-21 14:15:19ID: BC  Data: 00 00 00 AA F7 FA BC B2 
"
"2016-11-21 14:15:19ID: BB  Data: 00 00 00 AA 08 00 00 04 
"
"2016-11-21 14:15:19ID: BC  Data: 00 00 00 AA F7 FF FF FC 
"
"2016-11-21 14:15:19ID: BB  Data: 00 00 00 AA 08 17 AE D2 
"
"2016-11-21 14:15:19ID: BC  Data: 00 00 00 AA F7 E8 51 2E 
"
"2016-11-21 14:15:19ID: BB  Data: 00 00 00 AA 08 3F 27 7D 
"
"2016-11-21 14:15:19ID: BC  Data: 00 00 00 AA F7 C0 D8 83 
"
"2016-11-21 14:15:19ID: BB  Data: 00 00 00 AA 08 51 93 00 
"
"2016-11-21 14:15:19ID: BC  Data: 00 00 00 AA F7 AE 6D 00 
"
"2016-11-21 14:15:20ID: BB  Data: 00 00 00 AA 08 87 84 B8 
"
"2016-11-21 14:15:20ID: BC  Data: 00 00 00 AA F7 78 7B 48 
"
"2016-11-21 14:15:20ID: BB  Data: 00 00 00 AA 08 A1 D5 2A 
"
"2016-11-21 14:15:20ID: BC  Data: 00 00 00 AA F7 5E 2A D6 
"
"2016-11-21 14:15:20ID: BB  Data: 00 00 00 AA 08 B0 4E 36 
"
"2016-11-21 14:15:20ID: BC  Data: 00 00 00 AA F7 4F B1 CA 
"
"2016-11-21 14:15:20ID: BC  Data: 00 00 00 AA F7 30 1E 0E 
"
"2016-11-21 14:15:20ID: BB  Data: 00 00 00 AA 08 C1 68 E6 
"
"2016-11-21 14:15:20ID: BC  Data: 00 00 00 AA F7 3E 97 1A 
"
"2016-11-21 14:15:20ID: BB  Data: 00 00 00 AA 08 D1 32 C4 
"
"2016-11-21 14:15:20ID: BC  Data: 00 00 00 AA F7 2E CD 3C 
"
"2016-11-21 14:15:20ID: BB  Data: 00 00 00 AA 09 08 75 4E 
"
"2016-11-21 14:15:20ID: BC  Data: 00 00 00 AA F6 F7 8A B2 
"
"2016-11-21 14:15:20ID: BB  Data: 00 00 00 AA 09 73 07 EA 
"
"2016-11-21 14:15:20ID: BC  Data: 00 00 00 AA F6 8C F8 16 
"
"2016-11-21 14:15:20ID: BB  Data: 00 00 00 AA 0A 44 3A AA 
"
"2016-11-21 14:15:20ID: BC  Data: 00 00 00 AA F5 BB C5 56 
"
"2016-11-21 14:15:20ID: BB  Data: 00 00 00 AA 0A B5 61 63 
"
"2016-11-21 14:15:20ID: BC  Data: 00 00 00 AA F5 4A 9E 9D 
"
"2016-11-21 14:15:20ID: BB  Data: 00 00 00 AA 0A FF 0F 70 
"
"2016-11-21 14:15:20ID: BC  Data: 00 00 00 AA F5 00 F0 90 
"
"2016-11-21 14:15:20ID: BB  Data: 00 00 00 AA 0B FB AD 53 
"
"2016-11-21 14:15:20ID: BC  Data: 00 00 00 AA F4 04 52 AD 
"
"2016-11-21 14:15:21ID: BB  Data: 00 00 00 AA 0C A8 09 0C 
"
"2016-11-21 14:15:21ID: BC  Data: 00 00 00 AA F3 57 F6 F4 
"
"2016-11-21 14:15:21ID: BB  Data: 00 00 00 AA 0C B3 E0 73 
"
"2016-11-21 14:15:21ID: BC  Data: 00 00 00 AA F3 4C 1F 8D 
"
"2016-11-21 14:15:21ID: BB  Data: 00 00 00 AA 0C B2 8F A1 
"
"2016-11-21 14:15:21ID: BC  Data: 00 00 00 AA F3 4D 70 5F 
"
"2016-11-21 14:15:21ID: BB  Data: 00 00 00 AA 0C 9A E0 D3 
"
"2016-11-21 14:15:21ID: BC  Data: 00 00 00 AA F3 65 1F 2D 
"
"2016-11-21 14:15:21ID: BB  Data: 00 00 00 AA 0C 8C 67 C8 
"
"2016-11-21 14:15:21ID: BC  Data: 00 00 00 AA F3 73 98 38 
"
"2016-11-21 14:15:21ID: BB  Data: 00 00 00 AA 0C 80 90 61 
"
"2016-11-21 14:15:21ID: BC  Data: 00 00 00 AA F3 7F 6F 9F 
"
"2016-11-21 14:15:21ID: BB  Data: 00 00 00 AA 0C 7D EE BC 
"
"2016-11-21 14:15:21ID: BC  Data: 00 00 00 AA F3 82 11 44 
"
"2016-11-21 14:15:21ID: BB  Data: 00 00 00 AA 0C 79 FC 44 
"
"2016-11-21 14:15:21ID: BC  Data: 00 00 00 AA F3 86 03 BC 
"
"2016-11-21 14:15:21ID: BB  Data: 00 00 00 AA 0C 57 C6 E3 
"
"2016-11-21 14:15:21ID: BC  Data: 00 00 00 AA F3 A8 39 1D 
"
"2016-11-21 14:15:21ID: BB  Data: 00 00 00 AA 0C 2C 5B C0 
"
"2016-11-21 14:15:21ID: BC  Data: 00 00 00 AA F3 D3 A4 40 
"
"2016-11-21 14:15:21ID: BB  Data: 00 00 00 AA 0B 4E 00 C7 
"
"2016-11-21 14:15:21ID: BC  Data: 00 00 00 AA F4 B1 FF 39 
"
"2016-11-21 14:15:22ID: BB  Data: 00 00 00 AA 0B 3A 44 71 
"
"2016-11-21 14:15:22ID: BC  Data: 00 00 00 AA F4 C5 BB 8F 
"
"2016-11-21 14:15:22ID: BB  Data: 00 00 00 AA 0B 37 A2 CC 
"
"2016-11-21 14:15:22ID: BC  Data: 00 00 00 AA F4 C8 5D 34 
"
"2016-11-21 14:15:22ID: BB  Data: 00 00 00 AA 0B 3B 95 43 
"
"2016-11-21 14:15:22ID: BC  Data: 00 00 00 AA F4 C4 6A BD 
"
"2016-11-21 14:15:22ID: BB  Data: 00 00 00 AA 0B 3B 95 43 
"
"2016-11-21 14:15:22ID: BC  Data: 00 00 00 AA F4 C4 6A BD 
"
"2016-11-21 14:15:22ID: BB  Data: 00 00 00 AA 0B 3A 44 71 
"
"2016-11-21 14:15:22ID: BC  Data: 00 00 00 AA F4 C5 BB 8F 
"
"2016-11-21 14:15:22ID: BB  Data: 00 00 00 AA 0B 38 F3 9E 
"
"2016-11-21 14:15:22ID: BC  Data: 00 00 00 AA F4 C7 0C 62 
"
"2016-11-21 14:15:22ID: BB  Data: 00 00 00 AA 0B 38 F3 9E 
"
"2016-11-21 14:15:22ID: BC  Data: 00 00 00 AA F4 C7 0C 62 
"
"2016-11-21 14:15:22ID: BB  Data: 00 00 00 AA 0B 2B CB 65 
"
"2016-11-21 14:15:22ID: BC  Data: 00 00 00 AA F4 D4 34 9B 
"
"2016-11-21 14:15:22ID: BB  Data: 00 00 00 AA 0B 31 0E AF 
"
"2016-11-21 14:15:22ID: BC  Data: 00 00 00 AA F4 CE F1 51 
"
"2016-11-21 14:15:22ID: BB  Data: 00 00 00 AA 0B 42 29 60 
"
"2016-11-21 14:15:22ID: BC  Data: 00 00 00 AA F4 BD D6 A0 
"
"2016-11-21 14:15:22ID: BB  Data: 00 00 00 AA 0B 43 7A 32 
"
"2016-11-21 14:15:22ID: BC  Data: 00 00 00 AA F4 BC 85 CE 
"
"2016-11-21 14:15:22ID: BB  Data: 00 00 00 AA 0B 5C 79 D2 
"
"2016-11-21 14:15:22ID: BC  Data: 00 00 00 AA F4 A3 86 2E 
"
"2016-11-21 14:15:23ID: BB  Data: 00 00 00 AA 0B 58 87 5B 
"
"2016-11-21 14:15:23ID: BC  Data: 00 00 00 AA F4 A7 78 A5 
"
"2016-11-21 14:15:23ID: BB  Data: 00 00 00 AA 0B 5C 79 D2 
"
"2016-11-21 14:15:23ID: BC  Data: 00 00 00 AA F4 A3 86 2E 
"
"2016-11-21 14:15:23ID: BB  Data: 00 00 00 AA 0B 54 94 E3 
"
"2016-11-21 14:15:23ID: BC  Data: 00 00 00 AA F4 AB 6B 1D 
"
"2016-11-21 14:15:23ID: BB  Data: 00 00 00 AA 0B 51 F3 3E 
"
"2016-11-21 14:15:23ID: BC  Data: 00 00 00 AA F4 AE 0C C2 
"
"2016-11-21 14:15:23ID: BB  Data: 00 00 00 AA 0B 50 A2 6C 
"
"2016-11-21 14:15:23ID: BC  Data: 00 00 00 AA F4 AF 5D 94 
"
"2016-11-21 14:15:23ID: BB  Data: 00 00 00 AA 0B 4E 00 C7 
"
"2016-11-21 14:15:23ID: BC  Data: 00 00 00 AA F4 B1 FF 39 
"
"2016-11-21 14:15:23ID: BB  Data: 00 00 00 AA 0B 4C AF F4 
"
"2016-11-21 14:15:23ID: BC  Data: 00 00 00 AA F4 B3 50 0C 
"
"2016-11-21 14:15:23ID: BB  Data: 00 00 00 AA 0B 4C AF F4 
"
"2016-11-21 14:15:23ID: BC  Data: 00 00 00 AA F4 B3 50 0C 
"
"2016-11-21 14:15:23ID: BB  Data: 00 00 00 AA 0B 51 F3 3E 
"
"2016-11-21 14:15:23ID: BC  Data: 00 00 00 AA F4 AE 0C C2 
"
"2016-11-21 14:15:23ID: BB  Data: 00 00 00 AA 0B 46 1B D7 
"
"2016-11-21 14:15:23ID: BC  Data: 00 00 00 AA F4 B9 E4 29 
"
"2016-11-21 14:15:23ID: BB  Data: 00 00 00 AA 0B 50 A2 6C 
"
"2016-11-21 14:15:23ID: BC  Data: 00 00 00 AA F4 AF 5D 94 
"
"2016-11-21 14:15:24ID: BB  Data: 00 00 00 AA 0B 4B 5F 22 
"
"2016-11-21 14:15:24ID: BC  Data: 00 00 00 AA F4 B4 A0 DE 
"
"2016-11-21 14:15:24ID: BB  Data: 00 00 00 AA 0B 44 CB 05 
"
"2016-11-21 14:15:24ID: BC  Data: 00 00 00 AA F4 BB 34 FB 
"
"2016-11-21 14:15:24ID: BB  Data: 00 00 00 AA 0B 3A 44 71 
"
"2016-11-21 14:15:24ID: BC  Data: 00 00 00 AA F4 C5 BB 8F 
"
"2016-11-21 14:15:24ID: BB  Data: 00 00 00 AA 0B 46 1B D7 
"
"2016-11-21 14:15:24ID: BC  Data: 00 00 00 AA F4 B9 E4 29 
"
"2016-11-21 14:15:24ID: BB  Data: 00 00 00 AA 0B 33 B0 54 
"
"2016-11-21 14:15:24ID: BC  Data: 00 00 00 AA F4 CC 4F AC 
"
"2016-11-21 14:15:24ID: BB  Data: 00 00 00 AA 0B 3A 44 71 
"
"2016-11-21 14:15:24ID: BC  Data: 00 00 00 AA F4 C5 BB 8F 
"
"2016-11-21 14:15:24ID: BB  Data: 00 00 00 AA 0B 42 29 60 
"
"2016-11-21 14:15:24ID: BC  Data: 00 00 00 AA F4 BD D6 A0 
"
"2016-11-21 14:15:24ID: BB  Data: 00 00 00 AA 0B 3F 87 BB 
"
"2016-11-21 14:15:24ID: BC  Data: 00 00 00 AA F4 C0 78 45 
"
"2016-11-21 14:15:24ID: BB  Data: 00 00 00 AA 0B 3F 87 BB 
"
"2016-11-21 14:15:24ID: BC  Data: 00 00 00 AA F4 C0 78 45 
"
"2016-11-21 14:15:24ID: BB  Data: 00 00 00 AA 0B 3B 95 43 
"
"2016-11-21 14:15:24ID: BC  Data: 00 00 00 AA F4 C4 6A BD 
"
"2016-11-21 14:15:24ID: BB  Data: 00 00 00 AA 0B 40 D8 8D 
"
"2016-11-21 14:15:24ID: BC  Data: 00 00 00 AA F4 BF 27 73 
"
"2016-11-21 14:15:25ID: BB  Data: 00 00 00 AA 0B 36 51 F9 
"
"2016-11-21 14:15:25ID: BC  Data: 00 00 00 AA F4 C9 AE 07 
"
"2016-11-21 14:15:25ID: BB  Data: 00 00 00 AA 0B 35 01 27 
"
"2016-11-21 14:15:25ID: BC  Data: 00 00 00 AA F4 CA FE D9 
"
"2016-11-21 14:15:25ID: BB  Data: 00 00 00 AA 0B 3C E6 16 
"
"2016-11-21 14:15:25ID: BC  Data: 00 00 00 AA F4 C3 19 EA 
"
"2016-11-21 14:15:25ID: BB  Data: 00 00 00 AA 0B 36 51 F9 
"
"2016-11-21 14:15:25ID: BC  Data: 00 00 00 AA F4 C9 AE 07 
"
"2016-11-21 14:15:25ID: BB  Data: 00 00 00 AA 0B 36 51 F9 
"
"2016-11-21 14:15:25ID: BC  Data: 00 00 00 AA F4 C9 AE 07 
"
"2016-11-21 14:15:25ID: BB  Data: 00 00 00 AA 0B 3B 95 43 
"
"2016-11-21 14:15:25ID: BC  Data: 00 00 00 AA F4 C4 6A BD 
"
"2016-11-21 14:15:25ID: BB  Data: 00 00 00 AA 0B 33 B0 54 
"
"2016-11-21 14:15:25ID: BC  Data: 00 00 00 AA F4 CC 4F AC 
"
"2016-11-21 14:15:25ID: BB  Data: 00 00 00 AA 0B 31 0E AF 
"
"2016-11-21 14:15:25ID: BC  Data: 00 00 00 AA F4 CE F1 51 
"
"2016-11-21 14:15:25ID: BB  Data: 00 00 00 AA 0B 32 5F 82 
"
"2016-11-21 14:15:25ID: BC  Data: 00 00 00 AA F4 CD A0 7E 
"
"2016-11-21 14:15:25ID: BB  Data: 00 00 00 AA 0B 36 51 F9 
"
"2016-11-21 14:15:25ID: BC  Data: 00 00 00 AA F4 C9 AE 07 
"
"2016-11-21 14:15:25ID: BB  Data: 00 00 00 AA 0B 1F F3 FE 
"
"2016-11-21 14:15:25ID: BC  Data: 00 00 00 AA F4 E0 0C 02 
"
"2016-11-21 14:15:25ID: BB  Data: 00 00 00 AA 0B 35 01 27 
"
"2016-11-21 14:15:25ID: BC  Data: 00 00 00 AA F4 CA FE D9 
"
"2016-11-21 14:15:26ID: BB  Data: 00 00 00 AA 0B 42 29 60 
"
"2016-11-21 14:15:26ID: BC  Data: 00 00 00 AA F4 BD D6 A0 
"
"2016-11-21 14:15:26ID: BB  Data: 00 00 00 AA 0B 40 D8 8D 
"
"2016-11-21 14:15:26ID: BC  Data: 00 00 00 AA F4 BF 27 73 
"
"2016-11-21 14:15:26ID: BB  Data: 00 00 00 AA 0B 53 44 11 
"
"2016-11-21 14:15:26ID: BC  Data: 00 00 00 AA F4 AC BB EF 
"
"2016-11-21 14:15:26ID: BB  Data: 00 00 00 AA 0B 54 94 E3 
"
"2016-11-21 14:15:26ID: BC  Data: 00 00 00 AA F4 AB 6B 1D 
"
"2016-11-21 14:15:26ID: BB  Data: 00 00 00 AA 0B 4B 5F 22 
"
"2016-11-21 14:15:26ID: BC  Data: 00 00 00 AA F4 B4 A0 DE 
"
"2016-11-21 14:15:26ID: BB  Data: 00 00 00 AA 0B 4B 5F 22 
"
"2016-11-21 14:15:26ID: BC  Data: 00 00 00 AA F4 B4 A0 DE 
"
"2016-11-21 14:15:26ID: BB  Data: 00 00 00 AA 0B 50 A2 6C 
"
"2016-11-21 14:15:26ID: BC  Data: 00 00 00 AA F4 AF 5D 94 
"
"2016-11-21 14:15:26ID: BB  Data: 00 00 00 AA 0B 44 CB 05 
"
"2016-11-21 14:15:26ID: BC  Data: 00 00 00 AA F4 BB 34 FB 
"
"2016-11-21 14:15:26ID: BB  Data: 00 00 00 AA 0B 40 D8 8D 
"
"2016-11-21 14:15:26ID: BC  Data: 00 00 00 AA F4 BF 27 73 
"
"2016-11-21 14:15:26ID: BB  Data: 00 00 00 AA 0B 48 BD 7D 
"
"2016-11-21 14:15:26ID: BC  Data: 00 00 00 AA F4 B7 42 83 
"
"2016-11-21 14:15:26ID: BB  Data: 00 00 00 AA 0B 44 CB 05 
"
"2016-11-21 14:15:26ID: BC  Data: 00 00 00 AA F4 BB 34 FB 
"
"2016-11-21 14:15:27ID: BB  Data: 00 00 00 AA 0B 3F 87 BB 
"
"2016-11-21 14:15:27ID: BC  Data: 00 00 00 AA F4 C0 78 45 
"
"2016-11-21 14:15:27ID: BB  Data: 00 00 00 AA 0B 44 CB 05 
"
"2016-11-21 14:15:27ID: BC  Data: 00 00 00 AA F4 BB 34 FB 
"
"2016-11-21 14:15:27ID: BB  Data: 00 00 00 AA 0B 42 29 60 
"
"2016-11-21 14:15:27ID: BC  Data: 00 00 00 AA F4 BD D6 A0 
"
"2016-11-21 14:15:27ID: BB  Data: 00 00 00 AA 0B 3E 36 E8 
"
"2016-11-21 14:15:27ID: BC  Data: 00 00 00 AA F4 C1 C9 18 
"
"2016-11-21 14:15:27ID: BB  Data: 00 00 00 AA 0B 3B 95 43 
"
"2016-11-21 14:15:27ID: BC  Data: 00 00 00 AA F4 C4 6A BD 
"
"2016-11-21 14:15:27ID: BB  Data: 00 00 00 AA 0B 3C E6 16 
"
"2016-11-21 14:15:27ID: BC  Data: 00 00 00 AA F4 C3 19 EA 
"
"2016-11-21 14:15:27ID: BB  Data: 00 00 00 AA 0B 38 F3 9E 
"
"2016-11-21 14:15:27ID: BC  Data: 00 00 00 AA F4 C7 0C 62 
"
"2016-11-21 14:15:27ID: BB  Data: 00 00 00 AA 0B 3E 36 E8 
"
"2016-11-21 14:15:27ID: BC  Data: 00 00 00 AA F4 C1 C9 18 
"
"2016-11-21 14:15:27ID: BB  Data: 00 00 00 AA 0B 38 F3 9E 
"
"2016-11-21 14:15:27ID: BC  Data: 00 00 00 AA F4 C7 0C 62 
"
"2016-11-21 14:15:27ID: BB  Data: 00 00 00 AA 0B 37 A2 CC 
"
"2016-11-21 14:15:27ID: BC  Data: 00 00 00 AA F4 C8 5D 34 
"
"2016-11-21 14:15:27ID: BB  Data: 00 00 00 AA 0B 3B 95 43 
"
"2016-11-21 14:15:27ID: BC  Data: 00 00 00 AA F4 C4 6A BD 
"
"2016-11-21 14:15:27ID: BB  Data: 00 00 00 AA 0B 2A 7A 93 
"
"2016-11-21 14:15:28ID: BC  Data: 00 00 00 AA F4 D5 85 6D 
"
"2016-11-21 14:15:28ID: BB  Data: 00 00 00 AA 0B 2D 1C 38 
"
"2016-11-21 14:15:28ID: BC  Data: 00 00 00 AA F4 D2 E3 C8 
"
"2016-11-21 14:15:28ID: BB  Data: 00 00 00 AA 0B 32 5F 82 
"
"2016-11-21 14:15:28ID: BC  Data: 00 00 00 AA F4 CD A0 7E 
"
"2016-11-21 14:15:28ID: BB  Data: 00 00 00 AA 0B 2A 7A 93 
"
"2016-11-21 14:15:28ID: BC  Data: 00 00 00 AA F4 D5 85 6D 
"
"2016-11-21 14:15:28ID: BB  Data: 00 00 00 AA 0B 35 01 27 
"
"2016-11-21 14:15:28ID: BC  Data: 00 00 00 AA F4 CA FE D9 
"
"2016-11-21 14:15:28ID: BB  Data: 00 00 00 AA 0B 2F BD DD 
"
"2016-11-21 14:15:28ID: BC  Data: 00 00 00 AA F4 D0 42 23 
"
"2016-11-21 14:15:28ID: BB  Data: 00 00 00 AA 0B 2A 7A 93 
"
"2016-11-21 14:15:28ID: BC  Data: 00 00 00 AA F4 D5 85 6D 
"
"2016-11-21 14:15:28ID: BB  Data: 00 00 00 AA 0B 3E 36 E8 
"
"2016-11-21 14:15:28ID: BC  Data: 00 00 00 AA F4 C1 C9 18 
"
"2016-11-21 14:15:28ID: BB  Data: 00 00 00 AA 0B 1A B0 B4 
"
"2016-11-21 14:15:28ID: BC  Data: 00 00 00 AA F4 E5 4F 4C 
"
"2016-11-21 14:15:28ID: BB  Data: 00 00 00 AA 0B 32 5F 82 
"
"2016-11-21 14:15:28ID: BC  Data: 00 00 00 AA F4 CD A0 7E 
"
"2016-11-21 14:15:28ID: BB  Data: 00 00 00 AA 0B 22 95 A4 
"
"2016-11-21 14:15:28ID: BC  Data: 00 00 00 AA F4 DD 6A 5C 
"
"2016-11-21 14:15:28ID: BB  Data: 00 00 00 AA 0B 2F BD DD 
"
"2016-11-21 14:15:28ID: BC  Data: 00 00 00 AA F4 D0 42 23 
"
"2016-11-21 14:15:29ID: BB  Data: 00 00 00 AA 0B 35 01 27 
"
"2016-11-21 14:15:29ID: BC  Data: 00 00 00 AA F4 CA FE D9 
"
"2016-11-21 14:15:29ID: BB  Data: 00 00 00 AA 0B 2B CB 65 
"
"2016-11-21 14:15:29ID: BC  Data: 00 00 00 AA F4 D4 34 9B 
"
"2016-11-21 14:15:29ID: BB  Data: 00 00 00 AA 0B 33 B0 54 
"
"2016-11-21 14:15:29ID: BC  Data: 00 00 00 AA F4 CC 4F AC 
"
"2016-11-21 14:15:29ID: BB  Data: 00 00 00 AA 0B 40 D8 8D 
"
"2016-11-21 14:15:29ID: BC  Data: 00 00 00 AA F4 BF 27 73 
"
"2016-11-21 14:15:29ID: BB  Data: 00 00 00 AA 0B 2A 7A 93 
"
"2016-11-21 14:15:29ID: BC  Data: 00 00 00 AA F4 D5 85 6D 
"
"2016-11-21 14:15:29ID: BB  Data: 00 00 00 AA 0B 35 01 27 
"
"2016-11-21 14:15:29ID: BC  Data: 00 00 00 AA F4 CA FE D9 
"
"2016-11-21 14:15:29ID: BB  Data: 00 00 00 AA 0B 2D 1C 38 
"
"2016-11-21 14:15:29ID: BC  Data: 00 00 00 AA F4 D2 E3 C8 
"
"2016-11-21 14:15:29ID: BB  Data: 00 00 00 AA 0B 43 7A 32 
"
"2016-11-21 14:15:29ID: BC  Data: 00 00 00 AA F4 BC 85 CE 
"
"2016-11-21 14:15:29ID: BB  Data: 00 00 00 AA 0B 32 5F 82 
"
"2016-11-21 14:15:29ID: BC  Data: 00 00 00 AA F4 CD A0 7E 
"
"2016-11-21 14:15:29ID: BB  Data: 00 00 00 AA 0B 36 51 F9 
"
"2016-11-21 14:15:29ID: BC  Data: 00 00 00 AA F4 C9 AE 07 
"
"2016-11-21 14:15:29ID: BB  Data: 00 00 00 AA 0B 31 0E AF 
"
"2016-11-21 14:15:29ID: BC  Data: 00 00 00 AA F4 CE F1 51 
"
"2016-11-21 14:15:30ID: BB  Data: 00 00 00 AA 0B 2D 1C 38 
"
"2016-11-21 14:15:30ID: BC  Data: 00 00 00 AA F4 D2 E3 C8 
"
"2016-11-21 14:15:30ID: BB  Data: 00 00 00 AA 0B 2B CB 65 
"
"2016-11-21 14:15:30ID: BC  Data: 00 00 00 AA F4 D4 34 9B 
"
"2016-11-21 14:15:30ID: BB  Data: 00 00 00 AA 0B 12 CB C5 
"
"2016-11-21 14:15:30ID: BC  Data: 00 00 00 AA F4 ED 34 3B 
"
"2016-11-21 14:15:30ID: BB  Data: 00 00 00 AA 0B 21 44 D1 
"
"2016-11-21 14:15:30ID: BC  Data: 00 00 00 AA F4 DE BB 2F 
"
"2016-11-21 14:15:30ID: BB  Data: 00 00 00 AA 0B 22 95 A4 
"
"2016-11-21 14:15:30ID: BC  Data: 00 00 00 AA F4 DD 6A 5C 
"
"2016-11-21 14:15:30ID: BB  Data: 00 00 00 AA 0B 16 BE 3D 
"
"2016-11-21 14:15:30ID: BC  Data: 00 00 00 AA F4 E9 41 C3 
"
"2016-11-21 14:15:30ID: BB  Data: 00 00 00 AA 0B 1D 52 59 
"
"2016-11-21 14:15:30ID: BC  Data: 00 00 00 AA F4 E2 AD A7 
"
"2016-11-21 14:15:30ID: BB  Data: 00 00 00 AA 0B 1D 52 59 
"
"2016-11-21 14:15:30ID: BC  Data: 00 00 00 AA F4 E2 AD A7 
"
"2016-11-21 14:15:30ID: BB  Data: 00 00 00 AA 0B 1D 52 59 
"
"2016-11-21 14:15:30ID: BC  Data: 00 00 00 AA F4 E2 AD A7 
"
"2016-11-21 14:15:30ID: BB  Data: 00 00 00 AA 0B 1A B0 B4 
"
"2016-11-21 14:15:30ID: BC  Data: 00 00 00 AA F4 E5 4F 4C 
"
"2016-11-21 14:15:30ID: BB  Data: 00 00 00 AA 0B 19 5F E2 
"
"2016-11-21 14:15:30ID: BC  Data: 00 00 00 AA F4 E6 A0 1E 
"
"2016-11-21 14:15:30ID: BB  Data: 00 00 00 AA 0B 16 BE 3D 
"
"2016-11-21 14:15:30ID: BC  Data: 00 00 00 AA F4 E9 41 C3 
"
"2016-11-21 14:15:31ID: BB  Data: 00 00 00 AA 0B 1A B0 B4 
"
"2016-11-21 14:15:31ID: BC  Data: 00 00 00 AA F4 E5 4F 4C 
"
"2016-11-21 14:15:31ID: BB  Data: 00 00 00 AA 0B 10 2A 20 
"
"2016-11-21 14:15:31ID: BC  Data: 00 00 00 AA F4 EF D5 E0 
"
"2016-11-21 14:15:31ID: BB  Data: 00 00 00 AA 0B 12 CB C5 
"
"2016-11-21 14:15:31ID: BC  Data: 00 00 00 AA F4 ED 34 3B 
"
"2016-11-21 14:15:31ID: BB  Data: 00 00 00 AA 0B 03 01 E7 
"
"2016-11-21 14:15:31ID: BC  Data: 00 00 00 AA F4 FC FE 19 
"
"2016-11-21 14:15:31ID: BB  Data: 00 00 00 AA 0B 11 7A F3 
"
"2016-11-21 14:15:31ID: BC  Data: 00 00 00 AA F4 EE 85 0D 
"
"2016-11-21 14:15:31ID: BB  Data: 00 00 00 AA 0B 03 01 E7 
"
"2016-11-21 14:15:31ID: BC  Data: 00 00 00 AA F4 FC FE 19 
"
"2016-11-21 14:15:31ID: BB  Data: 00 00 00 AA 0A FC 6D CB 
"
"2016-11-21 14:15:31ID: BC  Data: 00 00 00 AA F5 03 92 35 
"
"2016-11-21 14:15:31ID: BB  Data: 00 00 00 AA 0A F7 2A 80 
"
"2016-11-21 14:15:31ID: BC  Data: 00 00 00 AA F5 08 D5 80 
"
"2016-11-21 14:15:31ID: BB  Data: 00 00 00 AA 0B 01 B1 15 
"
"2016-11-21 14:15:31ID: BC  Data: 00 00 00 AA F4 FE 4E EB 
"
"2016-11-21 14:15:31ID: BB  Data: 00 00 00 AA 0A FF 0F 70 
"
"2016-11-21 14:15:31ID: BC  Data: 00 00 00 AA F5 00 F0 90 
"
"2016-11-21 14:15:31ID: BB  Data: 00 00 00 AA 0A FD BE 9D 
"
"2016-11-21 14:15:31ID: BC  Data: 00 00 00 AA F5 02 41 63 
"
"2016-11-21 14:15:32ID: BB  Data: 00 00 00 AA 0B 0E D9 4E 
"
"2016-11-21 14:15:32ID: BC  Data: 00 00 00 AA F4 F1 26 B2 
"
"2016-11-21 14:15:32ID: BB  Data: 00 00 00 AA 0A FC 6D CB 
"
"2016-11-21 14:15:32ID: BC  Data: 00 00 00 AA F5 03 92 35 
"
"2016-11-21 14:15:32ID: BB  Data: 00 00 00 AA 0B 03 01 E7 
"
"2016-11-21 14:15:32ID: BC  Data: 00 00 00 AA F4 FC FE 19 
"
"2016-11-21 14:15:32ID: BB  Data: 00 00 00 AA 0B 06 F4 5F 
"
"2016-11-21 14:15:32ID: BC  Data: 00 00 00 AA F4 F9 0B A1 
"
"2016-11-21 14:15:32ID: BB  Data: 00 00 00 AA 0B 05 A3 8C 
"
"2016-11-21 14:15:32ID: BC  Data: 00 00 00 AA F4 FA 5C 74 
"
"2016-11-21 14:15:32ID: BB  Data: 00 00 00 AA 0B 09 96 04 
"
"2016-11-21 14:15:32ID: BC  Data: 00 00 00 AA F4 F6 69 FC 
"
"2016-11-21 14:15:32ID: BB  Data: 00 00 00 AA 0B 06 F4 5F 
"
"2016-11-21 14:15:32ID: BC  Data: 00 00 00 AA F4 F9 0B A1 
"
"2016-11-21 14:15:32ID: BB  Data: 00 00 00 AA 0B 0C 37 A9 
"
"2016-11-21 14:15:32ID: BC  Data: 00 00 00 AA F4 F3 C8 57 
"
"2016-11-21 14:15:32ID: BB  Data: 00 00 00 AA 0B 0E D9 4E 
"
"2016-11-21 14:15:32ID: BC  Data: 00 00 00 AA F4 F1 26 B2 
"
"2016-11-21 14:15:32ID: BB  Data: 00 00 00 AA 0B 09 96 04 
"
"2016-11-21 14:15:32ID: BC  Data: 00 00 00 AA F4 F6 69 FC 
"
"2016-11-21 14:15:32ID: BB  Data: 00 00 00 AA 0B 0C 37 A9 
"
"2016-11-21 14:15:32ID: BC  Data: 00 00 00 AA F4 F3 C8 57 
"
"2016-11-21 14:15:33ID: BB  Data: 00 00 00 AA 0B 0E D9 4E 
"
"2016-11-21 14:15:33ID: BC  Data: 00 00 00 AA F4 F1 26 B2 
"
"2016-11-21 14:15:33ID: BB  Data: 00 00 00 AA 0B 08 45 31 
"
"2016-11-21 14:15:33ID: BC  Data: 00 00 00 AA F4 F7 BA CF 
"
"2016-11-21 14:15:33ID: BB  Data: 00 00 00 AA 0B 0D 88 7B 
"
"2016-11-21 14:15:33ID: BC  Data: 00 00 00 AA F4 F2 77 85 
"
"2016-11-21 14:15:33ID: BB  Data: 00 00 00 AA 0B 10 2A 20 
"
"2016-11-21 14:15:33ID: BC  Data: 00 00 00 AA F4 EF D5 E0 
"
"2016-11-21 14:15:33ID: BB  Data: 00 00 00 AA 0B 15 6D 6A 
"
"2016-11-21 14:15:33ID: BC  Data: 00 00 00 AA F4 EA 92 96 
"
"2016-11-21 14:15:33ID: BB  Data: 00 00 00 AA 0B 18 0F 0F 
"
"2016-11-21 14:15:33ID: BC  Data: 00 00 00 AA F4 E7 F0 F1 
"
"2016-11-21 14:15:33ID: BB  Data: 00 00 00 AA 0B 0E D9 4E 
"
"2016-11-21 14:15:33ID: BC  Data: 00 00 00 AA F4 F1 26 B2 
"
"2016-11-21 14:15:33ID: BB  Data: 00 00 00 AA 0B 10 2A 20 
"
"2016-11-21 14:15:33ID: BC  Data: 00 00 00 AA F4 EF D5 E0 
"
"2016-11-21 14:15:33ID: BB  Data: 00 00 00 AA 0B 11 7A F3 
"
"2016-11-21 14:15:33ID: BC  Data: 00 00 00 AA F4 EE 85 0D 
"
"2016-11-21 14:15:33ID: BB  Data: 00 00 00 AA 0B 09 96 04 
"
"2016-11-21 14:15:33ID: BC  Data: 00 00 00 AA F4 F6 69 FC 
"
"2016-11-21 14:15:33ID: BB  Data: 00 00 00 AA 0B 0E D9 4E 
"
"2016-11-21 14:15:33ID: BC  Data: 00 00 00 AA F4 F1 26 B2 
"
"2016-11-21 14:15:33ID: BB  Data: 00 00 00 AA 0B 0C 37 A9 
"
"2016-11-21 14:15:33ID: BC  Data: 00 00 00 AA F4 F3 C8 57 
"
"2016-11-21 14:15:34ID: BB  Data: 00 00 00 AA 0B 06 F4 5F 
"
"2016-11-21 14:15:34ID: BC  Data: 00 00 00 AA F4 F9 0B A1 
"
"2016-11-21 14:15:34ID: BB  Data: 00 00 00 AA 0B 08 45 31 
"
"2016-11-21 14:15:34ID: BC  Data: 00 00 00 AA F4 F7 BA CF 
"
"2016-11-21 14:15:34ID: BB  Data: 00 00 00 AA 0B 0C 37 A9 
"
"2016-11-21 14:15:34ID: BC  Data: 00 00 00 AA F4 F3 C8 57 
"
"2016-11-21 14:15:34ID: BB  Data: 00 00 00 AA 0B 10 2A 20 
"
"2016-11-21 14:15:34ID: BC  Data: 00 00 00 AA F4 EF D5 E0 
"
"2016-11-21 14:15:34ID: BB  Data: 00 00 00 AA 0B 0E D9 4E 
"
"2016-11-21 14:15:34ID: BC  Data: 00 00 00 AA F4 F1 26 B2 
"
"2016-11-21 14:15:34ID: BB  Data: 00 00 00 AA 0B 05 A3 8C 
"
"2016-11-21 14:15:34ID: BC  Data: 00 00 00 AA F4 FA 5C 74 
"
"2016-11-21 14:15:34ID: BB  Data: 00 00 00 AA 0B 11 7A F3 
"
"2016-11-21 14:15:34ID: BC  Data: 00 00 00 AA F4 EE 85 0D 
"
"2016-11-21 14:15:34ID: BB  Data: 00 00 00 AA 0B 15 6D 6A 
"
"2016-11-21 14:15:34ID: BC  Data: 00 00 00 AA F4 EA 92 96 
"
"2016-11-21 14:15:34ID: BB  Data: 00 00 00 AA 0B 16 BE 3D 
"
"2016-11-21 14:15:34ID: BC  Data: 00 00 00 AA F4 E9 41 C3 
"
"2016-11-21 14:15:34ID: BB  Data: 00 00 00 AA 0B 1D 52 59 
"
"2016-11-21 14:15:34ID: BC  Data: 00 00 00 AA F4 E2 AD A7 
"
"2016-11-21 14:15:34ID: BB  Data: 00 00 00 AA 0B 16 BE 3D 
"
"2016-11-21 14:15:34ID: BC  Data: 00 00 00 AA F4 E9 41 C3 
"
"2016-11-21 14:15:35ID: BB  Data: 00 00 00 AA 0B 1C 01 87 
"
"2016-11-21 14:15:35ID: BC  Data: 00 00 00 AA F4 E3 FE 79 
"
"2016-11-21 14:15:35ID: BB  Data: 00 00 00 AA 0B 05 A3 8C 
"
"2016-11-21 14:15:35ID: BC  Data: 00 00 00 AA F4 FA 5C 74 
"
"2016-11-21 14:15:35ID: BB  Data: 00 00 00 AA 0B 12 CB C5 
"
"2016-11-21 14:15:35ID: BC  Data: 00 00 00 AA F4 ED 34 3B 
"
"2016-11-21 14:15:35ID: BB  Data: 00 00 00 AA 0B 08 45 31 
"
"2016-11-21 14:15:35ID: BC  Data: 00 00 00 AA F4 F7 BA CF 
"
"2016-11-21 14:15:35ID: BB  Data: 00 00 00 AA 0B 14 1C 98 
"
"2016-11-21 14:15:35ID: BC  Data: 00 00 00 AA F4 EB E3 68 
"
"2016-11-21 14:15:35ID: BB  Data: 00 00 00 AA 0B 08 45 31 
"
"2016-11-21 14:15:35ID: BC  Data: 00 00 00 AA F4 F7 BA CF 
"
"2016-11-21 14:15:35ID: BB  Data: 00 00 00 AA 0B 06 F4 5F 
"
"2016-11-21 14:15:35ID: BC  Data: 00 00 00 AA F4 F9 0B A1 
"
"2016-11-21 14:15:35ID: BB  Data: 00 00 00 AA 0A FB 1C F8 
"
"2016-11-21 14:15:35ID: BC  Data: 00 00 00 AA F5 04 E3 08 
"
"2016-11-21 14:15:35ID: BB  Data: 00 00 00 AA 0A F3 38 09 
"
"2016-11-21 14:15:35ID: BC  Data: 00 00 00 AA F5 0C C7 F7 
"
"2016-11-21 14:15:35ID: BB  Data: 00 00 00 AA 0A E8 B1 75 
"
"2016-11-21 14:15:35ID: BC  Data: 00 00 00 AA F5 17 4E 8B 
"
"2016-11-21 14:15:35ID: BB  Data: 00 00 00 AA 0A E0 CC 86 
"
"2016-11-21 14:15:35ID: BC  Data: 00 00 00 AA F5 1F 33 7A 
"
"2016-11-21 14:15:35ID: BB  Data: 00 00 00 AA 0A E8 B1 75 
"
"2016-11-21 14:15:36ID: BC  Data: 00 00 00 AA F5 17 4E 8B 
"
"2016-11-21 14:15:36ID: BB  Data: 00 00 00 AA 0A D1 02 A7 
"
"2016-11-21 14:15:36ID: BC  Data: 00 00 00 AA F5 2E FD 59 
"
"2016-11-21 14:15:36ID: BB  Data: 00 00 00 AA 0A DF 7B B3 
"
"2016-11-21 14:15:36ID: BC  Data: 00 00 00 AA F5 20 84 4D 
"
"2016-11-21 14:15:36ID: BB  Data: 00 00 00 AA 0A D8 E7 97 
"
"2016-11-21 14:15:36ID: BC  Data: 00 00 00 AA F5 27 18 69 
"
"2016-11-21 14:15:36ID: BB  Data: 00 00 00 AA 0A CA 6E 8B 
"
"2016-11-21 14:15:36ID: BC  Data: 00 00 00 AA F5 35 91 75 
"
"2016-11-21 14:15:36ID: BB  Data: 00 00 00 AA 0A DB 89 3C 
"
"2016-11-21 14:15:36ID: BC  Data: 00 00 00 AA F5 24 76 C4 
"
"2016-11-21 14:15:36ID: BB  Data: 00 00 00 AA 0A B1 6E EB 
"
"2016-11-21 14:15:36ID: BC  Data: 00 00 00 AA F5 4E 91 15 
"
"2016-11-21 14:15:36ID: BB  Data: 00 00 00 AA 0A BF E7 F7 
"
"2016-11-21 14:15:36ID: BC  Data: 00 00 00 AA F5 40 18 09 
"
"2016-11-21 14:15:36ID: BB  Data: 00 00 00 AA 0A BE 97 24 
"
"2016-11-21 14:15:36ID: BC  Data: 00 00 00 AA F5 41 68 DC 
"
"2016-11-21 14:15:36ID: BB  Data: 00 00 00 AA 0A B5 61 63 
"
"2016-11-21 14:15:36ID: BC  Data: 00 00 00 AA F5 4A 9E 9D 
"
"2016-11-21 14:15:36ID: BB  Data: 00 00 00 AA 0A AC 2B A1 
"
"2016-11-21 14:15:36ID: BC  Data: 00 00 00 AA F5 53 D4 5F 
"
"2016-11-21 14:15:36ID: BB  Data: 00 00 00 AA 0A B9 53 DA 
"
"2016-11-21 14:15:36ID: BC  Data: 00 00 00 AA F5 46 AC 26 
"
"2016-11-21 14:15:37ID: BB  Data: 00 00 00 AA 0A 94 7C D4 
"
"2016-11-21 14:15:37ID: BC  Data: 00 00 00 AA F5 6B 83 2C 
"
"2016-11-21 14:15:37ID: BB  Data: 00 00 00 AA 0A 9D B2 95 
"
"2016-11-21 14:15:37ID: BC  Data: 00 00 00 AA F5 62 4D 6B 
"
"2016-11-21 14:15:37ID: BB  Data: 00 00 00 AA 0A 8F 39 8A 
"
"2016-11-21 14:15:37ID: BC  Data: 00 00 00 AA F5 70 C6 76 
"
"2016-11-21 14:15:37ID: BB  Data: 00 00 00 AA 0A 7B 7D 34 
"
"2016-11-21 14:15:37ID: BC  Data: 00 00 00 AA F5 84 82 CC 
"
"2016-11-21 14:15:37ID: BB  Data: 00 00 00 AA 0A 66 70 0C 
"
"2016-11-21 14:15:37ID: BC  Data: 00 00 00 AA F5 99 8F F4 
"
"2016-11-21 14:15:37ID: BB  Data: 00 00 00 AA 0A 63 CE 67 
"
"2016-11-21 14:15:37ID: BC  Data: 00 00 00 AA F5 9C 31 99 
"
"2016-11-21 14:15:37ID: BB  Data: 00 00 00 AA 0A 57 F7 00 
"
"2016-11-21 14:15:37ID: BC  Data: 00 00 00 AA F5 A8 09 00 
"
"2016-11-21 14:15:37ID: BB  Data: 00 00 00 AA 0A 55 55 5B 
"
"2016-11-21 14:15:37ID: BC  Data: 00 00 00 AA F5 AA AA A5 
"
"2016-11-21 14:15:37ID: BB  Data: 00 00 00 AA 0A 76 39 EA 
"
"2016-11-21 14:15:37ID: BC  Data: 00 00 00 AA F5 89 C6 16 
"
"2016-11-21 14:15:37ID: BB  Data: 00 00 00 AA 0A 70 F6 A0 
"
"2016-11-21 14:15:37ID: BC  Data: 00 00 00 AA F5 8F 09 60 
"
"2016-11-21 14:15:37ID: BB  Data: 00 00 00 AA 0A 6E 54 FB 
"
"2016-11-21 14:15:37ID: BC  Data: 00 00 00 AA F5 91 AB 05 
"
"2016-11-21 14:15:38ID: BB  Data: 00 00 00 AA 0A 69 11 B1 
"
"2016-11-21 14:15:38ID: BC  Data: 00 00 00 AA F5 96 EE 4F 
"
"2016-11-21 14:15:38ID: BB  Data: 00 00 00 AA 0A 73 98 45 
"
"2016-11-21 14:15:38ID: BC  Data: 00 00 00 AA F5 8C 67 BB 
"
"2016-11-21 14:15:38ID: BB  Data: 00 00 00 AA 0A 66 70 0C 
"
"2016-11-21 14:15:38ID: BC  Data: 00 00 00 AA F5 99 8F F4 
"
"2016-11-21 14:15:38ID: BB  Data: 00 00 00 AA 0A 72 47 72 
"
"2016-11-21 14:15:38ID: BC  Data: 00 00 00 AA F5 8D B8 8E 
"
"2016-11-21 14:15:38ID: BB  Data: 00 00 00 AA 0A 52 B3 B6 
"
"2016-11-21 14:15:38ID: BC  Data: 00 00 00 AA F5 AD 4C 4A 
"
"2016-11-21 14:15:38ID: BB  Data: 00 00 00 AA 0A 70 F6 A0 
"
"2016-11-21 14:15:38ID: BC  Data: 00 00 00 AA F5 8F 09 60 
"
"2016-11-21 14:15:38ID: BB  Data: 00 00 00 AA 0A 3D A6 8E 
"
"2016-11-21 14:15:38ID: BC  Data: 00 00 00 AA F5 C2 59 72 
"
"2016-11-21 14:15:38ID: BB  Data: 00 00 00 AA 0A 44 3A AA 
"
"2016-11-21 14:15:38ID: BC  Data: 00 00 00 AA F5 BB C5 56 
"
"2016-11-21 14:15:38ID: BB  Data: 00 00 00 AA 0A 70 F6 A0 
"
"2016-11-21 14:15:38ID: BC  Data: 00 00 00 AA F5 8F 09 60 
"
"2016-11-21 14:15:38ID: BB  Data: 00 00 00 AA 0A 46 DC 4F 
"
"2016-11-21 14:15:38ID: BC  Data: 00 00 00 AA F5 B9 23 B1 
"
"2016-11-21 14:15:38ID: BB  Data: 00 00 00 AA 0A 50 12 11 
"
"2016-11-21 14:15:38ID: BC  Data: 00 00 00 AA F5 AF ED EF 
"
"2016-11-21 14:15:38ID: BB  Data: 00 00 00 AA 0A 52 B3 B6 
"
"2016-11-21 14:15:38ID: BC  Data: 00 00 00 AA F5 AD 4C 4A 
"
"2016-11-21 14:15:39ID: BB  Data: 00 00 00 AA 0A 56 A6 2D 
"
"2016-11-21 14:15:39ID: BC  Data: 00 00 00 AA F5 A9 59 D3 
"
"2016-11-21 14:15:39ID: BB  Data: 00 00 00 AA 0A 22 05 49 
"
"2016-11-21 14:15:39ID: BC  Data: 00 00 00 AA F5 DD FA B7 
"
"2016-11-21 14:15:39ID: BB  Data: 00 00 00 AA 0A 41 99 05 
"
"2016-11-21 14:15:39ID: BC  Data: 00 00 00 AA F5 BE 66 FB 
"
"2016-11-21 14:15:39ID: BB  Data: 00 00 00 AA 0A 24 A6 EE 
"
"2016-11-21 14:15:39ID: BC  Data: 00 00 00 AA F5 DB 59 12 
"
"2016-11-21 14:15:39ID: BB  Data: 00 00 00 AA 0A 24 A6 EE 
"
"2016-11-21 14:15:39ID: BC  Data: 00 00 00 AA F5 DB 59 12 
"
"2016-11-21 14:15:39ID: BB  Data: 00 00 00 AA 0A 30 7E 54 
"
"2016-11-21 14:15:39ID: BC  Data: 00 00 00 AA F5 CF 81 AC 
"
"2016-11-21 14:15:39ID: BB  Data: 00 00 00 AA 0A 2C 8B DD 
"
"2016-11-21 14:15:39ID: BC  Data: 00 00 00 AA F5 D3 74 23 
"
"2016-11-21 14:15:39ID: BB  Data: 00 00 00 AA 0A 28 99 65 
"
"2016-11-21 14:15:39ID: BC  Data: 00 00 00 AA F5 D7 66 9B 
"
"2016-11-21 14:15:39ID: BB  Data: 00 00 00 AA 0A 2D DC AF 
"
"2016-11-21 14:15:39ID: BC  Data: 00 00 00 AA F5 D2 23 51 
"
"2016-11-21 14:15:39ID: BB  Data: 00 00 00 AA 0A 30 7E 54 
"
"2016-11-21 14:15:39ID: BC  Data: 00 00 00 AA F5 CF 81 AC 
"
"2016-11-21 14:15:39ID: BB  Data: 00 00 00 AA 0A 2D DC AF 
"
"2016-11-21 14:15:39ID: BC  Data: 00 00 00 AA F5 D2 23 51 
"
"2016-11-21 14:15:40ID: BB  Data: 00 00 00 AA 0A 3C 55 BB 
"
"2016-11-21 14:15:40ID: BC  Data: 00 00 00 AA F5 C3 AA 45 
"
"2016-11-21 14:15:40ID: BB  Data: 00 00 00 AA 0A 27 48 93 
"
"2016-11-21 14:15:40ID: BC  Data: 00 00 00 AA F5 D8 B7 6D 
"
"2016-11-21 14:15:40ID: BB  Data: 00 00 00 AA 0A 4E C1 3E 
"
"2016-11-21 14:15:40ID: BC  Data: 00 00 00 AA F5 B1 3E C2 
"
"2016-11-21 14:15:40ID: BB  Data: 00 00 00 AA 0A 2F 2D 82 
"
"2016-11-21 14:15:40ID: BC  Data: 00 00 00 AA F5 D0 D2 7E 
"
"2016-11-21 14:15:40ID: BB  Data: 00 00 00 AA 0A 38 63 44 
"
"2016-11-21 14:15:40ID: BC  Data: 00 00 00 AA F5 C7 9C BC 
"
"2016-11-21 14:15:40ID: BB  Data: 00 00 00 AA 0A 3D A6 8E 
"
"2016-11-21 14:15:40ID: BC  Data: 00 00 00 AA F5 C2 59 72 
"
"2016-11-21 14:15:40ID: BB  Data: 00 00 00 AA 0A 3D A6 8E 
"
"2016-11-21 14:15:40ID: BC  Data: 00 00 00 AA F5 C2 59 72 
"
"2016-11-21 14:15:40ID: BB  Data: 00 00 00 AA 0A 4E C1 3E 
"
"2016-11-21 14:15:40ID: BC  Data: 00 00 00 AA F5 B1 3E C2 
"
"2016-11-21 14:15:40ID: BB  Data: 00 00 00 AA 0A 42 E9 D8 
"
"2016-11-21 14:15:40ID: BC  Data: 00 00 00 AA F5 BD 16 28 
"
"2016-11-21 14:15:40ID: BB  Data: 00 00 00 AA 0A 46 DC 4F 
"
"2016-11-21 14:15:40ID: BC  Data: 00 00 00 AA F5 B9 23 B1 
"
"2016-11-21 14:15:40ID: BB  Data: 00 00 00 AA 0A 49 7D F4 
"
"2016-11-21 14:15:40ID: BC  Data: 00 00 00 AA F5 B6 82 0C 
"
"2016-11-21 14:15:41ID: BB  Data: 00 00 00 AA 0A 54 04 88 
"
"2016-11-21 14:15:41ID: BC  Data: 00 00 00 AA F5 AB FB 78 
"
"2016-11-21 14:15:41ID: BB  Data: 00 00 00 AA 0A 4A CE C7 
"
"2016-11-21 14:15:41ID: BC  Data: 00 00 00 AA F5 B5 31 39 
"
"2016-11-21 14:15:41ID: BB  Data: 00 00 00 AA 0A 67 C0 DE 
"
"2016-11-21 14:15:41ID: BC  Data: 00 00 00 AA F5 98 3F 22 
"
"2016-11-21 14:15:41ID: BB  Data: 00 00 00 AA 0A 4E C1 3E 
"
"2016-11-21 14:15:41ID: BC  Data: 00 00 00 AA F5 B1 3E C2 
"
"2016-11-21 14:15:41ID: BB  Data: 00 00 00 AA 0A 52 B3 B6 
"
"2016-11-21 14:15:41ID: BC  Data: 00 00 00 AA F5 AD 4C 4A 
"
"2016-11-21 14:15:41ID: BB  Data: 00 00 00 AA 0A 5D 3A 4A 
"
"2016-11-21 14:15:41ID: BC  Data: 00 00 00 AA F5 A2 C5 B6 
"
"2016-11-21 14:15:41ID: BB  Data: 00 00 00 AA 0A 55 55 5B 
"
"2016-11-21 14:15:41ID: BC  Data: 00 00 00 AA F5 AA AA A5 
"
"2016-11-21 14:15:41ID: BB  Data: 00 00 00 AA 0A 4E C1 3E 
"
"2016-11-21 14:15:41ID: BC  Data: 00 00 00 AA F5 B1 3E C2 
"
"2016-11-21 14:15:41ID: BB  Data: 00 00 00 AA 0A 5B E9 78 
"
"2016-11-21 14:15:41ID: BC  Data: 00 00 00 AA F5 A4 16 88 
"
"2016-11-21 14:15:41ID: BB  Data: 00 00 00 AA 0A 4C 1F 99 
"
"2016-11-21 14:15:41ID: BC  Data: 00 00 00 AA F5 B3 E0 67 
"
"2016-11-21 14:15:41ID: BB  Data: 00 00 00 AA 0A 49 7D F4 
"
"2016-11-21 14:15:41ID: BC  Data: 00 00 00 AA F5 B6 82 0C 
"
"2016-11-21 14:15:41ID: BB  Data: 00 00 00 AA 0A 46 DC 4F 
"
"2016-11-21 14:15:41ID: BC  Data: 00 00 00 AA F5 B9 23 B1 
"
"2016-11-21 14:15:42ID: BB  Data: 00 00 00 AA 0A 55 55 5B 
"
"2016-11-21 14:15:42ID: BC  Data: 00 00 00 AA F5 AA AA A5 
"
"2016-11-21 14:15:42ID: BB  Data: 00 00 00 AA 0A 48 2D 22 
"
"2016-11-21 14:15:42ID: BC  Data: 00 00 00 AA F5 B7 D2 DE 
"
"2016-11-21 14:15:42ID: BB  Data: 00 00 00 AA 0A 65 1F 39 
"
"2016-11-21 14:15:42ID: BC  Data: 00 00 00 AA F5 9A E0 C7 
"
"2016-11-21 14:15:42ID: BB  Data: 00 00 00 AA 0A 62 7D 94 
"
"2016-11-21 14:15:42ID: BC  Data: 00 00 00 AA F5 9D 82 6C 
"
"2016-11-21 14:15:42ID: BB  Data: 00 00 00 AA 0A 7F 6F AB 
"
"2016-11-21 14:15:42ID: BC  Data: 00 00 00 AA F5 80 90 55 
"
"2016-11-21 14:15:42ID: BB  Data: 00 00 00 AA 0A 7F 6F AB 
"
"2016-11-21 14:15:42ID: BC  Data: 00 00 00 AA F5 80 90 55 
"
"2016-11-21 14:15:42ID: BB  Data: 00 00 00 AA 0A 95 CD A6 
"
"2016-11-21 14:15:42ID: BC  Data: 00 00 00 AA F5 6A 32 5A 
"
"2016-11-21 14:15:42ID: BB  Data: 00 00 00 AA 0A 8F 39 8A 
"
"2016-11-21 14:15:42ID: BC  Data: 00 00 00 AA F5 70 C6 76 
"
"2016-11-21 14:15:42ID: BB  Data: 00 00 00 AA 0A 8F 39 8A 
"
"2016-11-21 14:15:42ID: BC  Data: 00 00 00 AA F5 70 C6 76 
"
"2016-11-21 14:15:42ID: BB  Data: 00 00 00 AA 0A 87 54 9B 
"
"2016-11-21 14:15:42ID: BC  Data: 00 00 00 AA F5 78 AB 65 
"
"2016-11-21 14:15:42ID: BB  Data: 00 00 00 AA 0A 80 C0 7E 
"
"2016-11-21 14:15:42ID: BC  Data: 00 00 00 AA F5 7F 3F 82 
"
"2016-11-21 14:15:43ID: BB  Data: 00 00 00 AA 0A 77 8A BC 
"
"2016-11-21 14:15:43ID: BC  Data: 00 00 00 AA F5 88 75 44 
"
"2016-11-21 14:15:43ID: BB  Data: 00 00 00 AA 0A 7C CE 06 
"
"2016-11-21 14:15:43ID: BC  Data: 00 00 00 AA F5 83 31 FA 
"
"2016-11-21 14:15:43ID: BB  Data: 00 00 00 AA 0A 74 E9 17 
"
"2016-11-21 14:15:43ID: BC  Data: 00 00 00 AA F5 8B 16 E9 
"
"2016-11-21 14:15:43ID: BB  Data: 00 00 00 AA 0A 67 C0 DE 
"
"2016-11-21 14:15:43ID: BC  Data: 00 00 00 AA F5 98 3F 22 
"
"2016-11-21 14:15:43ID: BB  Data: 00 00 00 AA 0A 6E 54 FB 
"
"2016-11-21 14:15:43ID: BC  Data: 00 00 00 AA F5 91 AB 05 
"
"2016-11-21 14:15:43ID: BB  Data: 00 00 00 AA 0A 72 47 72 
"
"2016-11-21 14:15:43ID: BC  Data: 00 00 00 AA F5 8D B8 8E 
"
"2016-11-21 14:15:43ID: BB  Data: 00 00 00 AA 0A 74 E9 17 
"
"2016-11-21 14:15:43ID: BC  Data: 00 00 00 AA F5 8B 16 E9 
"
"2016-11-21 14:15:43ID: BB  Data: 00 00 00 AA 0A 7E 1E D9 
"
"2016-11-21 14:15:43ID: BC  Data: 00 00 00 AA F5 81 E1 27 
"
"2016-11-21 14:15:43ID: BB  Data: 00 00 00 AA 0A 91 DB 2F 
"
"2016-11-21 14:15:43ID: BC  Data: 00 00 00 AA F5 6E 24 D1 
"
"2016-11-21 14:15:43ID: BB  Data: 00 00 00 AA 0A 97 1E 79 
"
"2016-11-21 14:15:43ID: BC  Data: 00 00 00 AA F5 68 E1 87 
"
"2016-11-21 14:15:43ID: BB  Data: 00 00 00 AA 0A AE CD 46 
"
"2016-11-21 14:15:43ID: BC  Data: 00 00 00 AA F5 51 32 BA 
"
"2016-11-21 14:15:43ID: BB  Data: 00 00 00 AA 0A A6 E8 57 
"
"2016-11-21 14:15:44ID: BC  Data: 00 00 00 AA F5 59 17 A9 
"
"2016-11-21 14:15:44ID: BB  Data: 00 00 00 AA 0A BD 46 52 
"
"2016-11-21 14:15:44ID: BC  Data: 00 00 00 AA F5 42 B9 AE 
"
"2016-11-21 14:15:44ID: BB  Data: 00 00 00 AA 0A BE 97 24 
"
"2016-11-21 14:15:44ID: BC  Data: 00 00 00 AA F5 41 68 DC 
"
"2016-11-21 14:15:44ID: BB  Data: 00 00 00 AA 0A C3 DA 6E 
"
"2016-11-21 14:15:44ID: BC  Data: 00 00 00 AA F5 3C 25 92 
"
"2016-11-21 14:15:44ID: BB  Data: 00 00 00 AA 0A C3 DA 6E 
"
"2016-11-21 14:15:44ID: BC  Data: 00 00 00 AA F5 3C 25 92 
"
"2016-11-21 14:15:44ID: BB  Data: 00 00 00 AA 0A CB BF 5D 
"
"2016-11-21 14:15:44ID: BC  Data: 00 00 00 AA F5 34 40 A3 
"
"2016-11-21 14:15:44ID: BB  Data: 00 00 00 AA 0A C5 2B 41 
"
"2016-11-21 14:15:44ID: BC  Data: 00 00 00 AA F5 3A D4 BF 
"
"2016-11-21 14:15:44ID: BB  Data: 00 00 00 AA 0A BA A4 AD 
"
"2016-11-21 14:15:44ID: BC  Data: 00 00 00 AA F5 45 5B 53 
"
"2016-11-21 14:15:44ID: BB  Data: 00 00 00 AA 0A AE CD 46 
"
"2016-11-21 14:15:44ID: BC  Data: 00 00 00 AA F5 51 32 BA 
"
"2016-11-21 14:15:44ID: BB  Data: 00 00 00 AA 0A B2 BF BE 
"
"2016-11-21 14:15:44ID: BC  Data: 00 00 00 AA F5 4D 40 42 
"
"2016-11-21 14:15:44ID: BB  Data: 00 00 00 AA 0A 82 11 50 
"
"2016-11-21 14:15:44ID: BC  Data: 00 00 00 AA F5 7D EE B0 
"
"2016-11-21 14:15:44ID: BB  Data: 00 00 00 AA 0A 8F 39 8A 
"
"2016-11-21 14:15:44ID: BC  Data: 00 00 00 AA F5 70 C6 76 
"
"2016-11-21 14:15:45ID: BB  Data: 00 00 00 AA 0A 93 2C 01 
"
"2016-11-21 14:15:45ID: BC  Data: 00 00 00 AA F5 6C D3 FF 
"
"2016-11-21 14:15:45ID: BB  Data: 00 00 00 AA 0A 93 2C 01 
"
"2016-11-21 14:15:45ID: BC  Data: 00 00 00 AA F5 6C D3 FF 
"
"2016-11-21 14:15:45ID: BB  Data: 00 00 00 AA 0A 91 DB 2F 
"
"2016-11-21 14:15:45ID: BC  Data: 00 00 00 AA F5 6E 24 D1 
"
"2016-11-21 14:15:45ID: BB  Data: 00 00 00 AA 0A 7B 7D 34 
"
"2016-11-21 14:15:45ID: BC  Data: 00 00 00 AA F5 84 82 CC 
"
"2016-11-21 14:15:45ID: BB  Data: 00 00 00 AA 0A 80 C0 7E 
"
"2016-11-21 14:15:45ID: BC  Data: 00 00 00 AA F5 7F 3F 82 
"
"2016-11-21 14:15:45ID: BB  Data: 00 00 00 AA 0A 74 E9 17 
"
"2016-11-21 14:15:45ID: BC  Data: 00 00 00 AA F5 8B 16 E9 
"
"2016-11-21 14:15:45ID: BB  Data: 00 00 00 AA 0A 80 C0 7E 
"
"2016-11-21 14:15:45ID: BC  Data: 00 00 00 AA F5 7F 3F 82 
"
"2016-11-21 14:15:45ID: BB  Data: 00 00 00 AA 0A 62 7D 94 
"
"2016-11-21 14:15:45ID: BC  Data: 00 00 00 AA F5 9D 82 6C 
"
"2016-11-21 14:15:45ID: BB  Data: 00 00 00 AA 0A 6E 54 FB 
"
"2016-11-21 14:15:45ID: BC  Data: 00 00 00 AA F5 91 AB 05 
"
"2016-11-21 14:15:45ID: BB  Data: 00 00 00 AA 0A 70 F6 A0 
"
"2016-11-21 14:15:45ID: BC  Data: 00 00 00 AA F5 8F 09 60 
"
"2016-11-21 14:15:45ID: BB  Data: 00 00 00 AA 0A 70 F6 A0 
"
"2016-11-21 14:15:45ID: BC  Data: 00 00 00 AA F5 8F 09 60 
"
"2016-11-21 14:15:46ID: BB  Data: 00 00 00 AA 0A 6B B3 56 
"
"2016-11-21 14:15:46ID: BC  Data: 00 00 00 AA F5 94 4C AA 
"
"2016-11-21 14:15:46ID: BB  Data: 00 00 00 AA 0A 7A 2C 61 
"
"2016-11-21 14:15:46ID: BC  Data: 00 00 00 AA F5 85 D3 9F 
"
"2016-11-21 14:15:46ID: BB  Data: 00 00 00 AA 0A 69 11 B1 
"
"2016-11-21 14:15:46ID: BC  Data: 00 00 00 AA F5 96 EE 4F 
"
"2016-11-21 14:15:46ID: BB  Data: 00 00 00 AA 0A 73 98 45 
"
"2016-11-21 14:15:46ID: BC  Data: 00 00 00 AA F5 8C 67 BB 
"
"2016-11-21 14:15:46ID: BB  Data: 00 00 00 AA 0A 8B 47 12 
"
"2016-11-21 14:15:46ID: BC  Data: 00 00 00 AA F5 74 B8 EE 
"
"2016-11-21 14:15:46ID: BB  Data: 00 00 00 AA 0A B5 61 63 
"
"2016-11-21 14:15:46ID: BC  Data: 00 00 00 AA F5 4A 9E 9D 
"
"2016-11-21 14:15:46ID: BB  Data: 00 00 00 AA 0A C7 CC E6 
"
"2016-11-21 14:15:46ID: BC  Data: 00 00 00 AA F5 38 33 1A 
"
"2016-11-21 14:15:46ID: BB  Data: 00 00 00 AA 0B 70 36 28 
"
"2016-11-21 14:15:46ID: BC  Data: 00 00 00 AA F4 8F C9 D8 
"
"2016-11-21 14:15:46ID: BB  Data: 00 00 00 AA 0B DE BB 3B 
"
"2016-11-21 14:15:46ID: BC  Data: 00 00 00 AA F4 21 44 C5 
"
"2016-11-21 14:15:46ID: BB  Data: 00 00 00 AA 0B E2 AD B3 
"
"2016-11-21 14:15:46ID: BC  Data: 00 00 00 AA F4 1D 52 4D 
"
"2016-11-21 14:15:46ID: BB  Data: 00 00 00 AA 0B E6 A0 2B 
"
"2016-11-21 14:15:46ID: BC  Data: 00 00 00 AA F4 19 5F D5 
"
"2016-11-21 14:15:46ID: BB  Data: 00 00 00 AA 0B B5 F1 BD 
"
"2016-11-21 14:15:46ID: BC  Data: 00 00 00 AA F4 4A 0E 43 
"
"2016-11-21 14:15:47ID: BB  Data: 00 00 00 AA 0B BB 35 07 
"
"2016-11-21 14:15:47ID: BC  Data: 00 00 00 AA F4 44 CA F9 
"
"2016-11-21 14:15:47ID: BB  Data: 00 00 00 AA 0B A3 86 3A 
"
"2016-11-21 14:15:47ID: BC  Data: 00 00 00 AA F4 5C 79 C6 
"
"2016-11-21 14:15:47ID: BB  Data: 00 00 00 AA 0B 9E 42 F0 
"
"2016-11-21 14:15:47ID: BC  Data: 00 00 00 AA F4 61 BD 10 
"
"2016-11-21 14:15:47ID: BB  Data: 00 00 00 AA 0B 97 AE D4 
"
"2016-11-21 14:15:47ID: BC  Data: 00 00 00 AA F4 68 51 2C 
"
"2016-11-21 14:15:47ID: BB  Data: 00 00 00 AA 0B 7A BC BC 
"
"2016-11-21 14:15:47ID: BC  Data: 00 00 00 AA F4 85 43 44 
"
"2016-11-21 14:15:47ID: BB  Data: 00 00 00 AA 0B 76 CA 45 
"
"2016-11-21 14:15:47ID: BC  Data: 00 00 00 AA F4 89 35 BB 
"
"2016-11-21 14:15:47ID: BB  Data: 00 00 00 AA 0B 53 44 11 
"
"2016-11-21 14:15:47ID: BC  Data: 00 00 00 AA F4 AC BB EF 
"
"2016-11-21 14:15:47ID: BB  Data: 00 00 00 AA 0B 3F 87 BB 
"
"2016-11-21 14:15:47ID: BC  Data: 00 00 00 AA F4 C0 78 45 
"
"2016-11-21 14:15:47ID: BB  Data: 00 00 00 AA 0B 25 37 49 
"
"2016-11-21 14:15:47ID: BC  Data: 00 00 00 AA F4 DA C8 B7 
"
"2016-11-21 14:15:47ID: BB  Data: 00 00 00 AA 0B 21 44 D1 
"
"2016-11-21 14:15:47ID: BC  Data: 00 00 00 AA F4 DE BB 2F 
"
"2016-11-21 14:15:47ID: BB  Data: 00 00 00 AA 0B 15 6D 6A 
"
"2016-11-21 14:15:47ID: BC  Data: 00 00 00 AA F4 EA 92 96 
"
"2016-11-21 14:15:48ID: BB  Data: 00 00 00 AA 0B 16 BE 3D 
"
"2016-11-21 14:15:48ID: BC  Data: 00 00 00 AA F4 E9 41 C3 
"
"2016-11-21 14:15:48ID: BB  Data: 00 00 00 AA 0B 1A B0 B4 
"
"2016-11-21 14:15:48ID: BC  Data: 00 00 00 AA F4 E5 4F 4C 
"
"2016-11-21 14:15:48ID: BB  Data: 00 00 00 AA 0B 0D 88 7B 
"
"2016-11-21 14:15:48ID: BC  Data: 00 00 00 AA F4 F2 77 85 
"
"2016-11-21 14:15:48ID: BB  Data: 00 00 00 AA 0B 1C 01 87 
"
"2016-11-21 14:15:48ID: BC  Data: 00 00 00 AA F4 E3 FE 79 
"
"2016-11-21 14:15:48ID: BB  Data: 00 00 00 AA 0B 16 BE 3D 
"
"2016-11-21 14:15:48ID: BC  Data: 00 00 00 AA F4 E9 41 C3 
"
"2016-11-21 14:15:48ID: BB  Data: 00 00 00 AA 0B 1A B0 B4 
"
"2016-11-21 14:15:48ID: BC  Data: 00 00 00 AA F4 E5 4F 4C 
"
"2016-11-21 14:15:48ID: BB  Data: 00 00 00 AA 0B 1D 52 59 
"
"2016-11-21 14:15:48ID: BC  Data: 00 00 00 AA F4 E2 AD A7 
"
"2016-11-21 14:15:48ID: BB  Data: 00 00 00 AA 0B 16 BE 3D 
"
"2016-11-21 14:15:48ID: BC  Data: 00 00 00 AA F4 E9 41 C3 
"
"2016-11-21 14:15:48ID: BB  Data: 00 00 00 AA 0B 15 6D 6A 
"
"2016-11-21 14:15:48ID: BC  Data: 00 00 00 AA F4 EA 92 96 
"
"2016-11-21 14:15:48ID: BB  Data: 00 00 00 AA 0B 10 2A 20 
"
"2016-11-21 14:15:48ID: BC  Data: 00 00 00 AA F4 EF D5 E0 
"
"2016-11-21 14:15:48ID: BB  Data: 00 00 00 AA 0B 23 E6 76 
"
"2016-11-21 14:15:48ID: BC  Data: 00 00 00 AA F4 DC 19 8A 
"
"2016-11-21 14:15:49ID: BB  Data: 00 00 00 AA 0B 26 88 1B 
"
"2016-11-21 14:15:49ID: BC  Data: 00 00 00 AA F4 D9 77 E5 
"
"2016-11-21 14:15:49ID: BB  Data: 00 00 00 AA 0B 2D 1C 38 
"
"2016-11-21 14:15:49ID: BC  Data: 00 00 00 AA F4 D2 E3 C8 
"
"2016-11-21 14:15:49ID: BB  Data: 00 00 00 AA 0B 32 5F 82 
"
"2016-11-21 14:15:49ID: BC  Data: 00 00 00 AA F4 CD A0 7E 
"
"2016-11-21 14:15:49ID: BB  Data: 00 00 00 AA 0B 48 BD 7D 
"
"2016-11-21 14:15:49ID: BC  Data: 00 00 00 AA F4 B7 42 83 
"
"2016-11-21 14:15:49ID: BB  Data: 00 00 00 AA 0B 55 E5 B6 
"
"2016-11-21 14:15:49ID: BC  Data: 00 00 00 AA F4 AA 1A 4A 
"
"2016-11-21 14:15:49ID: BB  Data: 00 00 00 AA 0B 50 A2 6C 
"
"2016-11-21 14:15:49ID: BC  Data: 00 00 00 AA F4 AF 5D 94 
"
"2016-11-21 14:15:49ID: BB  Data: 00 00 00 AA 0B 61 BD 1C 
"
"2016-11-21 14:15:49ID: BC  Data: 00 00 00 AA F4 9E 42 E4 
"
"2016-11-21 14:15:49ID: BB  Data: 00 00 00 AA 0B 4A 0E 4F 
"
"2016-11-21 14:15:49ID: BC  Data: 00 00 00 AA F4 B5 F1 B1 
"
"2016-11-21 14:15:49ID: BB  Data: 00 00 00 AA 0B 4E 00 C7 
"
"2016-11-21 14:15:49ID: BC  Data: 00 00 00 AA F4 B1 FF 39 
"
"2016-11-21 14:15:49ID: BB  Data: 00 00 00 AA 0B 4C AF F4 
"
"2016-11-21 14:15:49ID: BC  Data: 00 00 00 AA F4 B3 50 0C 
"
"2016-11-21 14:15:49ID: BB  Data: 00 00 00 AA 0B 44 CB 05 
"
"2016-11-21 14:15:49ID: BC  Data: 00 00 00 AA F4 BB 34 FB 
"
"2016-11-21 14:15:49ID: BB  Data: 00 00 00 AA 0B 3C E6 16 
"
"2016-11-21 14:15:49ID: BC  Data: 00 00 00 AA F4 C3 19 EA 
"
"2016-11-21 14:15:50ID: BB  Data: 00 00 00 AA 0B 3E 36 E8 
"
"2016-11-21 14:15:50ID: BC  Data: 00 00 00 AA F4 C1 C9 18 
"
"2016-11-21 14:15:50ID: BB  Data: 00 00 00 AA 0B 46 1B D7 
"
"2016-11-21 14:15:50ID: BC  Data: 00 00 00 AA F4 B9 E4 29 
"
"2016-11-21 14:15:50ID: BB  Data: 00 00 00 AA 0B 2E 6D 0A 
"
"2016-11-21 14:15:50ID: BC  Data: 00 00 00 AA F4 D1 92 F6 
"
"2016-11-21 14:15:50ID: BB  Data: 00 00 00 AA 0B 44 CB 05 
"
"2016-11-21 14:15:50ID: BC  Data: 00 00 00 AA F4 BB 34 FB 
"
"2016-11-21 14:15:50ID: BB  Data: 00 00 00 AA 0B 36 51 F9 
"
"2016-11-21 14:15:50ID: BC  Data: 00 00 00 AA F4 C9 AE 07 
"
"2016-11-21 14:15:50ID: BB  Data: 00 00 00 AA 0B 35 01 27 
"
"2016-11-21 14:15:50ID: BC  Data: 00 00 00 AA F4 CA FE D9 
"
"2016-11-21 14:15:50ID: BB  Data: 00 00 00 AA 0B 33 B0 54 
"
"2016-11-21 14:15:50ID: BC  Data: 00 00 00 AA F4 CC 4F AC 
"
"2016-11-21 14:15:50ID: BB  Data: 00 00 00 AA 0B 2E 6D 0A 
"
"2016-11-21 14:15:50ID: BC  Data: 00 00 00 AA F4 D1 92 F6 
"
"2016-11-21 14:15:50ID: BB  Data: 00 00 00 AA 0B 2F BD DD 
"
"2016-11-21 14:15:50ID: BC  Data: 00 00 00 AA F4 D0 42 23 
"
"2016-11-21 14:15:50ID: BB  Data: 00 00 00 AA 0B 36 51 F9 
"
"2016-11-21 14:15:50ID: BC  Data: 00 00 00 AA F4 C9 AE 07 
"
"2016-11-21 14:15:50ID: BB  Data: 00 00 00 AA 0B 2D 1C 38 
"
"2016-11-21 14:15:50ID: BC  Data: 00 00 00 AA F4 D2 E3 C8 
"
"2016-11-21 14:15:51ID: BB  Data: 00 00 00 AA 0B 2A 7A 93 
"
"2016-11-21 14:15:51ID: BC  Data: 00 00 00 AA F4 D5 85 6D 
"
"2016-11-21 14:15:51ID: BB  Data: 00 00 00 AA 0B 2B CB 65 
"
"2016-11-21 14:15:51ID: BC  Data: 00 00 00 AA F4 D4 34 9B 
"
"2016-11-21 14:15:51ID: BB  Data: 00 00 00 AA 0B 12 CB C5 
"
"2016-11-21 14:15:51ID: BC  Data: 00 00 00 AA F4 ED 34 3B 
"
"2016-11-21 14:15:51ID: BB  Data: 00 00 00 AA 0B 26 88 1B 
"
"2016-11-21 14:15:51ID: BC  Data: 00 00 00 AA F4 D9 77 E5 
"
"2016-11-21 14:15:51ID: BB  Data: 00 00 00 AA 0B 21 44 D1 
"
"2016-11-21 14:15:51ID: BC  Data: 00 00 00 AA F4 DE BB 2F 
"
"2016-11-21 14:15:51ID: BB  Data: 00 00 00 AA 0B 1D 52 59 
"
"2016-11-21 14:15:51ID: BC  Data: 00 00 00 AA F4 E2 AD A7 
"
"2016-11-21 14:15:51ID: BB  Data: 00 00 00 AA 0B 22 95 A4 
"
"2016-11-21 14:15:51ID: BC  Data: 00 00 00 AA F4 DD 6A 5C 
"
"2016-11-21 14:15:51ID: BB  Data: 00 00 00 AA 0B 18 0F 0F 
"
"2016-11-21 14:15:51ID: BC  Data: 00 00 00 AA F4 E7 F0 F1 
"
"2016-11-21 14:15:51ID: BB  Data: 00 00 00 AA 0B 2A 7A 93 
"
"2016-11-21 14:15:51ID: BC  Data: 00 00 00 AA F4 D5 85 6D 
"
"2016-11-21 14:15:51ID: BB  Data: 00 00 00 AA 0B 1C 01 87 
"
"2016-11-21 14:15:51ID: BC  Data: 00 00 00 AA F4 E3 FE 79 
"
"2016-11-21 14:15:51ID: BB  Data: 00 00 00 AA 0B 1D 52 59 
"
"2016-11-21 14:15:51ID: BC  Data: 00 00 00 AA F4 E2 AD A7 
"
"2016-11-21 14:15:51ID: BB  Data: 00 00 00 AA 0B 11 7A F3 
"
"2016-11-21 14:15:52ID: BC  Data: 00 00 00 AA F4 EE 85 0D 
"
"2016-11-21 14:15:52ID: BB  Data: 00 00 00 AA 0B 18 0F 0F 
"
"2016-11-21 14:15:52ID: BC  Data: 00 00 00 AA F4 E7 F0 F1 
"
"2016-11-21 14:15:52ID: BB  Data: 00 00 00 AA 0B 15 6D 6A 
"
"2016-11-21 14:15:52ID: BC  Data: 00 00 00 AA F4 EA 92 96 
"
"2016-11-21 14:15:52ID: BB  Data: 00 00 00 AA 0B 15 6D 6A 
"
"2016-11-21 14:15:52ID: BC  Data: 00 00 00 AA F4 EA 92 96 
"
"2016-11-21 14:15:52ID: BB  Data: 00 00 00 AA 0B 12 CB C5 
"
"2016-11-21 14:15:52ID: BC  Data: 00 00 00 AA F4 ED 34 3B 
"
"2016-11-21 14:15:52ID: BB  Data: 00 00 00 AA 0B 12 CB C5 
"
"2016-11-21 14:15:52ID: BC  Data: 00 00 00 AA F4 ED 34 3B 
"
"2016-11-21 14:15:52ID: BB  Data: 00 00 00 AA 0B 0C 37 A9 
"
"2016-11-21 14:15:52ID: BC  Data: 00 00 00 AA F4 F3 C8 57 
"
"2016-11-21 14:15:52ID: BB  Data: 00 00 00 AA 0B 0C 37 A9 
"
"2016-11-21 14:15:52ID: BC  Data: 00 00 00 AA F4 F3 C8 57 
"
"2016-11-21 14:15:52ID: BB  Data: 00 00 00 AA 0A F9 CC 26 
"
"2016-11-21 14:15:52ID: BC  Data: 00 00 00 AA F5 06 33 DA 
"
"2016-11-21 14:15:52ID: BB  Data: 00 00 00 AA 0B 16 BE 3D 
"
"2016-11-21 14:15:52ID: BC  Data: 00 00 00 AA F4 E9 41 C3 
"
"2016-11-21 14:15:52ID: BB  Data: 00 00 00 AA 0A F5 D9 AE 
"
"2016-11-21 14:15:52ID: BC  Data: 00 00 00 AA F5 0A 26 52 
"
"2016-11-21 14:15:52ID: BB  Data: 00 00 00 AA 0B 03 01 E7 
"
"2016-11-21 14:15:52ID: BC  Data: 00 00 00 AA F4 FC FE 19 
"
"2016-11-21 14:15:53ID: BB  Data: 00 00 00 AA 0A F1 E7 36 
"
"2016-11-21 14:15:53ID: BC  Data: 00 00 00 AA F5 0E 18 CA 
"
"2016-11-21 14:15:53ID: BB  Data: 00 00 00 AA 0A F1 E7 36 
"
"2016-11-21 14:15:53ID: BC  Data: 00 00 00 AA F5 0E 18 CA 
"
"2016-11-21 14:15:53ID: BB  Data: 00 00 00 AA 0A EF 45 91 
"
"2016-11-21 14:15:53ID: BC  Data: 00 00 00 AA F5 10 BA 6F 
"
"2016-11-21 14:15:53ID: BB  Data: 00 00 00 AA 0A F3 38 09 
"
"2016-11-21 14:15:53ID: BC  Data: 00 00 00 AA F5 0C C7 F7 
"
"2016-11-21 14:15:53ID: BB  Data: 00 00 00 AA 0A EB 53 1A 
"
"2016-11-21 14:15:53ID: BC  Data: 00 00 00 AA F5 14 AC E6 
"
"2016-11-21 14:15:53ID: BB  Data: 00 00 00 AA 0A BF E7 F7 
"
"2016-11-21 14:15:53ID: BC  Data: 00 00 00 AA F5 40 18 09 
"
"2016-11-21 14:15:53ID: BB  Data: 00 00 00 AA 0A 51 62 E3 
"
"2016-11-21 14:15:53ID: BC  Data: 00 00 00 AA F5 AE 9D 1D 
"
"2016-11-21 14:15:53ID: BB  Data: 00 00 00 AA 09 AE 3C EB 
"
"2016-11-21 14:15:53ID: BC  Data: 00 00 00 AA F6 51 C3 15 
"
"2016-11-21 14:15:53ID: BB  Data: 00 00 00 AA 09 15 9D 87 
"
"2016-11-21 14:15:53ID: BC  Data: 00 00 00 AA F6 EA 62 79 
"
"2016-11-21 14:15:53ID: BB  Data: 00 00 00 AA 08 DB B9 59 
"
"2016-11-21 14:15:53ID: BC  Data: 00 00 00 AA F7 24 46 A7 
"
"2016-11-21 14:15:53ID: BB  Data: 00 00 00 AA 08 4A FE E4 
"
"2016-11-21 14:15:53ID: BC  Data: 00 00 00 AA F7 B5 01 1C 
"
"2016-11-21 14:15:54ID: BB  Data: 00 00 00 AA 07 E8 51 37 
"
"2016-11-21 14:15:54ID: BC  Data: 00 00 00 AA F8 17 AE C9 
"
"2016-11-21 14:15:54ID: BB  Data: 00 00 00 AA 07 6A 02 45 
"
"2016-11-21 14:15:54ID: BC  Data: 00 00 00 AA F8 95 FD BB 
"
"2016-11-21 14:15:54ID: BB  Data: 00 00 00 AA 07 6A 02 45 
"
"2016-11-21 14:15:54ID: BC  Data: 00 00 00 AA F8 95 FD BB 
"
"2016-11-21 14:15:54ID: BB  Data: 00 00 00 AA 07 6F 45 8F 
"
"2016-11-21 14:15:54ID: BC  Data: 00 00 00 AA F8 90 BA 71 
"
"2016-11-21 14:15:54ID: BB  Data: 00 00 00 AA 07 79 CC 24 
"
"2016-11-21 14:15:54ID: BC  Data: 00 00 00 AA F8 86 33 DC 
"
"2016-11-21 14:15:54ID: BB  Data: 00 00 00 AA 07 7B 1C F6 
"
"2016-11-21 14:15:54ID: BC  Data: 00 00 00 AA F8 84 E3 0A 
"
"2016-11-21 14:15:54ID: BB  Data: 00 00 00 AA 07 77 2A 7F 
"
"2016-11-21 14:15:54ID: BC  Data: 00 00 00 AA F8 88 D5 81 
"
"2016-11-21 14:15:54ID: BB  Data: 00 00 00 AA 07 7B 1C F6 
"
"2016-11-21 14:15:54ID: BC  Data: 00 00 00 AA F8 84 E3 0A 
"
"2016-11-21 14:15:54ID: BB  Data: 00 00 00 AA 07 77 2A 7F 
"
"2016-11-21 14:15:54ID: BC  Data: 00 00 00 AA F8 88 D5 81 
"
"2016-11-21 14:15:54ID: BB  Data: 00 00 00 AA 07 6F 45 8F 
"
"2016-11-21 14:15:54ID: BC  Data: 00 00 00 AA F8 90 BA 71 
"
"2016-11-21 14:15:54ID: BB  Data: 00 00 00 AA 07 5E 2A DF 
"
"2016-11-21 14:15:54ID: BC  Data: 00 00 00 AA F8 A1 D5 21 
"
"2016-11-21 14:15:54ID: BB  Data: 00 00 00 AA 07 1B 10 EE 
"
"2016-11-21 14:15:54ID: BC  Data: 00 00 00 AA F8 E4 EF 12 
"
"2016-11-21 14:15:55ID: BB  Data: 00 00 00 AA 07 21 A5 0B 
"
"2016-11-21 14:15:55ID: BC  Data: 00 00 00 AA F8 DE 5A F5 
"
"2016-11-21 14:15:55ID: BB  Data: 00 00 00 AA 07 24 46 B0 
"
"2016-11-21 14:15:55ID: BC  Data: 00 00 00 AA F8 DB B9 50 
"
"2016-11-21 14:15:55ID: BB  Data: 00 00 00 AA 07 25 97 83 
"
"2016-11-21 14:15:55ID: BC  Data: 00 00 00 AA F8 DA 68 7D 
"
"2016-11-21 14:15:55ID: BB  Data: 00 00 00 AA 07 21 A5 0B 
"
"2016-11-21 14:15:55ID: BC  Data: 00 00 00 AA F8 DE 5A F5 
"
"2016-11-21 14:15:55ID: BB  Data: 00 00 00 AA 07 13 2B FF 
"
"2016-11-21 14:15:55ID: BC  Data: 00 00 00 AA F8 EC D4 01 
"
"2016-11-21 14:15:55ID: BB  Data: 00 00 00 AA 07 1D B2 93 
"
"2016-11-21 14:15:55ID: BC  Data: 00 00 00 AA F8 E2 4D 6D 
"
"2016-11-21 14:15:55ID: BB  Data: 00 00 00 AA 07 25 97 83 
"
"2016-11-21 14:15:55ID: BC  Data: 00 00 00 AA F8 DA 68 7D 
"
"2016-11-21 14:15:55ID: BB  Data: 00 00 00 AA 07 32 BF BC 
"
"2016-11-21 14:15:55ID: BC  Data: 00 00 00 AA F8 CD 40 44 
"
"2016-11-21 14:15:55ID: BB  Data: 00 00 00 AA 07 29 89 FA 
"
"2016-11-21 14:15:55ID: BC  Data: 00 00 00 AA F8 D6 76 06 
"
"2016-11-21 14:15:55ID: BB  Data: 00 00 00 AA 07 29 89 FA 
"
"2016-11-21 14:15:55ID: BC  Data: 00 00 00 AA F8 D6 76 06 
"
"2016-11-21 14:15:55ID: BB  Data: 00 00 00 AA 07 24 46 B0 
"
"2016-11-21 14:15:55ID: BC  Data: 00 00 00 AA F8 DB B9 50 
"
"2016-11-21 14:15:56ID: BB  Data: 00 00 00 AA 07 20 54 38 
"
"2016-11-21 14:15:56ID: BC  Data: 00 00 00 AA F8 DF AB C8 
"
"2016-11-21 14:15:56ID: BB  Data: 00 00 00 AA 06 F8 DB 8D 
"
"2016-11-21 14:15:56ID: BC  Data: 00 00 00 AA F9 07 24 73 
"
"2016-11-21 14:15:56ID: BB  Data: 00 00 00 AA 06 F8 DB 8D 
"
"2016-11-21 14:15:56ID: BC  Data: 00 00 00 AA F9 07 24 73 
"
"2016-11-21 14:15:56ID: BB  Data: 00 00 00 AA 06 D2 B3 B4 
"
"2016-11-21 14:15:56ID: BC  Data: 00 00 00 AA F9 2D 4C 4C 
"
"2016-11-21 14:15:56ID: BB  Data: 00 00 00 AA 06 E7 C0 DC 
"
"2016-11-21 14:15:56ID: BC  Data: 00 00 00 AA F9 18 3F 24 
"
"2016-11-21 14:15:56ID: BB  Data: 00 00 00 AA 06 E5 1F 37 
"
"2016-11-21 14:15:56ID: BC  Data: 00 00 00 AA F9 1A E0 C9 
"
"2016-11-21 14:15:56ID: BB  Data: 00 00 00 AA 06 E3 CE 65 
"
"2016-11-21 14:15:56ID: BC  Data: 00 00 00 AA F9 1C 31 9B 
"
"2016-11-21 14:15:56ID: BB  Data: 00 00 00 AA 06 D1 62 E1 
"
"2016-11-21 14:15:56ID: BC  Data: 00 00 00 AA F9 2E 9D 1F 
"
"2016-11-21 14:15:56ID: BB  Data: 00 00 00 AA 06 D9 47 D1 
"
"2016-11-21 14:15:56ID: BC  Data: 00 00 00 AA F9 26 B8 2F 
"
"2016-11-21 14:15:56ID: BB  Data: 00 00 00 AA 06 AD DC AE 
"
"2016-11-21 14:15:56ID: BC  Data: 00 00 00 AA F9 52 23 52 
"
"2016-11-21 14:15:56ID: BB  Data: 00 00 00 AA 06 B0 7E 53 
"
"2016-11-21 14:15:56ID: BC  Data: 00 00 00 AA F9 4F 81 AD 
"
"2016-11-21 14:15:57ID: BB  Data: 00 00 00 AA 06 D1 62 E1 
"
"2016-11-21 14:15:57ID: BC  Data: 00 00 00 AA F9 2E 9D 1F 
"
"2016-11-21 14:15:57ID: BB  Data: 00 00 00 AA 06 D6 A6 2C 
"
"2016-11-21 14:15:57ID: BC  Data: 00 00 00 AA F9 29 59 D4 
"
"2016-11-21 14:15:57ID: BB  Data: 00 00 00 AA 06 C1 99 03 
"
"2016-11-21 14:15:57ID: BC  Data: 00 00 00 AA F9 3E 66 FD 
"
"2016-11-21 14:15:57ID: BB  Data: 00 00 00 AA 06 D5 55 59 
"
"2016-11-21 14:15:57ID: BC  Data: 00 00 00 AA F9 2A AA A7 
"
"2016-11-21 14:15:57ID: BB  Data: 00 00 00 AA 06 DA 98 A3 
"
"2016-11-21 14:15:57ID: BC  Data: 00 00 00 AA F9 25 67 5D 
"
"2016-11-21 14:15:57ID: BB  Data: 00 00 00 AA 06 D4 04 87 
"
"2016-11-21 14:15:57ID: BC  Data: 00 00 00 AA F9 2B FB 79 
"
"2016-11-21 14:15:57ID: BB  Data: 00 00 00 AA 06 DA 98 A3 
"
"2016-11-21 14:15:57ID: BC  Data: 00 00 00 AA F9 25 67 5D 
"
"2016-11-21 14:15:57ID: BB  Data: 00 00 00 AA 06 E1 2C C0 
"
"2016-11-21 14:15:57ID: BC  Data: 00 00 00 AA F9 1E D3 40 
"
"2016-11-21 14:15:57ID: BB  Data: 00 00 00 AA 06 DE 8B 1B 
"
"2016-11-21 14:15:57ID: BC  Data: 00 00 00 AA F9 21 74 E5 
"
"2016-11-21 14:15:57ID: BB  Data: 00 00 00 AA 06 E2 7D 92 
"
"2016-11-21 14:15:57ID: BC  Data: 00 00 00 AA F9 1D 82 6E 
"
"2016-11-21 14:15:57ID: BB  Data: 00 00 00 AA 06 EA 62 81 
"
"2016-11-21 14:15:57ID: BC  Data: 00 00 00 AA F9 15 9D 7F 
"
"2016-11-21 14:15:57ID: BB  Data: 00 00 00 AA 06 D0 12 0F 
"
"2016-11-21 14:15:57ID: BC  Data: 00 00 00 AA F9 2F ED F1 
"
"2016-11-21 14:15:58ID: BB  Data: 00 00 00 AA 06 DF DB ED 
"
"2016-11-21 14:15:58ID: BC  Data: 00 00 00 AA F9 20 24 13 
"
"2016-11-21 14:15:58ID: BB  Data: 00 00 00 AA 06 DA 98 A3 
"
"2016-11-21 14:15:58ID: BC  Data: 00 00 00 AA F9 25 67 5D 
"
"2016-11-21 14:15:58ID: BB  Data: 00 00 00 AA 06 D9 47 D1 
"
"2016-11-21 14:15:58ID: BC  Data: 00 00 00 AA F9 26 B8 2F 
"
"2016-11-21 14:15:58ID: BB  Data: 00 00 00 AA 06 E5 1F 37 
"
"2016-11-21 14:15:58ID: BC  Data: 00 00 00 AA F9 1A E0 C9 
"
"2016-11-21 14:15:58ID: BB  Data: 00 00 00 AA 07 1D B2 93 
"
"2016-11-21 14:15:58ID: BC  Data: 00 00 00 AA F8 E2 4D 6D 
"
"2016-11-21 14:15:58ID: BB  Data: 00 00 00 AA 07 89 96 02 
"
"2016-11-21 14:15:58ID: BC  Data: 00 00 00 AA F8 76 69 FE 
"
"2016-11-21 14:15:58ID: BB  Data: 00 00 00 AA 08 1F 93 C1 
"
"2016-11-21 14:15:58ID: BC  Data: 00 00 00 AA F7 E0 6C 3F 
"
"2016-11-21 14:15:58ID: BB  Data: 00 00 00 AA 09 99 2F C3 
"
"2016-11-21 14:15:58ID: BC  Data: 00 00 00 AA F6 66 D0 3D 
"
"2016-11-21 14:15:58ID: BB  Data: 00 00 00 AA 0A 72 47 72 
"
"2016-11-21 14:15:58ID: BC  Data: 00 00 00 AA F5 8D B8 8E 
"
"2016-11-21 14:15:58ID: BB  Data: 00 00 00 AA 0A 69 11 B1 
"
"2016-11-21 14:15:58ID: BC  Data: 00 00 00 AA F5 96 EE 4F 
"
"2016-11-21 14:15:58ID: BB  Data: 00 00 00 AA 0A 52 B3 B6 
"
"2016-11-21 14:15:58ID: BC  Data: 00 00 00 AA F5 AD 4C 4A 
"
"2016-11-21 14:15:59ID: BB  Data: 00 00 00 AA 0A 5A 98 A5 
"
"2016-11-21 14:15:59ID: BC  Data: 00 00 00 AA F5 A5 67 5B 
"
"2016-11-21 14:15:59ID: BB  Data: 00 00 00 AA 0A 40 48 33 
"
"2016-11-21 14:15:59ID: BC  Data: 00 00 00 AA F5 BF B7 CD 
"
"2016-11-21 14:15:59ID: BB  Data: 00 00 00 AA 0A 3D A6 8E 
"
"2016-11-21 14:15:59ID: BC  Data: 00 00 00 AA F5 C2 59 72 
"
"2016-11-21 14:15:59ID: BB  Data: 00 00 00 AA 0A 40 48 33 
"
"2016-11-21 14:15:59ID: BC  Data: 00 00 00 AA F5 BF B7 CD 
"
"2016-11-21 14:15:59ID: BB  Data: 00 00 00 AA 0A 2F 2D 82 
"
"2016-11-21 14:15:59ID: BC  Data: 00 00 00 AA F5 D0 D2 7E 
"
"2016-11-21 14:15:59ID: BB  Data: 00 00 00 AA 0A 2D DC AF 
"
"2016-11-21 14:15:59ID: BC  Data: 00 00 00 AA F5 D2 23 51 
"
"2016-11-21 14:15:59ID: BB  Data: 00 00 00 AA 0A 2C 8B DD 
"
"2016-11-21 14:15:59ID: BC  Data: 00 00 00 AA F5 D3 74 23 
"
"2016-11-21 14:15:59ID: BB  Data: 00 00 00 AA 0A 2F 2D 82 
"
"2016-11-21 14:15:59ID: BC  Data: 00 00 00 AA F5 D0 D2 7E 
"
"2016-11-21 14:15:59ID: BB  Data: 00 00 00 AA 0A 2C 8B DD 
"
"2016-11-21 14:15:59ID: BC  Data: 00 00 00 AA F5 D3 74 23 
"
"2016-11-21 14:15:59ID: BB  Data: 00 00 00 AA 0A 30 7E 54 
"
"2016-11-21 14:15:59ID: BC  Data: 00 00 00 AA F5 CF 81 AC 
"
"2016-11-21 14:15:59ID: BB  Data: 00 00 00 AA 0A 28 99 65 
"
"2016-11-21 14:15:59ID: BC  Data: 00 00 00 AA F5 D7 66 9B 
"
"2016-11-21 14:15:59ID: BB  Data: 00 00 00 AA 0A 2C 8B DD 
"
"2016-11-21 14:16:00ID: BC  Data: 00 00 00 AA F5 D3 74 23 
"
"2016-11-21 14:16:00ID: BB  Data: 00 00 00 AA 0A 2B 3B 0A 
"
"2016-11-21 14:16:00ID: BC  Data: 00 00 00 AA F5 D4 C4 F6 
"
"2016-11-21 14:16:00ID: BB  Data: 00 00 00 AA 0A 30 7E 54 
"
"2016-11-21 14:16:00ID: BC  Data: 00 00 00 AA F5 CF 81 AC 
"
"2016-11-21 14:16:00ID: BB  Data: 00 00 00 AA 0A 24 A6 EE 
"
"2016-11-21 14:16:00ID: BC  Data: 00 00 00 AA F5 DB 59 12 
"
"2016-11-21 14:16:00ID: BB  Data: 00 00 00 AA 0A 2F 2D 82 
"
"2016-11-21 14:16:00ID: BC  Data: 00 00 00 AA F5 D0 D2 7E 
"
"2016-11-21 14:16:00ID: BB  Data: 00 00 00 AA 0A 28 99 65 
"
"2016-11-21 14:16:00ID: BC  Data: 00 00 00 AA F5 D7 66 9B 
"
"2016-11-21 14:16:00ID: BB  Data: 00 00 00 AA 0A 28 99 65 
"
"2016-11-21 14:16:00ID: BC  Data: 00 00 00 AA F5 D7 66 9B 
"
"2016-11-21 14:16:00ID: BB  Data: 00 00 00 AA 0A 27 48 93 
"
"2016-11-21 14:16:00ID: BC  Data: 00 00 00 AA F5 D8 B7 6D 
"
"2016-11-21 14:16:00ID: BB  Data: 00 00 00 AA 0A 25 F7 C0 
"
"2016-11-21 14:16:00ID: BC  Data: 00 00 00 AA F5 DA 08 40 
"
"2016-11-21 14:16:00ID: BB  Data: 00 00 00 AA 0A 24 A6 EE 
"
"2016-11-21 14:16:00ID: BC  Data: 00 00 00 AA F5 DB 59 12 
"
"2016-11-21 14:16:00ID: BB  Data: 00 00 00 AA 0A 28 99 65 
"
"2016-11-21 14:16:00ID: BC  Data: 00 00 00 AA F5 D7 66 9B 
"
"2016-11-21 14:16:00ID: BB  Data: 00 00 00 AA 0A 22 05 49 
"
"2016-11-21 14:16:00ID: BC  Data: 00 00 00 AA F5 DD FA B7 
"
"2016-11-21 14:16:01ID: BB  Data: 00 00 00 AA 0A 1F 63 A4 
"
"2016-11-21 14:16:01ID: BC  Data: 00 00 00 AA F5 E0 9C 5C 
"
"2016-11-21 14:16:01ID: BB  Data: 00 00 00 AA 0A 1A 20 5A 
"
"2016-11-21 14:16:01ID: BC  Data: 00 00 00 AA F5 E5 DF A6 
"
"2016-11-21 14:16:01ID: BB  Data: 00 00 00 AA 0A 1B 71 2C 
"
"2016-11-21 14:16:01ID: BC  Data: 00 00 00 AA F5 E4 8E D4 
"
"2016-11-21 14:16:01ID: BB  Data: 00 00 00 AA 0A 1C C1 FF 
"
"2016-11-21 14:16:01ID: BC  Data: 00 00 00 AA F5 E3 3E 01 
"
"2016-11-21 14:16:01ID: BB  Data: 00 00 00 AA 0A 13 8C 3D 
"
"2016-11-21 14:16:01ID: BC  Data: 00 00 00 AA F5 EC 73 C3 
"
"2016-11-21 14:16:01ID: BB  Data: 00 00 00 AA 0A 18 CF 87 
"
"2016-11-21 14:16:01ID: BC  Data: 00 00 00 AA F5 E7 30 79 
"
"2016-11-21 14:16:01ID: BB  Data: 00 00 00 AA 0A 14 DD 10 
"
"2016-11-21 14:16:01ID: BC  Data: 00 00 00 AA F5 EB 22 F0 
"
"2016-11-21 14:16:01ID: BB  Data: 00 00 00 AA 0A 0B A7 4E 
"
"2016-11-21 14:16:01ID: BC  Data: 00 00 00 AA F5 F4 58 B2 
"
"2016-11-21 14:16:01ID: BB  Data: 00 00 00 AA 0A 06 64 04 
"
"2016-11-21 14:16:01ID: BC  Data: 00 00 00 AA F5 F9 9B FC 
"
"2016-11-21 14:16:01ID: BB  Data: 00 00 00 AA 09 E8 21 1A 
"
"2016-11-21 14:16:01ID: BC  Data: 00 00 00 AA F6 17 DE E6 
"
"2016-11-21 14:16:01ID: BB  Data: 00 00 00 AA 09 E9 71 ED 
"
"2016-11-21 14:16:01ID: BC  Data: 00 00 00 AA F6 16 8E 13 
"
"2016-11-21 14:16:02ID: BB  Data: 00 00 00 AA 09 E1 8C FD 
"
"2016-11-21 14:16:02ID: BC  Data: 00 00 00 AA F6 1E 73 03 
"
"2016-11-21 14:16:02ID: BB  Data: 00 00 00 AA 09 DC 49 B3 
"
"2016-11-21 14:16:02ID: BC  Data: 00 00 00 AA F6 23 B6 4D 
"
"2016-11-21 14:16:02ID: BB  Data: 00 00 00 AA 09 CD D0 A8 
"
"2016-11-21 14:16:02ID: BC  Data: 00 00 00 AA F6 32 2F 58 
"
"2016-11-21 14:16:02ID: BB  Data: 00 00 00 AA 09 BE 06 C9 
"
"2016-11-21 14:16:02ID: BC  Data: 00 00 00 AA F6 41 F9 37 
"
"2016-11-21 14:16:02ID: BB  Data: 00 00 00 AA 09 82 D1 C8 
"
"2016-11-21 14:16:02ID: BC  Data: 00 00 00 AA F6 7D 2E 38 
"
"2016-11-21 14:16:02ID: BB  Data: 00 00 00 AA 09 7D 8E 7E 
"
"2016-11-21 14:16:02ID: BC  Data: 00 00 00 AA F6 82 71 82 
"
"2016-11-21 14:16:02ID: BB  Data: 00 00 00 AA 09 7A EC D9 
"
"2016-11-21 14:16:02ID: BC  Data: 00 00 00 AA F6 85 13 27 
"
"2016-11-21 14:16:02ID: BB  Data: 00 00 00 AA 09 7A EC D9 
"
"2016-11-21 14:16:02ID: BC  Data: 00 00 00 AA F6 85 13 27 
"
"2016-11-21 14:16:02ID: BB  Data: 00 00 00 AA 09 53 74 2E 
"
"2016-11-21 14:16:02ID: BC  Data: 00 00 00 AA F6 AC 8B D2 
"
"2016-11-21 14:16:02ID: BB  Data: 00 00 00 AA 09 52 23 5B 
"
"2016-11-21 14:16:02ID: BC  Data: 00 00 00 AA F6 AD DC A5 
"
"2016-11-21 14:16:02ID: BB  Data: 00 00 00 AA 09 50 D2 89 
"
"2016-11-21 14:16:02ID: BC  Data: 00 00 00 AA F6 AF 2D 77 
"
"2016-11-21 14:16:02ID: BB  Data: 00 00 00 AA 09 4F 81 B6 
"
"2016-11-21 14:16:02ID: BC  Data: 00 00 00 AA F6 B0 7E 4A 
"
"2016-11-21 14:16:03ID: BB  Data: 00 00 00 AA 09 4A 3E 6C 
"
"2016-11-21 14:16:03ID: BC  Data: 00 00 00 AA F6 B5 C1 94 
"
"2016-11-21 14:16:03ID: BB  Data: 00 00 00 AA 09 37 D2 E9 
"
"2016-11-21 14:16:03ID: BC  Data: 00 00 00 AA F6 C8 2D 17 
"
"2016-11-21 14:16:03ID: BB  Data: 00 00 00 AA 09 3A 74 8E 
"
"2016-11-21 14:16:03ID: BC  Data: 00 00 00 AA F6 C5 8B 72 
"
"2016-11-21 14:16:03ID: BB  Data: 00 00 00 AA 09 31 3E CC 
"
"2016-11-21 14:16:03ID: BC  Data: 00 00 00 AA F6 CE C1 34 
"
"2016-11-21 14:16:03ID: BB  Data: 00 00 00 AA 09 00 90 5F 
"
"2016-11-21 14:16:03ID: BC  Data: 00 00 00 AA F6 FF 6F A1 
"
"2016-11-21 14:16:03ID: BB  Data: 00 00 00 AA 08 FC 9D E8 
"
"2016-11-21 14:16:03ID: BC  Data: 00 00 00 AA F7 03 62 18 
"
"2016-11-21 14:16:03ID: BB  Data: 00 00 00 AA 09 05 D3 A9 
"
"2016-11-21 14:16:03ID: BC  Data: 00 00 00 AA F6 FA 2C 57 
"
"2016-11-21 14:16:03ID: BB  Data: 00 00 00 AA 08 F6 09 CB 
"
"2016-11-21 14:16:03ID: BC  Data: 00 00 00 AA F7 09 F6 35 
"
"2016-11-21 14:16:03ID: BB  Data: 00 00 00 AA 09 01 E1 32 
"
"2016-11-21 14:16:03ID: BC  Data: 00 00 00 AA F6 FE 1E CE 
"
"2016-11-21 14:16:03ID: BB  Data: 00 00 00 AA 08 EF 75 AE 
"
"2016-11-21 14:16:03ID: BC  Data: 00 00 00 AA F7 10 8A 52 
"
"2016-11-21 14:16:03ID: BB  Data: 00 00 00 AA 09 07 24 7C 
"
"2016-11-21 14:16:03ID: BC  Data: 00 00 00 AA F6 F8 DB 84 
"
"2016-11-21 14:16:04ID: BB  Data: 00 00 00 AA 08 F2 17 53 
"
"2016-11-21 14:16:04ID: BC  Data: 00 00 00 AA F7 0D E8 AD 
"
"2016-11-21 14:16:04ID: BB  Data: 00 00 00 AA 09 05 D3 A9 
"
"2016-11-21 14:16:04ID: BC  Data: 00 00 00 AA F6 FA 2C 57 
"
"2016-11-21 14:16:04ID: BB  Data: 00 00 00 AA 09 0F 09 6B 
"
"2016-11-21 14:16:04ID: BC  Data: 00 00 00 AA F6 F0 F6 95 
"
"2016-11-21 14:16:04ID: BB  Data: 00 00 00 AA 08 F2 17 53 
"
"2016-11-21 14:16:04ID: BC  Data: 00 00 00 AA F7 0D E8 AD 
"
"2016-11-21 14:16:04ID: BB  Data: 00 00 00 AA 09 35 31 44 
"
"2016-11-21 14:16:04ID: BC  Data: 00 00 00 AA F6 CA CE BC 
"
"2016-11-21 14:16:04ID: BB  Data: 00 00 00 AA 09 14 4C B5 
"
"2016-11-21 14:16:04ID: BC  Data: 00 00 00 AA F6 EB B3 4B 
"
"2016-11-21 14:16:04ID: BB  Data: 00 00 00 AA 08 E0 FC A3 
"
"2016-11-21 14:16:04ID: BC  Data: 00 00 00 AA F7 1F 03 5D 
"
"2016-11-21 14:16:04ID: BB  Data: 00 00 00 AA 09 07 24 7C 
"
"2016-11-21 14:16:04ID: BC  Data: 00 00 00 AA F6 F8 DB 84 
"
"2016-11-21 14:16:04ID: BB  Data: 00 00 00 AA 08 E8 E1 92 
"
"2016-11-21 14:16:04ID: BC  Data: 00 00 00 AA F7 17 1E 6E 
"
"2016-11-21 14:16:04ID: BB  Data: 00 00 00 AA 09 21 74 EE 
"
"2016-11-21 14:16:04ID: BC  Data: 00 00 00 AA F6 DE 8B 12 
"
"2016-11-21 14:16:04ID: BB  Data: 00 00 00 AA 09 09 C6 21 
"
"2016-11-21 14:16:04ID: BC  Data: 00 00 00 AA F6 F6 39 DF 
"
"2016-11-21 14:16:05ID: BB  Data: 00 00 00 AA 09 10 5A 3D 
"
"2016-11-21 14:16:05ID: BC  Data: 00 00 00 AA F6 EF A5 C3 
"
"2016-11-21 14:16:05ID: BB  Data: 00 00 00 AA 09 36 82 16 
"
"2016-11-21 14:16:05ID: BC  Data: 00 00 00 AA F6 C9 7D EA 
"
"2016-11-21 14:16:05ID: BB  Data: 00 00 00 AA 09 42 59 7D 
"
"2016-11-21 14:16:05ID: BC  Data: 00 00 00 AA F6 BD A6 83 
"
"2016-11-21 14:16:05ID: BB  Data: 00 00 00 AA 09 3D 16 33 
"
"2016-11-21 14:16:05ID: BC  Data: 00 00 00 AA F6 C2 E9 CD 
"
"2016-11-21 14:16:05ID: BB  Data: 00 00 00 AA 09 4E 30 E4 
"
"2016-11-21 14:16:05ID: BC  Data: 00 00 00 AA F6 B1 CF 1C 
"
"2016-11-21 14:16:05ID: BB  Data: 00 00 00 AA 09 52 23 5B 
"
"2016-11-21 14:16:05ID: BC  Data: 00 00 00 AA F6 AD DC A5 
"
"2016-11-21 14:16:05ID: BB  Data: 00 00 00 AA 09 54 C5 00 
"
"2016-11-21 14:16:05ID: BC  Data: 00 00 00 AA F6 AB 3B 00 
"
"2016-11-21 14:16:05ID: BB  Data: 00 00 00 AA 09 57 66 A5 
"
"2016-11-21 14:16:05ID: BC  Data: 00 00 00 AA F6 A8 99 5B 
"
"2016-11-21 14:16:05ID: BB  Data: 00 00 00 AA 09 58 B7 78 
"
"2016-11-21 14:16:05ID: BC  Data: 00 00 00 AA F6 A7 48 88 
"
"2016-11-21 14:16:05ID: BB  Data: 00 00 00 AA 09 7C 3D AC 
"
"2016-11-21 14:16:05ID: BC  Data: 00 00 00 AA F6 83 C2 54 
"
"2016-11-21 14:16:05ID: BB  Data: 00 00 00 AA 09 9F C3 E0 
"
"2016-11-21 14:16:05ID: BC  Data: 00 00 00 AA F6 60 3C 20 
"
"2016-11-21 14:16:05ID: BB  Data: 00 00 00 AA 09 B2 2F 63 
"
"2016-11-21 14:16:05ID: BC  Data: 00 00 00 AA F6 4D D0 9D 
"
"2016-11-21 14:16:06ID: BB  Data: 00 00 00 AA 09 D8 57 3C 
"
"2016-11-21 14:16:06ID: BC  Data: 00 00 00 AA F6 27 A8 C4 
"
"2016-11-21 14:16:06ID: BB  Data: 00 00 00 AA 09 DD 9A 86 
"
"2016-11-21 14:16:06ID: BC  Data: 00 00 00 AA F6 22 65 7A 
"
"2016-11-21 14:16:06ID: BB  Data: 00 00 00 AA 0A 07 B4 D6 
"
"2016-11-21 14:16:06ID: BC  Data: 00 00 00 AA F5 F8 4B 2A 
"
"2016-11-21 14:16:06ID: BB  Data: 00 00 00 AA 0A 6D 04 28 
"
"2016-11-21 14:16:06ID: BC  Data: 00 00 00 AA F5 92 FB D8 
"
"2016-11-21 14:16:06ID: BB  Data: 00 00 00 AA 0A 8D E8 B7 
"
"2016-11-21 14:16:06ID: BC  Data: 00 00 00 AA F5 72 17 49 
"
"2016-11-21 14:16:06ID: BB  Data: 00 00 00 AA 0A 9B 10 F0 
"
"2016-11-21 14:16:06ID: BC  Data: 00 00 00 AA F5 64 EF 10 
"
"2016-11-21 14:16:06ID: BC  Data: 00 00 00 AA F5 38 33 1A 
"
"2016-11-21 14:16:06ID: BB  Data: 00 00 00 AA 0B 21 44 D1 
"
"2016-11-21 14:16:06ID: BC  Data: 00 00 00 AA F4 DE BB 2F 
"
"2016-11-21 14:16:06ID: BB  Data: 00 00 00 AA 0B 69 A2 0B 
"
"2016-11-21 14:16:06ID: BC  Data: 00 00 00 AA F4 96 5D F5 
"
"2016-11-21 14:16:06ID: BB  Data: 00 00 00 AA 0B 72 D7 CD 
"
"2016-11-21 14:16:06ID: BC  Data: 00 00 00 AA F4 8D 28 33 
"
"2016-11-21 14:16:06ID: BB  Data: 00 00 00 AA 0B 5D CA A5 
"
"2016-11-21 14:16:06ID: BC  Data: 00 00 00 AA F4 A2 35 5B 
"
"2016-11-21 14:16:07ID: BB  Data: 00 00 00 AA 0B 55 E5 B6 
"
"2016-11-21 14:16:07ID: BC  Data: 00 00 00 AA F4 AA 1A 4A 
"
"2016-11-21 14:16:07ID: BB  Data: 00 00 00 AA 0B 54 94 E3 
"
"2016-11-21 14:16:07ID: BC  Data: 00 00 00 AA F4 AB 6B 1D 
"
"2016-11-21 14:16:07ID: BB  Data: 00 00 00 AA 0B 51 F3 3E 
"
"2016-11-21 14:16:07ID: BC  Data: 00 00 00 AA F4 AE 0C C2 
"
"2016-11-21 14:16:07ID: BB  Data: 00 00 00 AA 0B 59 D8 2D 
"
"2016-11-21 14:16:07ID: BC  Data: 00 00 00 AA F4 A6 27 D3 
"
"2016-11-21 14:16:07ID: BB  Data: 00 00 00 AA 0B 67 00 66 
"
"2016-11-21 14:16:07ID: BC  Data: 00 00 00 AA F4 98 FF 9A 
"
"2016-11-21 14:16:07ID: BB  Data: 00 00 00 AA 0B 64 5E C1 
"
"2016-11-21 14:16:07ID: BC  Data: 00 00 00 AA F4 9B A1 3F 
"
"2016-11-21 14:16:07ID: BB  Data: 00 00 00 AA 0B 81 50 D9 
"
"2016-11-21 14:16:07ID: BC  Data: 00 00 00 AA F4 7E AF 27 
"
"2016-11-21 14:16:07ID: BB  Data: 00 00 00 AA 0B 7D 5E 61 
"
"2016-11-21 14:16:07ID: BC  Data: 00 00 00 AA F4 82 A1 9F 
"
"2016-11-21 14:16:07ID: BB  Data: 00 00 00 AA 0B 85 43 50 
"
"2016-11-21 14:16:07ID: BC  Data: 00 00 00 AA F4 7A BC B0 
"
"2016-11-21 14:16:07ID: BB  Data: 00 00 00 AA 0B 82 A1 AB 
"
"2016-11-21 14:16:07ID: BC  Data: 00 00 00 AA F4 7D 5E 55 
"
"2016-11-21 14:16:07ID: BB  Data: 00 00 00 AA 0B 82 A1 AB 
"
"2016-11-21 14:16:07ID: BC  Data: 00 00 00 AA F4 7D 5E 55 
"
"2016-11-21 14:16:07ID: BB  Data: 00 00 00 AA 0B 81 50 D9 
"
"2016-11-21 14:16:08ID: BC  Data: 00 00 00 AA F4 7E AF 27 
"
"2016-11-21 14:16:08ID: BB  Data: 00 00 00 AA 0B 83 F2 7E 
"
"2016-11-21 14:16:08ID: BC  Data: 00 00 00 AA F4 7C 0D 82 
"
"2016-11-21 14:16:08ID: BB  Data: 00 00 00 AA 0B 3C E6 16 
"
"2016-11-21 14:16:08ID: BC  Data: 00 00 00 AA F4 C3 19 EA 
"
"2016-11-21 14:16:08ID: BB  Data: 00 00 00 AA 0B 61 BD 1C 
"
"2016-11-21 14:16:08ID: BC  Data: 00 00 00 AA F4 9E 42 E4 
"
"2016-11-21 14:16:08ID: BB  Data: 00 00 00 AA 0B 5C 79 D2 
"
"2016-11-21 14:16:08ID: BC  Data: 00 00 00 AA F4 A3 86 2E 
"
"2016-11-21 14:16:08ID: BB  Data: 00 00 00 AA 0B 61 BD 1C 
"
"2016-11-21 14:16:08ID: BC  Data: 00 00 00 AA F4 9E 42 E4 
"
"2016-11-21 14:16:08ID: BB  Data: 00 00 00 AA 0B 54 94 E3 
"
"2016-11-21 14:16:08ID: BC  Data: 00 00 00 AA F4 AB 6B 1D 
"
"2016-11-21 14:16:08ID: BB  Data: 00 00 00 AA 0B 5F 1B 77 
"
"2016-11-21 14:16:08ID: BC  Data: 00 00 00 AA F4 A0 E4 89 
"
"2016-11-21 14:16:08ID: BB  Data: 00 00 00 AA 0B 5F 1B 77 
"
"2016-11-21 14:16:08ID: BC  Data: 00 00 00 AA F4 A0 E4 89 
"
"2016-11-21 14:16:08ID: BB  Data: 00 00 00 AA 0B 71 86 FB 
"
"2016-11-21 14:16:08ID: BC  Data: 00 00 00 AA F4 8E 79 05 
"
"2016-11-21 14:16:08ID: BB  Data: 00 00 00 AA 0B 8B D7 6D 
"
"2016-11-21 14:16:08ID: BC  Data: 00 00 00 AA F4 74 28 93 
"
"2016-11-21 14:16:08ID: BB  Data: 00 00 00 AA 0B 95 0D 2E 
"
"2016-11-21 14:16:08ID: BC  Data: 00 00 00 AA F4 6A F2 D2 
"
"2016-11-21 14:16:09ID: BB  Data: 00 00 00 AA 0B E7 F0 FD 
"
"2016-11-21 14:16:09ID: BC  Data: 00 00 00 AA F4 18 0F 03 
"
"2016-11-21 14:16:09ID: BB  Data: 00 00 00 AA 0C 4B EF 7C 
"
"2016-11-21 14:16:09ID: BC  Data: 00 00 00 AA F3 B4 10 84 
"
"2016-11-21 14:16:09ID: BB  Data: 00 00 00 AA 0C 66 3F EF 
"
"2016-11-21 14:16:09ID: BC  Data: 00 00 00 AA F3 99 C0 11 
"
"2016-11-21 14:16:09ID: BB  Data: 00 00 00 AA 0C 5D 0A 2D 
"
"2016-11-21 14:16:09ID: BC  Data: 00 00 00 AA F3 A2 F5 D3 
"
"2016-11-21 14:16:09ID: BB  Data: 00 00 00 AA 0C 56 76 10 
"
"2016-11-21 14:16:09ID: BC  Data: 00 00 00 AA F3 A9 89 F0 
"
"2016-11-21 14:16:09ID: BB  Data: 00 00 00 AA 0C 36 E2 54 
"
"2016-11-21 14:16:09ID: BC  Data: 00 00 00 AA F3 C9 1D AC 
"
"2016-11-21 14:16:09ID: BB  Data: 00 00 00 AA 0C 0B 77 31 
"
"2016-11-21 14:16:09ID: BC  Data: 00 00 00 AA F3 F4 88 CF 
"
"2016-11-21 14:16:09ID: BB  Data: 00 00 00 AA 0B FB AD 53 
"
"2016-11-21 14:16:09ID: BC  Data: 00 00 00 AA F4 04 52 AD 
"
"2016-11-21 14:16:09ID: BB  Data: 00 00 00 AA 0B 9C F2 1E 
"
"2016-11-21 14:16:09ID: BC  Data: 00 00 00 AA F4 63 0D E2 
"
"2016-11-21 14:16:09ID: BB  Data: 00 00 00 AA 0B AF 5D A1 
"
"2016-11-21 14:16:09ID: BC  Data: 00 00 00 AA F4 50 A2 5F 
"
"2016-11-21 14:16:09ID: BB  Data: 00 00 00 AA 0B AC BB FC 
"
"2016-11-21 14:16:09ID: BC  Data: 00 00 00 AA F4 53 44 04 
"
"2016-11-21 14:16:10ID: BB  Data: 00 00 00 AA 0B 9F 93 C3 
"
"2016-11-21 14:16:10ID: BC  Data: 00 00 00 AA F4 60 6C 3D 
"
"2016-11-21 14:16:10ID: BB  Data: 00 00 00 AA 0B 7D 5E 61 
"
"2016-11-21 14:16:10ID: BC  Data: 00 00 00 AA F4 82 A1 9F 
"
"2016-11-21 14:16:10ID: BB  Data: 00 00 00 AA 0B 82 A1 AB 
"
"2016-11-21 14:16:10ID: BC  Data: 00 00 00 AA F4 7D 5E 55 
"
"2016-11-21 14:16:10ID: BB  Data: 00 00 00 AA 0B 35 01 27 
"
"2016-11-21 14:16:10ID: BC  Data: 00 00 00 AA F4 CA FE D9 
"
"2016-11-21 14:16:10ID: BB  Data: 00 00 00 AA 0B 79 6B EA 
"
"2016-11-21 14:16:10ID: BC  Data: 00 00 00 AA F4 86 94 16 
"
"2016-11-21 14:16:10ID: BB  Data: 00 00 00 AA 0B 7A BC BC 
"
"2016-11-21 14:16:10ID: BC  Data: 00 00 00 AA F4 85 43 44 
"
"2016-11-21 14:16:10ID: BB  Data: 00 00 00 AA 0B 6D 94 83 
"
"2016-11-21 14:16:10ID: BC  Data: 00 00 00 AA F4 92 6B 7D 
"
"2016-11-21 14:16:10ID: BB  Data: 00 00 00 AA 0B 53 44 11 
"
"2016-11-21 14:16:10ID: BC  Data: 00 00 00 AA F4 AC BB EF 
"
"2016-11-21 14:16:10ID: BB  Data: 00 00 00 AA 0B 6D 94 83 
"
"2016-11-21 14:16:10ID: BC  Data: 00 00 00 AA F4 92 6B 7D 
"
"2016-11-21 14:16:10ID: BB  Data: 00 00 00 AA 0B 53 44 11 
"
"2016-11-21 14:16:10ID: BC  Data: 00 00 00 AA F4 AC BB EF 
"
"2016-11-21 14:16:10ID: BB  Data: 00 00 00 AA 0B 5B 29 00 
"
"2016-11-21 14:16:10ID: BC  Data: 00 00 00 AA F4 A4 D7 00 
"
"2016-11-21 14:16:10ID: BB  Data: 00 00 00 AA 0B 5B 29 00 
"
"2016-11-21 14:16:10ID: BC  Data: 00 00 00 AA F4 A4 D7 00 
"
"2016-11-21 14:16:11ID: BB  Data: 00 00 00 AA 0B 54 94 E3 
"
"2016-11-21 14:16:11ID: BC  Data: 00 00 00 AA F4 AB 6B 1D 
"
"2016-11-21 14:16:11ID: BB  Data: 00 00 00 AA 0B 50 A2 6C 
"
"2016-11-21 14:16:11ID: BC  Data: 00 00 00 AA F4 AF 5D 94 
"
"2016-11-21 14:16:11ID: BB  Data: 00 00 00 AA 0B 5C 79 D2 
"
"2016-11-21 14:16:11ID: BC  Data: 00 00 00 AA F4 A3 86 2E 
"
"2016-11-21 14:16:11ID: BB  Data: 00 00 00 AA 0B 35 01 27 
"
"2016-11-21 14:16:11ID: BC  Data: 00 00 00 AA F4 CA FE D9 
"
"2016-11-21 14:16:11ID: BB  Data: 00 00 00 AA 0B 5F 1B 77 
"
"2016-11-21 14:16:11ID: BC  Data: 00 00 00 AA F4 A0 E4 89 
"
"2016-11-21 14:16:11ID: BB  Data: 00 00 00 AA 0B 4A 0E 4F 
"
"2016-11-21 14:16:11ID: BC  Data: 00 00 00 AA F4 B5 F1 B1 
"
"2016-11-21 14:16:11ID: BB  Data: 00 00 00 AA 0B 5B 29 00 
"
"2016-11-21 14:16:11ID: BC  Data: 00 00 00 AA F4 A4 D7 00 
"
"2016-11-21 14:16:11ID: BB  Data: 00 00 00 AA 0B 55 E5 B6 
"
"2016-11-21 14:16:11ID: BC  Data: 00 00 00 AA F4 AA 1A 4A 
"
"2016-11-21 14:16:11ID: BB  Data: 00 00 00 AA 0B 53 44 11 
"
"2016-11-21 14:16:11ID: BC  Data: 00 00 00 AA F4 AC BB EF 
"
"2016-11-21 14:16:11ID: BB  Data: 00 00 00 AA 0B 4F 51 99 
"
"2016-11-21 14:16:11ID: BC  Data: 00 00 00 AA F4 B0 AE 67 
"
"2016-11-21 14:16:11ID: BB  Data: 00 00 00 AA 0B 50 A2 6C 
"
"2016-11-21 14:16:11ID: BC  Data: 00 00 00 AA F4 AF 5D 94 
"
"2016-11-21 14:16:12ID: BB  Data: 00 00 00 AA 0B 4E 00 C7 
"
"2016-11-21 14:16:12ID: BC  Data: 00 00 00 AA F4 B1 FF 39 
"
"2016-11-21 14:16:12ID: BB  Data: 00 00 00 AA 0B 44 CB 05 
"
"2016-11-21 14:16:12ID: BC  Data: 00 00 00 AA F4 BB 34 FB 
"
"2016-11-21 14:16:12ID: BB  Data: 00 00 00 AA 0B 47 6C AA 
"
"2016-11-21 14:16:12ID: BC  Data: 00 00 00 AA F4 B8 93 56 
"
"2016-11-21 14:16:12ID: BB  Data: 00 00 00 AA 0B 3B 95 43 
"
"2016-11-21 14:16:12ID: BC  Data: 00 00 00 AA F4 C4 6A BD 
"
"2016-11-21 14:16:12ID: BB  Data: 00 00 00 AA 0B 47 6C AA 
"
"2016-11-21 14:16:12ID: BC  Data: 00 00 00 AA F4 B8 93 56 
"
"2016-11-21 14:16:12ID: BB  Data: 00 00 00 AA 0B 3C E6 16 
"
"2016-11-21 14:16:12ID: BC  Data: 00 00 00 AA F4 C3 19 EA 
"
"2016-11-21 14:16:12ID: BB  Data: 00 00 00 AA 0B 3A 44 71 
"
"2016-11-21 14:16:12ID: BC  Data: 00 00 00 AA F4 C5 BB 8F 
"
"2016-11-21 14:16:12ID: BB  Data: 00 00 00 AA 0B 44 CB 05 
"
"2016-11-21 14:16:12ID: BC  Data: 00 00 00 AA F4 BB 34 FB 
"
"2016-11-21 14:16:12ID: BB  Data: 00 00 00 AA 0B 31 0E AF 
"
"2016-11-21 14:16:12ID: BC  Data: 00 00 00 AA F4 CE F1 51 
"
"2016-11-21 14:16:12ID: BB  Data: 00 00 00 AA 0B 3C E6 16 
"
"2016-11-21 14:16:12ID: BC  Data: 00 00 00 AA F4 C3 19 EA 
"
"2016-11-21 14:16:12ID: BB  Data: 00 00 00 AA 0B 21 44 D1 
"
"2016-11-21 14:16:12ID: BC  Data: 00 00 00 AA F4 DE BB 2F 
"
"2016-11-21 14:16:13ID: BB  Data: 00 00 00 AA 0B 1D 52 59 
"
"2016-11-21 14:16:13ID: BC  Data: 00 00 00 AA F4 E2 AD A7 
"
"2016-11-21 14:16:13ID: BB  Data: 00 00 00 AA 0B 2D 1C 38 
"
"2016-11-21 14:16:13ID: BC  Data: 00 00 00 AA F4 D2 E3 C8 
"
"2016-11-21 14:16:13ID: BB  Data: 00 00 00 AA 0B 2D 1C 38 
"
"2016-11-21 14:16:13ID: BC  Data: 00 00 00 AA F4 D2 E3 C8 
"
"2016-11-21 14:16:13ID: BB  Data: 00 00 00 AA 0B 10 2A 20 
"
"2016-11-21 14:16:13ID: BC  Data: 00 00 00 AA F4 EF D5 E0 
"
"2016-11-21 14:16:13ID: BB  Data: 00 00 00 AA 0B 2D 1C 38 
"
"2016-11-21 14:16:13ID: BC  Data: 00 00 00 AA F4 D2 E3 C8 
"
"2016-11-21 14:16:13ID: BB  Data: 00 00 00 AA 0B 12 CB C5 
"
"2016-11-21 14:16:13ID: BC  Data: 00 00 00 AA F4 ED 34 3B 
"
"2016-11-21 14:16:13ID: BB  Data: 00 00 00 AA 0B 19 5F E2 
"
"2016-11-21 14:16:13ID: BC  Data: 00 00 00 AA F4 E6 A0 1E 
"
"2016-11-21 14:16:13ID: BB  Data: 00 00 00 AA 0B 0A E6 D6 
"
"2016-11-21 14:16:13ID: BC  Data: 00 00 00 AA F4 F5 19 2A 
"
"2016-11-21 14:16:13ID: BB  Data: 00 00 00 AA 0B 16 BE 3D 
"
"2016-11-21 14:16:13ID: BC  Data: 00 00 00 AA F4 E9 41 C3 
"
"2016-11-21 14:16:13ID: BB  Data: 00 00 00 AA 0B 0D 88 7B 
"
"2016-11-21 14:16:13ID: BC  Data: 00 00 00 AA F4 F2 77 85 
"
"2016-11-21 14:16:13ID: BB  Data: 00 00 00 AA 0A FC 6D CB 
"
"2016-11-21 14:16:13ID: BC  Data: 00 00 00 AA F5 03 92 35 
"
"2016-11-21 14:16:13ID: BB  Data: 00 00 00 AA 0A EA 02 47 
"
"2016-11-21 14:16:13ID: BC  Data: 00 00 00 AA F5 15 FD B9 
"
"2016-11-21 14:16:14ID: BB  Data: 00 00 00 AA 0A EA 02 47 
"
"2016-11-21 14:16:14ID: BC  Data: 00 00 00 AA F5 15 FD B9 
"
"2016-11-21 14:16:14ID: BB  Data: 00 00 00 AA 0A E2 1D 58 
"
"2016-11-21 14:16:14ID: BC  Data: 00 00 00 AA F5 1D E2 A8 
"
"2016-11-21 14:16:14ID: BB  Data: 00 00 00 AA 0A E7 60 A2 
"
"2016-11-21 14:16:14ID: BC  Data: 00 00 00 AA F5 18 9F 5E 
"
"2016-11-21 14:16:14ID: BB  Data: 00 00 00 AA 0A D7 96 C4 
"
"2016-11-21 14:16:14ID: BC  Data: 00 00 00 AA F5 28 69 3C 
"
"2016-11-21 14:16:14ID: BB  Data: 00 00 00 AA 0A D8 E7 97 
"
"2016-11-21 14:16:14ID: BC  Data: 00 00 00 AA F5 27 18 69 
"
"2016-11-21 14:16:14ID: BB  Data: 00 00 00 AA 0A D2 53 7A 
"
"2016-11-21 14:16:14ID: BC  Data: 00 00 00 AA F5 2D AC 86 
"
"2016-11-21 14:16:14ID: BB  Data: 00 00 00 AA 0A D3 A4 4D 
"
"2016-11-21 14:16:14ID: BC  Data: 00 00 00 AA F5 2C 5B B3 
"
"2016-11-21 14:16:14ID: BB  Data: 00 00 00 AA 0A CF B1 D5 
"
"2016-11-21 14:16:14ID: BC  Data: 00 00 00 AA F5 30 4E 2B 
"
"2016-11-21 14:16:14ID: BB  Data: 00 00 00 AA 0A C9 1D B8 
"
"2016-11-21 14:16:14ID: BC  Data: 00 00 00 AA F5 36 E2 48 
"
"2016-11-21 14:16:14ID: BB  Data: 00 00 00 AA 0A CD 10 30 
"
"2016-11-21 14:16:14ID: BC  Data: 00 00 00 AA F5 32 EF D0 
"
"2016-11-21 14:16:14ID: BB  Data: 00 00 00 AA 0A BE 97 24 
"
"2016-11-21 14:16:14ID: BC  Data: 00 00 00 AA F5 41 68 DC 
"
"2016-11-21 14:16:15ID: BB  Data: 00 00 00 AA 0A CB BF 5D 
"
"2016-11-21 14:16:15ID: BC  Data: 00 00 00 AA F5 34 40 A3 
"
"2016-11-21 14:16:15ID: BB  Data: 00 00 00 AA 0A C2 89 9C 
"
"2016-11-21 14:16:15ID: BC  Data: 00 00 00 AA F5 3D 76 64 
"
"2016-11-21 14:16:15ID: BB  Data: 00 00 00 AA 0A C6 7C 13 
"
"2016-11-21 14:16:15ID: BC  Data: 00 00 00 AA F5 39 83 ED 
"
"2016-11-21 14:16:15ID: BB  Data: 00 00 00 AA 0A C7 CC E6 
"
"2016-11-21 14:16:15ID: BC  Data: 00 00 00 AA F5 38 33 1A 
"
"2016-11-21 14:16:15ID: BB  Data: 00 00 00 AA 0A C3 DA 6E 
"
"2016-11-21 14:16:15ID: BC  Data: 00 00 00 AA F5 3C 25 92 
"
"2016-11-21 14:16:15ID: BB  Data: 00 00 00 AA 0A C5 2B 41 
"
"2016-11-21 14:16:15ID: BC  Data: 00 00 00 AA F5 3A D4 BF 
"
"2016-11-21 14:16:15ID: BB  Data: 00 00 00 AA 0A C6 7C 13 
"
"2016-11-21 14:16:15ID: BC  Data: 00 00 00 AA F5 39 83 ED 
"
"2016-11-21 14:16:15ID: BB  Data: 00 00 00 AA 0A B1 6E EB 
"
"2016-11-21 14:16:15ID: BC  Data: 00 00 00 AA F5 4E 91 15 
"
"2016-11-21 14:16:15ID: BB  Data: 00 00 00 AA 0A BE 97 24 
"
"2016-11-21 14:16:15ID: BC  Data: 00 00 00 AA F5 41 68 DC 
"
"2016-11-21 14:16:15ID: BB  Data: 00 00 00 AA 0A BD 46 52 
"
"2016-11-21 14:16:15ID: BC  Data: 00 00 00 AA F5 42 B9 AE 
"
"2016-11-21 14:16:15ID: BB  Data: 00 00 00 AA 0A B5 61 63 
"
"2016-11-21 14:16:15ID: BC  Data: 00 00 00 AA F5 4A 9E 9D 
"
"2016-11-21 14:16:15ID: BB  Data: 00 00 00 AA 0A C5 2B 41 
"
"2016-11-21 14:16:16ID: BC  Data: 00 00 00 AA F5 3A D4 BF 
"
"2016-11-21 14:16:16ID: BB  Data: 00 00 00 AA 0A BD 46 52 
"
"2016-11-21 14:16:16ID: BC  Data: 00 00 00 AA F5 42 B9 AE 
"
"2016-11-21 14:16:16ID: BB  Data: 00 00 00 AA 0A BF E7 F7 
"
"2016-11-21 14:16:16ID: BC  Data: 00 00 00 AA F5 40 18 09 
"
"2016-11-21 14:16:16ID: BB  Data: 00 00 00 AA 0A BF E7 F7 
"
"2016-11-21 14:16:16ID: BC  Data: 00 00 00 AA F5 40 18 09 
"
"2016-11-21 14:16:16ID: BB  Data: 00 00 00 AA 0A C6 7C 13 
"
"2016-11-21 14:16:16ID: BC  Data: 00 00 00 AA F5 39 83 ED 
"
"2016-11-21 14:16:16ID: BB  Data: 00 00 00 AA 0A B4 10 90 
"
"2016-11-21 14:16:16ID: BC  Data: 00 00 00 AA F5 4B EF 70 
"
"2016-11-21 14:16:16ID: BB  Data: 00 00 00 AA 0A C3 DA 6E 
"
"2016-11-21 14:16:16ID: BC  Data: 00 00 00 AA F5 3C 25 92 
"
"2016-11-21 14:16:16ID: BB  Data: 00 00 00 AA 0A BD 46 52 
"
"2016-11-21 14:16:16ID: BC  Data: 00 00 00 AA F5 42 B9 AE 
"
"2016-11-21 14:16:16ID: BB  Data: 00 00 00 AA 0A B8 03 08 
"
"2016-11-21 14:16:16ID: BC  Data: 00 00 00 AA F5 47 FC F8 
"
"2016-11-21 14:16:16ID: BB  Data: 00 00 00 AA 0A B5 61 63 
"
"2016-11-21 14:16:16ID: BC  Data: 00 00 00 AA F5 4A 9E 9D 
"
"2016-11-21 14:16:16ID: BB  Data: 00 00 00 AA 0A B5 61 63 
"
"2016-11-21 14:16:16ID: BC  Data: 00 00 00 AA F5 4A 9E 9D 
"
"2016-11-21 14:16:16ID: BB  Data: 00 00 00 AA 0A AE CD 46 
"
"2016-11-21 14:16:16ID: BC  Data: 00 00 00 AA F5 51 32 BA 
"
"2016-11-21 14:16:17ID: BB  Data: 00 00 00 AA 0A AD 7C 74 
"
"2016-11-21 14:16:17ID: BC  Data: 00 00 00 AA F5 52 83 8C 
"
"2016-11-21 14:16:17ID: BB  Data: 00 00 00 AA 0A A0 54 3A 
"
"2016-11-21 14:16:17ID: BC  Data: 00 00 00 AA F5 5F AB C6 
"
"2016-11-21 14:16:17ID: BB  Data: 00 00 00 AA 0A 9B 10 F0 
"
"2016-11-21 14:16:17ID: BC  Data: 00 00 00 AA F5 64 EF 10 
"
"2016-11-21 14:16:17ID: BB  Data: 00 00 00 AA 0A 84 B2 F6 
"
"2016-11-21 14:16:17ID: BC  Data: 00 00 00 AA F5 7B 4D 0A 
"
"2016-11-21 14:16:17ID: BB  Data: 00 00 00 AA 0A 72 47 72 
"
"2016-11-21 14:16:17ID: BC  Data: 00 00 00 AA F5 8D B8 8E 
"
"2016-11-21 14:16:17ID: BB  Data: 00 00 00 AA 0A 41 99 05 
"
"2016-11-21 14:16:17ID: BC  Data: 00 00 00 AA F5 BE 66 FB 
"
"2016-11-21 14:16:17ID: BB  Data: 00 00 00 AA 09 E1 8C FD 
"
"2016-11-21 14:16:17ID: BC  Data: 00 00 00 AA F6 1E 73 03 
"
"2016-11-21 14:16:17ID: BB  Data: 00 00 00 AA 09 AE 3C EB 
"
"2016-11-21 14:16:17ID: BC  Data: 00 00 00 AA F6 51 C3 15 
"
"2016-11-21 14:16:17ID: BB  Data: 00 00 00 AA 09 C1 F9 41 
"
"2016-11-21 14:16:17ID: BC  Data: 00 00 00 AA F6 3E 06 BF 
"
"2016-11-21 14:16:17ID: BB  Data: 00 00 00 AA 09 C0 A8 6F 
"
"2016-11-21 14:16:17ID: BC  Data: 00 00 00 AA F6 3F 57 91 
"
"2016-11-21 14:16:17ID: BB  Data: 00 00 00 AA 09 C8 8D 5E 
"
"2016-11-21 14:16:17ID: BC  Data: 00 00 00 AA F6 37 72 A2 
"
"2016-11-21 14:16:18ID: BB  Data: 00 00 00 AA 09 B8 C3 7F 
"
"2016-11-21 14:16:18ID: BC  Data: 00 00 00 AA F6 47 3C 81 
"
"2016-11-21 14:16:18ID: BB  Data: 00 00 00 AA 09 B8 C3 7F 
"
"2016-11-21 14:16:18ID: BC  Data: 00 00 00 AA F6 47 3C 81 
"
"2016-11-21 14:16:18ID: BB  Data: 00 00 00 AA 09 11 AB 10 
"
"2016-11-21 14:16:18ID: BC  Data: 00 00 00 AA F6 EE 54 F0 
"
"2016-11-21 14:16:18ID: BB  Data: 00 00 00 AA 08 6E 85 18 
"
"2016-11-21 14:16:18ID: BC  Data: 00 00 00 AA F7 91 7A E8 
"
"2016-11-21 14:16:18ID: BB  Data: 00 00 00 AA 08 7A 5C 7E 
"
"2016-11-21 14:16:18ID: BC  Data: 00 00 00 AA F7 85 A3 82 
"
"2016-11-21 14:16:18ID: BB  Data: 00 00 00 AA 07 AF BD DB 
"
"2016-11-21 14:16:18ID: BC  Data: 00 00 00 AA F8 50 42 25 
"
"2016-11-21 14:16:18ID: BB  Data: 00 00 00 AA 07 7D BE 9B 
"
"2016-11-21 14:16:18ID: BC  Data: 00 00 00 AA F8 82 41 65 
"
"2016-11-21 14:16:18ID: BB  Data: 00 00 00 AA 07 79 CC 24 
"
"2016-11-21 14:16:18ID: BC  Data: 00 00 00 AA F8 86 33 DC 
"
"2016-11-21 14:16:18ID: BB  Data: 00 00 00 AA 07 7F 0F 6E 
"
"2016-11-21 14:16:18ID: BC  Data: 00 00 00 AA F8 80 F0 92 
"
"2016-11-21 14:16:18ID: BB  Data: 00 00 00 AA 07 80 60 40 
"
"2016-11-21 14:16:18ID: BC  Data: 00 00 00 AA F8 7F 9F C0 
"
"2016-11-21 14:16:18ID: BB  Data: 00 00 00 AA 07 6C A3 EA 
"
"2016-11-21 14:16:18ID: BC  Data: 00 00 00 AA F8 93 5C 16 
"
"2016-11-21 14:16:18ID: BB  Data: 00 00 00 AA 07 02 11 4F 
"
"2016-11-21 14:16:18ID: BC  Data: 00 00 00 AA F8 FD EE B1 
"
"2016-11-21 14:16:19ID: BB  Data: 00 00 00 AA 03 90 8A 58 
"
"2016-11-21 14:16:19ID: BC  Data: 00 00 00 AA FC 6F 75 A8 
"
"2016-11-21 14:16:19ID: BB  Data: 00 00 00 AA 00 00 00 00 
"
"2016-11-21 14:16:19ID: BC  Data: 00 00 00 AA 00 00 00 00 
"
"2016-11-21 14:16:19ID: BB  Data: 00 00 00 AA 00 00 00 00 
"
"2016-11-21 14:16:19ID: BC  Data: 00 00 00 AA 00 00 00 00 
"
"2016-11-21 14:16:19ID: BB  Data: 00 00 00 AA 00 00 00 00 
"
"2016-11-21 14:16:19ID: BC  Data: 00 00 00 AA 00 00 00 00 
"
"2016-11-21 14:16:19ID: BB  Data: 00 00 00 AA 00 00 00 00 
"
"2016-11-21 14:16:19ID: BC  Data: 00 00 00 AA 00 00 00 00 
"
"2016-11-21 14:16:19ID: BB  Data: 00 00 00 AA 00 00 00 00 
"
"2016-11-21 14:16:19ID: BC  Data: 00 00 00 AA 00 00 00 00 
"
"2016-11-21 14:16:19ID: BB  Data: 00 00 00 AA 00 00 00 00 
"
"2016-11-21 14:16:19ID: BC  Data: 00 00 00 AA 00 00 00 00 
"
"2016-11-21 14:16:19ID: BB  Data: 00 00 00 AA 00 00 00 00 
"
"2016-11-21 14:16:19ID: BC  Data: 00 00 00 AA 00 00 00 00 
"
"2016-11-21 14:16:19ID: BB  Data: 00 00 00 AA 01 BA D4 C6 
"
"2016-11-21 14:16:19ID: BC  Data: 00 00 00 AA FE 43 DA 68 
"
"2016-11-21 14:16:19ID: BB  Data: 00 00 00 AA 03 05 13 2E 
"
"2016-11-21 14:16:19ID: BC  Data: 00 00 00 AA FC FA EC D2 
"
"2016-11-21 14:16:19ID: BB  Data: 00 00 00 AA 03 88 A5 69 
"
"2016-11-21 14:16:19ID: BC  Data: 00 00 00 AA FC 77 5A 97 
"
"2016-11-21 14:16:20ID: BB  Data: 00 00 00 AA 04 1D 52 56 
"
"2016-11-21 14:16:20ID: BC  Data: 00 00 00 AA FB E2 AD AA 
"
"2016-11-21 14:16:20ID: BB  Data: 00 00 00 AA 04 4C AF F0 
"
"2016-11-21 14:16:20ID: BC  Data: 00 00 00 AA FB B3 50 10 
"
"2016-11-21 14:16:20ID: BB  Data: 00 00 00 AA 04 6E E5 52 
"
"2016-11-21 14:16:20ID: BC  Data: 00 00 00 AA FB 91 1A AE 
"
"2016-11-21 14:16:20ID: BB  Data: 00 00 00 AA 04 A4 D7 09 
"
"2016-11-21 14:16:20ID: BC  Data: 00 00 00 AA FB 5B 28 F7 
"
"2016-11-21 14:16:20ID: BB  Data: 00 00 00 AA 04 B4 A0 E7 
"
"2016-11-21 14:16:20ID: BC  Data: 00 00 00 AA FB 4B 5F 19 
"
"2016-11-21 14:16:20ID: BB  Data: 00 00 00 AA 04 A0 E4 91 
"
"2016-11-21 14:16:20ID: BC  Data: 00 00 00 AA FB 5F 1B 6F 
"
"2016-11-21 14:16:20ID: BB  Data: 00 00 00 AA 04 AC BB F8 
"
"2016-11-21 14:16:20ID: BC  Data: 00 00 00 AA FB 53 44 08 
"
"2016-11-21 14:16:20ID: BB  Data: 00 00 00 AA 04 B1 FF 42 
"
"2016-11-21 14:16:20ID: BC  Data: 00 00 00 AA FB 4E 00 BE 
"
"2016-11-21 14:16:20ID: BB  Data: 00 00 00 AA 04 BF 27 7B 
"
"2016-11-21 14:16:20ID: BC  Data: 00 00 00 AA FB 40 D8 85 
"
"2016-11-21 14:16:20ID: BB  Data: 00 00 00 AA 04 E6 A0 27 
"
"2016-11-21 14:16:20ID: BC  Data: 00 00 00 AA FB 19 5F D9 
"
"2016-11-21 14:16:20ID: BB  Data: 00 00 00 AA 05 44 0A 89 
"
"2016-11-21 14:16:20ID: BC  Data: 00 00 00 AA FA BB F5 77 
"
"2016-11-21 14:16:21ID: BB  Data: 00 00 00 AA 05 45 5B 5C 
"
"2016-11-21 14:16:21ID: BC  Data: 00 00 00 AA FA BA A4 A4 
"
"2016-11-21 14:16:21ID: BB  Data: 00 00 00 AA 05 EB 22 F9 
"
"2016-11-21 14:16:21ID: BC  Data: 00 00 00 AA FA 14 DD 07 
"
"2016-11-21 14:16:21ID: BB  Data: 00 00 00 AA 06 08 15 10 
"
"2016-11-21 14:16:21ID: BC  Data: 00 00 00 AA F9 F7 EA F0 
"
"2016-11-21 14:16:21ID: BB  Data: 00 00 00 AA 06 09 65 E3 
"
"2016-11-21 14:16:21ID: BC  Data: 00 00 00 AA F9 F6 9A 1D 
"
"2016-11-21 14:16:21ID: BB  Data: 00 00 00 AA 05 F0 66 43 
"
"2016-11-21 14:16:21ID: BC  Data: 00 00 00 AA FA 0F 99 BD 
"
"2016-11-21 14:16:21ID: BB  Data: 00 00 00 AA 05 F9 9C 05 
"
"2016-11-21 14:16:21ID: BC  Data: 00 00 00 AA FA 06 63 FB 
"
"2016-11-21 14:16:21ID: BB  Data: 00 00 00 AA 06 06 C4 3E 
"
"2016-11-21 14:16:21ID: BC  Data: 00 00 00 AA F9 F9 3B C2 
"
"2016-11-21 14:16:21ID: BB  Data: 00 00 00 AA 06 13 EC 77 
"
"2016-11-21 14:16:21ID: BC  Data: 00 00 00 AA F9 EC 13 89 
"
"2016-11-21 14:16:21ID: BB  Data: 00 00 00 AA 06 0F FA 00 
"
"2016-11-21 14:16:21ID: BC  Data: 00 00 00 AA F9 F0 06 00 
"
"2016-11-21 14:16:21ID: BB  Data: 00 00 00 AA 06 13 EC 77 
"
"2016-11-21 14:16:21ID: BC  Data: 00 00 00 AA F9 EC 13 89 
"
"2016-11-21 14:16:21ID: BB  Data: 00 00 00 AA 06 28 F9 9F 
"
"2016-11-21 14:16:21ID: BC  Data: 00 00 00 AA F9 D7 06 61 
"
"2016-11-21 14:16:21ID: BB  Data: 00 00 00 AA 06 26 57 FA 
"
"2016-11-21 14:16:21ID: BC  Data: 00 00 00 AA F9 D9 A8 06 
"
"2016-11-21 14:16:22ID: BB  Data: 00 00 00 AA 06 23 B6 55 
"
"2016-11-21 14:16:22ID: BC  Data: 00 00 00 AA F9 DC 49 AB 
"
"2016-11-21 14:16:22ID: BB  Data: 00 00 00 AA 06 1D 22 39 
"
"2016-11-21 14:16:22ID: BC  Data: 00 00 00 AA F9 E2 DD C7 
"
"2016-11-21 14:16:22ID: BB  Data: 00 00 00 AA 06 11 4A D2 
"
"2016-11-21 14:16:22ID: BC  Data: 00 00 00 AA F9 EE B5 2E 
"
"2016-11-21 14:16:22ID: BB  Data: 00 00 00 AA 06 1F C3 DE 
"
"2016-11-21 14:16:22ID: BC  Data: 00 00 00 AA F9 E0 3C 22 
"
"2016-11-21 14:16:22ID: BB  Data: 00 00 00 AA 06 2F 8D BC 
"
"2016-11-21 14:16:22ID: BC  Data: 00 00 00 AA F9 D0 72 44 
"
"2016-11-21 14:16:22ID: BB  Data: 00 00 00 AA 06 83 C2 5D 
"
"2016-11-21 14:16:22ID: BC  Data: 00 00 00 AA F9 7C 3D A3 
"
"2016-11-21 14:16:22ID: BB  Data: 00 00 00 AA 07 B6 51 F7 
"
"2016-11-21 14:16:22ID: BC  Data: 00 00 00 AA F8 49 AE 09 
"
"2016-11-21 14:16:22ID: BB  Data: 00 00 00 AA 08 22 35 66 
"
"2016-11-21 14:16:22ID: BC  Data: 00 00 00 AA F7 DD CA 9A 
"
"2016-11-21 14:16:22ID: BB  Data: 00 00 00 AA 08 31 FF 44 
"
"2016-11-21 14:16:22ID: BC  Data: 00 00 00 AA F7 CE 00 BC 
"
"2016-11-21 14:16:22ID: BB  Data: 00 00 00 AA 08 47 0C 6C 
"
"2016-11-21 14:16:22ID: BC  Data: 00 00 00 AA F7 B8 F3 94 
"
"2016-11-21 14:16:22ID: BB  Data: 00 00 00 AA 08 50 42 2E 
"
"2016-11-21 14:16:22ID: BC  Data: 00 00 00 AA F7 AF BD D2 
"
"2016-11-21 14:16:23ID: BB  Data: 00 00 00 AA 08 72 77 8F 
"
"2016-11-21 14:16:23ID: BC  Data: 00 00 00 AA F7 8D 88 71 
"
"2016-11-21 14:16:23ID: BB  Data: 00 00 00 AA 08 72 77 8F 
"
"2016-11-21 14:16:23ID: BC  Data: 00 00 00 AA F7 8D 88 71 
"
"2016-11-21 14:16:23ID: BB  Data: 00 00 00 AA 08 6E 85 18 
"
"2016-11-21 14:16:23ID: BC  Data: 00 00 00 AA F7 91 7A E8 
"
"2016-11-21 14:16:23ID: BB  Data: 00 00 00 AA 08 87 84 B8 
"
"2016-11-21 14:16:23ID: BC  Data: 00 00 00 AA F7 78 7B 48 
"
"2016-11-21 14:16:23ID: BB  Data: 00 00 00 AA 08 A8 69 46 
"
"2016-11-21 14:16:23ID: BC  Data: 00 00 00 AA F7 57 96 BA 
"
"2016-11-21 14:16:23ID: BB  Data: 00 00 00 AA 08 F0 C6 81 
"
"2016-11-21 14:16:23ID: BC  Data: 00 00 00 AA F7 0F 39 7F 
"
"2016-11-21 14:16:23ID: BB  Data: 00 00 00 AA 09 29 59 DD 
"
"2016-11-21 14:16:23ID: BC  Data: 00 00 00 AA F6 D6 A6 23 
"
"2016-11-21 14:16:23ID: BB  Data: 00 00 00 AA 09 52 23 5B 
"
"2016-11-21 14:16:23ID: BC  Data: 00 00 00 AA F6 AD DC A5 
"
"2016-11-21 14:16:23ID: BB  Data: 00 00 00 AA 09 57 66 A5 
"
"2016-11-21 14:16:23ID: BC  Data: 00 00 00 AA F6 A8 99 5B 
"
"2016-11-21 14:16:23ID: BB  Data: 00 00 00 AA 09 61 ED 39 
"
"2016-11-21 14:16:23ID: BC  Data: 00 00 00 AA F6 9E 12 C7 
"
"2016-11-21 14:16:23ID: BB  Data: 00 00 00 AA 09 56 15 D3 
"
"2016-11-21 14:16:23ID: BC  Data: 00 00 00 AA F6 A9 EA 2D 
"
"2016-11-21 14:16:23ID: BB  Data: 00 00 00 AA 09 68 81 56 
"
"2016-11-21 14:16:24ID: BC  Data: 00 00 00 AA F6 97 7E AA 
"
"2016-11-21 14:16:24ID: BB  Data: 00 00 00 AA 09 5B 59 1D 
"
"2016-11-21 14:16:24ID: BC  Data: 00 00 00 AA F6 A4 A6 E3 
"
"2016-11-21 14:16:24ID: BB  Data: 00 00 00 AA 09 58 B7 78 
"
"2016-11-21 14:16:24ID: BC  Data: 00 00 00 AA F6 A7 48 88 
"
"2016-11-21 14:16:24ID: BB  Data: 00 00 00 AA 09 58 B7 78 
"
"2016-11-21 14:16:24ID: BC  Data: 00 00 00 AA F6 A7 48 88 
"
"2016-11-21 14:16:24ID: BB  Data: 00 00 00 AA 09 54 C5 00 
"
"2016-11-21 14:16:24ID: BC  Data: 00 00 00 AA F6 AB 3B 00 
"
"2016-11-21 14:16:24ID: BB  Data: 00 00 00 AA 09 54 C5 00 
"
"2016-11-21 14:16:24ID: BC  Data: 00 00 00 AA F6 AB 3B 00 
"
"2016-11-21 14:16:24ID: BB  Data: 00 00 00 AA 09 5C A9 EF 
"
"2016-11-21 14:16:24ID: BC  Data: 00 00 00 AA F6 A3 56 11 
"
"2016-11-21 14:16:24ID: BB  Data: 00 00 00 AA 09 48 ED 9A 
"
"2016-11-21 14:16:24ID: BC  Data: 00 00 00 AA F6 B7 12 66 
"
"2016-11-21 14:16:24ID: BB  Data: 00 00 00 AA 09 4C E0 11 
"
"2016-11-21 14:16:24ID: BC  Data: 00 00 00 AA F6 B3 1F EF 
"
"2016-11-21 14:16:24ID: BB  Data: 00 00 00 AA 09 4E 30 E4 
"
"2016-11-21 14:16:24ID: BC  Data: 00 00 00 AA F6 B1 CF 1C 
"
"2016-11-21 14:16:24ID: BB  Data: 00 00 00 AA 09 41 08 AA 
"
"2016-11-21 14:16:24ID: BC  Data: 00 00 00 AA F6 BE F7 56 
"
"2016-11-21 14:16:24ID: BB  Data: 00 00 00 AA 09 41 08 AA 
"
"2016-11-21 14:16:24ID: BC  Data: 00 00 00 AA F6 BE F7 56 
"
"2016-11-21 14:16:25ID: BB  Data: 00 00 00 AA 09 65 DF B1 
"
"2016-11-21 14:16:25ID: BC  Data: 00 00 00 AA F6 9A 20 4F 
"
"2016-11-21 14:16:25ID: BB  Data: 00 00 00 AA 09 4C E0 11 
"
"2016-11-21 14:16:25ID: BC  Data: 00 00 00 AA F6 B3 1F EF 
"
"2016-11-21 14:16:25ID: BB  Data: 00 00 00 AA 09 5B 59 1D 
"
"2016-11-21 14:16:25ID: BC  Data: 00 00 00 AA F6 A4 A6 E3 
"
"2016-11-21 14:16:25ID: BB  Data: 00 00 00 AA 09 65 DF B1 
"
"2016-11-21 14:16:25ID: BC  Data: 00 00 00 AA F6 9A 20 4F 
"
"2016-11-21 14:16:25ID: BB  Data: 00 00 00 AA 09 52 23 5B 
"
"2016-11-21 14:16:25ID: BC  Data: 00 00 00 AA F6 AD DC A5 
"
"2016-11-21 14:16:25ID: BB  Data: 00 00 00 AA 09 61 ED 39 
"
"2016-11-21 14:16:25ID: BC  Data: 00 00 00 AA F6 9E 12 C7 
"
"2016-11-21 14:16:25ID: BB  Data: 00 00 00 AA 09 5A 08 4A 
"
"2016-11-21 14:16:25ID: BC  Data: 00 00 00 AA F6 A5 F7 B6 
"
"2016-11-21 14:16:25ID: BB  Data: 00 00 00 AA 09 4B 8F 3F 
"
"2016-11-21 14:16:25ID: BC  Data: 00 00 00 AA F6 B4 70 C1 
"
"2016-11-21 14:16:25ID: BB  Data: 00 00 00 AA 09 68 81 56 
"
"2016-11-21 14:16:25ID: BC  Data: 00 00 00 AA F6 97 7E AA 
"
"2016-11-21 14:16:25ID: BB  Data: 00 00 00 AA 09 50 D2 89 
"
"2016-11-21 14:16:25ID: BC  Data: 00 00 00 AA F6 AF 2D 77 
"
"2016-11-21 14:16:25ID: BB  Data: 00 00 00 AA 09 3A 74 8E 
"
"2016-11-21 14:16:25ID: BC  Data: 00 00 00 AA F6 C5 8B 72 
"
"2016-11-21 14:16:26ID: BB  Data: 00 00 00 AA 09 19 8F FF 
"
"2016-11-21 14:16:26ID: BC  Data: 00 00 00 AA F6 E6 70 01 
"
"2016-11-21 14:16:26ID: BB  Data: 00 00 00 AA 08 F4 B8 F8 
"
"2016-11-21 14:16:26ID: BC  Data: 00 00 00 AA F7 0B 47 08 
"
"2016-11-21 14:16:26ID: BB  Data: 00 00 00 AA 08 EC D4 09 
"
"2016-11-21 14:16:26ID: BC  Data: 00 00 00 AA F7 13 2B F7 
"
"2016-11-21 14:16:26ID: BB  Data: 00 00 00 AA 09 00 90 5F 
"
"2016-11-21 14:16:26ID: BC  Data: 00 00 00 AA F6 FF 6F A1 
"
"2016-11-21 14:16:26ID: BB  Data: 00 00 00 AA 09 86 C4 40 
"
"2016-11-21 14:16:26ID: BC  Data: 00 00 00 AA F6 79 3B C0 
"
"2016-11-21 14:16:26ID: BB  Data: 00 00 00 AA 08 F8 AB 70 
"
"2016-11-21 14:16:26ID: BC  Data: 00 00 00 AA F7 07 54 90 
"
"2016-11-21 14:16:26ID: BB  Data: 00 00 00 AA 08 CA 9E A8 
"
"2016-11-21 14:16:26ID: BC  Data: 00 00 00 AA F7 35 61 58 
"
"2016-11-21 14:16:26ID: BB  Data: 00 00 00 AA 08 F2 17 53 
"
"2016-11-21 14:16:26ID: BC  Data: 00 00 00 AA F7 0D E8 AD 
"
"2016-11-21 14:16:26ID: BB  Data: 00 00 00 AA 08 C4 0A 8B 
"
"2016-11-21 14:16:26ID: BC  Data: 00 00 00 AA F7 3B F5 75 
"
"2016-11-21 14:16:26ID: BB  Data: 00 00 00 AA 08 D2 83 97 
"
"2016-11-21 14:16:26ID: BC  Data: 00 00 00 AA F7 2D 7C 69 
"
"2016-11-21 14:16:26ID: BB  Data: 00 00 00 AA 08 B6 E2 52 
"
"2016-11-21 14:16:26ID: BC  Data: 00 00 00 AA F7 49 1D AE 
"
"2016-11-21 14:16:26ID: BB  Data: 00 00 00 AA 08 9C 91 E0 
"
"2016-11-21 14:16:26ID: BC  Data: 00 00 00 AA F7 63 6E 20 
"
"2016-11-21 14:16:27ID: BB  Data: 00 00 00 AA 08 A1 D5 2A 
"
"2016-11-21 14:16:27ID: BC  Data: 00 00 00 AA F7 5E 2A D6 
"
"2016-11-21 14:16:27ID: BB  Data: 00 00 00 AA 08 AD AC 91 
"
"2016-11-21 14:16:27ID: BC  Data: 00 00 00 AA F7 52 53 6F 
"
"2016-11-21 14:16:27ID: BB  Data: 00 00 00 AA 08 AC 5B BE 
"
"2016-11-21 14:16:27ID: BC  Data: 00 00 00 AA F7 53 A4 42 
"
"2016-11-21 14:16:27ID: BB  Data: 00 00 00 AA 08 72 77 8F 
"
"2016-11-21 14:16:27ID: BC  Data: 00 00 00 AA F7 8D 88 71 
"
"2016-11-21 14:16:27ID: BB  Data: 00 00 00 AA 08 51 93 00 
"
"2016-11-21 14:16:27ID: BC  Data: 00 00 00 AA F7 AE 6D 00 
"
"2016-11-21 14:16:27ID: BB  Data: 00 00 00 AA 08 90 BA 79 
"
"2016-11-21 14:16:27ID: BC  Data: 00 00 00 AA F7 6F 45 87 
"
"2016-11-21 14:16:27ID: BB  Data: 00 00 00 AA 08 27 78 B0 
"
"2016-11-21 14:16:27ID: BC  Data: 00 00 00 AA F7 D8 87 50 
"
"2016-11-21 14:16:27ID: BB  Data: 00 00 00 AA 08 E7 90 BF 
"
"2016-11-21 14:16:27ID: BC  Data: 00 00 00 AA F7 18 6F 41 
"
"2016-11-21 14:16:27ID: BB  Data: 00 00 00 AA 08 38 93 61 
"
"2016-11-21 14:16:27ID: BC  Data: 00 00 00 AA F7 C7 6C 9F 
"
"2016-11-21 14:16:27ID: BB  Data: 00 00 00 AA 08 23 86 38 
"
"2016-11-21 14:16:27ID: BC  Data: 00 00 00 AA F7 DC 79 C8 
"
"2016-11-21 14:16:27ID: BB  Data: 00 00 00 AA 08 6E 85 18 
"
"2016-11-21 14:16:27ID: BC  Data: 00 00 00 AA F7 91 7A E8 
"
"2016-11-21 14:16:28ID: BB  Data: 00 00 00 AA 08 4E F1 5B 
"
"2016-11-21 14:16:28ID: BC  Data: 00 00 00 AA F7 B1 0E A5 
"
"2016-11-21 14:16:28ID: BB  Data: 00 00 00 AA 08 90 BA 79 
"
"2016-11-21 14:16:28ID: BC  Data: 00 00 00 AA F7 6F 45 87 
"
"2016-11-21 14:16:28ID: BB  Data: 00 00 00 AA 08 7C FE 23 
"
"2016-11-21 14:16:28ID: BC  Data: 00 00 00 AA F7 83 01 DD 
"
"2016-11-21 14:16:28ID: BB  Data: 00 00 00 AA 08 7C FE 23 
"
"2016-11-21 14:16:28ID: BC  Data: 00 00 00 AA F7 83 01 DD 
"
"2016-11-21 14:16:28ID: BB  Data: 00 00 00 AA 08 52 E3 D3 
"
"2016-11-21 14:16:28ID: BC  Data: 00 00 00 AA F7 AD 1C 2D 
"
"2016-11-21 14:16:28ID: BB  Data: 00 00 00 AA 08 44 6A C7 
"
"2016-11-21 14:16:28ID: BC  Data: 00 00 00 AA F7 BB 95 39 
"
"2016-11-21 14:16:28ID: BB  Data: 00 00 00 AA 08 69 41 CE 
"
"2016-11-21 14:16:28ID: BC  Data: 00 00 00 AA F7 96 BE 32 
"
"2016-11-21 14:16:28ID: BB  Data: 00 00 00 AA 08 3C 85 D8 
"
"2016-11-21 14:16:28ID: BC  Data: 00 00 00 AA F7 C3 7A 28 
"
"2016-11-21 14:16:28ID: BB  Data: 00 00 00 AA 08 55 85 78 
"
"2016-11-21 14:16:28ID: BC  Data: 00 00 00 AA F7 AA 7A 88 
"
"2016-11-21 14:16:28ID: BB  Data: 00 00 00 AA 08 C7 FD 03 
"
"2016-11-21 14:16:28ID: BC  Data: 00 00 00 AA F7 38 02 FD 
"
"2016-11-21 14:16:28ID: BB  Data: 00 00 00 AA 09 85 73 6D 
"
"2016-11-21 14:16:28ID: BC  Data: 00 00 00 AA F6 7A 8C 93 
"
"2016-11-21 14:16:29ID: BB  Data: 00 00 00 AA 09 F0 06 09 
"
"2016-11-21 14:16:29ID: BC  Data: 00 00 00 AA F6 0F F9 F7 
"
"2016-11-21 14:16:29ID: BB  Data: 00 00 00 AA 0A 4E C1 3E 
"
"2016-11-21 14:16:29ID: BC  Data: 00 00 00 AA F5 B1 3E C2 
"
"2016-11-21 14:16:29ID: BB  Data: 00 00 00 AA 0A 54 04 88 
"
"2016-11-21 14:16:29ID: BC  Data: 00 00 00 AA F5 AB FB 78 
"
"2016-11-21 14:16:29ID: BB  Data: 00 00 00 AA 0A 74 E9 17 
"
"2016-11-21 14:16:29ID: BC  Data: 00 00 00 AA F5 8B 16 E9 
"
"2016-11-21 14:16:29ID: BB  Data: 00 00 00 AA 0B 03 01 E7 
"
"2016-11-21 14:16:29ID: BC  Data: 00 00 00 AA F4 FC FE 19 
"
"2016-11-21 14:16:29ID: BB  Data: 00 00 00 AA 0B 60 6C 4A 
"
"2016-11-21 14:16:29ID: BC  Data: 00 00 00 AA F4 9F 93 B6 
"
"2016-11-21 14:16:29ID: BB  Data: 00 00 00 AA 0B 6A F2 DE 
"
"2016-11-21 14:16:29ID: BC  Data: 00 00 00 AA F4 95 0D 22 
"
"2016-11-21 14:16:29ID: BB  Data: 00 00 00 AA 0B 68 51 39 
"
"2016-11-21 14:16:29ID: BC  Data: 00 00 00 AA F4 97 AE C7 
"
"2016-11-21 14:16:29ID: BB  Data: 00 00 00 AA 0B 91 1A B7 
"
"2016-11-21 14:16:29ID: BC  Data: 00 00 00 AA F4 6E E5 49 
"
"2016-11-21 14:16:29ID: BB  Data: 00 00 00 AA 0B 95 0D 2E 
"
"2016-11-21 14:16:29ID: BC  Data: 00 00 00 AA F4 6A F2 D2 
"
"2016-11-21 14:16:29ID: BB  Data: 00 00 00 AA 0B 9F 93 C3 
"
"2016-11-21 14:16:29ID: BC  Data: 00 00 00 AA F4 60 6C 3D 
"
"2016-11-21 14:16:29ID: BB  Data: 00 00 00 AA 0B 91 1A B7 
"
"2016-11-21 14:16:29ID: BC  Data: 00 00 00 AA F4 6E E5 49 
"
"2016-11-21 14:16:30ID: BB  Data: 00 00 00 AA 0B AE 0C CE 
"
"2016-11-21 14:16:30ID: BC  Data: 00 00 00 AA F4 51 F3 32 
"
"2016-11-21 14:16:30ID: BB  Data: 00 00 00 AA 0B C4 6A C9 
"
"2016-11-21 14:16:30ID: BC  Data: 00 00 00 AA F4 3B 95 37 
"
"2016-11-21 14:16:30ID: BB  Data: 00 00 00 AA 0B F2 77 91 
"
"2016-11-21 14:16:30ID: BC  Data: 00 00 00 AA F4 0D 88 6F 
"
"2016-11-21 14:16:30ID: BB  Data: 00 00 00 AA 0B D8 27 1F 
"
"2016-11-21 14:16:30ID: BC  Data: 00 00 00 AA F4 27 D8 E1 
"
"2016-11-21 14:16:30ID: BB  Data: 00 00 00 AA 0B E6 A0 2B 
"
"2016-11-21 14:16:30ID: BC  Data: 00 00 00 AA F4 19 5F D5 
"
"2016-11-21 14:16:30ID: BB  Data: 00 00 00 AA 0B CD A0 8B 
"
"2016-11-21 14:16:30ID: BC  Data: 00 00 00 AA F4 32 5F 75 
"
"2016-11-21 14:16:30ID: BB  Data: 00 00 00 AA 0B D8 27 1F 
"
"2016-11-21 14:16:30ID: BC  Data: 00 00 00 AA F4 27 D8 E1 
"
"2016-11-21 14:16:30ID: BB  Data: 00 00 00 AA 0B CE F1 5D 
"
"2016-11-21 14:16:30ID: BC  Data: 00 00 00 AA F4 31 0E A3 
"
"2016-11-21 14:16:30ID: BB  Data: 00 00 00 AA 0B C3 19 F7 
"
"2016-11-21 14:16:30ID: BC  Data: 00 00 00 AA F4 3C E6 09 
"
"2016-11-21 14:16:30ID: BB  Data: 00 00 00 AA 0B 91 1A B7 
"
"2016-11-21 14:16:30ID: BC  Data: 00 00 00 AA F4 6E E5 49 
"
"2016-11-21 14:16:30ID: BB  Data: 00 00 00 AA 0B 8F C9 E4 
"
"2016-11-21 14:16:30ID: BC  Data: 00 00 00 AA F4 70 36 1C 
"
"2016-11-21 14:16:31ID: BB  Data: 00 00 00 AA 0B 8B D7 6D 
"
"2016-11-21 14:16:31ID: BC  Data: 00 00 00 AA F4 74 28 93 
"
"2016-11-21 14:16:31ID: BB  Data: 00 00 00 AA 0B 9E 42 F0 
"
"2016-11-21 14:16:31ID: BC  Data: 00 00 00 AA F4 61 BD 10 
"
"2016-11-21 14:16:31ID: BB  Data: 00 00 00 AA 0B 9C F2 1E 
"
"2016-11-21 14:16:31ID: BC  Data: 00 00 00 AA F4 63 0D E2 
"
"2016-11-21 14:16:31ID: BB  Data: 00 00 00 AA 0B 9B A1 4B 
"
"2016-11-21 14:16:31ID: BC  Data: 00 00 00 AA F4 64 5E B5 
"
"2016-11-21 14:16:31ID: BB  Data: 00 00 00 AA 0B A6 27 DF 
"
"2016-11-21 14:16:31ID: BC  Data: 00 00 00 AA F4 59 D8 21 
"
"2016-11-21 14:16:31ID: BB  Data: 00 00 00 AA 0B B5 F1 BD 
"
"2016-11-21 14:16:31ID: BC  Data: 00 00 00 AA F4 4A 0E 43 
"
"2016-11-21 14:16:31ID: BB  Data: 00 00 00 AA 0B AF 5D A1 
"
"2016-11-21 14:16:31ID: BC  Data: 00 00 00 AA F4 50 A2 5F 
"
"2016-11-21 14:16:31ID: BB  Data: 00 00 00 AA 0B C5 BB 9C 
"
"2016-11-21 14:16:31ID: BC  Data: 00 00 00 AA F4 3A 44 64 
"
"2016-11-21 14:16:31ID: BB  Data: 00 00 00 AA 0B C4 6A C9 
"
"2016-11-21 14:16:31ID: BC  Data: 00 00 00 AA F4 3B 95 37 
"
"2016-11-21 14:16:31ID: BB  Data: 00 00 00 AA 0B BD D6 AD 
"
"2016-11-21 14:16:31ID: BC  Data: 00 00 00 AA F4 42 29 53 
"
"2016-11-21 14:16:31ID: BB  Data: 00 00 00 AA 0B BC 85 DA 
"
"2016-11-21 14:16:31ID: BC  Data: 00 00 00 AA F4 43 7A 26 
"
"2016-11-21 14:16:31ID: BB  Data: 00 00 00 AA 0B B9 E4 35 
"
"2016-11-21 14:16:32ID: BC  Data: 00 00 00 AA F4 46 1B CB 
"
"2016-11-21 14:16:32ID: BB  Data: 00 00 00 AA 0B C0 78 52 
"
"2016-11-21 14:16:32ID: BC  Data: 00 00 00 AA F4 3F 87 AE 
"
"2016-11-21 14:16:32ID: BB  Data: 00 00 00 AA 0B BF 27 7F 
"
"2016-11-21 14:16:32ID: BC  Data: 00 00 00 AA F4 40 D8 81 
"
"2016-11-21 14:16:32ID: BB  Data: 00 00 00 AA 0B C7 0C 6E 
"
"2016-11-21 14:16:32ID: BC  Data: 00 00 00 AA F4 38 F3 92 
"
"2016-11-21 14:16:32ID: BB  Data: 00 00 00 AA 0B B9 E4 35 
"
"2016-11-21 14:16:32ID: BC  Data: 00 00 00 AA F4 46 1B CB 
"
"2016-11-21 14:16:32ID: BB  Data: 00 00 00 AA 0B B4 A0 EB 
"
"2016-11-21 14:16:32ID: BC  Data: 00 00 00 AA F4 4B 5F 15 
"
"2016-11-21 14:16:32ID: BB  Data: 00 00 00 AA 0B BC 85 DA 
"
"2016-11-21 14:16:32ID: BC  Data: 00 00 00 AA F4 43 7A 26 
"
"2016-11-21 14:16:32ID: BB  Data: 00 00 00 AA 0B BB 35 07 
"
"2016-11-21 14:16:32ID: BC  Data: 00 00 00 AA F4 44 CA F9 
"
"2016-11-21 14:16:32ID: BB  Data: 00 00 00 AA 0B BC 85 DA 
"
"2016-11-21 14:16:32ID: BC  Data: 00 00 00 AA F4 43 7A 26 
"
"2016-11-21 14:16:32ID: BB  Data: 00 00 00 AA 0B C4 6A C9 
"
"2016-11-21 14:16:32ID: BC  Data: 00 00 00 AA F4 3B 95 37 
"
"2016-11-21 14:16:32ID: BB  Data: 00 00 00 AA 0B AA 1A 57 
"
"2016-11-21 14:16:32ID: BC  Data: 00 00 00 AA F4 55 E5 A9 
"
"2016-11-21 14:16:32ID: BB  Data: 00 00 00 AA 0B C4 6A C9 
"
"2016-11-21 14:16:32ID: BC  Data: 00 00 00 AA F4 3B 95 37 
"
"2016-11-21 14:16:33ID: BB  Data: 00 00 00 AA 0B B3 50 18 
"
"2016-11-21 14:16:33ID: BC  Data: 00 00 00 AA F4 4C AF E8 
"
"2016-11-21 14:16:33ID: BB  Data: 00 00 00 AA 0B AC BB FC 
"
"2016-11-21 14:16:33ID: BC  Data: 00 00 00 AA F4 53 44 04 
"
"2016-11-21 14:16:33ID: BB  Data: 00 00 00 AA 0B AF 5D A1 
"
"2016-11-21 14:16:33ID: BC  Data: 00 00 00 AA F4 50 A2 5F 
"
"2016-11-21 14:16:33ID: BB  Data: 00 00 00 AA 0B 93 BC 5C 
"
"2016-11-21 14:16:33ID: BC  Data: 00 00 00 AA F4 6C 43 A4 
"
"2016-11-21 14:16:33ID: BB  Data: 00 00 00 AA 0B A3 86 3A 
"
"2016-11-21 14:16:33ID: BC  Data: 00 00 00 AA F4 5C 79 C6 
"
"2016-11-21 14:16:33ID: BB  Data: 00 00 00 AA 0B 8F C9 E4 
"
"2016-11-21 14:16:33ID: BC  Data: 00 00 00 AA F4 70 36 1C 
"
"2016-11-21 14:16:33ID: BB  Data: 00 00 00 AA 0B 9B A1 4B 
"
"2016-11-21 14:16:33ID: BC  Data: 00 00 00 AA F4 64 5E B5 
"
"2016-11-21 14:16:33ID: BB  Data: 00 00 00 AA 0B 93 BC 5C 
"
"2016-11-21 14:16:33ID: BC  Data: 00 00 00 AA F4 6C 43 A4 
"
"2016-11-21 14:16:33ID: BB  Data: 00 00 00 AA 0B 8E 79 12 
"
"2016-11-21 14:16:33ID: BC  Data: 00 00 00 AA F4 71 86 EE 
"
"2016-11-21 14:16:33ID: BB  Data: 00 00 00 AA 0B 83 F2 7E 
"
"2016-11-21 14:16:33ID: BC  Data: 00 00 00 AA F4 7C 0D 82 
"
"2016-11-21 14:16:33ID: BB  Data: 00 00 00 AA 0B 82 A1 AB 
"
"2016-11-21 14:16:33ID: BC  Data: 00 00 00 AA F4 7D 5E 55 
"
"2016-11-21 14:16:34ID: BB  Data: 00 00 00 AA 0B 76 CA 45 
"
"2016-11-21 14:16:34ID: BC  Data: 00 00 00 AA F4 89 35 BB 
"
"2016-11-21 14:16:34ID: BB  Data: 00 00 00 AA 0B 7C 0D 8F 
"
"2016-11-21 14:16:34ID: BC  Data: 00 00 00 AA F4 83 F2 71 
"
"2016-11-21 14:16:34ID: BB  Data: 00 00 00 AA 0B 75 79 72 
"
"2016-11-21 14:16:34ID: BC  Data: 00 00 00 AA F4 8A 86 8E 
"
"2016-11-21 14:16:34ID: BB  Data: 00 00 00 AA 0B 6D 94 83 
"
"2016-11-21 14:16:34ID: BC  Data: 00 00 00 AA F4 92 6B 7D 
"
"2016-11-21 14:16:34ID: BB  Data: 00 00 00 AA 0B 70 36 28 
"
"2016-11-21 14:16:34ID: BC  Data: 00 00 00 AA F4 8F C9 D8 
"
"2016-11-21 14:16:34ID: BB  Data: 00 00 00 AA 0B 5F 1B 77 
"
"2016-11-21 14:16:34ID: BC  Data: 00 00 00 AA F4 A0 E4 89 
"
"2016-11-21 14:16:34ID: BB  Data: 00 00 00 AA 0B 74 28 A0 
"
"2016-11-21 14:16:34ID: BC  Data: 00 00 00 AA F4 8B D7 60 
"
"2016-11-21 14:16:34ID: BB  Data: 00 00 00 AA 0B 51 F3 3E 
"
"2016-11-21 14:16:34ID: BC  Data: 00 00 00 AA F4 AE 0C C2 
"
"2016-11-21 14:16:34ID: BB  Data: 00 00 00 AA 0B 53 44 11 
"
"2016-11-21 14:16:34ID: BC  Data: 00 00 00 AA F4 AC BB EF 
"
"2016-11-21 14:16:34ID: BB  Data: 00 00 00 AA 0B 43 7A 32 
"
"2016-11-21 14:16:34ID: BC  Data: 00 00 00 AA F4 BC 85 CE 
"
"2016-11-21 14:16:34ID: BB  Data: 00 00 00 AA 0B 4C AF F4 
"
"2016-11-21 14:16:34ID: BC  Data: 00 00 00 AA F4 B3 50 0C 
"
"2016-11-21 14:16:34ID: BB  Data: 00 00 00 AA 0B 48 BD 7D 
"
"2016-11-21 14:16:34ID: BC  Data: 00 00 00 AA F4 B7 42 83 
"
"2016-11-21 14:16:35ID: BB  Data: 00 00 00 AA 0B 55 E5 B6 
"
"2016-11-21 14:16:35ID: BC  Data: 00 00 00 AA F4 AA 1A 4A 
"
"2016-11-21 14:16:35ID: BB  Data: 00 00 00 AA 0B 4B 5F 22 
"
"2016-11-21 14:16:35ID: BC  Data: 00 00 00 AA F4 B4 A0 DE 
"
"2016-11-21 14:16:35ID: BB  Data: 00 00 00 AA 0B 4E 00 C7 
"
"2016-11-21 14:16:35ID: BC  Data: 00 00 00 AA F4 B1 FF 39 
"
"2016-11-21 14:16:35ID: BB  Data: 00 00 00 AA 0B 50 A2 6C 
"
"2016-11-21 14:16:35ID: BC  Data: 00 00 00 AA F4 AF 5D 94 
"
"2016-11-21 14:16:35ID: BB  Data: 00 00 00 AA 0B 54 94 E3 
"
"2016-11-21 14:16:35ID: BC  Data: 00 00 00 AA F4 AB 6B 1D 
"
"2016-11-21 14:16:35ID: BB  Data: 00 00 00 AA 0B 5C 79 D2 
"
"2016-11-21 14:16:35ID: BC  Data: 00 00 00 AA F4 A3 86 2E 
"
"2016-11-21 14:16:35ID: BB  Data: 00 00 00 AA 0B 51 F3 3E 
"
"2016-11-21 14:16:35ID: BC  Data: 00 00 00 AA F4 AE 0C C2 
"
"2016-11-21 14:16:35ID: BB  Data: 00 00 00 AA 0B 58 87 5B 
"
"2016-11-21 14:16:35ID: BC  Data: 00 00 00 AA F4 A7 78 A5 
"
"2016-11-21 14:16:35ID: BB  Data: 00 00 00 AA 0B 69 A2 0B 
"
"2016-11-21 14:16:35ID: BC  Data: 00 00 00 AA F4 96 5D F5 
"
"2016-11-21 14:16:35ID: BB  Data: 00 00 00 AA 0B 50 A2 6C 
"
"2016-11-21 14:16:35ID: BC  Data: 00 00 00 AA F4 AF 5D 94 
"
"2016-11-21 14:16:35ID: BB  Data: 00 00 00 AA 0B 5B 29 00 
"
"2016-11-21 14:16:35ID: BC  Data: 00 00 00 AA F4 A4 D7 00 
"
"2016-11-21 14:16:36ID: BB  Data: 00 00 00 AA 0B 48 BD 7D 
"
"2016-11-21 14:16:36ID: BC  Data: 00 00 00 AA F4 B7 42 83 
"
"2016-11-21 14:16:36ID: BB  Data: 00 00 00 AA 0B 54 94 E3 
"
"2016-11-21 14:16:36ID: BC  Data: 00 00 00 AA F4 AB 6B 1D 
"
"2016-11-21 14:16:36ID: BB  Data: 00 00 00 AA 0B 57 36 88 
"
"2016-11-21 14:16:36ID: BC  Data: 00 00 00 AA F4 A8 C9 78 
"
"2016-11-21 14:16:36ID: BB  Data: 00 00 00 AA 0B 4E 00 C7 
"
"2016-11-21 14:16:36ID: BC  Data: 00 00 00 AA F4 B1 FF 39 
"
"2016-11-21 14:16:36ID: BB  Data: 00 00 00 AA 0B 51 F3 3E 
"
"2016-11-21 14:16:36ID: BC  Data: 00 00 00 AA F4 AE 0C C2 
"
"2016-11-21 14:16:36ID: BB  Data: 00 00 00 AA 0B 4E 00 C7 
"
"2016-11-21 14:16:36ID: BC  Data: 00 00 00 AA F4 B1 FF 39 
"
"2016-11-21 14:16:36ID: BB  Data: 00 00 00 AA 0B 4B 5F 22 
"
"2016-11-21 14:16:36ID: BC  Data: 00 00 00 AA F4 B4 A0 DE 
"
"2016-11-21 14:16:36ID: BB  Data: 00 00 00 AA 0B 4F 51 99 
"
"2016-11-21 14:16:36ID: BC  Data: 00 00 00 AA F4 B0 AE 67 
"
"2016-11-21 14:16:36ID: BB  Data: 00 00 00 AA 0B 48 BD 7D 
"
"2016-11-21 14:16:36ID: BC  Data: 00 00 00 AA F4 B7 42 83 
"
"2016-11-21 14:16:36ID: BB  Data: 00 00 00 AA 0B 51 F3 3E 
"
"2016-11-21 14:16:36ID: BC  Data: 00 00 00 AA F4 AE 0C C2 
"
"2016-11-21 14:16:36ID: BB  Data: 00 00 00 AA 0B 4E 00 C7 
"
"2016-11-21 14:16:36ID: BC  Data: 00 00 00 AA F4 B1 FF 39 
"
"2016-11-21 14:16:37ID: BB  Data: 00 00 00 AA 0B 4B 5F 22 
"
"2016-11-21 14:16:37ID: BC  Data: 00 00 00 AA F4 B4 A0 DE 
"
"2016-11-21 14:16:37ID: BB  Data: 00 00 00 AA 0B 48 BD 7D 
"
"2016-11-21 14:16:37ID: BC  Data: 00 00 00 AA F4 B7 42 83 
"
"2016-11-21 14:16:37ID: BB  Data: 00 00 00 AA 0B 55 E5 B6 
"
"2016-11-21 14:16:37ID: BC  Data: 00 00 00 AA F4 AA 1A 4A 
"
"2016-11-21 14:16:37ID: BB  Data: 00 00 00 AA 0B 53 44 11 
"
"2016-11-21 14:16:37ID: BC  Data: 00 00 00 AA F4 AC BB EF 
"
"2016-11-21 14:16:37ID: BB  Data: 00 00 00 AA 0B 55 E5 B6 
"
"2016-11-21 14:16:37ID: BC  Data: 00 00 00 AA F4 AA 1A 4A 
"
"2016-11-21 14:16:37ID: BB  Data: 00 00 00 AA 0B 4E 00 C7 
"
"2016-11-21 14:16:37ID: BC  Data: 00 00 00 AA F4 B1 FF 39 
"
"2016-11-21 14:16:37ID: BB  Data: 00 00 00 AA 0B 57 36 88 
"
"2016-11-21 14:16:37ID: BC  Data: 00 00 00 AA F4 A8 C9 78 
"
"2016-11-21 14:16:37ID: BB  Data: 00 00 00 AA 0B 58 87 5B 
"
"2016-11-21 14:16:37ID: BC  Data: 00 00 00 AA F4 A7 78 A5 
"
"2016-11-21 14:16:37ID: BB  Data: 00 00 00 AA 0B 4A 0E 4F 
"
"2016-11-21 14:16:37ID: BC  Data: 00 00 00 AA F4 B5 F1 B1 
"
"2016-11-21 14:16:37ID: BB  Data: 00 00 00 AA 0B 47 6C AA 
"
"2016-11-21 14:16:37ID: BC  Data: 00 00 00 AA F4 B8 93 56 
"
"2016-11-21 14:16:37ID: BB  Data: 00 00 00 AA 0B 4C AF F4 
"
"2016-11-21 14:16:37ID: BC  Data: 00 00 00 AA F4 B3 50 0C 
"
"2016-11-21 14:16:37ID: BB  Data: 00 00 00 AA 0B 4F 51 99 
"
"2016-11-21 14:16:37ID: BC  Data: 00 00 00 AA F4 B0 AE 67 
"
"2016-11-21 14:16:38ID: BB  Data: 00 00 00 AA 0B 40 D8 8D 
"
"2016-11-21 14:16:38ID: BC  Data: 00 00 00 AA F4 BF 27 73 
"
"2016-11-21 14:16:38ID: BB  Data: 00 00 00 AA 0B 54 94 E3 
"
"2016-11-21 14:16:38ID: BC  Data: 00 00 00 AA F4 AB 6B 1D 
"
"2016-11-21 14:16:38ID: BB  Data: 00 00 00 AA 0B 57 36 88 
"
"2016-11-21 14:16:38ID: BC  Data: 00 00 00 AA F4 A8 C9 78 
"
"2016-11-21 14:16:38ID: BB  Data: 00 00 00 AA 0B 4C AF F4 
"
"2016-11-21 14:16:38ID: BC  Data: 00 00 00 AA F4 B3 50 0C 
"
"2016-11-21 14:16:38ID: BB  Data: 00 00 00 AA 0B 4B 5F 22 
"
"2016-11-21 14:16:38ID: BC  Data: 00 00 00 AA F4 B4 A0 DE 
"
"2016-11-21 14:16:38ID: BB  Data: 00 00 00 AA 0B 5B 29 00 
"
"2016-11-21 14:16:38ID: BC  Data: 00 00 00 AA F4 A4 D7 00 
"
"2016-11-21 14:16:38ID: BB  Data: 00 00 00 AA 0B 60 6C 4A 
"
"2016-11-21 14:16:38ID: BC  Data: 00 00 00 AA F4 9F 93 B6 
"
"2016-11-21 14:16:38ID: BB  Data: 00 00 00 AA 0B 71 86 FB 
"
"2016-11-21 14:16:38ID: BC  Data: 00 00 00 AA F4 8E 79 05 
"
"2016-11-21 14:16:38ID: BB  Data: 00 00 00 AA 0B 51 F3 3E 
"
"2016-11-21 14:16:38ID: BC  Data: 00 00 00 AA F4 AE 0C C2 
"
"2016-11-21 14:16:38ID: BB  Data: 00 00 00 AA 0B 57 36 88 
"
"2016-11-21 14:16:38ID: BC  Data: 00 00 00 AA F4 A8 C9 78 
"
"2016-11-21 14:16:38ID: BB  Data: 00 00 00 AA 0B 4E 00 C7 
"
"2016-11-21 14:16:38ID: BC  Data: 00 00 00 AA F4 B1 FF 39 
"
"2016-11-21 14:16:39ID: BB  Data: 00 00 00 AA 0B 51 F3 3E 
"
"2016-11-21 14:16:39ID: BC  Data: 00 00 00 AA F4 AE 0C C2 
"
"2016-11-21 14:16:39ID: BB  Data: 00 00 00 AA 0B 42 29 60 
"
"2016-11-21 14:16:39ID: BC  Data: 00 00 00 AA F4 BD D6 A0 
"
"2016-11-21 14:16:39ID: BB  Data: 00 00 00 AA 0B 43 7A 32 
"
"2016-11-21 14:16:39ID: BC  Data: 00 00 00 AA F4 BC 85 CE 
"
"2016-11-21 14:16:39ID: BB  Data: 00 00 00 AA 0B 47 6C AA 
"
"2016-11-21 14:16:39ID: BC  Data: 00 00 00 AA F4 B8 93 56 
"
"2016-11-21 14:16:39ID: BB  Data: 00 00 00 AA 0B 40 D8 8D 
"
"2016-11-21 14:16:39ID: BC  Data: 00 00 00 AA F4 BF 27 73 
"
"2016-11-21 14:16:39ID: BB  Data: 00 00 00 AA 0B 4E 00 C7 
"
"2016-11-21 14:16:39ID: BC  Data: 00 00 00 AA F4 B1 FF 39 
"
"2016-11-21 14:16:39ID: BB  Data: 00 00 00 AA 0B 40 D8 8D 
"
"2016-11-21 14:16:39ID: BC  Data: 00 00 00 AA F4 BF 27 73 
"
"2016-11-21 14:16:39ID: BB  Data: 00 00 00 AA 0B 43 7A 32 
"
"2016-11-21 14:16:39ID: BC  Data: 00 00 00 AA F4 BC 85 CE 
"
"2016-11-21 14:16:39ID: BB  Data: 00 00 00 AA 0B 4B 5F 22 
"
"2016-11-21 14:16:39ID: BC  Data: 00 00 00 AA F4 B4 A0 DE 
"
"2016-11-21 14:16:39ID: BB  Data: 00 00 00 AA 0B 48 BD 7D 
"
"2016-11-21 14:16:39ID: BC  Data: 00 00 00 AA F4 B7 42 83 
"
"2016-11-21 14:16:39ID: BB  Data: 00 00 00 AA 0B 58 87 5B 
"
"2016-11-21 14:16:39ID: BC  Data: 00 00 00 AA F4 A7 78 A5 
"
"2016-11-21 14:16:39ID: BB  Data: 00 00 00 AA 0B 57 36 88 
"
"2016-11-21 14:16:40ID: BC  Data: 00 00 00 AA F4 A8 C9 78 
"
"2016-11-21 14:16:40ID: BB  Data: 00 00 00 AA 0B 53 44 11 
"
"2016-11-21 14:16:40ID: BC  Data: 00 00 00 AA F4 AC BB EF 
"
"2016-11-21 14:16:40ID: BB  Data: 00 00 00 AA 0B 5C 79 D2 
"
"2016-11-21 14:16:40ID: BC  Data: 00 00 00 AA F4 A3 86 2E 
"
"2016-11-21 14:16:40ID: BB  Data: 00 00 00 AA 0B 5F 1B 77 
"
"2016-11-21 14:16:40ID: BC  Data: 00 00 00 AA F4 A0 E4 89 
"
"2016-11-21 14:16:40ID: BB  Data: 00 00 00 AA 0B 61 BD 1C 
"
"2016-11-21 14:16:40ID: BC  Data: 00 00 00 AA F4 9E 42 E4 
"
"2016-11-21 14:16:40ID: BB  Data: 00 00 00 AA 0B 5D CA A5 
"
"2016-11-21 14:16:40ID: BC  Data: 00 00 00 AA F4 A2 35 5B 
"
"2016-11-21 14:16:40ID: BB  Data: 00 00 00 AA 0B 55 E5 B6 
"
"2016-11-21 14:16:40ID: BC  Data: 00 00 00 AA F4 AA 1A 4A 
"
"2016-11-21 14:16:40ID: BB  Data: 00 00 00 AA 0B 53 44 11 
"
"2016-11-21 14:16:40ID: BC  Data: 00 00 00 AA F4 AC BB EF 
"
"2016-11-21 14:16:40ID: BB  Data: 00 00 00 AA 0B 50 A2 6C 
"
"2016-11-21 14:16:40ID: BC  Data: 00 00 00 AA F4 AF 5D 94 
"
"2016-11-21 14:16:40ID: BB  Data: 00 00 00 AA 0B 44 CB 05 
"
"2016-11-21 14:16:40ID: BC  Data: 00 00 00 AA F4 BB 34 FB 
"
"2016-11-21 14:16:40ID: BB  Data: 00 00 00 AA 0B 3B 95 43 
"
"2016-11-21 14:16:40ID: BC  Data: 00 00 00 AA F4 C4 6A BD 
"
"2016-11-21 14:16:40ID: BB  Data: 00 00 00 AA 0B 3C E6 16 
"
"2016-11-21 14:16:40ID: BC  Data: 00 00 00 AA F4 C3 19 EA 
"
"2016-11-21 14:16:41ID: BB  Data: 00 00 00 AA 0B 59 D8 2D 
"
"2016-11-21 14:16:41ID: BC  Data: 00 00 00 AA F4 A6 27 D3 
"
"2016-11-21 14:16:41ID: BB  Data: 00 00 00 AA 0B 95 0D 2E 
"
"2016-11-21 14:16:41ID: BC  Data: 00 00 00 AA F4 6A F2 D2 
"
"2016-11-21 14:16:41ID: BB  Data: 00 00 00 AA 0B D8 27 1F 
"
"2016-11-21 14:16:41ID: BC  Data: 00 00 00 AA F4 27 D8 E1 
"
"2016-11-21 14:16:41ID: BB  Data: 00 00 00 AA 0B E0 0C 0E 
"
"2016-11-21 14:16:41ID: BC  Data: 00 00 00 AA F4 1F F3 F2 
"
"2016-11-21 14:16:41ID: BB  Data: 00 00 00 AA 0C 73 68 28 
"
"2016-11-21 14:16:41ID: BC  Data: 00 00 00 AA F3 8C 97 D8 
"
"2016-11-21 14:16:41ID: BB  Data: 00 00 00 AA 0C EF 15 74 
"
"2016-11-21 14:16:41ID: BC  Data: 00 00 00 AA F3 10 EA 8C 
"
"2016-11-21 14:16:41ID: BB  Data: 00 00 00 AA 0D 04 22 9D 
"
"2016-11-21 14:16:41ID: BC  Data: 00 00 00 AA F2 FB DD 63 
"
"2016-11-21 14:16:41ID: BB  Data: 00 00 00 AA 0D 06 C4 42 
"
"2016-11-21 14:16:41ID: BC  Data: 00 00 00 AA F2 F9 3B BE 
"
"2016-11-21 14:16:41ID: BB  Data: 00 00 00 AA 0C E9 D2 2A 
"
"2016-11-21 14:16:41ID: BC  Data: 00 00 00 AA F3 16 2D D6 
"
"2016-11-21 14:16:41ID: BB  Data: 00 00 00 AA 0C D0 D2 8A 
"
"2016-11-21 14:16:41ID: BC  Data: 00 00 00 AA F3 2F 2D 76 
"
"2016-11-21 14:16:41ID: BB  Data: 00 00 00 AA 0C D6 15 D5 
"
"2016-11-21 14:16:41ID: BC  Data: 00 00 00 AA F3 29 EA 2B 
"
"2016-11-21 14:16:42ID: BB  Data: 00 00 00 AA 0C D0 D2 8A 
"
"2016-11-21 14:16:42ID: BC  Data: 00 00 00 AA F3 2F 2D 76 
"
"2016-11-21 14:16:42ID: BB  Data: 00 00 00 AA 0C D7 66 A7 
"
"2016-11-21 14:16:42ID: BC  Data: 00 00 00 AA F3 28 99 59 
"
"2016-11-21 14:16:42ID: BB  Data: 00 00 00 AA 0C C8 ED 9B 
"
"2016-11-21 14:16:42ID: BC  Data: 00 00 00 AA F3 37 12 65 
"
"2016-11-21 14:16:42ID: BB  Data: 00 00 00 AA 0C C8 ED 9B 
"
"2016-11-21 14:16:42ID: BC  Data: 00 00 00 AA F3 37 12 65 
"
"2016-11-21 14:16:42ID: BB  Data: 00 00 00 AA 0C B5 31 46 
"
"2016-11-21 14:16:42ID: BC  Data: 00 00 00 AA F3 4A CE BA 
"
"2016-11-21 14:16:42ID: BB  Data: 00 00 00 AA 0C B1 3E CE 
"
"2016-11-21 14:16:42ID: BC  Data: 00 00 00 AA F3 4E C1 32 
"
"2016-11-21 14:16:42ID: BB  Data: 00 00 00 AA 0C 8C 67 C8 
"
"2016-11-21 14:16:42ID: BC  Data: 00 00 00 AA F3 73 98 38 
"
"2016-11-21 14:16:42ID: BB  Data: 00 00 00 AA 0C A2 C5 C2 
"
"2016-11-21 14:16:42ID: BC  Data: 00 00 00 AA F3 5D 3A 3E 
"
"2016-11-21 14:16:42ID: BB  Data: 00 00 00 AA 0C A8 09 0C 
"
"2016-11-21 14:16:42ID: BC  Data: 00 00 00 AA F3 57 F6 F4 
"
"2016-11-21 14:16:42ID: BB  Data: 00 00 00 AA 0C A6 B8 3A 
"
"2016-11-21 14:16:42ID: BC  Data: 00 00 00 AA F3 59 47 C6 
"
"2016-11-21 14:16:42ID: BB  Data: 00 00 00 AA 0C 9C 31 A6 
"
"2016-11-21 14:16:42ID: BC  Data: 00 00 00 AA F3 63 CE 5A 
"
"2016-11-21 14:16:42ID: BB  Data: 00 00 00 AA 0C A8 09 0C 
"
"2016-11-21 14:16:42ID: BC  Data: 00 00 00 AA F3 57 F6 F4 
"
"2016-11-21 14:16:43ID: BB  Data: 00 00 00 AA 0C A4 16 95 
"
"2016-11-21 14:16:43ID: BC  Data: 00 00 00 AA F3 5B E9 6B 
"
"2016-11-21 14:16:43ID: BB  Data: 00 00 00 AA 0C A2 C5 C2 
"
"2016-11-21 14:16:43ID: BC  Data: 00 00 00 AA F3 5D 3A 3E 
"
"2016-11-21 14:16:43ID: BB  Data: 00 00 00 AA 0C A2 C5 C2 
"
"2016-11-21 14:16:43ID: BC  Data: 00 00 00 AA F3 5D 3A 3E 
"
"2016-11-21 14:16:43ID: BB  Data: 00 00 00 AA 0C A2 C5 C2 
"
"2016-11-21 14:16:43ID: BC  Data: 00 00 00 AA F3 5D 3A 3E 
"
"2016-11-21 14:16:43ID: BB  Data: 00 00 00 AA 0C 9D 82 78 
"
"2016-11-21 14:16:43ID: BC  Data: 00 00 00 AA F3 62 7D 88 
"
"2016-11-21 14:16:43ID: BB  Data: 00 00 00 AA 0C B3 E0 73 
"
"2016-11-21 14:16:43ID: BC  Data: 00 00 00 AA F3 4C 1F 8D 
"
"2016-11-21 14:16:43ID: BB  Data: 00 00 00 AA 0C AE 9D 29 
"
"2016-11-21 14:16:43ID: BC  Data: 00 00 00 AA F3 51 62 D7 
"
"2016-11-21 14:16:43ID: BB  Data: 00 00 00 AA 0C A0 24 1D 
"
"2016-11-21 14:16:43ID: BC  Data: 00 00 00 AA F3 5F DB E3 
"
"2016-11-21 14:16:43ID: BB  Data: 00 00 00 AA 0C A2 C5 C2 
"
"2016-11-21 14:16:43ID: BC  Data: 00 00 00 AA F3 5D 3A 3E 
"
"2016-11-21 14:16:43ID: BB  Data: 00 00 00 AA 0C 96 EE 5C 
"
"2016-11-21 14:16:43ID: BC  Data: 00 00 00 AA F3 69 11 A4 
"
"2016-11-21 14:16:43ID: BB  Data: 00 00 00 AA 0C 92 FB E4 
"
"2016-11-21 14:16:43ID: BC  Data: 00 00 00 AA F3 6D 04 1C 
"
"2016-11-21 14:16:44ID: BB  Data: 00 00 00 AA 0C 77 5A 9F 
"
"2016-11-21 14:16:44ID: BC  Data: 00 00 00 AA F3 88 A5 61 
"
"2016-11-21 14:16:44ID: BB  Data: 00 00 00 AA 0C 79 FC 44 
"
"2016-11-21 14:16:44ID: BC  Data: 00 00 00 AA F3 86 03 BC 
"
"2016-11-21 14:16:44ID: BB  Data: 00 00 00 AA 0C 77 5A 9F 
"
"2016-11-21 14:16:44ID: BC  Data: 00 00 00 AA F3 88 A5 61 
"
"2016-11-21 14:16:44ID: BB  Data: 00 00 00 AA 0C 1F 33 87 
"
"2016-11-21 14:16:44ID: BC  Data: 00 00 00 AA F3 E0 CC 79 
"
"2016-11-21 14:16:44ID: BB  Data: 00 00 00 AA 0B 3C E6 16 
"
"2016-11-21 14:16:44ID: BC  Data: 00 00 00 AA F4 C3 19 EA 
"
"2016-11-21 14:16:44ID: BB  Data: 00 00 00 AA 06 90 EA 96 
"
"2016-11-21 14:16:44ID: BC  Data: 00 00 00 AA F9 6F 15 6A 
"
"2016-11-21 14:16:44ID: BB  Data: 00 00 00 AA 05 8C 67 C4 
"
"2016-11-21 14:16:44ID: BC  Data: 00 00 00 AA FA 73 98 3C 
"
"2016-11-21 14:16:44ID: BB  Data: 00 00 00 AA 04 36 51 F6 
"
"2016-11-21 14:16:44ID: BC  Data: 00 00 00 AA FB C9 AE 0A 
"
"2016-11-21 14:16:44ID: BB  Data: 00 00 00 AA 03 4D 70 68 
"
"2016-11-21 14:16:44ID: BC  Data: 00 00 00 AA FC B2 8F 98 
"
"2016-11-21 14:16:44ID: BB  Data: 00 00 00 AA 02 D7 06 66 
"
"2016-11-21 14:16:44ID: BC  Data: 00 00 00 AA FD 28 F9 9A 
"
"2016-11-21 14:16:44ID: BB  Data: 00 00 00 AA 02 A8 F9 9D 
"
"2016-11-21 14:16:44ID: BC  Data: 00 00 00 AA FD 57 06 63 
"
"2016-11-21 14:16:45ID: BB  Data: 00 00 00 AA 02 80 30 1F 
"
"2016-11-21 14:16:45ID: BC  Data: 00 00 00 AA FD 7F CF E1 
"
"2016-11-21 14:16:45ID: BB  Data: 00 00 00 AA 02 4F 81 B2 
"
"2016-11-21 14:16:45ID: BC  Data: 00 00 00 AA FD B0 7E 4E 
"
"2016-11-21 14:16:45ID: BB  Data: 00 00 00 AA 01 F3 68 22 
"
"2016-11-21 14:16:45ID: BC  Data: 00 00 00 AA FE 0C 97 DE 
"
"2016-11-21 14:16:45ID: BB  Data: 00 00 00 AA 00 00 00 00 
"
"2016-11-21 14:16:45ID: BC  Data: 00 00 00 AA 00 00 00 00 
"
"2016-11-21 14:16:45ID: BB  Data: 00 00 00 AA 00 00 00 00 
"
"2016-11-21 14:16:45ID: BC  Data: 00 00 00 AA 00 00 00 00 
"
"2016-11-21 14:16:45ID: BB  Data: 00 00 00 AA 00 00 00 00 
"
"2016-11-21 14:16:45ID: BC  Data: 00 00 00 AA 00 00 00 00 
"
"2016-11-21 14:16:45ID: BB  Data: 00 00 00 AA 00 00 00 00 
"
"2016-11-21 14:16:45ID: BC  Data: 00 00 00 AA 00 00 00 00 
"
"2016-11-21 14:16:45ID: BB  Data: 00 00 00 AA 00 00 00 00 
"
"2016-11-21 14:16:45ID: BC  Data: 00 00 00 AA 00 00 00 00 
"
"2016-11-21 14:16:45ID: BB  Data: 00 00 00 AA 00 00 00 00 
"
"2016-11-21 14:16:45ID: BC  Data: 00 00 00 AA 00 00 00 00 
"
"2016-11-21 14:16:45ID: BB  Data: 00 00 00 AA 00 00 00 00 
"
"2016-11-21 14:16:45ID: BC  Data: 00 00 00 AA 00 00 00 00 
"
"2016-11-21 14:16:45ID: BB  Data: 00 00 00 AA 00 00 00 00 
"
"2016-11-21 14:16:45ID: BC  Data: 00 00 00 AA 00 00 00 00 
"
"2016-11-21 14:16:45ID: BB  Data: 00 00 00 AA 00 00 00 00 
"
"2016-11-21 14:16:45ID: BC  Data: 00 00 00 AA 00 00 00 00 
"
"2016-11-21 14:16:46ID: BB  Data: 00 00 00 AA 00 00 00 00 
"
"2016-11-21 14:16:46ID: BC  Data: 00 00 00 AA 00 00 00 00 
"
"2016-11-21 14:16:46ID: BB  Data: 00 00 00 AA 00 00 00 00 
"
"2016-11-21 14:16:46ID: BC  Data: 00 00 00 AA 00 00 00 00 
"
"2016-11-21 14:16:46ID: BB  Data: 00 00 00 AA 00 00 00 00 
"
"2016-11-21 14:16:46ID: BC  Data: 00 00 00 AA 00 00 00 00 
"
"2016-11-21 14:16:46ID: BB  Data: 00 00 00 AA 00 00 00 00 
"
"2016-11-21 14:16:46ID: BC  Data: 00 00 00 AA 00 00 00 00 
"
"2016-11-21 14:16:46ID: BB  Data: 00 00 00 AA 00 00 00 00 
"
"2016-11-21 14:16:46ID: BC  Data: 00 00 00 AA 00 00 00 00 
"
"2016-11-21 14:16:46ID: BB  Data: 00 00 00 AA 00 00 00 00 
"
"2016-11-21 14:16:46ID: BC  Data: 00 00 00 AA 00 00 00 00 
"
"2016-11-21 14:16:46ID: BB  Data: 00 00 00 AA 00 00 00 00 
"
"2016-11-21 14:16:46ID: BC  Data: 00 00 00 AA 00 00 00 00 
"
"2016-11-21 14:16:46ID: BB  Data: 00 00 00 AA 00 00 00 00 
"
"2016-11-21 14:16:46ID: BC  Data: 00 00 00 AA 00 00 00 00 
"
"2016-11-21 14:16:46ID: BB  Data: 00 00 00 AA 00 00 00 00 
"
"2016-11-21 14:16:46ID: BC  Data: 00 00 00 AA 00 00 00 00 
"
"2016-11-21 14:16:46ID: BB  Data: 00 00 00 AA 00 00 00 00 
"
"2016-11-21 14:16:46ID: BC  Data: 00 00 00 AA 00 00 00 00 
"
"2016-11-21 14:16:46ID: BB  Data: 00 00 00 AA 00 00 00 00 
"
"2016-11-21 14:16:46ID: BC  Data: 00 00 00 AA 00 00 00 00 
"
"2016-11-21 14:16:47ID: BB  Data: 00 00 00 AA 00 00 00 00 
"
"2016-11-21 14:16:47ID: BC  Data: 00 00 00 AA 00 00 00 00 
"
"2016-11-21 14:16:47ID: BB  Data: 00 00 00 AA 00 00 00 00 
"
"2016-11-21 14:16:47ID: BC  Data: 00 00 00 AA 00 00 00 00 
"
"2016-11-21 14:16:47ID: BB  Data: 00 00 00 AA 00 00 00 00 
"
"2016-11-21 14:16:47ID: BC  Data: 00 00 00 AA 00 00 00 00 
"
"2016-11-21 14:16:47ID: BB  Data: 00 00 00 AA 00 00 00 00 
"
"2016-11-21 14:16:47ID: BC  Data: 00 00 00 AA 00 00 00 00 
"
"2016-11-21 14:16:47ID: BB  Data: 00 00 00 AA 00 00 00 00 
"
"2016-11-21 14:16:47ID: BC  Data: 00 00 00 AA 00 00 00 00 
"
"2016-11-21 14:16:47ID: BB  Data: 00 00 00 AA 00 00 00 00 
"
"2016-11-21 14:16:47ID: BC  Data: 00 00 00 AA 00 00 00 00 
"
"2016-11-21 14:16:47ID: BB  Data: 00 00 00 AA 00 00 00 00 
"
"2016-11-21 14:16:47ID: BC  Data: 00 00 00 AA 00 00 00 00 
"
"2016-11-21 14:16:47ID: BB  Data: 00 00 00 AA 00 00 00 00 
"
"2016-11-21 14:16:47ID: BC  Data: 00 00 00 AA 00 00 00 00 
"
"2016-11-21 14:16:47ID: BB  Data: 00 00 00 AA 00 00 00 00 
"
"2016-11-21 14:16:47ID: BC  Data: 00 00 00 AA 00 00 00 00 
"
"2016-11-21 14:16:47ID: BB  Data: 00 00 00 AA 00 00 00 00 
"
"2016-11-21 14:16:47ID: BC  Data: 00 00 00 AA 00 00 00 00 
"
"2016-11-21 14:16:47ID: BB  Data: 00 00 00 AA 00 00 00 00 
"
"2016-11-21 14:16:47ID: BC  Data: 00 00 00 AA 00 00 00 00 
"
"2016-11-21 14:16:47ID: BB  Data: 00 00 00 AA 00 00 00 00 
"
"2016-11-21 14:16:48ID: BC  Data: 00 00 00 AA 00 00 00 00 
"
"2016-11-21 14:16:48ID: BB  Data: 00 00 00 AA 00 00 00 00 
"
"2016-11-21 14:16:48ID: BC  Data: 00 00 00 AA 00 00 00 00 
"
"2016-11-21 14:16:48ID: BB  Data: 00 00 00 AA 00 00 00 00 
"
"2016-11-21 14:16:48ID: BC  Data: 00 00 00 AA 00 00 00 00 
"
"2016-11-21 14:16:48ID: BB  Data: 00 00 00 AA 00 00 00 00 
"
"2016-11-21 14:16:48ID: BC  Data: 00 00 00 AA 00 00 00 00 
"
"2016-11-21 14:16:48ID: BB  Data: 00 00 00 AA 00 00 00 00 
"
"2016-11-21 14:16:48ID: BC  Data: 00 00 00 AA 00 00 00 00 
"
"2016-11-21 14:16:48ID: BB  Data: 00 00 00 AA 00 00 00 00 
"
"2016-11-21 14:16:48ID: BC  Data: 00 00 00 AA 00 00 00 00 
"
"2016-11-21 14:16:48ID: BB  Data: 00 00 00 AA 00 00 00 00 
"
"2016-11-21 14:16:48ID: BC  Data: 00 00 00 AA 00 00 00 00 
"
"2016-11-21 14:16:48ID: BB  Data: 00 00 00 AA 00 00 00 00 
"
"2016-11-21 14:16:48ID: BC  Data: 00 00 00 AA 00 00 00 00 
"
"2016-11-21 14:16:48ID: BB  Data: 00 00 00 AA 00 00 00 00 
"
"2016-11-21 14:16:48ID: BC  Data: 00 00 00 AA 00 00 00 00 
"
"2016-11-21 14:16:48ID: BB  Data: 00 00 00 AA 00 00 00 00 
"
"2016-11-21 14:16:48ID: BC  Data: 00 00 00 AA 00 00 00 00 
"
"2016-11-21 14:16:48ID: BB  Data: 00 00 00 AA 00 00 00 00 
"
"2016-11-21 14:16:48ID: BC  Data: 00 00 00 AA 00 00 00 00 
"
"2016-11-21 14:16:48ID: BB  Data: 00 00 00 AA 00 00 00 00 
"
"2016-11-21 14:16:48ID: BC  Data: 00 00 00 AA 00 00 00 00 
"
"2016-11-21 14:16:49ID: BB  Data: 00 00 00 AA 00 00 00 00 
"
"2016-11-21 14:16:49ID: BC  Data: 00 00 00 AA 00 00 00 00 
"
"2016-11-21 14:16:49ID: BB  Data: 00 00 00 AA 00 00 00 00 
"
"2016-11-21 14:16:49ID: BC  Data: 00 00 00 AA 00 00 00 00 
"
"2016-11-21 14:16:49ID: BB  Data: 00 00 00 AA 00 00 00 00 
"
"2016-11-21 14:16:49ID: BC  Data: 00 00 00 AA 00 00 00 00 
"
"2016-11-21 14:16:49ID: BB  Data: 00 00 00 AA 00 00 00 00 
"
"2016-11-21 14:16:49ID: BC  Data: 00 00 00 AA 00 00 00 00 
"
"2016-11-21 14:16:49ID: BB  Data: 00 00 00 AA 00 00 00 00 
"
"2016-11-21 14:16:49ID: BC  Data: 00 00 00 AA 00 00 00 00 
"
"2016-11-21 14:16:49ID: BB  Data: 00 00 00 AA 00 00 00 00 
"
"2016-11-21 14:16:49ID: BC  Data: 00 00 00 AA 00 00 00 00 
"
"2016-11-21 14:16:49ID: BB  Data: 00 00 00 AA 00 00 00 00 
"
"2016-11-21 14:16:49ID: BC  Data: 00 00 00 AA 00 00 00 00 
"
"2016-11-21 14:16:49ID: BB  Data: 00 00 00 AA 02 2A AA AC 
"
"2016-11-21 14:16:49ID: BC  Data: 00 00 00 AA FD D5 55 54 
"
"2016-11-21 14:16:49ID: BB  Data: 00 00 00 AA 03 03 C2 5B 
"
"2016-11-21 14:16:49ID: BC  Data: 00 00 00 AA FC FC 3D A5 
"
"2016-11-21 14:16:49ID: BB  Data: 00 00 00 AA 03 E4 BE F9 
"
"2016-11-21 14:16:49ID: BC  Data: 00 00 00 AA FC 1B 41 07 
"
"2016-11-21 14:16:49ID: BB  Data: 00 00 00 AA 04 F3 C8 60 
"
"2016-11-21 14:16:49ID: BC  Data: 00 00 00 AA FB 0C 37 A0 
"
"2016-11-21 14:16:50ID: BB  Data: 00 00 00 AA 07 7C 6D C9 
"
"2016-11-21 14:16:50ID: BC  Data: 00 00 00 AA F8 83 92 37 
"
"2016-11-21 14:16:50ID: BB  Data: 00 00 00 AA 08 4A FE E4 
"
"2016-11-21 14:16:50ID: BC  Data: 00 00 00 AA F7 B5 01 1C 
"
"2016-11-21 14:16:50ID: BB  Data: 00 00 00 AA 08 69 41 CE 
"
"2016-11-21 14:16:50ID: BC  Data: 00 00 00 AA F7 96 BE 32 
"
"2016-11-21 14:16:50ID: BB  Data: 00 00 00 AA 08 AD AC 91 
"
"2016-11-21 14:16:50ID: BC  Data: 00 00 00 AA F7 52 53 6F 
"
"2016-11-21 14:16:50ID: BB  Data: 00 00 00 AA 08 C2 B9 B9 
"
"2016-11-21 14:16:50ID: BC  Data: 00 00 00 AA F7 3D 46 47 
"
"2016-11-21 14:16:50ID: BB  Data: 00 00 00 AA 09 07 24 7C 
"
"2016-11-21 14:16:50ID: BC  Data: 00 00 00 AA F6 F8 DB 84 
"
"2016-11-21 14:16:50ID: BB  Data: 00 00 00 AA 09 85 73 6D 
"
"2016-11-21 14:16:50ID: BC  Data: 00 00 00 AA F6 7A 8C 93 
"
"2016-11-21 14:16:50ID: BB  Data: 00 00 00 AA 0A 56 A6 2D 
"
"2016-11-21 14:16:50ID: BC  Data: 00 00 00 AA F5 A9 59 D3 
"
"2016-11-21 14:16:50ID: BB  Data: 00 00 00 AA 0A C9 1D B8 
"
"2016-11-21 14:16:50ID: BC  Data: 00 00 00 AA F5 36 E2 48 
"
"2016-11-21 14:16:50ID: BB  Data: 00 00 00 AA 0A BB F5 7F 
"
"2016-11-21 14:16:50ID: BC  Data: 00 00 00 AA F5 44 0A 81 
"
"2016-11-21 14:16:50ID: BB  Data: 00 00 00 AA 0A DE 2A E1 
"
"2016-11-21 14:16:50ID: BC  Data: 00 00 00 AA F5 21 D5 1F 
"
"2016-11-21 14:16:50ID: BB  Data: 00 00 00 AA 0A F3 38 09 
"
"2016-11-21 14:16:50ID: BC  Data: 00 00 00 AA F5 0C C7 F7 
"
"2016-11-21 14:16:51ID: BB  Data: 00 00 00 AA 0A F4 88 DB 
"
"2016-11-21 14:16:51ID: BC  Data: 00 00 00 AA F5 0B 77 25 
"
"2016-11-21 14:16:51ID: BB  Data: 00 00 00 AA 0A F7 2A 80 
"
"2016-11-21 14:16:51ID: BC  Data: 00 00 00 AA F5 08 D5 80 
"
"2016-11-21 14:16:51ID: BB  Data: 00 00 00 AA 0A FB 1C F8 
"
"2016-11-21 14:16:51ID: BC  Data: 00 00 00 AA F5 04 E3 08 
"
"2016-11-21 14:16:51ID: BB  Data: 00 00 00 AA 0A FD BE 9D 
"
"2016-11-21 14:16:51ID: BC  Data: 00 00 00 AA F5 02 41 63 
"
"2016-11-21 14:16:51ID: BB  Data: 00 00 00 AA 0A FC 6D CB 
"
"2016-11-21 14:16:51ID: BC  Data: 00 00 00 AA F5 03 92 35 
"
"2016-11-21 14:16:51ID: BB  Data: 00 00 00 AA 0A F9 CC 26 
"
"2016-11-21 14:16:51ID: BC  Data: 00 00 00 AA F5 06 33 DA 
"
"2016-11-21 14:16:51ID: BB  Data: 00 00 00 AA 0A F4 88 DB 
"
"2016-11-21 14:16:51ID: BC  Data: 00 00 00 AA F5 0B 77 25 
"
"2016-11-21 14:16:51ID: BB  Data: 00 00 00 AA 0A EC A3 EC 
"
"2016-11-21 14:16:51ID: BC  Data: 00 00 00 AA F5 13 5C 14 
"
"2016-11-21 14:16:51ID: BB  Data: 00 00 00 AA 0A ED F4 BF 
"
"2016-11-21 14:16:51ID: BC  Data: 00 00 00 AA F5 12 0B 41 
"
"2016-11-21 14:16:51ID: BB  Data: 00 00 00 AA 0A E8 B1 75 
"
"2016-11-21 14:16:51ID: BC  Data: 00 00 00 AA F5 17 4E 8B 
"
"2016-11-21 14:16:51ID: BB  Data: 00 00 00 AA 0A EB 53 1A 
"
"2016-11-21 14:16:51ID: BC  Data: 00 00 00 AA F5 14 AC E6 
"
"2016-11-21 14:16:52ID: BB  Data: 00 00 00 AA 0A EA 02 47 
"
"2016-11-21 14:16:52ID: BC  Data: 00 00 00 AA F5 15 FD B9 
"
"2016-11-21 14:16:52ID: BB  Data: 00 00 00 AA 0A E8 B1 75 
"
"2016-11-21 14:16:52ID: BC  Data: 00 00 00 AA F5 17 4E 8B 
"
"2016-11-21 14:16:52ID: BB  Data: 00 00 00 AA 0A E7 60 A2 
"
"2016-11-21 14:16:52ID: BC  Data: 00 00 00 AA F5 18 9F 5E 
"
"2016-11-21 14:16:52ID: BB  Data: 00 00 00 AA 0A E4 BE FD 
"
"2016-11-21 14:16:52ID: BC  Data: 00 00 00 AA F5 1B 41 03 
"
"2016-11-21 14:16:52ID: BB  Data: 00 00 00 AA 0A E8 B1 75 
"
"2016-11-21 14:16:52ID: BC  Data: 00 00 00 AA F5 17 4E 8B 
"
"2016-11-21 14:16:52ID: BB  Data: 00 00 00 AA 0A EA 02 47 
"
"2016-11-21 14:16:52ID: BC  Data: 00 00 00 AA F5 15 FD B9 
"
"2016-11-21 14:16:52ID: BB  Data: 00 00 00 AA 0A E8 B1 75 
"
"2016-11-21 14:16:52ID: BC  Data: 00 00 00 AA F5 17 4E 8B 
"
"2016-11-21 14:16:52ID: BB  Data: 00 00 00 AA 0A EF 45 91 
"
"2016-11-21 14:16:52ID: BC  Data: 00 00 00 AA F5 10 BA 6F 
"
"2016-11-21 14:16:52ID: BB  Data: 00 00 00 AA 0A EB 53 1A 
"
"2016-11-21 14:16:52ID: BC  Data: 00 00 00 AA F5 14 AC E6 
"
"2016-11-21 14:16:52ID: BB  Data: 00 00 00 AA 0A E6 0F D0 
"
"2016-11-21 14:16:52ID: BC  Data: 00 00 00 AA F5 19 F0 30 
"
"2016-11-21 14:16:52ID: BB  Data: 00 00 00 AA 0A B8 03 08 
"
"2016-11-21 14:16:52ID: BC  Data: 00 00 00 AA F5 47 FC F8 
"
"2016-11-21 14:16:53ID: BB  Data: 00 00 00 AA 0A 27 48 93 
"
"2016-11-21 14:16:53ID: BC  Data: 00 00 00 AA F5 D8 B7 6D 
"
"2016-11-21 14:16:53ID: BB  Data: 00 00 00 AA 08 DE 5A FE 
"
"2016-11-21 14:16:53ID: BC  Data: 00 00 00 AA F7 21 A5 02 
"
"2016-11-21 14:16:53ID: BB  Data: 00 00 00 AA 05 2D AC 8F 
"
"2016-11-21 14:16:53ID: BC  Data: 00 00 00 AA FA D2 53 71 
"
"2016-11-21 14:16:53ID: BB  Data: 00 00 00 AA 03 F3 38 05 
"
"2016-11-21 14:16:53ID: BC  Data: 00 00 00 AA FC 0C C7 FB 
"
"2016-11-21 14:16:53ID: BB  Data: 00 00 00 AA 03 9C 61 BF 
"
"2016-11-21 14:16:53ID: BC  Data: 00 00 00 AA FC 63 9E 41 
"
"2016-11-21 14:16:53ID: BB  Data: 00 00 00 AA 02 D1 C3 1B 
"
"2016-11-21 14:16:53ID: BC  Data: 00 00 00 AA FD 2E 3C E5 
"
"2016-11-21 14:16:53ID: BB  Data: 00 00 00 AA 02 4F 81 B2 
"
"2016-11-21 14:16:53ID: BC  Data: 00 00 00 AA FD B0 7E 4E 
"
"2016-11-21 14:16:53ID: BB  Data: 00 00 00 AA 02 2E 9D 23 
"
"2016-11-21 14:16:53ID: BC  Data: 00 00 00 AA FD D1 62 DD 
"
"2016-11-21 14:16:53ID: BB  Data: 00 00 00 AA 02 2E 9D 23 
"
"2016-11-21 14:16:53ID: BC  Data: 00 00 00 AA FD D1 62 DD 
"
"2016-11-21 14:16:53ID: BB  Data: 00 00 00 AA 02 32 8F 9B 
"
"2016-11-21 14:16:53ID: BC  Data: 00 00 00 AA FD CD 70 65 
"
"2016-11-21 14:16:53ID: BB  Data: 00 00 00 AA 02 3B C5 5D 
"
"2016-11-21 14:16:53ID: BC  Data: 00 00 00 AA FD C4 3A A3 
"
"2016-11-21 14:16:53ID: BB  Data: 00 00 00 AA 02 4B 8F 3B 
"
"2016-11-21 14:16:53ID: BC  Data: 00 00 00 AA FD B4 70 C5 
"
"2016-11-21 14:16:54ID: BB  Data: 00 00 00 AA 02 9A 80 92 
"
"2016-11-21 14:16:54ID: BC  Data: 00 00 00 AA FD 65 7F 6E 
"
"2016-11-21 14:16:54ID: BB  Data: 00 00 00 AA 02 E0 3C 27 
"
"2016-11-21 14:16:54ID: BC  Data: 00 00 00 AA FD 1F C3 D9 
"
"2016-11-21 14:16:54ID: BB  Data: 00 00 00 AA 04 36 51 F6 
"
"2016-11-21 14:16:54ID: BC  Data: 00 00 00 AA FB C9 AE 0A 
"
"2016-11-21 14:16:54ID: BB  Data: 00 00 00 AA 06 05 73 6B 
"
"2016-11-21 14:16:54ID: BC  Data: 00 00 00 AA F9 FA 8C 95 
"
"2016-11-21 14:16:54ID: BB  Data: 00 00 00 AA 07 C6 1B D6 
"
"2016-11-21 14:16:54ID: BC  Data: 00 00 00 AA F8 39 E4 2A 
"
"2016-11-21 14:16:54ID: BB  Data: 00 00 00 AA 08 41 C9 22 
"
"2016-11-21 14:16:54ID: BC  Data: 00 00 00 AA F7 BE 36 DE 
"
"2016-11-21 14:16:54ID: BB  Data: 00 00 00 AA 08 FF 3F 8D 
"
"2016-11-21 14:16:54ID: BC  Data: 00 00 00 AA F7 00 C0 73 
"
"2016-11-21 14:16:54ID: BB  Data: 00 00 00 AA 09 37 D2 E9 
"
"2016-11-21 14:16:54ID: BC  Data: 00 00 00 AA F6 C8 2D 17 
"
"2016-11-21 14:16:54ID: BB  Data: 00 00 00 AA 09 2F ED FA 
"
"2016-11-21 14:16:54ID: BC  Data: 00 00 00 AA F6 D0 12 06 
"
"2016-11-21 14:16:54ID: BB  Data: 00 00 00 AA 09 31 3E CC 
"
"2016-11-21 14:16:54ID: BC  Data: 00 00 00 AA F6 CE C1 34 
"
"2016-11-21 14:16:54ID: BB  Data: 00 00 00 AA 09 4B 8F 3F 
"
"2016-11-21 14:16:54ID: BC  Data: 00 00 00 AA F6 B4 70 C1 
"
"2016-11-21 14:16:55ID: BB  Data: 00 00 00 AA 09 60 9C 67 
"
"2016-11-21 14:16:55ID: BC  Data: 00 00 00 AA F6 9F 63 99 
"
"2016-11-21 14:16:55ID: BB  Data: 00 00 00 AA 09 96 8E 1E 
"
"2016-11-21 14:16:55ID: BC  Data: 00 00 00 AA F6 69 71 E2 
"
"2016-11-21 14:16:55ID: BB  Data: 00 00 00 AA 0A 14 DD 10 
"
"2016-11-21 14:16:55ID: BC  Data: 00 00 00 AA F5 EB 22 F0 
"
"2016-11-21 14:16:55ID: BB  Data: 00 00 00 AA 0A 23 56 1B 
"
"2016-11-21 14:16:55ID: BC  Data: 00 00 00 AA F5 DC A9 E5 
"
"2016-11-21 14:16:55ID: BB  Data: 00 00 00 AA 0A 25 F7 C0 
"
"2016-11-21 14:16:55ID: BC  Data: 00 00 00 AA F5 DA 08 40 
"
"2016-11-21 14:16:55ID: BB  Data: 00 00 00 AA 0A 1F 63 A4 
"
"2016-11-21 14:16:55ID: BC  Data: 00 00 00 AA F5 E0 9C 5C 
"
"2016-11-21 14:16:55ID: BB  Data: 00 00 00 AA 0A 42 E9 D8 
"
"2016-11-21 14:16:55ID: BC  Data: 00 00 00 AA F5 BD 16 28 
"
"2016-11-21 14:16:55ID: BB  Data: 00 00 00 AA 0A 41 99 05 
"
"2016-11-21 14:16:55ID: BC  Data: 00 00 00 AA F5 BE 66 FB 
"
"2016-11-21 14:16:55ID: BB  Data: 00 00 00 AA 0A 45 8B 7D 
"
"2016-11-21 14:16:55ID: BC  Data: 00 00 00 AA F5 BA 74 83 
"
"2016-11-21 14:16:55ID: BB  Data: 00 00 00 AA 0A 46 DC 4F 
"
"2016-11-21 14:16:55ID: BC  Data: 00 00 00 AA F5 B9 23 B1 
"
"2016-11-21 14:16:55ID: BB  Data: 00 00 00 AA 0A 33 1F F9 
"
"2016-11-21 14:16:55ID: BC  Data: 00 00 00 AA F5 CC E0 07 
"
"2016-11-21 14:16:55ID: BB  Data: 00 00 00 AA 0A 25 F7 C0 
"
"2016-11-21 14:16:56ID: BC  Data: 00 00 00 AA F5 DA 08 40 
"
"2016-11-21 14:16:56ID: BB  Data: 00 00 00 AA 0A 2D DC AF 
"
"2016-11-21 14:16:56ID: BC  Data: 00 00 00 AA F5 D2 23 51 
"
"2016-11-21 14:16:56ID: BB  Data: 00 00 00 AA 0A 2B 3B 0A 
"
"2016-11-21 14:16:56ID: BC  Data: 00 00 00 AA F5 D4 C4 F6 
"
"2016-11-21 14:16:56ID: BB  Data: 00 00 00 AA 0A 45 8B 7D 
"
"2016-11-21 14:16:56ID: BC  Data: 00 00 00 AA F5 BA 74 83 
"
"2016-11-21 14:16:56ID: BB  Data: 00 00 00 AA 0A 42 E9 D8 
"
"2016-11-21 14:16:56ID: BC  Data: 00 00 00 AA F5 BD 16 28 
"
"2016-11-21 14:16:56ID: BB  Data: 00 00 00 AA 0A 3D A6 8E 
"
"2016-11-21 14:16:56ID: BC  Data: 00 00 00 AA F5 C2 59 72 
"
"2016-11-21 14:16:56ID: BB  Data: 00 00 00 AA 0A 49 7D F4 
"
"2016-11-21 14:16:56ID: BC  Data: 00 00 00 AA F5 B6 82 0C 
"
"2016-11-21 14:16:56ID: BB  Data: 00 00 00 AA 0A 46 DC 4F 
"
"2016-11-21 14:16:56ID: BC  Data: 00 00 00 AA F5 B9 23 B1 
"
"2016-11-21 14:16:56ID: BB  Data: 00 00 00 AA 0A 29 EA 38 
"
"2016-11-21 14:16:56ID: BC  Data: 00 00 00 AA F5 D6 15 C8 
"
"2016-11-21 14:16:56ID: BB  Data: 00 00 00 AA 0A 29 EA 38 
"
"2016-11-21 14:16:56ID: BC  Data: 00 00 00 AA F5 D6 15 C8 
"
"2016-11-21 14:16:56ID: BB  Data: 00 00 00 AA 0A 30 7E 54 
"
"2016-11-21 14:16:56ID: BC  Data: 00 00 00 AA F5 CF 81 AC 
"
"2016-11-21 14:16:56ID: BB  Data: 00 00 00 AA 0A 22 05 49 
"
"2016-11-21 14:16:56ID: BC  Data: 00 00 00 AA F5 DD FA B7 
"
"2016-11-21 14:16:57ID: BB  Data: 00 00 00 AA 0A 33 1F F9 
"
"2016-11-21 14:16:57ID: BC  Data: 00 00 00 AA F5 CC E0 07 
"
"2016-11-21 14:16:57ID: BB  Data: 00 00 00 AA 0A 30 7E 54 
"
"2016-11-21 14:16:57ID: BC  Data: 00 00 00 AA F5 CF 81 AC 
"
"2016-11-21 14:16:57ID: BB  Data: 00 00 00 AA 0A 29 EA 38 
"
"2016-11-21 14:16:57ID: BC  Data: 00 00 00 AA F5 D6 15 C8 
"
"2016-11-21 14:16:57ID: BB  Data: 00 00 00 AA 0A 3D A6 8E 
"
"2016-11-21 14:16:57ID: BC  Data: 00 00 00 AA F5 C2 59 72 
"
"2016-11-21 14:16:57ID: BB  Data: 00 00 00 AA 0A 29 EA 38 
"
"2016-11-21 14:16:57ID: BC  Data: 00 00 00 AA F5 D6 15 C8 
"
"2016-11-21 14:16:57ID: BB  Data: 00 00 00 AA 0A 33 1F F9 
"
"2016-11-21 14:16:57ID: BC  Data: 00 00 00 AA F5 CC E0 07 
"
"2016-11-21 14:16:57ID: BB  Data: 00 00 00 AA 0A 22 05 49 
"
"2016-11-21 14:16:57ID: BC  Data: 00 00 00 AA F5 DD FA B7 
"
"2016-11-21 14:16:57ID: BB  Data: 00 00 00 AA 0A 37 12 71 
"
"2016-11-21 14:16:57ID: BC  Data: 00 00 00 AA F5 C8 ED 8F 
"
"2016-11-21 14:16:57ID: BB  Data: 00 00 00 AA 0A 49 7D F4 
"
"2016-11-21 14:16:57ID: BC  Data: 00 00 00 AA F5 B6 82 0C 
"
"2016-11-21 14:16:57ID: BB  Data: 00 00 00 AA 0A 55 55 5B 
"
"2016-11-21 14:16:57ID: BC  Data: 00 00 00 AA F5 AA AA A5 
"
"2016-11-21 14:16:57ID: BB  Data: 00 00 00 AA 0A C2 89 9C 
"
"2016-11-21 14:16:57ID: BC  Data: 00 00 00 AA F5 3D 76 64 
"
"2016-11-21 14:16:58ID: BB  Data: 00 00 00 AA 0A F4 88 DB 
"
"2016-11-21 14:16:58ID: BC  Data: 00 00 00 AA F5 0B 77 25 
"
"2016-11-21 14:16:58ID: BB  Data: 00 00 00 AA 0B 1A B0 B4 
"
"2016-11-21 14:16:58ID: BC  Data: 00 00 00 AA F4 E5 4F 4C 
"
"2016-11-21 14:16:58ID: BB  Data: 00 00 00 AA 0B 05 A3 8C 
"
"2016-11-21 14:16:58ID: BC  Data: 00 00 00 AA F4 FA 5C 74 
"
"2016-11-21 14:16:58ID: BB  Data: 00 00 00 AA 0B 11 7A F3 
"
"2016-11-21 14:16:58ID: BC  Data: 00 00 00 AA F4 EE 85 0D 
"
"2016-11-21 14:16:58ID: BB  Data: 00 00 00 AA 0B 08 45 31 
"
"2016-11-21 14:16:58ID: BC  Data: 00 00 00 AA F4 F7 BA CF 
"
"2016-11-21 14:16:58ID: BB  Data: 00 00 00 AA 0B 14 1C 98 
"
"2016-11-21 14:16:58ID: BC  Data: 00 00 00 AA F4 EB E3 68 
"
"2016-11-21 14:16:58ID: BB  Data: 00 00 00 AA 0B 22 95 A4 
"
"2016-11-21 14:16:58ID: BC  Data: 00 00 00 AA F4 DD 6A 5C 
"
"2016-11-21 14:16:58ID: BB  Data: 00 00 00 AA 0B 29 29 C0 
"
"2016-11-21 14:16:58ID: BC  Data: 00 00 00 AA F4 D6 D6 40 
"
"2016-11-21 14:16:58ID: BB  Data: 00 00 00 AA 0B 25 37 49 
"
"2016-11-21 14:16:58ID: BC  Data: 00 00 00 AA F4 DA C8 B7 
"
"2016-11-21 14:16:58ID: BB  Data: 00 00 00 AA 0B 27 D8 EE 
"
"2016-11-21 14:16:58ID: BC  Data: 00 00 00 AA F4 D8 27 12 
"
"2016-11-21 14:16:58ID: BB  Data: 00 00 00 AA 0B 27 D8 EE 
"
"2016-11-21 14:16:58ID: BC  Data: 00 00 00 AA F4 D8 27 12 
"
"2016-11-21 14:16:58ID: BB  Data: 00 00 00 AA 0B 21 44 D1 
"
"2016-11-21 14:16:58ID: BC  Data: 00 00 00 AA F4 DE BB 2F 
"
"2016-11-21 14:16:59ID: BB  Data: 00 00 00 AA 0A FC 6D CB 
"
"2016-11-21 14:16:59ID: BC  Data: 00 00 00 AA F5 03 92 35 
"
"2016-11-21 14:16:59ID: BB  Data: 00 00 00 AA 0B 12 CB C5 
"
"2016-11-21 14:16:59ID: BC  Data: 00 00 00 AA F4 ED 34 3B 
"
"2016-11-21 14:16:59ID: BB  Data: 00 00 00 AA 0B 00 60 42 
"
"2016-11-21 14:16:59ID: BC  Data: 00 00 00 AA F4 FF 9F BE 
"
"2016-11-21 14:16:59ID: BB  Data: 00 00 00 AA 0B 06 F4 5F 
"
"2016-11-21 14:16:59ID: BC  Data: 00 00 00 AA F4 F9 0B A1 
"
"2016-11-21 14:16:59ID: BB  Data: 00 00 00 AA 0A EA 02 47 
"
"2016-11-21 14:16:59ID: BC  Data: 00 00 00 AA F5 15 FD B9 
"
"2016-11-21 14:16:59ID: BB  Data: 00 00 00 AA 0B 08 45 31 
"
"2016-11-21 14:16:59ID: BC  Data: 00 00 00 AA F4 F7 BA CF 
"
"2016-11-21 14:16:59ID: BB  Data: 00 00 00 AA 0A E0 CC 86 
"
"2016-11-21 14:16:59ID: BC  Data: 00 00 00 AA F5 1F 33 7A 
"
"2016-11-21 14:16:59ID: BB  Data: 00 00 00 AA 0A F8 7B 53 
"
"2016-11-21 14:16:59ID: BC  Data: 00 00 00 AA F5 07 84 AD 
"
"2016-11-21 14:16:59ID: BB  Data: 00 00 00 AA 0A D6 45 F2 
"
"2016-11-21 14:16:59ID: BC  Data: 00 00 00 AA F5 29 BA 0E 
"
"2016-11-21 14:16:59ID: BB  Data: 00 00 00 AA 0A E6 0F D0 
"
"2016-11-21 14:16:59ID: BC  Data: 00 00 00 AA F5 19 F0 30 
"
"2016-11-21 14:16:59ID: BB  Data: 00 00 00 AA 0A DA 38 69 
"
"2016-11-21 14:16:59ID: BC  Data: 00 00 00 AA F5 25 C7 97 
"
"2016-11-21 14:17:00ID: BB  Data: 00 00 00 AA 0A DC DA 0E 
"
"2016-11-21 14:17:00ID: BC  Data: 00 00 00 AA F5 23 25 F2 
"
"2016-11-21 14:17:00ID: BB  Data: 00 00 00 AA 0A EB 53 1A 
"
"2016-11-21 14:17:00ID: BC  Data: 00 00 00 AA F5 14 AC E6 
"
"2016-11-21 14:17:00ID: BB  Data: 00 00 00 AA 0A EF 45 91 
"
"2016-11-21 14:17:00ID: BC  Data: 00 00 00 AA F5 10 BA 6F 
"
"2016-11-21 14:17:00ID: BB  Data: 00 00 00 AA 0A F7 2A 80 
"
"2016-11-21 14:17:00ID: BC  Data: 00 00 00 AA F5 08 D5 80 
"
"2016-11-21 14:17:00ID: BB  Data: 00 00 00 AA 0A FB 1C F8 
"
"2016-11-21 14:17:00ID: BC  Data: 00 00 00 AA F5 04 E3 08 
"
"2016-11-21 14:17:00ID: BB  Data: 00 00 00 AA 0A F0 96 64 
"
"2016-11-21 14:17:00ID: BC  Data: 00 00 00 AA F5 0F 69 9C 
"
"2016-11-21 14:17:00ID: BB  Data: 00 00 00 AA 0B 09 96 04 
"
"2016-11-21 14:17:00ID: BC  Data: 00 00 00 AA F4 F6 69 FC 
"
"2016-11-21 14:17:00ID: BB  Data: 00 00 00 AA 0A F9 CC 26 
"
"2016-11-21 14:17:00ID: BC  Data: 00 00 00 AA F5 06 33 DA 
"
"2016-11-21 14:17:00ID: BB  Data: 00 00 00 AA 0A F8 7B 53 
"
"2016-11-21 14:17:00ID: BC  Data: 00 00 00 AA F5 07 84 AD 
"
"2016-11-21 14:17:00ID: BB  Data: 00 00 00 AA 0A F5 D9 AE 
"
"2016-11-21 14:17:00ID: BC  Data: 00 00 00 AA F5 0A 26 52 
"
"2016-11-21 14:17:00ID: BB  Data: 00 00 00 AA 0A FC 6D CB 
"
"2016-11-21 14:17:00ID: BC  Data: 00 00 00 AA F5 03 92 35 
"
"2016-11-21 14:17:01ID: BB  Data: 00 00 00 AA 0A F8 7B 53 
"
"2016-11-21 14:17:01ID: BC  Data: 00 00 00 AA F5 07 84 AD 
"
"2016-11-21 14:17:01ID: BB  Data: 00 00 00 AA 0A F8 7B 53 
"
"2016-11-21 14:17:01ID: BC  Data: 00 00 00 AA F5 07 84 AD 
"
"2016-11-21 14:17:01ID: BB  Data: 00 00 00 AA 0A F9 CC 26 
"
"2016-11-21 14:17:01ID: BC  Data: 00 00 00 AA F5 06 33 DA 
"
"2016-11-21 14:17:01ID: BB  Data: 00 00 00 AA 0A F7 2A 80 
"
"2016-11-21 14:17:01ID: BC  Data: 00 00 00 AA F5 08 D5 80 
"
"2016-11-21 14:17:01ID: BB  Data: 00 00 00 AA 0A F7 2A 80 
"
"2016-11-21 14:17:01ID: BC  Data: 00 00 00 AA F5 08 D5 80 
"
"2016-11-21 14:17:01ID: BB  Data: 00 00 00 AA 0A FC 6D CB 
"
"2016-11-21 14:17:01ID: BC  Data: 00 00 00 AA F5 03 92 35 
"
"2016-11-21 14:17:01ID: BB  Data: 00 00 00 AA 0A FF 0F 70 
"
"2016-11-21 14:17:01ID: BC  Data: 00 00 00 AA F5 00 F0 90 
"
"2016-11-21 14:17:01ID: BB  Data: 00 00 00 AA 0B 0E D9 4E 
"
"2016-11-21 14:17:01ID: BC  Data: 00 00 00 AA F4 F1 26 B2 
"
"2016-11-21 14:17:01ID: BB  Data: 00 00 00 AA 0B 3B 95 43 
"
"2016-11-21 14:17:01ID: BC  Data: 00 00 00 AA F4 C4 6A BD 
"
"2016-11-21 14:17:01ID: BB  Data: 00 00 00 AA 0B D8 27 1F 
"
"2016-11-21 14:17:01ID: BC  Data: 00 00 00 AA F4 27 D8 E1 
"
"2016-11-21 14:17:01ID: BB  Data: 00 00 00 AA 0C 40 18 16 
"
"2016-11-21 14:17:01ID: BC  Data: 00 00 00 AA F3 BF E7 EA 
"
"2016-11-21 14:17:01ID: BB  Data: 00 00 00 AA 0C 6E 24 DE 
"
"2016-11-21 14:17:01ID: BC  Data: 00 00 00 AA F3 91 DB 22 
"
"2016-11-21 14:17:02ID: BB  Data: 00 00 00 AA 0C 73 68 28 
"
"2016-11-21 14:17:02ID: BC  Data: 00 00 00 AA F3 8C 97 D8 
"
"2016-11-21 14:17:02ID: BB  Data: 00 00 00 AA 0C 72 17 55 
"
"2016-11-21 14:17:02ID: BC  Data: 00 00 00 AA F3 8D E8 AB 
"
"2016-11-21 14:17:02ID: BB  Data: 00 00 00 AA 0C 77 5A 9F 
"
"2016-11-21 14:17:02ID: BC  Data: 00 00 00 AA F3 88 A5 61 
"
"2016-11-21 14:17:02ID: BB  Data: 00 00 00 AA 0C 7B 4D 17 
"
"2016-11-21 14:17:02ID: BC  Data: 00 00 00 AA F3 84 B2 E9 
"
"2016-11-21 14:17:02ID: BB  Data: 00 00 00 AA 0C 7C 9D E9 
"
"2016-11-21 14:17:02ID: BC  Data: 00 00 00 AA F3 83 62 17 
"
"2016-11-21 14:17:02ID: BB  Data: 00 00 00 AA 0C AE 9D 29 
"
"2016-11-21 14:17:02ID: BC  Data: 00 00 00 AA F3 51 62 D7 
"
"2016-11-21 14:17:02ID: BB  Data: 00 00 00 AA 0D 1F C3 E2 
"
"2016-11-21 14:17:02ID: BC  Data: 00 00 00 AA F2 E0 3C 1E 
"
"2016-11-21 14:17:02ID: BB  Data: 00 00 00 AA 0D 26 57 FE 
"
"2016-11-21 14:17:02ID: BC  Data: 00 00 00 AA F2 D9 A8 02 
"
"2016-11-21 14:17:02ID: BB  Data: 00 00 00 AA 0D 51 C3 21 
"
"2016-11-21 14:17:02ID: BC  Data: 00 00 00 AA F2 AE 3C DF 
"
"2016-11-21 14:17:02ID: BB  Data: 00 00 00 AA 0D 61 8C FF 
"
"2016-11-21 14:17:02ID: BC  Data: 00 00 00 AA F2 9E 73 01 
"
"2016-11-21 14:17:02ID: BB  Data: 00 00 00 AA 0D 53 13 F4 
"
"2016-11-21 14:17:02ID: BC  Data: 00 00 00 AA F2 AC EC 0C 
"
"2016-11-21 14:17:03ID: BB  Data: 00 00 00 AA 0D 61 8C FF 
"
"2016-11-21 14:17:03ID: BC  Data: 00 00 00 AA F2 9E 73 01 
"
"2016-11-21 14:17:03ID: BB  Data: 00 00 00 AA 0D 49 DE 32 
"
"2016-11-21 14:17:03ID: BC  Data: 00 00 00 AA F2 B6 21 CE 
"
"2016-11-21 14:17:03ID: BB  Data: 00 00 00 AA 0D A8 99 67 
"
"2016-11-21 14:17:03ID: BC  Data: 00 00 00 AA F2 57 66 99 
"
"2016-11-21 14:17:03ID: BB  Data: 00 00 00 AA 0D AC 8B DF 
"
"2016-11-21 14:17:03ID: BC  Data: 00 00 00 AA F2 53 74 21 
"
"2016-11-21 14:17:03ID: BB  Data: 00 00 00 AA 0D A8 99 67 
"
"2016-11-21 14:17:03ID: BC  Data: 00 00 00 AA F2 57 66 99 
"
"2016-11-21 14:17:03ID: BB  Data: 00 00 00 AA 0D AC 8B DF 
"
"2016-11-21 14:17:03ID: BC  Data: 00 00 00 AA F2 53 74 21 
"
"2016-11-21 14:17:03ID: BB  Data: 00 00 00 AA 0D B1 CF 29 
"
"2016-11-21 14:17:03ID: BC  Data: 00 00 00 AA F2 4E 30 D7 
"
"2016-11-21 14:17:03ID: BB  Data: 00 00 00 AA 0D AB 3B 0C 
"
"2016-11-21 14:17:03ID: BC  Data: 00 00 00 AA F2 54 C4 F4 
"
"2016-11-21 14:17:03ID: BB  Data: 00 00 00 AA 0D 9E 12 D3 
"
"2016-11-21 14:17:03ID: BC  Data: 00 00 00 AA F2 61 ED 2D 
"
"2016-11-21 14:17:03ID: BB  Data: 00 00 00 AA 0D 94 DD 11 
"
"2016-11-21 14:17:03ID: BC  Data: 00 00 00 AA F2 6B 22 EF 
"
"2016-11-21 14:17:03ID: BB  Data: 00 00 00 AA 0D A7 48 95 
"
"2016-11-21 14:17:03ID: BC  Data: 00 00 00 AA F2 58 B7 6B 
"
"2016-11-21 14:17:03ID: BB  Data: 00 00 00 AA 0D ED 04 2A 
"
"2016-11-21 14:17:04ID: BC  Data: 00 00 00 AA F2 12 FB D6 
"
"2016-11-21 14:17:04ID: BB  Data: 00 00 00 AA 0E 52 53 7C 
"
"2016-11-21 14:17:04ID: BC  Data: 00 00 00 AA F1 AD AC 84 
"
"2016-11-21 14:17:04ID: BB  Data: 00 00 00 AA 0E 91 7A F5 
"
"2016-11-21 14:17:04ID: BC  Data: 00 00 00 AA F1 6E 85 0B 
"
"2016-11-21 14:17:04ID: BB  Data: 00 00 00 AA 0E 99 5F E4 
"
"2016-11-21 14:17:04ID: BC  Data: 00 00 00 AA F1 66 A0 1C 
"
"2016-11-21 14:17:04ID: BB  Data: 00 00 00 AA 0E A9 29 C2 
"
"2016-11-21 14:17:04ID: BC  Data: 00 00 00 AA F1 56 D6 3E 
"
"2016-11-21 14:17:04ID: BB  Data: 00 00 00 AA 0E FD 5E 63 
"
"2016-11-21 14:17:04ID: BC  Data: 00 00 00 AA F1 02 A1 9D 
"
"2016-11-21 14:17:04ID: BB  Data: 00 00 00 AA 0F 02 A1 AD 
"
"2016-11-21 14:17:04ID: BC  Data: 00 00 00 AA F0 FD 5E 53 
"
"2016-11-21 14:17:04ID: BB  Data: 00 00 00 AA 0F 01 50 DB 
"
"2016-11-21 14:17:04ID: BC  Data: 00 00 00 AA F0 FE AF 25 
"
"2016-11-21 14:17:04ID: BB  Data: 00 00 00 AA 0F 01 50 DB 
"
"2016-11-21 14:17:04ID: BC  Data: 00 00 00 AA F0 FE AF 25 
"
"2016-11-21 14:17:04ID: BB  Data: 00 00 00 AA 0F 01 50 DB 
"
"2016-11-21 14:17:04ID: BC  Data: 00 00 00 AA F0 FE AF 25 
"
"2016-11-21 14:17:04ID: BB  Data: 00 00 00 AA 0F 00 00 08 
"
"2016-11-21 14:17:04ID: BC  Data: 00 00 00 AA F0 FF FF F8 
"
"2016-11-21 14:17:04ID: BB  Data: 00 00 00 AA 0F 02 A1 AD 
"
"2016-11-21 14:17:04ID: BC  Data: 00 00 00 AA F0 FD 5E 53 
"
"2016-11-21 14:17:05ID: BB  Data: 00 00 00 AA 0F 02 A1 AD 
"
"2016-11-21 14:17:05ID: BC  Data: 00 00 00 AA F0 FD 5E 53 
"
"2016-11-21 14:17:05ID: BB  Data: 00 00 00 AA 0F 02 A1 AD 
"
"2016-11-21 14:17:05ID: BC  Data: 00 00 00 AA F0 FD 5E 53 
"
"2016-11-21 14:17:05ID: BB  Data: 00 00 00 AA 0F 00 00 08 
"
"2016-11-21 14:17:05ID: BC  Data: 00 00 00 AA F0 FF FF F8 
"
"2016-11-21 14:17:05ID: BB  Data: 00 00 00 AA 0F 02 A1 AD 
"
"2016-11-21 14:17:05ID: BC  Data: 00 00 00 AA F0 FD 5E 53 
"
"2016-11-21 14:17:05ID: BB  Data: 00 00 00 AA 0E EE E5 57 
"
"2016-11-21 14:17:05ID: BC  Data: 00 00 00 AA F1 11 1A A9 
"
"2016-11-21 14:17:05ID: BB  Data: 00 00 00 AA 0E EA F2 E0 
"
"2016-11-21 14:17:05ID: BC  Data: 00 00 00 AA F1 15 0D 20 
"
"2016-11-21 14:17:05ID: BB  Data: 00 00 00 AA 0E EA F2 E0 
"
"2016-11-21 14:17:05ID: BC  Data: 00 00 00 AA F1 15 0D 20 
"
"2016-11-21 14:17:05ID: BB  Data: 00 00 00 AA 0E DC 79 D4 
"
"2016-11-21 14:17:05ID: BC  Data: 00 00 00 AA F1 23 86 2C 
"
"2016-11-21 14:17:05ID: BB  Data: 00 00 00 AA 0E D5 E5 B8 
"
"2016-11-21 14:17:05ID: BC  Data: 00 00 00 AA F1 2A 1A 48 
"
"2016-11-21 14:17:05ID: BB  Data: 00 00 00 AA 0E BF 87 BD 
"
"2016-11-21 14:17:05ID: BC  Data: 00 00 00 AA F1 40 78 43 
"
"2016-11-21 14:17:05ID: BB  Data: 00 00 00 AA 0E B7 A2 CE 
"
"2016-11-21 14:17:05ID: BC  Data: 00 00 00 AA F1 48 5D 32 
"
"2016-11-21 14:17:06ID: BB  Data: 00 00 00 AA 0E A2 95 A5 
"
"2016-11-21 14:17:06ID: BC  Data: 00 00 00 AA F1 5D 6A 5B 
"
"2016-11-21 14:17:06ID: BB  Data: 00 00 00 AA 0E 91 7A F5 
"
"2016-11-21 14:17:06ID: BC  Data: 00 00 00 AA F1 6E 85 0B 
"
"2016-11-21 14:17:06ID: BB  Data: 00 00 00 AA 0E 92 CB C7 
"
"2016-11-21 14:17:06ID: BC  Data: 00 00 00 AA F1 6D 34 39 
"
"2016-11-21 14:17:06ID: BB  Data: 00 00 00 AA 0E 95 6D 6C 
"
"2016-11-21 14:17:06ID: BC  Data: 00 00 00 AA F1 6A 92 94 
"
"2016-11-21 14:17:06ID: BB  Data: 00 00 00 AA 0E 96 BE 3F 
"
"2016-11-21 14:17:06ID: BC  Data: 00 00 00 AA F1 69 41 C1 
"
"2016-11-21 14:17:06ID: BB  Data: 00 00 00 AA 0E 95 6D 6C 
"
"2016-11-21 14:17:06ID: BC  Data: 00 00 00 AA F1 6A 92 94 
"
"2016-11-21 14:17:06ID: BB  Data: 00 00 00 AA 0E 92 CB C7 
"
"2016-11-21 14:17:06ID: BC  Data: 00 00 00 AA F1 6D 34 39 
"
"2016-11-21 14:17:06ID: BB  Data: 00 00 00 AA 0E 96 BE 3F 
"
"2016-11-21 14:17:06ID: BC  Data: 00 00 00 AA F1 69 41 C1 
"
"2016-11-21 14:17:06ID: BB  Data: 00 00 00 AA 0E 9F F4 00 
"
"2016-11-21 14:17:06ID: BC  Data: 00 00 00 AA F1 60 0C 00 
"
"2016-11-21 14:17:06ID: BB  Data: 00 00 00 AA 0E 8A E6 D8 
"
"2016-11-21 14:17:06ID: BC  Data: 00 00 00 AA F1 75 19 28 
"
"2016-11-21 14:17:06ID: BB  Data: 00 00 00 AA 0E 94 1C 9A 
"
"2016-11-21 14:17:06ID: BC  Data: 00 00 00 AA F1 6B E3 66 
"
"2016-11-21 14:17:06ID: BB  Data: 00 00 00 AA 0E 78 7B 55 
"
"2016-11-21 14:17:06ID: BC  Data: 00 00 00 AA F1 87 84 AB 
"
"2016-11-21 14:17:07ID: BB  Data: 00 00 00 AA 0E 7C 6D CC 
"
"2016-11-21 14:17:07ID: BC  Data: 00 00 00 AA F1 83 92 34 
"
"2016-11-21 14:17:07ID: BB  Data: 00 00 00 AA 0E 78 7B 55 
"
"2016-11-21 14:17:07ID: BC  Data: 00 00 00 AA F1 87 84 AB 
"
"2016-11-21 14:17:07ID: BB  Data: 00 00 00 AA 0E 56 45 F3 
"
"2016-11-21 14:17:07ID: BC  Data: 00 00 00 AA F1 A9 BA 0D 
"
"2016-11-21 14:17:07ID: BB  Data: 00 00 00 AA 0E 47 CC E8 
"
"2016-11-21 14:17:07ID: BC  Data: 00 00 00 AA F1 B8 33 18 
"
"2016-11-21 14:17:07ID: BB  Data: 00 00 00 AA 0E 4A 6E 8D 
"
"2016-11-21 14:17:07ID: BC  Data: 00 00 00 AA F1 B5 91 73 
"
"2016-11-21 14:17:07ID: BB  Data: 00 00 00 AA 0E 38 03 0A 
"
"2016-11-21 14:17:07ID: BC  Data: 00 00 00 AA F1 C7 FC F6 
"
"2016-11-21 14:17:07ID: BB  Data: 00 00 00 AA 0E 26 E8 59 
"
"2016-11-21 14:17:07ID: BC  Data: 00 00 00 AA F1 D9 17 A7 
"
"2016-11-21 14:17:07ID: BB  Data: 00 00 00 AA 0D C8 2D 24 
"
"2016-11-21 14:17:07ID: BC  Data: 00 00 00 AA F2 37 D2 DC 
"
"2016-11-21 14:17:07ID: BB  Data: 00 00 00 AA 0D BD A6 90 
"
"2016-11-21 14:17:07ID: BC  Data: 00 00 00 AA F2 42 59 70 
"
"2016-11-21 14:17:07ID: BB  Data: 00 00 00 AA 0D 9E 12 D3 
"
"2016-11-21 14:17:07ID: BC  Data: 00 00 00 AA F2 61 ED 2D 
"
"2016-11-21 14:17:07ID: BB  Data: 00 00 00 AA 0D A7 48 95 
"
"2016-11-21 14:17:07ID: BC  Data: 00 00 00 AA F2 58 B7 6B 
"
"2016-11-21 14:17:08ID: BB  Data: 00 00 00 AA 0D B8 63 45 
"
"2016-11-21 14:17:08ID: BC  Data: 00 00 00 AA F2 47 9C BB 
"
"2016-11-21 14:17:08ID: BB  Data: 00 00 00 AA 0D AF 2D 84 
"
"2016-11-21 14:17:08ID: BC  Data: 00 00 00 AA F2 50 D2 7C 
"
"2016-11-21 14:17:08ID: BB  Data: 00 00 00 AA 0D B4 70 CE 
"
"2016-11-21 14:17:08ID: BC  Data: 00 00 00 AA F2 4B 8F 32 
"
"2016-11-21 14:17:08ID: BB  Data: 00 00 00 AA 0D A8 99 67 
"
"2016-11-21 14:17:08ID: BC  Data: 00 00 00 AA F2 57 66 99 
"
"2016-11-21 14:17:08ID: BB  Data: 00 00 00 AA 0D A7 48 95 
"
"2016-11-21 14:17:08ID: BC  Data: 00 00 00 AA F2 58 B7 6B 
"
"2016-11-21 14:17:08ID: BB  Data: 00 00 00 AA 0D AC 8B DF 
"
"2016-11-21 14:17:08ID: BC  Data: 00 00 00 AA F2 53 74 21 
"
"2016-11-21 14:17:08ID: BB  Data: 00 00 00 AA 0D B3 1F FB 
"
"2016-11-21 14:17:08ID: BC  Data: 00 00 00 AA F2 4C E0 05 
"
"2016-11-21 14:17:08ID: BB  Data: 00 00 00 AA 0D BD A6 90 
"
"2016-11-21 14:17:08ID: BC  Data: 00 00 00 AA F2 42 59 70 
"
"2016-11-21 14:17:08ID: BB  Data: 00 00 00 AA 0D CD 70 6E 
"
"2016-11-21 14:17:08ID: BC  Data: 00 00 00 AA F2 32 8F 92 
"
"2016-11-21 14:17:08ID: BB  Data: 00 00 00 AA 0D D0 12 13 
"
"2016-11-21 14:17:08ID: BC  Data: 00 00 00 AA F2 2F ED ED 
"
"2016-11-21 14:17:08ID: BB  Data: 00 00 00 AA 0D D5 55 5D 
"
"2016-11-21 14:17:08ID: BC  Data: 00 00 00 AA F2 2A AA A3 
"
"2016-11-21 14:17:09ID: BB  Data: 00 00 00 AA 0D D5 55 5D 
"
"2016-11-21 14:17:09ID: BC  Data: 00 00 00 AA F2 2A AA A3 
"
"2016-11-21 14:17:09ID: BB  Data: 00 00 00 AA 0D D5 55 5D 
"
"2016-11-21 14:17:09ID: BC  Data: 00 00 00 AA F2 2A AA A3 
"
"2016-11-21 14:17:09ID: BB  Data: 00 00 00 AA 0D D4 04 8A 
"
"2016-11-21 14:17:09ID: BC  Data: 00 00 00 AA F2 2B FB 76 
"
"2016-11-21 14:17:09ID: BB  Data: 00 00 00 AA 0D CC 1F 9B 
"
"2016-11-21 14:17:09ID: BC  Data: 00 00 00 AA F2 33 E0 65 
"
"2016-11-21 14:17:09ID: BB  Data: 00 00 00 AA 0D D9 47 D4 
"
"2016-11-21 14:17:09ID: BC  Data: 00 00 00 AA F2 26 B8 2C 
"
"2016-11-21 14:17:09ID: BB  Data: 00 00 00 AA 0D CD 70 6E 
"
"2016-11-21 14:17:09ID: BC  Data: 00 00 00 AA F2 32 8F 92 
"
"2016-11-21 14:17:09ID: BB  Data: 00 00 00 AA 0D D0 12 13 
"
"2016-11-21 14:17:09ID: BC  Data: 00 00 00 AA F2 2F ED ED 
"
"2016-11-21 14:17:09ID: BB  Data: 00 00 00 AA 0D CA CE C9 
"
"2016-11-21 14:17:09ID: BC  Data: 00 00 00 AA F2 35 31 37 
"
"2016-11-21 14:17:09ID: BB  Data: 00 00 00 AA 0D CA CE C9 
"
"2016-11-21 14:17:09ID: BC  Data: 00 00 00 AA F2 35 31 37 
"
"2016-11-21 14:17:09ID: BB  Data: 00 00 00 AA 0D C8 2D 24 
"
"2016-11-21 14:17:09ID: BC  Data: 00 00 00 AA F2 37 D2 DC 
"
"2016-11-21 14:17:09ID: BB  Data: 00 00 00 AA 0D C6 DC 51 
"
"2016-11-21 14:17:09ID: BC  Data: 00 00 00 AA F2 39 23 AF 
"
"2016-11-21 14:17:09ID: BB  Data: 00 00 00 AA 0D C6 DC 51 
"
"2016-11-21 14:17:09ID: BC  Data: 00 00 00 AA F2 39 23 AF 
"
"2016-11-21 14:17:10ID: BB  Data: 00 00 00 AA 0D B8 63 45 
"
"2016-11-21 14:17:10ID: BC  Data: 00 00 00 AA F2 47 9C BB 
"
"2016-11-21 14:17:10ID: BB  Data: 00 00 00 AA 0D A4 A6 F0 
"
"2016-11-21 14:17:10ID: BC  Data: 00 00 00 AA F2 5B 59 10 
"
"2016-11-21 14:17:10ID: BB  Data: 00 00 00 AA 0D A0 B4 78 
"
"2016-11-21 14:17:10ID: BC  Data: 00 00 00 AA F2 5F 4B 88 
"
"2016-11-21 14:17:10ID: BB  Data: 00 00 00 AA 0D AD DC B1 
"
"2016-11-21 14:17:10ID: BC  Data: 00 00 00 AA F2 52 23 4F 
"
"2016-11-21 14:17:10ID: BB  Data: 00 00 00 AA 0D AF 2D 84 
"
"2016-11-21 14:17:10ID: BC  Data: 00 00 00 AA F2 50 D2 7C 
"
"2016-11-21 14:17:10ID: BB  Data: 00 00 00 AA 0D A8 99 67 
"
"2016-11-21 14:17:10ID: BC  Data: 00 00 00 AA F2 57 66 99 
"
"2016-11-21 14:17:10ID: BB  Data: 00 00 00 AA 0D 98 CF 89 
"
"2016-11-21 14:17:10ID: BC  Data: 00 00 00 AA F2 67 30 77 
"
"2016-11-21 14:17:10ID: BB  Data: 00 00 00 AA 0D 9C C2 01 
"
"2016-11-21 14:17:10ID: BC  Data: 00 00 00 AA F2 63 3D FF 
"
"2016-11-21 14:17:10ID: BB  Data: 00 00 00 AA 0D 72 A7 B0 
"
"2016-11-21 14:17:10ID: BC  Data: 00 00 00 AA F2 8D 58 50 
"
"2016-11-21 14:17:10ID: BB  Data: 00 00 00 AA 0D 7B DD 72 
"
"2016-11-21 14:17:10ID: BC  Data: 00 00 00 AA F2 84 22 8E 
"
"2016-11-21 14:17:10ID: BB  Data: 00 00 00 AA 0D 5D 9A 88 
"
"2016-11-21 14:17:10ID: BC  Data: 00 00 00 AA F2 A2 65 78 
"
"2016-11-21 14:17:11ID: BB  Data: 00 00 00 AA 0D 1A 80 97 
"
"2016-11-21 14:17:11ID: BC  Data: 00 00 00 AA F2 E5 7F 69 
"
"2016-11-21 14:17:11ID: BB  Data: 00 00 00 AA 0C F1 B7 19 
"
"2016-11-21 14:17:11ID: BC  Data: 00 00 00 AA F3 0E 48 E7 
"
"2016-11-21 14:17:11ID: BB  Data: 00 00 00 AA 0C FA EC DB 
"
"2016-11-21 14:17:11ID: BC  Data: 00 00 00 AA F3 05 13 25 
"
"2016-11-21 14:17:11ID: BB  Data: 00 00 00 AA 0D 01 80 F8 
"
"2016-11-21 14:17:11ID: BC  Data: 00 00 00 AA F2 FE 7F 08 
"
"2016-11-21 14:17:11ID: BB  Data: 00 00 00 AA 0C FE DF 53 
"
"2016-11-21 14:17:11ID: BC  Data: 00 00 00 AA F3 01 20 AD 
"
"2016-11-21 14:17:11ID: BB  Data: 00 00 00 AA 0D 01 80 F8 
"
"2016-11-21 14:17:11ID: BC  Data: 00 00 00 AA F2 FE 7F 08 
"
"2016-11-21 14:17:11ID: BB  Data: 00 00 00 AA 0D 01 80 F8 
"
"2016-11-21 14:17:11ID: BC  Data: 00 00 00 AA F2 FE 7F 08 
"
"2016-11-21 14:17:11ID: BB  Data: 00 00 00 AA 0D 05 73 6F 
"
"2016-11-21 14:17:11ID: BC  Data: 00 00 00 AA F2 FA 8C 91 
"
"2016-11-21 14:17:11ID: BB  Data: 00 00 00 AA 0D 04 22 9D 
"
"2016-11-21 14:17:11ID: BC  Data: 00 00 00 AA F2 FB DD 63 
"
"2016-11-21 14:17:11ID: BB  Data: 00 00 00 AA 0D 11 4A D6 
"
"2016-11-21 14:17:11ID: BC  Data: 00 00 00 AA F2 EE B5 2A 
"
"2016-11-21 14:17:11ID: BB  Data: 00 00 00 AA 0D 12 9B A8 
"
"2016-11-21 14:17:11ID: BC  Data: 00 00 00 AA F2 ED 64 58 
"
"2016-11-21 14:17:11ID: BB  Data: 00 00 00 AA 0D 2C EC 1B 
"
"2016-11-21 14:17:12ID: BC  Data: 00 00 00 AA F2 D3 13 E5 
"
"2016-11-21 14:17:12ID: BB  Data: 00 00 00 AA 0D 54 64 C6 
"
"2016-11-21 14:17:12ID: BC  Data: 00 00 00 AA F2 AB 9B 3A 
"
"2016-11-21 14:17:12ID: BB  Data: 00 00 00 AA 0D 89 05 AB 
"
"2016-11-21 14:17:12ID: BC  Data: 00 00 00 AA F2 76 FA 55 
"
"2016-11-21 14:17:12ID: BB  Data: 00 00 00 AA 0D AF 2D 84 
"
"2016-11-21 14:17:12ID: BC  Data: 00 00 00 AA F2 50 D2 7C 
"
"2016-11-21 14:17:12ID: BB  Data: 00 00 00 AA 0E B1 0E B1 
"
"2016-11-21 14:17:12ID: BC  Data: 00 00 00 AA F1 4E F1 4F 
"
"2016-11-21 14:17:12ID: BB  Data: 00 00 00 AA 0E FE AF 36 
"
"2016-11-21 14:17:12ID: BC  Data: 00 00 00 AA F1 01 50 CA 
"
"2016-11-21 14:17:12ID: BB  Data: 00 00 00 AA 0E E4 5E C3 
"
"2016-11-21 14:17:12ID: BC  Data: 00 00 00 AA F1 1B A1 3D 
"
"2016-11-21 14:17:12ID: BB  Data: 00 00 00 AA 0E AB CB 67 
"
"2016-11-21 14:17:12ID: BC  Data: 00 00 00 AA F1 54 34 99 
"
"2016-11-21 14:17:12ID: BB  Data: 00 00 00 AA 0E AB CB 67 
"
"2016-11-21 14:17:12ID: BC  Data: 00 00 00 AA F1 54 34 99 
"
"2016-11-21 14:17:12ID: BB  Data: 00 00 00 AA 0E AA 7A 95 
"
"2016-11-21 14:17:12ID: BC  Data: 00 00 00 AA F1 55 85 6B 
"
"2016-11-21 14:17:12ID: BB  Data: 00 00 00 AA 0E BE 36 EA 
"
"2016-11-21 14:17:12ID: BC  Data: 00 00 00 AA F1 41 C9 16 
"
"2016-11-21 14:17:12ID: BB  Data: 00 00 00 AA 0E C4 CB 07 
"
"2016-11-21 14:17:12ID: BC  Data: 00 00 00 AA F1 3B 34 F9 
"
"2016-11-21 14:17:13ID: BB  Data: 00 00 00 AA 0E DC 79 D4 
"
"2016-11-21 14:17:13ID: BC  Data: 00 00 00 AA F1 23 86 2C 
"
"2016-11-21 14:17:13ID: BB  Data: 00 00 00 AA 0E C8 BD 7E 
"
"2016-11-21 14:17:13ID: BC  Data: 00 00 00 AA F1 37 42 82 
"
"2016-11-21 14:17:13ID: BB  Data: 00 00 00 AA 0E C4 CB 07 
"
"2016-11-21 14:17:13ID: BC  Data: 00 00 00 AA F1 3B 34 F9 
"
"2016-11-21 14:17:13ID: BB  Data: 00 00 00 AA 0E 57 96 C6 
"
"2016-11-21 14:17:13ID: BC  Data: 00 00 00 AA F1 A8 69 3A 
"
"2016-11-21 14:17:13ID: BB  Data: 00 00 00 AA 0D EB B3 58 
"
"2016-11-21 14:17:13ID: BC  Data: 00 00 00 AA F2 14 4C A8 
"
"2016-11-21 14:17:13ID: BB  Data: 00 00 00 AA 0D A9 EA 3A 
"
"2016-11-21 14:17:13ID: BC  Data: 00 00 00 AA F2 56 15 C6 
"
"2016-11-21 14:17:13ID: BB  Data: 00 00 00 AA 0D C8 2D 24 
"
"2016-11-21 14:17:13ID: BC  Data: 00 00 00 AA F2 37 D2 DC 
"
"2016-11-21 14:17:13ID: BB  Data: 00 00 00 AA 0D 71 56 DE 
"
"2016-11-21 14:17:13ID: BC  Data: 00 00 00 AA F2 8E A9 22 
"
"2016-11-21 14:17:13ID: BB  Data: 00 00 00 AA 0D 8E 48 F5 
"
"2016-11-21 14:17:13ID: BC  Data: 00 00 00 AA F2 71 B7 0B 
"
"2016-11-21 14:17:13ID: BB  Data: 00 00 00 AA 0D 5E EB 5A 
"
"2016-11-21 14:17:13ID: BC  Data: 00 00 00 AA F2 A1 14 A6 
"
"2016-11-21 14:17:13ID: BB  Data: 00 00 00 AA 0D 47 3C 8D 
"
"2016-11-21 14:17:13ID: BC  Data: 00 00 00 AA F2 B8 C3 73 
"
"2016-11-21 14:17:14ID: BB  Data: 00 00 00 AA 0D 3A 14 54 
"
"2016-11-21 14:17:14ID: BC  Data: 00 00 00 AA F2 C5 EB AC 
"
"2016-11-21 14:17:14ID: BB  Data: 00 00 00 AA 0D 4B 2F 05 
"
"2016-11-21 14:17:14ID: BC  Data: 00 00 00 AA F2 B4 D0 FB 
"
"2016-11-21 14:17:14ID: BB  Data: 00 00 00 AA 0D 82 71 8E 
"
"2016-11-21 14:17:14ID: BC  Data: 00 00 00 AA F2 7D 8E 72 
"
"2016-11-21 14:17:14ID: BB  Data: 00 00 00 AA 0D 21 14 B4 
"
"2016-11-21 14:17:14ID: BC  Data: 00 00 00 AA F2 DE EB 4C 
"
"2016-11-21 14:17:14ID: BB  Data: 00 00 00 AA 0D 44 9A E8 
"
"2016-11-21 14:17:14ID: BC  Data: 00 00 00 AA F2 BB 65 18 
"
"2016-11-21 14:17:14ID: BB  Data: 00 00 00 AA 0D 3E 06 CB 
"
"2016-11-21 14:17:14ID: BC  Data: 00 00 00 AA F2 C1 F9 35 
"
"2016-11-21 14:17:14ID: BB  Data: 00 00 00 AA 0D 13 EC 7B 
"
"2016-11-21 14:17:14ID: BC  Data: 00 00 00 AA F2 EC 13 85 
"
"2016-11-21 14:17:14ID: BB  Data: 00 00 00 AA 0D 17 DE F2 
"
"2016-11-21 14:17:14ID: BC  Data: 00 00 00 AA F2 E8 21 0E 
"
"2016-11-21 14:17:14ID: BB  Data: 00 00 00 AA 0D 54 64 C6 
"
"2016-11-21 14:17:14ID: BC  Data: 00 00 00 AA F2 AB 9B 3A 
"
"2016-11-21 14:17:14ID: BB  Data: 00 00 00 AA 0D B3 1F FB 
"
"2016-11-21 14:17:14ID: BC  Data: 00 00 00 AA F2 4C E0 05 
"
"2016-11-21 14:17:14ID: BB  Data: 00 00 00 AA 0E 18 6F 4D 
"
"2016-11-21 14:17:14ID: BC  Data: 00 00 00 AA F1 E7 90 B3 
"
"2016-11-21 14:17:14ID: BB  Data: 00 00 00 AA 0E FD 5E 63 
"
"2016-11-21 14:17:14ID: BC  Data: 00 00 00 AA F1 02 A1 9D 
"
"2016-11-21 14:17:15ID: BB  Data: 00 00 00 AA 0F 02 A1 AD 
"
"2016-11-21 14:17:15ID: BC  Data: 00 00 00 AA F0 FD 5E 53 
"
"2016-11-21 14:17:15ID: BB  Data: 00 00 00 AA 0F 01 50 DB 
"
"2016-11-21 14:17:15ID: BC  Data: 00 00 00 AA F0 FE AF 25 
"
"2016-11-21 14:17:15ID: BB  Data: 00 00 00 AA 0F 01 50 DB 
"
"2016-11-21 14:17:15ID: BC  Data: 00 00 00 AA F0 FE AF 25 
"
"2016-11-21 14:17:15ID: BB  Data: 00 00 00 AA 0F 02 A1 AD 
"
"2016-11-21 14:17:15ID: BC  Data: 00 00 00 AA F0 FD 5E 53 
"
"2016-11-21 14:17:15ID: BB  Data: 00 00 00 AA 0F 01 50 DB 
"
"2016-11-21 14:17:15ID: BC  Data: 00 00 00 AA F0 FE AF 25 
"
"2016-11-21 14:17:15ID: BB  Data: 00 00 00 AA 0F 01 50 DB 
"
"2016-11-21 14:17:15ID: BC  Data: 00 00 00 AA F0 FE AF 25 
"
"2016-11-21 14:17:15ID: BB  Data: 00 00 00 AA 0F 01 50 DB 
"
"2016-11-21 14:17:15ID: BC  Data: 00 00 00 AA F0 FE AF 25 
"
"2016-11-21 14:17:15ID: BB  Data: 00 00 00 AA 0F 02 A1 AD 
"
"2016-11-21 14:17:15ID: BC  Data: 00 00 00 AA F0 FD 5E 53 
"
"2016-11-21 14:17:15ID: BB  Data: 00 00 00 AA 0F 01 50 DB 
"
"2016-11-21 14:17:15ID: BC  Data: 00 00 00 AA F0 FE AF 25 
"
"2016-11-21 14:17:15ID: BB  Data: 00 00 00 AA 0F 01 50 DB 
"
"2016-11-21 14:17:15ID: BC  Data: 00 00 00 AA F0 FE AF 25 
"
"2016-11-21 14:17:15ID: BB  Data: 00 00 00 AA 0F 00 00 08 
"
"2016-11-21 14:17:15ID: BC  Data: 00 00 00 AA F0 FF FF F8 
"
"2016-11-21 14:17:16ID: BB  Data: 00 00 00 AA 0F 02 A1 AD 
"
"2016-11-21 14:17:16ID: BC  Data: 00 00 00 AA F0 FD 5E 53 
"
"2016-11-21 14:17:16ID: BB  Data: 00 00 00 AA 0F 00 00 08 
"
"2016-11-21 14:17:16ID: BC  Data: 00 00 00 AA F0 FF FF F8 
"
"2016-11-21 14:17:16ID: BB  Data: 00 00 00 AA 0F 01 50 DB 
"
"2016-11-21 14:17:16ID: BC  Data: 00 00 00 AA F0 FE AF 25 
"
"2016-11-21 14:17:16ID: BB  Data: 00 00 00 AA 0F 01 50 DB 
"
"2016-11-21 14:17:16ID: BC  Data: 00 00 00 AA F0 FE AF 25 
"
"2016-11-21 14:17:16ID: BB  Data: 00 00 00 AA 0F 02 A1 AD 
"
"2016-11-21 14:17:16ID: BC  Data: 00 00 00 AA F0 FD 5E 53 
"
"2016-11-21 14:17:16ID: BB  Data: 00 00 00 AA 0F 01 50 DB 
"
"2016-11-21 14:17:16ID: BC  Data: 00 00 00 AA F0 FE AF 25 
"
"2016-11-21 14:17:16ID: BB  Data: 00 00 00 AA 0F 01 50 DB 
"
"2016-11-21 14:17:16ID: BC  Data: 00 00 00 AA F0 FE AF 25 
"
"2016-11-21 14:17:16ID: BB  Data: 00 00 00 AA 0F 00 00 08 
"
"2016-11-21 14:17:16ID: BC  Data: 00 00 00 AA F0 FF FF F8 
"
"2016-11-21 14:17:16ID: BB  Data: 00 00 00 AA 0F 02 A1 AD 
"
"2016-11-21 14:17:16ID: BC  Data: 00 00 00 AA F0 FD 5E 53 
"
"2016-11-21 14:17:16ID: BB  Data: 00 00 00 AA 0F 01 50 DB 
"
"2016-11-21 14:17:16ID: BC  Data: 00 00 00 AA F0 FE AF 25 
"
"2016-11-21 14:17:16ID: BB  Data: 00 00 00 AA 0F 02 A1 AD 
"
"2016-11-21 14:17:16ID: BC  Data: 00 00 00 AA F0 FD 5E 53 
"
"2016-11-21 14:17:17ID: BB  Data: 00 00 00 AA 0F 01 50 DB 
"
"2016-11-21 14:17:17ID: BC  Data: 00 00 00 AA F0 FE AF 25 
"
"2016-11-21 14:17:17ID: BB  Data: 00 00 00 AA 0F 02 A1 AD 
"
"2016-11-21 14:17:17ID: BC  Data: 00 00 00 AA F0 FD 5E 53 
"
"2016-11-21 14:17:17ID: BB  Data: 00 00 00 AA 0E DC 79 D4 
"
"2016-11-21 14:17:17ID: BC  Data: 00 00 00 AA F1 23 86 2C 
"
"2016-11-21 14:17:17ID: BB  Data: 00 00 00 AA 0E F4 28 A1 
"
"2016-11-21 14:17:17ID: BC  Data: 00 00 00 AA F1 0B D7 5F 
"
"2016-11-21 14:17:17ID: BB  Data: 00 00 00 AA 0E F2 D7 CF 
"
"2016-11-21 14:17:17ID: BC  Data: 00 00 00 AA F1 0D 28 31 
"
"2016-11-21 14:17:17ID: BB  Data: 00 00 00 AA 0E E3 0D F1 
"
"2016-11-21 14:17:17ID: BC  Data: 00 00 00 AA F1 1C F2 0F 
"
"2016-11-21 14:17:17ID: BB  Data: 00 00 00 AA 0E C8 BD 7E 
"
"2016-11-21 14:17:17ID: BC  Data: 00 00 00 AA F1 37 42 82 
"
"2016-11-21 14:17:17ID: BB  Data: 00 00 00 AA 0E D3 44 13 
"
"2016-11-21 14:17:17ID: BC  Data: 00 00 00 AA F1 2C BB ED 
"
"2016-11-21 14:17:17ID: BB  Data: 00 00 00 AA 0E D3 44 13 
"
"2016-11-21 14:17:17ID: BC  Data: 00 00 00 AA F1 2C BB ED 
"
"2016-11-21 14:17:17ID: BB  Data: 00 00 00 AA 0E D1 F3 40 
"
"2016-11-21 14:17:17ID: BC  Data: 00 00 00 AA F1 2E 0C C0 
"
"2016-11-21 14:17:17ID: BB  Data: 00 00 00 AA 0E CC AF F6 
"
"2016-11-21 14:17:17ID: BC  Data: 00 00 00 AA F1 33 50 0A 
"
"2016-11-21 14:17:17ID: BB  Data: 00 00 00 AA 0E BF 87 BD 
"
"2016-11-21 14:17:17ID: BC  Data: 00 00 00 AA F1 40 78 43 
"
"2016-11-21 14:17:18ID: BB  Data: 00 00 00 AA 0E BF 87 BD 
"
"2016-11-21 14:17:18ID: BC  Data: 00 00 00 AA F1 40 78 43 
"
"2016-11-21 14:17:18ID: BB  Data: 00 00 00 AA 0E BE 36 EA 
"
"2016-11-21 14:17:18ID: BC  Data: 00 00 00 AA F1 41 C9 16 
"
"2016-11-21 14:17:18ID: BB  Data: 00 00 00 AA 0E BA 44 73 
"
"2016-11-21 14:17:18ID: BC  Data: 00 00 00 AA F1 45 BB 8D 
"
"2016-11-21 14:17:18ID: BB  Data: 00 00 00 AA 0E BC E6 18 
"
"2016-11-21 14:17:18ID: BC  Data: 00 00 00 AA F1 43 19 E8 
"
"2016-11-21 14:17:18ID: BB  Data: 00 00 00 AA 0E C6 1B D9 
"
"2016-11-21 14:17:18ID: BC  Data: 00 00 00 AA F1 39 E4 27 
"
"2016-11-21 14:17:18ID: BB  Data: 00 00 00 AA 0E C7 6C AC 
"
"2016-11-21 14:17:18ID: BC  Data: 00 00 00 AA F1 38 93 54 
"
"2016-11-21 14:17:18ID: BB  Data: 00 00 00 AA 0E BA 44 73 
"
"2016-11-21 14:17:18ID: BC  Data: 00 00 00 AA F1 45 BB 8D 
"
"2016-11-21 14:17:18ID: BB  Data: 00 00 00 AA 0E B5 01 29 
"
"2016-11-21 14:17:18ID: BC  Data: 00 00 00 AA F1 4A FE D7 
"
"2016-11-21 14:17:18ID: BB  Data: 00 00 00 AA 0E B7 A2 CE 
"
"2016-11-21 14:17:18ID: BC  Data: 00 00 00 AA F1 48 5D 32 
"
"2016-11-21 14:17:18ID: BB  Data: 00 00 00 AA 0E BF 87 BD 
"
"2016-11-21 14:17:18ID: BC  Data: 00 00 00 AA F1 40 78 43 
"
"2016-11-21 14:17:18ID: BB  Data: 00 00 00 AA 0E CA 0E 51 
"
"2016-11-21 14:17:18ID: BC  Data: 00 00 00 AA F1 35 F1 AF 
"
"2016-11-21 14:17:19ID: BB  Data: 00 00 00 AA 0E D9 D8 2F 
"
"2016-11-21 14:17:19ID: BC  Data: 00 00 00 AA F1 26 27 D1 
"
"2016-11-21 14:17:19ID: BB  Data: 00 00 00 AA 0E DB 29 02 
"
"2016-11-21 14:17:19ID: BC  Data: 00 00 00 AA F1 24 D6 FE 
"
"2016-11-21 14:17:19ID: BB  Data: 00 00 00 AA 0E F1 86 FC 
"
"2016-11-21 14:17:19ID: BC  Data: 00 00 00 AA F1 0E 79 04 
"
"2016-11-21 14:17:19ID: BB  Data: 00 00 00 AA 0E CF 51 9B 
"
"2016-11-21 14:17:19ID: BC  Data: 00 00 00 AA F1 30 AE 65 
"
"2016-11-21 14:17:19ID: BB  Data: 00 00 00 AA 0E E0 6C 4C 
"
"2016-11-21 14:17:19ID: BC  Data: 00 00 00 AA F1 1F 93 B4 
"
"2016-11-21 14:17:19ID: BB  Data: 00 00 00 AA 0E BC E6 18 
"
"2016-11-21 14:17:19ID: BC  Data: 00 00 00 AA F1 43 19 E8 
"
"2016-11-21 14:17:19ID: BB  Data: 00 00 00 AA 0E B8 F3 A0 
"
"2016-11-21 14:17:19ID: BC  Data: 00 00 00 AA F1 47 0C 60 
"
"2016-11-21 14:17:19ID: BB  Data: 00 00 00 AA 0E BB 95 45 
"
"2016-11-21 14:17:19ID: BC  Data: 00 00 00 AA F1 44 6A BB 
"
"2016-11-21 14:17:19ID: BB  Data: 00 00 00 AA 0E 91 7A F5 
"
"2016-11-21 14:17:19ID: BC  Data: 00 00 00 AA F1 6E 85 0B 
"
"2016-11-21 14:17:19ID: BB  Data: 00 00 00 AA 0E 8D 88 7D 
"
"2016-11-21 14:17:19ID: BC  Data: 00 00 00 AA F1 72 77 83 
"
"2016-11-21 14:17:19ID: BB  Data: 00 00 00 AA 0E 78 7B 55 
"
"2016-11-21 14:17:19ID: BC  Data: 00 00 00 AA F1 87 84 AB 
"
"2016-11-21 14:17:19ID: BB  Data: 00 00 00 AA 0E 7B 1C FA 
"
"2016-11-21 14:17:20ID: BC  Data: 00 00 00 AA F1 84 E3 06 
"
"2016-11-21 14:17:20ID: BB  Data: 00 00 00 AA 0E 83 01 E9 
"
"2016-11-21 14:17:20ID: BC  Data: 00 00 00 AA F1 7C FE 17 
"
"2016-11-21 14:17:20ID: BB  Data: 00 00 00 AA 0E 7B 1C FA 
"
"2016-11-21 14:17:20ID: BC  Data: 00 00 00 AA F1 84 E3 06 
"
"2016-11-21 14:17:20ID: BB  Data: 00 00 00 AA 0E 6C A3 EE 
"
"2016-11-21 14:17:20ID: BC  Data: 00 00 00 AA F1 93 5C 12 
"
"2016-11-21 14:17:20ID: BB  Data: 00 00 00 AA 0E 52 53 7C 
"
"2016-11-21 14:17:20ID: BC  Data: 00 00 00 AA F1 AD AC 84 
"
"2016-11-21 14:17:20ID: BB  Data: 00 00 00 AA 0E 47 CC E8 
"
"2016-11-21 14:17:20ID: BC  Data: 00 00 00 AA F1 B8 33 18 
"
"2016-11-21 14:17:20ID: BB  Data: 00 00 00 AA 0E 2D 7C 75 
"
"2016-11-21 14:17:20ID: BC  Data: 00 00 00 AA F1 D2 83 8B 
"
"2016-11-21 14:17:20ID: BB  Data: 00 00 00 AA 0E 0C 97 E7 
"
"2016-11-21 14:17:20ID: BC  Data: 00 00 00 AA F1 F3 68 19 
"
"2016-11-21 14:17:20ID: BB  Data: 00 00 00 AA 0D FC CE 08 
"
"2016-11-21 14:17:20ID: BC  Data: 00 00 00 AA F2 03 31 F8 
"
"2016-11-21 14:17:20ID: BB  Data: 00 00 00 AA 0D F8 DB 91 
"
"2016-11-21 14:17:20ID: BC  Data: 00 00 00 AA F2 07 24 6F 
"
"2016-11-21 14:17:20ID: BB  Data: 00 00 00 AA 0D F8 DB 91 
"
"2016-11-21 14:17:20ID: BC  Data: 00 00 00 AA F2 07 24 6F 
"
"2016-11-21 14:17:20ID: BB  Data: 00 00 00 AA 0D FA 2C 63 
"
"2016-11-21 14:17:20ID: BC  Data: 00 00 00 AA F2 05 D3 9D 
"
"2016-11-21 14:17:21ID: BB  Data: 00 00 00 AA 0E 0B 47 14 
"
"2016-11-21 14:17:21ID: BC  Data: 00 00 00 AA F1 F4 B8 EC 
"
"2016-11-21 14:17:21ID: BB  Data: 00 00 00 AA 0D FE 1E DB 
"
"2016-11-21 14:17:21ID: BC  Data: 00 00 00 AA F2 01 E1 25 
"
"2016-11-21 14:17:21ID: BB  Data: 00 00 00 AA 0D FE 1E DB 
"
"2016-11-21 14:17:21ID: BC  Data: 00 00 00 AA F2 01 E1 25 
"
"2016-11-21 14:17:21ID: BB  Data: 00 00 00 AA 0E 11 DB 31 
"
"2016-11-21 14:17:21ID: BC  Data: 00 00 00 AA F1 EE 24 CF 
"
"2016-11-21 14:17:21ID: BB  Data: 00 00 00 AA 0E 0D E8 B9 
"
"2016-11-21 14:17:21ID: BC  Data: 00 00 00 AA F1 F2 17 47 
"
"2016-11-21 14:17:21ID: BB  Data: 00 00 00 AA 0E 0D E8 B9 
"
"2016-11-21 14:17:21ID: BC  Data: 00 00 00 AA F1 F2 17 47 
"
"2016-11-21 14:17:21ID: BB  Data: 00 00 00 AA 0D F7 8A BE 
"
"2016-11-21 14:17:21ID: BC  Data: 00 00 00 AA F2 08 75 42 
"
"2016-11-21 14:17:21ID: BB  Data: 00 00 00 AA 0D 61 8C FF 
"
"2016-11-21 14:17:21ID: BC  Data: 00 00 00 AA F2 9E 73 01 
"
"2016-11-21 14:17:21ID: BB  Data: 00 00 00 AA 0D 2B 9B 48 
"
"2016-11-21 14:17:21ID: BC  Data: 00 00 00 AA F2 D4 64 B8 
"
"2016-11-21 14:17:21ID: BB  Data: 00 00 00 AA 0D 3C B5 F9 
"
"2016-11-21 14:17:21ID: BC  Data: 00 00 00 AA F2 C3 4A 07 
"
"2016-11-21 14:17:21ID: BB  Data: 00 00 00 AA 0D 41 F9 43 
"
"2016-11-21 14:17:21ID: BC  Data: 00 00 00 AA F2 BE 06 BD 
"
"2016-11-21 14:17:22ID: BB  Data: 00 00 00 AA 0D 53 13 F4 
"
"2016-11-21 14:17:22ID: BC  Data: 00 00 00 AA F2 AC EC 0C 
"
"2016-11-21 14:17:22ID: BB  Data: 00 00 00 AA 0D 4F 21 7C 
"
"2016-11-21 14:17:22ID: BC  Data: 00 00 00 AA F2 B0 DE 84 
"
"2016-11-21 14:17:22ID: BB  Data: 00 00 00 AA 0D 40 A8 70 
"
"2016-11-21 14:17:22ID: BC  Data: 00 00 00 AA F2 BF 57 90 
"
"2016-11-21 14:17:22ID: BB  Data: 00 00 00 AA 0D 5A F8 E3 
"
"2016-11-21 14:17:22ID: BC  Data: 00 00 00 AA F2 A5 07 1D 
"
"2016-11-21 14:17:22ID: BB  Data: 00 00 00 AA 0D 43 4A 15 
"
"2016-11-21 14:17:22ID: BC  Data: 00 00 00 AA F2 BC B5 EB 
"
"2016-11-21 14:17:22ID: BB  Data: 00 00 00 AA 0D 2E 3C ED 
"
"2016-11-21 14:17:22ID: BC  Data: 00 00 00 AA F2 D1 C3 13 
"
"2016-11-21 14:17:22ID: BB  Data: 00 00 00 AA 0D 33 80 37 
"
"2016-11-21 14:17:22ID: BC  Data: 00 00 00 AA F2 CC 7F C9 
"
"2016-11-21 14:17:22ID: BB  Data: 00 00 00 AA 0D 21 14 B4 
"
"2016-11-21 14:17:22ID: BC  Data: 00 00 00 AA F2 DE EB 4C 
"
"2016-11-21 14:17:22ID: BB  Data: 00 00 00 AA 0C E9 D2 2A 
"
"2016-11-21 14:17:22ID: BC  Data: 00 00 00 AA F3 16 2D D6 
"
"2016-11-21 14:17:22ID: BB  Data: 00 00 00 AA 0C EC 73 CF 
"
"2016-11-21 14:17:22ID: BC  Data: 00 00 00 AA F3 13 8C 31 
"
"2016-11-21 14:17:22ID: BB  Data: 00 00 00 AA 0C EC 73 CF 
"
"2016-11-21 14:17:22ID: BC  Data: 00 00 00 AA F3 13 8C 31 
"
"2016-11-21 14:17:22ID: BB  Data: 00 00 00 AA 0C E7 30 85 
"
"2016-11-21 14:17:22ID: BC  Data: 00 00 00 AA F3 18 CF 7B 
"
"2016-11-21 14:17:23ID: BB  Data: 00 00 00 AA 0C ED C4 A2 
"
"2016-11-21 14:17:23ID: BC  Data: 00 00 00 AA F3 12 3B 5E 
"
"2016-11-21 14:17:23ID: BB  Data: 00 00 00 AA 0C E4 8E E0 
"
"2016-11-21 14:17:23ID: BC  Data: 00 00 00 AA F3 1B 71 20 
"
"2016-11-21 14:17:23ID: BB  Data: 00 00 00 AA 0D 12 9B A8 
"
"2016-11-21 14:17:23ID: BC  Data: 00 00 00 AA F2 ED 64 58 
"
"2016-11-21 14:17:23ID: BB  Data: 00 00 00 AA 0C E9 D2 2A 
"
"2016-11-21 14:17:23ID: BC  Data: 00 00 00 AA F3 16 2D D6 
"
"2016-11-21 14:17:23ID: BB  Data: 00 00 00 AA 0C CC E0 13 
"
"2016-11-21 14:17:23ID: BC  Data: 00 00 00 AA F3 33 1F ED 
"
"2016-11-21 14:17:23ID: BB  Data: 00 00 00 AA 0C CF 81 B8 
"
"2016-11-21 14:17:23ID: BC  Data: 00 00 00 AA F3 30 7E 48 
"
"2016-11-21 14:17:23ID: BB  Data: 00 00 00 AA 0C A2 C5 C2 
"
"2016-11-21 14:17:23ID: BC  Data: 00 00 00 AA F3 5D 3A 3E 
"
"2016-11-21 14:17:23ID: BB  Data: 00 00 00 AA 0C 3D 76 71 
"
"2016-11-21 14:17:23ID: BC  Data: 00 00 00 AA F3 C2 89 8F 
"
"2016-11-21 14:17:23ID: BB  Data: 00 00 00 AA 0C 47 FD 05 
"
"2016-11-21 14:17:23ID: BC  Data: 00 00 00 AA F3 B8 02 FB 
"
"2016-11-21 14:17:23ID: BB  Data: 00 00 00 AA 0C 31 9F 0A 
"
"2016-11-21 14:17:23ID: BC  Data: 00 00 00 AA F3 CE 60 F6 
"
"2016-11-21 14:17:23ID: BB  Data: 00 00 00 AA 0C 1F 33 87 
"
"2016-11-21 14:17:23ID: BC  Data: 00 00 00 AA F3 E0 CC 79 
"
"2016-11-21 14:17:24ID: BB  Data: 00 00 00 AA 0B E1 5C E0 
"
"2016-11-21 14:17:24ID: BC  Data: 00 00 00 AA F4 1E A3 20 
"
"2016-11-21 14:17:24ID: BB  Data: 00 00 00 AA 0B C7 0C 6E 
"
"2016-11-21 14:17:24ID: BC  Data: 00 00 00 AA F4 38 F3 92 
"
"2016-11-21 14:17:24ID: BB  Data: 00 00 00 AA 0B A8 C9 84 
"
"2016-11-21 14:17:24ID: BC  Data: 00 00 00 AA F4 57 36 7C 
"
"2016-11-21 14:17:24ID: BB  Data: 00 00 00 AA 0B 5C 79 D2 
"
"2016-11-21 14:17:24ID: BC  Data: 00 00 00 AA F4 A3 86 2E 
"
"2016-11-21 14:17:24ID: BB  Data: 00 00 00 AA 0B 3F 87 BB 
"
"2016-11-21 14:17:24ID: BC  Data: 00 00 00 AA F4 C0 78 45 
"
"2016-11-21 14:17:24ID: BB  Data: 00 00 00 AA 0B 32 5F 82 
"
"2016-11-21 14:17:24ID: BC  Data: 00 00 00 AA F4 CD A0 7E 
"
"2016-11-21 14:17:24ID: BB  Data: 00 00 00 AA 0B 1C 01 87 
"
"2016-11-21 14:17:24ID: BC  Data: 00 00 00 AA F4 E3 FE 79 
"
"2016-11-21 14:17:24ID: BB  Data: 00 00 00 AA 0A EA 02 47 
"
"2016-11-21 14:17:24ID: BC  Data: 00 00 00 AA F5 15 FD B9 
"
"2016-11-21 14:17:24ID: BB  Data: 00 00 00 AA 0A B6 B2 35 
"
"2016-11-21 14:17:24ID: BC  Data: 00 00 00 AA F5 49 4D CB 
"
"2016-11-21 14:17:24ID: BB  Data: 00 00 00 AA 0A 0B A7 4E 
"
"2016-11-21 14:17:24ID: BC  Data: 00 00 00 AA F5 F4 58 B2 
"
"2016-11-21 14:17:24ID: BB  Data: 00 00 00 AA 08 DB B9 59 
"
"2016-11-21 14:17:24ID: BC  Data: 00 00 00 AA F7 24 46 A7 
"
"2016-11-21 14:17:25ID: BB  Data: 00 00 00 AA 04 0D 88 77 
"
"2016-11-21 14:17:25ID: BC  Data: 00 00 00 AA FB F2 77 89 
"
"2016-11-21 14:17:25ID: BB  Data: 00 00 00 AA 01 88 D5 86 
"
"2016-11-21 14:17:25ID: BC  Data: 00 00 00 AA FE 77 2A 7A 
"
"2016-11-21 14:17:25ID: BB  Data: 00 00 00 AA 00 00 00 00 
"
"2016-11-21 14:17:25ID: BC  Data: 00 00 00 AA 00 00 00 00 
"
"2016-11-21 14:17:25ID: BB  Data: 00 00 00 AA 00 00 00 00 
"
"2016-11-21 14:17:25ID: BC  Data: 00 00 00 AA 00 00 00 00 
"
"2016-11-21 14:17:25ID: BB  Data: 00 00 00 AA 00 00 00 00 
"
"2016-11-21 14:17:25ID: BC  Data: 00 00 00 AA 00 00 00 00 
"
"2016-11-21 14:17:25ID: BB  Data: 00 00 00 AA 00 00 00 00 
"
"2016-11-21 14:17:25ID: BC  Data: 00 00 00 AA 00 00 00 00 
"
"2016-11-21 14:17:25ID: BB  Data: 00 00 00 AA 00 00 00 00 
"
"2016-11-21 14:17:25ID: BC  Data: 00 00 00 AA 00 00 00 00 
"
"2016-11-21 14:17:25ID: BB  Data: 00 00 00 AA 00 00 00 00 
"
"2016-11-21 14:17:25ID: BC  Data: 00 00 00 AA 00 00 00 00 
"
"2016-11-21 14:17:25ID: BB  Data: 00 00 00 AA 00 00 00 00 
"
"2016-11-21 14:17:25ID: BC  Data: 00 00 00 AA 00 00 00 00 
"
"2016-11-21 14:17:25ID: BB  Data: 00 00 00 AA 00 00 00 00 
"
"2016-11-21 14:17:25ID: BC  Data: 00 00 00 AA 00 00 00 00 
"
"2016-11-21 14:17:25ID: BB  Data: 00 00 00 AA 00 00 00 00 
"
"2016-11-21 14:17:25ID: BC  Data: 00 00 00 AA 00 00 00 00 
"
"2016-11-21 14:17:25ID: BB  Data: 00 00 00 AA 00 00 00 00 
"
"2016-11-21 14:17:25ID: BC  Data: 00 00 00 AA 00 00 00 00 
"
"2016-11-21 14:17:26ID: BB  Data: 00 00 00 AA 00 00 00 00 
"
"2016-11-21 14:17:26ID: BC  Data: 00 00 00 AA 00 00 00 00 
"
"2016-11-21 14:17:26ID: BB  Data: 00 00 00 AA 00 00 00 00 
"
"2016-11-21 14:17:26ID: BC  Data: 00 00 00 AA 00 00 00 00 
"
"2016-11-21 14:17:26ID: BB  Data: 00 00 00 AA 00 00 00 00 
"
"2016-11-21 14:17:26ID: BC  Data: 00 00 00 AA 00 00 00 00 
"
"2016-11-21 14:17:26ID: BB  Data: 00 00 00 AA 00 00 00 00 
"
"2016-11-21 14:17:26ID: BC  Data: 00 00 00 AA 00 00 00 00 
"
"2016-11-21 14:17:26ID: BB  Data: 00 00 00 AA 00 00 00 00 
"
"2016-11-21 14:17:26ID: BC  Data: 00 00 00 AA 00 00 00 00 
"
"2016-11-21 14:17:26ID: BB  Data: 00 00 00 AA 00 00 00 00 
"
"2016-11-21 14:17:26ID: BC  Data: 00 00 00 AA 00 00 00 00 
"
"2016-11-21 14:17:26ID: BB  Data: 00 00 00 AA 00 00 00 00 
"
"2016-11-21 14:17:26ID: BC  Data: 00 00 00 AA 00 00 00 00 
"
"2016-11-21 14:17:26ID: BB  Data: 00 00 00 AA 00 00 00 00 
"
"2016-11-21 14:17:26ID: BC  Data: 00 00 00 AA 00 00 00 00 
"
"2016-11-21 14:17:26ID: BB  Data: 00 00 00 AA 00 00 00 00 
"
"2016-11-21 14:17:26ID: BC  Data: 00 00 00 AA 00 00 00 00 
"
"2016-11-21 14:17:26ID: BB  Data: 00 00 00 AA 00 00 00 00 
"
"2016-11-21 14:17:26ID: BC  Data: 00 00 00 AA 00 00 00 00 
"
"2016-11-21 14:17:26ID: BB  Data: 00 00 00 AA 00 00 00 00 
"
"2016-11-21 14:17:26ID: BC  Data: 00 00 00 AA 00 00 00 00 
"
"2016-11-21 14:17:27ID: BB  Data: 00 00 00 AA 00 00 00 00 
"
"2016-11-21 14:17:27ID: BC  Data: 00 00 00 AA 00 00 00 00 
"
"2016-11-21 14:17:27ID: BB  Data: 00 00 00 AA 00 00 00 00 
"
"2016-11-21 14:17:27ID: BC  Data: 00 00 00 AA 00 00 00 00 
"
"2016-11-21 14:17:27ID: BB  Data: 00 00 00 AA 00 00 00 00 
"
"2016-11-21 14:17:27ID: BC  Data: 00 00 00 AA 00 00 00 00 
"
"2016-11-21 14:17:27ID: BB  Data: 00 00 00 AA 00 00 00 00 
"
"2016-11-21 14:17:27ID: BC  Data: 00 00 00 AA 00 00 00 00 
"
"2016-11-21 14:17:27ID: BB  Data: 00 00 00 AA 00 00 00 00 
"
"2016-11-21 14:17:27ID: BC  Data: 00 00 00 AA 00 00 00 00 
"
"2016-11-21 14:17:27ID: BB  Data: 00 00 00 AA 00 00 00 00 
"
"2016-11-21 14:17:27ID: BC  Data: 00 00 00 AA 00 00 00 00 
"
"2016-11-21 14:17:27ID: BB  Data: 00 00 00 AA 00 00 00 00 
"
"2016-11-21 14:17:27ID: BC  Data: 00 00 00 AA 00 00 00 00 
"
"2016-11-21 14:17:27ID: BB  Data: 00 00 00 AA 00 00 00 00 
"
"2016-11-21 14:17:27ID: BC  Data: 00 00 00 AA 00 00 00 00 
"
"2016-11-21 14:17:27ID: BB  Data: 00 00 00 AA 00 00 00 00 
"
"2016-11-21 14:17:27ID: BC  Data: 00 00 00 AA 00 00 00 00 
"
"2016-11-21 14:17:27ID: BB  Data: 00 00 00 AA 00 00 00 00 
"
"2016-11-21 14:17:27ID: BC  Data: 00 00 00 AA 00 00 00 00 
"
"2016-11-21 14:17:27ID: BB  Data: 00 00 00 AA 00 00 00 00 
"
"2016-11-21 14:17:27ID: BC  Data: 00 00 00 AA 00 00 00 00 
"
"2016-11-21 14:17:27ID: BB  Data: 00 00 00 AA 00 00 00 00 
"
"2016-11-21 14:17:28ID: BC  Data: 00 00 00 AA 00 00 00 00 
"
"2016-11-21 14:17:28ID: BB  Data: 00 00 00 AA 00 00 00 00 
"
"2016-11-21 14:17:28ID: BC  Data: 00 00 00 AA 00 00 00 00 
"
"2016-11-21 14:17:28ID: BB  Data: 00 00 00 AA 00 00 00 00 
"
"2016-11-21 14:17:28ID: BC  Data: 00 00 00 AA 00 00 00 00 
"
"2016-11-21 14:17:28ID: BB  Data: 00 00 00 AA 00 00 00 00 
"
"2016-11-21 14:17:28ID: BC  Data: 00 00 00 AA 00 00 00 00 
"
"2016-11-21 14:17:28ID: BB  Data: 00 00 00 AA 00 00 00 00 
"
"2016-11-21 14:17:28ID: BC  Data: 00 00 00 AA 00 00 00 00 
"
"2016-11-21 14:17:28ID: BB  Data: 00 00 00 AA 00 00 00 00 
"
"2016-11-21 14:17:28ID: BC  Data: 00 00 00 AA 00 00 00 00 
"
"2016-11-21 14:17:28ID: BB  Data: 00 00 00 AA 00 00 00 00 
"
"2016-11-21 14:17:28ID: BC  Data: 00 00 00 AA 00 00 00 00 
"
"2016-11-21 14:17:28ID: BB  Data: 00 00 00 AA 00 00 00 00 
"
"2016-11-21 14:17:28ID: BC  Data: 00 00 00 AA 00 00 00 00 
"
"2016-11-21 14:17:28ID: BB  Data: 00 00 00 AA 00 00 00 00 
"
"2016-11-21 14:17:28ID: BC  Data: 00 00 00 AA 00 00 00 00 
"
"2016-11-21 14:17:28ID: BB  Data: 00 00 00 AA 00 00 00 00 
"
"2016-11-21 14:17:28ID: BC  Data: 00 00 00 AA 00 00 00 00 
"
"2016-11-21 14:17:28ID: BB  Data: 00 00 00 AA 00 00 00 00 
"
"2016-11-21 14:17:28ID: BC  Data: 00 00 00 AA 00 00 00 00 
"
"2016-11-21 14:17:28ID: BB  Data: 00 00 00 AA 00 00 00 00 
"
"2016-11-21 14:17:28ID: BC  Data: 00 00 00 AA 00 00 00 00 
"
"2016-11-21 14:17:29ID: BB  Data: 00 00 00 AA 00 00 00 00 
"
"2016-11-21 14:17:29ID: BC  Data: 00 00 00 AA 00 00 00 00 
"
"2016-11-21 14:17:29ID: BB  Data: 00 00 00 AA 00 00 00 00 
"
"2016-11-21 14:17:29ID: BC  Data: 00 00 00 AA 00 00 00 00 
"
"2016-11-21 14:17:29ID: BB  Data: 00 00 00 AA 00 00 00 00 
"
"2016-11-21 14:17:29ID: BC  Data: 00 00 00 AA 00 00 00 00 
"
"2016-11-21 14:17:29ID: BB  Data: 00 00 00 AA 00 00 00 00 
"
"2016-11-21 14:17:29ID: BC  Data: 00 00 00 AA 00 00 00 00 
"
"2016-11-21 14:17:29ID: BB  Data: 00 00 00 AA 00 00 00 00 
"
"2016-11-21 14:17:29ID: BC  Data: 00 00 00 AA 00 00 00 00 
"
"2016-11-21 14:17:29ID: BB  Data: 00 00 00 AA 00 00 00 00 
"
"2016-11-21 14:17:29ID: BC  Data: 00 00 00 AA 00 00 00 00 
"
"2016-11-21 14:17:29ID: BB  Data: 00 00 00 AA 00 00 00 00 
"
"2016-11-21 14:17:29ID: BC  Data: 00 00 00 AA 00 00 00 00 
"
"2016-11-21 14:17:29ID: BB  Data: 00 00 00 AA 00 00 00 00 
"
"2016-11-21 14:17:29ID: BC  Data: 00 00 00 AA 00 00 00 00 
"
"2016-11-21 14:17:29ID: BB  Data: 00 00 00 AA 00 00 00 00 
"
"2016-11-21 14:17:29ID: BC  Data: 00 00 00 AA 00 00 00 00 
"
"2016-11-21 14:17:29ID: BB  Data: 00 00 00 AA 00 00 00 00 
"
"2016-11-21 14:17:29ID: BC  Data: 00 00 00 AA 00 00 00 00 
"
"2016-11-21 14:17:29ID: BB  Data: 00 00 00 AA 00 00 00 00 
"
"2016-11-21 14:17:29ID: BC  Data: 00 00 00 AA 00 00 00 00 
"
"2016-11-21 14:17:30ID: BB  Data: 00 00 00 AA 00 00 00 00 
"
"2016-11-21 14:17:30ID: BC  Data: 00 00 00 AA 00 00 00 00 
"
"2016-11-21 14:17:30ID: BB  Data: 00 00 00 AA 00 00 00 00 
"
"2016-11-21 14:17:30ID: BC  Data: 00 00 00 AA 00 00 00 00 
"
"2016-11-21 14:17:30ID: BB  Data: 00 00 00 AA 00 00 00 00 
"
"2016-11-21 14:17:30ID: BC  Data: 00 00 00 AA 00 00 00 00 
"
"2016-11-21 14:17:30ID: BB  Data: 00 00 00 AA 00 00 00 00 
"
"2016-11-21 14:17:30ID: BC  Data: 00 00 00 AA 00 00 00 00 
"
"2016-11-21 14:17:30ID: BB  Data: 00 00 00 AA 00 00 00 00 
"
"2016-11-21 14:17:30ID: BC  Data: 00 00 00 AA 00 00 00 00 
"
"2016-11-21 14:17:30ID: BB  Data: 00 00 00 AA 00 00 00 00 
"
"2016-11-21 14:17:30ID: BC  Data: 00 00 00 AA 00 00 00 00 
"
"2016-11-21 14:17:30ID: BB  Data: 00 00 00 AA 00 00 00 00 
"
"2016-11-21 14:17:30ID: BC  Data: 00 00 00 AA 00 00 00 00 
"
"2016-11-21 14:17:30ID: BB  Data: 00 00 00 AA 00 00 00 00 
"
"2016-11-21 14:17:30ID: BC  Data: 00 00 00 AA 00 00 00 00 
"
"2016-11-21 14:17:30ID: BB  Data: 00 00 00 AA 00 00 00 00 
"
"2016-11-21 14:17:30ID: BC  Data: 00 00 00 AA 00 00 00 00 
"
"2016-11-21 14:17:30ID: BB  Data: 00 00 00 AA 00 00 00 00 
"
"2016-11-21 14:17:30ID: BC  Data: 00 00 00 AA 00 00 00 00 
"
"2016-11-21 14:17:30ID: BB  Data: 00 00 00 AA 00 00 00 00 
"
"2016-11-21 14:17:30ID: BC  Data: 00 00 00 AA 00 00 00 00 
"
"2016-11-21 14:17:30ID: BB  Data: 00 00 00 AA 00 00 00 00 
"
"2016-11-21 14:17:30ID: BC  Data: 00 00 00 AA 00 00 00 00 
"
"2016-11-21 14:17:31ID: BB  Data: 00 00 00 AA 00 00 00 00 
"
"2016-11-21 14:17:31ID: BC  Data: 00 00 00 AA 00 00 00 00 
"
"2016-11-21 14:17:31ID: BB  Data: 00 00 00 AA 00 00 00 00 
"
"2016-11-21 14:17:31ID: BC  Data: 00 00 00 AA 00 00 00 00 
"
"2016-11-21 14:17:31ID: BB  Data: 00 00 00 AA 00 00 00 00 
"
"2016-11-21 14:17:31ID: BC  Data: 00 00 00 AA 00 00 00 00 
"
"2016-11-21 14:17:31ID: BB  Data: 00 00 00 AA 00 00 00 00 
"
"2016-11-21 14:17:31ID: BC  Data: 00 00 00 AA 00 00 00 00 
"
"2016-11-21 14:17:31ID: BB  Data: 00 00 00 AA 00 00 00 00 
"
"2016-11-21 14:17:31ID: BC  Data: 00 00 00 AA 00 00 00 00 
"
"2016-11-21 14:17:31ID: BB  Data: 00 00 00 AA 00 00 00 00 
"
"2016-11-21 14:17:31ID: BC  Data: 00 00 00 AA 00 00 00 00 
"
"2016-11-21 14:17:31ID: BB  Data: 00 00 00 AA 00 00 00 00 
"
"2016-11-21 14:17:31ID: BC  Data: 00 00 00 AA 00 00 00 00 
"
"2016-11-21 14:17:31ID: BB  Data: 00 00 00 AA 00 00 00 00 
"
"2016-11-21 14:17:31ID: BC  Data: 00 00 00 AA 00 00 00 00 
"
"2016-11-21 14:17:31ID: BB  Data: 00 00 00 AA 00 00 00 00 
"
"2016-11-21 14:17:31ID: BC  Data: 00 00 00 AA 00 00 00 00 
"
"2016-11-21 14:17:31ID: BB  Data: 00 00 00 AA 00 00 00 00 
"
"2016-11-21 14:17:31ID: BC  Data: 00 00 00 AA 00 00 00 00 
"
"2016-11-21 14:17:31ID: BB  Data: 00 00 00 AA 00 00 00 00 
"
"2016-11-21 14:17:31ID: BC  Data: 00 00 00 AA 00 00 00 00 
"
"2016-11-21 14:17:32ID: BB  Data: 00 00 00 AA 00 00 00 00 
"
"2016-11-21 14:17:32ID: BC  Data: 00 00 00 AA 00 00 00 00 
"
"2016-11-21 14:17:32ID: BB  Data: 00 00 00 AA 00 00 00 00 
"
"2016-11-21 14:17:32ID: BC  Data: 00 00 00 AA 00 00 00 00 
"
"2016-11-21 14:17:32ID: BB  Data: 00 00 00 AA 00 00 00 00 
"
"2016-11-21 14:17:32ID: BC  Data: 00 00 00 AA 00 00 00 00 
"
"2016-11-21 14:17:32ID: BB  Data: 00 00 00 AA 00 00 00 00 
"
"2016-11-21 14:17:32ID: BC  Data: 00 00 00 AA 00 00 00 00 
"
"2016-11-21 14:17:32ID: BB  Data: 00 00 00 AA 00 00 00 00 
"
"2016-11-21 14:17:32ID: BC  Data: 00 00 00 AA 00 00 00 00 
"
"2016-11-21 14:17:32ID: BB  Data: 00 00 00 AA 00 00 00 00 
"
"2016-11-21 14:17:32ID: BC  Data: 00 00 00 AA 00 00 00 00 
"
"2016-11-21 14:17:32ID: BB  Data: 00 00 00 AA 00 00 00 00 
"
"2016-11-21 14:17:32ID: BC  Data: 00 00 00 AA 00 00 00 00 
"
"2016-11-21 14:17:32ID: BB  Data: 00 00 00 AA 00 00 00 00 
"
"2016-11-21 14:17:32ID: BC  Data: 00 00 00 AA 00 00 00 00 
"
"2016-11-21 14:17:32ID: BB  Data: 00 00 00 AA 00 00 00 00 
"
"2016-11-21 14:17:32ID: BC  Data: 00 00 00 AA 00 00 00 00 
"
"2016-11-21 14:17:32ID: BB  Data: 00 00 00 AA 00 00 00 00 
"
"2016-11-21 14:17:32ID: BC  Data: 00 00 00 AA 00 00 00 00 
"
"2016-11-21 14:17:32ID: BB  Data: 00 00 00 AA 00 00 00 00 
"
"2016-11-21 14:17:32ID: BC  Data: 00 00 00 AA 00 00 00 00 
"
"2016-11-21 14:17:33ID: BB  Data: 00 00 00 AA 00 00 00 00 
"
"2016-11-21 14:17:33ID: BC  Data: 00 00 00 AA 00 00 00 00 
"
"2016-11-21 14:17:33ID: BB  Data: 00 00 00 AA 00 00 00 00 
"
"2016-11-21 14:17:33ID: BC  Data: 00 00 00 AA 00 00 00 00 
"
"2016-11-21 14:17:33ID: BB  Data: 00 00 00 AA 00 00 00 00 
"
"2016-11-21 14:17:33ID: BC  Data: 00 00 00 AA 00 00 00 00 
"
"2016-11-21 14:17:33ID: BB  Data: 00 00 00 AA 00 00 00 00 
"
"2016-11-21 14:17:33ID: BC  Data: 00 00 00 AA 00 00 00 00 
"
"2016-11-21 14:17:33ID: BB  Data: 00 00 00 AA 00 00 00 00 
"
"2016-11-21 14:17:33ID: BC  Data: 00 00 00 AA 00 00 00 00 
"
"2016-11-21 14:17:33ID: BB  Data: 00 00 00 AA 00 00 00 00 
"
"2016-11-21 14:17:33ID: BC  Data: 00 00 00 AA 00 00 00 00 
"
"2016-11-21 14:17:33ID: BB  Data: 00 00 00 AA 00 00 00 00 
"
"2016-11-21 14:17:33ID: BC  Data: 00 00 00 AA 00 00 00 00 
"
"2016-11-21 14:17:33ID: BB  Data: 00 00 00 AA 00 00 00 00 
"
"2016-11-21 14:17:33ID: BC  Data: 00 00 00 AA 00 00 00 00 
"
"2016-11-21 14:17:33ID: BB  Data: 00 00 00 AA 00 00 00 00 
"
"2016-11-21 14:17:33ID: BC  Data: 00 00 00 AA 00 00 00 00 
"
"2016-11-21 14:17:33ID: BB  Data: 00 00 00 AA 00 00 00 00 
"
"2016-11-21 14:17:33ID: BC  Data: 00 00 00 AA 00 00 00 00 
"
"2016-11-21 14:17:33ID: BB  Data: 00 00 00 AA 00 00 00 00 
"
"2016-11-21 14:17:33ID: BC  Data: 00 00 00 AA 00 00 00 00 
"
"2016-11-21 14:17:33ID: BB  Data: 00 00 00 AA 00 00 00 00 
"
"2016-11-21 14:17:33ID: BC  Data: 00 00 00 AA 00 00 00 00 
"
"2016-11-21 14:17:34ID: BB  Data: 00 00 00 AA 00 00 00 00 
"
"2016-11-21 14:17:34ID: BC  Data: 00 00 00 AA 00 00 00 00 
"
"2016-11-21 14:17:34ID: BB  Data: 00 00 00 AA 00 00 00 00 
"
"2016-11-21 14:17:34ID: BC  Data: 00 00 00 AA 00 00 00 00 
"
"2016-11-21 14:17:34ID: BB  Data: 00 00 00 AA 00 00 00 00 
"
"2016-11-21 14:17:34ID: BC  Data: 00 00 00 AA 00 00 00 00 
"
"2016-11-21 14:17:34ID: BB  Data: 00 00 00 AA 00 00 00 00 
"
"2016-11-21 14:17:34ID: BC  Data: 00 00 00 AA 00 00 00 00 
"
"2016-11-21 14:17:34ID: BB  Data: 00 00 00 AA 00 00 00 00 
"
"2016-11-21 14:17:34ID: BC  Data: 00 00 00 AA 00 00 00 00 
"
"2016-11-21 14:17:34ID: BB  Data: 00 00 00 AA 00 00 00 00 
"
"2016-11-21 14:17:34ID: BC  Data: 00 00 00 AA 00 00 00 00 
"
"2016-11-21 14:17:34ID: BB  Data: 00 00 00 AA 00 00 00 00 
"
"2016-11-21 14:17:34ID: BC  Data: 00 00 00 AA 00 00 00 00 
"
"2016-11-21 14:17:34ID: BB  Data: 00 00 00 AA 00 00 00 00 
"
"2016-11-21 14:17:34ID: BC  Data: 00 00 00 AA 00 00 00 00 
"
"2016-11-21 14:17:34ID: BB  Data: 00 00 00 AA 00 00 00 00 
"
"2016-11-21 14:17:34ID: BC  Data: 00 00 00 AA 00 00 00 00 
"
"2016-11-21 14:17:34ID: BB  Data: 00 00 00 AA 00 00 00 00 
"
"2016-11-21 14:17:34ID: BC  Data: 00 00 00 AA 00 00 00 00 
"
"2016-11-21 14:17:34ID: BB  Data: 00 00 00 AA 00 00 00 00 
"
"2016-11-21 14:17:34ID: BC  Data: 00 00 00 AA 00 00 00 00 
"
"2016-11-21 14:17:35ID: BB  Data: 00 00 00 AA 00 00 00 00 
"
"2016-11-21 14:17:35ID: BC  Data: 00 00 00 AA 00 00 00 00 
"
"2016-11-21 14:17:35ID: BB  Data: 00 00 00 AA 00 00 00 00 
"
"2016-11-21 14:17:35ID: BC  Data: 00 00 00 AA 00 00 00 00 
"
"2016-11-21 14:17:35ID: BB  Data: 00 00 00 AA 00 00 00 00 
"
"2016-11-21 14:17:35ID: BC  Data: 00 00 00 AA 00 00 00 00 
"
"2016-11-21 14:17:35ID: BB  Data: 00 00 00 AA 00 00 00 00 
"
"2016-11-21 14:17:35ID: BC  Data: 00 00 00 AA 00 00 00 00 
"
"2016-11-21 14:17:35ID: BB  Data: 00 00 00 AA 00 00 00 00 
"
"2016-11-21 14:17:35ID: BC  Data: 00 00 00 AA 00 00 00 00 
"
"2016-11-21 14:17:35ID: BB  Data: 00 00 00 AA 00 00 00 00 
"
"2016-11-21 14:17:35ID: BC  Data: 00 00 00 AA 00 00 00 00 
"
"2016-11-21 14:17:35ID: BB  Data: 00 00 00 AA 00 00 00 00 
"
"2016-11-21 14:17:35ID: BC  Data: 00 00 00 AA 00 00 00 00 
"
"2016-11-21 14:17:35ID: BB  Data: 00 00 00 AA 00 00 00 00 
"
"2016-11-21 14:17:35ID: BC  Data: 00 00 00 AA 00 00 00 00 
"
"2016-11-21 14:17:35ID: BB  Data: 00 00 00 AA 00 00 00 00 
"
"2016-11-21 14:17:35ID: BC  Data: 00 00 00 AA 00 00 00 00 
"
"2016-11-21 14:17:35ID: BB  Data: 00 00 00 AA 00 00 00 00 
"
"2016-11-21 14:17:35ID: BC  Data: 00 00 00 AA 00 00 00 00 
"
"2016-11-21 14:17:35ID: BB  Data: 00 00 00 AA 00 00 00 00 
"
"2016-11-21 14:17:35ID: BC  Data: 00 00 00 AA 00 00 00 00 
"
"2016-11-21 14:17:35ID: BB  Data: 00 00 00 AA 00 00 00 00 
"
"2016-11-21 14:17:36ID: BC  Data: 00 00 00 AA 00 00 00 00 
"
"2016-11-21 14:17:36ID: BB  Data: 00 00 00 AA 00 00 00 00 
"
"2016-11-21 14:17:36ID: BC  Data: 00 00 00 AA 00 00 00 00 
"
"2016-11-21 14:17:36ID: BB  Data: 00 00 00 AA 00 00 00 00 
"
"2016-11-21 14:17:36ID: BC  Data: 00 00 00 AA 00 00 00 00 
"
"2016-11-21 14:17:36ID: BB  Data: 00 00 00 AA 00 00 00 00 
"
"2016-11-21 14:17:36ID: BC  Data: 00 00 00 AA 00 00 00 00 
"
"2016-11-21 14:17:36ID: BB  Data: 00 00 00 AA 00 00 00 00 
"
"2016-11-21 14:17:36ID: BC  Data: 00 00 00 AA 00 00 00 00 
"
"2016-11-21 14:17:36ID: BB  Data: 00 00 00 AA 00 00 00 00 
"
"2016-11-21 14:17:36ID: BC  Data: 00 00 00 AA 00 00 00 00 
"
"2016-11-21 14:17:36ID: BB  Data: 00 00 00 AA 00 00 00 00 
"
"2016-11-21 14:17:36ID: BC  Data: 00 00 00 AA 00 00 00 00 
"
"2016-11-21 14:17:36ID: BB  Data: 00 00 00 AA 00 00 00 00 
"
"2016-11-21 14:17:36ID: BC  Data: 00 00 00 AA 00 00 00 00 
"
"2016-11-21 14:17:36ID: BB  Data: 00 00 00 AA 00 00 00 00 
"
"2016-11-21 14:17:36ID: BC  Data: 00 00 00 AA 00 00 00 00 
"
"2016-11-21 14:17:36ID: BB  Data: 00 00 00 AA 00 00 00 00 
"
"2016-11-21 14:17:36ID: BC  Data: 00 00 00 AA 00 00 00 00 
"
"2016-11-21 14:17:36ID: BB  Data: 00 00 00 AA 00 00 00 00 
"
"2016-11-21 14:17:36ID: BC  Data: 00 00 00 AA 00 00 00 00 
"
"2016-11-21 14:17:36ID: BB  Data: 00 00 00 AA 00 00 00 00 
"
"2016-11-21 14:17:36ID: BC  Data: 00 00 00 AA 00 00 00 00 
"
"2016-11-21 14:17:37ID: BB  Data: 00 00 00 AA 00 00 00 00 
"
"2016-11-21 14:17:37ID: BC  Data: 00 00 00 AA 00 00 00 00 
"
"2016-11-21 14:17:37ID: BB  Data: 00 00 00 AA 00 00 00 00 
"
"2016-11-21 14:17:37ID: BC  Data: 00 00 00 AA 00 00 00 00 
"
"2016-11-21 14:17:37ID: BB  Data: 00 00 00 AA 00 00 00 00 
"
"2016-11-21 14:17:37ID: BC  Data: 00 00 00 AA 00 00 00 00 
"
"2016-11-21 14:17:37ID: BB  Data: 00 00 00 AA 00 00 00 00 
"
"2016-11-21 14:17:37ID: BC  Data: 00 00 00 AA 00 00 00 00 
"
"2016-11-21 14:17:37ID: BB  Data: 00 00 00 AA 00 00 00 00 
"
"2016-11-21 14:17:37ID: BC  Data: 00 00 00 AA 00 00 00 00 
"
"2016-11-21 14:17:37ID: BB  Data: 00 00 00 AA 00 00 00 00 
"
"2016-11-21 14:17:37ID: BC  Data: 00 00 00 AA 00 00 00 00 
"
"2016-11-21 14:17:37ID: BB  Data: 00 00 00 AA 00 00 00 00 
"
"2016-11-21 14:17:37ID: BC  Data: 00 00 00 AA 00 00 00 00 
"
"2016-11-21 14:17:37ID: BB  Data: 00 00 00 AA 00 00 00 00 
"
"2016-11-21 14:17:37ID: BC  Data: 00 00 00 AA 00 00 00 00 
"
"2016-11-21 14:17:37ID: BB  Data: 00 00 00 AA 00 00 00 00 
"
"2016-11-21 14:17:37ID: BC  Data: 00 00 00 AA 00 00 00 00 
"
"2016-11-21 14:17:37ID: BB  Data: 00 00 00 AA 00 00 00 00 
"
"2016-11-21 14:17:37ID: BC  Data: 00 00 00 AA 00 00 00 00 
"
"2016-11-21 14:17:37ID: BB  Data: 00 00 00 AA 00 00 00 00 
"
"2016-11-21 14:17:37ID: BC  Data: 00 00 00 AA 00 00 00 00 
"
"2016-11-21 14:17:38ID: BB  Data: 00 00 00 AA 00 00 00 00 
"
"2016-11-21 14:17:38ID: BC  Data: 00 00 00 AA 00 00 00 00 
"
"2016-11-21 14:17:38ID: BB  Data: 00 00 00 AA 00 00 00 00 
"
"2016-11-21 14:17:38ID: BC  Data: 00 00 00 AA 00 00 00 00 
"
"2016-11-21 14:17:38ID: BB  Data: 00 00 00 AA 00 00 00 00 
"
"2016-11-21 14:17:38ID: BC  Data: 00 00 00 AA 00 00 00 00 
"
"2016-11-21 14:17:38ID: BB  Data: 00 00 00 AA 00 00 00 00 
"
"2016-11-21 14:17:38ID: BC  Data: 00 00 00 AA 00 00 00 00 
"
"2016-11-21 14:17:38ID: BB  Data: 00 00 00 AA 00 00 00 00 
"
"2016-11-21 14:17:38ID: BC  Data: 00 00 00 AA 00 00 00 00 
"
"2016-11-21 14:17:38ID: BB  Data: 00 00 00 AA 00 00 00 00 
"
"2016-11-21 14:17:38ID: BC  Data: 00 00 00 AA 00 00 00 00 
"
"2016-11-21 14:17:38ID: BB  Data: 00 00 00 AA 00 00 00 00 
"
"2016-11-21 14:17:38ID: BC  Data: 00 00 00 AA 00 00 00 00 
"
"2016-11-21 14:17:38ID: BB  Data: 00 00 00 AA 00 00 00 00 
"
"2016-11-21 14:17:38ID: BC  Data: 00 00 00 AA 00 00 00 00 
"
"2016-11-21 14:17:38ID: BB  Data: 00 00 00 AA 00 00 00 00 
"
"2016-11-21 14:17:38ID: BC  Data: 00 00 00 AA 00 00 00 00 
"
"2016-11-21 14:17:38ID: BB  Data: 00 00 00 AA 00 00 00 00 
"
"2016-11-21 14:17:38ID: BC  Data: 00 00 00 AA 00 00 00 00 
"
"2016-11-21 14:17:38ID: BB  Data: 00 00 00 AA 00 00 00 00 
"
"2016-11-21 14:17:38ID: BC  Data: 00 00 00 AA 00 00 00 00 
"
"2016-11-21 14:17:38ID: BB  Data: 00 00 00 AA 02 48 ED 96 
"
"2016-11-21 14:17:38ID: BC  Data: 00 00 00 AA FD B7 12 6A 
"
"2016-11-21 14:17:39ID: BB  Data: 00 00 00 AA 04 40 D8 8A 
"
"2016-11-21 14:17:39ID: BC  Data: 00 00 00 AA FB BF 27 76 
"
"2016-11-21 14:17:39ID: BB  Data: 00 00 00 AA 02 A3 B6 53 
"
"2016-11-21 14:17:39ID: BC  Data: 00 00 00 AA FD 5C 49 AD 
"
"2016-11-21 14:17:39ID: BB  Data: 00 00 00 AA 00 00 00 00 
"
"2016-11-21 14:17:39ID: BC  Data: 00 00 00 AA 00 00 00 00 
"
"2016-11-21 14:17:39ID: BB  Data: 00 00 00 AA 00 00 00 00 
"
"2016-11-21 14:17:39ID: BC  Data: 00 00 00 AA 00 00 00 00 
"
"2016-11-21 14:17:39ID: BB  Data: 00 00 00 AA 00 00 00 00 
"
"2016-11-21 14:17:39ID: BC  Data: 00 00 00 AA 00 00 00 00 
"
"2016-11-21 14:17:39ID: BB  Data: 00 00 00 AA 00 00 00 00 
"
"2016-11-21 14:17:39ID: BC  Data: 00 00 00 AA 00 00 00 00 
"
"2016-11-21 14:17:39ID: BB  Data: 00 00 00 AA 00 00 00 00 
"
"2016-11-21 14:17:39ID: BC  Data: 00 00 00 AA 00 00 00 00 
"
"2016-11-21 14:17:39ID: BB  Data: 00 00 00 AA 00 00 00 00 
"
"2016-11-21 14:17:39ID: BC  Data: 00 00 00 AA 00 00 00 00 
"
"2016-11-21 14:17:39ID: BB  Data: 00 00 00 AA 00 00 00 00 
"
"2016-11-21 14:17:39ID: BC  Data: 00 00 00 AA 00 00 00 00 
"
"2016-11-21 14:17:39ID: BB  Data: 00 00 00 AA 00 00 00 00 
"
"2016-11-21 14:17:39ID: BC  Data: 00 00 00 AA 00 00 00 00 
"
"2016-11-21 14:17:39ID: BB  Data: 00 00 00 AA 00 00 00 00 
"
"2016-11-21 14:17:39ID: BC  Data: 00 00 00 AA 00 00 00 00 
"
"2016-11-21 14:17:40ID: BB  Data: 00 00 00 AA 00 00 00 00 
"
"2016-11-21 14:17:40ID: BC  Data: 00 00 00 AA 00 00 00 00 
"
"2016-11-21 14:17:40ID: BB  Data: 00 00 00 AA 00 00 00 00 
"
"2016-11-21 14:17:40ID: BC  Data: 00 00 00 AA 00 00 00 00 
"
"2016-11-21 14:17:40ID: BB  Data: 00 00 00 AA 00 00 00 00 
"
"2016-11-21 14:17:40ID: BC  Data: 00 00 00 AA 00 00 00 00 
"
"2016-11-21 14:17:40ID: BB  Data: 00 00 00 AA 00 00 00 00 
"
"2016-11-21 14:17:40ID: BC  Data: 00 00 00 AA 00 00 00 00 
"
"2016-11-21 14:17:40ID: BB  Data: 00 00 00 AA 02 A7 A8 CB 
"
"2016-11-21 14:17:40ID: BC  Data: 00 00 00 AA FD 58 57 35 
"
"2016-11-21 14:17:40ID: BB  Data: 00 00 00 AA 04 EE 85 16 
"
"2016-11-21 14:17:40ID: BC  Data: 00 00 00 AA FB 11 7A EA 
"
"2016-11-21 14:17:40ID: BB  Data: 00 00 00 AA 06 F2 47 70 
"
"2016-11-21 14:17:40ID: BC  Data: 00 00 00 AA F9 0D B8 90 
"
"2016-11-21 14:17:40ID: BB  Data: 00 00 00 AA 07 EA F2 DC 
"
"2016-11-21 14:17:40ID: BC  Data: 00 00 00 AA F8 15 0D 24 
"
"2016-11-21 14:17:40ID: BB  Data: 00 00 00 AA 08 C7 FD 03 
"
"2016-11-21 14:17:40ID: BC  Data: 00 00 00 AA F7 38 02 FD 
"
"2016-11-21 14:17:40ID: BB  Data: 00 00 00 AA 09 D5 B5 97 
"
"2016-11-21 14:17:40ID: BC  Data: 00 00 00 AA F6 2A 4A 69 
"
"2016-11-21 14:17:40ID: BB  Data: 00 00 00 AA 0A FD BE 9D 
"
"2016-11-21 14:17:40ID: BC  Data: 00 00 00 AA F5 02 41 63 
"
"2016-11-21 14:17:41ID: BB  Data: 00 00 00 AA 0C 55 25 3E 
"
"2016-11-21 14:17:41ID: BC  Data: 00 00 00 AA F3 AA DA C2 
"
"2016-11-21 14:17:41ID: BB  Data: 00 00 00 AA 0C F9 9C 09 
"
"2016-11-21 14:17:41ID: BC  Data: 00 00 00 AA F3 06 63 F7 
"
"2016-11-21 14:17:41ID: BB  Data: 00 00 00 AA 0D 1B D1 6A 
"
"2016-11-21 14:17:41ID: BC  Data: 00 00 00 AA F2 E4 2E 96 
"
"2016-11-21 14:17:41ID: BB  Data: 00 00 00 AA 0D 7F CF E9 
"
"2016-11-21 14:17:41ID: BC  Data: 00 00 00 AA F2 80 30 17 
"
"2016-11-21 14:17:41ID: BB  Data: 00 00 00 AA 0E 07 54 9C 
"
"2016-11-21 14:17:41ID: BC  Data: 00 00 00 AA F1 F8 AB 64 
"
"2016-11-21 14:17:41ID: BB  Data: 00 00 00 AA 0E 3E 97 26 
"
"2016-11-21 14:17:41ID: BC  Data: 00 00 00 AA F1 C1 68 DA 
"
"2016-11-21 14:17:41ID: BB  Data: 00 00 00 AA 0E 39 53 DC 
"
"2016-11-21 14:17:41ID: BC  Data: 00 00 00 AA F1 C6 AC 24 
"
"2016-11-21 14:17:41ID: BB  Data: 00 00 00 AA 0E 3A A4 AF 
"
"2016-11-21 14:17:41ID: BC  Data: 00 00 00 AA F1 C5 5B 51 
"
"2016-11-21 14:17:41ID: BB  Data: 00 00 00 AA 0E 41 38 CB 
"
"2016-11-21 14:17:41ID: BC  Data: 00 00 00 AA F1 BE C7 35 
"
"2016-11-21 14:17:41ID: BB  Data: 00 00 00 AA 0E 35 61 65 
"
"2016-11-21 14:17:41ID: BC  Data: 00 00 00 AA F1 CA 9E 9B 
"
"2016-11-21 14:17:41ID: BB  Data: 00 00 00 AA 0E 26 E8 59 
"
"2016-11-21 14:17:41ID: BC  Data: 00 00 00 AA F1 D9 17 A7 
"
"2016-11-21 14:17:41ID: BB  Data: 00 00 00 AA 0E 29 89 FE 
"
"2016-11-21 14:17:41ID: BC  Data: 00 00 00 AA F1 D6 76 02 
"
"2016-11-21 14:17:42ID: BB  Data: 00 00 00 AA 0E 2D 7C 75 
"
"2016-11-21 14:17:42ID: BC  Data: 00 00 00 AA F1 D2 83 8B 
"
"2016-11-21 14:17:42ID: BB  Data: 00 00 00 AA 0E 31 6E ED 
"
"2016-11-21 14:17:42ID: BC  Data: 00 00 00 AA F1 CE 91 13 
"
"2016-11-21 14:17:42ID: BB  Data: 00 00 00 AA 0E 25 97 86 
"
"2016-11-21 14:17:42ID: BC  Data: 00 00 00 AA F1 DA 68 7A 
"
"2016-11-21 14:17:42ID: BB  Data: 00 00 00 AA 0E 04 B2 F7 
"
"2016-11-21 14:17:42ID: BC  Data: 00 00 00 AA F1 FB 4D 09 
"
"2016-11-21 14:17:42ID: BB  Data: 00 00 00 AA 0D B0 7E 56 
"
"2016-11-21 14:17:42ID: BC  Data: 00 00 00 AA F2 4F 81 AA 
"
"2016-11-21 14:17:42ID: BB  Data: 00 00 00 AA 0D 15 3D 4D 
"
"2016-11-21 14:17:42ID: BC  Data: 00 00 00 AA F2 EA C2 B3 
"
"2016-11-21 14:17:42ID: BB  Data: 00 00 00 AA 08 06 94 21 
"
"2016-11-21 14:17:42ID: BC  Data: 00 00 00 AA F7 F9 6B DF 
"
"2016-11-21 14:17:42ID: BB  Data: 00 00 00 AA 05 B7 D2 E7 
"
"2016-11-21 14:17:42ID: BC  Data: 00 00 00 AA FA 48 2D 19 
"
"2016-11-21 14:17:42ID: BB  Data: 00 00 00 AA 02 33 E0 6D 
"
"2016-11-21 14:17:42ID: BC  Data: 00 00 00 AA FD CC 1F 93 
"
"2016-11-21 14:17:42ID: BB  Data: 00 00 00 AA 00 00 00 00 
"
"2016-11-21 14:17:42ID: BC  Data: 00 00 00 AA 00 00 00 00 
"
"2016-11-21 14:17:42ID: BB  Data: 00 00 00 AA 00 00 00 00 
"
"2016-11-21 14:17:42ID: BC  Data: 00 00 00 AA 00 00 00 00 
"
"2016-11-21 14:17:43ID: BB  Data: 00 00 00 AA 00 00 00 00 
"
"2016-11-21 14:17:43ID: BC  Data: 00 00 00 AA 00 00 00 00 
"
"2016-11-21 14:17:43ID: BB  Data: 00 00 00 AA 00 00 00 00 
"
"2016-11-21 14:17:43ID: BC  Data: 00 00 00 AA 00 00 00 00 
"
"2016-11-21 14:17:43ID: BB  Data: 00 00 00 AA 01 D6 76 0B 
"
"2016-11-21 14:17:43ID: BC  Data: 00 00 00 AA FE 29 89 F5 
"
"2016-11-21 14:17:43ID: BB  Data: 00 00 00 AA 04 A2 35 64 
"
"2016-11-21 14:17:43ID: BC  Data: 00 00 00 AA FB 5D CA 9C 
"
"2016-11-21 14:17:43ID: BB  Data: 00 00 00 AA 06 15 3D 4A 
"
"2016-11-21 14:17:43ID: BC  Data: 00 00 00 AA F9 EA C2 B6 
"
"2016-11-21 14:17:43ID: BB  Data: 00 00 00 AA 07 BE 36 E6 
"
"2016-11-21 14:17:43ID: BC  Data: 00 00 00 AA F8 41 C9 1A 
"
"2016-11-21 14:17:43ID: BB  Data: 00 00 00 AA 09 71 B7 18 
"
"2016-11-21 14:17:43ID: BC  Data: 00 00 00 AA F6 8E 48 E8 
"
"2016-11-21 14:17:43ID: BB  Data: 00 00 00 AA 0A 1F 63 A4 
"
"2016-11-21 14:17:43ID: BC  Data: 00 00 00 AA F5 E0 9C 5C 
"
"2016-11-21 14:17:43ID: BB  Data: 00 00 00 AA 0A 2D DC AF 
"
"2016-11-21 14:17:43ID: BC  Data: 00 00 00 AA F5 D2 23 51 
"
"2016-11-21 14:17:43ID: BB  Data: 00 00 00 AA 0A 37 12 71 
"
"2016-11-21 14:17:43ID: BC  Data: 00 00 00 AA F5 C8 ED 8F 
"
"2016-11-21 14:17:43ID: BB  Data: 00 00 00 AA 0A 1A 20 5A 
"
"2016-11-21 14:17:43ID: BC  Data: 00 00 00 AA F5 E5 DF A6 
"
"2016-11-21 14:17:43ID: BB  Data: 00 00 00 AA 0A 03 C2 5F 
"
"2016-11-21 14:17:44ID: BC  Data: 00 00 00 AA F5 FC 3D A1 
"
"2016-11-21 14:17:44ID: BB  Data: 00 00 00 AA 09 FB DD 70 
"
"2016-11-21 14:17:44ID: BC  Data: 00 00 00 AA F6 04 22 90 
"
"2016-11-21 14:17:44ID: BB  Data: 00 00 00 AA 0A 0B A7 4E 
"
"2016-11-21 14:17:44ID: BC  Data: 00 00 00 AA F5 F4 58 B2 
"
"2016-11-21 14:17:44ID: BB  Data: 00 00 00 AA 0A 16 2D E2 
"
"2016-11-21 14:17:44ID: BC  Data: 00 00 00 AA F5 E9 D2 1E 
"
"2016-11-21 14:17:44ID: BB  Data: 00 00 00 AA 0A 16 2D E2 
"
"2016-11-21 14:17:44ID: BC  Data: 00 00 00 AA F5 E9 D2 1E 
"
"2016-11-21 14:17:44ID: BB  Data: 00 00 00 AA 0A 27 48 93 
"
"2016-11-21 14:17:44ID: BC  Data: 00 00 00 AA F5 D8 B7 6D 
"
"2016-11-21 14:17:44ID: BB  Data: 00 00 00 AA 0A 1B 71 2C 
"
"2016-11-21 14:17:44ID: BC  Data: 00 00 00 AA F5 E4 8E D4 
"
"2016-11-21 14:17:44ID: BB  Data: 00 00 00 AA 09 C1 F9 41 
"
"2016-11-21 14:17:44ID: BC  Data: 00 00 00 AA F6 3E 06 BF 
"
"2016-11-21 14:17:44ID: BB  Data: 00 00 00 AA 06 66 D0 46 
"
"2016-11-21 14:17:44ID: BC  Data: 00 00 00 AA F9 99 2F BA 
"
"2016-11-21 14:17:44ID: BB  Data: 00 00 00 AA 04 03 01 E3 
"
"2016-11-21 14:17:44ID: BC  Data: 00 00 00 AA FB FC FE 1D 
"
"2016-11-21 14:17:44ID: BB  Data: 00 00 00 AA 01 A4 76 CB 
"
"2016-11-21 14:17:44ID: BC  Data: 00 00 00 AA FE 5B 89 35 
"
"2016-11-21 14:17:44ID: BB  Data: 00 00 00 AA 00 00 00 00 
"
"2016-11-21 14:17:44ID: BC  Data: 00 00 00 AA 00 00 00 00 
"
"2016-11-21 14:17:45ID: BB  Data: 00 00 00 AA 00 00 00 00 
"
"2016-11-21 14:17:45ID: BC  Data: 00 00 00 AA 00 00 00 00 
"
"2016-11-21 14:17:45ID: BB  Data: 00 00 00 AA 00 00 00 00 
"
"2016-11-21 14:17:45ID: BC  Data: 00 00 00 AA 00 00 00 00 
"
"2016-11-21 14:17:45ID: BB  Data: 00 00 00 AA 00 00 00 00 
"
"2016-11-21 14:17:45ID: BC  Data: 00 00 00 AA 00 00 00 00 
"
"2016-11-21 14:17:45ID: BB  Data: 00 00 00 AA 00 00 00 00 
"
"2016-11-21 14:17:45ID: BC  Data: 00 00 00 AA 00 00 00 00 
"
"2016-11-21 14:17:45ID: BB  Data: 00 00 00 AA 00 00 00 00 
"
"2016-11-21 14:17:45ID: BC  Data: 00 00 00 AA 00 00 00 00 
"
"2016-11-21 14:17:45ID: BB  Data: 00 00 00 AA 00 00 00 00 
"
"2016-11-21 14:17:45ID: BC  Data: 00 00 00 AA 00 00 00 00 
"
"2016-11-21 14:17:45ID: BB  Data: 00 00 00 AA 00 00 00 00 
"
"2016-11-21 14:17:45ID: BC  Data: 00 00 00 AA 00 00 00 00 
"
"2016-11-21 14:17:45ID: BB  Data: 00 00 00 AA 00 00 00 00 
"
"2016-11-21 14:17:45ID: BC  Data: 00 00 00 AA 00 00 00 00 
"
"2016-11-21 14:17:45ID: BB  Data: 00 00 00 AA 00 00 00 00 
"
"2016-11-21 14:17:45ID: BC  Data: 00 00 00 AA 00 00 00 00 
"
"2016-11-21 14:17:45ID: BB  Data: 00 00 00 AA 00 00 00 00 
"
"2016-11-21 14:17:45ID: BC  Data: 00 00 00 AA 00 00 00 00 
"
"2016-11-21 14:17:45ID: AA  Data: AA AA 00 00 00 00 00 00 
"
"2016-11-21 14:17:45ID: BB  Data: 00 00 00 AA 00 00 00 00 
"
"2016-11-21 14:17:45ID: BC  Data: 00 00 00 AA 00 00 00 00 
"
"2016-11-21 14:17:46ID: BB  Data: 00 00 00 AA 00 00 00 00 
"
"2016-11-21 14:17:46ID: BC  Data: 00 00 00 AA 00 00 00 00 
"
"2016-11-21 14:17:46ID: BB  Data: 00 00 00 AA 00 00 00 00 
"
"2016-11-21 14:17:46ID: BC  Data: 00 00 00 AA 00 00 00 00 
"
"2016-11-21 14:17:46ID: BB  Data: 00 00 00 AA 00 00 00 00 
"
"2016-11-21 14:17:46ID: BC  Data: 00 00 00 AA 00 00 00 00 
"
"2016-11-21 14:17:46ID: AA  Data: AA CC 00 00 00 00 00 00 
"
"2016-11-21 14:17:46ID: BB  Data: 00 00 00 AA 00 00 00 00 
"
"2016-11-21 14:17:46ID: BC  Data: 00 00 00 AA 00 00 00 00 
"
"2016-11-21 14:17:46ID: BB  Data: 00 00 00 AA 00 00 00 00 
"
"2016-11-21 14:17:46ID: BC  Data: 00 00 00 AA 00 00 00 00 
"
"2016-11-21 14:17:46ID: BB  Data: 00 00 00 AA 00 00 00 00 
"
"2016-11-21 14:17:46ID: BC  Data: 00 00 00 AA 00 00 00 00 
"
"2016-11-21 14:17:46ID: BB  Data: 00 00 00 AA 00 00 00 00 
"
"2016-11-21 14:17:46ID: BC  Data: 00 00 00 AA 00 00 00 00 
"
"2016-11-21 14:17:46ID: BB  Data: 00 00 00 AA 00 00 00 00 
"
"2016-11-21 14:17:46ID: BC  Data: 00 00 00 AA 00 00 00 00 
"
"2016-11-21 14:17:46ID: BB  Data: 00 00 00 AA 00 00 00 00 
"
"2016-11-21 14:17:46ID: BC  Data: 00 00 00 AA 00 00 00 00 
"
"2016-11-21 14:17:46ID: BB  Data: 00 00 00 AA 00 00 00 00 
"
"2016-11-21 14:17:46ID: BC  Data: 00 00 00 AA 00 00 00 00 
"
"2016-11-21 14:17:46ID: BB  Data: 00 00 00 AA 00 00 00 00 
"
"2016-11-21 14:17:46ID: BC  Data: 00 00 00 AA 00 00 00 00 
"
"2016-11-21 14:17:46ID: BB  Data: 00 00 00 AA 00 00 00 00 
"
"2016-11-21 14:17:46ID: BC  Data: 00 00 00 AA 00 00 00 00 
"
"2016-11-21 14:17:47ID: BB  Data: 00 00 00 AA 00 00 00 00 
"
"2016-11-21 14:17:47ID: BC  Data: 00 00 00 AA 00 00 00 00 
"
"2016-11-21 14:17:47ID: BB  Data: 00 00 00 AA 00 00 00 00 
"
"2016-11-21 14:17:47ID: BC  Data: 00 00 00 AA 00 00 00 00 
"
"2016-11-21 14:17:47ID: BB  Data: 00 00 00 AA 00 00 00 00 
"
"2016-11-21 14:17:47ID: BC  Data: 00 00 00 AA 00 00 00 00 
"
"2016-11-21 14:17:47ID: BB  Data: 00 00 00 AA 00 00 00 00 
"
"2016-11-21 14:17:47ID: BC  Data: 00 00 00 AA 00 00 00 00 
"
"2016-11-21 14:17:47ID: BB  Data: 00 00 00 AA 00 00 00 00 
"
"2016-11-21 14:17:47ID: BC  Data: 00 00 00 AA 00 00 00 00 
"
"2016-11-21 14:17:47ID: BB  Data: 00 00 00 AA FE 1D B2 8F 
"
"2016-11-21 14:17:47ID: BC  Data: 00 00 00 AA 01 E2 4D 71 
"
"2016-11-21 14:17:47ID: BB  Data: 00 00 00 AA FB E5 4F 4F 
"
"2016-11-21 14:17:47ID: BC  Data: 00 00 00 AA 04 1A B0 B1 
"
"2016-11-21 14:17:47ID: BB  Data: 00 00 00 AA FA B9 53 D2 
"
"2016-11-21 14:17:47ID: BC  Data: 00 00 00 AA 05 46 AC 2E 
"
"2016-11-21 14:17:47ID: BB  Data: 00 00 00 AA F9 A3 B6 4F 
"
"2016-11-21 14:17:47ID: BC  Data: 00 00 00 AA 06 5C 49 B1 
"
"2016-11-21 14:17:47ID: BB  Data: 00 00 00 AA F8 79 0B A3 
"
"2016-11-21 14:17:47ID: BC  Data: 00 00 00 AA 07 86 F4 5D 
"
"2016-11-21 14:17:47ID: BB  Data: 00 00 00 AA F6 9B 71 22 
"
"2016-11-21 14:17:47ID: BC  Data: 00 00 00 AA 09 64 8E DE 
"
"2016-11-21 14:17:48ID: BB  Data: 00 00 00 AA F5 76 09 C0 
"
"2016-11-21 14:17:48ID: BC  Data: 00 00 00 AA 0A 89 F6 40 
"
"2016-11-21 14:17:48ID: BB  Data: 00 00 00 AA F5 87 24 71 
"
"2016-11-21 14:17:48ID: BC  Data: 00 00 00 AA 0A 78 DB 8F 
"
"2016-11-21 14:17:48ID: BB  Data: 00 00 00 AA F4 EF D5 E0 
"
"2016-11-21 14:17:48ID: BC  Data: 00 00 00 AA 0B 10 2A 20 
"
"2016-11-21 14:17:48ID: BB  Data: 00 00 00 AA F4 86 94 16 
"
"2016-11-21 14:17:48ID: BC  Data: 00 00 00 AA 0B 79 6B EA 
"
"2016-11-21 14:17:48ID: BB  Data: 00 00 00 AA F4 75 79 66 
"
"2016-11-21 14:17:48ID: BC  Data: 00 00 00 AA 0B 8A 86 9A 
"
"2016-11-21 14:17:48ID: BB  Data: 00 00 00 AA F4 71 86 EE 
"
"2016-11-21 14:17:48ID: BC  Data: 00 00 00 AA 0B 8E 79 12 
"
"2016-11-21 14:17:48ID: BB  Data: 00 00 00 AA F4 58 87 4E 
"
"2016-11-21 14:17:48ID: BC  Data: 00 00 00 AA 0B A7 78 B2 
"
"2016-11-21 14:17:48ID: BB  Data: 00 00 00 AA F4 57 36 7C 
"
"2016-11-21 14:17:48ID: BC  Data: 00 00 00 AA 0B A8 C9 84 
"
"2016-11-21 14:17:48ID: BB  Data: 00 00 00 AA F4 4F 51 8D 
"
"2016-11-21 14:17:48ID: BC  Data: 00 00 00 AA 0B B0 AE 73 
"
"2016-11-21 14:17:48ID: BB  Data: 00 00 00 AA F4 5B 28 F3 
"
"2016-11-21 14:17:48ID: BC  Data: 00 00 00 AA 0B A4 D7 0D 
"
"2016-11-21 14:17:48ID: BB  Data: 00 00 00 AA F4 74 28 93 
"
"2016-11-21 14:17:48ID: BC  Data: 00 00 00 AA 0B 8B D7 6D 
"
"2016-11-21 14:17:49ID: BB  Data: 00 00 00 AA F4 78 1B 0B 
"
"2016-11-21 14:17:49ID: BC  Data: 00 00 00 AA 0B 87 E4 F5 
"
"2016-11-21 14:17:49ID: BB  Data: 00 00 00 AA F4 7F FF FA 
"
"2016-11-21 14:17:49ID: BC  Data: 00 00 00 AA 0B 80 00 06 
"
"2016-11-21 14:17:49ID: BB  Data: 00 00 00 AA F4 7E AF 27 
"
"2016-11-21 14:17:49ID: BC  Data: 00 00 00 AA 0B 81 50 D9 
"
"2016-11-21 14:17:49ID: BB  Data: 00 00 00 AA F4 76 CA 38 
"
"2016-11-21 14:17:49ID: BC  Data: 00 00 00 AA 0B 89 35 C8 
"
"2016-11-21 14:17:49ID: BB  Data: 00 00 00 AA F4 74 28 93 
"
"2016-11-21 14:17:49ID: BC  Data: 00 00 00 AA 0B 8B D7 6D 
"
"2016-11-21 14:17:49ID: BB  Data: 00 00 00 AA F4 70 36 1C 
"
"2016-11-21 14:17:49ID: BC  Data: 00 00 00 AA 0B 8F C9 E4 
"
"2016-11-21 14:17:49ID: BB  Data: 00 00 00 AA F4 78 1B 0B 
"
"2016-11-21 14:17:49ID: BC  Data: 00 00 00 AA 0B 87 E4 F5 
"
"2016-11-21 14:17:49ID: BB  Data: 00 00 00 AA F4 74 28 93 
"
"2016-11-21 14:17:49ID: BC  Data: 00 00 00 AA 0B 8B D7 6D 
"
"2016-11-21 14:17:49ID: BB  Data: 00 00 00 AA F4 75 79 66 
"
"2016-11-21 14:17:49ID: BC  Data: 00 00 00 AA 0B 8A 86 9A 
"
"2016-11-21 14:17:49ID: BB  Data: 00 00 00 AA F4 7A BC B0 
"
"2016-11-21 14:17:49ID: BC  Data: 00 00 00 AA 0B 85 43 50 
"
"2016-11-21 14:17:49ID: BB  Data: 00 00 00 AA F4 7E AF 27 
"
"2016-11-21 14:17:49ID: BC  Data: 00 00 00 AA 0B 81 50 D9 
"
"2016-11-21 14:17:49ID: BB  Data: 00 00 00 AA F4 7F FF FA 
"
"2016-11-21 14:17:49ID: BC  Data: 00 00 00 AA 0B 80 00 06 
"
"2016-11-21 14:17:50ID: BB  Data: 00 00 00 AA F4 87 E4 E9 
"
"2016-11-21 14:17:50ID: BC  Data: 00 00 00 AA 0B 78 1B 17 
"
"2016-11-21 14:17:50ID: BB  Data: 00 00 00 AA F4 81 50 CC 
"
"2016-11-21 14:17:50ID: BC  Data: 00 00 00 AA 0B 7E AF 34 
"
"2016-11-21 14:17:50ID: BB  Data: 00 00 00 AA F4 87 E4 E9 
"
"2016-11-21 14:17:50ID: BC  Data: 00 00 00 AA 0B 78 1B 17 
"
"2016-11-21 14:17:50ID: BB  Data: 00 00 00 AA F4 91 1A AA 
"
"2016-11-21 14:17:50ID: BC  Data: 00 00 00 AA 0B 6E E5 56 
"
"2016-11-21 14:17:50ID: BB  Data: 00 00 00 AA F4 B7 42 83 
"
"2016-11-21 14:17:50ID: BC  Data: 00 00 00 AA 0B 48 BD 7D 
"
"2016-11-21 14:17:50ID: BB  Data: 00 00 00 AA F4 C1 C9 18 
"
"2016-11-21 14:17:50ID: BC  Data: 00 00 00 AA 0B 3E 36 E8 
"
"2016-11-21 14:17:50ID: BB  Data: 00 00 00 AA F5 21 D5 1F 
"
"2016-11-21 14:17:50ID: BC  Data: 00 00 00 AA 0A DE 2A E1 
"
"2016-11-21 14:17:50ID: BB  Data: 00 00 00 AA F5 5E 5A F3 
"
"2016-11-21 14:17:50ID: BC  Data: 00 00 00 AA 0A A1 A5 0D 
"
"2016-11-21 14:17:50ID: BB  Data: 00 00 00 AA F5 51 32 BA 
"
"2016-11-21 14:17:50ID: BC  Data: 00 00 00 AA 0A AE CD 46 
"
"2016-11-21 14:17:50ID: BB  Data: 00 00 00 AA F5 52 83 8C 
"
"2016-11-21 14:17:50ID: BC  Data: 00 00 00 AA 0A AD 7C 74 
"
"2016-11-21 14:17:50ID: BB  Data: 00 00 00 AA F5 53 D4 5F 
"
"2016-11-21 14:17:50ID: BC  Data: 00 00 00 AA 0A AC 2B A1 
"
"2016-11-21 14:17:51ID: BB  Data: 00 00 00 AA F5 5B B9 4E 
"
"2016-11-21 14:17:51ID: BC  Data: 00 00 00 AA 0A A4 46 B2 
"
"2016-11-21 14:17:51ID: BB  Data: 00 00 00 AA F5 72 17 49 
"
"2016-11-21 14:17:51ID: BC  Data: 00 00 00 AA 0A 8D E8 B7 
"
"2016-11-21 14:17:51ID: BB  Data: 00 00 00 AA F5 72 17 49 
"
"2016-11-21 14:17:51ID: BC  Data: 00 00 00 AA 0A 8D E8 B7 
"
"2016-11-21 14:17:51ID: BB  Data: 00 00 00 AA F5 80 90 55 
"
"2016-11-21 14:17:51ID: BC  Data: 00 00 00 AA 0A 7F 6F AB 
"
"2016-11-21 14:17:51ID: BB  Data: 00 00 00 AA F5 A9 59 D3 
"
"2016-11-21 14:17:51ID: BC  Data: 00 00 00 AA 0A 56 A6 2D 
"
"2016-11-21 14:17:51ID: BB  Data: 00 00 00 AA F5 F9 9B FC 
"
"2016-11-21 14:17:51ID: BC  Data: 00 00 00 AA 0A 06 64 04 
"
"2016-11-21 14:17:51ID: BB  Data: 00 00 00 AA F6 61 8C F3 
"
"2016-11-21 14:17:51ID: BC  Data: 00 00 00 AA 09 9E 73 0D 
"
"2016-11-21 14:17:51ID: BB  Data: 00 00 00 AA F6 E2 7D 8A 
"
"2016-11-21 14:17:51ID: BC  Data: 00 00 00 AA 09 1D 82 76 
"
"2016-11-21 14:17:51ID: BB  Data: 00 00 00 AA F7 51 02 9D 
"
"2016-11-21 14:17:51ID: BC  Data: 00 00 00 AA 08 AE FD 63 
"
"2016-11-21 14:17:51ID: BB  Data: 00 00 00 AA F7 7D BE 93 
"
"2016-11-21 14:17:51ID: BC  Data: 00 00 00 AA 08 82 41 6D 
"
"2016-11-21 14:17:51ID: BB  Data: 00 00 00 AA F7 B6 51 EF 
"
"2016-11-21 14:17:51ID: BC  Data: 00 00 00 AA 08 49 AE 11 
"
"2016-11-21 14:17:51ID: BB  Data: 00 00 00 AA F8 13 BC 51 
"
"2016-11-21 14:17:52ID: BC  Data: 00 00 00 AA 07 EC 43 AF 
"
"2016-11-21 14:17:52ID: BB  Data: 00 00 00 AA F8 DD 0A 22 
"
"2016-11-21 14:17:52ID: BC  Data: 00 00 00 AA 07 22 F5 DE 
"
"2016-11-21 14:17:52ID: BB  Data: 00 00 00 AA F9 4E 30 DB 
"
"2016-11-21 14:17:52ID: BC  Data: 00 00 00 AA 06 B1 CF 25 
"
"2016-11-21 14:17:52ID: BB  Data: 00 00 00 AA F9 7C 3D A3 
"
"2016-11-21 14:17:52ID: BC  Data: 00 00 00 AA 06 83 C2 5D 
"
"2016-11-21 14:17:52ID: BB  Data: 00 00 00 AA FA 9F 03 5F 
"
"2016-11-21 14:17:52ID: BC  Data: 00 00 00 AA 05 60 FC A1 
"
"2016-11-21 14:17:52ID: BB  Data: 00 00 00 AA FC A0 24 15 
"
"2016-11-21 14:17:52ID: BC  Data: 00 00 00 AA 03 5F DB EB 
"
"2016-11-21 14:17:52ID: BB  Data: 00 00 00 AA FD 3F 57 95 
"
"2016-11-21 14:17:52ID: BC  Data: 00 00 00 AA 02 C0 A8 6B 
"
"2016-11-21 14:17:52ID: BB  Data: 00 00 00 AA FD BE F7 59 
"
"2016-11-21 14:17:52ID: BC  Data: 00 00 00 AA 02 41 08 A7 
"
"2016-11-21 14:17:52ID: BB  Data: 00 00 00 AA FD DF DB E8 
"
"2016-11-21 14:17:52ID: BC  Data: 00 00 00 AA 02 20 24 18 
"
"2016-11-21 14:17:52ID: BB  Data: 00 00 00 AA FD C5 8B 76 
"
"2016-11-21 14:17:52ID: BC  Data: 00 00 00 AA 02 3A 74 8A 
"
"2016-11-21 14:17:52ID: BB  Data: 00 00 00 AA FD C9 7D EE 
"
"2016-11-21 14:17:52ID: BC  Data: 00 00 00 AA 02 36 82 12 
"
"2016-11-21 14:17:52ID: BB  Data: 00 00 00 AA FD D5 55 54 
"
"2016-11-21 14:17:52ID: BC  Data: 00 00 00 AA 02 2A AA AC 
"
"2016-11-21 14:17:53ID: BB  Data: 00 00 00 AA FD DF DB E8 
"
"2016-11-21 14:17:53ID: BC  Data: 00 00 00 AA 02 20 24 18 
"
"2016-11-21 14:17:53ID: BB  Data: 00 00 00 AA FD EF A5 C6 
"
"2016-11-21 14:17:53ID: BC  Data: 00 00 00 AA 02 10 5A 3A 
"
"2016-11-21 14:17:53ID: BB  Data: 00 00 00 AA FD E7 C0 D7 
"
"2016-11-21 14:17:53ID: BC  Data: 00 00 00 AA 02 18 3F 29 
"
"2016-11-21 14:17:53ID: BB  Data: 00 00 00 AA FD D1 62 DD 
"
"2016-11-21 14:17:53ID: BC  Data: 00 00 00 AA 02 2E 9D 23 
"
"2016-11-21 14:17:53ID: BB  Data: 00 00 00 AA FD CE C1 38 
"
"2016-11-21 14:17:53ID: BC  Data: 00 00 00 AA 02 31 3E C8 
"
"2016-11-21 14:17:53ID: BC  Data: 00 00 00 AA 02 0D B8 94 
"
"2016-11-21 14:17:53ID: BB  Data: 00 00 00 AA 00 00 00 00 
"
"2016-11-21 14:17:53ID: BC  Data: 00 00 00 AA 00 00 00 00 
"
"2016-11-21 14:17:53ID: BB  Data: 00 00 00 AA 00 00 00 00 
"
"2016-11-21 14:17:53ID: BC  Data: 00 00 00 AA 00 00 00 00 
"
"2016-11-21 14:17:53ID: BB  Data: 00 00 00 AA 00 00 00 00 
"
"2016-11-21 14:17:53ID: BC  Data: 00 00 00 AA 00 00 00 00 
"
"2016-11-21 14:17:53ID: BB  Data: 00 00 00 AA 00 00 00 00 
"
"2016-11-21 14:17:53ID: BC  Data: 00 00 00 AA 00 00 00 00 
"
"2016-11-21 14:17:53ID: BB  Data: 00 00 00 AA 00 00 00 00 
"
"2016-11-21 14:17:53ID: BC  Data: 00 00 00 AA 00 00 00 00 
"
"2016-11-21 14:17:54ID: BB  Data: 00 00 00 AA 00 00 00 00 
"
"2016-11-21 14:17:54ID: BC  Data: 00 00 00 AA 00 00 00 00 
"
"2016-11-21 14:17:54ID: BB  Data: 00 00 00 AA 00 00 00 00 
"
"2016-11-21 14:17:54ID: BC  Data: 00 00 00 AA 00 00 00 00 
"
"2016-11-21 14:17:54ID: BB  Data: 00 00 00 AA 00 00 00 00 
"
"2016-11-21 14:17:54ID: BC  Data: 00 00 00 AA 00 00 00 00 
"
"2016-11-21 14:17:54ID: BB  Data: 00 00 00 AA 00 00 00 00 
"
"2016-11-21 14:17:54ID: BC  Data: 00 00 00 AA 00 00 00 00 
"
"2016-11-21 14:17:54ID: BB  Data: 00 00 00 AA 00 00 00 00 
"
"2016-11-21 14:17:54ID: BC  Data: 00 00 00 AA 00 00 00 00 
"
"2016-11-21 14:17:54ID: BB  Data: 00 00 00 AA 00 00 00 00 
"
"2016-11-21 14:17:54ID: BC  Data: 00 00 00 AA 00 00 00 00 
"
"2016-11-21 14:17:54ID: BB  Data: 00 00 00 AA 00 00 00 00 
"
"2016-11-21 14:17:54ID: BC  Data: 00 00 00 AA 00 00 00 00 
"
"2016-11-21 14:17:54ID: BB  Data: 00 00 00 AA 00 00 00 00 
"
"2016-11-21 14:17:54ID: BC  Data: 00 00 00 AA 00 00 00 00 
"
"2016-11-21 14:17:54ID: BB  Data: 00 00 00 AA 00 00 00 00 
"
"2016-11-21 14:17:54ID: BC  Data: 00 00 00 AA 00 00 00 00 
"
"2016-11-21 14:17:54ID: BB  Data: 00 00 00 AA 00 00 00 00 
"
"2016-11-21 14:17:54ID: BC  Data: 00 00 00 AA 00 00 00 00 
"
"2016-11-21 14:17:54ID: BB  Data: 00 00 00 AA 00 00 00 00 
"
"2016-11-21 14:17:54ID: BC  Data: 00 00 00 AA 00 00 00 00 
"
"2016-11-21 14:17:54ID: BB  Data: 00 00 00 AA 00 00 00 00 
"
"2016-11-21 14:17:54ID: BC  Data: 00 00 00 AA 00 00 00 00 
"
"2016-11-21 14:17:55ID: BB  Data: 00 00 00 AA 00 00 00 00 
"
"2016-11-21 14:17:55ID: BC  Data: 00 00 00 AA 00 00 00 00 
"
"2016-11-21 14:17:55ID: BB  Data: 00 00 00 AA 00 00 00 00 
"
"2016-11-21 14:17:55ID: BC  Data: 00 00 00 AA 00 00 00 00 
"
"2016-11-21 14:17:55ID: BB  Data: 00 00 00 AA 00 00 00 00 
"
"2016-11-21 14:17:55ID: BC  Data: 00 00 00 AA 00 00 00 00 
"
"2016-11-21 14:17:55ID: BB  Data: 00 00 00 AA 00 00 00 00 
"
"2016-11-21 14:17:55ID: BC  Data: 00 00 00 AA 00 00 00 00 
"
"2016-11-21 14:17:55ID: BB  Data: 00 00 00 AA 00 00 00 00 
"
"2016-11-21 14:17:55ID: BC  Data: 00 00 00 AA 00 00 00 00 
"
"2016-11-21 14:17:55ID: BB  Data: 00 00 00 AA 00 00 00 00 
"
"2016-11-21 14:17:55ID: BC  Data: 00 00 00 AA 00 00 00 00 
"
"2016-11-21 14:17:55ID: BB  Data: 00 00 00 AA 00 00 00 00 
"
"2016-11-21 14:17:55ID: BC  Data: 00 00 00 AA 00 00 00 00 
"
"2016-11-21 14:17:55ID: BB  Data: 00 00 00 AA 00 00 00 00 
"
"2016-11-21 14:17:55ID: BC  Data: 00 00 00 AA 00 00 00 00 
"
"2016-11-21 14:17:55ID: BB  Data: 00 00 00 AA 00 00 00 00 
"
"2016-11-21 14:17:55ID: BC  Data: 00 00 00 AA 00 00 00 00 
"
"2016-11-21 14:17:55ID: AA  Data: AA AA 00 00 00 00 00 00 
"
"2016-11-21 14:17:55ID: BB  Data: 00 00 00 AA 00 00 00 00 
"
"2016-11-21 14:17:55ID: BC  Data: 00 00 00 AA 00 00 00 00 
"
"2016-11-21 14:17:55ID: BB  Data: 00 00 00 AA 00 00 00 00 
"
"2016-11-21 14:17:55ID: BC  Data: 00 00 00 AA 00 00 00 00 
"
"2016-11-21 14:17:56ID: BB  Data: 00 00 00 AA 00 00 00 00 
"
"2016-11-21 14:17:56ID: BC  Data: 00 00 00 AA 00 00 00 00 
"
"2016-11-21 14:17:56ID: BB  Data: 00 00 00 AA 00 00 00 00 
"
"2016-11-21 14:17:56ID: BC  Data: 00 00 00 AA 00 00 00 00 
"
"2016-11-21 14:17:56ID: BB  Data: 00 00 00 AA 00 00 00 00 
"
"2016-11-21 14:17:56ID: AA  Data: AA BB 00 00 00 00 00 00 
"
"2016-11-21 14:17:56ID: BC  Data: 00 00 00 AA 00 00 00 00 
"
"2016-11-21 14:17:56ID: BB  Data: 00 00 00 AA 00 00 00 00 
"
"2016-11-21 14:17:56ID: BC  Data: 00 00 00 AA 00 00 00 00 
"
"2016-11-21 14:17:56ID: BB  Data: 00 00 00 AA 00 00 00 00 
"
"2016-11-21 14:17:56ID: BC  Data: 00 00 00 AA 00 00 00 00 
"
"2016-11-21 14:17:56ID: BB  Data: 00 00 00 AA 00 00 00 00 
"
"2016-11-21 14:17:56ID: BC  Data: 00 00 00 AA 00 00 00 00 
"
"2016-11-21 14:17:56ID: BB  Data: 00 00 00 AA 00 00 00 00 
"
"2016-11-21 14:17:56ID: BC  Data: 00 00 00 AA 00 00 00 00 
"
"2016-11-21 14:17:56ID: BB  Data: 00 00 00 AA 00 00 00 00 
"
"2016-11-21 14:17:56ID: BC  Data: 00 00 00 AA 00 00 00 00 
"
"2016-11-21 14:17:56ID: BB  Data: 00 00 00 AA 00 00 00 00 
"
"2016-11-21 14:17:56ID: BC  Data: 00 00 00 AA 00 00 00 00 
"
"2016-11-21 14:17:56ID: BB  Data: 00 00 00 AA 00 00 00 00 
"
"2016-11-21 14:17:56ID: BC  Data: 00 00 00 AA 00 00 00 00 
"
"2016-11-21 14:17:56ID: BB  Data: 00 00 00 AA 00 00 00 00 
"
"2016-11-21 14:17:56ID: BC  Data: 00 00 00 AA 00 00 00 00 
"
"2016-11-21 14:17:57ID: BB  Data: 00 00 00 AA 00 00 00 00 
"
"2016-11-21 14:17:57ID: BC  Data: 00 00 00 AA 00 00 00 00 
"
"2016-11-21 14:17:57ID: BB  Data: 00 00 00 AA 00 00 00 00 
"
"2016-11-21 14:17:57ID: BC  Data: 00 00 00 AA 00 00 00 00 
"
"2016-11-21 14:17:57ID: BB  Data: 00 00 00 AA 00 00 00 00 
"
"2016-11-21 14:17:57ID: BC  Data: 00 00 00 AA 00 00 00 00 
"
"2016-11-21 14:17:57ID: BB  Data: 00 00 00 AA 00 00 00 00 
"
"2016-11-21 14:17:57ID: BC  Data: 00 00 00 AA 00 00 00 00 
"
"2016-11-21 14:17:57ID: BB  Data: 00 00 00 AA 00 00 00 00 
"
"2016-11-21 14:17:57ID: BC  Data: 00 00 00 AA 00 00 00 00 
"
"2016-11-21 14:17:57ID: BB  Data: 00 00 00 AA 00 00 00 00 
"
"2016-11-21 14:17:57ID: BC  Data: 00 00 00 AA 00 00 00 00 
"
"2016-11-21 14:17:57ID: BB  Data: 00 00 00 AA 00 00 00 00 
"
"2016-11-21 14:17:57ID: BC  Data: 00 00 00 AA 00 00 00 00 
"
"2016-11-21 14:17:57ID: BB  Data: 00 00 00 AA 02 B4 D1 04 
"
"2016-11-21 14:17:57ID: BC  Data: 00 00 00 AA FD 4B 2E FC 
"
"2016-11-21 14:17:57ID: BB  Data: 00 00 00 AA 04 79 6B E6 
"
"2016-11-21 14:17:57ID: BC  Data: 00 00 00 AA FB 86 94 1A 
"
"2016-11-21 14:17:57ID: BB  Data: 00 00 00 AA 05 E8 81 54 
"
"2016-11-21 14:17:57ID: BC  Data: 00 00 00 AA FA 17 7E AC 
"
"2016-11-21 14:17:57ID: BB  Data: 00 00 00 AA 06 A9 EA 36 
"
"2016-11-21 14:17:57ID: BC  Data: 00 00 00 AA F9 56 15 CA 
"
"2016-11-21 14:17:57ID: BB  Data: 00 00 00 AA 07 D8 87 59 
"
"2016-11-21 14:17:57ID: BC  Data: 00 00 00 AA F8 28 C9 7A 
"
"2016-11-21 14:17:58ID: BB  Data: 00 00 00 AA 09 92 9B A6 
"
"2016-11-21 14:17:58ID: BC  Data: 00 00 00 AA F6 6D 64 5A 
"
"2016-11-21 14:17:58ID: BB  Data: 00 00 00 AA 0A 3B 04 E9 
"
"2016-11-21 14:17:58ID: BC  Data: 00 00 00 AA F5 C4 FB 17 
"
"2016-11-21 14:17:58ID: BB  Data: 00 00 00 AA 0A 41 99 05 
"
"2016-11-21 14:17:58ID: BC  Data: 00 00 00 AA F5 BE 66 FB 
"
"2016-11-21 14:17:58ID: BB  Data: 00 00 00 AA 0A 87 54 9B 
"
"2016-11-21 14:17:58ID: BC  Data: 00 00 00 AA F5 78 AB 65 
"
"2016-11-21 14:17:58ID: BB  Data: 00 00 00 AA 0A AD 7C 74 
"
"2016-11-21 14:17:58ID: BC  Data: 00 00 00 AA F5 52 83 8C 
"
"2016-11-21 14:17:58ID: BB  Data: 00 00 00 AA 0B 16 BE 3D 
"
"2016-11-21 14:17:58ID: BC  Data: 00 00 00 AA F4 E9 41 C3 
"
"2016-11-21 14:17:58ID: BB  Data: 00 00 00 AA 0B B0 AE 73 
"
"2016-11-21 14:17:58ID: BC  Data: 00 00 00 AA F4 4F 51 8D 
"
"2016-11-21 14:17:58ID: BB  Data: 00 00 00 AA 0C 13 5C 20 
"
"2016-11-21 14:17:58ID: BC  Data: 00 00 00 AA F3 EC A3 E0 
"
"2016-11-21 14:17:58ID: BB  Data: 00 00 00 AA 0C 42 B9 BB 
"
"2016-11-21 14:17:58ID: BC  Data: 00 00 00 AA F3 BD 46 45 
"
"2016-11-21 14:17:58ID: BB  Data: 00 00 00 AA 0C 4F E1 F4 
"
"2016-11-21 14:17:58ID: BC  Data: 00 00 00 AA F3 B0 1E 0C 
"
"2016-11-21 14:17:58ID: BB  Data: 00 00 00 AA 0C 51 32 C6 
"
"2016-11-21 14:17:58ID: BC  Data: 00 00 00 AA F3 AE CD 3A 
"
"2016-11-21 14:17:59ID: BB  Data: 00 00 00 AA 0C 45 5B 60 
"
"2016-11-21 14:17:59ID: BC  Data: 00 00 00 AA F3 BA A4 A0 
"
"2016-11-21 14:17:59ID: BB  Data: 00 00 00 AA 0C 47 FD 05 
"
"2016-11-21 14:17:59ID: BC  Data: 00 00 00 AA F3 B8 02 FB 
"
"2016-11-21 14:17:59ID: BB  Data: 00 00 00 AA 0C 47 FD 05 
"
"2016-11-21 14:17:59ID: BC  Data: 00 00 00 AA F3 B8 02 FB 
"
"2016-11-21 14:17:59ID: BB  Data: 00 00 00 AA 0C 46 AC 32 
"
"2016-11-21 14:17:59ID: BC  Data: 00 00 00 AA F3 B9 53 CE 
"
"2016-11-21 14:17:59ID: BB  Data: 00 00 00 AA 0C 44 0A 8D 
"
"2016-11-21 14:17:59ID: BC  Data: 00 00 00 AA F3 BB F5 73 
"
"2016-11-21 14:17:59ID: BB  Data: 00 00 00 AA 0C 44 0A 8D 
"
"2016-11-21 14:17:59ID: BC  Data: 00 00 00 AA F3 BB F5 73 
"
"2016-11-21 14:17:59ID: BB  Data: 00 00 00 AA 0C 42 B9 BB 
"
"2016-11-21 14:17:59ID: BC  Data: 00 00 00 AA F3 BD 46 45 
"
"2016-11-21 14:17:59ID: BB  Data: 00 00 00 AA 0C 42 B9 BB 
"
"2016-11-21 14:17:59ID: BC  Data: 00 00 00 AA F3 BD 46 45 
"
"2016-11-21 14:17:59ID: BB  Data: 00 00 00 AA 0C 3C 25 9E 
"
"2016-11-21 14:17:59ID: BC  Data: 00 00 00 AA F3 C3 DA 62 
"
"2016-11-21 14:17:59ID: BB  Data: 00 00 00 AA 0C 34 40 AF 
"
"2016-11-21 14:17:59ID: BC  Data: 00 00 00 AA F3 CB BF 51 
"
"2016-11-21 14:17:59ID: BB  Data: 00 00 00 AA 0C 34 40 AF 
"
"2016-11-21 14:17:59ID: BC  Data: 00 00 00 AA F3 CB BF 51 
"
"2016-11-21 14:17:59ID: BB  Data: 00 00 00 AA 0C 38 33 27 
"
"2016-11-21 14:18:00ID: BC  Data: 00 00 00 AA F3 C7 CC D9 
"
"2016-11-21 14:18:00ID: BB  Data: 00 00 00 AA 0C 39 83 F9 
"
"2016-11-21 14:18:00ID: BC  Data: 00 00 00 AA F3 C6 7C 07 
"
"2016-11-21 14:18:00ID: BB  Data: 00 00 00 AA 0C 3A D4 CC 
"
"2016-11-21 14:18:00ID: BC  Data: 00 00 00 AA F3 C5 2B 34 
"
"2016-11-21 14:18:00ID: BB  Data: 00 00 00 AA 0C 3C 25 9E 
"
"2016-11-21 14:18:00ID: BC  Data: 00 00 00 AA F3 C3 DA 62 
"
"2016-11-21 14:18:00ID: BB  Data: 00 00 00 AA 0C 3A D4 CC 
"
"2016-11-21 14:18:00ID: BC  Data: 00 00 00 AA F3 C5 2B 34 
"
"2016-11-21 14:18:00ID: BB  Data: 00 00 00 AA 0C 3C 25 9E 
"
"2016-11-21 14:18:00ID: BC  Data: 00 00 00 AA F3 C3 DA 62 
"
"2016-11-21 14:18:00ID: BB  Data: 00 00 00 AA 0C 40 18 16 
"
"2016-11-21 14:18:00ID: BC  Data: 00 00 00 AA F3 BF E7 EA 
"
"2016-11-21 14:18:00ID: BB  Data: 00 00 00 AA 0C 40 18 16 
"
"2016-11-21 14:18:00ID: BC  Data: 00 00 00 AA F3 BF E7 EA 
"
"2016-11-21 14:18:00ID: BB  Data: 00 00 00 AA 0C 46 AC 32 
"
"2016-11-21 14:18:00ID: BC  Data: 00 00 00 AA F3 B9 53 CE 
"
"2016-11-21 14:18:00ID: BB  Data: 00 00 00 AA 0C 4A 9E AA 
"
"2016-11-21 14:18:00ID: BC  Data: 00 00 00 AA F3 B5 61 56 
"
"2016-11-21 14:18:00ID: BB  Data: 00 00 00 AA 0C 4D 40 4F 
"
"2016-11-21 14:18:00ID: BC  Data: 00 00 00 AA F3 B2 BF B1 
"
"2016-11-21 14:18:00ID: BB  Data: 00 00 00 AA 0C 4D 40 4F 
"
"2016-11-21 14:18:00ID: BC  Data: 00 00 00 AA F3 B2 BF B1 
"
"2016-11-21 14:18:01ID: BB  Data: 00 00 00 AA 0C 4D 40 4F 
"
"2016-11-21 14:18:01ID: BC  Data: 00 00 00 AA F3 B2 BF B1 
"
"2016-11-21 14:18:01ID: BB  Data: 00 00 00 AA 0C 4B EF 7C 
"
"2016-11-21 14:18:01ID: BC  Data: 00 00 00 AA F3 B4 10 84 
"
"2016-11-21 14:18:01ID: BB  Data: 00 00 00 AA 0C 4E 91 21 
"
"2016-11-21 14:18:01ID: BC  Data: 00 00 00 AA F3 B1 6E DF 
"
"2016-11-21 14:18:01ID: BB  Data: 00 00 00 AA 0C 4E 91 21 
"
"2016-11-21 14:18:01ID: BC  Data: 00 00 00 AA F3 B1 6E DF 
"
"2016-11-21 14:18:01ID: BB  Data: 00 00 00 AA 0C 4D 40 4F 
"
"2016-11-21 14:18:01ID: BC  Data: 00 00 00 AA F3 B2 BF B1 
"
"2016-11-21 14:18:01ID: BB  Data: 00 00 00 AA 0C 53 D4 6B 
"
"2016-11-21 14:18:01ID: BC  Data: 00 00 00 AA F3 AC 2B 95 
"
"2016-11-21 14:18:01ID: BB  Data: 00 00 00 AA 0C 8B 16 F5 
"
"2016-11-21 14:18:01ID: BC  Data: 00 00 00 AA F3 74 E9 0B 
"
"2016-11-21 14:18:01ID: BB  Data: 00 00 00 AA 0C C1 08 AC 
"
"2016-11-21 14:18:01ID: BC  Data: 00 00 00 AA F3 3E F7 54 
"
"2016-11-21 14:18:01ID: BB  Data: 00 00 00 AA 0C CB 8F 40 
"
"2016-11-21 14:18:01ID: BC  Data: 00 00 00 AA F3 34 70 C0 
"
"2016-11-21 14:18:01ID: BB  Data: 00 00 00 AA 0C F9 9C 09 
"
"2016-11-21 14:18:01ID: BC  Data: 00 00 00 AA F3 06 63 F7 
"
"2016-11-21 14:18:01ID: BB  Data: 00 00 00 AA 0D 34 D1 0A 
"
"2016-11-21 14:18:01ID: BC  Data: 00 00 00 AA F2 CB 2E F6 
"
"2016-11-21 14:18:02ID: BB  Data: 00 00 00 AA 0D 60 3C 2D 
"
"2016-11-21 14:18:02ID: BC  Data: 00 00 00 AA F2 9F C3 D3 
"
"2016-11-21 14:18:02ID: BB  Data: 00 00 00 AA 0D B9 B4 18 
"
"2016-11-21 14:18:02ID: BC  Data: 00 00 00 AA F2 46 4B E8 
"
"2016-11-21 14:18:02ID: BB  Data: 00 00 00 AA 0D C6 DC 51 
"
"2016-11-21 14:18:02ID: BC  Data: 00 00 00 AA F2 39 23 AF 
"
"2016-11-21 14:18:02ID: BB  Data: 00 00 00 AA 0D D9 47 D4 
"
"2016-11-21 14:18:02ID: BC  Data: 00 00 00 AA F2 26 B8 2C 
"
"2016-11-21 14:18:02ID: BB  Data: 00 00 00 AA 0D FA 2C 63 
"
"2016-11-21 14:18:02ID: BC  Data: 00 00 00 AA F2 05 D3 9D 
"
"2016-11-21 14:18:02ID: BB  Data: 00 00 00 AA 0E 0F 39 8C 
"
"2016-11-21 14:18:02ID: BC  Data: 00 00 00 AA F1 F0 C6 74 
"
"2016-11-21 14:18:02ID: BB  Data: 00 00 00 AA 0E 22 F5 E1 
"
"2016-11-21 14:18:02ID: BC  Data: 00 00 00 AA F1 DD 0A 1F 
"
"2016-11-21 14:18:02ID: BB  Data: 00 00 00 AA 0E 26 E8 59 
"
"2016-11-21 14:18:02ID: BC  Data: 00 00 00 AA F1 D9 17 A7 
"
"2016-11-21 14:18:02ID: BB  Data: 00 00 00 AA 0E 51 02 A9 
"
"2016-11-21 14:18:02ID: BC  Data: 00 00 00 AA F1 AE FD 57 
"
"2016-11-21 14:18:02ID: BB  Data: 00 00 00 AA 0E 9C 01 89 
"
"2016-11-21 14:18:02ID: BC  Data: 00 00 00 AA F1 63 FE 77 
"
"2016-11-21 14:18:02ID: BB  Data: 00 00 00 AA 0E F8 1B 19 
"
"2016-11-21 14:18:02ID: BC  Data: 00 00 00 AA F1 07 E4 E7 
"
"2016-11-21 14:18:02ID: BB  Data: 00 00 00 AA 0F 02 A1 AD 
"
"2016-11-21 14:18:02ID: BC  Data: 00 00 00 AA F0 FD 5E 53 
"
"2016-11-21 14:18:03ID: BB  Data: 00 00 00 AA 0F 03 F2 80 
"
"2016-11-21 14:18:03ID: BC  Data: 00 00 00 AA F0 FC 0D 80 
"
"2016-11-21 14:18:03ID: BB  Data: 00 00 00 AA 0F 03 F2 80 
"
"2016-11-21 14:18:03ID: BC  Data: 00 00 00 AA F0 FC 0D 80 
"
"2016-11-21 14:18:03ID: BB  Data: 00 00 00 AA 0F 01 50 DB 
"
"2016-11-21 14:18:03ID: BC  Data: 00 00 00 AA F0 FE AF 25 
"
"2016-11-21 14:18:03ID: BB  Data: 00 00 00 AA 0F 05 43 52 
"
"2016-11-21 14:18:03ID: BC  Data: 00 00 00 AA F0 FA BC AE 
"
"2016-11-21 14:18:03ID: BB  Data: 00 00 00 AA 0F 03 F2 80 
"
"2016-11-21 14:18:03ID: BC  Data: 00 00 00 AA F0 FC 0D 80 
"
"2016-11-21 14:18:03ID: BB  Data: 00 00 00 AA 0F 03 F2 80 
"
"2016-11-21 14:18:03ID: BC  Data: 00 00 00 AA F0 FC 0D 80 
"
"2016-11-21 14:18:03ID: BB  Data: 00 00 00 AA 0F 03 F2 80 
"
"2016-11-21 14:18:03ID: BC  Data: 00 00 00 AA F0 FC 0D 80 
"
"2016-11-21 14:18:03ID: BB  Data: 00 00 00 AA 0F 02 A1 AD 
"
"2016-11-21 14:18:03ID: BC  Data: 00 00 00 AA F0 FD 5E 53 
"
"2016-11-21 14:18:03ID: BB  Data: 00 00 00 AA 0F 01 50 DB 
"
"2016-11-21 14:18:03ID: BC  Data: 00 00 00 AA F0 FE AF 25 
"
"2016-11-21 14:18:03ID: BB  Data: 00 00 00 AA 0F 02 A1 AD 
"
"2016-11-21 14:18:03ID: BC  Data: 00 00 00 AA F0 FD 5E 53 
"
"2016-11-21 14:18:03ID: BB  Data: 00 00 00 AA 0F 03 F2 80 
"
"2016-11-21 14:18:03ID: BC  Data: 00 00 00 AA F0 FC 0D 80 
"
"2016-11-21 14:18:04ID: BB  Data: 00 00 00 AA 0F 03 F2 80 
"
"2016-11-21 14:18:04ID: BC  Data: 00 00 00 AA F0 FC 0D 80 
"
"2016-11-21 14:18:04ID: BB  Data: 00 00 00 AA 0F 02 A1 AD 
"
"2016-11-21 14:18:04ID: BC  Data: 00 00 00 AA F0 FD 5E 53 
"
"2016-11-21 14:18:04ID: BB  Data: 00 00 00 AA 0F 02 A1 AD 
"
"2016-11-21 14:18:04ID: BC  Data: 00 00 00 AA F0 FD 5E 53 
"
"2016-11-21 14:18:04ID: BB  Data: 00 00 00 AA 0F 03 F2 80 
"
"2016-11-21 14:18:04ID: BC  Data: 00 00 00 AA F0 FC 0D 80 
"
"2016-11-21 14:18:04ID: BB  Data: 00 00 00 AA 0F 03 F2 80 
"
"2016-11-21 14:18:04ID: BC  Data: 00 00 00 AA F0 FC 0D 80 
"
"2016-11-21 14:18:04ID: BB  Data: 00 00 00 AA 0F 02 A1 AD 
"
"2016-11-21 14:18:04ID: BC  Data: 00 00 00 AA F0 FD 5E 53 
"
"2016-11-21 14:18:04ID: BB  Data: 00 00 00 AA 0F 03 F2 80 
"
"2016-11-21 14:18:04ID: BC  Data: 00 00 00 AA F0 FC 0D 80 
"
"2016-11-21 14:18:04ID: BB  Data: 00 00 00 AA 0F 03 F2 80 
"
"2016-11-21 14:18:04ID: BC  Data: 00 00 00 AA F0 FC 0D 80 
"
"2016-11-21 14:18:04ID: BB  Data: 00 00 00 AA 0F 02 A1 AD 
"
"2016-11-21 14:18:04ID: BC  Data: 00 00 00 AA F0 FD 5E 53 
"
"2016-11-21 14:18:04ID: BB  Data: 00 00 00 AA 0F 02 A1 AD 
"
"2016-11-21 14:18:04ID: BC  Data: 00 00 00 AA F0 FD 5E 53 
"
"2016-11-21 14:18:04ID: BB  Data: 00 00 00 AA 0F 02 A1 AD 
"
"2016-11-21 14:18:04ID: BC  Data: 00 00 00 AA F0 FD 5E 53 
"
"2016-11-21 14:18:05ID: BB  Data: 00 00 00 AA 0F 03 F2 80 
"
"2016-11-21 14:18:05ID: BC  Data: 00 00 00 AA F0 FC 0D 80 
"
"2016-11-21 14:18:05ID: BB  Data: 00 00 00 AA 0E B1 0E B1 
"
"2016-11-21 14:18:05ID: BC  Data: 00 00 00 AA F1 4E F1 4F 
"
"2016-11-21 14:18:05ID: BB  Data: 00 00 00 AA 0E 5A 38 6B 
"
"2016-11-21 14:18:05ID: BC  Data: 00 00 00 AA F1 A5 C7 95 
"
"2016-11-21 14:18:05ID: BB  Data: 00 00 00 AA 0E 75 D9 B0 
"
"2016-11-21 14:18:05ID: BC  Data: 00 00 00 AA F1 8A 26 50 
"
"2016-11-21 14:18:05ID: BB  Data: 00 00 00 AA 0E 79 CC 27 
"
"2016-11-21 14:18:05ID: BC  Data: 00 00 00 AA F1 86 33 D9 
"
"2016-11-21 14:18:05ID: BB  Data: 00 00 00 AA 0E 77 2A 82 
"
"2016-11-21 14:18:05ID: BC  Data: 00 00 00 AA F1 88 D5 7E 
"
"2016-11-21 14:18:05ID: BB  Data: 00 00 00 AA 0E 7C 6D CC 
"
"2016-11-21 14:18:05ID: BC  Data: 00 00 00 AA F1 83 92 34 
"
"2016-11-21 14:18:05ID: BB  Data: 00 00 00 AA 0E 81 B1 17 
"
"2016-11-21 14:18:05ID: BC  Data: 00 00 00 AA F1 7E 4E E9 
"
"2016-11-21 14:18:05ID: BB  Data: 00 00 00 AA 0E 86 F4 61 
"
"2016-11-21 14:18:05ID: BC  Data: 00 00 00 AA F1 79 0B 9F 
"
"2016-11-21 14:18:05ID: BB  Data: 00 00 00 AA 0E 67 60 A4 
"
"2016-11-21 14:18:05ID: BC  Data: 00 00 00 AA F1 98 9F 5C 
"
"2016-11-21 14:18:05ID: BB  Data: 00 00 00 AA 0D EF A5 CF 
"
"2016-11-21 14:18:05ID: BC  Data: 00 00 00 AA F2 10 5A 31 
"
"2016-11-21 14:18:05ID: BB  Data: 00 00 00 AA 0D AC 8B DF 
"
"2016-11-21 14:18:05ID: BC  Data: 00 00 00 AA F2 53 74 21 
"
"2016-11-21 14:18:06ID: BB  Data: 00 00 00 AA 0D C0 48 35 
"
"2016-11-21 14:18:06ID: BC  Data: 00 00 00 AA F2 3F B7 CB 
"
"2016-11-21 14:18:06ID: BB  Data: 00 00 00 AA 0D C5 8B 7F 
"
"2016-11-21 14:18:06ID: BC  Data: 00 00 00 AA F2 3A 74 81 
"
"2016-11-21 14:18:06ID: BB  Data: 00 00 00 AA 0D CE C1 40 
"
"2016-11-21 14:18:06ID: BC  Data: 00 00 00 AA F2 31 3E C0 
"
"2016-11-21 14:18:06ID: BB  Data: 00 00 00 AA 0D D5 55 5D 
"
"2016-11-21 14:18:06ID: BC  Data: 00 00 00 AA F2 2A AA A3 
"
"2016-11-21 14:18:06ID: BB  Data: 00 00 00 AA 0D DA 98 A7 
"
"2016-11-21 14:18:06ID: BC  Data: 00 00 00 AA F2 25 67 59 
"
"2016-11-21 14:18:06ID: BB  Data: 00 00 00 AA 0D EB B3 58 
"
"2016-11-21 14:18:06ID: BC  Data: 00 00 00 AA F2 14 4C A8 
"
"2016-11-21 14:18:06ID: BB  Data: 00 00 00 AA 0D E2 7D 96 
"
"2016-11-21 14:18:06ID: BC  Data: 00 00 00 AA F2 1D 82 6A 
"
"2016-11-21 14:18:06ID: BB  Data: 00 00 00 AA 0D A4 A6 F0 
"
"2016-11-21 14:18:06ID: BC  Data: 00 00 00 AA F2 5B 59 10 
"
"2016-11-21 14:18:06ID: BB  Data: 00 00 00 AA 0D 28 F9 A3 
"
"2016-11-21 14:18:06ID: BC  Data: 00 00 00 AA F2 D7 06 5D 
"
"2016-11-21 14:18:06ID: BB  Data: 00 00 00 AA 0D 57 06 6B 
"
"2016-11-21 14:18:06ID: BC  Data: 00 00 00 AA F2 A8 F9 95 
"
"2016-11-21 14:18:06ID: BB  Data: 00 00 00 AA 0D 64 2E A4 
"
"2016-11-21 14:18:06ID: BC  Data: 00 00 00 AA F2 9B D1 5C 
"
"2016-11-21 14:18:07ID: BB  Data: 00 00 00 AA 0D 5E EB 5A 
"
"2016-11-21 14:18:07ID: BC  Data: 00 00 00 AA F2 A1 14 A6 
"
"2016-11-21 14:18:07ID: BB  Data: 00 00 00 AA 0D 77 EA FA 
"
"2016-11-21 14:18:07ID: BC  Data: 00 00 00 AA F2 88 15 06 
"
"2016-11-21 14:18:07ID: BB  Data: 00 00 00 AA 0D 77 EA FA 
"
"2016-11-21 14:18:07ID: BC  Data: 00 00 00 AA F2 88 15 06 
"
"2016-11-21 14:18:07ID: BB  Data: 00 00 00 AA 0D 68 21 1C 
"
"2016-11-21 14:18:07ID: BC  Data: 00 00 00 AA F2 97 DE E4 
"
"2016-11-21 14:18:07ID: BB  Data: 00 00 00 AA 0D 66 D0 49 
"
"2016-11-21 14:18:07ID: BC  Data: 00 00 00 AA F2 99 2F B7 
"
"2016-11-21 14:18:07ID: BB  Data: 00 00 00 AA 0D 60 3C 2D 
"
"2016-11-21 14:18:07ID: BC  Data: 00 00 00 AA F2 9F C3 D3 
"
"2016-11-21 14:18:07ID: BB  Data: 00 00 00 AA 0D 55 B5 99 
"
"2016-11-21 14:18:07ID: BC  Data: 00 00 00 AA F2 AA 4A 67 
"
"2016-11-21 14:18:07ID: BB  Data: 00 00 00 AA 0D 57 06 6B 
"
"2016-11-21 14:18:07ID: BC  Data: 00 00 00 AA F2 A8 F9 95 
"
"2016-11-21 14:18:07ID: BB  Data: 00 00 00 AA 0D 49 DE 32 
"
"2016-11-21 14:18:07ID: BC  Data: 00 00 00 AA F2 B6 21 CE 
"
"2016-11-21 14:18:07ID: BB  Data: 00 00 00 AA 0D 32 2F 65 
"
"2016-11-21 14:18:07ID: BC  Data: 00 00 00 AA F2 CD D0 9B 
"
"2016-11-21 14:18:07ID: BB  Data: 00 00 00 AA 0C AD 4C 57 
"
"2016-11-21 14:18:07ID: BC  Data: 00 00 00 AA F3 52 B3 A9 
"
"2016-11-21 14:18:07ID: BB  Data: 00 00 00 AA 0B F6 6A 09 
"
"2016-11-21 14:18:08ID: BC  Data: 00 00 00 AA F4 09 95 F7 
"
"2016-11-21 14:18:08ID: BB  Data: 00 00 00 AA 0B EF D5 EC 
"
"2016-11-21 14:18:08ID: BC  Data: 00 00 00 AA F4 10 2A 14 
"
"2016-11-21 14:18:08ID: BB  Data: 00 00 00 AA 0B F6 6A 09 
"
"2016-11-21 14:18:08ID: BC  Data: 00 00 00 AA F4 09 95 F7 
"
"2016-11-21 14:18:08ID: BB  Data: 00 00 00 AA 0C 14 AC F3 
"
"2016-11-21 14:18:08ID: BC  Data: 00 00 00 AA F3 EB 53 0D 
"
"2016-11-21 14:18:08ID: BB  Data: 00 00 00 AA 0C 12 0B 4E 
"
"2016-11-21 14:18:08ID: BC  Data: 00 00 00 AA F3 ED F4 B2 
"
"2016-11-21 14:18:08ID: BB  Data: 00 00 00 AA 0C 0A 26 5E 
"
"2016-11-21 14:18:08ID: BC  Data: 00 00 00 AA F3 F5 D9 A2 
"
"2016-11-21 14:18:08ID: BB  Data: 00 00 00 AA 0C 0B 77 31 
"
"2016-11-21 14:18:08ID: BC  Data: 00 00 00 AA F3 F4 88 CF 
"
"2016-11-21 14:18:08ID: BB  Data: 00 00 00 AA 0C 0A 26 5E 
"
"2016-11-21 14:18:08ID: BC  Data: 00 00 00 AA F3 F5 D9 A2 
"
"2016-11-21 14:18:08ID: BB  Data: 00 00 00 AA 0C 0B 77 31 
"
"2016-11-21 14:18:08ID: BC  Data: 00 00 00 AA F3 F4 88 CF 
"
"2016-11-21 14:18:08ID: BB  Data: 00 00 00 AA 0C 0A 26 5E 
"
"2016-11-21 14:18:08ID: BC  Data: 00 00 00 AA F3 F5 D9 A2 
"
"2016-11-21 14:18:08ID: BB  Data: 00 00 00 AA 0C 0A 26 5E 
"
"2016-11-21 14:18:08ID: BC  Data: 00 00 00 AA F3 F5 D9 A2 
"
"2016-11-21 14:18:08ID: BB  Data: 00 00 00 AA 0C 0A 26 5E 
"
"2016-11-21 14:18:08ID: BC  Data: 00 00 00 AA F3 F5 D9 A2 
"
"2016-11-21 14:18:09ID: BB  Data: 00 00 00 AA 0C 0C C8 04 
"
"2016-11-21 14:18:09ID: BC  Data: 00 00 00 AA F3 F3 37 FC 
"
"2016-11-21 14:18:09ID: BB  Data: 00 00 00 AA 0C 34 40 AF 
"
"2016-11-21 14:18:09ID: BC  Data: 00 00 00 AA F3 CB BF 51 
"
"2016-11-21 14:18:09ID: BB  Data: 00 00 00 AA 0C 38 33 27 
"
"2016-11-21 14:18:09ID: BC  Data: 00 00 00 AA F3 C7 CC D9 
"
"2016-11-21 14:18:09ID: BB  Data: 00 00 00 AA 0C 3A D4 CC 
"
"2016-11-21 14:18:09ID: BC  Data: 00 00 00 AA F3 C5 2B 34 
"
"2016-11-21 14:18:09ID: BB  Data: 00 00 00 AA 0C 39 83 F9 
"
"2016-11-21 14:18:09ID: BC  Data: 00 00 00 AA F3 C6 7C 07 
"
"2016-11-21 14:18:09ID: BB  Data: 00 00 00 AA 0C 29 BA 1B 
"
"2016-11-21 14:18:09ID: BC  Data: 00 00 00 AA F3 D6 45 E5 
"
"2016-11-21 14:18:09ID: BB  Data: 00 00 00 AA 0C 29 BA 1B 
"
"2016-11-21 14:18:09ID: BC  Data: 00 00 00 AA F3 D6 45 E5 
"
"2016-11-21 14:18:09ID: BB  Data: 00 00 00 AA 0C 38 33 27 
"
"2016-11-21 14:18:09ID: BC  Data: 00 00 00 AA F3 C7 CC D9 
"
"2016-11-21 14:18:09ID: BB  Data: 00 00 00 AA 0C 42 B9 BB 
"
"2016-11-21 14:18:09ID: BC  Data: 00 00 00 AA F3 BD 46 45 
"
"2016-11-21 14:18:09ID: BB  Data: 00 00 00 AA 0C 4A 9E AA 
"
"2016-11-21 14:18:09ID: BC  Data: 00 00 00 AA F3 B5 61 56 
"
"2016-11-21 14:18:09ID: BB  Data: 00 00 00 AA 0C 45 5B 60 
"
"2016-11-21 14:18:09ID: BC  Data: 00 00 00 AA F3 BA A4 A0 
"
"2016-11-21 14:18:10ID: BB  Data: 00 00 00 AA 0C 44 0A 8D 
"
"2016-11-21 14:18:10ID: BC  Data: 00 00 00 AA F3 BB F5 73 
"
"2016-11-21 14:18:10ID: BB  Data: 00 00 00 AA 0C 46 AC 32 
"
"2016-11-21 14:18:10ID: BC  Data: 00 00 00 AA F3 B9 53 CE 
"
"2016-11-21 14:18:10ID: BB  Data: 00 00 00 AA 0C 49 4D D7 
"
"2016-11-21 14:18:10ID: BC  Data: 00 00 00 AA F3 B6 B2 29 
"
"2016-11-21 14:18:10ID: BB  Data: 00 00 00 AA 0C 49 4D D7 
"
"2016-11-21 14:18:10ID: BC  Data: 00 00 00 AA F3 B6 B2 29 
"
"2016-11-21 14:18:10ID: BB  Data: 00 00 00 AA 0C 47 FD 05 
"
"2016-11-21 14:18:10ID: BC  Data: 00 00 00 AA F3 B8 02 FB 
"
"2016-11-21 14:18:10ID: BB  Data: 00 00 00 AA 0C 47 FD 05 
"
"2016-11-21 14:18:10ID: BC  Data: 00 00 00 AA F3 B8 02 FB 
"
"2016-11-21 14:18:10ID: BB  Data: 00 00 00 AA 0C 41 68 E8 
"
"2016-11-21 14:18:10ID: BC  Data: 00 00 00 AA F3 BE 97 18 
"
"2016-11-21 14:18:10ID: BB  Data: 00 00 00 AA 0C 44 0A 8D 
"
"2016-11-21 14:18:10ID: BC  Data: 00 00 00 AA F3 BB F5 73 
"
"2016-11-21 14:18:10ID: BB  Data: 00 00 00 AA 0C 34 40 AF 
"
"2016-11-21 14:18:10ID: BC  Data: 00 00 00 AA F3 CB BF 51 
"
"2016-11-21 14:18:10ID: BB  Data: 00 00 00 AA 0C 40 18 16 
"
"2016-11-21 14:18:10ID: BC  Data: 00 00 00 AA F3 BF E7 EA 
"
"2016-11-21 14:18:10ID: BB  Data: 00 00 00 AA 0C 2D AC 92 
"
"2016-11-21 14:18:10ID: BC  Data: 00 00 00 AA F3 D2 53 6E 
"
"2016-11-21 14:18:10ID: BB  Data: 00 00 00 AA 0C 28 69 48 
"
"2016-11-21 14:18:10ID: BC  Data: 00 00 00 AA F3 D7 96 B8 
"
"2016-11-21 14:18:11ID: BB  Data: 00 00 00 AA 0C 31 9F 0A 
"
"2016-11-21 14:18:11ID: BC  Data: 00 00 00 AA F3 CE 60 F6 
"
"2016-11-21 14:18:11ID: BB  Data: 00 00 00 AA 0C 2E FD 65 
"
"2016-11-21 14:18:11ID: BC  Data: 00 00 00 AA F3 D1 02 9B 
"
"2016-11-21 14:18:11ID: BB  Data: 00 00 00 AA 0C 35 91 82 
"
"2016-11-21 14:18:11ID: BC  Data: 00 00 00 AA F3 CA 6E 7E 
"
"2016-11-21 14:18:11ID: BB  Data: 00 00 00 AA 0C 1F 33 87 
"
"2016-11-21 14:18:11ID: BC  Data: 00 00 00 AA F3 E0 CC 79 
"
"2016-11-21 14:18:11ID: BB  Data: 00 00 00 AA 0C 35 91 82 
"
"2016-11-21 14:18:11ID: BC  Data: 00 00 00 AA F3 CA 6E 7E 
"
"2016-11-21 14:18:11ID: BB  Data: 00 00 00 AA 0C 1C 91 E2 
"
"2016-11-21 14:18:11ID: BC  Data: 00 00 00 AA F3 E3 6E 1E 
"
"2016-11-21 14:18:11ID: BB  Data: 00 00 00 AA 0C 18 9F 6A 
"
"2016-11-21 14:18:11ID: BC  Data: 00 00 00 AA F3 E7 60 96 
"
"2016-11-21 14:18:11ID: BB  Data: 00 00 00 AA 0C 24 76 D1 
"
"2016-11-21 14:18:11ID: BC  Data: 00 00 00 AA F3 DB 89 2F 
"
"2016-11-21 14:18:11ID: BB  Data: 00 00 00 AA 0C 0B 77 31 
"
"2016-11-21 14:18:11ID: BC  Data: 00 00 00 AA F3 F4 88 CF 
"
"2016-11-21 14:18:11ID: BB  Data: 00 00 00 AA 0C 25 C7 A3 
"
"2016-11-21 14:18:11ID: BC  Data: 00 00 00 AA F3 DA 38 5D 
"
"2016-11-21 14:18:11ID: BB  Data: 00 00 00 AA 0C 19 F0 3D 
"
"2016-11-21 14:18:11ID: BC  Data: 00 00 00 AA F3 E6 0F C3 
"
"2016-11-21 14:18:12ID: BB  Data: 00 00 00 AA 0C 14 AC F3 
"
"2016-11-21 14:18:12ID: BC  Data: 00 00 00 AA F3 EB 53 0D 
"
"2016-11-21 14:18:12ID: BB  Data: 00 00 00 AA 0C 10 BA 7B 
"
"2016-11-21 14:18:12ID: BC  Data: 00 00 00 AA F3 EF 45 85 
"
"2016-11-21 14:18:12ID: BB  Data: 00 00 00 AA 0C 13 5C 20 
"
"2016-11-21 14:18:12ID: BC  Data: 00 00 00 AA F3 EC A3 E0 
"
"2016-11-21 14:18:12ID: BB  Data: 00 00 00 AA 0C 13 5C 20 
"
"2016-11-21 14:18:12ID: BC  Data: 00 00 00 AA F3 EC A3 E0 
"
"2016-11-21 14:18:12ID: BB  Data: 00 00 00 AA 0C 13 5C 20 
"
"2016-11-21 14:18:12ID: BC  Data: 00 00 00 AA F3 EC A3 E0 
"
"2016-11-21 14:18:12ID: BB  Data: 00 00 00 AA 0C 0E 18 D6 
"
"2016-11-21 14:18:12ID: BC  Data: 00 00 00 AA F3 F1 E7 2A 
"
"2016-11-21 14:18:12ID: BB  Data: 00 00 00 AA 0C 0C C8 04 
"
"2016-11-21 14:18:12ID: BC  Data: 00 00 00 AA F3 F3 37 FC 
"
"2016-11-21 14:18:12ID: BB  Data: 00 00 00 AA 0C 0A 26 5E 
"
"2016-11-21 14:18:12ID: BC  Data: 00 00 00 AA F3 F5 D9 A2 
"
"2016-11-21 14:18:12ID: BB  Data: 00 00 00 AA 0C 0C C8 04 
"
"2016-11-21 14:18:12ID: BC  Data: 00 00 00 AA F3 F3 37 FC 
"
"2016-11-21 14:18:12ID: BB  Data: 00 00 00 AA 0C 12 0B 4E 
"
"2016-11-21 14:18:12ID: BC  Data: 00 00 00 AA F3 ED F4 B2 
"
"2016-11-21 14:18:12ID: BB  Data: 00 00 00 AA 0C 02 41 6F 
"
"2016-11-21 14:18:12ID: BC  Data: 00 00 00 AA F3 FD BE 91 
"
"2016-11-21 14:18:12ID: BB  Data: 00 00 00 AA 0C 0C C8 04 
"
"2016-11-21 14:18:13ID: BC  Data: 00 00 00 AA F3 F3 37 FC 
"
"2016-11-21 14:18:13ID: BB  Data: 00 00 00 AA 0C 08 D5 8C 
"
"2016-11-21 14:18:13ID: BC  Data: 00 00 00 AA F3 F7 2A 74 
"
"2016-11-21 14:18:13ID: BB  Data: 00 00 00 AA 0C 10 BA 7B 
"
"2016-11-21 14:18:13ID: BC  Data: 00 00 00 AA F3 EF 45 85 
"
"2016-11-21 14:18:13ID: BB  Data: 00 00 00 AA 0C 06 33 E7 
"
"2016-11-21 14:18:13ID: BC  Data: 00 00 00 AA F3 F9 CC 19 
"
"2016-11-21 14:18:13ID: BB  Data: 00 00 00 AA 0B FF 9F CA 
"
"2016-11-21 14:18:13ID: BC  Data: 00 00 00 AA F4 00 60 36 
"
"2016-11-21 14:18:13ID: BB  Data: 00 00 00 AA 0B C3 19 F7 
"
"2016-11-21 14:18:13ID: BC  Data: 00 00 00 AA F4 3C E6 09 
"
"2016-11-21 14:18:13ID: BB  Data: 00 00 00 AA 0B 53 44 11 
"
"2016-11-21 14:18:13ID: BC  Data: 00 00 00 AA F4 AC BB EF 
"
"2016-11-21 14:18:13ID: BB  Data: 00 00 00 AA 0B 5C 79 D2 
"
"2016-11-21 14:18:13ID: BC  Data: 00 00 00 AA F4 A3 86 2E 
"
"2016-11-21 14:18:13ID: BB  Data: 00 00 00 AA 0B 4F 51 99 
"
"2016-11-21 14:18:13ID: BC  Data: 00 00 00 AA F4 B0 AE 67 
"
"2016-11-21 14:18:13ID: BB  Data: 00 00 00 AA 0A D6 45 F2 
"
"2016-11-21 14:18:13ID: BC  Data: 00 00 00 AA F5 29 BA 0E 
"
"2016-11-21 14:18:13ID: BB  Data: 00 00 00 AA 0A BD 46 52 
"
"2016-11-21 14:18:13ID: BC  Data: 00 00 00 AA F5 42 B9 AE 
"
"2016-11-21 14:18:13ID: BB  Data: 00 00 00 AA 09 A6 57 FC 
"
"2016-11-21 14:18:13ID: BC  Data: 00 00 00 AA F6 59 A8 04 
"
"2016-11-21 14:18:14ID: BB  Data: 00 00 00 AA 09 57 66 A5 
"
"2016-11-21 14:18:14ID: BC  Data: 00 00 00 AA F6 A8 99 5B 
"
"2016-11-21 14:18:14ID: BB  Data: 00 00 00 AA 09 4E 30 E4 
"
"2016-11-21 14:18:14ID: BC  Data: 00 00 00 AA F6 B1 CF 1C 
"
"2016-11-21 14:18:14ID: BB  Data: 00 00 00 AA 09 53 74 2E 
"
"2016-11-21 14:18:14ID: BC  Data: 00 00 00 AA F6 AC 8B D2 
"
"2016-11-21 14:18:14ID: BB  Data: 00 00 00 AA 09 7A EC D9 
"
"2016-11-21 14:18:14ID: BC  Data: 00 00 00 AA F6 85 13 27 
"
"2016-11-21 14:18:14ID: BB  Data: 00 00 00 AA 09 74 58 BD 
"
"2016-11-21 14:18:14ID: BC  Data: 00 00 00 AA F6 8B A7 43 
"
"2016-11-21 14:18:14ID: BB  Data: 00 00 00 AA 09 71 B7 18 
"
"2016-11-21 14:18:14ID: BC  Data: 00 00 00 AA F6 8E 48 E8 
"
"2016-11-21 14:18:14ID: BB  Data: 00 00 00 AA 09 36 82 16 
"
"2016-11-21 14:18:14ID: BC  Data: 00 00 00 AA F6 C9 7D EA 
"
"2016-11-21 14:18:14ID: BB  Data: 00 00 00 AA 08 15 0D 2D 
"
"2016-11-21 14:18:14ID: BC  Data: 00 00 00 AA F7 EA F2 D3 
"
"2016-11-21 14:18:14ID: BB  Data: 00 00 00 AA 08 06 94 21 
"
"2016-11-21 14:18:14ID: BC  Data: 00 00 00 AA F7 F9 6B DF 
"
"2016-11-21 14:18:14ID: BB  Data: 00 00 00 AA 08 07 E4 F3 
"
"2016-11-21 14:18:14ID: BC  Data: 00 00 00 AA F7 F8 1B 0D 
"
"2016-11-21 14:18:14ID: BB  Data: 00 00 00 AA 08 09 35 C6 
"
"2016-11-21 14:18:14ID: BC  Data: 00 00 00 AA F7 F6 CA 3A 
"
"2016-11-21 14:18:15ID: BB  Data: 00 00 00 AA 08 0A 86 98 
"
"2016-11-21 14:18:15ID: BC  Data: 00 00 00 AA F7 F5 79 68 
"
"2016-11-21 14:18:15ID: BB  Data: 00 00 00 AA 08 0F C9 E3 
"
"2016-11-21 14:18:15ID: BC  Data: 00 00 00 AA F7 F0 36 1D 
"
"2016-11-21 14:18:15ID: BB  Data: 00 00 00 AA 08 13 BC 5A 
"
"2016-11-21 14:18:15ID: BC  Data: 00 00 00 AA F7 EC 43 A6 
"
"2016-11-21 14:18:15ID: BB  Data: 00 00 00 AA 08 01 50 D7 
"
"2016-11-21 14:18:15ID: BC  Data: 00 00 00 AA F7 FE AF 29 
"
"2016-11-21 14:18:15ID: BB  Data: 00 00 00 AA 07 F8 1B 15 
"
"2016-11-21 14:18:15ID: BC  Data: 00 00 00 AA F8 07 E4 EB 
"
"2016-11-21 14:18:15ID: BB  Data: 00 00 00 AA 07 D4 94 E1 
"
"2016-11-21 14:18:15ID: BC  Data: 00 00 00 AA F8 2B 6B 1F 
"
"2016-11-21 14:18:15ID: BB  Data: 00 00 00 AA 07 D4 94 E1 
"
"2016-11-21 14:18:15ID: BC  Data: 00 00 00 AA F8 2B 6B 1F 
"
"2016-11-21 14:18:15ID: BB  Data: 00 00 00 AA 07 C3 7A 31 
"
"2016-11-21 14:18:15ID: BC  Data: 00 00 00 AA F8 3C 85 CF 
"
"2016-11-21 14:18:15ID: BB  Data: 00 00 00 AA 07 C0 D8 8C 
"
"2016-11-21 14:18:15ID: BC  Data: 00 00 00 AA F8 3F 27 74 
"
"2016-11-21 14:18:15ID: BB  Data: 00 00 00 AA 07 C3 7A 31 
"
"2016-11-21 14:18:15ID: BC  Data: 00 00 00 AA F8 3C 85 CF 
"
"2016-11-21 14:18:15ID: BB  Data: 00 00 00 AA 07 B6 51 F7 
"
"2016-11-21 14:18:15ID: BC  Data: 00 00 00 AA F8 49 AE 09 
"
"2016-11-21 14:18:15ID: BB  Data: 00 00 00 AA 07 BC E6 14 
"
"2016-11-21 14:18:15ID: BC  Data: 00 00 00 AA F8 43 19 EC 
"
"2016-11-21 14:18:16ID: BB  Data: 00 00 00 AA 07 BC E6 14 
"
"2016-11-21 14:18:16ID: BC  Data: 00 00 00 AA F8 43 19 EC 
"
"2016-11-21 14:18:16ID: BB  Data: 00 00 00 AA 07 B8 F3 9C 
"
"2016-11-21 14:18:16ID: BC  Data: 00 00 00 AA F8 47 0C 64 
"
"2016-11-21 14:18:16ID: BB  Data: 00 00 00 AA 07 BB 95 41 
"
"2016-11-21 14:18:16ID: BC  Data: 00 00 00 AA F8 44 6A BF 
"
"2016-11-21 14:18:16ID: BB  Data: 00 00 00 AA 07 94 1C 96 
"
"2016-11-21 14:18:16ID: BC  Data: 00 00 00 AA F8 6B E3 6A 
"
"2016-11-21 14:18:16ID: BB  Data: 00 00 00 AA 07 10 8A 5A 
"
"2016-11-21 14:18:16ID: BC  Data: 00 00 00 AA F8 EF 75 A6 
"
"2016-11-21 14:18:16ID: BB  Data: 00 00 00 AA 07 18 6F 49 
"
"2016-11-21 14:18:16ID: BC  Data: 00 00 00 AA F8 E7 90 B7 
"
"2016-11-21 14:18:16ID: BB  Data: 00 00 00 AA 07 17 1E 77 
"
"2016-11-21 14:18:16ID: BC  Data: 00 00 00 AA F8 E8 E1 89 
"
"2016-11-21 14:18:16ID: BB  Data: 00 00 00 AA 07 04 B2 F4 
"
"2016-11-21 14:18:16ID: BC  Data: 00 00 00 AA F8 FB 4D 0C 
"
"2016-11-21 14:18:16ID: BB  Data: 00 00 00 AA 07 07 54 99 
"
"2016-11-21 14:18:16ID: BC  Data: 00 00 00 AA F8 F8 AB 67 
"
"2016-11-21 14:18:16ID: BB  Data: 00 00 00 AA 07 00 C0 7C 
"
"2016-11-21 14:18:16ID: BC  Data: 00 00 00 AA F8 FF 3F 84 
"
"2016-11-21 14:18:16ID: BB  Data: 00 00 00 AA 07 04 B2 F4 
"
"2016-11-21 14:18:16ID: BC  Data: 00 00 00 AA F8 FB 4D 0C 
"
"2016-11-21 14:18:17ID: BB  Data: 00 00 00 AA 07 0B 47 10 
"
"2016-11-21 14:18:17ID: BC  Data: 00 00 00 AA F8 F4 B8 F0 
"
"2016-11-21 14:18:17ID: BB  Data: 00 00 00 AA 07 08 A5 6B 
"
"2016-11-21 14:18:17ID: BC  Data: 00 00 00 AA F8 F7 5A 95 
"
"2016-11-21 14:18:17ID: BB  Data: 00 00 00 AA 07 08 A5 6B 
"
"2016-11-21 14:18:17ID: BC  Data: 00 00 00 AA F8 F7 5A 95 
"
"2016-11-21 14:18:17ID: BB  Data: 00 00 00 AA 07 10 8A 5A 
"
"2016-11-21 14:18:17ID: BC  Data: 00 00 00 AA F8 EF 75 A6 
"
"2016-11-21 14:18:17ID: BB  Data: 00 00 00 AA 07 06 03 C6 
"
"2016-11-21 14:18:17ID: BC  Data: 00 00 00 AA F8 F9 FC 3A 
"
"2016-11-21 14:18:17ID: BB  Data: 00 00 00 AA 07 08 A5 6B 
"
"2016-11-21 14:18:17ID: BC  Data: 00 00 00 AA F8 F7 5A 95 
"
"2016-11-21 14:18:17ID: BB  Data: 00 00 00 AA 07 07 54 99 
"
"2016-11-21 14:18:17ID: BC  Data: 00 00 00 AA F8 F8 AB 67 
"
"2016-11-21 14:18:17ID: BB  Data: 00 00 00 AA 07 0B 47 10 
"
"2016-11-21 14:18:17ID: BC  Data: 00 00 00 AA F8 F4 B8 F0 
"
"2016-11-21 14:18:17ID: BB  Data: 00 00 00 AA 07 0F 39 88 
"
"2016-11-21 14:18:17ID: BC  Data: 00 00 00 AA F8 F0 C6 78 
"
"2016-11-21 14:18:17ID: BB  Data: 00 00 00 AA 07 03 62 21 
"
"2016-11-21 14:18:17ID: BC  Data: 00 00 00 AA F8 FC 9D DF 
"
"2016-11-21 14:18:17ID: BB  Data: 00 00 00 AA 07 0C 97 E3 
"
"2016-11-21 14:18:17ID: BC  Data: 00 00 00 AA F8 F3 68 1D 
"
"2016-11-21 14:18:18ID: BB  Data: 00 00 00 AA 07 07 54 99 
"
"2016-11-21 14:18:18ID: BC  Data: 00 00 00 AA F8 F8 AB 67 
"
"2016-11-21 14:18:18ID: BB  Data: 00 00 00 AA 07 08 A5 6B 
"
"2016-11-21 14:18:18ID: BC  Data: 00 00 00 AA F8 F7 5A 95 
"
"2016-11-21 14:18:18ID: BB  Data: 00 00 00 AA 07 0D E8 B5 
"
"2016-11-21 14:18:18ID: BC  Data: 00 00 00 AA F8 F2 17 4B 
"
"2016-11-21 14:18:18ID: BB  Data: 00 00 00 AA 07 10 8A 5A 
"
"2016-11-21 14:18:18ID: BC  Data: 00 00 00 AA F8 EF 75 A6 
"
"2016-11-21 14:18:18ID: BB  Data: 00 00 00 AA 06 FE 1E D7 
"
"2016-11-21 14:18:18ID: BC  Data: 00 00 00 AA F9 01 E1 29 
"
"2016-11-21 14:18:18ID: BB  Data: 00 00 00 AA 07 09 F6 3E 
"
"2016-11-21 14:18:18ID: BC  Data: 00 00 00 AA F8 F6 09 C2 
"
"2016-11-21 14:18:18ID: BB  Data: 00 00 00 AA 07 1C 61 C1 
"
"2016-11-21 14:18:18ID: BC  Data: 00 00 00 AA F8 E3 9E 3F 
"
"2016-11-21 14:18:18ID: BB  Data: 00 00 00 AA 07 17 1E 77 
"
"2016-11-21 14:18:18ID: BC  Data: 00 00 00 AA F8 E8 E1 89 
"
"2016-11-21 14:18:18ID: BB  Data: 00 00 00 AA 07 15 CD A4 
"
"2016-11-21 14:18:18ID: BC  Data: 00 00 00 AA F8 EA 32 5C 
"
"2016-11-21 14:18:18ID: BB  Data: 00 00 00 AA 07 1F 03 66 
"
"2016-11-21 14:18:18ID: BC  Data: 00 00 00 AA F8 E0 FC 9A 
"
"2016-11-21 14:18:18ID: BB  Data: 00 00 00 AA 07 19 C0 1C 
"
"2016-11-21 14:18:18ID: BC  Data: 00 00 00 AA F8 E6 3F E4 
"
"2016-11-21 14:18:18ID: BB  Data: 00 00 00 AA 07 1D B2 93 
"
"2016-11-21 14:18:18ID: BC  Data: 00 00 00 AA F8 E2 4D 6D 
"
"2016-11-21 14:18:19ID: BB  Data: 00 00 00 AA 07 14 7C D2 
"
"2016-11-21 14:18:19ID: BC  Data: 00 00 00 AA F8 EB 83 2E 
"
"2016-11-21 14:18:19ID: BB  Data: 00 00 00 AA 07 14 7C D2 
"
"2016-11-21 14:18:19ID: BC  Data: 00 00 00 AA F8 EB 83 2E 
"
"2016-11-21 14:18:19ID: BB  Data: 00 00 00 AA 07 15 CD A4 
"
"2016-11-21 14:18:19ID: BC  Data: 00 00 00 AA F8 EA 32 5C 
"
"2016-11-21 14:18:19ID: BB  Data: 00 00 00 AA 07 0B 47 10 
"
"2016-11-21 14:18:19ID: BC  Data: 00 00 00 AA F8 F4 B8 F0 
"
"2016-11-21 14:18:19ID: BB  Data: 00 00 00 AA 06 EE 54 F9 
"
"2016-11-21 14:18:19ID: BC  Data: 00 00 00 AA F9 11 AB 07 
"
"2016-11-21 14:18:19ID: BB  Data: 00 00 00 AA 06 8C F8 1F 
"
"2016-11-21 14:18:19ID: BC  Data: 00 00 00 AA F9 73 07 E1 
"
"2016-11-21 14:18:19ID: BB  Data: 00 00 00 AA 06 36 21 D9 
"
"2016-11-21 14:18:19ID: BC  Data: 00 00 00 AA F9 C9 DE 27 
"
"2016-11-21 14:18:19ID: BB  Data: 00 00 00 AA 06 16 8E 1C 
"
"2016-11-21 14:18:19ID: BC  Data: 00 00 00 AA F9 E9 71 E4 
"
"2016-11-21 14:18:19ID: BB  Data: 00 00 00 AA 05 E0 9C 65 
"
"2016-11-21 14:18:19ID: BC  Data: 00 00 00 AA FA 1F 63 9B 
"
"2016-11-21 14:18:19ID: BB  Data: 00 00 00 AA 05 40 18 12 
"
"2016-11-21 14:18:19ID: BC  Data: 00 00 00 AA FA BF E7 EE 
"
"2016-11-21 14:18:19ID: BB  Data: 00 00 00 AA 04 E2 AD AF 
"
"2016-11-21 14:18:19ID: BC  Data: 00 00 00 AA FB 1D 52 51 
"
"2016-11-21 14:18:20ID: BB  Data: 00 00 00 AA 04 A0 E4 91 
"
"2016-11-21 14:18:20ID: BC  Data: 00 00 00 AA FB 5F 1B 6F 
"
"2016-11-21 14:18:20ID: BB  Data: 00 00 00 AA 04 95 0D 2B 
"
"2016-11-21 14:18:20ID: BC  Data: 00 00 00 AA FB 6A F2 D5 
"
"2016-11-21 14:18:20ID: BB  Data: 00 00 00 AA 04 91 1A B3 
"
"2016-11-21 14:18:20ID: BC  Data: 00 00 00 AA FB 6E E5 4D 
"
"2016-11-21 14:18:20ID: BB  Data: 00 00 00 AA 04 93 BC 58 
"
"2016-11-21 14:18:20ID: BC  Data: 00 00 00 AA FB 6C 43 A8 
"
"2016-11-21 14:18:20ID: BB  Data: 00 00 00 AA 04 8D 28 3C 
"
"2016-11-21 14:18:20ID: BC  Data: 00 00 00 AA FB 72 D7 C4 
"
"2016-11-21 14:18:20ID: BB  Data: 00 00 00 AA 04 67 00 63 
"
"2016-11-21 14:18:20ID: BC  Data: 00 00 00 AA FB 98 FF 9D 
"
"2016-11-21 14:18:20ID: BB  Data: 00 00 00 AA 03 D3 A4 49 
"
"2016-11-21 14:18:20ID: BC  Data: 00 00 00 AA FC 2C 5B B7 
"
"2016-11-21 14:18:20ID: BB  Data: 00 00 00 AA 02 65 DF AD 
"
"2016-11-21 14:18:20ID: BC  Data: 00 00 00 AA FD 9A 20 53 
"
"2016-11-21 14:18:20ID: BB  Data: 00 00 00 AA 00 00 00 00 
"
"2016-11-21 14:18:20ID: BC  Data: 00 00 00 AA 00 00 00 00 
"
"2016-11-21 14:18:20ID: BB  Data: 00 00 00 AA 00 00 00 00 
"
"2016-11-21 14:18:20ID: BC  Data: 00 00 00 AA 00 00 00 00 
"
"2016-11-21 14:18:20ID: BB  Data: 00 00 00 AA 00 00 00 00 
"
"2016-11-21 14:18:20ID: BC  Data: 00 00 00 AA 00 00 00 00 
"
"2016-11-21 14:18:20ID: BB  Data: 00 00 00 AA 00 00 00 00 
"
"2016-11-21 14:18:21ID: BC  Data: 00 00 00 AA 00 00 00 00 
"
"2016-11-21 14:18:21ID: BB  Data: 00 00 00 AA 00 00 00 00 
"
"2016-11-21 14:18:21ID: BC  Data: 00 00 00 AA 00 00 00 00 
"
"2016-11-21 14:18:21ID: BB  Data: 00 00 00 AA 00 00 00 00 
"
"2016-11-21 14:18:21ID: BC  Data: 00 00 00 AA 00 00 00 00 
"
"2016-11-21 14:18:21ID: BB  Data: 00 00 00 AA 00 00 00 00 
"
"2016-11-21 14:18:21ID: BC  Data: 00 00 00 AA 00 00 00 00 
"
"2016-11-21 14:18:21ID: BB  Data: 00 00 00 AA 00 00 00 00 
"
"2016-11-21 14:18:21ID: BC  Data: 00 00 00 AA 00 00 00 00 
"
"2016-11-21 14:18:21ID: BB  Data: 00 00 00 AA 00 00 00 00 
"
"2016-11-21 14:18:21ID: BC  Data: 00 00 00 AA 00 00 00 00 
"
"2016-11-21 14:18:21ID: BB  Data: 00 00 00 AA 00 00 00 00 
"
"2016-11-21 14:18:21ID: BC  Data: 00 00 00 AA 00 00 00 00 
"
"2016-11-21 14:18:21ID: BB  Data: 00 00 00 AA 00 00 00 00 
"
"2016-11-21 14:18:21ID: BC  Data: 00 00 00 AA 00 00 00 00 
"
"2016-11-21 14:18:21ID: BB  Data: 00 00 00 AA 00 00 00 00 
"
"2016-11-21 14:18:21ID: BC  Data: 00 00 00 AA 00 00 00 00 
"
"2016-11-21 14:18:21ID: BB  Data: 00 00 00 AA 00 00 00 00 
"
"2016-11-21 14:18:21ID: BC  Data: 00 00 00 AA 00 00 00 00 
"
"2016-11-21 14:18:21ID: BB  Data: 00 00 00 AA 00 00 00 00 
"
"2016-11-21 14:18:21ID: BC  Data: 00 00 00 AA 00 00 00 00 
"
"2016-11-21 14:18:21ID: BB  Data: 00 00 00 AA 00 00 00 00 
"
"2016-11-21 14:18:21ID: BC  Data: 00 00 00 AA 00 00 00 00 
"
"2016-11-21 14:18:22ID: BB  Data: 00 00 00 AA 00 00 00 00 
"
"2016-11-21 14:18:22ID: BC  Data: 00 00 00 AA 00 00 00 00 
"
"2016-11-21 14:18:22ID: BB  Data: 00 00 00 AA 00 00 00 00 
"
"2016-11-21 14:18:22ID: BC  Data: 00 00 00 AA 00 00 00 00 
"
"2016-11-21 14:18:22ID: BB  Data: 00 00 00 AA 00 00 00 00 
"
"2016-11-21 14:18:22ID: BC  Data: 00 00 00 AA 00 00 00 00 
"
"2016-11-21 14:18:22ID: BB  Data: 00 00 00 AA 00 00 00 00 
"
"2016-11-21 14:18:22ID: BC  Data: 00 00 00 AA 00 00 00 00 
"
"2016-11-21 14:18:22ID: BB  Data: 00 00 00 AA 00 00 00 00 
"
"2016-11-21 14:18:22ID: BC  Data: 00 00 00 AA 00 00 00 00 
"
"2016-11-21 14:18:22ID: BB  Data: 00 00 00 AA 00 00 00 00 
"
"2016-11-21 14:18:22ID: BC  Data: 00 00 00 AA 00 00 00 00 
"
"2016-11-21 14:18:22ID: BB  Data: 00 00 00 AA 00 00 00 00 
"
"2016-11-21 14:18:22ID: BC  Data: 00 00 00 AA 00 00 00 00 
"
"2016-11-21 14:18:22ID: BB  Data: 00 00 00 AA 00 00 00 00 
"
"2016-11-21 14:18:22ID: BC  Data: 00 00 00 AA 00 00 00 00 
"
"2016-11-21 14:18:22ID: BB  Data: 00 00 00 AA 00 00 00 00 
"
"2016-11-21 14:18:22ID: BC  Data: 00 00 00 AA 00 00 00 00 
"
"2016-11-21 14:18:22ID: BB  Data: 00 00 00 AA 00 00 00 00 
"
"2016-11-21 14:18:22ID: BC  Data: 00 00 00 AA 00 00 00 00 
"
"2016-11-21 14:18:22ID: BB  Data: 00 00 00 AA 00 00 00 00 
"
"2016-11-21 14:18:22ID: BC  Data: 00 00 00 AA 00 00 00 00 
"
"2016-11-21 14:18:23ID: BB  Data: 00 00 00 AA 00 00 00 00 
"
"2016-11-21 14:18:23ID: BC  Data: 00 00 00 AA 00 00 00 00 
"
"2016-11-21 14:18:23ID: BB  Data: 00 00 00 AA 00 00 00 00 
"
"2016-11-21 14:18:23ID: BC  Data: 00 00 00 AA 00 00 00 00 
"
"2016-11-21 14:18:23ID: BB  Data: 00 00 00 AA 00 00 00 00 
"
"2016-11-21 14:18:23ID: BC  Data: 00 00 00 AA 00 00 00 00 
"
"2016-11-21 14:18:23ID: BB  Data: 00 00 00 AA 00 00 00 00 
"
"2016-11-21 14:18:23ID: BC  Data: 00 00 00 AA 00 00 00 00 
"
"2016-11-21 14:18:23ID: BB  Data: 00 00 00 AA 00 00 00 00 
"
"2016-11-21 14:18:23ID: BC  Data: 00 00 00 AA 00 00 00 00 
"
"2016-11-21 14:18:23ID: BB  Data: 00 00 00 AA 00 00 00 00 
"
"2016-11-21 14:18:23ID: BC  Data: 00 00 00 AA 00 00 00 00 
"
"2016-11-21 14:18:23ID: BB  Data: 00 00 00 AA 00 00 00 00 
"
"2016-11-21 14:18:23ID: BC  Data: 00 00 00 AA 00 00 00 00 
"
"2016-11-21 14:18:23ID: BB  Data: 00 00 00 AA 00 00 00 00 
"
"2016-11-21 14:18:23ID: BC  Data: 00 00 00 AA 00 00 00 00 
"
"2016-11-21 14:18:23ID: BB  Data: 00 00 00 AA 00 00 00 00 
"
"2016-11-21 14:18:23ID: BC  Data: 00 00 00 AA 00 00 00 00 
"
"2016-11-21 14:18:23ID: BB  Data: 00 00 00 AA 00 00 00 00 
"
"2016-11-21 14:18:23ID: BC  Data: 00 00 00 AA 00 00 00 00 
"
"2016-11-21 14:18:23ID: BB  Data: 00 00 00 AA 00 00 00 00 
"
"2016-11-21 14:18:23ID: BC  Data: 00 00 00 AA 00 00 00 00 
"
"2016-11-21 14:18:23ID: BB  Data: 00 00 00 AA 00 00 00 00 
"
"2016-11-21 14:18:23ID: BC  Data: 00 00 00 AA 00 00 00 00 
"
"2016-11-21 14:18:24ID: BB  Data: 00 00 00 AA 00 00 00 00 
"
"2016-11-21 14:18:24ID: BC  Data: 00 00 00 AA 00 00 00 00 
"
"2016-11-21 14:18:24ID: BB  Data: 00 00 00 AA 00 00 00 00 
"
"2016-11-21 14:18:24ID: BC  Data: 00 00 00 AA 00 00 00 00 
"
"2016-11-21 14:18:24ID: BB  Data: 00 00 00 AA 00 00 00 00 
"
"2016-11-21 14:18:24ID: BC  Data: 00 00 00 AA 00 00 00 00 
"
"2016-11-21 14:18:24ID: BB  Data: 00 00 00 AA 00 00 00 00 
"
"2016-11-21 14:18:24ID: BC  Data: 00 00 00 AA 00 00 00 00 
"
"2016-11-21 14:18:24ID: BB  Data: 00 00 00 AA 00 00 00 00 
"
"2016-11-21 14:18:24ID: BC  Data: 00 00 00 AA 00 00 00 00 
"
"2016-11-21 14:18:24ID: BB  Data: 00 00 00 AA 00 00 00 00 
"
"2016-11-21 14:18:24ID: BC  Data: 00 00 00 AA 00 00 00 00 
"
"2016-11-21 14:18:24ID: BB  Data: 00 00 00 AA 00 00 00 00 
"
"2016-11-21 14:18:24ID: BC  Data: 00 00 00 AA 00 00 00 00 
"
"2016-11-21 14:18:24ID: BB  Data: 00 00 00 AA 00 00 00 00 
"
"2016-11-21 14:18:24ID: BC  Data: 00 00 00 AA 00 00 00 00 
"
"2016-11-21 14:18:24ID: BB  Data: 00 00 00 AA 00 00 00 00 
"
"2016-11-21 14:18:24ID: BC  Data: 00 00 00 AA 00 00 00 00 
"
"2016-11-21 14:18:24ID: BB  Data: 00 00 00 AA 00 00 00 00 
"
"2016-11-21 14:18:24ID: BC  Data: 00 00 00 AA 00 00 00 00 
"
"2016-11-21 14:18:24ID: BB  Data: 00 00 00 AA 00 00 00 00 
"
"2016-11-21 14:18:24ID: BC  Data: 00 00 00 AA 00 00 00 00 
"
"2016-11-21 14:18:25ID: BB  Data: 00 00 00 AA 00 00 00 00 
"
"2016-11-21 14:18:25ID: BC  Data: 00 00 00 AA 00 00 00 00 
"
"2016-11-21 14:18:25ID: BB  Data: 00 00 00 AA 01 9B 41 0A 
"
"2016-11-21 14:18:25ID: BC  Data: 00 00 00 AA FE 64 BE F6 
"
"2016-11-21 14:18:25ID: BB  Data: 00 00 00 AA 02 8A B6 B4 
"
"2016-11-21 14:18:25ID: BC  Data: 00 00 00 AA FD 75 49 4C 
"
"2016-11-21 14:18:25ID: BB  Data: 00 00 00 AA 03 DA 38 65 
"
"2016-11-21 14:18:25ID: BC  Data: 00 00 00 AA FC 25 C7 9B 
"
"2016-11-21 14:18:25ID: BB  Data: 00 00 00 AA 04 C9 AE 0F 
"
"2016-11-21 14:18:25ID: BC  Data: 00 00 00 AA FB 36 51 F1 
"
"2016-11-21 14:18:25ID: BB  Data: 00 00 00 AA 05 B6 82 14 
"
"2016-11-21 14:18:25ID: BC  Data: 00 00 00 AA FA 49 7D EC 
"
"2016-11-21 14:18:25ID: BB  Data: 00 00 00 AA 06 09 65 E3 
"
"2016-11-21 14:18:25ID: BC  Data: 00 00 00 AA F9 F6 9A 1D 
"
"2016-11-21 14:18:25ID: BB  Data: 00 00 00 AA 06 83 C2 5D 
"
"2016-11-21 14:18:25ID: BC  Data: 00 00 00 AA F9 7C 3D A3 
"
"2016-11-21 14:18:25ID: BB  Data: 00 00 00 AA 06 FB 7D 32 
"
"2016-11-21 14:18:25ID: BC  Data: 00 00 00 AA F9 04 82 CE 
"
"2016-11-21 14:18:25ID: BB  Data: 00 00 00 AA 07 17 1E 77 
"
"2016-11-21 14:18:25ID: BC  Data: 00 00 00 AA F8 E8 E1 89 
"
"2016-11-21 14:18:25ID: BB  Data: 00 00 00 AA 06 E9 11 AF 
"
"2016-11-21 14:18:25ID: BC  Data: 00 00 00 AA F9 16 EE 51 
"
"2016-11-21 14:18:26ID: BB  Data: 00 00 00 AA 06 DB E9 76 
"
"2016-11-21 14:18:26ID: BC  Data: 00 00 00 AA F9 24 16 8A 
"
"2016-11-21 14:18:26ID: BB  Data: 00 00 00 AA 06 D0 12 0F 
"
"2016-11-21 14:18:26ID: BC  Data: 00 00 00 AA F9 2F ED F1 
"
"2016-11-21 14:18:26ID: BB  Data: 00 00 00 AA 06 DD 3A 48 
"
"2016-11-21 14:18:26ID: BC  Data: 00 00 00 AA F9 22 C5 B8 
"
"2016-11-21 14:18:26ID: BB  Data: 00 00 00 AA 06 C4 3A A8 
"
"2016-11-21 14:18:26ID: BC  Data: 00 00 00 AA F9 3B C5 58 
"
"2016-11-21 14:18:26ID: BB  Data: 00 00 00 AA 06 B5 C1 9D 
"
"2016-11-21 14:18:26ID: BC  Data: 00 00 00 AA F9 4A 3E 63 
"
"2016-11-21 14:18:26ID: BB  Data: 00 00 00 AA 06 BB 04 E7 
"
"2016-11-21 14:18:26ID: BC  Data: 00 00 00 AA F9 44 FB 19 
"
"2016-11-21 14:18:26ID: BB  Data: 00 00 00 AA 06 B7 12 6F 
"
"2016-11-21 14:18:26ID: BC  Data: 00 00 00 AA F9 48 ED 91 
"
"2016-11-21 14:18:26ID: BB  Data: 00 00 00 AA 06 C0 48 31 
"
"2016-11-21 14:18:26ID: BC  Data: 00 00 00 AA F9 3F B7 CF 
"
"2016-11-21 14:18:26ID: BB  Data: 00 00 00 AA 06 B7 12 6F 
"
"2016-11-21 14:18:26ID: BC  Data: 00 00 00 AA F9 48 ED 91 
"
"2016-11-21 14:18:26ID: BB  Data: 00 00 00 AA 06 B4 70 CA 
"
"2016-11-21 14:18:26ID: BC  Data: 00 00 00 AA F9 4B 8F 36 
"
"2016-11-21 14:18:26ID: BB  Data: 00 00 00 AA 06 9C C1 FD 
"
"2016-11-21 14:18:26ID: BC  Data: 00 00 00 AA F9 63 3E 03 
"
"2016-11-21 14:18:26ID: BB  Data: 00 00 00 AA 06 8B A7 4C 
"
"2016-11-21 14:18:26ID: BC  Data: 00 00 00 AA F9 75 A9 86 
"
"2016-11-21 14:18:27ID: BB  Data: 00 00 00 AA 06 6D 64 62 
"
"2016-11-21 14:18:27ID: BC  Data: 00 00 00 AA F9 92 9B 9E 
"
"2016-11-21 14:18:27ID: BB  Data: 00 00 00 AA 06 62 DD CE 
"
"2016-11-21 14:18:27ID: BC  Data: 00 00 00 AA F9 9D 22 32 
"
"2016-11-21 14:18:27ID: BB  Data: 00 00 00 AA 06 51 C3 1D 
"
"2016-11-21 14:18:27ID: BC  Data: 00 00 00 AA F9 AE 3C E3 
"
"2016-11-21 14:18:27ID: BB  Data: 00 00 00 AA 06 41 F9 3F 
"
"2016-11-21 14:18:27ID: BC  Data: 00 00 00 AA F9 BE 06 C1 
"
"2016-11-21 14:18:27ID: BB  Data: 00 00 00 AA 06 2C EC 17 
"
"2016-11-21 14:18:27ID: BC  Data: 00 00 00 AA F9 D3 13 E9 
"
"2016-11-21 14:18:27ID: BB  Data: 00 00 00 AA 06 2A 4A 72 
"
"2016-11-21 14:18:27ID: BC  Data: 00 00 00 AA F9 D5 B5 8E 
"
"2016-11-21 14:18:27ID: BB  Data: 00 00 00 AA 06 27 A8 CD 
"
"2016-11-21 14:18:27ID: BC  Data: 00 00 00 AA F9 D8 57 33 
"
"2016-11-21 14:18:27ID: BB  Data: 00 00 00 AA 06 27 A8 CD 
"
"2016-11-21 14:18:27ID: BC  Data: 00 00 00 AA F9 D8 57 33 
"
"2016-11-21 14:18:27ID: BB  Data: 00 00 00 AA 06 1E 73 0B 
"
"2016-11-21 14:18:27ID: BC  Data: 00 00 00 AA F9 E1 8C F5 
"
"2016-11-21 14:18:27ID: BB  Data: 00 00 00 AA 06 1A 80 94 
"
"2016-11-21 14:18:27ID: BC  Data: 00 00 00 AA F9 E5 7F 6C 
"
"2016-11-21 14:18:27ID: BB  Data: 00 00 00 AA 06 11 4A D2 
"
"2016-11-21 14:18:27ID: BC  Data: 00 00 00 AA F9 EE B5 2E 
"
"2016-11-21 14:18:28ID: BB  Data: 00 00 00 AA 06 16 8E 1C 
"
"2016-11-21 14:18:28ID: BC  Data: 00 00 00 AA F9 E9 71 E4 
"
"2016-11-21 14:18:28ID: BB  Data: 00 00 00 AA 06 13 EC 77 
"
"2016-11-21 14:18:28ID: BC  Data: 00 00 00 AA F9 EC 13 89 
"
"2016-11-21 14:18:28ID: BB  Data: 00 00 00 AA 06 0C 07 88 
"
"2016-11-21 14:18:28ID: BC  Data: 00 00 00 AA F9 F3 F8 78 
"
"2016-11-21 14:18:28ID: BB  Data: 00 00 00 AA 06 0E A9 2D 
"
"2016-11-21 14:18:28ID: BC  Data: 00 00 00 AA F9 F1 56 D3 
"
"2016-11-21 14:18:28ID: BB  Data: 00 00 00 AA 06 0E A9 2D 
"
"2016-11-21 14:18:28ID: BC  Data: 00 00 00 AA F9 F1 56 D3 
"
"2016-11-21 14:18:28ID: BB  Data: 00 00 00 AA 06 06 C4 3E 
"
"2016-11-21 14:18:28ID: BC  Data: 00 00 00 AA F9 F9 3B C2 
"
"2016-11-21 14:18:28ID: BB  Data: 00 00 00 AA 05 FA EC D7 
"
"2016-11-21 14:18:28ID: BC  Data: 00 00 00 AA FA 05 13 29 
"
"2016-11-21 14:18:28ID: BB  Data: 00 00 00 AA 05 EF 15 71 
"
"2016-11-21 14:18:28ID: BC  Data: 00 00 00 AA FA 10 EA 8F 
"
"2016-11-21 14:18:28ID: BB  Data: 00 00 00 AA 05 D2 23 59 
"
"2016-11-21 14:18:28ID: BC  Data: 00 00 00 AA FA 2D DC A7 
"
"2016-11-21 14:18:28ID: BB  Data: 00 00 00 AA 05 CE 30 E2 
"
"2016-11-21 14:18:28ID: BC  Data: 00 00 00 AA FA 31 CF 1E 
"
"2016-11-21 14:18:28ID: BB  Data: 00 00 00 AA 05 CE 30 E2 
"
"2016-11-21 14:18:28ID: BC  Data: 00 00 00 AA FA 31 CF 1E 
"
"2016-11-21 14:18:28ID: BB  Data: 00 00 00 AA 05 CA 3E 6A 
"
"2016-11-21 14:18:29ID: BC  Data: 00 00 00 AA FA 35 C1 96 
"
"2016-11-21 14:18:29ID: BB  Data: 00 00 00 AA 05 CB 8F 3D 
"
"2016-11-21 14:18:29ID: BC  Data: 00 00 00 AA FA 34 70 C3 
"
"2016-11-21 14:18:29ID: BB  Data: 00 00 00 AA 05 C2 59 7B 
"
"2016-11-21 14:18:29ID: BC  Data: 00 00 00 AA FA 3D A6 85 
"
"2016-11-21 14:18:29ID: BB  Data: 00 00 00 AA 05 C2 59 7B 
"
"2016-11-21 14:18:29ID: BC  Data: 00 00 00 AA FA 3D A6 85 
"
"2016-11-21 14:18:29ID: BB  Data: 00 00 00 AA 05 B6 82 14 
"
"2016-11-21 14:18:29ID: BC  Data: 00 00 00 AA FA 49 7D EC 
"
"2016-11-21 14:18:29ID: BB  Data: 00 00 00 AA 05 B5 31 42 
"
"2016-11-21 14:18:29ID: BC  Data: 00 00 00 AA FA 4A CE BE 
"
"2016-11-21 14:18:29ID: BB  Data: 00 00 00 AA 05 A5 67 64 
"
"2016-11-21 14:18:29ID: BC  Data: 00 00 00 AA FA 5A 98 9C 
"
"2016-11-21 14:18:29ID: BB  Data: 00 00 00 AA 05 4A 9E A6 
"
"2016-11-21 14:18:29ID: BC  Data: 00 00 00 AA FA B5 61 5A 
"
"2016-11-21 14:18:29ID: BB  Data: 00 00 00 AA 04 F7 BA D7 
"
"2016-11-21 14:18:29ID: BC  Data: 00 00 00 AA FB 08 45 29 
"
"2016-11-21 14:18:29ID: BB  Data: 00 00 00 AA 04 C1 C9 20 
"
"2016-11-21 14:18:29ID: BC  Data: 00 00 00 AA FB 3E 36 E0 
"
"2016-11-21 14:18:29ID: BB  Data: 00 00 00 AA 04 E2 AD AF 
"
"2016-11-21 14:18:29ID: BC  Data: 00 00 00 AA FB 1D 52 51 
"
"2016-11-21 14:18:29ID: BB  Data: 00 00 00 AA 04 DE BB 38 
"
"2016-11-21 14:18:29ID: BC  Data: 00 00 00 AA FB 21 44 C8 
"
"2016-11-21 14:18:30ID: BB  Data: 00 00 00 AA 04 FA 5C 7C 
"
"2016-11-21 14:18:30ID: BC  Data: 00 00 00 AA FB 05 A3 84 
"
"2016-11-21 14:18:30ID: BB  Data: 00 00 00 AA 04 E6 A0 27 
"
"2016-11-21 14:18:30ID: BC  Data: 00 00 00 AA FB 19 5F D9 
"
"2016-11-21 14:18:30ID: BB  Data: 00 00 00 AA 04 E6 A0 27 
"
"2016-11-21 14:18:30ID: BC  Data: 00 00 00 AA FB 19 5F D9 
"
"2016-11-21 14:18:30ID: BB  Data: 00 00 00 AA 04 D5 85 76 
"
"2016-11-21 14:18:30ID: BC  Data: 00 00 00 AA FB 2A 7A 8A 
"
"2016-11-21 14:18:30ID: BB  Data: 00 00 00 AA 04 96 5D FD 
"
"2016-11-21 14:18:30ID: BC  Data: 00 00 00 AA FB 69 A2 03 
"
"2016-11-21 14:18:30ID: BB  Data: 00 00 00 AA 03 DE 2A DD 
"
"2016-11-21 14:18:30ID: BC  Data: 00 00 00 AA FC 21 D5 23 
"
"2016-11-21 14:18:30ID: BB  Data: 00 00 00 AA 02 33 E0 6D 
"
"2016-11-21 14:18:30ID: BC  Data: 00 00 00 AA FD CC 1F 93 
"
"2016-11-21 14:18:30ID: BB  Data: 00 00 00 AA 00 00 00 00 
"
"2016-11-21 14:18:30ID: BC  Data: 00 00 00 AA 00 00 00 00 
"
"2016-11-21 14:18:30ID: BB  Data: 00 00 00 AA 00 00 00 00 
"
"2016-11-21 14:18:30ID: BC  Data: 00 00 00 AA 00 00 00 00 
"
"2016-11-21 14:18:30ID: BB  Data: 00 00 00 AA 00 00 00 00 
"
"2016-11-21 14:18:30ID: BC  Data: 00 00 00 AA 00 00 00 00 
"
"2016-11-21 14:18:30ID: BB  Data: 00 00 00 AA 00 00 00 00 
"
"2016-11-21 14:18:30ID: BC  Data: 00 00 00 AA 00 00 00 00 
"
"2016-11-21 14:18:31ID: BB  Data: 00 00 00 AA 00 00 00 00 
"
"2016-11-21 14:18:31ID: BC  Data: 00 00 00 AA 00 00 00 00 
"
"2016-11-21 14:18:31ID: BB  Data: 00 00 00 AA 00 00 00 00 
"
"2016-11-21 14:18:31ID: BC  Data: 00 00 00 AA 00 00 00 00 
"
"2016-11-21 14:18:31ID: BB  Data: 00 00 00 AA 00 00 00 00 
"
"2016-11-21 14:18:31ID: BC  Data: 00 00 00 AA 00 00 00 00 
"
"2016-11-21 14:18:31ID: BB  Data: 00 00 00 AA 00 00 00 00 
"
"2016-11-21 14:18:31ID: BC  Data: 00 00 00 AA 00 00 00 00 
"
"2016-11-21 14:18:31ID: BB  Data: 00 00 00 AA 00 00 00 00 
"
"2016-11-21 14:18:31ID: BC  Data: 00 00 00 AA 00 00 00 00 
"
"2016-11-21 14:18:31ID: BB  Data: 00 00 00 AA 00 00 00 00 
"
"2016-11-21 14:18:31ID: BC  Data: 00 00 00 AA 00 00 00 00 
"
"2016-11-21 14:18:31ID: BB  Data: 00 00 00 AA 00 00 00 00 
"
"2016-11-21 14:18:31ID: BC  Data: 00 00 00 AA 00 00 00 00 
"
"2016-11-21 14:18:31ID: BB  Data: 00 00 00 AA 00 00 00 00 
"
"2016-11-21 14:18:31ID: BC  Data: 00 00 00 AA 00 00 00 00 
"
"2016-11-21 14:18:31ID: BB  Data: 00 00 00 AA 00 00 00 00 
"
"2016-11-21 14:18:31ID: BC  Data: 00 00 00 AA 00 00 00 00 
"
"2016-11-21 14:18:31ID: BB  Data: 00 00 00 AA 00 00 00 00 
"
"2016-11-21 14:18:31ID: BC  Data: 00 00 00 AA 00 00 00 00 
"
"2016-11-21 14:18:31ID: BB  Data: 00 00 00 AA 00 00 00 00 
"
"2016-11-21 14:18:31ID: BC  Data: 00 00 00 AA 00 00 00 00 
"
"2016-11-21 14:18:31ID: BB  Data: 00 00 00 AA 00 00 00 00 
"
"2016-11-21 14:18:31ID: BC  Data: 00 00 00 AA 00 00 00 00 
"
"2016-11-21 14:18:32ID: BB  Data: 00 00 00 AA 00 00 00 00 
"
"2016-11-21 14:18:32ID: BC  Data: 00 00 00 AA 00 00 00 00 
"
"2016-11-21 14:18:32ID: BB  Data: 00 00 00 AA 00 00 00 00 
"
"2016-11-21 14:18:32ID: BC  Data: 00 00 00 AA 00 00 00 00 
"
"2016-11-21 14:18:32ID: BB  Data: 00 00 00 AA 00 00 00 00 
"
"2016-11-21 14:18:32ID: BC  Data: 00 00 00 AA 00 00 00 00 
"
"2016-11-21 14:18:32ID: BB  Data: 00 00 00 AA 00 00 00 00 
"
"2016-11-21 14:18:32ID: BC  Data: 00 00 00 AA 00 00 00 00 
"
"2016-11-21 14:18:32ID: BB  Data: 00 00 00 AA 00 00 00 00 
"
"2016-11-21 14:18:32ID: BC  Data: 00 00 00 AA 00 00 00 00 
"
"2016-11-21 14:18:32ID: BB  Data: 00 00 00 AA 00 00 00 00 
"
"2016-11-21 14:18:32ID: BC  Data: 00 00 00 AA 00 00 00 00 
"
"2016-11-21 14:18:32ID: BB  Data: 00 00 00 AA 00 00 00 00 
"
"2016-11-21 14:18:32ID: BC  Data: 00 00 00 AA 00 00 00 00 
"
"2016-11-21 14:18:32ID: BB  Data: 00 00 00 AA 00 00 00 00 
"
"2016-11-21 14:18:32ID: BC  Data: 00 00 00 AA 00 00 00 00 
"
"2016-11-21 14:18:32ID: BB  Data: 00 00 00 AA 00 00 00 00 
"
"2016-11-21 14:18:32ID: BC  Data: 00 00 00 AA 00 00 00 00 
"
"2016-11-21 14:18:32ID: BB  Data: 00 00 00 AA 00 00 00 00 
"
"2016-11-21 14:18:32ID: BC  Data: 00 00 00 AA 00 00 00 00 
"
"2016-11-21 14:18:32ID: BB  Data: 00 00 00 AA 00 00 00 00 
"
"2016-11-21 14:18:32ID: BC  Data: 00 00 00 AA 00 00 00 00 
"
"2016-11-21 14:18:33ID: BB  Data: 00 00 00 AA 00 00 00 00 
"
"2016-11-21 14:18:33ID: BC  Data: 00 00 00 AA 00 00 00 00 
"
"2016-11-21 14:18:33ID: BB  Data: 00 00 00 AA 00 00 00 00 
"
"2016-11-21 14:18:33ID: BC  Data: 00 00 00 AA 00 00 00 00 
"
"2016-11-21 14:18:33ID: BB  Data: 00 00 00 AA 00 00 00 00 
"
"2016-11-21 14:18:33ID: BC  Data: 00 00 00 AA 00 00 00 00 
"
"2016-11-21 14:18:33ID: BB  Data: 00 00 00 AA 00 00 00 00 
"
"2016-11-21 14:18:33ID: BC  Data: 00 00 00 AA 00 00 00 00 
"
"2016-11-21 14:18:33ID: BB  Data: 00 00 00 AA 00 00 00 00 
"
"2016-11-21 14:18:33ID: BC  Data: 00 00 00 AA 00 00 00 00 
"
"2016-11-21 14:18:33ID: BB  Data: 00 00 00 AA 00 00 00 00 
"
"2016-11-21 14:18:33ID: BC  Data: 00 00 00 AA 00 00 00 00 
"
"2016-11-21 14:18:33ID: BB  Data: 00 00 00 AA 00 00 00 00 
"
"2016-11-21 14:18:33ID: BC  Data: 00 00 00 AA 00 00 00 00 
"
"2016-11-21 14:18:33ID: BB  Data: 00 00 00 AA 00 00 00 00 
"
"2016-11-21 14:18:33ID: BC  Data: 00 00 00 AA 00 00 00 00 
"
"2016-11-21 14:18:33ID: BB  Data: 00 00 00 AA 00 00 00 00 
"
"2016-11-21 14:18:33ID: BC  Data: 00 00 00 AA 00 00 00 00 
"
"2016-11-21 14:18:33ID: BB  Data: 00 00 00 AA 00 00 00 00 
"
"2016-11-21 14:18:33ID: BC  Data: 00 00 00 AA 00 00 00 00 
"
"2016-11-21 14:18:33ID: BB  Data: 00 00 00 AA 00 00 00 00 
"
"2016-11-21 14:18:33ID: BC  Data: 00 00 00 AA 00 00 00 00 
"
"2016-11-21 14:18:34ID: BB  Data: 00 00 00 AA 00 00 00 00 
"
"2016-11-21 14:18:34ID: BC  Data: 00 00 00 AA 00 00 00 00 
"
"2016-11-21 14:18:34ID: BB  Data: 00 00 00 AA 00 00 00 00 
"
"2016-11-21 14:18:34ID: BC  Data: 00 00 00 AA 00 00 00 00 
"
"2016-11-21 14:18:34ID: BB  Data: 00 00 00 AA 00 00 00 00 
"
"2016-11-21 14:18:34ID: BC  Data: 00 00 00 AA 00 00 00 00 
"
"2016-11-21 14:18:34ID: BB  Data: 00 00 00 AA 00 00 00 00 
"
"2016-11-21 14:18:34ID: BC  Data: 00 00 00 AA 00 00 00 00 
"
"2016-11-21 14:18:34ID: BB  Data: 00 00 00 AA 00 00 00 00 
"
"2016-11-21 14:18:34ID: BC  Data: 00 00 00 AA 00 00 00 00 
"
"2016-11-21 14:18:34ID: BB  Data: 00 00 00 AA 00 00 00 00 
"
"2016-11-21 14:18:34ID: BC  Data: 00 00 00 AA 00 00 00 00 
"
"2016-11-21 14:18:34ID: BB  Data: 00 00 00 AA 00 00 00 00 
"
"2016-11-21 14:18:34ID: BC  Data: 00 00 00 AA 00 00 00 00 
"
"2016-11-21 14:18:34ID: BB  Data: 00 00 00 AA 00 00 00 00 
"
"2016-11-21 14:18:34ID: BC  Data: 00 00 00 AA 00 00 00 00 
"
"2016-11-21 14:18:34ID: BB  Data: 00 00 00 AA 00 00 00 00 
"
"2016-11-21 14:18:34ID: BC  Data: 00 00 00 AA 00 00 00 00 
"
"2016-11-21 14:18:34ID: BB  Data: 00 00 00 AA 00 00 00 00 
"
"2016-11-21 14:18:34ID: BC  Data: 00 00 00 AA 00 00 00 00 
"
"2016-11-21 14:18:34ID: BB  Data: 00 00 00 AA 00 00 00 00 
"
"2016-11-21 14:18:34ID: BC  Data: 00 00 00 AA 00 00 00 00 
"
"2016-11-21 14:18:34ID: BB  Data: 00 00 00 AA 00 00 00 00 
"
"2016-11-21 14:18:34ID: BC  Data: 00 00 00 AA 00 00 00 00 
"
"2016-11-21 14:18:35ID: BB  Data: 00 00 00 AA 00 00 00 00 
"
"2016-11-21 14:18:35ID: BC  Data: 00 00 00 AA 00 00 00 00 
"
"2016-11-21 14:18:35ID: BB  Data: 00 00 00 AA 00 00 00 00 
"
"2016-11-21 14:18:35ID: BC  Data: 00 00 00 AA 00 00 00 00 
"
"2016-11-21 14:18:35ID: BB  Data: 00 00 00 AA 00 00 00 00 
"
"2016-11-21 14:18:35ID: BC  Data: 00 00 00 AA 00 00 00 00 
"
"2016-11-21 14:18:35ID: BB  Data: 00 00 00 AA 00 00 00 00 
"
"2016-11-21 14:18:35ID: BC  Data: 00 00 00 AA 00 00 00 00 
"
"2016-11-21 14:18:35ID: BB  Data: 00 00 00 AA 00 00 00 00 
"
"2016-11-21 14:18:35ID: BC  Data: 00 00 00 AA 00 00 00 00 
"
"2016-11-21 14:18:35ID: BB  Data: 00 00 00 AA 00 00 00 00 
"
"2016-11-21 14:18:35ID: BC  Data: 00 00 00 AA 00 00 00 00 
"
"2016-11-21 14:18:35ID: BB  Data: 00 00 00 AA 00 00 00 00 
"
"2016-11-21 14:18:35ID: BC  Data: 00 00 00 AA 00 00 00 00 
"
"2016-11-21 14:18:35ID: BB  Data: 00 00 00 AA 00 00 00 00 
"
"2016-11-21 14:18:35ID: BC  Data: 00 00 00 AA 00 00 00 00 
"
"2016-11-21 14:18:35ID: BB  Data: 00 00 00 AA 00 00 00 00 
"
"2016-11-21 14:18:35ID: BC  Data: 00 00 00 AA 00 00 00 00 
"
"2016-11-21 14:18:35ID: BB  Data: 00 00 00 AA 00 00 00 00 
"
"2016-11-21 14:18:35ID: BC  Data: 00 00 00 AA 00 00 00 00 
"
"2016-11-21 14:18:35ID: BB  Data: 00 00 00 AA 00 00 00 00 
"
"2016-11-21 14:18:35ID: BC  Data: 00 00 00 AA 00 00 00 00 
"
"2016-11-21 14:18:36ID: BB  Data: 00 00 00 AA 00 00 00 00 
"
"2016-11-21 14:18:36ID: BC  Data: 00 00 00 AA 00 00 00 00 
"
"2016-11-21 14:18:36ID: BB  Data: 00 00 00 AA 00 00 00 00 
"
"2016-11-21 14:18:36ID: BC  Data: 00 00 00 AA 00 00 00 00 
"
"2016-11-21 14:18:36ID: BB  Data: 00 00 00 AA 00 00 00 00 
"
"2016-11-21 14:18:36ID: BC  Data: 00 00 00 AA 00 00 00 00 
"
"2016-11-21 14:18:36ID: BB  Data: 00 00 00 AA 00 00 00 00 
"
"2016-11-21 14:18:36ID: BC  Data: 00 00 00 AA 00 00 00 00 
"
"2016-11-21 14:18:36ID: BB  Data: 00 00 00 AA 00 00 00 00 
"
"2016-11-21 14:18:36ID: BC  Data: 00 00 00 AA 00 00 00 00 
"
"2016-11-21 14:18:36ID: BB  Data: 00 00 00 AA 00 00 00 00 
"
"2016-11-21 14:18:36ID: BC  Data: 00 00 00 AA 00 00 00 00 
"
"2016-11-21 14:18:36ID: BB  Data: 00 00 00 AA 00 00 00 00 
"
"2016-11-21 14:18:36ID: BC  Data: 00 00 00 AA 00 00 00 00 
"
"2016-11-21 14:18:36ID: BB  Data: 00 00 00 AA 00 00 00 00 
"
"2016-11-21 14:18:36ID: BC  Data: 00 00 00 AA 00 00 00 00 
"
"2016-11-21 14:18:36ID: BB  Data: 00 00 00 AA 00 00 00 00 
"
"2016-11-21 14:18:36ID: BC  Data: 00 00 00 AA 00 00 00 00 
"
"2016-11-21 14:18:36ID: BB  Data: 00 00 00 AA 00 00 00 00 
"
"2016-11-21 14:18:36ID: BC  Data: 00 00 00 AA 00 00 00 00 
"
"2016-11-21 14:18:36ID: BB  Data: 00 00 00 AA 00 00 00 00 
"
"2016-11-21 14:18:36ID: BC  Data: 00 00 00 AA 00 00 00 00 
"
"2016-11-21 14:18:36ID: BB  Data: 00 00 00 AA 00 00 00 00 
"
"2016-11-21 14:18:37ID: BC  Data: 00 00 00 AA 00 00 00 00 
"
"2016-11-21 14:18:37ID: BB  Data: 00 00 00 AA 00 00 00 00 
"
"2016-11-21 14:18:37ID: BC  Data: 00 00 00 AA 00 00 00 00 
"
"2016-11-21 14:18:37ID: BB  Data: 00 00 00 AA 00 00 00 00 
"
"2016-11-21 14:18:37ID: BC  Data: 00 00 00 AA 00 00 00 00 
"
"2016-11-21 14:18:37ID: BB  Data: 00 00 00 AA 00 00 00 00 
"
"2016-11-21 14:18:37ID: BC  Data: 00 00 00 AA 00 00 00 00 
"
"2016-11-21 14:18:37ID: BB  Data: 00 00 00 AA 00 00 00 00 
"
"2016-11-21 14:18:37ID: BC  Data: 00 00 00 AA 00 00 00 00 
"
"2016-11-21 14:18:37ID: BB  Data: 00 00 00 AA 00 00 00 00 
"
"2016-11-21 14:18:37ID: BC  Data: 00 00 00 AA 00 00 00 00 
"
"2016-11-21 14:18:37ID: BB  Data: 00 00 00 AA 00 00 00 00 
"
"2016-11-21 14:18:37ID: BC  Data: 00 00 00 AA 00 00 00 00 
"
"2016-11-21 14:18:37ID: BB  Data: 00 00 00 AA 00 00 00 00 
"
"2016-11-21 14:18:37ID: BC  Data: 00 00 00 AA 00 00 00 00 
"
"2016-11-21 14:18:37ID: BB  Data: 00 00 00 AA 00 00 00 00 
"
"2016-11-21 14:18:37ID: BC  Data: 00 00 00 AA 00 00 00 00 
"
"2016-11-21 14:18:37ID: BB  Data: 00 00 00 AA 00 00 00 00 
"
"2016-11-21 14:18:37ID: BC  Data: 00 00 00 AA 00 00 00 00 
"
"2016-11-21 14:18:37ID: BB  Data: 00 00 00 AA 00 00 00 00 
"
"2016-11-21 14:18:37ID: BC  Data: 00 00 00 AA 00 00 00 00 
"
"2016-11-21 14:18:37ID: BB  Data: 00 00 00 AA 00 00 00 00 
"
"2016-11-21 14:18:37ID: BC  Data: 00 00 00 AA 00 00 00 00 
"
"2016-11-21 14:18:38ID: BB  Data: 00 00 00 AA 00 00 00 00 
"
"2016-11-21 14:18:38ID: BC  Data: 00 00 00 AA 00 00 00 00 
"
"2016-11-21 14:18:38ID: BB  Data: 00 00 00 AA 00 00 00 00 
"
"2016-11-21 14:18:38ID: BC  Data: 00 00 00 AA 00 00 00 00 
"
"2016-11-21 14:18:38ID: BB  Data: 00 00 00 AA 00 00 00 00 
"
"2016-11-21 14:18:38ID: BC  Data: 00 00 00 AA 00 00 00 00 
"
"2016-11-21 14:18:38ID: BB  Data: 00 00 00 AA 00 00 00 00 
"
"2016-11-21 14:18:38ID: BC  Data: 00 00 00 AA 00 00 00 00 
"
"2016-11-21 14:18:38ID: BB  Data: 00 00 00 AA 00 00 00 00 
"
"2016-11-21 14:18:38ID: BC  Data: 00 00 00 AA 00 00 00 00 
"
"2016-11-21 14:18:38ID: BB  Data: 00 00 00 AA 00 00 00 00 
"
"2016-11-21 14:18:38ID: BC  Data: 00 00 00 AA 00 00 00 00 
"
"2016-11-21 14:18:38ID: BB  Data: 00 00 00 AA 00 00 00 00 
"
"2016-11-21 14:18:38ID: BC  Data: 00 00 00 AA 00 00 00 00 
"
"2016-11-21 14:18:38ID: BB  Data: 00 00 00 AA 00 00 00 00 
"
"2016-11-21 14:18:38ID: BC  Data: 00 00 00 AA 00 00 00 00 
"
"2016-11-21 14:18:38ID: BB  Data: 00 00 00 AA 00 00 00 00 
"
"2016-11-21 14:18:38ID: BC  Data: 00 00 00 AA 00 00 00 00 
"
"2016-11-21 14:18:38ID: BB  Data: 00 00 00 AA 00 00 00 00 
"
"2016-11-21 14:18:38ID: BC  Data: 00 00 00 AA 00 00 00 00 
"
"2016-11-21 14:18:38ID: AA  Data: BB BB 00 00 00 00 00 00 
"
"2016-11-21 14:18:38ID: A1  Data: 00 00 AA AA 00 00 00 00 
"
"2016-11-21 14:18:38ID: A2  Data: 00 00 00 00 00 00 00 AB 
"
"2016-11-21 14:18:38ID: BB  Data: 00 00 00 BB 00 00 00 00 
"
"2016-11-21 14:18:38ID: BC  Data: 00 00 00 BB 00 00 00 00 
"
"2016-11-21 14:18:39ID: BB  Data: 00 00 00 BB 00 00 00 00 
"
"2016-11-21 14:18:39ID: BC  Data: 00 00 00 BB 00 00 00 00 
"
"2016-11-21 14:18:39ID: BB  Data: 00 00 00 BB 00 00 00 00 
"
"2016-11-21 14:18:39ID: BC  Data: 00 00 00 BB 00 00 00 00 
"
"2016-11-21 14:18:39ID: BB  Data: 00 00 00 BB 00 00 00 00 
"
"2016-11-21 14:18:39ID: BC  Data: 00 00 00 BB 00 00 00 00 
"
"2016-11-21 14:18:39ID: BB  Data: 00 00 00 BB 00 00 00 00 
"
"2016-11-21 14:18:39ID: BC  Data: 00 00 00 BB 00 00 00 00 
"
"2016-11-21 14:18:39ID: BB  Data: 00 00 00 BB 00 00 00 00 
"
"2016-11-21 14:18:39ID: BC  Data: 00 00 00 BB 00 00 00 00 
"
"2016-11-21 14:18:39ID: BB  Data: 00 00 00 BB 00 00 00 00 
"
"2016-11-21 14:18:39ID: BC  Data: 00 00 00 BB 00 00 00 00 
"
"2016-11-21 14:18:39ID: BB  Data: 00 00 00 BB 00 00 00 00 
"
"2016-11-21 14:18:39ID: BC  Data: 00 00 00 BB 00 00 00 00 
"
"2016-11-21 14:18:39ID: BB  Data: 00 00 00 BB 00 00 00 00 
"
"2016-11-21 14:18:39ID: BC  Data: 00 00 00 BB 00 00 00 00 
"
"2016-11-21 14:18:39ID: BB  Data: 00 00 00 BB 00 00 00 00 
"
"2016-11-21 14:18:39ID: BC  Data: 00 00 00 BB 00 00 00 00 
"
"2016-11-21 14:18:39ID: BB  Data: 00 00 00 BB 00 00 00 00 
"
"2016-11-21 14:18:39ID: BC  Data: 00 00 00 BB 00 00 00 00 
"
2016-11-21 14:18:41
2016-11-21 14:18:43
2016-11-21 14:18:45
2016-11-21 14:18:47
2016-11-21 14:18:49
2016-11-21 14:18:51
2016-11-21 14:18:53
2016-11-21 14:18:55
2016-11-21 14:18:57
2016-11-21 14:18:59
2016-11-21 14:19:01
2016-11-21 14:19:03
2016-11-21 14:19:05
2016-11-21 14:19:07
2016-11-21 14:19:09
2016-11-21 14:19:11
2016-11-21 14:19:13
2016-11-21 14:19:15
2016-11-21 14:19:17
2016-11-21 14:19:19
2016-11-21 14:19:21
2016-11-21 14:19:23
2016-11-21 14:19:25
2016-11-21 14:19:27
2016-11-21 14:19:29
2016-11-21 14:19:31
2016-11-21 14:19:33
2016-11-21 14:19:35
2016-11-21 14:19:37
2016-11-21 14:19:39
2016-11-21 14:19:41
2016-11-21 14:19:43
2016-11-21 14:19:45
2016-11-21 14:19:47
2016-11-21 14:19:49
2016-11-21 14:19:51
2016-11-21 14:19:53
2016-11-21 14:19:55
2016-11-21 14:19:57
2016-11-21 14:19:59
2016-11-21 14:20:01
2016-11-21 14:20:03
2016-11-21 14:20:05
2016-11-21 14:20:07
2016-11-21 14:20:09
2016-11-21 14:20:11
2016-11-21 14:20:13
2016-11-21 14:20:15
2016-11-21 14:20:17
2016-11-21 14:20:19
2016-11-21 14:20:21
2016-11-21 14:20:23
2016-11-21 14:20:25
2016-11-21 14:20:27
2016-11-21 14:20:29
2016-11-21 14:20:31
2016-11-21 14:20:33
2016-11-21 14:20:35
2016-11-21 14:20:37
2016-11-21 14:20:39
2016-11-21 14:20:41
2016-11-21 14:20:43
2016-11-21 14:20:45
2016-11-21 14:20:47
2016-11-21 14:20:49
2016-11-21 14:20:51
2016-11-21 14:20:53
2016-11-21 14:20:55
2016-11-21 14:20:57
2016-11-21 14:20:59
2016-11-21 14:21:01
2016-11-21 14:21:03
2016-11-21 14:21:05
2016-11-21 14:21:07
2016-11-21 14:21:09
2016-11-21 14:21:11
2016-11-21 14:21:13
2016-11-21 14:21:15
2016-11-21 14:21:17
2016-11-21 14:21:19
2016-11-21 14:21:21
2016-11-21 14:21:23
2016-11-21 14:21:25
2016-11-21 14:21:27
2016-11-21 14:21:29
2016-11-21 14:21:31
2016-11-21 14:21:33
2016-11-21 14:21:35
2016-11-21 14:21:38
2016-11-21 14:21:40
2016-11-21 14:21:42
2016-11-21 14:21:44
2016-11-21 14:21:46
2016-11-21 14:21:48
2016-11-21 14:21:50
2016-11-21 14:21:52
2016-11-21 14:21:54
2016-11-21 14:21:56
2016-11-21 14:21:58
2016-11-21 14:22:00
2016-11-21 14:22:02
2016-11-21 14:22:04
2016-11-21 14:22:06
2016-11-21 14:22:08
2016-11-21 14:22:10
2016-11-21 14:22:12
2016-11-21 14:22:14
2016-11-21 14:22:16
2016-11-21 14:22:18
2016-11-21 14:22:20
2016-11-21 14:22:22
2016-11-21 14:22:24
2016-11-21 14:22:26
2016-11-21 14:22:28
2016-11-21 14:22:30
2016-11-21 14:22:32
2016-11-21 14:22:34
2016-11-21 14:22:36
2016-11-21 14:22:38
2016-11-21 14:22:40
2016-11-21 14:22:42
2016-11-21 14:22:44
2016-11-21 14:22:46
2016-11-21 14:22:48
2016-11-21 14:22:50
2016-11-21 14:22:52
2016-11-21 14:22:54
2016-11-21 14:22:56
2016-11-21 14:22:58
2016-11-21 14:23:00
2016-11-21 14:23:02
2016-11-21 14:23:04
2016-11-21 14:23:06
2016-11-21 14:23:08
2016-11-21 14:23:10
2016-11-21 14:23:12
2016-11-21 14:23:14
2016-11-21 14:23:16
2016-11-21 14:23:18
2016-11-21 14:23:20
2016-11-21 14:23:22
2016-11-21 14:23:24
2016-11-21 14:23:26
2016-11-21 14:23:28
2016-11-21 14:23:30
2016-11-21 14:23:32
2016-11-21 14:23:34
2016-11-21 14:23:36
2016-11-21 14:23:38
2016-11-21 14:23:40
2016-11-21 14:23:42
2016-11-21 14:23:44
2016-11-21 14:23:46
2016-11-21 14:23:48
2016-11-21 14:23:50
2016-11-21 14:23:52
2016-11-21 14:23:54
2016-11-21 14:23:56
2016-11-21 14:23:58
2016-11-21 14:24:00
2016-11-21 14:24:02
2016-11-21 14:24:04
2016-11-21 14:24:06
2016-11-21 14:24:08
2016-11-21 14:24:10
2016-11-21 14:24:12
2016-11-21 14:24:14
2016-11-21 14:24:16
2016-11-21 14:24:18
2016-11-21 14:24:20
2016-11-21 14:24:22
2016-11-21 14:24:24
2016-11-21 14:24:26
2016-11-21 14:24:28
2016-11-21 14:24:30
2016-11-21 14:24:32
2016-11-21 14:24:34
2016-11-21 14:24:36
2016-11-21 14:24:38
2016-11-21 14:24:40
2016-11-21 14:24:42
2016-11-21 14:24:44
2016-11-21 14:24:46
2016-11-21 14:24:48
2016-11-21 14:24:50
2016-11-21 14:24:52
2016-11-21 14:24:54
2016-11-21 14:24:56
2016-11-21 14:24:58
2016-11-21 14:25:00
2016-11-21 14:25:02
2016-11-21 14:25:04
2016-11-21 14:25:06
2016-11-21 14:25:08
2016-11-21 14:25:10
2016-11-21 14:25:12
2016-11-21 14:25:14
2016-11-21 14:25:16
2016-11-21 14:25:18
2016-11-21 14:25:20
2016-11-21 14:25:22
2016-11-21 14:25:24
2016-11-21 14:25:26
2016-11-21 14:25:28
2016-11-21 14:25:30
2016-11-21 14:25:32
2016-11-21 14:25:34
2016-11-21 14:25:36
2016-11-21 14:25:38
2016-11-21 14:25:40
2016-11-21 14:25:42
2016-11-21 14:25:44
2016-11-21 14:25:46
2016-11-21 14:25:48
2016-11-21 14:25:50
2016-11-21 14:25:52
2016-11-21 14:25:54
2016-11-21 14:25:56
2016-11-21 14:25:58
2016-11-21 14:26:00
2016-11-21 14:26:02
2016-11-21 14:26:04
2016-11-21 14:26:06
2016-11-21 14:26:08
2016-11-21 14:26:10
2016-11-21 14:26:12
2016-11-21 14:26:14
2016-11-21 14:26:16
2016-11-21 14:26:18
2016-11-21 14:26:20
2016-11-21 14:26:22
2016-11-21 14:26:24
2016-11-21 14:26:26
2016-11-21 14:26:28
2016-11-21 14:26:30
2016-11-21 14:26:32
2016-11-21 14:26:34
2016-11-21 14:26:36
2016-11-21 14:26:38
2016-11-21 14:26:40
2016-11-21 14:26:42
2016-11-21 14:26:44
2016-11-21 14:26:46
2016-11-21 14:26:48
2016-11-21 14:26:50
2016-11-21 14:26:52
2016-11-21 14:26:54
2016-11-21 14:26:56
2016-11-21 14:26:58
2016-11-21 14:27:00
2016-11-21 14:27:02
2016-11-21 14:27:04
2016-11-21 14:27:06
2016-11-21 14:27:08
2016-11-21 14:27:10
2016-11-21 14:27:12
2016-11-21 14:27:14
2016-11-21 14:27:16
2016-11-21 14:27:18
2016-11-21 14:27:20
2016-11-21 14:27:22
2016-11-21 14:27:24
2016-11-21 14:27:26
2016-11-21 14:27:28
2016-11-21 14:27:30
2016-11-21 14:27:32
2016-11-21 14:27:34
2016-11-21 14:27:36
2016-11-21 14:27:38
2016-11-21 14:27:40
2016-11-21 14:27:42
2016-11-21 14:27:44
2016-11-21 14:27:46
2016-11-21 14:27:48
2016-11-21 14:27:50
2016-11-21 14:27:52
2016-11-21 14:27:54
2016-11-21 14:27:56
2016-11-21 14:27:58
2016-11-21 14:28:00
2016-11-21 14:28:02
2016-11-21 14:28:04
2016-11-21 14:28:06
2016-11-21 14:28:08
2016-11-21 14:28:10
2016-11-21 14:28:12
2016-11-21 14:28:14
2016-11-21 14:28:16
2016-11-21 14:28:18
2016-11-21 14:28:20
2016-11-21 14:28:22
2016-11-21 14:28:24
2016-11-21 14:28:26
2016-11-21 14:28:28
2016-11-21 14:28:30
2016-11-21 14:28:32
2016-11-21 14:28:34
2016-11-21 14:28:36
2016-11-21 14:28:38
"2016-11-21 14:28:39ID: A1  Data: 00 00 AA AA 00 00 00 00 
"
"2016-11-21 14:28:39ID: BB  Data: 00 00 00 BB 00 00 00 00 
"
"2016-11-21 14:28:39ID: BC  Data: 00 00 00 BB 00 00 00 00 
"
"2016-11-21 14:28:39ID: BB  Data: 00 00 00 BB 00 00 00 00 
"
"2016-11-21 14:28:39ID: BC  Data: 00 00 00 BB 00 00 00 00 
"
"2016-11-21 14:28:39ID: BB  Data: 00 00 00 BB 00 00 00 00 
"
"2016-11-21 14:28:39ID: BC  Data: 00 00 00 BB 00 00 00 00 
"
"2016-11-21 14:28:39ID: BB  Data: 00 00 00 BB 00 00 00 00 
"
"2016-11-21 14:28:39ID: BC  Data: 00 00 00 BB 00 00 00 00 
"
"2016-11-21 14:28:39ID: BB  Data: 00 00 00 BB 00 00 00 00 
"
"2016-11-21 14:28:39ID: BC  Data: 00 00 00 BB 00 00 00 00 
"
"2016-11-21 14:28:39ID: BB  Data: 00 00 00 BB 00 00 00 00 
"
"2016-11-21 14:28:39ID: BC  Data: 00 00 00 BB 00 00 00 00 
"
"2016-11-21 14:28:39ID: BB  Data: 00 00 00 BB 00 00 00 00 
"
"2016-11-21 14:28:39ID: BC  Data: 00 00 00 BB 00 00 00 00 
"
"2016-11-21 14:28:39ID: BB  Data: 00 00 00 BB 00 00 00 00 
"
"2016-11-21 14:28:39ID: BC  Data: 00 00 00 BB 00 00 00 00 
"
"2016-11-21 14:28:40ID: BB  Data: 00 00 00 BB 00 00 00 00 
"
"2016-11-21 14:28:40ID: BC  Data: 00 00 00 BB 00 00 00 00 
"
"2016-11-21 14:28:40ID: BB  Data: 00 00 00 BB 00 00 00 00 
"
"2016-11-21 14:28:40ID: BC  Data: 00 00 00 BB 00 00 00 00 
"
"2016-11-21 14:28:40ID: AA  Data: BB 00 00 00 00 00 00 00 
"
"2016-11-21 14:28:40ID: A1  Data: 00 00 AA AA 00 00 00 00 
"
"2016-11-21 14:28:40ID: A2  Data: 00 00 00 00 00 00 00 AB 
"
"2016-11-21 14:28:40ID: BB  Data: 00 00 00 BB 00 00 00 00 
"
"2016-11-21 14:28:40ID: BC  Data: 00 00 00 BB 00 00 00 00 
"
"2016-11-21 14:28:40ID: BB  Data: 00 00 00 BB 00 00 00 00 
"
"2016-11-21 14:28:40ID: BC  Data: 00 00 00 BB 00 00 00 00 
"
"2016-11-21 14:28:40ID: BB  Data: 00 00 00 BB 00 00 00 00 
"
"2016-11-21 14:28:40ID: BC  Data: 00 00 00 BB 00 00 00 00 
"
"2016-11-21 14:28:40ID: BB  Data: 00 00 00 BB 00 00 00 00 
"
"2016-11-21 14:28:40ID: BC  Data: 00 00 00 BB 00 00 00 00 
"
"2016-11-21 14:28:40ID: BB  Data: 00 00 00 BB 00 00 00 00 
"
"2016-11-21 14:28:40ID: BC  Data: 00 00 00 BB 00 00 00 00 
"
"2016-11-21 14:28:40ID: BB  Data: 00 00 00 BB 00 00 00 00 
"
"2016-11-21 14:28:40ID: BC  Data: 00 00 00 BB 00 00 00 00 
"
"2016-11-21 14:28:40ID: BB  Data: 00 00 00 BB 00 00 00 00 
"
"2016-11-21 14:28:40ID: BC  Data: 00 00 00 BB 00 00 00 00 
"
"2016-11-21 14:28:40ID: BB  Data: 00 00 00 BB 00 00 00 00 
"
"2016-11-21 14:28:40ID: BC  Data: 00 00 00 BB 00 00 00 00 
"
"2016-11-21 14:28:40ID: BB  Data: 00 00 00 BB 00 00 00 00 
"
"2016-11-21 14:28:40ID: BC  Data: 00 00 00 BB 00 00 00 00 
"
"2016-11-21 14:28:40ID: BB  Data: 00 00 00 BB 00 00 00 00 
"
"2016-11-21 14:28:41ID: BC  Data: 00 00 00 BB 00 00 00 00 
"
"2016-11-21 14:28:41ID: BB  Data: 00 00 00 BB 00 00 00 00 
"
"2016-11-21 14:28:41ID: BC  Data: 00 00 00 BB 00 00 00 00 
"
"2016-11-21 14:28:41ID: BB  Data: 00 00 00 BB 00 00 00 00 
"
"2016-11-21 14:28:41ID: BC  Data: 00 00 00 BB 00 00 00 00 
"
"2016-11-21 14:28:41ID: BB  Data: 00 00 00 BB 00 00 00 00 
"
"2016-11-21 14:28:41ID: BC  Data: 00 00 00 BB 00 00 00 00 
"
"2016-11-21 14:28:41ID: BB  Data: 00 00 00 BB 00 00 00 00 
"
"2016-11-21 14:28:41ID: BC  Data: 00 00 00 BB 00 00 00 00 
"
"2016-11-21 14:28:41ID: BB  Data: 00 00 00 BB 00 00 00 00 
"
"2016-11-21 14:28:41ID: BC  Data: 00 00 00 BB 00 00 00 00 
"
"2016-11-21 14:28:41ID: BB  Data: 00 00 00 BB 00 00 00 00 
"
"2016-11-21 14:28:41ID: BC  Data: 00 00 00 BB 00 00 00 00 
"
"2016-11-21 14:28:41ID: BB  Data: 00 00 00 BB 00 00 00 00 
"
"2016-11-21 14:28:41ID: BC  Data: 00 00 00 BB 00 00 00 00 
"
"2016-11-21 14:28:41ID: BB  Data: 00 00 00 BB 00 00 00 00 
"
"2016-11-21 14:28:41ID: BC  Data: 00 00 00 BB 00 00 00 00 
"
"2016-11-21 14:28:41ID: BB  Data: 00 00 00 BB 00 00 00 00 
"
"2016-11-21 14:28:41ID: BC  Data: 00 00 00 BB 00 00 00 00 
"
"2016-11-21 14:28:41ID: BB  Data: 00 00 00 BB 00 00 00 00 
"
"2016-11-21 14:28:41ID: BC  Data: 00 00 00 BB 00 00 00 00 
"
"2016-11-21 14:28:41ID: BB  Data: 00 00 00 BB 00 00 00 00 
"
"2016-11-21 14:28:41ID: BC  Data: 00 00 00 BB 00 00 00 00 
"
"2016-11-21 14:28:42ID: BB  Data: 00 00 00 BB 00 00 00 00 
"
"2016-11-21 14:28:42ID: BC  Data: 00 00 00 BB 00 00 00 00 
"
"2016-11-21 14:28:42ID: BB  Data: 00 00 00 BB 00 00 00 00 
"
"2016-11-21 14:28:42ID: BC  Data: 00 00 00 BB 00 00 00 00 
"
"2016-11-21 14:28:42ID: BB  Data: 00 00 00 BB 00 00 00 00 
"
"2016-11-21 14:28:42ID: BC  Data: 00 00 00 BB 00 00 00 00 
"
"2016-11-21 14:28:42ID: BB  Data: 00 00 00 BB 00 00 00 00 
"
"2016-11-21 14:28:42ID: BC  Data: 00 00 00 BB 00 00 00 00 
"
"2016-11-21 14:28:42ID: BB  Data: 00 00 00 BB 00 00 00 00 
"
"2016-11-21 14:28:42ID: BC  Data: 00 00 00 BB 00 00 00 00 
"
"2016-11-21 14:28:42ID: BB  Data: 00 00 00 BB 00 00 00 00 
"
"2016-11-21 14:28:42ID: BC  Data: 00 00 00 BB 00 00 00 00 
"
"2016-11-21 14:28:42ID: BB  Data: 00 00 00 BB 00 00 00 00 
"
"2016-11-21 14:28:42ID: BC  Data: 00 00 00 BB 00 00 00 00 
"
"2016-11-21 14:28:42ID: BB  Data: 00 00 00 BB 00 00 00 00 
"
"2016-11-21 14:28:42ID: BC  Data: 00 00 00 BB 00 00 00 00 
"
"2016-11-21 14:28:42ID: BB  Data: 00 00 00 BB 00 00 00 00 
"
"2016-11-21 14:28:42ID: BC  Data: 00 00 00 BB 00 00 00 00 
"
"2016-11-21 14:28:42ID: BB  Data: 00 00 00 BB 00 00 00 00 
"
"2016-11-21 14:28:42ID: BC  Data: 00 00 00 BB 00 00 00 00 
"
"2016-11-21 14:28:42ID: BB  Data: 00 00 00 BB 00 00 00 00 
"
"2016-11-21 14:28:42ID: BC  Data: 00 00 00 BB 00 00 00 00 
"
"2016-11-21 14:28:43ID: BB  Data: 00 00 00 BB 00 00 00 00 
"
"2016-11-21 14:28:43ID: BC  Data: 00 00 00 BB 00 00 00 00 
"
"2016-11-21 14:28:43ID: BB  Data: 00 00 00 BB 00 00 00 00 
"
"2016-11-21 14:28:43ID: BC  Data: 00 00 00 BB 00 00 00 00 
"
"2016-11-21 14:28:43ID: BB  Data: 00 00 00 BB 00 00 00 00 
"
"2016-11-21 14:28:43ID: BC  Data: 00 00 00 BB 00 00 00 00 
"
"2016-11-21 14:28:43ID: BB  Data: 00 00 00 BB 00 00 00 00 
"
"2016-11-21 14:28:43ID: BC  Data: 00 00 00 BB 00 00 00 00 
"
"2016-11-21 14:28:43ID: BB  Data: 00 00 00 BB 00 00 00 00 
"
"2016-11-21 14:28:43ID: BC  Data: 00 00 00 BB 00 00 00 00 
"
"2016-11-21 14:28:43ID: BB  Data: 00 00 00 BB 00 00 00 00 
"
"2016-11-21 14:28:43ID: BC  Data: 00 00 00 BB 00 00 00 00 
"
"2016-11-21 14:28:43ID: BB  Data: 00 00 00 BB 00 00 00 00 
"
"2016-11-21 14:28:43ID: BC  Data: 00 00 00 BB 00 00 00 00 
"
"2016-11-21 14:28:43ID: BB  Data: 00 00 00 BB 00 00 00 00 
"
"2016-11-21 14:28:43ID: BC  Data: 00 00 00 BB 00 00 00 00 
"
"2016-11-21 14:28:43ID: BB  Data: 00 00 00 BB 00 00 00 00 
"
"2016-11-21 14:28:43ID: BC  Data: 00 00 00 BB 00 00 00 00 
"
"2016-11-21 14:28:43ID: BB  Data: 00 00 00 BB 00 00 00 00 
"
"2016-11-21 14:28:43ID: BC  Data: 00 00 00 BB 00 00 00 00 
"
"2016-11-21 14:28:43ID: BB  Data: 00 00 00 BB 00 00 00 00 
"
"2016-11-21 14:28:43ID: BC  Data: 00 00 00 BB 00 00 00 00 
"
"2016-11-21 14:28:43ID: BB  Data: 00 00 00 BB 00 00 00 00 
"
"2016-11-21 14:28:43ID: BC  Data: 00 00 00 BB 00 00 00 00 
"
"2016-11-21 14:28:44ID: BB  Data: 00 00 00 BB 00 00 00 00 
"
"2016-11-21 14:28:44ID: BC  Data: 00 00 00 BB 00 00 00 00 
"
"2016-11-21 14:28:44ID: BB  Data: 00 00 00 BB 00 00 00 00 
"
"2016-11-21 14:28:44ID: BC  Data: 00 00 00 BB 00 00 00 00 
"
"2016-11-21 14:28:44ID: BB  Data: 00 00 00 BB 00 00 00 00 
"
"2016-11-21 14:28:44ID: BC  Data: 00 00 00 BB 00 00 00 00 
"
"2016-11-21 14:28:44ID: BB  Data: 00 00 00 BB 00 00 00 00 
"
"2016-11-21 14:28:44ID: BC  Data: 00 00 00 BB 00 00 00 00 
"
"2016-11-21 14:28:44ID: BB  Data: 00 00 00 BB 00 00 00 00 
"
"2016-11-21 14:28:44ID: BC  Data: 00 00 00 BB 00 00 00 00 
"
"2016-11-21 14:28:44ID: BB  Data: 00 00 00 BB 00 00 00 00 
"
"2016-11-21 14:28:44ID: BC  Data: 00 00 00 BB 00 00 00 00 
"
"2016-11-21 14:28:44ID: BB  Data: 00 00 00 BB 00 00 00 00 
"
"2016-11-21 14:28:44ID: BC  Data: 00 00 00 BB 00 00 00 00 
"
"2016-11-21 14:28:44ID: BB  Data: 00 00 00 BB 00 00 00 00 
"
"2016-11-21 14:28:44ID: BC  Data: 00 00 00 BB 00 00 00 00 
"
"2016-11-21 14:28:44ID: BB  Data: 00 00 00 BB 00 00 00 00 
"
"2016-11-21 14:28:44ID: BC  Data: 00 00 00 BB 00 00 00 00 
"
"2016-11-21 14:28:44ID: BB  Data: 00 00 00 BB 00 00 00 00 
"
"2016-11-21 14:28:44ID: BC  Data: 00 00 00 BB 00 00 00 00 
"
"2016-11-21 14:28:44ID: BB  Data: 00 00 00 BB 00 00 00 00 
"
"2016-11-21 14:28:44ID: BC  Data: 00 00 00 BB 00 00 00 00 
"
"2016-11-21 14:28:45ID: BB  Data: 00 00 00 BB 00 00 00 00 
"
"2016-11-21 14:28:45ID: BC  Data: 00 00 00 BB 00 00 00 00 
"
"2016-11-21 14:28:45ID: BB  Data: 00 00 00 BB 00 00 00 00 
"
"2016-11-21 14:28:45ID: BC  Data: 00 00 00 BB 00 00 00 00 
"
"2016-11-21 14:28:45ID: BB  Data: 00 00 00 BB 00 00 00 00 
"
"2016-11-21 14:28:45ID: BC  Data: 00 00 00 BB 00 00 00 00 
"
"2016-11-21 14:28:45ID: BB  Data: 00 00 00 BB 00 00 00 00 
"
"2016-11-21 14:28:45ID: BC  Data: 00 00 00 BB 00 00 00 00 
"
"2016-11-21 14:28:45ID: BB  Data: 00 00 00 BB 00 00 00 00 
"
"2016-11-21 14:28:45ID: BC  Data: 00 00 00 BB 00 00 00 00 
"
"2016-11-21 14:28:45ID: BB  Data: 00 00 00 BB 00 00 00 00 
"
"2016-11-21 14:28:45ID: BC  Data: 00 00 00 BB 00 00 00 00 
"
"2016-11-21 14:28:45ID: BB  Data: 00 00 00 BB 00 00 00 00 
"
"2016-11-21 14:28:45ID: BC  Data: 00 00 00 BB 00 00 00 00 
"
"2016-11-21 14:28:45ID: BB  Data: 00 00 00 BB 00 00 00 00 
"
"2016-11-21 14:28:45ID: BC  Data: 00 00 00 BB 00 00 00 00 
"
"2016-11-21 14:28:45ID: BB  Data: 00 00 00 BB 00 00 00 00 
"
"2016-11-21 14:28:45ID: BC  Data: 00 00 00 BB 00 00 00 00 
"
"2016-11-21 14:28:45ID: BB  Data: 00 00 00 BB 00 00 00 00 
"
"2016-11-21 14:28:45ID: BC  Data: 00 00 00 BB 00 00 00 00 
"
"2016-11-21 14:28:45ID: BB  Data: 00 00 00 BB 00 00 00 00 
"
"2016-11-21 14:28:45ID: BC  Data: 00 00 00 BB 00 00 00 00 
"
"2016-11-21 14:28:46ID: BB  Data: 00 00 00 BB 00 00 00 00 
"
"2016-11-21 14:28:46ID: BC  Data: 00 00 00 BB 00 00 00 00 
"
"2016-11-21 14:28:46ID: BB  Data: 00 00 00 BB 00 00 00 00 
"
"2016-11-21 14:28:46ID: BC  Data: 00 00 00 BB 00 00 00 00 
"
"2016-11-21 14:28:46ID: BB  Data: 00 00 00 BB 00 00 00 00 
"
"2016-11-21 14:28:46ID: BC  Data: 00 00 00 BB 00 00 00 00 
"
"2016-11-21 14:28:46ID: BB  Data: 00 00 00 BB 00 00 00 00 
"
"2016-11-21 14:28:46ID: BC  Data: 00 00 00 BB 00 00 00 00 
"
"2016-11-21 14:28:46ID: BB  Data: 00 00 00 BB 00 00 00 00 
"
"2016-11-21 14:28:46ID: BC  Data: 00 00 00 BB 00 00 00 00 
"
"2016-11-21 14:28:46ID: BB  Data: 00 00 00 BB 00 00 00 00 
"
"2016-11-21 14:28:46ID: BC  Data: 00 00 00 BB 00 00 00 00 
"
"2016-11-21 14:28:46ID: BB  Data: 00 00 00 BB 00 00 00 00 
"
"2016-11-21 14:28:46ID: BC  Data: 00 00 00 BB 00 00 00 00 
"
"2016-11-21 14:28:46ID: BB  Data: 00 00 00 BB 00 00 00 00 
"
"2016-11-21 14:28:46ID: BC  Data: 00 00 00 BB 00 00 00 00 
"
"2016-11-21 14:28:46ID: BB  Data: 00 00 00 BB 00 00 00 00 
"
"2016-11-21 14:28:46ID: BC  Data: 00 00 00 BB 00 00 00 00 
"
"2016-11-21 14:28:46ID: BB  Data: 00 00 00 BB 00 00 00 00 
"
"2016-11-21 14:28:46ID: BC  Data: 00 00 00 BB 00 00 00 00 
"
"2016-11-21 14:28:46ID: BB  Data: 00 00 00 BB 00 00 00 00 
"
"2016-11-21 14:28:46ID: BC  Data: 00 00 00 BB 00 00 00 00 
"
"2016-11-21 14:28:46ID: BB  Data: 00 00 00 BB 00 00 00 00 
"
"2016-11-21 14:28:46ID: BC  Data: 00 00 00 BB 00 00 00 00 
"
"2016-11-21 14:28:47ID: BB  Data: 00 00 00 BB 00 00 00 00 
"
"2016-11-21 14:28:47ID: BC  Data: 00 00 00 BB 00 00 00 00 
"
"2016-11-21 14:28:47ID: BB  Data: 00 00 00 BB 00 00 00 00 
"
"2016-11-21 14:28:47ID: BC  Data: 00 00 00 BB 00 00 00 00 
"
"2016-11-21 14:28:47ID: BB  Data: 00 00 00 BB 00 00 00 00 
"
"2016-11-21 14:28:47ID: BC  Data: 00 00 00 BB 00 00 00 00 
"
"2016-11-21 14:28:47ID: BB  Data: 00 00 00 BB 00 00 00 00 
"
"2016-11-21 14:28:47ID: BC  Data: 00 00 00 BB 00 00 00 00 
"
"2016-11-21 14:28:47ID: AA  Data: AA AA 00 00 00 00 00 00 
"
"2016-11-21 14:28:47ID: BB  Data: 00 00 00 AA 00 00 00 00 
"
"2016-11-21 14:28:47ID: BC  Data: 00 00 00 AA 00 00 00 00 
"
"2016-11-21 14:28:47ID: BB  Data: 00 00 00 AA 00 00 00 00 
"
"2016-11-21 14:28:47ID: BC  Data: 00 00 00 AA 00 00 00 00 
"
"2016-11-21 14:28:47ID: BB  Data: 00 00 00 AA 00 00 00 00 
"
"2016-11-21 14:28:47ID: BC  Data: 00 00 00 AA 00 00 00 00 
"
"2016-11-21 14:28:47ID: BB  Data: 00 00 00 AA 00 00 00 00 
"
"2016-11-21 14:28:47ID: BC  Data: 00 00 00 AA 00 00 00 00 
"
"2016-11-21 14:28:47ID: BB  Data: 00 00 00 AA 00 00 00 00 
"
"2016-11-21 14:28:47ID: BC  Data: 00 00 00 AA 00 00 00 00 
"
"2016-11-21 14:28:47ID: BB  Data: 00 00 00 AA 00 00 00 00 
"
"2016-11-21 14:28:47ID: BC  Data: 00 00 00 AA 00 00 00 00 
"
"2016-11-21 14:28:47ID: BB  Data: 00 00 00 AA 00 00 00 00 
"
"2016-11-21 14:28:47ID: BC  Data: 00 00 00 AA 00 00 00 00 
"
"2016-11-21 14:28:48ID: BB  Data: 00 00 00 AA 00 00 00 00 
"
"2016-11-21 14:28:48ID: BC  Data: 00 00 00 AA 00 00 00 00 
"
"2016-11-21 14:28:48ID: BB  Data: 00 00 00 AA 00 00 00 00 
"
"2016-11-21 14:28:48ID: BC  Data: 00 00 00 AA 00 00 00 00 
"
"2016-11-21 14:28:48ID: BB  Data: 00 00 00 AA 00 00 00 00 
"
"2016-11-21 14:28:48ID: BC  Data: 00 00 00 AA 00 00 00 00 
"
"2016-11-21 14:28:48ID: BB  Data: 00 00 00 AA 00 00 00 00 
"
"2016-11-21 14:28:48ID: BC  Data: 00 00 00 AA 00 00 00 00 
"
"2016-11-21 14:28:48ID: BB  Data: 00 00 00 AA 00 00 00 00 
"
"2016-11-21 14:28:48ID: BC  Data: 00 00 00 AA 00 00 00 00 
"
"2016-11-21 14:28:48ID: BB  Data: 00 00 00 AA 00 00 00 00 
"
"2016-11-21 14:28:48ID: BC  Data: 00 00 00 AA 00 00 00 00 
"
"2016-11-21 14:28:48ID: BB  Data: 00 00 00 AA 00 00 00 00 
"
"2016-11-21 14:28:48ID: BC  Data: 00 00 00 AA 00 00 00 00 
"
"2016-11-21 14:28:48ID: BB  Data: 00 00 00 AA 00 00 00 00 
"
"2016-11-21 14:28:48ID: BC  Data: 00 00 00 AA 00 00 00 00 
"
"2016-11-21 14:28:48ID: BB  Data: 00 00 00 AA 00 00 00 00 
"
"2016-11-21 14:28:48ID: BC  Data: 00 00 00 AA 00 00 00 00 
"
"2016-11-21 14:28:48ID: BB  Data: 00 00 00 AA 00 00 00 00 
"
"2016-11-21 14:28:48ID: BC  Data: 00 00 00 AA 00 00 00 00 
"
"2016-11-21 14:28:48ID: BB  Data: 00 00 00 AA 00 00 00 00 
"
"2016-11-21 14:28:48ID: BC  Data: 00 00 00 AA 00 00 00 00 
"
"2016-11-21 14:28:49ID: BB  Data: 00 00 00 AA 00 00 00 00 
"
"2016-11-21 14:28:49ID: BC  Data: 00 00 00 AA 00 00 00 00 
"
"2016-11-21 14:28:49ID: BB  Data: 00 00 00 AA 00 00 00 00 
"
"2016-11-21 14:28:49ID: BC  Data: 00 00 00 AA 00 00 00 00 
"
"2016-11-21 14:28:49ID: BB  Data: 00 00 00 AA 00 00 00 00 
"
"2016-11-21 14:28:49ID: BC  Data: 00 00 00 AA 00 00 00 00 
"
"2016-11-21 14:28:49ID: BB  Data: 00 00 00 AA 00 00 00 00 
"
"2016-11-21 14:28:49ID: BC  Data: 00 00 00 AA 00 00 00 00 
"
"2016-11-21 14:28:49ID: BB  Data: 00 00 00 AA 00 00 00 00 
"
"2016-11-21 14:28:49ID: BC  Data: 00 00 00 AA 00 00 00 00 
"
"2016-11-21 14:28:49ID: BB  Data: 00 00 00 AA 00 00 00 00 
"
"2016-11-21 14:28:49ID: BC  Data: 00 00 00 AA 00 00 00 00 
"
"2016-11-21 14:28:49ID: BB  Data: 00 00 00 AA 00 00 00 00 
"
"2016-11-21 14:28:49ID: BC  Data: 00 00 00 AA 00 00 00 00 
"
"2016-11-21 14:28:49ID: BB  Data: 00 00 00 AA 00 00 00 00 
"
"2016-11-21 14:28:49ID: BC  Data: 00 00 00 AA 00 00 00 00 
"
"2016-11-21 14:28:49ID: BB  Data: 00 00 00 AA 00 00 00 00 
"
"2016-11-21 14:28:49ID: BC  Data: 00 00 00 AA 00 00 00 00 
"
"2016-11-21 14:28:49ID: BB  Data: 00 00 00 AA 00 00 00 00 
"
"2016-11-21 14:28:49ID: BC  Data: 00 00 00 AA 00 00 00 00 
"
"2016-11-21 14:28:49ID: BB  Data: 00 00 00 AA 00 00 00 00 
"
"2016-11-21 14:28:49ID: BC  Data: 00 00 00 AA 00 00 00 00 
"
"2016-11-21 14:28:49ID: BB  Data: 00 00 00 AA 00 00 00 00 
"
"2016-11-21 14:28:49ID: BC  Data: 00 00 00 AA 00 00 00 00 
"
"2016-11-21 14:28:50ID: BB  Data: 00 00 00 AA 00 00 00 00 
"
"2016-11-21 14:28:50ID: BC  Data: 00 00 00 AA 00 00 00 00 
"
"2016-11-21 14:28:50ID: AA  Data: AA CC 00 00 00 00 00 00 
"
"2016-11-21 14:28:50ID: BB  Data: 00 00 00 AA 00 00 00 00 
"
"2016-11-21 14:28:50ID: BC  Data: 00 00 00 AA 00 00 00 00 
"
"2016-11-21 14:28:50ID: BB  Data: 00 00 00 AA 00 00 00 00 
"
"2016-11-21 14:28:50ID: BC  Data: 00 00 00 AA 00 00 00 00 
"
"2016-11-21 14:28:50ID: BB  Data: 00 00 00 AA 00 00 00 00 
"
"2016-11-21 14:28:50ID: BC  Data: 00 00 00 AA 00 00 00 00 
"
"2016-11-21 14:28:50ID: BB  Data: 00 00 00 AA 00 00 00 00 
"
"2016-11-21 14:28:50ID: BC  Data: 00 00 00 AA 00 00 00 00 
"
"2016-11-21 14:28:50ID: BB  Data: 00 00 00 AA 00 00 00 00 
"
"2016-11-21 14:28:50ID: BC  Data: 00 00 00 AA 00 00 00 00 
"
"2016-11-21 14:28:50ID: BB  Data: 00 00 00 AA 00 00 00 00 
"
"2016-11-21 14:28:50ID: BC  Data: 00 00 00 AA 00 00 00 00 
"
"2016-11-21 14:28:50ID: BB  Data: 00 00 00 AA 00 00 00 00 
"
"2016-11-21 14:28:50ID: BC  Data: 00 00 00 AA 00 00 00 00 
"
"2016-11-21 14:28:50ID: BB  Data: 00 00 00 AA 00 00 00 00 
"
"2016-11-21 14:28:50ID: BC  Data: 00 00 00 AA 00 00 00 00 
"
"2016-11-21 14:28:50ID: BB  Data: 00 00 00 AA 00 00 00 00 
"
"2016-11-21 14:28:50ID: BC  Data: 00 00 00 AA 00 00 00 00 
"
"2016-11-21 14:28:50ID: BB  Data: 00 00 00 AA 00 00 00 00 
"
"2016-11-21 14:28:50ID: BC  Data: 00 00 00 AA 00 00 00 00 
"
"2016-11-21 14:28:51ID: BB  Data: 00 00 00 AA 00 00 00 00 
"
"2016-11-21 14:28:51ID: BC  Data: 00 00 00 AA 00 00 00 00 
"
"2016-11-21 14:28:51ID: BB  Data: 00 00 00 AA 00 00 00 00 
"
"2016-11-21 14:28:51ID: BC  Data: 00 00 00 AA 00 00 00 00 
"
"2016-11-21 14:28:51ID: BB  Data: 00 00 00 AA 00 00 00 00 
"
"2016-11-21 14:28:51ID: BC  Data: 00 00 00 AA 00 00 00 00 
"
"2016-11-21 14:28:51ID: BB  Data: 00 00 00 AA 00 00 00 00 
"
"2016-11-21 14:28:51ID: BC  Data: 00 00 00 AA 00 00 00 00 
"
"2016-11-21 14:28:51ID: BB  Data: 00 00 00 AA 00 00 00 00 
"
"2016-11-21 14:28:51ID: BC  Data: 00 00 00 AA 00 00 00 00 
"
"2016-11-21 14:28:51ID: BB  Data: 00 00 00 AA 00 00 00 00 
"
"2016-11-21 14:28:51ID: BC  Data: 00 00 00 AA 00 00 00 00 
"
"2016-11-21 14:28:51ID: BB  Data: 00 00 00 AA 00 00 00 00 
"
"2016-11-21 14:28:51ID: BC  Data: 00 00 00 AA 00 00 00 00 
"
"2016-11-21 14:28:51ID: BB  Data: 00 00 00 AA 00 00 00 00 
"
"2016-11-21 14:28:51ID: BC  Data: 00 00 00 AA 00 00 00 00 
"
"2016-11-21 14:28:51ID: BB  Data: 00 00 00 AA 00 00 00 00 
"
"2016-11-21 14:28:51ID: BC  Data: 00 00 00 AA 00 00 00 00 
"
"2016-11-21 14:28:51ID: BB  Data: 00 00 00 AA 00 00 00 00 
"
"2016-11-21 14:28:51ID: BC  Data: 00 00 00 AA 00 00 00 00 
"
"2016-11-21 14:28:51ID: BB  Data: 00 00 00 AA 00 00 00 00 
"
"2016-11-21 14:28:51ID: BC  Data: 00 00 00 AA 00 00 00 00 
"
"2016-11-21 14:28:51ID: BB  Data: 00 00 00 AA 00 00 00 00 
"
"2016-11-21 14:28:52ID: BC  Data: 00 00 00 AA 00 00 00 00 
"
"2016-11-21 14:28:52ID: BB  Data: 00 00 00 AA FE 0D E8 B0 
"
"2016-11-21 14:28:52ID: BC  Data: 00 00 00 AA 01 F2 17 50 
"
"2016-11-21 14:28:52ID: BB  Data: 00 00 00 AA FB E0 0C 05 
"
"2016-11-21 14:28:52ID: BC  Data: 00 00 00 AA 04 1F F3 FB 
"
"2016-11-21 14:28:52ID: BB  Data: 00 00 00 AA F9 CC 7F CD 
"
"2016-11-21 14:28:52ID: BC  Data: 00 00 00 AA 06 33 80 33 
"
"2016-11-21 14:28:52ID: BB  Data: 00 00 00 AA F8 95 FD BB 
"
"2016-11-21 14:28:52ID: BC  Data: 00 00 00 AA 07 6A 02 45 
"
"2016-11-21 14:28:52ID: BB  Data: 00 00 00 AA F8 62 AD A8 
"
"2016-11-21 14:28:52ID: BC  Data: 00 00 00 AA 07 9D 52 58 
"
"2016-11-21 14:28:52ID: BB  Data: 00 00 00 AA F8 7C FE 1B 
"
"2016-11-21 14:28:52ID: BC  Data: 00 00 00 AA 07 83 01 E5 
"
"2016-11-21 14:28:52ID: BB  Data: 00 00 00 AA F8 FC 9D DF 
"
"2016-11-21 14:28:52ID: BC  Data: 00 00 00 AA 07 03 62 21 
"
"2016-11-21 14:28:52ID: BB  Data: 00 00 00 AA FB D6 D6 44 
"
"2016-11-21 14:28:52ID: BC  Data: 00 00 00 AA 04 29 29 BC 
"
"2016-11-21 14:28:52ID: BB  Data: 00 00 00 AA 00 00 00 00 
"
"2016-11-21 14:28:52ID: BC  Data: 00 00 00 AA 00 00 00 00 
"
"2016-11-21 14:28:52ID: BB  Data: 00 00 00 AA 00 00 00 00 
"
"2016-11-21 14:28:52ID: BC  Data: 00 00 00 AA 00 00 00 00 
"
"2016-11-21 14:28:52ID: BB  Data: 00 00 00 AA 00 00 00 00 
"
"2016-11-21 14:28:52ID: BC  Data: 00 00 00 AA 00 00 00 00 
"
"2016-11-21 14:28:53ID: BB  Data: 00 00 00 AA 00 00 00 00 
"
"2016-11-21 14:28:53ID: BC  Data: 00 00 00 AA 00 00 00 00 
"
"2016-11-21 14:28:53ID: BB  Data: 00 00 00 AA 00 00 00 00 
"
"2016-11-21 14:28:53ID: BC  Data: 00 00 00 AA 00 00 00 00 
"
"2016-11-21 14:28:53ID: BB  Data: 00 00 00 AA 00 00 00 00 
"
"2016-11-21 14:28:53ID: BC  Data: 00 00 00 AA 00 00 00 00 
"
"2016-11-21 14:28:53ID: BB  Data: 00 00 00 AA 00 00 00 00 
"
"2016-11-21 14:28:53ID: BC  Data: 00 00 00 AA 00 00 00 00 
"
"2016-11-21 14:28:53ID: BB  Data: 00 00 00 AA 00 00 00 00 
"
"2016-11-21 14:28:53ID: BC  Data: 00 00 00 AA 00 00 00 00 
"
"2016-11-21 14:28:53ID: BB  Data: 00 00 00 AA 00 00 00 00 
"
"2016-11-21 14:28:53ID: BC  Data: 00 00 00 AA 00 00 00 00 
"
"2016-11-21 14:28:53ID: BB  Data: 00 00 00 AA 00 00 00 00 
"
"2016-11-21 14:28:53ID: BC  Data: 00 00 00 AA 00 00 00 00 
"
"2016-11-21 14:28:53ID: BB  Data: 00 00 00 AA 00 00 00 00 
"
"2016-11-21 14:28:53ID: BC  Data: 00 00 00 AA 00 00 00 00 
"
"2016-11-21 14:28:53ID: BB  Data: 00 00 00 AA 00 00 00 00 
"
"2016-11-21 14:28:53ID: BC  Data: 00 00 00 AA 00 00 00 00 
"
"2016-11-21 14:28:53ID: BB  Data: 00 00 00 AA 00 00 00 00 
"
"2016-11-21 14:28:53ID: BC  Data: 00 00 00 AA 00 00 00 00 
"
"2016-11-21 14:28:53ID: BB  Data: 00 00 00 AA 00 00 00 00 
"
"2016-11-21 14:28:53ID: BC  Data: 00 00 00 AA 00 00 00 00 
"
"2016-11-21 14:28:54ID: BB  Data: 00 00 00 AA 00 00 00 00 
"
"2016-11-21 14:28:54ID: BC  Data: 00 00 00 AA 00 00 00 00 
"
"2016-11-21 14:28:54ID: BB  Data: 00 00 00 AA 00 00 00 00 
"
"2016-11-21 14:28:54ID: BC  Data: 00 00 00 AA 00 00 00 00 
"
"2016-11-21 14:28:54ID: BB  Data: 00 00 00 AA 00 00 00 00 
"
"2016-11-21 14:28:54ID: BC  Data: 00 00 00 AA 00 00 00 00 
"
"2016-11-21 14:28:54ID: BB  Data: 00 00 00 AA 00 00 00 00 
"
"2016-11-21 14:28:54ID: BC  Data: 00 00 00 AA 00 00 00 00 
"
"2016-11-21 14:28:54ID: BB  Data: 00 00 00 AA FE 08 A5 66 
"
"2016-11-21 14:28:54ID: BC  Data: 00 00 00 AA 01 F7 5A 9A 
"
"2016-11-21 14:28:54ID: BB  Data: 00 00 00 AA FC C3 AA 49 
"
"2016-11-21 14:28:54ID: BC  Data: 00 00 00 AA 03 3C 55 B7 
"
"2016-11-21 14:28:54ID: BB  Data: 00 00 00 AA FA EF 45 89 
"
"2016-11-21 14:28:54ID: BC  Data: 00 00 00 AA 05 10 BA 77 
"
"2016-11-21 14:28:54ID: BB  Data: 00 00 00 AA F9 53 74 25 
"
"2016-11-21 14:28:54ID: BC  Data: 00 00 00 AA 06 AC 8B DB 
"
"2016-11-21 14:28:54ID: BB  Data: 00 00 00 AA F9 2B FB 79 
"
"2016-11-21 14:28:54ID: BC  Data: 00 00 00 AA 06 D4 04 87 
"
"2016-11-21 14:28:54ID: BB  Data: 00 00 00 AA F9 04 82 CE 
"
"2016-11-21 14:28:54ID: BC  Data: 00 00 00 AA 06 FB 7D 32 
"
"2016-11-21 14:28:54ID: BB  Data: 00 00 00 AA F8 F9 FC 3A 
"
"2016-11-21 14:28:54ID: BC  Data: 00 00 00 AA 07 06 03 C6 
"
"2016-11-21 14:28:54ID: BB  Data: 00 00 00 AA F9 05 D3 A0 
"
"2016-11-21 14:28:54ID: BC  Data: 00 00 00 AA 06 FA 2C 60 
"
"2016-11-21 14:28:55ID: BB  Data: 00 00 00 AA F9 18 3F 24 
"
"2016-11-21 14:28:55ID: BC  Data: 00 00 00 AA 06 E7 C0 DC 
"
"2016-11-21 14:28:55ID: BB  Data: 00 00 00 AA F9 19 8F F6 
"
"2016-11-21 14:28:55ID: BC  Data: 00 00 00 AA 06 E6 70 0A 
"
"2016-11-21 14:28:55ID: BB  Data: 00 00 00 AA F9 20 24 13 
"
"2016-11-21 14:28:55ID: BC  Data: 00 00 00 AA 06 DF DB ED 
"
"2016-11-21 14:28:55ID: BB  Data: 00 00 00 AA F9 32 8F 96 
"
"2016-11-21 14:28:55ID: BC  Data: 00 00 00 AA 06 CD 70 6A 
"
"2016-11-21 14:28:55ID: BB  Data: 00 00 00 AA F9 3D 16 2A 
"
"2016-11-21 14:28:55ID: BC  Data: 00 00 00 AA 06 C2 E9 D6 
"
"2016-11-21 14:28:55ID: BB  Data: 00 00 00 AA F9 65 DF A8 
"
"2016-11-21 14:28:55ID: BC  Data: 00 00 00 AA 06 9A 20 58 
"
"2016-11-21 14:28:55ID: BB  Data: 00 00 00 AA F9 67 30 7B 
"
"2016-11-21 14:28:55ID: BC  Data: 00 00 00 AA 06 98 CF 85 
"
"2016-11-21 14:28:55ID: BB  Data: 00 00 00 AA F9 6D C4 97 
"
"2016-11-21 14:28:55ID: BC  Data: 00 00 00 AA 06 92 3B 69 
"
"2016-11-21 14:28:55ID: BB  Data: 00 00 00 AA F9 84 22 92 
"
"2016-11-21 14:28:55ID: BC  Data: 00 00 00 AA 06 7B DD 6E 
"
"2016-11-21 14:28:55ID: BB  Data: 00 00 00 AA F9 92 9B 9E 
"
"2016-11-21 14:28:55ID: BC  Data: 00 00 00 AA 06 6D 64 62 
"
"2016-11-21 14:28:55ID: BB  Data: 00 00 00 AA F9 A1 14 A9 
"
"2016-11-21 14:28:55ID: BC  Data: 00 00 00 AA 06 5E EB 57 
"
"2016-11-21 14:28:56ID: BB  Data: 00 00 00 AA F9 AE 3C E3 
"
"2016-11-21 14:28:56ID: BC  Data: 00 00 00 AA 06 51 C3 1D 
"
"2016-11-21 14:28:56ID: BB  Data: 00 00 00 AA F9 B3 80 2D 
"
"2016-11-21 14:28:56ID: BC  Data: 00 00 00 AA 06 4C 7F D3 
"
"2016-11-21 14:28:56ID: BB  Data: 00 00 00 AA F9 BB 65 1C 
"
"2016-11-21 14:28:56ID: BC  Data: 00 00 00 AA 06 44 9A E4 
"
"2016-11-21 14:28:56ID: BB  Data: 00 00 00 AA F9 B8 C3 77 
"
"2016-11-21 14:28:56ID: BC  Data: 00 00 00 AA 06 47 3C 89 
"
"2016-11-21 14:28:56ID: BB  Data: 00 00 00 AA F9 BA 14 49 
"
"2016-11-21 14:28:56ID: BC  Data: 00 00 00 AA 06 45 EB B7 
"
"2016-11-21 14:28:56ID: BB  Data: 00 00 00 AA F9 AB 9B 3E 
"
"2016-11-21 14:28:56ID: BC  Data: 00 00 00 AA 06 54 64 C2 
"
"2016-11-21 14:28:56ID: BB  Data: 00 00 00 AA F9 A7 A8 C6 
"
"2016-11-21 14:28:56ID: BC  Data: 00 00 00 AA 06 58 57 3A 
"
"2016-11-21 14:28:56ID: BB  Data: 00 00 00 AA F9 95 3D 43 
"
"2016-11-21 14:28:56ID: BC  Data: 00 00 00 AA 06 6A C2 BD 
"
"2016-11-21 14:28:56ID: BB  Data: 00 00 00 AA F9 8E A9 26 
"
"2016-11-21 14:28:56ID: BC  Data: 00 00 00 AA 06 71 56 DA 
"
"2016-11-21 14:28:56ID: BB  Data: 00 00 00 AA F9 8E A9 26 
"
"2016-11-21 14:28:56ID: BC  Data: 00 00 00 AA 06 71 56 DA 
"
"2016-11-21 14:28:56ID: BB  Data: 00 00 00 AA F9 92 9B 9E 
"
"2016-11-21 14:28:56ID: BC  Data: 00 00 00 AA 06 6D 64 62 
"
"2016-11-21 14:28:57ID: BB  Data: 00 00 00 AA F9 8E A9 26 
"
"2016-11-21 14:28:57ID: BC  Data: 00 00 00 AA 06 71 56 DA 
"
"2016-11-21 14:28:57ID: BB  Data: 00 00 00 AA F9 8D 58 54 
"
"2016-11-21 14:28:57ID: BC  Data: 00 00 00 AA 06 72 A7 AC 
"
"2016-11-21 14:28:57ID: BB  Data: 00 00 00 AA F9 91 4A CB 
"
"2016-11-21 14:28:57ID: BC  Data: 00 00 00 AA 06 6E B5 35 
"
"2016-11-21 14:28:57ID: BB  Data: 00 00 00 AA F9 93 EC 70 
"
"2016-11-21 14:28:57ID: BC  Data: 00 00 00 AA 06 6C 13 90 
"
"2016-11-21 14:28:57ID: BB  Data: 00 00 00 AA F9 93 EC 70 
"
"2016-11-21 14:28:57ID: BC  Data: 00 00 00 AA 06 6C 13 90 
"
"2016-11-21 14:28:57ID: BB  Data: 00 00 00 AA F9 95 3D 43 
"
"2016-11-21 14:28:57ID: BC  Data: 00 00 00 AA 06 6A C2 BD 
"
"2016-11-21 14:28:57ID: BB  Data: 00 00 00 AA F9 95 3D 43 
"
"2016-11-21 14:28:57ID: BC  Data: 00 00 00 AA 06 6A C2 BD 
"
"2016-11-21 14:28:57ID: BB  Data: 00 00 00 AA F9 97 DE E8 
"
"2016-11-21 14:28:57ID: BC  Data: 00 00 00 AA 06 68 21 18 
"
"2016-11-21 14:28:57ID: BB  Data: 00 00 00 AA F9 A1 14 A9 
"
"2016-11-21 14:28:57ID: BC  Data: 00 00 00 AA 06 5E EB 57 
"
"2016-11-21 14:28:57ID: BB  Data: 00 00 00 AA F9 A5 07 21 
"
"2016-11-21 14:28:57ID: BC  Data: 00 00 00 AA 06 5A F8 DF 
"
"2016-11-21 14:28:57ID: BB  Data: 00 00 00 AA F9 AB 9B 3E 
"
"2016-11-21 14:28:57ID: BC  Data: 00 00 00 AA 06 54 64 C2 
"
"2016-11-21 14:28:57ID: BB  Data: 00 00 00 AA F9 B8 C3 77 
"
"2016-11-21 14:28:57ID: BC  Data: 00 00 00 AA 06 47 3C 89 
"
"2016-11-21 14:28:58ID: BB  Data: 00 00 00 AA F9 BE 06 C1 
"
"2016-11-21 14:28:58ID: BC  Data: 00 00 00 AA 06 41 F9 3F 
"
"2016-11-21 14:28:58ID: BB  Data: 00 00 00 AA F9 CB 2E FA 
"
"2016-11-21 14:28:58ID: BC  Data: 00 00 00 AA 06 34 D1 06 
"
"2016-11-21 14:28:58ID: BB  Data: 00 00 00 AA F9 E1 8C F5 
"
"2016-11-21 14:28:58ID: BC  Data: 00 00 00 AA 06 1E 73 0B 
"
"2016-11-21 14:28:58ID: BB  Data: 00 00 00 AA FA 07 B4 CE 
"
"2016-11-21 14:28:58ID: BC  Data: 00 00 00 AA 05 F8 4B 32 
"
"2016-11-21 14:28:58ID: BB  Data: 00 00 00 AA FA 41 98 FD 
"
"2016-11-21 14:28:58ID: BC  Data: 00 00 00 AA 05 BE 67 03 
"
"2016-11-21 14:28:58ID: BB  Data: 00 00 00 AA FA 78 DB 86 
"
"2016-11-21 14:28:58ID: BC  Data: 00 00 00 AA 05 87 24 7A 
"
"2016-11-21 14:28:58ID: BB  Data: 00 00 00 AA FA 9D B2 8D 
"
"2016-11-21 14:28:58ID: BC  Data: 00 00 00 AA 05 62 4D 73 
"
"2016-11-21 14:28:58ID: BB  Data: 00 00 00 AA FA D4 F5 16 
"
"2016-11-21 14:28:58ID: BC  Data: 00 00 00 AA 05 2B 0A EA 
"
"2016-11-21 14:28:58ID: BB  Data: 00 00 00 AA FB 1E A3 23 
"
"2016-11-21 14:28:58ID: BC  Data: 00 00 00 AA 04 E1 5C DD 
"
"2016-11-21 14:28:58ID: BB  Data: 00 00 00 AA FB BB 34 FF 
"
"2016-11-21 14:28:58ID: BC  Data: 00 00 00 AA 04 44 CB 01 
"
"2016-11-21 14:28:58ID: BB  Data: 00 00 00 AA FC 87 24 75 
"
"2016-11-21 14:28:58ID: BC  Data: 00 00 00 AA 03 78 DB 8B 
"
"2016-11-21 14:28:59ID: BB  Data: 00 00 00 AA FD 97 7E AE 
"
"2016-11-21 14:28:59ID: BC  Data: 00 00 00 AA 02 68 81 52 
"
"2016-11-21 14:28:59ID: BB  Data: 00 00 00 AA FE 08 A5 66 
"
"2016-11-21 14:28:59ID: BC  Data: 00 00 00 AA 01 F7 5A 9A 
"
"2016-11-21 14:28:59ID: BB  Data: 00 00 00 AA 00 00 00 00 
"
"2016-11-21 14:28:59ID: BC  Data: 00 00 00 AA 00 00 00 00 
"
"2016-11-21 14:28:59ID: BB  Data: 00 00 00 AA 00 00 00 00 
"
"2016-11-21 14:28:59ID: BC  Data: 00 00 00 AA 00 00 00 00 
"
"2016-11-21 14:28:59ID: BB  Data: 00 00 00 AA 00 00 00 00 
"
"2016-11-21 14:28:59ID: BC  Data: 00 00 00 AA 00 00 00 00 
"
"2016-11-21 14:28:59ID: BB  Data: 00 00 00 AA 00 00 00 00 
"
"2016-11-21 14:28:59ID: BC  Data: 00 00 00 AA 00 00 00 00 
"
"2016-11-21 14:28:59ID: BB  Data: 00 00 00 AA 00 00 00 00 
"
"2016-11-21 14:28:59ID: BC  Data: 00 00 00 AA 00 00 00 00 
"
"2016-11-21 14:28:59ID: BB  Data: 00 00 00 AA 00 00 00 00 
"
"2016-11-21 14:28:59ID: BC  Data: 00 00 00 AA 00 00 00 00 
"
"2016-11-21 14:28:59ID: BB  Data: 00 00 00 AA 00 00 00 00 
"
"2016-11-21 14:28:59ID: BC  Data: 00 00 00 AA 00 00 00 00 
"
"2016-11-21 14:28:59ID: BB  Data: 00 00 00 AA 00 00 00 00 
"
"2016-11-21 14:28:59ID: BC  Data: 00 00 00 AA 00 00 00 00 
"
"2016-11-21 14:28:59ID: BB  Data: 00 00 00 AA 00 00 00 00 
"
"2016-11-21 14:28:59ID: BC  Data: 00 00 00 AA 00 00 00 00 
"
"2016-11-21 14:28:59ID: BB  Data: 00 00 00 AA 00 00 00 00 
"
"2016-11-21 14:29:00ID: BC  Data: 00 00 00 AA 00 00 00 00 
"
"2016-11-21 14:29:00ID: BB  Data: 00 00 00 AA 00 00 00 00 
"
"2016-11-21 14:29:00ID: BC  Data: 00 00 00 AA 00 00 00 00 
"
"2016-11-21 14:29:00ID: BB  Data: 00 00 00 AA 00 00 00 00 
"
"2016-11-21 14:29:00ID: BC  Data: 00 00 00 AA 00 00 00 00 
"
"2016-11-21 14:29:00ID: BB  Data: 00 00 00 AA 00 00 00 00 
"
"2016-11-21 14:29:00ID: BC  Data: 00 00 00 AA 00 00 00 00 
"
"2016-11-21 14:29:00ID: BB  Data: 00 00 00 AA 00 00 00 00 
"
"2016-11-21 14:29:00ID: BC  Data: 00 00 00 AA 00 00 00 00 
"
"2016-11-21 14:29:00ID: BB  Data: 00 00 00 AA 00 00 00 00 
"
"2016-11-21 14:29:00ID: BC  Data: 00 00 00 AA 00 00 00 00 
"
"2016-11-21 14:29:00ID: BB  Data: 00 00 00 AA 00 00 00 00 
"
"2016-11-21 14:29:00ID: BC  Data: 00 00 00 AA 00 00 00 00 
"
"2016-11-21 14:29:00ID: BB  Data: 00 00 00 AA 00 00 00 00 
"
"2016-11-21 14:29:00ID: BC  Data: 00 00 00 AA 00 00 00 00 
"
"2016-11-21 14:29:00ID: BB  Data: 00 00 00 AA 00 00 00 00 
"
"2016-11-21 14:29:00ID: BC  Data: 00 00 00 AA 00 00 00 00 
"
"2016-11-21 14:29:00ID: BB  Data: 00 00 00 AA 00 00 00 00 
"
"2016-11-21 14:29:00ID: BC  Data: 00 00 00 AA 00 00 00 00 
"
"2016-11-21 14:29:00ID: BB  Data: 00 00 00 AA 00 00 00 00 
"
"2016-11-21 14:29:00ID: BC  Data: 00 00 00 AA 00 00 00 00 
"
"2016-11-21 14:29:00ID: BB  Data: 00 00 00 AA 00 00 00 00 
"
"2016-11-21 14:29:00ID: BC  Data: 00 00 00 AA 00 00 00 00 
"
"2016-11-21 14:29:01ID: BB  Data: 00 00 00 AA 00 00 00 00 
"
"2016-11-21 14:29:01ID: BC  Data: 00 00 00 AA 00 00 00 00 
"
"2016-11-21 14:29:01ID: BB  Data: 00 00 00 AA 00 00 00 00 
"
"2016-11-21 14:29:01ID: BC  Data: 00 00 00 AA 00 00 00 00 
"
"2016-11-21 14:29:01ID: BB  Data: 00 00 00 AA 00 00 00 00 
"
"2016-11-21 14:29:01ID: BC  Data: 00 00 00 AA 00 00 00 00 
"
"2016-11-21 14:29:01ID: BB  Data: 00 00 00 AA 00 00 00 00 
"
"2016-11-21 14:29:01ID: BC  Data: 00 00 00 AA 00 00 00 00 
"
"2016-11-21 14:29:01ID: BB  Data: 00 00 00 AA 00 00 00 00 
"
"2016-11-21 14:29:01ID: BC  Data: 00 00 00 AA 00 00 00 00 
"
"2016-11-21 14:29:01ID: BB  Data: 00 00 00 AA 00 00 00 00 
"
"2016-11-21 14:29:01ID: BC  Data: 00 00 00 AA 00 00 00 00 
"
"2016-11-21 14:29:01ID: BB  Data: 00 00 00 AA 00 00 00 00 
"
"2016-11-21 14:29:01ID: BC  Data: 00 00 00 AA 00 00 00 00 
"
"2016-11-21 14:29:01ID: BB  Data: 00 00 00 AA 00 00 00 00 
"
"2016-11-21 14:29:01ID: BC  Data: 00 00 00 AA 00 00 00 00 
"
"2016-11-21 14:29:01ID: BB  Data: 00 00 00 AA 00 00 00 00 
"
"2016-11-21 14:29:01ID: BC  Data: 00 00 00 AA 00 00 00 00 
"
"2016-11-21 14:29:01ID: BB  Data: 00 00 00 AA 00 00 00 00 
"
"2016-11-21 14:29:01ID: BC  Data: 00 00 00 AA 00 00 00 00 
"
"2016-11-21 14:29:01ID: BB  Data: 00 00 00 AA 00 00 00 00 
"
"2016-11-21 14:29:01ID: BC  Data: 00 00 00 AA 00 00 00 00 
"
"2016-11-21 14:29:02ID: BB  Data: 00 00 00 AA 00 00 00 00 
"
"2016-11-21 14:29:02ID: BC  Data: 00 00 00 AA 00 00 00 00 
"
"2016-11-21 14:29:02ID: BB  Data: 00 00 00 AA 00 00 00 00 
"
"2016-11-21 14:29:02ID: BC  Data: 00 00 00 AA 00 00 00 00 
"
"2016-11-21 14:29:02ID: BB  Data: 00 00 00 AA 00 00 00 00 
"
"2016-11-21 14:29:02ID: BC  Data: 00 00 00 AA 00 00 00 00 
"
"2016-11-21 14:29:02ID: BB  Data: 00 00 00 AA 00 00 00 00 
"
"2016-11-21 14:29:02ID: BC  Data: 00 00 00 AA 00 00 00 00 
"
"2016-11-21 14:29:02ID: BB  Data: 00 00 00 AA 00 00 00 00 
"
"2016-11-21 14:29:02ID: BC  Data: 00 00 00 AA 00 00 00 00 
"
"2016-11-21 14:29:02ID: BB  Data: 00 00 00 AA 00 00 00 00 
"
"2016-11-21 14:29:02ID: BC  Data: 00 00 00 AA 00 00 00 00 
"
"2016-11-21 14:29:02ID: BB  Data: 00 00 00 AA 00 00 00 00 
"
"2016-11-21 14:29:02ID: BC  Data: 00 00 00 AA 00 00 00 00 
"
"2016-11-21 14:29:02ID: BB  Data: 00 00 00 AA 00 00 00 00 
"
"2016-11-21 14:29:02ID: BC  Data: 00 00 00 AA 00 00 00 00 
"
"2016-11-21 14:29:02ID: BB  Data: 00 00 00 AA 00 00 00 00 
"
"2016-11-21 14:29:02ID: BC  Data: 00 00 00 AA 00 00 00 00 
"
"2016-11-21 14:29:02ID: BB  Data: 00 00 00 AA 00 00 00 00 
"
"2016-11-21 14:29:02ID: BC  Data: 00 00 00 AA 00 00 00 00 
"
"2016-11-21 14:29:02ID: BB  Data: 00 00 00 AA 00 00 00 00 
"
"2016-11-21 14:29:02ID: BC  Data: 00 00 00 AA 00 00 00 00 
"
"2016-11-21 14:29:02ID: BB  Data: 00 00 00 AA 00 00 00 00 
"
"2016-11-21 14:29:02ID: BC  Data: 00 00 00 AA 00 00 00 00 
"
"2016-11-21 14:29:03ID: BB  Data: 00 00 00 AA 00 00 00 00 
"
"2016-11-21 14:29:03ID: BC  Data: 00 00 00 AA 00 00 00 00 
"
"2016-11-21 14:29:03ID: BB  Data: 00 00 00 AA 00 00 00 00 
"
"2016-11-21 14:29:03ID: BC  Data: 00 00 00 AA 00 00 00 00 
"
"2016-11-21 14:29:03ID: BB  Data: 00 00 00 AA 00 00 00 00 
"
"2016-11-21 14:29:03ID: BC  Data: 00 00 00 AA 00 00 00 00 
"
"2016-11-21 14:29:03ID: BB  Data: 00 00 00 AA 00 00 00 00 
"
"2016-11-21 14:29:03ID: BC  Data: 00 00 00 AA 00 00 00 00 
"
"2016-11-21 14:29:03ID: BB  Data: 00 00 00 AA 00 00 00 00 
"
"2016-11-21 14:29:03ID: BC  Data: 00 00 00 AA 00 00 00 00 
"
"2016-11-21 14:29:03ID: BB  Data: 00 00 00 AA 00 00 00 00 
"
"2016-11-21 14:29:03ID: BC  Data: 00 00 00 AA 00 00 00 00 
"
"2016-11-21 14:29:03ID: BB  Data: 00 00 00 AA 00 00 00 00 
"
"2016-11-21 14:29:03ID: BC  Data: 00 00 00 AA 00 00 00 00 
"
"2016-11-21 14:29:03ID: BB  Data: 00 00 00 AA 00 00 00 00 
"
"2016-11-21 14:29:03ID: BC  Data: 00 00 00 AA 00 00 00 00 
"
"2016-11-21 14:29:03ID: BB  Data: 00 00 00 AA 00 00 00 00 
"
"2016-11-21 14:29:03ID: BC  Data: 00 00 00 AA 00 00 00 00 
"
"2016-11-21 14:29:03ID: BB  Data: 00 00 00 AA 00 00 00 00 
"
"2016-11-21 14:29:03ID: BC  Data: 00 00 00 AA 00 00 00 00 
"
"2016-11-21 14:29:03ID: BB  Data: 00 00 00 AA 00 00 00 00 
"
"2016-11-21 14:29:03ID: BC  Data: 00 00 00 AA 00 00 00 00 
"
"2016-11-21 14:29:04ID: BB  Data: 00 00 00 AA 00 00 00 00 
"
"2016-11-21 14:29:04ID: BC  Data: 00 00 00 AA 00 00 00 00 
"
"2016-11-21 14:29:04ID: BB  Data: 00 00 00 AA 00 00 00 00 
"
"2016-11-21 14:29:04ID: BC  Data: 00 00 00 AA 00 00 00 00 
"
"2016-11-21 14:29:04ID: BB  Data: 00 00 00 AA 00 00 00 00 
"
"2016-11-21 14:29:04ID: BC  Data: 00 00 00 AA 00 00 00 00 
"
"2016-11-21 14:29:04ID: BB  Data: 00 00 00 AA 00 00 00 00 
"
"2016-11-21 14:29:04ID: BC  Data: 00 00 00 AA 00 00 00 00 
"
"2016-11-21 14:29:04ID: BB  Data: 00 00 00 AA 00 00 00 00 
"
"2016-11-21 14:29:04ID: BC  Data: 00 00 00 AA 00 00 00 00 
"
"2016-11-21 14:29:04ID: BB  Data: 00 00 00 AA 00 00 00 00 
"
"2016-11-21 14:29:04ID: BC  Data: 00 00 00 AA 00 00 00 00 
"
"2016-11-21 14:29:04ID: BB  Data: 00 00 00 AA 00 00 00 00 
"
"2016-11-21 14:29:04ID: BC  Data: 00 00 00 AA 00 00 00 00 
"
"2016-11-21 14:29:04ID: BB  Data: 00 00 00 AA 00 00 00 00 
"
"2016-11-21 14:29:04ID: BC  Data: 00 00 00 AA 00 00 00 00 
"
"2016-11-21 14:29:04ID: BB  Data: 00 00 00 AA 00 00 00 00 
"
"2016-11-21 14:29:04ID: BC  Data: 00 00 00 AA 00 00 00 00 
"
"2016-11-21 14:29:04ID: BB  Data: 00 00 00 AA 00 00 00 00 
"
"2016-11-21 14:29:04ID: BC  Data: 00 00 00 AA 00 00 00 00 
"
"2016-11-21 14:29:04ID: BB  Data: 00 00 00 AA 00 00 00 00 
"
"2016-11-21 14:29:04ID: BC  Data: 00 00 00 AA 00 00 00 00 
"
"2016-11-21 14:29:05ID: BB  Data: 00 00 00 AA 00 00 00 00 
"
"2016-11-21 14:29:05ID: BC  Data: 00 00 00 AA 00 00 00 00 
"
"2016-11-21 14:29:05ID: BB  Data: 00 00 00 AA 00 00 00 00 
"
"2016-11-21 14:29:05ID: BC  Data: 00 00 00 AA 00 00 00 00 
"
"2016-11-21 14:29:05ID: BB  Data: 00 00 00 AA 00 00 00 00 
"
"2016-11-21 14:29:05ID: BC  Data: 00 00 00 AA 00 00 00 00 
"
"2016-11-21 14:29:05ID: BB  Data: 00 00 00 AA 00 00 00 00 
"
"2016-11-21 14:29:05ID: BC  Data: 00 00 00 AA 00 00 00 00 
"
"2016-11-21 14:29:05ID: BB  Data: 00 00 00 AA 00 00 00 00 
"
"2016-11-21 14:29:05ID: BC  Data: 00 00 00 AA 00 00 00 00 
"
"2016-11-21 14:29:05ID: BB  Data: 00 00 00 AA 00 00 00 00 
"
"2016-11-21 14:29:05ID: BC  Data: 00 00 00 AA 00 00 00 00 
"
"2016-11-21 14:29:05ID: BB  Data: 00 00 00 AA 00 00 00 00 
"
"2016-11-21 14:29:05ID: BC  Data: 00 00 00 AA 00 00 00 00 
"
"2016-11-21 14:29:05ID: BB  Data: 00 00 00 AA 00 00 00 00 
"
"2016-11-21 14:29:05ID: BC  Data: 00 00 00 AA 00 00 00 00 
"
"2016-11-21 14:29:05ID: BB  Data: 00 00 00 AA 00 00 00 00 
"
"2016-11-21 14:29:05ID: BC  Data: 00 00 00 AA 00 00 00 00 
"
"2016-11-21 14:29:05ID: BB  Data: 00 00 00 AA 00 00 00 00 
"
"2016-11-21 14:29:05ID: BC  Data: 00 00 00 AA 00 00 00 00 
"
"2016-11-21 14:29:05ID: BB  Data: 00 00 00 AA 00 00 00 00 
"
"2016-11-21 14:29:05ID: BC  Data: 00 00 00 AA 00 00 00 00 
"
"2016-11-21 14:29:05ID: BB  Data: 00 00 00 AA 00 00 00 00 
"
"2016-11-21 14:29:05ID: BC  Data: 00 00 00 AA 00 00 00 00 
"
"2016-11-21 14:29:06ID: BB  Data: 00 00 00 AA 00 00 00 00 
"
"2016-11-21 14:29:06ID: BC  Data: 00 00 00 AA 00 00 00 00 
"
"2016-11-21 14:29:06ID: BB  Data: 00 00 00 AA 00 00 00 00 
"
"2016-11-21 14:29:06ID: BC  Data: 00 00 00 AA 00 00 00 00 
"
"2016-11-21 14:29:06ID: BB  Data: 00 00 00 AA 00 00 00 00 
"
"2016-11-21 14:29:06ID: BC  Data: 00 00 00 AA 00 00 00 00 
"
"2016-11-21 14:29:06ID: BB  Data: 00 00 00 AA 00 00 00 00 
"
"2016-11-21 14:29:06ID: BC  Data: 00 00 00 AA 00 00 00 00 
"
"2016-11-21 14:29:06ID: BB  Data: 00 00 00 AA 00 00 00 00 
"
"2016-11-21 14:29:06ID: BC  Data: 00 00 00 AA 00 00 00 00 
"
"2016-11-21 14:29:06ID: BB  Data: 00 00 00 AA 00 00 00 00 
"
"2016-11-21 14:29:06ID: BC  Data: 00 00 00 AA 00 00 00 00 
"
"2016-11-21 14:29:06ID: BB  Data: 00 00 00 AA 00 00 00 00 
"
"2016-11-21 14:29:06ID: BC  Data: 00 00 00 AA 00 00 00 00 
"
"2016-11-21 14:29:06ID: BB  Data: 00 00 00 AA 00 00 00 00 
"
"2016-11-21 14:29:06ID: BC  Data: 00 00 00 AA 00 00 00 00 
"
"2016-11-21 14:29:06ID: BB  Data: 00 00 00 AA 00 00 00 00 
"
"2016-11-21 14:29:06ID: BC  Data: 00 00 00 AA 00 00 00 00 
"
"2016-11-21 14:29:06ID: BB  Data: 00 00 00 AA 00 00 00 00 
"
"2016-11-21 14:29:06ID: BC  Data: 00 00 00 AA 00 00 00 00 
"
"2016-11-21 14:29:06ID: BB  Data: 00 00 00 AA 00 00 00 00 
"
"2016-11-21 14:29:06ID: BC  Data: 00 00 00 AA 00 00 00 00 
"
"2016-11-21 14:29:07ID: BB  Data: 00 00 00 AA 00 00 00 00 
"
"2016-11-21 14:29:07ID: BC  Data: 00 00 00 AA 00 00 00 00 
"
"2016-11-21 14:29:07ID: BB  Data: 00 00 00 AA 00 00 00 00 
"
"2016-11-21 14:29:07ID: BC  Data: 00 00 00 AA 00 00 00 00 
"
"2016-11-21 14:29:07ID: BB  Data: 00 00 00 AA 00 00 00 00 
"
"2016-11-21 14:29:07ID: BC  Data: 00 00 00 AA 00 00 00 00 
"
"2016-11-21 14:29:07ID: BB  Data: 00 00 00 AA 00 00 00 00 
"
"2016-11-21 14:29:07ID: BC  Data: 00 00 00 AA 00 00 00 00 
"
"2016-11-21 14:29:07ID: BB  Data: 00 00 00 AA 00 00 00 00 
"
"2016-11-21 14:29:07ID: BC  Data: 00 00 00 AA 00 00 00 00 
"
"2016-11-21 14:29:07ID: BB  Data: 00 00 00 AA 00 00 00 00 
"
"2016-11-21 14:29:07ID: BC  Data: 00 00 00 AA 00 00 00 00 
"
"2016-11-21 14:29:07ID: BB  Data: 00 00 00 AA 00 00 00 00 
"
"2016-11-21 14:29:07ID: BC  Data: 00 00 00 AA 00 00 00 00 
"
"2016-11-21 14:29:07ID: BB  Data: 00 00 00 AA 00 00 00 00 
"
"2016-11-21 14:29:07ID: BC  Data: 00 00 00 AA 00 00 00 00 
"
"2016-11-21 14:29:07ID: BB  Data: 00 00 00 AA 00 00 00 00 
"
"2016-11-21 14:29:07ID: BC  Data: 00 00 00 AA 00 00 00 00 
"
"2016-11-21 14:29:07ID: BB  Data: 00 00 00 AA 00 00 00 00 
"
"2016-11-21 14:29:07ID: BC  Data: 00 00 00 AA 00 00 00 00 
"
"2016-11-21 14:29:07ID: BB  Data: 00 00 00 AA 00 00 00 00 
"
"2016-11-21 14:29:07ID: BC  Data: 00 00 00 AA 00 00 00 00 
"
"2016-11-21 14:29:08ID: BB  Data: 00 00 00 AA 00 00 00 00 
"
"2016-11-21 14:29:08ID: BC  Data: 00 00 00 AA 00 00 00 00 
"
"2016-11-21 14:29:08ID: BB  Data: 00 00 00 AA 00 00 00 00 
"
"2016-11-21 14:29:08ID: BC  Data: 00 00 00 AA 00 00 00 00 
"
"2016-11-21 14:29:08ID: BB  Data: 00 00 00 AA 00 00 00 00 
"
"2016-11-21 14:29:08ID: BC  Data: 00 00 00 AA 00 00 00 00 
"
"2016-11-21 14:29:08ID: BB  Data: 00 00 00 AA 00 00 00 00 
"
"2016-11-21 14:29:08ID: BC  Data: 00 00 00 AA 00 00 00 00 
"
"2016-11-21 14:29:08ID: BB  Data: 00 00 00 AA 00 00 00 00 
"
"2016-11-21 14:29:08ID: BC  Data: 00 00 00 AA 00 00 00 00 
"
"2016-11-21 14:29:08ID: BB  Data: 00 00 00 AA 00 00 00 00 
"
"2016-11-21 14:29:08ID: BC  Data: 00 00 00 AA 00 00 00 00 
"
"2016-11-21 14:29:08ID: BB  Data: 00 00 00 AA 00 00 00 00 
"
"2016-11-21 14:29:08ID: BC  Data: 00 00 00 AA 00 00 00 00 
"
"2016-11-21 14:29:08ID: BB  Data: 00 00 00 AA 00 00 00 00 
"
"2016-11-21 14:29:08ID: BC  Data: 00 00 00 AA 00 00 00 00 
"
"2016-11-21 14:29:08ID: BB  Data: 00 00 00 AA 00 00 00 00 
"
"2016-11-21 14:29:08ID: BC  Data: 00 00 00 AA 00 00 00 00 
"
"2016-11-21 14:29:08ID: BB  Data: 00 00 00 AA 00 00 00 00 
"
"2016-11-21 14:29:08ID: BC  Data: 00 00 00 AA 00 00 00 00 
"
"2016-11-21 14:29:08ID: BB  Data: 00 00 00 AA 00 00 00 00 
"
"2016-11-21 14:29:08ID: BC  Data: 00 00 00 AA 00 00 00 00 
"
"2016-11-21 14:29:08ID: BB  Data: 00 00 00 AA 00 00 00 00 
"
"2016-11-21 14:29:08ID: BC  Data: 00 00 00 AA 00 00 00 00 
"
"2016-11-21 14:29:09ID: BB  Data: 00 00 00 AA 00 00 00 00 
"
"2016-11-21 14:29:09ID: BC  Data: 00 00 00 AA 00 00 00 00 
"
"2016-11-21 14:29:09ID: BB  Data: 00 00 00 AA 00 00 00 00 
"
"2016-11-21 14:29:09ID: BC  Data: 00 00 00 AA 00 00 00 00 
"
"2016-11-21 14:29:09ID: BB  Data: 00 00 00 AA 00 00 00 00 
"
"2016-11-21 14:29:09ID: BC  Data: 00 00 00 AA 00 00 00 00 
"
"2016-11-21 14:29:09ID: BB  Data: 00 00 00 AA 00 00 00 00 
"
"2016-11-21 14:29:09ID: BC  Data: 00 00 00 AA 00 00 00 00 
"
"2016-11-21 14:29:09ID: BB  Data: 00 00 00 AA 00 00 00 00 
"
"2016-11-21 14:29:09ID: BC  Data: 00 00 00 AA 00 00 00 00 
"
"2016-11-21 14:29:09ID: BB  Data: 00 00 00 AA 00 00 00 00 
"
"2016-11-21 14:29:09ID: BC  Data: 00 00 00 AA 00 00 00 00 
"
"2016-11-21 14:29:09ID: BB  Data: 00 00 00 AA 00 00 00 00 
"
"2016-11-21 14:29:09ID: BC  Data: 00 00 00 AA 00 00 00 00 
"
"2016-11-21 14:29:09ID: BB  Data: 00 00 00 AA 00 00 00 00 
"
"2016-11-21 14:29:09ID: BC  Data: 00 00 00 AA 00 00 00 00 
"
"2016-11-21 14:29:09ID: BB  Data: 00 00 00 AA 00 00 00 00 
"
"2016-11-21 14:29:09ID: BC  Data: 00 00 00 AA 00 00 00 00 
"
"2016-11-21 14:29:09ID: BB  Data: 00 00 00 AA 00 00 00 00 
"
"2016-11-21 14:29:09ID: BC  Data: 00 00 00 AA 00 00 00 00 
"
"2016-11-21 14:29:09ID: BB  Data: 00 00 00 AA 00 00 00 00 
"
"2016-11-21 14:29:09ID: BC  Data: 00 00 00 AA 00 00 00 00 
"
"2016-11-21 14:29:10ID: BB  Data: 00 00 00 AA 00 00 00 00 
"
"2016-11-21 14:29:10ID: BC  Data: 00 00 00 AA 00 00 00 00 
"
"2016-11-21 14:29:10ID: BB  Data: 00 00 00 AA 00 00 00 00 
"
"2016-11-21 14:29:10ID: BC  Data: 00 00 00 AA 00 00 00 00 
"
"2016-11-21 14:29:10ID: BB  Data: 00 00 00 AA 00 00 00 00 
"
"2016-11-21 14:29:10ID: BC  Data: 00 00 00 AA 00 00 00 00 
"
"2016-11-21 14:29:10ID: BB  Data: 00 00 00 AA 00 00 00 00 
"
"2016-11-21 14:29:10ID: BC  Data: 00 00 00 AA 00 00 00 00 
"
"2016-11-21 14:29:10ID: BB  Data: 00 00 00 AA 00 00 00 00 
"
"2016-11-21 14:29:10ID: BC  Data: 00 00 00 AA 00 00 00 00 
"
"2016-11-21 14:29:10ID: BB  Data: 00 00 00 AA 00 00 00 00 
"
"2016-11-21 14:29:10ID: BC  Data: 00 00 00 AA 00 00 00 00 
"
"2016-11-21 14:29:10ID: BB  Data: 00 00 00 AA 00 00 00 00 
"
"2016-11-21 14:29:10ID: BC  Data: 00 00 00 AA 00 00 00 00 
"
"2016-11-21 14:29:10ID: BB  Data: 00 00 00 AA 00 00 00 00 
"
"2016-11-21 14:29:10ID: BC  Data: 00 00 00 AA 00 00 00 00 
"
"2016-11-21 14:29:10ID: BB  Data: 00 00 00 AA 00 00 00 00 
"
"2016-11-21 14:29:10ID: BC  Data: 00 00 00 AA 00 00 00 00 
"
"2016-11-21 14:29:10ID: BB  Data: 00 00 00 AA 00 00 00 00 
"
"2016-11-21 14:29:10ID: BC  Data: 00 00 00 AA 00 00 00 00 
"
"2016-11-21 14:29:10ID: BB  Data: 00 00 00 AA 00 00 00 00 
"
"2016-11-21 14:29:10ID: BC  Data: 00 00 00 AA 00 00 00 00 
"
"2016-11-21 14:29:10ID: BB  Data: 00 00 00 AA 00 00 00 00 
"
"2016-11-21 14:29:11ID: BC  Data: 00 00 00 AA 00 00 00 00 
"
"2016-11-21 14:29:11ID: BB  Data: 00 00 00 AA 00 00 00 00 
"
"2016-11-21 14:29:11ID: BC  Data: 00 00 00 AA 00 00 00 00 
"
"2016-11-21 14:29:11ID: BB  Data: 00 00 00 AA 00 00 00 00 
"
"2016-11-21 14:29:11ID: BC  Data: 00 00 00 AA 00 00 00 00 
"
"2016-11-21 14:29:11ID: BB  Data: 00 00 00 AA 00 00 00 00 
"
"2016-11-21 14:29:11ID: BC  Data: 00 00 00 AA 00 00 00 00 
"
"2016-11-21 14:29:11ID: BB  Data: 00 00 00 AA 00 00 00 00 
"
"2016-11-21 14:29:11ID: BC  Data: 00 00 00 AA 00 00 00 00 
"
"2016-11-21 14:29:11ID: BB  Data: 00 00 00 AA 00 00 00 00 
"
"2016-11-21 14:29:11ID: BC  Data: 00 00 00 AA 00 00 00 00 
"
"2016-11-21 14:29:11ID: BB  Data: 00 00 00 AA 00 00 00 00 
"
"2016-11-21 14:29:11ID: BC  Data: 00 00 00 AA 00 00 00 00 
"
"2016-11-21 14:29:11ID: BB  Data: 00 00 00 AA 00 00 00 00 
"
"2016-11-21 14:29:11ID: BC  Data: 00 00 00 AA 00 00 00 00 
"
"2016-11-21 14:29:11ID: BB  Data: 00 00 00 AA 00 00 00 00 
"
"2016-11-21 14:29:11ID: BC  Data: 00 00 00 AA 00 00 00 00 
"
"2016-11-21 14:29:11ID: BB  Data: 00 00 00 AA 00 00 00 00 
"
"2016-11-21 14:29:11ID: BC  Data: 00 00 00 AA 00 00 00 00 
"
"2016-11-21 14:29:11ID: BB  Data: 00 00 00 AA 00 00 00 00 
"
"2016-11-21 14:29:11ID: BC  Data: 00 00 00 AA 00 00 00 00 
"
"2016-11-21 14:29:11ID: BB  Data: 00 00 00 AA 00 00 00 00 
"
"2016-11-21 14:29:11ID: BC  Data: 00 00 00 AA 00 00 00 00 
"
"2016-11-21 14:29:12ID: BB  Data: 00 00 00 AA 00 00 00 00 
"
"2016-11-21 14:29:12ID: BC  Data: 00 00 00 AA 00 00 00 00 
"
"2016-11-21 14:29:12ID: BB  Data: 00 00 00 AA 00 00 00 00 
"
"2016-11-21 14:29:12ID: BC  Data: 00 00 00 AA 00 00 00 00 
"
"2016-11-21 14:29:12ID: BB  Data: 00 00 00 AA 00 00 00 00 
"
"2016-11-21 14:29:12ID: BC  Data: 00 00 00 AA 00 00 00 00 
"
"2016-11-21 14:29:12ID: BB  Data: 00 00 00 AA 00 00 00 00 
"
"2016-11-21 14:29:12ID: BC  Data: 00 00 00 AA 00 00 00 00 
"
"2016-11-21 14:29:12ID: BB  Data: 00 00 00 AA 00 00 00 00 
"
"2016-11-21 14:29:12ID: BC  Data: 00 00 00 AA 00 00 00 00 
"
"2016-11-21 14:29:12ID: BB  Data: 00 00 00 AA 00 00 00 00 
"
"2016-11-21 14:29:12ID: BC  Data: 00 00 00 AA 00 00 00 00 
"
"2016-11-21 14:29:12ID: BB  Data: 00 00 00 AA 00 00 00 00 
"
"2016-11-21 14:29:12ID: BC  Data: 00 00 00 AA 00 00 00 00 
"
"2016-11-21 14:29:12ID: BB  Data: 00 00 00 AA 00 00 00 00 
"
"2016-11-21 14:29:12ID: BC  Data: 00 00 00 AA 00 00 00 00 
"
"2016-11-21 14:29:12ID: BB  Data: 00 00 00 AA 00 00 00 00 
"
"2016-11-21 14:29:12ID: BC  Data: 00 00 00 AA 00 00 00 00 
"
"2016-11-21 14:29:12ID: BB  Data: 00 00 00 AA 00 00 00 00 
"
"2016-11-21 14:29:12ID: BC  Data: 00 00 00 AA 00 00 00 00 
"
"2016-11-21 14:29:12ID: BB  Data: 00 00 00 AA 00 00 00 00 
"
"2016-11-21 14:29:12ID: BC  Data: 00 00 00 AA 00 00 00 00 
"
"2016-11-21 14:29:13ID: BB  Data: 00 00 00 AA 00 00 00 00 
"
"2016-11-21 14:29:13ID: BC  Data: 00 00 00 AA 00 00 00 00 
"
"2016-11-21 14:29:13ID: BB  Data: 00 00 00 AA 00 00 00 00 
"
"2016-11-21 14:29:13ID: BC  Data: 00 00 00 AA 00 00 00 00 
"
"2016-11-21 14:29:13ID: BB  Data: 00 00 00 AA 00 00 00 00 
"
"2016-11-21 14:29:13ID: BC  Data: 00 00 00 AA 00 00 00 00 
"
"2016-11-21 14:29:13ID: BB  Data: 00 00 00 AA 00 00 00 00 
"
"2016-11-21 14:29:13ID: BC  Data: 00 00 00 AA 00 00 00 00 
"
"2016-11-21 14:29:13ID: BB  Data: 00 00 00 AA 00 00 00 00 
"
"2016-11-21 14:29:13ID: BC  Data: 00 00 00 AA 00 00 00 00 
"
"2016-11-21 14:29:13ID: BB  Data: 00 00 00 AA 00 00 00 00 
"
"2016-11-21 14:29:13ID: BC  Data: 00 00 00 AA 00 00 00 00 
"
"2016-11-21 14:29:13ID: BB  Data: 00 00 00 AA 00 00 00 00 
"
"2016-11-21 14:29:13ID: BC  Data: 00 00 00 AA 00 00 00 00 
"
"2016-11-21 14:29:13ID: BB  Data: 00 00 00 AA 00 00 00 00 
"
"2016-11-21 14:29:13ID: BC  Data: 00 00 00 AA 00 00 00 00 
"
"2016-11-21 14:29:13ID: BB  Data: 00 00 00 AA 00 00 00 00 
"
"2016-11-21 14:29:13ID: BC  Data: 00 00 00 AA 00 00 00 00 
"
"2016-11-21 14:29:13ID: BB  Data: 00 00 00 AA 00 00 00 00 
"
"2016-11-21 14:29:13ID: BC  Data: 00 00 00 AA 00 00 00 00 
"
"2016-11-21 14:29:13ID: BB  Data: 00 00 00 AA 00 00 00 00 
"
"2016-11-21 14:29:13ID: BC  Data: 00 00 00 AA 00 00 00 00 
"
"2016-11-21 14:29:13ID: BB  Data: 00 00 00 AA 00 00 00 00 
"
"2016-11-21 14:29:13ID: BC  Data: 00 00 00 AA 00 00 00 00 
"
"2016-11-21 14:29:14ID: BB  Data: 00 00 00 AA 00 00 00 00 
"
"2016-11-21 14:29:14ID: BC  Data: 00 00 00 AA 00 00 00 00 
"
"2016-11-21 14:29:14ID: BB  Data: 00 00 00 AA 00 00 00 00 
"
"2016-11-21 14:29:14ID: BC  Data: 00 00 00 AA 00 00 00 00 
"
"2016-11-21 14:29:14ID: AA  Data: AA AA 00 00 00 00 00 00 
"
"2016-11-21 14:29:14ID: BB  Data: 00 00 00 AA 00 00 00 00 
"
"2016-11-21 14:29:14ID: BC  Data: 00 00 00 AA 00 00 00 00 
"
"2016-11-21 14:29:14ID: BB  Data: 00 00 00 AA 00 00 00 00 
"
"2016-11-21 14:29:14ID: BC  Data: 00 00 00 AA 00 00 00 00 
"
"2016-11-21 14:29:14ID: BB  Data: 00 00 00 AA 00 00 00 00 
"
"2016-11-21 14:29:14ID: BC  Data: 00 00 00 AA 00 00 00 00 
"
"2016-11-21 14:29:14ID: AA  Data: AA BB 00 00 00 00 00 00 
"
"2016-11-21 14:29:14ID: BB  Data: 00 00 00 AA 00 00 00 00 
"
"2016-11-21 14:29:14ID: BC  Data: 00 00 00 AA 00 00 00 00 
"
"2016-11-21 14:29:14ID: BB  Data: 00 00 00 AA 00 00 00 00 
"
"2016-11-21 14:29:14ID: BC  Data: 00 00 00 AA 00 00 00 00 
"
"2016-11-21 14:29:14ID: BB  Data: 00 00 00 AA 00 00 00 00 
"
"2016-11-21 14:29:14ID: BC  Data: 00 00 00 AA 00 00 00 00 
"
"2016-11-21 14:29:14ID: BB  Data: 00 00 00 AA 00 00 00 00 
"
"2016-11-21 14:29:14ID: BC  Data: 00 00 00 AA 00 00 00 00 
"
"2016-11-21 14:29:14ID: BB  Data: 00 00 00 AA 00 00 00 00 
"
"2016-11-21 14:29:14ID: BC  Data: 00 00 00 AA 00 00 00 00 
"
"2016-11-21 14:29:14ID: BB  Data: 00 00 00 AA 00 00 00 00 
"
"2016-11-21 14:29:14ID: BC  Data: 00 00 00 AA 00 00 00 00 
"
"2016-11-21 14:29:15ID: BB  Data: 00 00 00 AA 00 00 00 00 
"
"2016-11-21 14:29:15ID: BC  Data: 00 00 00 AA 00 00 00 00 
"
"2016-11-21 14:29:15ID: BB  Data: 00 00 00 AA 00 00 00 00 
"
"2016-11-21 14:29:15ID: BC  Data: 00 00 00 AA 00 00 00 00 
"
"2016-11-21 14:29:15ID: BB  Data: 00 00 00 AA 00 00 00 00 
"
"2016-11-21 14:29:15ID: BC  Data: 00 00 00 AA 00 00 00 00 
"
"2016-11-21 14:29:15ID: BB  Data: 00 00 00 AA 00 00 00 00 
"
"2016-11-21 14:29:15ID: BC  Data: 00 00 00 AA 00 00 00 00 
"
"2016-11-21 14:29:15ID: BB  Data: 00 00 00 AA 00 00 00 00 
"
"2016-11-21 14:29:15ID: BC  Data: 00 00 00 AA 00 00 00 00 
"
"2016-11-21 14:29:15ID: BB  Data: 00 00 00 AA 00 00 00 00 
"
"2016-11-21 14:29:15ID: BC  Data: 00 00 00 AA 00 00 00 00 
"
"2016-11-21 14:29:15ID: BB  Data: 00 00 00 AA 00 00 00 00 
"
"2016-11-21 14:29:15ID: BC  Data: 00 00 00 AA 00 00 00 00 
"
"2016-11-21 14:29:15ID: BB  Data: 00 00 00 AA 00 00 00 00 
"
"2016-11-21 14:29:15ID: BC  Data: 00 00 00 AA 00 00 00 00 
"
"2016-11-21 14:29:15ID: BB  Data: 00 00 00 AA 00 00 00 00 
"
"2016-11-21 14:29:15ID: BC  Data: 00 00 00 AA 00 00 00 00 
"
"2016-11-21 14:29:15ID: BB  Data: 00 00 00 AA 00 00 00 00 
"
"2016-11-21 14:29:15ID: BC  Data: 00 00 00 AA 00 00 00 00 
"
"2016-11-21 14:29:15ID: BB  Data: 00 00 00 AA 00 00 00 00 
"
"2016-11-21 14:29:15ID: BC  Data: 00 00 00 AA 00 00 00 00 
"
"2016-11-21 14:29:16ID: BB  Data: 00 00 00 AA 00 00 00 00 
"
"2016-11-21 14:29:16ID: BC  Data: 00 00 00 AA 00 00 00 00 
"
"2016-11-21 14:29:16ID: BB  Data: 00 00 00 AA 00 00 00 00 
"
"2016-11-21 14:29:16ID: BC  Data: 00 00 00 AA 00 00 00 00 
"
"2016-11-21 14:29:16ID: BB  Data: 00 00 00 AA 02 C8 8D 5A 
"
"2016-11-21 14:29:16ID: BC  Data: 00 00 00 AA FD 37 72 A6 
"
"2016-11-21 14:29:16ID: BB  Data: 00 00 00 AA 04 43 7A 2F 
"
"2016-11-21 14:29:16ID: BC  Data: 00 00 00 AA FB BC 85 D1 
"
"2016-11-21 14:29:16ID: BB  Data: 00 00 00 AA 04 E9 41 CC 
"
"2016-11-21 14:29:16ID: BC  Data: 00 00 00 AA FB 16 BE 34 
"
"2016-11-21 14:29:16ID: BB  Data: 00 00 00 AA 05 30 4E 34 
"
"2016-11-21 14:29:16ID: BC  Data: 00 00 00 AA FA CF B1 CC 
"
"2016-11-21 14:29:16ID: BB  Data: 00 00 00 AA 05 D8 B7 76 
"
"2016-11-21 14:29:16ID: BC  Data: 00 00 00 AA FA 27 48 8A 
"
"2016-11-21 14:29:16ID: BB  Data: 00 00 00 AA 06 43 4A 12 
"
"2016-11-21 14:29:16ID: BC  Data: 00 00 00 AA F9 BC B5 EE 
"
"2016-11-21 14:29:16ID: BB  Data: 00 00 00 AA 06 A2 05 47 
"
"2016-11-21 14:29:16ID: BC  Data: 00 00 00 AA F9 5D FA B9 
"
"2016-11-21 14:29:16ID: BB  Data: 00 00 00 AA 06 F6 39 E8 
"
"2016-11-21 14:29:16ID: BC  Data: 00 00 00 AA F9 09 C6 18 
"
"2016-11-21 14:29:16ID: BB  Data: 00 00 00 AA 07 57 96 C2 
"
"2016-11-21 14:29:16ID: BC  Data: 00 00 00 AA F8 A8 69 3E 
"
"2016-11-21 14:29:16ID: BB  Data: 00 00 00 AA 07 85 A3 8A 
"
"2016-11-21 14:29:16ID: BC  Data: 00 00 00 AA F8 7A 5C 76 
"
"2016-11-21 14:29:17ID: BB  Data: 00 00 00 AA 07 9F F3 FD 
"
"2016-11-21 14:29:17ID: BC  Data: 00 00 00 AA F8 60 0C 03 
"
"2016-11-21 14:29:17ID: BB  Data: 00 00 00 AA 07 D8 87 59 
"
"2016-11-21 14:29:17ID: BC  Data: 00 00 00 AA F8 27 78 A7 
"
"2016-11-21 14:29:17ID: BB  Data: 00 00 00 AA 07 F6 CA 43 
"
"2016-11-21 14:29:17ID: BC  Data: 00 00 00 AA F8 09 35 BD 
"
"2016-11-21 14:29:17ID: BB  Data: 00 00 00 AA 08 09 35 C6 
"
"2016-11-21 14:29:17ID: BC  Data: 00 00 00 AA F7 F6 CA 3A 
"
"2016-11-21 14:29:17ID: BB  Data: 00 00 00 AA 08 0F C9 E3 
"
"2016-11-21 14:29:17ID: BC  Data: 00 00 00 AA F7 F0 36 1D 
"
"2016-11-21 14:29:17ID: BB  Data: 00 00 00 AA 08 1E 42 EE 
"
"2016-11-21 14:29:17ID: BC  Data: 00 00 00 AA F7 E1 BD 12 
"
"2016-11-21 14:29:17ID: BB  Data: 00 00 00 AA 08 37 42 8E 
"
"2016-11-21 14:29:17ID: BC  Data: 00 00 00 AA F7 C8 BD 72 
"
"2016-11-21 14:29:17ID: BB  Data: 00 00 00 AA 08 50 42 2E 
"
"2016-11-21 14:29:17ID: BC  Data: 00 00 00 AA F7 AF BD D2 
"
"2016-11-21 14:29:17ID: BB  Data: 00 00 00 AA 08 72 77 8F 
"
"2016-11-21 14:29:17ID: BC  Data: 00 00 00 AA F7 8D 88 71 
"
"2016-11-21 14:29:17ID: BB  Data: 00 00 00 AA 08 90 BA 79 
"
"2016-11-21 14:29:17ID: BC  Data: 00 00 00 AA F7 6F 45 87 
"
"2016-11-21 14:29:17ID: BB  Data: 00 00 00 AA 08 92 0B 4C 
"
"2016-11-21 14:29:17ID: BC  Data: 00 00 00 AA F7 6D F4 B4 
"
"2016-11-21 14:29:18ID: BB  Data: 00 00 00 AA 08 79 0B AC 
"
"2016-11-21 14:29:18ID: BC  Data: 00 00 00 AA F7 86 F4 54 
"
"2016-11-21 14:29:18ID: BB  Data: 00 00 00 AA 08 6D 34 45 
"
"2016-11-21 14:29:18ID: BC  Data: 00 00 00 AA F7 92 CB BB 
"
"2016-11-21 14:29:18ID: BB  Data: 00 00 00 AA 08 6D 34 45 
"
"2016-11-21 14:29:18ID: BC  Data: 00 00 00 AA F7 92 CB BB 
"
"2016-11-21 14:29:18ID: BB  Data: 00 00 00 AA 08 71 26 BD 
"
"2016-11-21 14:29:18ID: BC  Data: 00 00 00 AA F7 8E D9 43 
"
"2016-11-21 14:29:18ID: BB  Data: 00 00 00 AA 08 6E 85 18 
"
"2016-11-21 14:29:18ID: BC  Data: 00 00 00 AA F7 91 7A E8 
"
"2016-11-21 14:29:18ID: BB  Data: 00 00 00 AA 08 66 A0 29 
"
"2016-11-21 14:29:18ID: BC  Data: 00 00 00 AA F7 99 5F D7 
"
"2016-11-21 14:29:18ID: BB  Data: 00 00 00 AA 08 5C 19 94 
"
"2016-11-21 14:29:18ID: BC  Data: 00 00 00 AA F7 A3 E6 6C 
"
"2016-11-21 14:29:18ID: BB  Data: 00 00 00 AA 08 4C 4F B6 
"
"2016-11-21 14:29:18ID: BC  Data: 00 00 00 AA F7 B3 B0 4A 
"
"2016-11-21 14:29:18ID: BB  Data: 00 00 00 AA 08 3F 27 7D 
"
"2016-11-21 14:29:18ID: BC  Data: 00 00 00 AA F7 C0 D8 83 
"
"2016-11-21 14:29:18ID: BB  Data: 00 00 00 AA 08 23 86 38 
"
"2016-11-21 14:29:18ID: BC  Data: 00 00 00 AA F7 DC 79 C8 
"
"2016-11-21 14:29:18ID: BB  Data: 00 00 00 AA 08 2B 6B 27 
"
"2016-11-21 14:29:18ID: BC  Data: 00 00 00 AA F7 D4 94 D9 
"
"2016-11-21 14:29:18ID: BB  Data: 00 00 00 AA 08 2C BB FA 
"
"2016-11-21 14:29:19ID: BC  Data: 00 00 00 AA F7 D3 44 06 
"
"2016-11-21 14:29:19ID: BB  Data: 00 00 00 AA 08 2B 6B 27 
"
"2016-11-21 14:29:19ID: BC  Data: 00 00 00 AA F7 D4 94 D9 
"
"2016-11-21 14:29:19ID: BB  Data: 00 00 00 AA 08 28 C9 82 
"
"2016-11-21 14:29:19ID: BC  Data: 00 00 00 AA F7 D7 36 7E 
"
"2016-11-21 14:29:19ID: BB  Data: 00 00 00 AA 08 16 5D FF 
"
"2016-11-21 14:29:19ID: BC  Data: 00 00 00 AA F7 E9 A2 01 
"
"2016-11-21 14:29:19ID: BB  Data: 00 00 00 AA 07 8A E6 D4 
"
"2016-11-21 14:29:19ID: BC  Data: 00 00 00 AA F8 75 19 2C 
"
"2016-11-21 14:29:19ID: BB  Data: 00 00 00 AA 04 26 88 17 
"
"2016-11-21 14:29:19ID: BC  Data: 00 00 00 AA FB D9 77 E9 
"
"2016-11-21 14:29:19ID: BB  Data: 00 00 00 AA 02 05 D3 A5 
"
"2016-11-21 14:29:19ID: BC  Data: 00 00 00 AA FD FA 2C 5B 
"
"2016-11-21 14:29:19ID: BB  Data: 00 00 00 AA 00 00 00 00 
"
"2016-11-21 14:29:19ID: BC  Data: 00 00 00 AA 00 00 00 00 
"
"2016-11-21 14:29:19ID: BB  Data: 00 00 00 AA 00 00 00 00 
"
"2016-11-21 14:29:19ID: BC  Data: 00 00 00 AA 00 00 00 00 
"
"2016-11-21 14:29:19ID: BB  Data: 00 00 00 AA 00 00 00 00 
"
"2016-11-21 14:29:19ID: BC  Data: 00 00 00 AA 00 00 00 00 
"
"2016-11-21 14:29:19ID: BB  Data: 00 00 00 AA 00 00 00 00 
"
"2016-11-21 14:29:19ID: BC  Data: 00 00 00 AA 00 00 00 00 
"
"2016-11-21 14:29:19ID: BB  Data: 00 00 00 AA 00 00 00 00 
"
"2016-11-21 14:29:19ID: BC  Data: 00 00 00 AA 00 00 00 00 
"
"2016-11-21 14:29:20ID: BB  Data: 00 00 00 AA 00 00 00 00 
"
"2016-11-21 14:29:20ID: BC  Data: 00 00 00 AA 00 00 00 00 
"
"2016-11-21 14:29:20ID: BB  Data: 00 00 00 AA 00 00 00 00 
"
"2016-11-21 14:29:20ID: BC  Data: 00 00 00 AA 00 00 00 00 
"
"2016-11-21 14:29:20ID: BB  Data: 00 00 00 AA 00 00 00 00 
"
"2016-11-21 14:29:20ID: BC  Data: 00 00 00 AA 00 00 00 00 
"
"2016-11-21 14:29:20ID: BB  Data: 00 00 00 AA 00 00 00 00 
"
"2016-11-21 14:29:20ID: BC  Data: 00 00 00 AA 00 00 00 00 
"
"2016-11-21 14:29:20ID: BB  Data: 00 00 00 AA 00 00 00 00 
"
"2016-11-21 14:29:20ID: BC  Data: 00 00 00 AA 00 00 00 00 
"
"2016-11-21 14:29:20ID: BB  Data: 00 00 00 AA 00 00 00 00 
"
"2016-11-21 14:29:20ID: BC  Data: 00 00 00 AA 00 00 00 00 
"
"2016-11-21 14:29:20ID: BB  Data: 00 00 00 AA 00 00 00 00 
"
"2016-11-21 14:29:20ID: BC  Data: 00 00 00 AA 00 00 00 00 
"
"2016-11-21 14:29:20ID: BB  Data: 00 00 00 AA 00 00 00 00 
"
"2016-11-21 14:29:20ID: BC  Data: 00 00 00 AA 00 00 00 00 
"
"2016-11-21 14:29:20ID: BB  Data: 00 00 00 AA 00 00 00 00 
"
"2016-11-21 14:29:20ID: BC  Data: 00 00 00 AA 00 00 00 00 
"
"2016-11-21 14:29:20ID: BB  Data: 00 00 00 AA 00 00 00 00 
"
"2016-11-21 14:29:20ID: BC  Data: 00 00 00 AA 00 00 00 00 
"
"2016-11-21 14:29:20ID: BB  Data: 00 00 00 AA 00 00 00 00 
"
"2016-11-21 14:29:20ID: BC  Data: 00 00 00 AA 00 00 00 00 
"
"2016-11-21 14:29:21ID: BB  Data: 00 00 00 AA 00 00 00 00 
"
"2016-11-21 14:29:21ID: BC  Data: 00 00 00 AA 00 00 00 00 
"
"2016-11-21 14:29:21ID: BB  Data: 00 00 00 AA 00 00 00 00 
"
"2016-11-21 14:29:21ID: BC  Data: 00 00 00 AA 00 00 00 00 
"
"2016-11-21 14:29:21ID: BB  Data: 00 00 00 AA 00 00 00 00 
"
"2016-11-21 14:29:21ID: BC  Data: 00 00 00 AA 00 00 00 00 
"
"2016-11-21 14:29:21ID: BB  Data: 00 00 00 AA 00 00 00 00 
"
"2016-11-21 14:29:21ID: BC  Data: 00 00 00 AA 00 00 00 00 
"
"2016-11-21 14:29:21ID: BB  Data: 00 00 00 AA 00 00 00 00 
"
"2016-11-21 14:29:21ID: BC  Data: 00 00 00 AA 00 00 00 00 
"
"2016-11-21 14:29:21ID: BB  Data: 00 00 00 AA 00 00 00 00 
"
"2016-11-21 14:29:21ID: BC  Data: 00 00 00 AA 00 00 00 00 
"
"2016-11-21 14:29:21ID: BB  Data: 00 00 00 AA 00 00 00 00 
"
"2016-11-21 14:29:21ID: BC  Data: 00 00 00 AA 00 00 00 00 
"
"2016-11-21 14:29:21ID: BB  Data: 00 00 00 AA 00 00 00 00 
"
"2016-11-21 14:29:21ID: BC  Data: 00 00 00 AA 00 00 00 00 
"
"2016-11-21 14:29:21ID: BB  Data: 00 00 00 AA 00 00 00 00 
"
"2016-11-21 14:29:21ID: BC  Data: 00 00 00 AA 00 00 00 00 
"
"2016-11-21 14:29:21ID: BB  Data: 00 00 00 AA 00 00 00 00 
"
"2016-11-21 14:29:21ID: BC  Data: 00 00 00 AA 00 00 00 00 
"
"2016-11-21 14:29:21ID: BB  Data: 00 00 00 AA 00 00 00 00 
"
"2016-11-21 14:29:21ID: BC  Data: 00 00 00 AA 00 00 00 00 
"
"2016-11-21 14:29:21ID: BB  Data: 00 00 00 AA 00 00 00 00 
"
"2016-11-21 14:29:21ID: BC  Data: 00 00 00 AA 00 00 00 00 
"
"2016-11-21 14:29:22ID: BB  Data: 00 00 00 AA 00 00 00 00 
"
"2016-11-21 14:29:22ID: BC  Data: 00 00 00 AA 00 00 00 00 
"
"2016-11-21 14:29:22ID: BB  Data: 00 00 00 AA 00 00 00 00 
"
"2016-11-21 14:29:22ID: BC  Data: 00 00 00 AA 00 00 00 00 
"
"2016-11-21 14:29:22ID: BB  Data: 00 00 00 AA 00 00 00 00 
"
"2016-11-21 14:29:22ID: BC  Data: 00 00 00 AA 00 00 00 00 
"
"2016-11-21 14:29:22ID: BB  Data: 00 00 00 AA 00 00 00 00 
"
"2016-11-21 14:29:22ID: BC  Data: 00 00 00 AA 00 00 00 00 
"
"2016-11-21 14:29:22ID: BB  Data: 00 00 00 AA 00 00 00 00 
"
"2016-11-21 14:29:22ID: BC  Data: 00 00 00 AA 00 00 00 00 
"
"2016-11-21 14:29:22ID: BB  Data: 00 00 00 AA 00 00 00 00 
"
"2016-11-21 14:29:22ID: BC  Data: 00 00 00 AA 00 00 00 00 
"
"2016-11-21 14:29:22ID: BB  Data: 00 00 00 AA 00 00 00 00 
"
"2016-11-21 14:29:22ID: BC  Data: 00 00 00 AA 00 00 00 00 
"
"2016-11-21 14:29:22ID: BB  Data: 00 00 00 AA 00 00 00 00 
"
"2016-11-21 14:29:22ID: BC  Data: 00 00 00 AA 00 00 00 00 
"
"2016-11-21 14:29:22ID: BB  Data: 00 00 00 AA 00 00 00 00 
"
"2016-11-21 14:29:22ID: BC  Data: 00 00 00 AA 00 00 00 00 
"
"2016-11-21 14:29:22ID: BB  Data: 00 00 00 AA 00 00 00 00 
"
"2016-11-21 14:29:22ID: BC  Data: 00 00 00 AA 00 00 00 00 
"
"2016-11-21 14:29:22ID: BB  Data: 00 00 00 AA 00 00 00 00 
"
"2016-11-21 14:29:22ID: BC  Data: 00 00 00 AA 00 00 00 00 
"
"2016-11-21 14:29:23ID: BB  Data: 00 00 00 AA 00 00 00 00 
"
"2016-11-21 14:29:23ID: BC  Data: 00 00 00 AA 00 00 00 00 
"
"2016-11-21 14:29:23ID: BB  Data: 00 00 00 AA 00 00 00 00 
"
"2016-11-21 14:29:23ID: BC  Data: 00 00 00 AA 00 00 00 00 
"
"2016-11-21 14:29:23ID: BB  Data: 00 00 00 AA 00 00 00 00 
"
"2016-11-21 14:29:23ID: BC  Data: 00 00 00 AA 00 00 00 00 
"
"2016-11-21 14:29:23ID: BB  Data: 00 00 00 AA 00 00 00 00 
"
"2016-11-21 14:29:23ID: BC  Data: 00 00 00 AA 00 00 00 00 
"
"2016-11-21 14:29:23ID: BB  Data: 00 00 00 AA 00 00 00 00 
"
"2016-11-21 14:29:23ID: BC  Data: 00 00 00 AA 00 00 00 00 
"
"2016-11-21 14:29:23ID: BB  Data: 00 00 00 AA 00 00 00 00 
"
"2016-11-21 14:29:23ID: BC  Data: 00 00 00 AA 00 00 00 00 
"
"2016-11-21 14:29:23ID: BB  Data: 00 00 00 AA 00 00 00 00 
"
"2016-11-21 14:29:23ID: BC  Data: 00 00 00 AA 00 00 00 00 
"
"2016-11-21 14:29:23ID: BB  Data: 00 00 00 AA 00 00 00 00 
"
"2016-11-21 14:29:23ID: BC  Data: 00 00 00 AA 00 00 00 00 
"
"2016-11-21 14:29:23ID: BB  Data: 00 00 00 AA 00 00 00 00 
"
"2016-11-21 14:29:23ID: BC  Data: 00 00 00 AA 00 00 00 00 
"
"2016-11-21 14:29:23ID: BB  Data: 00 00 00 AA 00 00 00 00 
"
"2016-11-21 14:29:23ID: BC  Data: 00 00 00 AA 00 00 00 00 
"
"2016-11-21 14:29:23ID: BB  Data: 00 00 00 AA 00 00 00 00 
"
"2016-11-21 14:29:23ID: BC  Data: 00 00 00 AA 00 00 00 00 
"
"2016-11-21 14:29:24ID: BB  Data: 00 00 00 AA 00 00 00 00 
"
"2016-11-21 14:29:24ID: BC  Data: 00 00 00 AA 00 00 00 00 
"
"2016-11-21 14:29:24ID: BB  Data: 00 00 00 AA 00 00 00 00 
"
"2016-11-21 14:29:24ID: BC  Data: 00 00 00 AA 00 00 00 00 
"
"2016-11-21 14:29:24ID: BB  Data: 00 00 00 AA 00 00 00 00 
"
"2016-11-21 14:29:24ID: BC  Data: 00 00 00 AA 00 00 00 00 
"
"2016-11-21 14:29:24ID: BB  Data: 00 00 00 AA 00 00 00 00 
"
"2016-11-21 14:29:24ID: BC  Data: 00 00 00 AA 00 00 00 00 
"
"2016-11-21 14:29:24ID: BB  Data: 00 00 00 AA 00 00 00 00 
"
"2016-11-21 14:29:24ID: BC  Data: 00 00 00 AA 00 00 00 00 
"
"2016-11-21 14:29:24ID: BB  Data: 00 00 00 AA 00 00 00 00 
"
"2016-11-21 14:29:24ID: BC  Data: 00 00 00 AA 00 00 00 00 
"
"2016-11-21 14:29:24ID: BB  Data: 00 00 00 AA 00 00 00 00 
"
"2016-11-21 14:29:24ID: BC  Data: 00 00 00 AA 00 00 00 00 
"
"2016-11-21 14:29:24ID: BB  Data: 00 00 00 AA 00 00 00 00 
"
"2016-11-21 14:29:24ID: BC  Data: 00 00 00 AA 00 00 00 00 
"
"2016-11-21 14:29:24ID: BB  Data: 00 00 00 AA 00 00 00 00 
"
"2016-11-21 14:29:24ID: BC  Data: 00 00 00 AA 00 00 00 00 
"
"2016-11-21 14:29:24ID: BB  Data: 00 00 00 AA 00 00 00 00 
"
"2016-11-21 14:29:24ID: BC  Data: 00 00 00 AA 00 00 00 00 
"
"2016-11-21 14:29:24ID: BB  Data: 00 00 00 AA 00 00 00 00 
"
"2016-11-21 14:29:24ID: BC  Data: 00 00 00 AA 00 00 00 00 
"
"2016-11-21 14:29:24ID: BB  Data: 00 00 00 AA 00 00 00 00 
"
"2016-11-21 14:29:24ID: BC  Data: 00 00 00 AA 00 00 00 00 
"
"2016-11-21 14:29:25ID: BB  Data: 00 00 00 AA 00 00 00 00 
"
"2016-11-21 14:29:25ID: BC  Data: 00 00 00 AA 00 00 00 00 
"
"2016-11-21 14:29:25ID: BB  Data: 00 00 00 AA 00 00 00 00 
"
"2016-11-21 14:29:25ID: BC  Data: 00 00 00 AA 00 00 00 00 
"
"2016-11-21 14:29:25ID: BB  Data: 00 00 00 AA 00 00 00 00 
"
"2016-11-21 14:29:25ID: BC  Data: 00 00 00 AA 00 00 00 00 
"
"2016-11-21 14:29:25ID: BB  Data: 00 00 00 AA 00 00 00 00 
"
"2016-11-21 14:29:25ID: BC  Data: 00 00 00 AA 00 00 00 00 
"
"2016-11-21 14:29:25ID: BB  Data: 00 00 00 AA 00 00 00 00 
"
"2016-11-21 14:29:25ID: BC  Data: 00 00 00 AA 00 00 00 00 
"
"2016-11-21 14:29:25ID: BB  Data: 00 00 00 AA 00 00 00 00 
"
"2016-11-21 14:29:25ID: BC  Data: 00 00 00 AA 00 00 00 00 
"
"2016-11-21 14:29:25ID: BB  Data: 00 00 00 AA 00 00 00 00 
"
"2016-11-21 14:29:25ID: BC  Data: 00 00 00 AA 00 00 00 00 
"
"2016-11-21 14:29:25ID: BB  Data: 00 00 00 AA 00 00 00 00 
"
"2016-11-21 14:29:25ID: BC  Data: 00 00 00 AA 00 00 00 00 
"
"2016-11-21 14:29:25ID: BB  Data: 00 00 00 AA 00 00 00 00 
"
"2016-11-21 14:29:25ID: BC  Data: 00 00 00 AA 00 00 00 00 
"
"2016-11-21 14:29:25ID: BB  Data: 00 00 00 AA 00 00 00 00 
"
"2016-11-21 14:29:25ID: BC  Data: 00 00 00 AA 00 00 00 00 
"
"2016-11-21 14:29:25ID: BB  Data: 00 00 00 AA 00 00 00 00 
"
"2016-11-21 14:29:25ID: BC  Data: 00 00 00 AA 00 00 00 00 
"
"2016-11-21 14:29:26ID: BB  Data: 00 00 00 AA 00 00 00 00 
"
"2016-11-21 14:29:26ID: BC  Data: 00 00 00 AA 00 00 00 00 
"
"2016-11-21 14:29:26ID: BB  Data: 00 00 00 AA 00 00 00 00 
"
"2016-11-21 14:29:26ID: BC  Data: 00 00 00 AA 00 00 00 00 
"
"2016-11-21 14:29:26ID: BB  Data: 00 00 00 AA 00 00 00 00 
"
"2016-11-21 14:29:26ID: BC  Data: 00 00 00 AA 00 00 00 00 
"
"2016-11-21 14:29:26ID: BB  Data: 00 00 00 AA 00 00 00 00 
"
"2016-11-21 14:29:26ID: BC  Data: 00 00 00 AA 00 00 00 00 
"
"2016-11-21 14:29:26ID: BB  Data: 00 00 00 AA 00 00 00 00 
"
"2016-11-21 14:29:26ID: BC  Data: 00 00 00 AA 00 00 00 00 
"
"2016-11-21 14:29:26ID: BB  Data: 00 00 00 AA 00 00 00 00 
"
"2016-11-21 14:29:26ID: BC  Data: 00 00 00 AA 00 00 00 00 
"
"2016-11-21 14:29:26ID: BB  Data: 00 00 00 AA 00 00 00 00 
"
"2016-11-21 14:29:26ID: BC  Data: 00 00 00 AA 00 00 00 00 
"
"2016-11-21 14:29:26ID: BB  Data: 00 00 00 AA 00 00 00 00 
"
"2016-11-21 14:29:26ID: BC  Data: 00 00 00 AA 00 00 00 00 
"
"2016-11-21 14:29:26ID: BB  Data: 00 00 00 AA 00 00 00 00 
"
"2016-11-21 14:29:26ID: BC  Data: 00 00 00 AA 00 00 00 00 
"
"2016-11-21 14:29:26ID: BB  Data: 00 00 00 AA 00 00 00 00 
"
"2016-11-21 14:29:26ID: BC  Data: 00 00 00 AA 00 00 00 00 
"
"2016-11-21 14:29:26ID: BB  Data: 00 00 00 AA 00 00 00 00 
"
"2016-11-21 14:29:26ID: BC  Data: 00 00 00 AA 00 00 00 00 
"
"2016-11-21 14:29:26ID: BB  Data: 00 00 00 AA 00 00 00 00 
"
"2016-11-21 14:29:26ID: BC  Data: 00 00 00 AA 00 00 00 00 
"
"2016-11-21 14:29:27ID: BB  Data: 00 00 00 AA 00 00 00 00 
"
"2016-11-21 14:29:27ID: BC  Data: 00 00 00 AA 00 00 00 00 
"
"2016-11-21 14:29:27ID: BB  Data: 00 00 00 AA 00 00 00 00 
"
"2016-11-21 14:29:27ID: BC  Data: 00 00 00 AA 00 00 00 00 
"
"2016-11-21 14:29:27ID: BB  Data: 00 00 00 AA 01 C7 FC FF 
"
"2016-11-21 14:29:27ID: BC  Data: 00 00 00 AA FE 38 03 01 
"
"2016-11-21 14:29:27ID: BB  Data: 00 00 00 AA 02 A2 65 81 
"
"2016-11-21 14:29:27ID: BC  Data: 00 00 00 AA FD 5D 9A 7F 
"
"2016-11-21 14:29:27ID: BB  Data: 00 00 00 AA 03 97 1E 75 
"
"2016-11-21 14:29:27ID: BC  Data: 00 00 00 AA FC 68 E1 8B 
"
"2016-11-21 14:29:27ID: BB  Data: 00 00 00 AA 04 16 BE 39 
"
"2016-11-21 14:29:27ID: BC  Data: 00 00 00 AA FB E9 41 C7 
"
"2016-11-21 14:29:27ID: BB  Data: 00 00 00 AA 04 78 1B 13 
"
"2016-11-21 14:29:27ID: BC  Data: 00 00 00 AA FB 87 E4 ED 
"
"2016-11-21 14:29:27ID: BB  Data: 00 00 00 AA 04 A3 86 36 
"
"2016-11-21 14:29:27ID: BC  Data: 00 00 00 AA FB 5C 79 CA 
"
"2016-11-21 14:29:27ID: BB  Data: 00 00 00 AA 05 07 84 B6 
"
"2016-11-21 14:29:27ID: BC  Data: 00 00 00 AA FA F8 7B 4A 
"
"2016-11-21 14:29:27ID: BB  Data: 00 00 00 AA 05 7B 4D 13 
"
"2016-11-21 14:29:27ID: BC  Data: 00 00 00 AA FA 84 B2 ED 
"
"2016-11-21 14:29:27ID: BB  Data: 00 00 00 AA 05 BA 74 8C 
"
"2016-11-21 14:29:27ID: BC  Data: 00 00 00 AA FA 45 8B 74 
"
"2016-11-21 14:29:28ID: BB  Data: 00 00 00 AA 05 F9 9C 05 
"
"2016-11-21 14:29:28ID: BC  Data: 00 00 00 AA FA 06 63 FB 
"
"2016-11-21 14:29:28ID: BB  Data: 00 00 00 AA 06 D6 A6 2C 
"
"2016-11-21 14:29:28ID: BC  Data: 00 00 00 AA F9 29 59 D4 
"
"2016-11-21 14:29:28ID: BB  Data: 00 00 00 AA 07 9F F3 FD 
"
"2016-11-21 14:29:28ID: BC  Data: 00 00 00 AA F8 60 0C 03 
"
"2016-11-21 14:29:28ID: BB  Data: 00 00 00 AA 08 41 C9 22 
"
"2016-11-21 14:29:28ID: BC  Data: 00 00 00 AA F7 BE 36 DE 
"
"2016-11-21 14:29:28ID: BB  Data: 00 00 00 AA 08 CE 91 1F 
"
"2016-11-21 14:29:28ID: BC  Data: 00 00 00 AA F7 31 6E E1 
"
"2016-11-21 14:29:28ID: BB  Data: 00 00 00 AA 09 19 8F FF 
"
"2016-11-21 14:29:28ID: BC  Data: 00 00 00 AA F6 E6 70 01 
"
"2016-11-21 14:29:28ID: BB  Data: 00 00 00 AA 09 B7 72 AD 
"
"2016-11-21 14:29:28ID: BC  Data: 00 00 00 AA F6 48 8D 53 
"
"2016-11-21 14:29:28ID: BB  Data: 00 00 00 AA 09 F7 EA F8 
"
"2016-11-21 14:29:28ID: BC  Data: 00 00 00 AA F6 08 15 08 
"
"2016-11-21 14:29:28ID: BB  Data: 00 00 00 AA 0A 07 B4 D6 
"
"2016-11-21 14:29:28ID: BC  Data: 00 00 00 AA F5 F8 4B 2A 
"
"2016-11-21 14:29:28ID: BB  Data: 00 00 00 AA 0A 3D A6 8E 
"
"2016-11-21 14:29:28ID: BC  Data: 00 00 00 AA F5 C2 59 72 
"
"2016-11-21 14:29:28ID: BB  Data: 00 00 00 AA 0A 4A CE C7 
"
"2016-11-21 14:29:28ID: BC  Data: 00 00 00 AA F5 B5 31 39 
"
"2016-11-21 14:29:29ID: BB  Data: 00 00 00 AA 0A 48 2D 22 
"
"2016-11-21 14:29:29ID: BC  Data: 00 00 00 AA F5 B7 D2 DE 
"
"2016-11-21 14:29:29ID: BB  Data: 00 00 00 AA 0A 42 E9 D8 
"
"2016-11-21 14:29:29ID: BC  Data: 00 00 00 AA F5 BD 16 28 
"
"2016-11-21 14:29:29ID: BB  Data: 00 00 00 AA 0A 40 48 33 
"
"2016-11-21 14:29:29ID: BC  Data: 00 00 00 AA F5 BF B7 CD 
"
"2016-11-21 14:29:29ID: BB  Data: 00 00 00 AA 0A 3E F7 60 
"
"2016-11-21 14:29:29ID: BC  Data: 00 00 00 AA F5 C1 08 A0 
"
"2016-11-21 14:29:29ID: BB  Data: 00 00 00 AA 0A 3E F7 60 
"
"2016-11-21 14:29:29ID: BC  Data: 00 00 00 AA F5 C1 08 A0 
"
"2016-11-21 14:29:29ID: BB  Data: 00 00 00 AA 0A 3D A6 8E 
"
"2016-11-21 14:29:29ID: BC  Data: 00 00 00 AA F5 C2 59 72 
"
"2016-11-21 14:29:29ID: BB  Data: 00 00 00 AA 0A 3E F7 60 
"
"2016-11-21 14:29:29ID: BC  Data: 00 00 00 AA F5 C1 08 A0 
"
"2016-11-21 14:29:29ID: BB  Data: 00 00 00 AA 0A 3C 55 BB 
"
"2016-11-21 14:29:29ID: BC  Data: 00 00 00 AA F5 C3 AA 45 
"
"2016-11-21 14:29:29ID: BB  Data: 00 00 00 AA 0A 31 CF 27 
"
"2016-11-21 14:29:29ID: BC  Data: 00 00 00 AA F5 CE 30 D9 
"
"2016-11-21 14:29:29ID: BB  Data: 00 00 00 AA 0A 33 1F F9 
"
"2016-11-21 14:29:29ID: BC  Data: 00 00 00 AA F5 CC E0 07 
"
"2016-11-21 14:29:29ID: BB  Data: 00 00 00 AA 0A 33 1F F9 
"
"2016-11-21 14:29:29ID: BC  Data: 00 00 00 AA F5 CC E0 07 
"
"2016-11-21 14:29:29ID: BB  Data: 00 00 00 AA 0A 31 CF 27 
"
"2016-11-21 14:29:29ID: BC  Data: 00 00 00 AA F5 CE 30 D9 
"
"2016-11-21 14:29:30ID: BB  Data: 00 00 00 AA 0A 2D DC AF 
"
"2016-11-21 14:29:30ID: BC  Data: 00 00 00 AA F5 D2 23 51 
"
"2016-11-21 14:29:30ID: BB  Data: 00 00 00 AA 0A 2F 2D 82 
"
"2016-11-21 14:29:30ID: BC  Data: 00 00 00 AA F5 D0 D2 7E 
"
"2016-11-21 14:29:30ID: BB  Data: 00 00 00 AA 0A 2D DC AF 
"
"2016-11-21 14:29:30ID: BC  Data: 00 00 00 AA F5 D2 23 51 
"
"2016-11-21 14:29:30ID: BB  Data: 00 00 00 AA 0A 2B 3B 0A 
"
"2016-11-21 14:29:30ID: BC  Data: 00 00 00 AA F5 D4 C4 F6 
"
"2016-11-21 14:29:30ID: BB  Data: 00 00 00 AA 0A 2D DC AF 
"
"2016-11-21 14:29:30ID: BC  Data: 00 00 00 AA F5 D2 23 51 
"
"2016-11-21 14:29:30ID: BB  Data: 00 00 00 AA 0A 2B 3B 0A 
"
"2016-11-21 14:29:30ID: BC  Data: 00 00 00 AA F5 D4 C4 F6 
"
"2016-11-21 14:29:30ID: BB  Data: 00 00 00 AA 0A 2B 3B 0A 
"
"2016-11-21 14:29:30ID: BC  Data: 00 00 00 AA F5 D4 C4 F6 
"
"2016-11-21 14:29:30ID: BB  Data: 00 00 00 AA 0A 25 F7 C0 
"
"2016-11-21 14:29:30ID: BC  Data: 00 00 00 AA F5 DA 08 40 
"
"2016-11-21 14:29:30ID: BB  Data: 00 00 00 AA 0A 24 A6 EE 
"
"2016-11-21 14:29:30ID: BC  Data: 00 00 00 AA F5 DB 59 12 
"
"2016-11-21 14:29:30ID: BB  Data: 00 00 00 AA 0A 20 B4 76 
"
"2016-11-21 14:29:30ID: BC  Data: 00 00 00 AA F5 DF 4B 8A 
"
"2016-11-21 14:29:30ID: BB  Data: 00 00 00 AA 0A 20 B4 76 
"
"2016-11-21 14:29:30ID: BC  Data: 00 00 00 AA F5 DF 4B 8A 
"
"2016-11-21 14:29:31ID: BB  Data: 00 00 00 AA 0A 22 05 49 
"
"2016-11-21 14:29:31ID: BC  Data: 00 00 00 AA F5 DD FA B7 
"
"2016-11-21 14:29:31ID: BB  Data: 00 00 00 AA 0A 1E 12 D1 
"
"2016-11-21 14:29:31ID: BC  Data: 00 00 00 AA F5 E1 ED 2F 
"
"2016-11-21 14:29:31ID: BB  Data: 00 00 00 AA 0A 20 B4 76 
"
"2016-11-21 14:29:31ID: BC  Data: 00 00 00 AA F5 DF 4B 8A 
"
"2016-11-21 14:29:31ID: BB  Data: 00 00 00 AA 0A 20 B4 76 
"
"2016-11-21 14:29:31ID: BC  Data: 00 00 00 AA F5 DF 4B 8A 
"
"2016-11-21 14:29:31ID: BB  Data: 00 00 00 AA 0A 20 B4 76 
"
"2016-11-21 14:29:31ID: BC  Data: 00 00 00 AA F5 DF 4B 8A 
"
"2016-11-21 14:29:31ID: BB  Data: 00 00 00 AA 0A 18 CF 87 
"
"2016-11-21 14:29:31ID: BC  Data: 00 00 00 AA F5 E7 30 79 
"
"2016-11-21 14:29:31ID: BB  Data: 00 00 00 AA 0A 1B 71 2C 
"
"2016-11-21 14:29:31ID: BC  Data: 00 00 00 AA F5 E4 8E D4 
"
"2016-11-21 14:29:31ID: BB  Data: 00 00 00 AA 0A 1A 20 5A 
"
"2016-11-21 14:29:31ID: BC  Data: 00 00 00 AA F5 E5 DF A6 
"
"2016-11-21 14:29:31ID: BB  Data: 00 00 00 AA 0A 17 7E B5 
"
"2016-11-21 14:29:31ID: BC  Data: 00 00 00 AA F5 E8 81 4B 
"
"2016-11-21 14:29:31ID: BB  Data: 00 00 00 AA 0A 18 CF 87 
"
"2016-11-21 14:29:31ID: BC  Data: 00 00 00 AA F5 E7 30 79 
"
"2016-11-21 14:29:31ID: BB  Data: 00 00 00 AA 0A 17 7E B5 
"
"2016-11-21 14:29:31ID: BC  Data: 00 00 00 AA F5 E8 81 4B 
"
"2016-11-21 14:29:31ID: BB  Data: 00 00 00 AA 0A 13 8C 3D 
"
"2016-11-21 14:29:32ID: BC  Data: 00 00 00 AA F5 EC 73 C3 
"
"2016-11-21 14:29:32ID: BB  Data: 00 00 00 AA 0A 14 DD 10 
"
"2016-11-21 14:29:32ID: BC  Data: 00 00 00 AA F5 EB 22 F0 
"
"2016-11-21 14:29:32ID: BB  Data: 00 00 00 AA 0A 13 8C 3D 
"
"2016-11-21 14:29:32ID: BC  Data: 00 00 00 AA F5 EC 73 C3 
"
"2016-11-21 14:29:32ID: BB  Data: 00 00 00 AA 0A 13 8C 3D 
"
"2016-11-21 14:29:32ID: BC  Data: 00 00 00 AA F5 EC 73 C3 
"
"2016-11-21 14:29:32ID: BB  Data: 00 00 00 AA 0A 14 DD 10 
"
"2016-11-21 14:29:32ID: BC  Data: 00 00 00 AA F5 EB 22 F0 
"
"2016-11-21 14:29:32ID: BB  Data: 00 00 00 AA 0A 13 8C 3D 
"
"2016-11-21 14:29:32ID: BC  Data: 00 00 00 AA F5 EC 73 C3 
"
"2016-11-21 14:29:32ID: BB  Data: 00 00 00 AA 0A 12 3B 6B 
"
"2016-11-21 14:29:32ID: BC  Data: 00 00 00 AA F5 ED C4 95 
"
"2016-11-21 14:29:32ID: BB  Data: 00 00 00 AA 0A 14 DD 10 
"
"2016-11-21 14:29:32ID: BC  Data: 00 00 00 AA F5 EB 22 F0 
"
"2016-11-21 14:29:32ID: BB  Data: 00 00 00 AA 0A 13 8C 3D 
"
"2016-11-21 14:29:32ID: BC  Data: 00 00 00 AA F5 EC 73 C3 
"
"2016-11-21 14:29:32ID: BB  Data: 00 00 00 AA 0A 13 8C 3D 
"
"2016-11-21 14:29:32ID: BC  Data: 00 00 00 AA F5 EC 73 C3 
"
"2016-11-21 14:29:32ID: BB  Data: 00 00 00 AA 0A 13 8C 3D 
"
"2016-11-21 14:29:32ID: BC  Data: 00 00 00 AA F5 EC 73 C3 
"
"2016-11-21 14:29:32ID: BB  Data: 00 00 00 AA 0A 13 8C 3D 
"
"2016-11-21 14:29:32ID: BC  Data: 00 00 00 AA F5 EC 73 C3 
"
"2016-11-21 14:29:33ID: BB  Data: 00 00 00 AA 0A 12 3B 6B 
"
"2016-11-21 14:29:33ID: BC  Data: 00 00 00 AA F5 ED C4 95 
"
"2016-11-21 14:29:33ID: BB  Data: 00 00 00 AA 0A 10 EA 98 
"
"2016-11-21 14:29:33ID: BC  Data: 00 00 00 AA F5 EF 15 68 
"
"2016-11-21 14:29:33ID: BB  Data: 00 00 00 AA 0A 0F 99 C6 
"
"2016-11-21 14:29:33ID: BC  Data: 00 00 00 AA F5 F0 66 3A 
"
"2016-11-21 14:29:33ID: BB  Data: 00 00 00 AA 0A 09 05 A9 
"
"2016-11-21 14:29:33ID: BC  Data: 00 00 00 AA F5 F6 FA 57 
"
"2016-11-21 14:29:33ID: BB  Data: 00 00 00 AA 0A 06 64 04 
"
"2016-11-21 14:29:33ID: BC  Data: 00 00 00 AA F5 F9 9B FC 
"
"2016-11-21 14:29:33ID: BB  Data: 00 00 00 AA 0A 03 C2 5F 
"
"2016-11-21 14:29:33ID: BC  Data: 00 00 00 AA F5 FC 3D A1 
"
"2016-11-21 14:29:33ID: BB  Data: 00 00 00 AA 0A 05 13 31 
"
"2016-11-21 14:29:33ID: BC  Data: 00 00 00 AA F5 FA EC CF 
"
"2016-11-21 14:29:33ID: BB  Data: 00 00 00 AA 0A 01 20 BA 
"
"2016-11-21 14:29:33ID: BC  Data: 00 00 00 AA F5 FE DF 46 
"
"2016-11-21 14:29:33ID: BB  Data: 00 00 00 AA 09 FD 2E 42 
"
"2016-11-21 14:29:33ID: BC  Data: 00 00 00 AA F6 02 D1 BE 
"
"2016-11-21 14:29:33ID: BB  Data: 00 00 00 AA 09 FE 7F 15 
"
"2016-11-21 14:29:33ID: BC  Data: 00 00 00 AA F6 01 80 EB 
"
"2016-11-21 14:29:33ID: BB  Data: 00 00 00 AA 09 FF CF E7 
"
"2016-11-21 14:29:33ID: BC  Data: 00 00 00 AA F6 00 30 19 
"
"2016-11-21 14:29:34ID: BB  Data: 00 00 00 AA 0A 07 B4 D6 
"
"2016-11-21 14:29:34ID: BC  Data: 00 00 00 AA F5 F8 4B 2A 
"
"2016-11-21 14:29:34ID: BB  Data: 00 00 00 AA 0A 02 71 8C 
"
"2016-11-21 14:29:34ID: BC  Data: 00 00 00 AA F5 FD 8E 74 
"
"2016-11-21 14:29:34ID: BB  Data: 00 00 00 AA 09 FD 2E 42 
"
"2016-11-21 14:29:34ID: BC  Data: 00 00 00 AA F6 02 D1 BE 
"
"2016-11-21 14:29:34ID: BB  Data: 00 00 00 AA 09 FB DD 70 
"
"2016-11-21 14:29:34ID: BC  Data: 00 00 00 AA F6 04 22 90 
"
"2016-11-21 14:29:34ID: BB  Data: 00 00 00 AA 09 FD 2E 42 
"
"2016-11-21 14:29:34ID: BC  Data: 00 00 00 AA F6 02 D1 BE 
"
"2016-11-21 14:29:34ID: BB  Data: 00 00 00 AA 09 FE 7F 15 
"
"2016-11-21 14:29:34ID: BC  Data: 00 00 00 AA F6 01 80 EB 
"
"2016-11-21 14:29:34ID: BB  Data: 00 00 00 AA 09 FF CF E7 
"
"2016-11-21 14:29:34ID: BC  Data: 00 00 00 AA F6 00 30 19 
"
"2016-11-21 14:29:34ID: BB  Data: 00 00 00 AA 09 FF CF E7 
"
"2016-11-21 14:29:34ID: BC  Data: 00 00 00 AA F6 00 30 19 
"
"2016-11-21 14:29:34ID: BB  Data: 00 00 00 AA 0A 01 20 BA 
"
"2016-11-21 14:29:34ID: BC  Data: 00 00 00 AA F5 FE DF 46 
"
"2016-11-21 14:29:34ID: BB  Data: 00 00 00 AA 09 FD 2E 42 
"
"2016-11-21 14:29:34ID: BC  Data: 00 00 00 AA F6 02 D1 BE 
"
"2016-11-21 14:29:34ID: BB  Data: 00 00 00 AA 09 FE 7F 15 
"
"2016-11-21 14:29:34ID: BC  Data: 00 00 00 AA F6 01 80 EB 
"
"2016-11-21 14:29:34ID: BB  Data: 00 00 00 AA 09 F9 3B CB 
"
"2016-11-21 14:29:34ID: BC  Data: 00 00 00 AA F6 06 C4 35 
"
"2016-11-21 14:29:35ID: BB  Data: 00 00 00 AA 09 F6 9A 26 
"
"2016-11-21 14:29:35ID: BC  Data: 00 00 00 AA F6 09 65 DA 
"
"2016-11-21 14:29:35ID: BB  Data: 00 00 00 AA 09 F5 49 53 
"
"2016-11-21 14:29:35ID: BC  Data: 00 00 00 AA F6 0A B6 AD 
"
"2016-11-21 14:29:35ID: BB  Data: 00 00 00 AA 09 F0 06 09 
"
"2016-11-21 14:29:35ID: BC  Data: 00 00 00 AA F6 0F F9 F7 
"
"2016-11-21 14:29:35ID: BB  Data: 00 00 00 AA 09 E9 71 ED 
"
"2016-11-21 14:29:35ID: BC  Data: 00 00 00 AA F6 16 8E 13 
"
"2016-11-21 14:29:35ID: BB  Data: 00 00 00 AA 09 E9 71 ED 
"
"2016-11-21 14:29:35ID: BC  Data: 00 00 00 AA F6 16 8E 13 
"
"2016-11-21 14:29:35ID: BB  Data: 00 00 00 AA 09 ED 64 64 
"
"2016-11-21 14:29:35ID: BC  Data: 00 00 00 AA F6 12 9B 9C 
"
"2016-11-21 14:29:35ID: BB  Data: 00 00 00 AA 09 ED 64 64 
"
"2016-11-21 14:29:35ID: BC  Data: 00 00 00 AA F6 12 9B 9C 
"
"2016-11-21 14:29:35ID: BB  Data: 00 00 00 AA 09 EA C2 BF 
"
"2016-11-21 14:29:35ID: BC  Data: 00 00 00 AA F6 15 3D 41 
"
"2016-11-21 14:29:35ID: BB  Data: 00 00 00 AA 09 E4 2E A2 
"
"2016-11-21 14:29:35ID: BC  Data: 00 00 00 AA F6 1B D1 5E 
"
"2016-11-21 14:29:35ID: BB  Data: 00 00 00 AA 09 E4 2E A2 
"
"2016-11-21 14:29:35ID: BC  Data: 00 00 00 AA F6 1B D1 5E 
"
"2016-11-21 14:29:35ID: BB  Data: 00 00 00 AA 09 D3 13 F2 
"
"2016-11-21 14:29:35ID: BC  Data: 00 00 00 AA F6 2C EC 0E 
"
"2016-11-21 14:29:36ID: BB  Data: 00 00 00 AA 09 D1 C3 1F 
"
"2016-11-21 14:29:36ID: BC  Data: 00 00 00 AA F6 2E 3C E1 
"
"2016-11-21 14:29:36ID: BB  Data: 00 00 00 AA 09 D3 13 F2 
"
"2016-11-21 14:29:36ID: BC  Data: 00 00 00 AA F6 2C EC 0E 
"
"2016-11-21 14:29:36ID: BB  Data: 00 00 00 AA 09 CF 21 7A 
"
"2016-11-21 14:29:36ID: BC  Data: 00 00 00 AA F6 30 DE 86 
"
"2016-11-21 14:29:36ID: BB  Data: 00 00 00 AA 09 CD D0 A8 
"
"2016-11-21 14:29:36ID: BC  Data: 00 00 00 AA F6 32 2F 58 
"
"2016-11-21 14:29:36ID: BB  Data: 00 00 00 AA 09 CC 7F D5 
"
"2016-11-21 14:29:36ID: BC  Data: 00 00 00 AA F6 33 80 2B 
"
"2016-11-21 14:29:36ID: BB  Data: 00 00 00 AA 09 CD D0 A8 
"
"2016-11-21 14:29:36ID: BC  Data: 00 00 00 AA F6 32 2F 58 
"
"2016-11-21 14:29:36ID: BB  Data: 00 00 00 AA 09 CC 7F D5 
"
"2016-11-21 14:29:36ID: BC  Data: 00 00 00 AA F6 33 80 2B 
"
"2016-11-21 14:29:36ID: BB  Data: 00 00 00 AA 09 CF 21 7A 
"
"2016-11-21 14:29:36ID: BC  Data: 00 00 00 AA F6 30 DE 86 
"
"2016-11-21 14:29:36ID: BB  Data: 00 00 00 AA 09 CB 2F 03 
"
"2016-11-21 14:29:36ID: BC  Data: 00 00 00 AA F6 34 D0 FD 
"
"2016-11-21 14:29:36ID: BB  Data: 00 00 00 AA 09 C8 8D 5E 
"
"2016-11-21 14:29:36ID: BC  Data: 00 00 00 AA F6 37 72 A2 
"
"2016-11-21 14:29:36ID: BB  Data: 00 00 00 AA 09 C9 DE 30 
"
"2016-11-21 14:29:36ID: BC  Data: 00 00 00 AA F6 36 21 D0 
"
"2016-11-21 14:29:37ID: BB  Data: 00 00 00 AA 09 CB 2F 03 
"
"2016-11-21 14:29:37ID: BC  Data: 00 00 00 AA F6 34 D0 FD 
"
"2016-11-21 14:29:37ID: BB  Data: 00 00 00 AA 09 CC 7F D5 
"
"2016-11-21 14:29:37ID: BC  Data: 00 00 00 AA F6 33 80 2B 
"
"2016-11-21 14:29:37ID: BB  Data: 00 00 00 AA 09 C9 DE 30 
"
"2016-11-21 14:29:37ID: BC  Data: 00 00 00 AA F6 36 21 D0 
"
"2016-11-21 14:29:37ID: BB  Data: 00 00 00 AA 09 CB 2F 03 
"
"2016-11-21 14:29:37ID: BC  Data: 00 00 00 AA F6 34 D0 FD 
"
"2016-11-21 14:29:37ID: BB  Data: 00 00 00 AA 09 CB 2F 03 
"
"2016-11-21 14:29:37ID: BC  Data: 00 00 00 AA F6 34 D0 FD 
"
"2016-11-21 14:29:37ID: BB  Data: 00 00 00 AA 09 CF 21 7A 
"
"2016-11-21 14:29:37ID: BC  Data: 00 00 00 AA F6 30 DE 86 
"
"2016-11-21 14:29:37ID: BB  Data: 00 00 00 AA 09 D0 72 4D 
"
"2016-11-21 14:29:37ID: BC  Data: 00 00 00 AA F6 2F 8D B3 
"
"2016-11-21 14:29:37ID: BB  Data: 00 00 00 AA 09 CF 21 7A 
"
"2016-11-21 14:29:37ID: BC  Data: 00 00 00 AA F6 30 DE 86 
"
"2016-11-21 14:29:37ID: BB  Data: 00 00 00 AA 09 CC 7F D5 
"
"2016-11-21 14:29:37ID: BC  Data: 00 00 00 AA F6 33 80 2B 
"
"2016-11-21 14:29:37ID: BB  Data: 00 00 00 AA 09 D1 C3 1F 
"
"2016-11-21 14:29:37ID: BC  Data: 00 00 00 AA F6 2E 3C E1 
"
"2016-11-21 14:29:37ID: BB  Data: 00 00 00 AA 09 CF 21 7A 
"
"2016-11-21 14:29:37ID: BC  Data: 00 00 00 AA F6 30 DE 86 
"
"2016-11-21 14:29:37ID: BB  Data: 00 00 00 AA 09 D1 C3 1F 
"
"2016-11-21 14:29:37ID: BC  Data: 00 00 00 AA F6 2E 3C E1 
"
"2016-11-21 14:29:38ID: BB  Data: 00 00 00 AA 09 D1 C3 1F 
"
"2016-11-21 14:29:38ID: BC  Data: 00 00 00 AA F6 2E 3C E1 
"
"2016-11-21 14:29:38ID: BB  Data: 00 00 00 AA 09 D3 13 F2 
"
"2016-11-21 14:29:38ID: BC  Data: 00 00 00 AA F6 2C EC 0E 
"
"2016-11-21 14:29:38ID: BB  Data: 00 00 00 AA 09 D3 13 F2 
"
"2016-11-21 14:29:38ID: BC  Data: 00 00 00 AA F6 2C EC 0E 
"
"2016-11-21 14:29:38ID: BB  Data: 00 00 00 AA 09 D3 13 F2 
"
"2016-11-21 14:29:38ID: BC  Data: 00 00 00 AA F6 2C EC 0E 
"
"2016-11-21 14:29:38ID: BB  Data: 00 00 00 AA 09 D1 C3 1F 
"
"2016-11-21 14:29:38ID: BC  Data: 00 00 00 AA F6 2E 3C E1 
"
"2016-11-21 14:29:38ID: BB  Data: 00 00 00 AA 09 D3 13 F2 
"
"2016-11-21 14:29:38ID: BC  Data: 00 00 00 AA F6 2C EC 0E 
"
"2016-11-21 14:29:38ID: BB  Data: 00 00 00 AA 09 CF 21 7A 
"
"2016-11-21 14:29:38ID: BC  Data: 00 00 00 AA F6 30 DE 86 
"
"2016-11-21 14:29:38ID: BB  Data: 00 00 00 AA 09 D5 B5 97 
"
"2016-11-21 14:29:38ID: BC  Data: 00 00 00 AA F6 2A 4A 69 
"
"2016-11-21 14:29:38ID: BB  Data: 00 00 00 AA 09 CD D0 A8 
"
"2016-11-21 14:29:38ID: BC  Data: 00 00 00 AA F6 32 2F 58 
"
"2016-11-21 14:29:38ID: BB  Data: 00 00 00 AA 09 CF 21 7A 
"
"2016-11-21 14:29:38ID: BC  Data: 00 00 00 AA F6 30 DE 86 
"
"2016-11-21 14:29:38ID: BB  Data: 00 00 00 AA 09 D1 C3 1F 
"
"2016-11-21 14:29:38ID: BC  Data: 00 00 00 AA F6 2E 3C E1 
"
"2016-11-21 14:29:39ID: BB  Data: 00 00 00 AA 09 D1 C3 1F 
"
"2016-11-21 14:29:39ID: BC  Data: 00 00 00 AA F6 2E 3C E1 
"
"2016-11-21 14:29:39ID: BB  Data: 00 00 00 AA 09 CD D0 A8 
"
"2016-11-21 14:29:39ID: BC  Data: 00 00 00 AA F6 32 2F 58 
"
"2016-11-21 14:29:39ID: BB  Data: 00 00 00 AA 09 CD D0 A8 
"
"2016-11-21 14:29:39ID: BC  Data: 00 00 00 AA F6 32 2F 58 
"
"2016-11-21 14:29:39ID: BB  Data: 00 00 00 AA 09 CF 21 7A 
"
"2016-11-21 14:29:39ID: BC  Data: 00 00 00 AA F6 30 DE 86 
"
"2016-11-21 14:29:39ID: BB  Data: 00 00 00 AA 09 C7 3C 8B 
"
"2016-11-21 14:29:39ID: BC  Data: 00 00 00 AA F6 38 C3 75 
"
"2016-11-21 14:29:39ID: BB  Data: 00 00 00 AA 09 C9 DE 30 
"
"2016-11-21 14:29:39ID: BC  Data: 00 00 00 AA F6 36 21 D0 
"
"2016-11-21 14:29:39ID: BB  Data: 00 00 00 AA 09 C5 EB B9 
"
"2016-11-21 14:29:39ID: BC  Data: 00 00 00 AA F6 3A 14 47 
"
"2016-11-21 14:29:39ID: BB  Data: 00 00 00 AA 09 C5 EB B9 
"
"2016-11-21 14:29:39ID: BC  Data: 00 00 00 AA F6 3A 14 47 
"
"2016-11-21 14:29:39ID: BB  Data: 00 00 00 AA 09 C7 3C 8B 
"
"2016-11-21 14:29:39ID: BC  Data: 00 00 00 AA F6 38 C3 75 
"
"2016-11-21 14:29:39ID: BB  Data: 00 00 00 AA 09 C9 DE 30 
"
"2016-11-21 14:29:39ID: BC  Data: 00 00 00 AA F6 36 21 D0 
"
"2016-11-21 14:29:39ID: BB  Data: 00 00 00 AA 09 CB 2F 03 
"
"2016-11-21 14:29:39ID: BC  Data: 00 00 00 AA F6 34 D0 FD 
"
"2016-11-21 14:29:39ID: BB  Data: 00 00 00 AA 09 C9 DE 30 
"
"2016-11-21 14:29:40ID: BC  Data: 00 00 00 AA F6 36 21 D0 
"
"2016-11-21 14:29:40ID: BB  Data: 00 00 00 AA 09 C9 DE 30 
"
"2016-11-21 14:29:40ID: BC  Data: 00 00 00 AA F6 36 21 D0 
"
"2016-11-21 14:29:40ID: BB  Data: 00 00 00 AA 09 BC B5 F7 
"
"2016-11-21 14:29:40ID: BC  Data: 00 00 00 AA F6 43 4A 09 
"
"2016-11-21 14:29:40ID: BB  Data: 00 00 00 AA 09 BC B5 F7 
"
"2016-11-21 14:29:40ID: BC  Data: 00 00 00 AA F6 43 4A 09 
"
"2016-11-21 14:29:40ID: BB  Data: 00 00 00 AA 09 BC B5 F7 
"
"2016-11-21 14:29:40ID: BC  Data: 00 00 00 AA F6 43 4A 09 
"
"2016-11-21 14:29:40ID: BB  Data: 00 00 00 AA 09 BB 65 24 
"
"2016-11-21 14:29:40ID: BC  Data: 00 00 00 AA F6 44 9A DC 
"
"2016-11-21 14:29:40ID: BB  Data: 00 00 00 AA 09 BC B5 F7 
"
"2016-11-21 14:29:40ID: BC  Data: 00 00 00 AA F6 43 4A 09 
"
"2016-11-21 14:29:40ID: BB  Data: 00 00 00 AA 09 C5 EB B9 
"
"2016-11-21 14:29:40ID: BC  Data: 00 00 00 AA F6 3A 14 47 
"
"2016-11-21 14:29:40ID: BB  Data: 00 00 00 AA 09 CF 21 7A 
"
"2016-11-21 14:29:40ID: BC  Data: 00 00 00 AA F6 30 DE 86 
"
"2016-11-21 14:29:40ID: BB  Data: 00 00 00 AA 09 D7 06 69 
"
"2016-11-21 14:29:40ID: BC  Data: 00 00 00 AA F6 28 F9 97 
"
"2016-11-21 14:29:40ID: BB  Data: 00 00 00 AA 09 ED 64 64 
"
"2016-11-21 14:29:40ID: BC  Data: 00 00 00 AA F6 12 9B 9C 
"
"2016-11-21 14:29:40ID: BB  Data: 00 00 00 AA 0A 01 20 BA 
"
"2016-11-21 14:29:40ID: BC  Data: 00 00 00 AA F5 FE DF 46 
"
"2016-11-21 14:29:41ID: BB  Data: 00 00 00 AA 0A 16 2D E2 
"
"2016-11-21 14:29:41ID: BC  Data: 00 00 00 AA F5 E9 D2 1E 
"
"2016-11-21 14:29:41ID: BB  Data: 00 00 00 AA 0A 2F 2D 82 
"
"2016-11-21 14:29:41ID: BC  Data: 00 00 00 AA F5 D0 D2 7E 
"
"2016-11-21 14:29:41ID: BB  Data: 00 00 00 AA 0A 7C CE 06 
"
"2016-11-21 14:29:41ID: BC  Data: 00 00 00 AA F5 83 31 FA 
"
"2016-11-21 14:29:41ID: BB  Data: 00 00 00 AA 0B 2D 1C 38 
"
"2016-11-21 14:29:41ID: BC  Data: 00 00 00 AA F4 D2 E3 C8 
"
"2016-11-21 14:29:41ID: BB  Data: 00 00 00 AA 0B 27 D8 EE 
"
"2016-11-21 14:29:41ID: BC  Data: 00 00 00 AA F4 D8 27 12 
"
"2016-11-21 14:29:41ID: BB  Data: 00 00 00 AA 0B 1D 52 59 
"
"2016-11-21 14:29:41ID: BC  Data: 00 00 00 AA F4 E2 AD A7 
"
"2016-11-21 14:29:41ID: BB  Data: 00 00 00 AA 0B 0C 37 A9 
"
"2016-11-21 14:29:41ID: BC  Data: 00 00 00 AA F4 F3 C8 57 
"
"2016-11-21 14:29:41ID: BB  Data: 00 00 00 AA 0A F9 CC 26 
"
"2016-11-21 14:29:41ID: BC  Data: 00 00 00 AA F5 06 33 DA 
"
"2016-11-21 14:29:41ID: BB  Data: 00 00 00 AA 0A F9 CC 26 
"
"2016-11-21 14:29:41ID: BC  Data: 00 00 00 AA F5 06 33 DA 
"
"2016-11-21 14:29:41ID: BB  Data: 00 00 00 AA 0A F9 CC 26 
"
"2016-11-21 14:29:41ID: BC  Data: 00 00 00 AA F5 06 33 DA 
"
"2016-11-21 14:29:41ID: BB  Data: 00 00 00 AA 0A FC 6D CB 
"
"2016-11-21 14:29:41ID: BC  Data: 00 00 00 AA F5 03 92 35 
"
"2016-11-21 14:29:42ID: BB  Data: 00 00 00 AA 0B 00 60 42 
"
"2016-11-21 14:29:42ID: BC  Data: 00 00 00 AA F4 FF 9F BE 
"
"2016-11-21 14:29:42ID: BB  Data: 00 00 00 AA 0B 04 52 BA 
"
"2016-11-21 14:29:42ID: BC  Data: 00 00 00 AA F4 FB AD 46 
"
"2016-11-21 14:29:42ID: BB  Data: 00 00 00 AA 0B 15 6D 6A 
"
"2016-11-21 14:29:42ID: BC  Data: 00 00 00 AA F4 EA 92 96 
"
"2016-11-21 14:29:42ID: BB  Data: 00 00 00 AA 0B 21 44 D1 
"
"2016-11-21 14:29:42ID: BC  Data: 00 00 00 AA F4 DE BB 2F 
"
"2016-11-21 14:29:42ID: BB  Data: 00 00 00 AA 0B 23 E6 76 
"
"2016-11-21 14:29:42ID: BC  Data: 00 00 00 AA F4 DC 19 8A 
"
"2016-11-21 14:29:42ID: BB  Data: 00 00 00 AA 0B 1F F3 FE 
"
"2016-11-21 14:29:42ID: BC  Data: 00 00 00 AA F4 E0 0C 02 
"
"2016-11-21 14:29:42ID: BB  Data: 00 00 00 AA 0B 16 BE 3D 
"
"2016-11-21 14:29:42ID: BC  Data: 00 00 00 AA F4 E9 41 C3 
"
"2016-11-21 14:29:42ID: BB  Data: 00 00 00 AA 0B 14 1C 98 
"
"2016-11-21 14:29:42ID: BC  Data: 00 00 00 AA F4 EB E3 68 
"
"2016-11-21 14:29:42ID: BB  Data: 00 00 00 AA 0B 05 A3 8C 
"
"2016-11-21 14:29:42ID: BC  Data: 00 00 00 AA F4 FA 5C 74 
"
"2016-11-21 14:29:42ID: BB  Data: 00 00 00 AA 0A F1 E7 36 
"
"2016-11-21 14:29:42ID: BC  Data: 00 00 00 AA F5 0E 18 CA 
"
"2016-11-21 14:29:42ID: BB  Data: 00 00 00 AA 0A E3 6E 2B 
"
"2016-11-21 14:29:42ID: BC  Data: 00 00 00 AA F5 1C 91 D5 
"
"2016-11-21 14:29:42ID: BB  Data: 00 00 00 AA 0A E3 6E 2B 
"
"2016-11-21 14:29:42ID: BC  Data: 00 00 00 AA F5 1C 91 D5 
"
"2016-11-21 14:29:43ID: BB  Data: 00 00 00 AA 0A E0 CC 86 
"
"2016-11-21 14:29:43ID: BC  Data: 00 00 00 AA F5 1F 33 7A 
"
"2016-11-21 14:29:43ID: BB  Data: 00 00 00 AA 0A DB 89 3C 
"
"2016-11-21 14:29:43ID: BC  Data: 00 00 00 AA F5 24 76 C4 
"
"2016-11-21 14:29:43ID: BB  Data: 00 00 00 AA 0A CA 6E 8B 
"
"2016-11-21 14:29:43ID: BC  Data: 00 00 00 AA F5 35 91 75 
"
"2016-11-21 14:29:43ID: BB  Data: 00 00 00 AA 0A CF B1 D5 
"
"2016-11-21 14:29:43ID: BC  Data: 00 00 00 AA F5 30 4E 2B 
"
"2016-11-21 14:29:43ID: BB  Data: 00 00 00 AA 0A CB BF 5D 
"
"2016-11-21 14:29:43ID: BC  Data: 00 00 00 AA F5 34 40 A3 
"
"2016-11-21 14:29:43ID: BB  Data: 00 00 00 AA 0A C9 1D B8 
"
"2016-11-21 14:29:43ID: BC  Data: 00 00 00 AA F5 36 E2 48 
"
"2016-11-21 14:29:43ID: BB  Data: 00 00 00 AA 0A C9 1D B8 
"
"2016-11-21 14:29:43ID: BC  Data: 00 00 00 AA F5 36 E2 48 
"
"2016-11-21 14:29:43ID: BB  Data: 00 00 00 AA 0A C3 DA 6E 
"
"2016-11-21 14:29:43ID: BC  Data: 00 00 00 AA F5 3C 25 92 
"
"2016-11-21 14:29:43ID: BB  Data: 00 00 00 AA 0A C5 2B 41 
"
"2016-11-21 14:29:43ID: BC  Data: 00 00 00 AA F5 3A D4 BF 
"
"2016-11-21 14:29:43ID: BB  Data: 00 00 00 AA 0A C3 DA 6E 
"
"2016-11-21 14:29:43ID: BC  Data: 00 00 00 AA F5 3C 25 92 
"
"2016-11-21 14:29:43ID: BB  Data: 00 00 00 AA 0A C3 DA 6E 
"
"2016-11-21 14:29:43ID: BC  Data: 00 00 00 AA F5 3C 25 92 
"
"2016-11-21 14:29:44ID: BB  Data: 00 00 00 AA 0A C1 38 C9 
"
"2016-11-21 14:29:44ID: BC  Data: 00 00 00 AA F5 3E C7 37 
"
"2016-11-21 14:29:44ID: BB  Data: 00 00 00 AA 0A BD 46 52 
"
"2016-11-21 14:29:44ID: BC  Data: 00 00 00 AA F5 42 B9 AE 
"
"2016-11-21 14:29:44ID: BB  Data: 00 00 00 AA 0A C2 89 9C 
"
"2016-11-21 14:29:44ID: BC  Data: 00 00 00 AA F5 3D 76 64 
"
"2016-11-21 14:29:44ID: BB  Data: 00 00 00 AA 0A C5 2B 41 
"
"2016-11-21 14:29:44ID: BC  Data: 00 00 00 AA F5 3A D4 BF 
"
"2016-11-21 14:29:44ID: BB  Data: 00 00 00 AA 0A C5 2B 41 
"
"2016-11-21 14:29:44ID: BC  Data: 00 00 00 AA F5 3A D4 BF 
"
"2016-11-21 14:29:44ID: BB  Data: 00 00 00 AA 0A BF E7 F7 
"
"2016-11-21 14:29:44ID: BC  Data: 00 00 00 AA F5 40 18 09 
"
"2016-11-21 14:29:44ID: BB  Data: 00 00 00 AA 0A CD 10 30 
"
"2016-11-21 14:29:44ID: BC  Data: 00 00 00 AA F5 32 EF D0 
"
"2016-11-21 14:29:44ID: BB  Data: 00 00 00 AA 0A BE 97 24 
"
"2016-11-21 14:29:44ID: BC  Data: 00 00 00 AA F5 41 68 DC 
"
"2016-11-21 14:29:44ID: BB  Data: 00 00 00 AA 0A C9 1D B8 
"
"2016-11-21 14:29:44ID: BC  Data: 00 00 00 AA F5 36 E2 48 
"
"2016-11-21 14:29:44ID: BB  Data: 00 00 00 AA 0A C6 7C 13 
"
"2016-11-21 14:29:44ID: BC  Data: 00 00 00 AA F5 39 83 ED 
"
"2016-11-21 14:29:44ID: BB  Data: 00 00 00 AA 0A B2 BF BE 
"
"2016-11-21 14:29:44ID: BC  Data: 00 00 00 AA F5 4D 40 42 
"
"2016-11-21 14:29:45ID: BB  Data: 00 00 00 AA 0A C1 38 C9 
"
"2016-11-21 14:29:45ID: BC  Data: 00 00 00 AA F5 3E C7 37 
"
"2016-11-21 14:29:45ID: BB  Data: 00 00 00 AA 0A AD 7C 74 
"
"2016-11-21 14:29:45ID: BC  Data: 00 00 00 AA F5 52 83 8C 
"
"2016-11-21 14:29:45ID: BB  Data: 00 00 00 AA 0A BE 97 24 
"
"2016-11-21 14:29:45ID: BC  Data: 00 00 00 AA F5 41 68 DC 
"
"2016-11-21 14:29:45ID: BB  Data: 00 00 00 AA 0A AC 2B A1 
"
"2016-11-21 14:29:45ID: BC  Data: 00 00 00 AA F5 53 D4 5F 
"
"2016-11-21 14:29:45ID: BB  Data: 00 00 00 AA 0A B8 03 08 
"
"2016-11-21 14:29:45ID: BC  Data: 00 00 00 AA F5 47 FC F8 
"
"2016-11-21 14:29:45ID: BB  Data: 00 00 00 AA 0A B2 BF BE 
"
"2016-11-21 14:29:45ID: BC  Data: 00 00 00 AA F5 4D 40 42 
"
"2016-11-21 14:29:45ID: BB  Data: 00 00 00 AA 0A AC 2B A1 
"
"2016-11-21 14:29:45ID: BC  Data: 00 00 00 AA F5 53 D4 5F 
"
"2016-11-21 14:29:45ID: BB  Data: 00 00 00 AA 0A B9 53 DA 
"
"2016-11-21 14:29:45ID: BC  Data: 00 00 00 AA F5 46 AC 26 
"
"2016-11-21 14:29:45ID: BB  Data: 00 00 00 AA 0A B2 BF BE 
"
"2016-11-21 14:29:45ID: BC  Data: 00 00 00 AA F5 4D 40 42 
"
"2016-11-21 14:29:45ID: BB  Data: 00 00 00 AA 0A D4 F5 1F 
"
"2016-11-21 14:29:45ID: BC  Data: 00 00 00 AA F5 2B 0A E1 
"
"2016-11-21 14:29:45ID: BB  Data: 00 00 00 AA 0A DA 38 69 
"
"2016-11-21 14:29:45ID: BC  Data: 00 00 00 AA F5 25 C7 97 
"
"2016-11-21 14:29:45ID: BB  Data: 00 00 00 AA 0B 0E D9 4E 
"
"2016-11-21 14:29:45ID: BC  Data: 00 00 00 AA F4 F1 26 B2 
"
"2016-11-21 14:29:46ID: BB  Data: 00 00 00 AA 0B 18 0F 0F 
"
"2016-11-21 14:29:46ID: BC  Data: 00 00 00 AA F4 E7 F0 F1 
"
"2016-11-21 14:29:46ID: BB  Data: 00 00 00 AA 0B 3A 44 71 
"
"2016-11-21 14:29:46ID: BC  Data: 00 00 00 AA F4 C5 BB 8F 
"
"2016-11-21 14:29:46ID: BB  Data: 00 00 00 AA 0B 3B 95 43 
"
"2016-11-21 14:29:46ID: BC  Data: 00 00 00 AA F4 C4 6A BD 
"
"2016-11-21 14:29:46ID: BB  Data: 00 00 00 AA 0B 69 A2 0B 
"
"2016-11-21 14:29:46ID: BC  Data: 00 00 00 AA F4 96 5D F5 
"
"2016-11-21 14:29:46ID: BB  Data: 00 00 00 AA 0B 91 1A B7 
"
"2016-11-21 14:29:46ID: BC  Data: 00 00 00 AA F4 6E E5 49 
"
"2016-11-21 14:29:46ID: BB  Data: 00 00 00 AA 0B 8D 28 3F 
"
"2016-11-21 14:29:46ID: BC  Data: 00 00 00 AA F4 72 D7 C1 
"
"2016-11-21 14:29:46ID: BB  Data: 00 00 00 AA 0B 87 E4 F5 
"
"2016-11-21 14:29:46ID: BC  Data: 00 00 00 AA F4 78 1B 0B 
"
"2016-11-21 14:29:46ID: BB  Data: 00 00 00 AA 0B 8A 86 9A 
"
"2016-11-21 14:29:46ID: BC  Data: 00 00 00 AA F4 75 79 66 
"
"2016-11-21 14:29:46ID: BB  Data: 00 00 00 AA 0B 8B D7 6D 
"
"2016-11-21 14:29:46ID: BC  Data: 00 00 00 AA F4 74 28 93 
"
"2016-11-21 14:29:46ID: BB  Data: 00 00 00 AA 0B 8B D7 6D 
"
"2016-11-21 14:29:46ID: BC  Data: 00 00 00 AA F4 74 28 93 
"
"2016-11-21 14:29:46ID: BB  Data: 00 00 00 AA 0B 7A BC BC 
"
"2016-11-21 14:29:46ID: BC  Data: 00 00 00 AA F4 85 43 44 
"
"2016-11-21 14:29:47ID: BB  Data: 00 00 00 AA 0B 79 6B EA 
"
"2016-11-21 14:29:47ID: BC  Data: 00 00 00 AA F4 86 94 16 
"
"2016-11-21 14:29:47ID: BB  Data: 00 00 00 AA 0B 78 1B 17 
"
"2016-11-21 14:29:47ID: BC  Data: 00 00 00 AA F4 87 E4 E9 
"
"2016-11-21 14:29:47ID: BB  Data: 00 00 00 AA 0B 63 0D EF 
"
"2016-11-21 14:29:47ID: BC  Data: 00 00 00 AA F4 9C F2 11 
"
"2016-11-21 14:29:47ID: BB  Data: 00 00 00 AA 0B 5B 29 00 
"
"2016-11-21 14:29:47ID: BC  Data: 00 00 00 AA F4 A4 D7 00 
"
"2016-11-21 14:29:47ID: BB  Data: 00 00 00 AA 0B 5B 29 00 
"
"2016-11-21 14:29:47ID: BC  Data: 00 00 00 AA F4 A4 D7 00 
"
"2016-11-21 14:29:47ID: BB  Data: 00 00 00 AA 0B 5B 29 00 
"
"2016-11-21 14:29:47ID: BC  Data: 00 00 00 AA F4 A4 D7 00 
"
"2016-11-21 14:29:47ID: BB  Data: 00 00 00 AA 0B 5C 79 D2 
"
"2016-11-21 14:29:47ID: BC  Data: 00 00 00 AA F4 A3 86 2E 
"
"2016-11-21 14:29:47ID: BB  Data: 00 00 00 AA 0B 5C 79 D2 
"
"2016-11-21 14:29:47ID: BC  Data: 00 00 00 AA F4 A3 86 2E 
"
"2016-11-21 14:29:47ID: BB  Data: 00 00 00 AA 0B 58 87 5B 
"
"2016-11-21 14:29:47ID: BC  Data: 00 00 00 AA F4 A7 78 A5 
"
"2016-11-21 14:29:47ID: BB  Data: 00 00 00 AA 0B 5C 79 D2 
"
"2016-11-21 14:29:47ID: BC  Data: 00 00 00 AA F4 A3 86 2E 
"
"2016-11-21 14:29:47ID: BB  Data: 00 00 00 AA 0B 5B 29 00 
"
"2016-11-21 14:29:47ID: BC  Data: 00 00 00 AA F4 A4 D7 00 
"
"2016-11-21 14:29:47ID: BB  Data: 00 00 00 AA 0B 4E 00 C7 
"
"2016-11-21 14:29:48ID: BC  Data: 00 00 00 AA F4 B1 FF 39 
"
"2016-11-21 14:29:48ID: BB  Data: 00 00 00 AA 0B 4A 0E 4F 
"
"2016-11-21 14:29:48ID: BC  Data: 00 00 00 AA F4 B5 F1 B1 
"
"2016-11-21 14:29:48ID: BB  Data: 00 00 00 AA 0B 4C AF F4 
"
"2016-11-21 14:29:48ID: BC  Data: 00 00 00 AA F4 B3 50 0C 
"
"2016-11-21 14:29:48ID: BB  Data: 00 00 00 AA 0B 4E 00 C7 
"
"2016-11-21 14:29:48ID: BC  Data: 00 00 00 AA F4 B1 FF 39 
"
"2016-11-21 14:29:48ID: BB  Data: 00 00 00 AA 0B 4B 5F 22 
"
"2016-11-21 14:29:48ID: BC  Data: 00 00 00 AA F4 B4 A0 DE 
"
"2016-11-21 14:29:48ID: BB  Data: 00 00 00 AA 0B 46 1B D7 
"
"2016-11-21 14:29:48ID: BC  Data: 00 00 00 AA F4 B9 E4 29 
"
"2016-11-21 14:29:48ID: BB  Data: 00 00 00 AA 0B 4B 5F 22 
"
"2016-11-21 14:29:48ID: BC  Data: 00 00 00 AA F4 B4 A0 DE 
"
"2016-11-21 14:29:48ID: BB  Data: 00 00 00 AA 0B 47 6C AA 
"
"2016-11-21 14:29:48ID: BC  Data: 00 00 00 AA F4 B8 93 56 
"
"2016-11-21 14:29:48ID: BB  Data: 00 00 00 AA 0B 3B 95 43 
"
"2016-11-21 14:29:48ID: BC  Data: 00 00 00 AA F4 C4 6A BD 
"
"2016-11-21 14:29:48ID: BB  Data: 00 00 00 AA 0B 2E 6D 0A 
"
"2016-11-21 14:29:48ID: BC  Data: 00 00 00 AA F4 D1 92 F6 
"
"2016-11-21 14:29:48ID: BB  Data: 00 00 00 AA 0B 2E 6D 0A 
"
"2016-11-21 14:29:48ID: BC  Data: 00 00 00 AA F4 D1 92 F6 
"
"2016-11-21 14:29:48ID: BB  Data: 00 00 00 AA 0B 2E 6D 0A 
"
"2016-11-21 14:29:48ID: BC  Data: 00 00 00 AA F4 D1 92 F6 
"
"2016-11-21 14:29:49ID: BB  Data: 00 00 00 AA 0B 2A 7A 93 
"
"2016-11-21 14:29:49ID: BC  Data: 00 00 00 AA F4 D5 85 6D 
"
"2016-11-21 14:29:49ID: BB  Data: 00 00 00 AA 0B 2D 1C 38 
"
"2016-11-21 14:29:49ID: BC  Data: 00 00 00 AA F4 D2 E3 C8 
"
"2016-11-21 14:29:49ID: BB  Data: 00 00 00 AA 0B 29 29 C0 
"
"2016-11-21 14:29:49ID: BC  Data: 00 00 00 AA F4 D6 D6 40 
"
"2016-11-21 14:29:49ID: BB  Data: 00 00 00 AA 0B 2B CB 65 
"
"2016-11-21 14:29:49ID: BC  Data: 00 00 00 AA F4 D4 34 9B 
"
"2016-11-21 14:29:49ID: BB  Data: 00 00 00 AA 0B 1E A3 2C 
"
"2016-11-21 14:29:49ID: BC  Data: 00 00 00 AA F4 E1 5C D4 
"
"2016-11-21 14:29:49ID: BB  Data: 00 00 00 AA 0B 1A B0 B4 
"
"2016-11-21 14:29:49ID: BC  Data: 00 00 00 AA F4 E5 4F 4C 
"
"2016-11-21 14:29:49ID: BB  Data: 00 00 00 AA 0B 1D 52 59 
"
"2016-11-21 14:29:49ID: BC  Data: 00 00 00 AA F4 E2 AD A7 
"
"2016-11-21 14:29:49ID: BB  Data: 00 00 00 AA 0B 22 95 A4 
"
"2016-11-21 14:29:49ID: BC  Data: 00 00 00 AA F4 DD 6A 5C 
"
"2016-11-21 14:29:49ID: BB  Data: 00 00 00 AA 0B 1E A3 2C 
"
"2016-11-21 14:29:49ID: BC  Data: 00 00 00 AA F4 E1 5C D4 
"
"2016-11-21 14:29:49ID: BB  Data: 00 00 00 AA 0B 1D 52 59 
"
"2016-11-21 14:29:49ID: BC  Data: 00 00 00 AA F4 E2 AD A7 
"
"2016-11-21 14:29:49ID: BB  Data: 00 00 00 AA 0B 1A B0 B4 
"
"2016-11-21 14:29:49ID: BC  Data: 00 00 00 AA F4 E5 4F 4C 
"
"2016-11-21 14:29:50ID: BB  Data: 00 00 00 AA 0B 1D 52 59 
"
"2016-11-21 14:29:50ID: BC  Data: 00 00 00 AA F4 E2 AD A7 
"
"2016-11-21 14:29:50ID: BB  Data: 00 00 00 AA 0B 1D 52 59 
"
"2016-11-21 14:29:50ID: BC  Data: 00 00 00 AA F4 E2 AD A7 
"
"2016-11-21 14:29:50ID: BB  Data: 00 00 00 AA 0B 1A B0 B4 
"
"2016-11-21 14:29:50ID: BC  Data: 00 00 00 AA F4 E5 4F 4C 
"
"2016-11-21 14:29:50ID: BB  Data: 00 00 00 AA 0B 22 95 A4 
"
"2016-11-21 14:29:50ID: BC  Data: 00 00 00 AA F4 DD 6A 5C 
"
"2016-11-21 14:29:50ID: BB  Data: 00 00 00 AA 0B 19 5F E2 
"
"2016-11-21 14:29:50ID: BC  Data: 00 00 00 AA F4 E6 A0 1E 
"
"2016-11-21 14:29:50ID: BB  Data: 00 00 00 AA 0B 16 BE 3D 
"
"2016-11-21 14:29:50ID: BC  Data: 00 00 00 AA F4 E9 41 C3 
"
"2016-11-21 14:29:50ID: BB  Data: 00 00 00 AA 0B 15 6D 6A 
"
"2016-11-21 14:29:50ID: BC  Data: 00 00 00 AA F4 EA 92 96 
"
"2016-11-21 14:29:50ID: BB  Data: 00 00 00 AA 0B 12 CB C5 
"
"2016-11-21 14:29:50ID: BC  Data: 00 00 00 AA F4 ED 34 3B 
"
"2016-11-21 14:29:50ID: BB  Data: 00 00 00 AA 0B 11 7A F3 
"
"2016-11-21 14:29:50ID: BC  Data: 00 00 00 AA F4 EE 85 0D 
"
"2016-11-21 14:29:50ID: BB  Data: 00 00 00 AA 0B 11 7A F3 
"
"2016-11-21 14:29:50ID: BC  Data: 00 00 00 AA F4 EE 85 0D 
"
"2016-11-21 14:29:50ID: BB  Data: 00 00 00 AA 0B 10 2A 20 
"
"2016-11-21 14:29:50ID: BC  Data: 00 00 00 AA F4 EF D5 E0 
"
"2016-11-21 14:29:50ID: BB  Data: 00 00 00 AA 0B 0E D9 4E 
"
"2016-11-21 14:29:50ID: BC  Data: 00 00 00 AA F4 F1 26 B2 
"
"2016-11-21 14:29:51ID: BB  Data: 00 00 00 AA 0B 10 2A 20 
"
"2016-11-21 14:29:51ID: BC  Data: 00 00 00 AA F4 EF D5 E0 
"
"2016-11-21 14:29:51ID: BB  Data: 00 00 00 AA 0B 0D 88 7B 
"
"2016-11-21 14:29:51ID: BC  Data: 00 00 00 AA F4 F2 77 85 
"
"2016-11-21 14:29:51ID: BB  Data: 00 00 00 AA 0B 0C 37 A9 
"
"2016-11-21 14:29:51ID: BC  Data: 00 00 00 AA F4 F3 C8 57 
"
"2016-11-21 14:29:51ID: BB  Data: 00 00 00 AA 0B 0C 37 A9 
"
"2016-11-21 14:29:51ID: BC  Data: 00 00 00 AA F4 F3 C8 57 
"
"2016-11-21 14:29:51ID: BB  Data: 00 00 00 AA 0B 03 01 E7 
"
"2016-11-21 14:29:51ID: BC  Data: 00 00 00 AA F4 FC FE 19 
"
"2016-11-21 14:29:51ID: BB  Data: 00 00 00 AA 0B 0D 88 7B 
"
"2016-11-21 14:29:51ID: BC  Data: 00 00 00 AA F4 F2 77 85 
"
"2016-11-21 14:29:51ID: BB  Data: 00 00 00 AA 0B 03 01 E7 
"
"2016-11-21 14:29:51ID: BC  Data: 00 00 00 AA F4 FC FE 19 
"
"2016-11-21 14:29:51ID: BB  Data: 00 00 00 AA 0B 08 45 31 
"
"2016-11-21 14:29:51ID: BC  Data: 00 00 00 AA F4 F7 BA CF 
"
"2016-11-21 14:29:51ID: BB  Data: 00 00 00 AA 0A FF 0F 70 
"
"2016-11-21 14:29:51ID: BC  Data: 00 00 00 AA F5 00 F0 90 
"
"2016-11-21 14:29:51ID: BB  Data: 00 00 00 AA 0B 1C 01 87 
"
"2016-11-21 14:29:51ID: BC  Data: 00 00 00 AA F4 E3 FE 79 
"
"2016-11-21 14:29:51ID: BB  Data: 00 00 00 AA 0A FB 1C F8 
"
"2016-11-21 14:29:51ID: BC  Data: 00 00 00 AA F5 04 E3 08 
"
"2016-11-21 14:29:52ID: BB  Data: 00 00 00 AA 0B 04 52 BA 
"
"2016-11-21 14:29:52ID: BC  Data: 00 00 00 AA F4 FB AD 46 
"
"2016-11-21 14:29:52ID: BB  Data: 00 00 00 AA 0A FB 1C F8 
"
"2016-11-21 14:29:52ID: BC  Data: 00 00 00 AA F5 04 E3 08 
"
"2016-11-21 14:29:52ID: BB  Data: 00 00 00 AA 0A F8 7B 53 
"
"2016-11-21 14:29:52ID: BC  Data: 00 00 00 AA F5 07 84 AD 
"
"2016-11-21 14:29:52ID: BB  Data: 00 00 00 AA 0A F8 7B 53 
"
"2016-11-21 14:29:52ID: BC  Data: 00 00 00 AA F5 07 84 AD 
"
"2016-11-21 14:29:52ID: BB  Data: 00 00 00 AA 0B 00 60 42 
"
"2016-11-21 14:29:52ID: BC  Data: 00 00 00 AA F4 FF 9F BE 
"
"2016-11-21 14:29:52ID: BB  Data: 00 00 00 AA 0A F5 D9 AE 
"
"2016-11-21 14:29:52ID: BC  Data: 00 00 00 AA F5 0A 26 52 
"
"2016-11-21 14:29:52ID: BB  Data: 00 00 00 AA 0A F4 88 DB 
"
"2016-11-21 14:29:52ID: BC  Data: 00 00 00 AA F5 0B 77 25 
"
"2016-11-21 14:29:52ID: BB  Data: 00 00 00 AA 0A F3 38 09 
"
"2016-11-21 14:29:52ID: BC  Data: 00 00 00 AA F5 0C C7 F7 
"
"2016-11-21 14:29:52ID: BB  Data: 00 00 00 AA 0A ED F4 BF 
"
"2016-11-21 14:29:52ID: BC  Data: 00 00 00 AA F5 12 0B 41 
"
"2016-11-21 14:29:52ID: BB  Data: 00 00 00 AA 0A ED F4 BF 
"
"2016-11-21 14:29:52ID: BC  Data: 00 00 00 AA F5 12 0B 41 
"
"2016-11-21 14:29:52ID: BB  Data: 00 00 00 AA 0A E3 6E 2B 
"
"2016-11-21 14:29:52ID: BC  Data: 00 00 00 AA F5 1C 91 D5 
"
"2016-11-21 14:29:53ID: BB  Data: 00 00 00 AA 0A E8 B1 75 
"
"2016-11-21 14:29:53ID: BC  Data: 00 00 00 AA F5 17 4E 8B 
"
"2016-11-21 14:29:53ID: BB  Data: 00 00 00 AA 0A E4 BE FD 
"
"2016-11-21 14:29:53ID: BC  Data: 00 00 00 AA F5 1B 41 03 
"
"2016-11-21 14:29:53ID: BB  Data: 00 00 00 AA 0A E6 0F D0 
"
"2016-11-21 14:29:53ID: BC  Data: 00 00 00 AA F5 19 F0 30 
"
"2016-11-21 14:29:53ID: BB  Data: 00 00 00 AA 0A E0 CC 86 
"
"2016-11-21 14:29:53ID: BC  Data: 00 00 00 AA F5 1F 33 7A 
"
"2016-11-21 14:29:53ID: BB  Data: 00 00 00 AA 0A E4 BE FD 
"
"2016-11-21 14:29:53ID: BC  Data: 00 00 00 AA F5 1B 41 03 
"
"2016-11-21 14:29:53ID: BB  Data: 00 00 00 AA 0A E7 60 A2 
"
"2016-11-21 14:29:53ID: BC  Data: 00 00 00 AA F5 18 9F 5E 
"
"2016-11-21 14:29:53ID: BB  Data: 00 00 00 AA 0A E3 6E 2B 
"
"2016-11-21 14:29:53ID: BC  Data: 00 00 00 AA F5 1C 91 D5 
"
"2016-11-21 14:29:53ID: BB  Data: 00 00 00 AA 0A E4 BE FD 
"
"2016-11-21 14:29:53ID: BC  Data: 00 00 00 AA F5 1B 41 03 
"
"2016-11-21 14:29:53ID: BB  Data: 00 00 00 AA 0A E3 6E 2B 
"
"2016-11-21 14:29:53ID: BC  Data: 00 00 00 AA F5 1C 91 D5 
"
"2016-11-21 14:29:53ID: BB  Data: 00 00 00 AA 0A DF 7B B3 
"
"2016-11-21 14:29:53ID: BC  Data: 00 00 00 AA F5 20 84 4D 
"
"2016-11-21 14:29:53ID: BB  Data: 00 00 00 AA 0A E4 BE FD 
"
"2016-11-21 14:29:53ID: BC  Data: 00 00 00 AA F5 1B 41 03 
"
"2016-11-21 14:29:53ID: BB  Data: 00 00 00 AA 0A EA 02 47 
"
"2016-11-21 14:29:53ID: BC  Data: 00 00 00 AA F5 15 FD B9 
"
"2016-11-21 14:29:54ID: BB  Data: 00 00 00 AA 0A E2 1D 58 
"
"2016-11-21 14:29:54ID: BC  Data: 00 00 00 AA F5 1D E2 A8 
"
"2016-11-21 14:29:54ID: BB  Data: 00 00 00 AA 0A E6 0F D0 
"
"2016-11-21 14:29:54ID: BC  Data: 00 00 00 AA F5 19 F0 30 
"
"2016-11-21 14:29:54ID: BB  Data: 00 00 00 AA 0A D2 53 7A 
"
"2016-11-21 14:29:54ID: BC  Data: 00 00 00 AA F5 2D AC 86 
"
"2016-11-21 14:29:54ID: BB  Data: 00 00 00 AA 0A E8 B1 75 
"
"2016-11-21 14:29:54ID: BC  Data: 00 00 00 AA F5 17 4E 8B 
"
"2016-11-21 14:29:54ID: BB  Data: 00 00 00 AA 0A CD 10 30 
"
"2016-11-21 14:29:54ID: BC  Data: 00 00 00 AA F5 32 EF D0 
"
"2016-11-21 14:29:54ID: BB  Data: 00 00 00 AA 0A D2 53 7A 
"
"2016-11-21 14:29:54ID: BC  Data: 00 00 00 AA F5 2D AC 86 
"
"2016-11-21 14:29:54ID: BB  Data: 00 00 00 AA 0A 8D E8 B7 
"
"2016-11-21 14:29:54ID: BC  Data: 00 00 00 AA F5 72 17 49 
"
"2016-11-21 14:29:54ID: BB  Data: 00 00 00 AA 0A 97 1E 79 
"
"2016-11-21 14:29:54ID: BC  Data: 00 00 00 AA F5 68 E1 87 
"
"2016-11-21 14:29:54ID: BB  Data: 00 00 00 AA 0A A4 46 B2 
"
"2016-11-21 14:29:54ID: BC  Data: 00 00 00 AA F5 5B B9 4E 
"
"2016-11-21 14:29:54ID: BB  Data: 00 00 00 AA 0A 70 F6 A0 
"
"2016-11-21 14:29:54ID: BC  Data: 00 00 00 AA F5 8F 09 60 
"
"2016-11-21 14:29:54ID: BB  Data: 00 00 00 AA 0A 88 A5 6D 
"
"2016-11-21 14:29:54ID: BC  Data: 00 00 00 AA F5 77 5A 93 
"
"2016-11-21 14:29:55ID: BB  Data: 00 00 00 AA 0A 7E 1E D9 
"
"2016-11-21 14:29:55ID: BC  Data: 00 00 00 AA F5 81 E1 27 
"
"2016-11-21 14:29:55ID: BB  Data: 00 00 00 AA 0A 8F 39 8A 
"
"2016-11-21 14:29:55ID: BC  Data: 00 00 00 AA F5 70 C6 76 
"
"2016-11-21 14:29:55ID: BB  Data: 00 00 00 AA 0A 93 2C 01 
"
"2016-11-21 14:29:55ID: BC  Data: 00 00 00 AA F5 6C D3 FF 
"
"2016-11-21 14:29:55ID: BB  Data: 00 00 00 AA 0A 91 DB 2F 
"
"2016-11-21 14:29:55ID: BC  Data: 00 00 00 AA F5 6E 24 D1 
"
"2016-11-21 14:29:55ID: BB  Data: 00 00 00 AA 0A 86 03 C8 
"
"2016-11-21 14:29:55ID: BC  Data: 00 00 00 AA F5 79 FC 38 
"
"2016-11-21 14:29:55ID: BB  Data: 00 00 00 AA 0A A1 A5 0D 
"
"2016-11-21 14:29:55ID: BC  Data: 00 00 00 AA F5 5E 5A F3 
"
"2016-11-21 14:29:55ID: BB  Data: 00 00 00 AA 0A 94 7C D4 
"
"2016-11-21 14:29:55ID: BC  Data: 00 00 00 AA F5 6B 83 2C 
"
"2016-11-21 14:29:55ID: BB  Data: 00 00 00 AA 0A 88 A5 6D 
"
"2016-11-21 14:29:55ID: BC  Data: 00 00 00 AA F5 77 5A 93 
"
"2016-11-21 14:29:55ID: BC  Data: 00 00 00 AA F5 55 25 31 
"
"2016-11-21 14:29:55ID: BB  Data: 00 00 00 AA 0A 8C 97 E5 
"
"2016-11-21 14:29:55ID: BC  Data: 00 00 00 AA F5 73 68 1B 
"
"2016-11-21 14:29:55ID: BB  Data: 00 00 00 AA 0A B5 61 63 
"
"2016-11-21 14:29:55ID: BC  Data: 00 00 00 AA F5 4A 9E 9D 
"
"2016-11-21 14:29:55ID: BB  Data: 00 00 00 AA 0A B2 BF BE 
"
"2016-11-21 14:29:55ID: BC  Data: 00 00 00 AA F5 4D 40 42 
"
"2016-11-21 14:29:56ID: BB  Data: 00 00 00 AA 0A C3 DA 6E 
"
"2016-11-21 14:29:56ID: BC  Data: 00 00 00 AA F5 3C 25 92 
"
"2016-11-21 14:29:56ID: BB  Data: 00 00 00 AA 0A C3 DA 6E 
"
"2016-11-21 14:29:56ID: BC  Data: 00 00 00 AA F5 3C 25 92 
"
"2016-11-21 14:29:56ID: BB  Data: 00 00 00 AA 0A CA 6E 8B 
"
"2016-11-21 14:29:56ID: BC  Data: 00 00 00 AA F5 35 91 75 
"
"2016-11-21 14:29:56ID: BB  Data: 00 00 00 AA 0A CD 10 30 
"
"2016-11-21 14:29:56ID: BC  Data: 00 00 00 AA F5 32 EF D0 
"
"2016-11-21 14:29:56ID: BB  Data: 00 00 00 AA 0A D6 45 F2 
"
"2016-11-21 14:29:56ID: BC  Data: 00 00 00 AA F5 29 BA 0E 
"
"2016-11-21 14:29:56ID: BB  Data: 00 00 00 AA 0A D4 F5 1F 
"
"2016-11-21 14:29:56ID: BC  Data: 00 00 00 AA F5 2B 0A E1 
"
"2016-11-21 14:29:56ID: BB  Data: 00 00 00 AA 0A CA 6E 8B 
"
"2016-11-21 14:29:56ID: BC  Data: 00 00 00 AA F5 35 91 75 
"
"2016-11-21 14:29:56ID: BB  Data: 00 00 00 AA 0A CA 6E 8B 
"
"2016-11-21 14:29:56ID: BC  Data: 00 00 00 AA F5 35 91 75 
"
"2016-11-21 14:29:56ID: BB  Data: 00 00 00 AA 0A CA 6E 8B 
"
"2016-11-21 14:29:56ID: BC  Data: 00 00 00 AA F5 35 91 75 
"
"2016-11-21 14:29:56ID: BB  Data: 00 00 00 AA 0A CB BF 5D 
"
"2016-11-21 14:29:56ID: BC  Data: 00 00 00 AA F5 34 40 A3 
"
"2016-11-21 14:29:56ID: BB  Data: 00 00 00 AA 0A BE 97 24 
"
"2016-11-21 14:29:56ID: BC  Data: 00 00 00 AA F5 41 68 DC 
"
"2016-11-21 14:29:57ID: BB  Data: 00 00 00 AA 0A C6 7C 13 
"
"2016-11-21 14:29:57ID: BC  Data: 00 00 00 AA F5 39 83 ED 
"
"2016-11-21 14:29:57ID: BB  Data: 00 00 00 AA 0A C2 89 9C 
"
"2016-11-21 14:29:57ID: BC  Data: 00 00 00 AA F5 3D 76 64 
"
"2016-11-21 14:29:57ID: BB  Data: 00 00 00 AA 0A BE 97 24 
"
"2016-11-21 14:29:57ID: BC  Data: 00 00 00 AA F5 41 68 DC 
"
"2016-11-21 14:29:57ID: BB  Data: 00 00 00 AA 0A BD 46 52 
"
"2016-11-21 14:29:57ID: BC  Data: 00 00 00 AA F5 42 B9 AE 
"
"2016-11-21 14:29:57ID: BB  Data: 00 00 00 AA 0A BF E7 F7 
"
"2016-11-21 14:29:57ID: BC  Data: 00 00 00 AA F5 40 18 09 
"
"2016-11-21 14:29:57ID: BB  Data: 00 00 00 AA 0A BE 97 24 
"
"2016-11-21 14:29:57ID: BC  Data: 00 00 00 AA F5 41 68 DC 
"
"2016-11-21 14:29:57ID: BB  Data: 00 00 00 AA 0A BF E7 F7 
"
"2016-11-21 14:29:57ID: BC  Data: 00 00 00 AA F5 40 18 09 
"
"2016-11-21 14:29:57ID: BB  Data: 00 00 00 AA 0A BB F5 7F 
"
"2016-11-21 14:29:57ID: BC  Data: 00 00 00 AA F5 44 0A 81 
"
"2016-11-21 14:29:57ID: BB  Data: 00 00 00 AA 0A BF E7 F7 
"
"2016-11-21 14:29:57ID: BC  Data: 00 00 00 AA F5 40 18 09 
"
"2016-11-21 14:29:57ID: BB  Data: 00 00 00 AA 0A B6 B2 35 
"
"2016-11-21 14:29:57ID: BC  Data: 00 00 00 AA F5 49 4D CB 
"
"2016-11-21 14:29:57ID: BB  Data: 00 00 00 AA 0A C1 38 C9 
"
"2016-11-21 14:29:57ID: BC  Data: 00 00 00 AA F5 3E C7 37 
"
"2016-11-21 14:29:58ID: BB  Data: 00 00 00 AA 0A A4 46 B2 
"
"2016-11-21 14:29:58ID: BC  Data: 00 00 00 AA F5 5B B9 4E 
"
"2016-11-21 14:29:58ID: BB  Data: 00 00 00 AA 0A BE 97 24 
"
"2016-11-21 14:29:58ID: BC  Data: 00 00 00 AA F5 41 68 DC 
"
"2016-11-21 14:29:58ID: BB  Data: 00 00 00 AA 0A B4 10 90 
"
"2016-11-21 14:29:58ID: BC  Data: 00 00 00 AA F5 4B EF 70 
"
"2016-11-21 14:29:58ID: BB  Data: 00 00 00 AA 0A AC 2B A1 
"
"2016-11-21 14:29:58ID: BC  Data: 00 00 00 AA F5 53 D4 5F 
"
"2016-11-21 14:29:58ID: BB  Data: 00 00 00 AA 0A C3 DA 6E 
"
"2016-11-21 14:29:58ID: BC  Data: 00 00 00 AA F5 3C 25 92 
"
"2016-11-21 14:29:58ID: BB  Data: 00 00 00 AA 0A E7 60 A2 
"
"2016-11-21 14:29:58ID: BC  Data: 00 00 00 AA F5 18 9F 5E 
"
"2016-11-21 14:29:58ID: BB  Data: 00 00 00 AA 0A F4 88 DB 
"
"2016-11-21 14:29:58ID: BC  Data: 00 00 00 AA F5 0B 77 25 
"
"2016-11-21 14:29:58ID: BB  Data: 00 00 00 AA 0B 18 0F 0F 
"
"2016-11-21 14:29:58ID: BC  Data: 00 00 00 AA F4 E7 F0 F1 
"
"2016-11-21 14:29:58ID: BB  Data: 00 00 00 AA 0B 22 95 A4 
"
"2016-11-21 14:29:58ID: BC  Data: 00 00 00 AA F4 DD 6A 5C 
"
"2016-11-21 14:29:58ID: BB  Data: 00 00 00 AA 0B 68 51 39 
"
"2016-11-21 14:29:58ID: BC  Data: 00 00 00 AA F4 97 AE C7 
"
"2016-11-21 14:29:58ID: BB  Data: 00 00 00 AA 0B 72 D7 CD 
"
"2016-11-21 14:29:58ID: BC  Data: 00 00 00 AA F4 8D 28 33 
"
"2016-11-21 14:29:58ID: BB  Data: 00 00 00 AA 0B 79 6B EA 
"
"2016-11-21 14:29:58ID: BC  Data: 00 00 00 AA F4 86 94 16 
"
"2016-11-21 14:29:59ID: BB  Data: 00 00 00 AA 0B 76 CA 45 
"
"2016-11-21 14:29:59ID: BC  Data: 00 00 00 AA F4 89 35 BB 
"
"2016-11-21 14:29:59ID: BB  Data: 00 00 00 AA 0B 74 28 A0 
"
"2016-11-21 14:29:59ID: BC  Data: 00 00 00 AA F4 8B D7 60 
"
"2016-11-21 14:29:59ID: BB  Data: 00 00 00 AA 0B 6A F2 DE 
"
"2016-11-21 14:29:59ID: BC  Data: 00 00 00 AA F4 95 0D 22 
"
"2016-11-21 14:29:59ID: BB  Data: 00 00 00 AA 0B 57 36 88 
"
"2016-11-21 14:29:59ID: BC  Data: 00 00 00 AA F4 A8 C9 78 
"
"2016-11-21 14:29:59ID: BB  Data: 00 00 00 AA 0B 4E 00 C7 
"
"2016-11-21 14:29:59ID: BC  Data: 00 00 00 AA F4 B1 FF 39 
"
"2016-11-21 14:29:59ID: BB  Data: 00 00 00 AA 0B 50 A2 6C 
"
"2016-11-21 14:29:59ID: BC  Data: 00 00 00 AA F4 AF 5D 94 
"
"2016-11-21 14:29:59ID: BB  Data: 00 00 00 AA 0B 26 88 1B 
"
"2016-11-21 14:29:59ID: BC  Data: 00 00 00 AA F4 D9 77 E5 
"
"2016-11-21 14:29:59ID: BB  Data: 00 00 00 AA 0B 12 CB C5 
"
"2016-11-21 14:29:59ID: BC  Data: 00 00 00 AA F4 ED 34 3B 
"
"2016-11-21 14:29:59ID: BB  Data: 00 00 00 AA 0B 1D 52 59 
"
"2016-11-21 14:29:59ID: BC  Data: 00 00 00 AA F4 E2 AD A7 
"
"2016-11-21 14:29:59ID: BB  Data: 00 00 00 AA 0B 19 5F E2 
"
"2016-11-21 14:29:59ID: BC  Data: 00 00 00 AA F4 E6 A0 1E 
"
"2016-11-21 14:29:59ID: BB  Data: 00 00 00 AA 0A DC DA 0E 
"
"2016-11-21 14:29:59ID: BC  Data: 00 00 00 AA F5 23 25 F2 
"
"2016-11-21 14:30:00ID: BB  Data: 00 00 00 AA 0A DC DA 0E 
"
"2016-11-21 14:30:00ID: BC  Data: 00 00 00 AA F5 23 25 F2 
"
"2016-11-21 14:30:00ID: BB  Data: 00 00 00 AA 0A D7 96 C4 
"
"2016-11-21 14:30:00ID: BC  Data: 00 00 00 AA F5 28 69 3C 
"
"2016-11-21 14:30:00ID: BB  Data: 00 00 00 AA 0A EA 02 47 
"
"2016-11-21 14:30:00ID: BC  Data: 00 00 00 AA F5 15 FD B9 
"
"2016-11-21 14:30:00ID: BB  Data: 00 00 00 AA 0A C7 CC E6 
"
"2016-11-21 14:30:00ID: BC  Data: 00 00 00 AA F5 38 33 1A 
"
"2016-11-21 14:30:00ID: BB  Data: 00 00 00 AA 0A AD 7C 74 
"
"2016-11-21 14:30:00ID: BC  Data: 00 00 00 AA F5 52 83 8C 
"
"2016-11-21 14:30:00ID: BB  Data: 00 00 00 AA 0A BE 97 24 
"
"2016-11-21 14:30:00ID: BC  Data: 00 00 00 AA F5 41 68 DC 
"
"2016-11-21 14:30:00ID: BB  Data: 00 00 00 AA 0A B4 10 90 
"
"2016-11-21 14:30:00ID: BC  Data: 00 00 00 AA F5 4B EF 70 
"
"2016-11-21 14:30:00ID: BB  Data: 00 00 00 AA 0A D3 A4 4D 
"
"2016-11-21 14:30:00ID: BC  Data: 00 00 00 AA F5 2C 5B B3 
"
"2016-11-21 14:30:00ID: BB  Data: 00 00 00 AA 0A 9F 03 68 
"
"2016-11-21 14:30:00ID: BC  Data: 00 00 00 AA F5 60 FC 98 
"
"2016-11-21 14:30:00ID: BB  Data: 00 00 00 AA 0A C5 2B 41 
"
"2016-11-21 14:30:00ID: BC  Data: 00 00 00 AA F5 3A D4 BF 
"
"2016-11-21 14:30:00ID: BB  Data: 00 00 00 AA 0A B0 1E 19 
"
"2016-11-21 14:30:00ID: BC  Data: 00 00 00 AA F5 4F E1 E7 
"
"2016-11-21 14:30:00ID: BB  Data: 00 00 00 AA 0A C3 DA 6E 
"
"2016-11-21 14:30:01ID: BC  Data: 00 00 00 AA F5 3C 25 92 
"
"2016-11-21 14:30:01ID: BB  Data: 00 00 00 AA 0A B4 10 90 
"
"2016-11-21 14:30:01ID: BC  Data: 00 00 00 AA F5 4B EF 70 
"
"2016-11-21 14:30:01ID: BB  Data: 00 00 00 AA 0A B8 03 08 
"
"2016-11-21 14:30:01ID: BC  Data: 00 00 00 AA F5 47 FC F8 
"
"2016-11-21 14:30:01ID: BB  Data: 00 00 00 AA 0A BB F5 7F 
"
"2016-11-21 14:30:01ID: BC  Data: 00 00 00 AA F5 44 0A 81 
"
"2016-11-21 14:30:01ID: BB  Data: 00 00 00 AA 0A B8 03 08 
"
"2016-11-21 14:30:01ID: BC  Data: 00 00 00 AA F5 47 FC F8 
"
"2016-11-21 14:30:01ID: BB  Data: 00 00 00 AA 0A B5 61 63 
"
"2016-11-21 14:30:01ID: BC  Data: 00 00 00 AA F5 4A 9E 9D 
"
"2016-11-21 14:30:01ID: BB  Data: 00 00 00 AA 0A B4 10 90 
"
"2016-11-21 14:30:01ID: BC  Data: 00 00 00 AA F5 4B EF 70 
"
"2016-11-21 14:30:01ID: BB  Data: 00 00 00 AA 0A B9 53 DA 
"
"2016-11-21 14:30:01ID: BC  Data: 00 00 00 AA F5 46 AC 26 
"
"2016-11-21 14:30:01ID: BB  Data: 00 00 00 AA 0A AC 2B A1 
"
"2016-11-21 14:30:01ID: BC  Data: 00 00 00 AA F5 53 D4 5F 
"
"2016-11-21 14:30:01ID: BB  Data: 00 00 00 AA 0A BE 97 24 
"
"2016-11-21 14:30:01ID: BC  Data: 00 00 00 AA F5 41 68 DC 
"
"2016-11-21 14:30:01ID: BB  Data: 00 00 00 AA 0A BA A4 AD 
"
"2016-11-21 14:30:01ID: BC  Data: 00 00 00 AA F5 45 5B 53 
"
"2016-11-21 14:30:01ID: BB  Data: 00 00 00 AA 0A B4 10 90 
"
"2016-11-21 14:30:01ID: BC  Data: 00 00 00 AA F5 4B EF 70 
"
"2016-11-21 14:30:02ID: BB  Data: 00 00 00 AA 0A B4 10 90 
"
"2016-11-21 14:30:02ID: BC  Data: 00 00 00 AA F5 4B EF 70 
"
"2016-11-21 14:30:02ID: BB  Data: 00 00 00 AA 0A B1 6E EB 
"
"2016-11-21 14:30:02ID: BC  Data: 00 00 00 AA F5 4E 91 15 
"
"2016-11-21 14:30:02ID: BB  Data: 00 00 00 AA 0A B8 03 08 
"
"2016-11-21 14:30:02ID: BC  Data: 00 00 00 AA F5 47 FC F8 
"
"2016-11-21 14:30:02ID: BB  Data: 00 00 00 AA 0A A5 97 84 
"
"2016-11-21 14:30:02ID: BC  Data: 00 00 00 AA F5 5A 68 7C 
"
"2016-11-21 14:30:02ID: BB  Data: 00 00 00 AA 0A B5 61 63 
"
"2016-11-21 14:30:02ID: BC  Data: 00 00 00 AA F5 4A 9E 9D 
"
"2016-11-21 14:30:02ID: BB  Data: 00 00 00 AA 0A A8 39 29 
"
"2016-11-21 14:30:02ID: BC  Data: 00 00 00 AA F5 57 C6 D7 
"
"2016-11-21 14:30:02ID: BB  Data: 00 00 00 AA 0A AA DA CF 
"
"2016-11-21 14:30:02ID: BC  Data: 00 00 00 AA F5 55 25 31 
"
"2016-11-21 14:30:02ID: BB  Data: 00 00 00 AA 0A AE CD 46 
"
"2016-11-21 14:30:02ID: BC  Data: 00 00 00 AA F5 51 32 BA 
"
"2016-11-21 14:30:02ID: BB  Data: 00 00 00 AA 0A AA DA CF 
"
"2016-11-21 14:30:02ID: BC  Data: 00 00 00 AA F5 55 25 31 
"
"2016-11-21 14:30:02ID: BB  Data: 00 00 00 AA 0A AE CD 46 
"
"2016-11-21 14:30:02ID: BC  Data: 00 00 00 AA F5 51 32 BA 
"
"2016-11-21 14:30:02ID: BB  Data: 00 00 00 AA 0A AD 7C 74 
"
"2016-11-21 14:30:02ID: BC  Data: 00 00 00 AA F5 52 83 8C 
"
"2016-11-21 14:30:03ID: BB  Data: 00 00 00 AA 0A B0 1E 19 
"
"2016-11-21 14:30:03ID: BC  Data: 00 00 00 AA F5 4F E1 E7 
"
"2016-11-21 14:30:03ID: BB  Data: 00 00 00 AA 0A A1 A5 0D 
"
"2016-11-21 14:30:03ID: BC  Data: 00 00 00 AA F5 5E 5A F3 
"
"2016-11-21 14:30:03ID: BB  Data: 00 00 00 AA 0A AE CD 46 
"
"2016-11-21 14:30:03ID: BC  Data: 00 00 00 AA F5 51 32 BA 
"
"2016-11-21 14:30:03ID: BB  Data: 00 00 00 AA 0A AA DA CF 
"
"2016-11-21 14:30:03ID: BC  Data: 00 00 00 AA F5 55 25 31 
"
"2016-11-21 14:30:03ID: BB  Data: 00 00 00 AA 0A B0 1E 19 
"
"2016-11-21 14:30:03ID: BC  Data: 00 00 00 AA F5 4F E1 E7 
"
"2016-11-21 14:30:03ID: BB  Data: 00 00 00 AA 0A A0 54 3A 
"
"2016-11-21 14:30:03ID: BC  Data: 00 00 00 AA F5 5F AB C6 
"
"2016-11-21 14:30:03ID: BB  Data: 00 00 00 AA 0A AC 2B A1 
"
"2016-11-21 14:30:03ID: BC  Data: 00 00 00 AA F5 53 D4 5F 
"
"2016-11-21 14:30:03ID: BB  Data: 00 00 00 AA 0A A1 A5 0D 
"
"2016-11-21 14:30:03ID: BC  Data: 00 00 00 AA F5 5E 5A F3 
"
"2016-11-21 14:30:03ID: BB  Data: 00 00 00 AA 0A A2 F5 DF 
"
"2016-11-21 14:30:03ID: BC  Data: 00 00 00 AA F5 5D 0A 21 
"
"2016-11-21 14:30:03ID: BB  Data: 00 00 00 AA 0A A4 46 B2 
"
"2016-11-21 14:30:03ID: BC  Data: 00 00 00 AA F5 5B B9 4E 
"
"2016-11-21 14:30:03ID: BB  Data: 00 00 00 AA 0A A8 39 29 
"
"2016-11-21 14:30:03ID: BC  Data: 00 00 00 AA F5 57 C6 D7 
"
"2016-11-21 14:30:03ID: BB  Data: 00 00 00 AA 0A 91 DB 2F 
"
"2016-11-21 14:30:03ID: BC  Data: 00 00 00 AA F5 6E 24 D1 
"
"2016-11-21 14:30:04ID: BB  Data: 00 00 00 AA 0A B0 1E 19 
"
"2016-11-21 14:30:04ID: BC  Data: 00 00 00 AA F5 4F E1 E7 
"
"2016-11-21 14:30:04ID: BB  Data: 00 00 00 AA 0A 94 7C D4 
"
"2016-11-21 14:30:04ID: BC  Data: 00 00 00 AA F5 6B 83 2C 
"
"2016-11-21 14:30:04ID: BB  Data: 00 00 00 AA 0A 87 54 9B 
"
"2016-11-21 14:30:04ID: BC  Data: 00 00 00 AA F5 78 AB 65 
"
"2016-11-21 14:30:04ID: BB  Data: 00 00 00 AA 0A 59 47 D2 
"
"2016-11-21 14:30:04ID: BC  Data: 00 00 00 AA F5 A6 B8 2E 
"
"2016-11-21 14:30:04ID: BB  Data: 00 00 00 AA 0A 30 7E 54 
"
"2016-11-21 14:30:04ID: BC  Data: 00 00 00 AA F5 CF 81 AC 
"
"2016-11-21 14:30:04ID: BB  Data: 00 00 00 AA 09 7D 8E 7E 
"
"2016-11-21 14:30:04ID: BC  Data: 00 00 00 AA F6 82 71 82 
"
"2016-11-21 14:30:04ID: BB  Data: 00 00 00 AA 05 7F 3F 8B 
"
"2016-11-21 14:30:04ID: BC  Data: 00 00 00 AA FA 80 C0 75 
"
"2016-11-21 14:30:04ID: BB  Data: 00 00 00 AA 03 2B 3B 07 
"
"2016-11-21 14:30:04ID: BC  Data: 00 00 00 AA FC D4 C4 F9 
"
"2016-11-21 14:30:04ID: BB  Data: 00 00 00 AA 00 00 00 00 
"
"2016-11-21 14:30:04ID: BC  Data: 00 00 00 AA 00 00 00 00 
"
"2016-11-21 14:30:04ID: BB  Data: 00 00 00 AA 00 00 00 00 
"
"2016-11-21 14:30:04ID: BC  Data: 00 00 00 AA 00 00 00 00 
"
"2016-11-21 14:30:04ID: BB  Data: 00 00 00 AA 00 00 00 00 
"
"2016-11-21 14:30:04ID: BC  Data: 00 00 00 AA 00 00 00 00 
"
"2016-11-21 14:30:05ID: BB  Data: 00 00 00 AA 00 00 00 00 
"
"2016-11-21 14:30:05ID: BC  Data: 00 00 00 AA 00 00 00 00 
"
"2016-11-21 14:30:05ID: BB  Data: 00 00 00 AA 00 00 00 00 
"
"2016-11-21 14:30:05ID: BC  Data: 00 00 00 AA 00 00 00 00 
"
"2016-11-21 14:30:05ID: BB  Data: 00 00 00 AA 00 00 00 00 
"
"2016-11-21 14:30:05ID: BC  Data: 00 00 00 AA 00 00 00 00 
"
"2016-11-21 14:30:05ID: BB  Data: 00 00 00 AA 00 00 00 00 
"
"2016-11-21 14:30:05ID: BC  Data: 00 00 00 AA 00 00 00 00 
"
"2016-11-21 14:30:05ID: BB  Data: 00 00 00 AA 00 00 00 00 
"
"2016-11-21 14:30:05ID: BC  Data: 00 00 00 AA 00 00 00 00 
"
"2016-11-21 14:30:05ID: BB  Data: 00 00 00 AA 00 00 00 00 
"
"2016-11-21 14:30:05ID: BC  Data: 00 00 00 AA 00 00 00 00 
"
"2016-11-21 14:30:05ID: BB  Data: 00 00 00 AA 00 00 00 00 
"
"2016-11-21 14:30:05ID: BC  Data: 00 00 00 AA 00 00 00 00 
"
"2016-11-21 14:30:05ID: BB  Data: 00 00 00 AA 00 00 00 00 
"
"2016-11-21 14:30:05ID: BC  Data: 00 00 00 AA 00 00 00 00 
"
"2016-11-21 14:30:05ID: BB  Data: 00 00 00 AA 00 00 00 00 
"
"2016-11-21 14:30:05ID: BC  Data: 00 00 00 AA 00 00 00 00 
"
"2016-11-21 14:30:05ID: BB  Data: 00 00 00 AA 00 00 00 00 
"
"2016-11-21 14:30:05ID: BC  Data: 00 00 00 AA 00 00 00 00 
"
"2016-11-21 14:30:05ID: BB  Data: 00 00 00 AA 00 00 00 00 
"
"2016-11-21 14:30:05ID: BC  Data: 00 00 00 AA 00 00 00 00 
"
"2016-11-21 14:30:06ID: BB  Data: 00 00 00 AA 00 00 00 00 
"
"2016-11-21 14:30:06ID: BC  Data: 00 00 00 AA 00 00 00 00 
"
"2016-11-21 14:30:06ID: BB  Data: 00 00 00 AA 00 00 00 00 
"
"2016-11-21 14:30:06ID: BC  Data: 00 00 00 AA 00 00 00 00 
"
"2016-11-21 14:30:06ID: BB  Data: 00 00 00 AA 00 00 00 00 
"
"2016-11-21 14:30:06ID: BC  Data: 00 00 00 AA 00 00 00 00 
"
"2016-11-21 14:30:06ID: BB  Data: 00 00 00 AA 00 00 00 00 
"
"2016-11-21 14:30:06ID: BC  Data: 00 00 00 AA 00 00 00 00 
"
"2016-11-21 14:30:06ID: BB  Data: 00 00 00 AA 00 00 00 00 
"
"2016-11-21 14:30:06ID: BC  Data: 00 00 00 AA 00 00 00 00 
"
"2016-11-21 14:30:06ID: BB  Data: 00 00 00 AA 00 00 00 00 
"
"2016-11-21 14:30:06ID: BC  Data: 00 00 00 AA 00 00 00 00 
"
"2016-11-21 14:30:06ID: BB  Data: 00 00 00 AA 00 00 00 00 
"
"2016-11-21 14:30:06ID: BC  Data: 00 00 00 AA 00 00 00 00 
"
"2016-11-21 14:30:06ID: BB  Data: 00 00 00 AA 00 00 00 00 
"
"2016-11-21 14:30:06ID: BC  Data: 00 00 00 AA 00 00 00 00 
"
"2016-11-21 14:30:06ID: BB  Data: 00 00 00 AA 00 00 00 00 
"
"2016-11-21 14:30:06ID: BC  Data: 00 00 00 AA 00 00 00 00 
"
"2016-11-21 14:30:06ID: BB  Data: 00 00 00 AA 00 00 00 00 
"
"2016-11-21 14:30:06ID: BC  Data: 00 00 00 AA 00 00 00 00 
"
"2016-11-21 14:30:06ID: BB  Data: 00 00 00 AA 00 00 00 00 
"
"2016-11-21 14:30:06ID: BC  Data: 00 00 00 AA 00 00 00 00 
"
"2016-11-21 14:30:06ID: BB  Data: 00 00 00 AA 00 00 00 00 
"
"2016-11-21 14:30:06ID: BC  Data: 00 00 00 AA 00 00 00 00 
"
"2016-11-21 14:30:07ID: BB  Data: 00 00 00 AA 00 00 00 00 
"
"2016-11-21 14:30:07ID: BC  Data: 00 00 00 AA 00 00 00 00 
"
"2016-11-21 14:30:07ID: BB  Data: 00 00 00 AA 00 00 00 00 
"
"2016-11-21 14:30:07ID: BC  Data: 00 00 00 AA 00 00 00 00 
"
"2016-11-21 14:30:07ID: BB  Data: 00 00 00 AA 00 00 00 00 
"
"2016-11-21 14:30:07ID: BC  Data: 00 00 00 AA 00 00 00 00 
"
"2016-11-21 14:30:07ID: BB  Data: 00 00 00 AA 00 00 00 00 
"
"2016-11-21 14:30:07ID: BC  Data: 00 00 00 AA 00 00 00 00 
"
"2016-11-21 14:30:07ID: BB  Data: 00 00 00 AA 00 00 00 00 
"
"2016-11-21 14:30:07ID: BC  Data: 00 00 00 AA 00 00 00 00 
"
"2016-11-21 14:30:07ID: BB  Data: 00 00 00 AA 00 00 00 00 
"
"2016-11-21 14:30:07ID: BC  Data: 00 00 00 AA 00 00 00 00 
"
"2016-11-21 14:30:07ID: BB  Data: 00 00 00 AA 00 00 00 00 
"
"2016-11-21 14:30:07ID: BC  Data: 00 00 00 AA 00 00 00 00 
"
"2016-11-21 14:30:07ID: BB  Data: 00 00 00 AA 00 00 00 00 
"
"2016-11-21 14:30:07ID: BC  Data: 00 00 00 AA 00 00 00 00 
"
"2016-11-21 14:30:07ID: BB  Data: 00 00 00 AA 00 00 00 00 
"
"2016-11-21 14:30:07ID: BC  Data: 00 00 00 AA 00 00 00 00 
"
"2016-11-21 14:30:07ID: BB  Data: 00 00 00 AA 00 00 00 00 
"
"2016-11-21 14:30:07ID: BC  Data: 00 00 00 AA 00 00 00 00 
"
"2016-11-21 14:30:07ID: BB  Data: 00 00 00 AA 00 00 00 00 
"
"2016-11-21 14:30:07ID: BC  Data: 00 00 00 AA 00 00 00 00 
"
"2016-11-21 14:30:08ID: BB  Data: 00 00 00 AA 00 00 00 00 
"
"2016-11-21 14:30:08ID: BC  Data: 00 00 00 AA 00 00 00 00 
"
"2016-11-21 14:30:08ID: BB  Data: 00 00 00 AA 00 00 00 00 
"
"2016-11-21 14:30:08ID: BC  Data: 00 00 00 AA 00 00 00 00 
"
"2016-11-21 14:30:08ID: BB  Data: 00 00 00 AA 00 00 00 00 
"
"2016-11-21 14:30:08ID: BC  Data: 00 00 00 AA 00 00 00 00 
"
"2016-11-21 14:30:08ID: BB  Data: 00 00 00 AA 00 00 00 00 
"
"2016-11-21 14:30:08ID: BC  Data: 00 00 00 AA 00 00 00 00 
"
"2016-11-21 14:30:08ID: BB  Data: 00 00 00 AA 00 00 00 00 
"
"2016-11-21 14:30:08ID: BC  Data: 00 00 00 AA 00 00 00 00 
"
"2016-11-21 14:30:08ID: BB  Data: 00 00 00 AA 00 00 00 00 
"
"2016-11-21 14:30:08ID: BC  Data: 00 00 00 AA 00 00 00 00 
"
"2016-11-21 14:30:08ID: BB  Data: 00 00 00 AA 00 00 00 00 
"
"2016-11-21 14:30:08ID: BC  Data: 00 00 00 AA 00 00 00 00 
"
"2016-11-21 14:30:08ID: BB  Data: 00 00 00 AA 00 00 00 00 
"
"2016-11-21 14:30:08ID: BC  Data: 00 00 00 AA 00 00 00 00 
"
"2016-11-21 14:30:08ID: BB  Data: 00 00 00 AA 00 00 00 00 
"
"2016-11-21 14:30:08ID: BC  Data: 00 00 00 AA 00 00 00 00 
"
"2016-11-21 14:30:08ID: BB  Data: 00 00 00 AA 00 00 00 00 
"
"2016-11-21 14:30:08ID: BC  Data: 00 00 00 AA 00 00 00 00 
"
"2016-11-21 14:30:08ID: BB  Data: 00 00 00 AA 00 00 00 00 
"
"2016-11-21 14:30:08ID: BC  Data: 00 00 00 AA 00 00 00 00 
"
"2016-11-21 14:30:08ID: BB  Data: 00 00 00 AA 00 00 00 00 
"
"2016-11-21 14:30:09ID: BC  Data: 00 00 00 AA 00 00 00 00 
"
"2016-11-21 14:30:09ID: BB  Data: 00 00 00 AA 00 00 00 00 
"
"2016-11-21 14:30:09ID: BC  Data: 00 00 00 AA 00 00 00 00 
"
"2016-11-21 14:30:09ID: BB  Data: 00 00 00 AA 00 00 00 00 
"
"2016-11-21 14:30:09ID: BC  Data: 00 00 00 AA 00 00 00 00 
"
"2016-11-21 14:30:09ID: BB  Data: 00 00 00 AA 00 00 00 00 
"
"2016-11-21 14:30:09ID: BC  Data: 00 00 00 AA 00 00 00 00 
"
"2016-11-21 14:30:09ID: BB  Data: 00 00 00 AA 00 00 00 00 
"
"2016-11-21 14:30:09ID: BC  Data: 00 00 00 AA 00 00 00 00 
"
"2016-11-21 14:30:09ID: BB  Data: 00 00 00 AA 00 00 00 00 
"
"2016-11-21 14:30:09ID: BC  Data: 00 00 00 AA 00 00 00 00 
"
"2016-11-21 14:30:09ID: BB  Data: 00 00 00 AA 00 00 00 00 
"
"2016-11-21 14:30:09ID: BC  Data: 00 00 00 AA 00 00 00 00 
"
"2016-11-21 14:30:09ID: BB  Data: 00 00 00 AA 00 00 00 00 
"
"2016-11-21 14:30:09ID: BC  Data: 00 00 00 AA 00 00 00 00 
"
"2016-11-21 14:30:09ID: BB  Data: 00 00 00 AA 00 00 00 00 
"
"2016-11-21 14:30:09ID: BC  Data: 00 00 00 AA 00 00 00 00 
"
"2016-11-21 14:30:09ID: BB  Data: 00 00 00 AA 00 00 00 00 
"
"2016-11-21 14:30:09ID: BC  Data: 00 00 00 AA 00 00 00 00 
"
"2016-11-21 14:30:09ID: BB  Data: 00 00 00 AA 00 00 00 00 
"
"2016-11-21 14:30:09ID: BC  Data: 00 00 00 AA 00 00 00 00 
"
"2016-11-21 14:30:09ID: BB  Data: 00 00 00 AA 00 00 00 00 
"
"2016-11-21 14:30:09ID: BC  Data: 00 00 00 AA 00 00 00 00 
"
"2016-11-21 14:30:10ID: BB  Data: 00 00 00 AA 00 00 00 00 
"
"2016-11-21 14:30:10ID: BC  Data: 00 00 00 AA 00 00 00 00 
"
"2016-11-21 14:30:10ID: BB  Data: 00 00 00 AA 00 00 00 00 
"
"2016-11-21 14:30:10ID: BC  Data: 00 00 00 AA 00 00 00 00 
"
"2016-11-21 14:30:10ID: BB  Data: 00 00 00 AA 00 00 00 00 
"
"2016-11-21 14:30:10ID: BC  Data: 00 00 00 AA 00 00 00 00 
"
"2016-11-21 14:30:10ID: BB  Data: 00 00 00 AA 00 00 00 00 
"
"2016-11-21 14:30:10ID: BC  Data: 00 00 00 AA 00 00 00 00 
"
"2016-11-21 14:30:10ID: BB  Data: 00 00 00 AA 00 00 00 00 
"
"2016-11-21 14:30:10ID: BC  Data: 00 00 00 AA 00 00 00 00 
"
"2016-11-21 14:30:10ID: BB  Data: 00 00 00 AA 00 00 00 00 
"
"2016-11-21 14:30:10ID: BC  Data: 00 00 00 AA 00 00 00 00 
"
"2016-11-21 14:30:10ID: BB  Data: 00 00 00 AA 00 00 00 00 
"
"2016-11-21 14:30:10ID: BC  Data: 00 00 00 AA 00 00 00 00 
"
"2016-11-21 14:30:10ID: BB  Data: 00 00 00 AA 00 00 00 00 
"
"2016-11-21 14:30:10ID: BC  Data: 00 00 00 AA 00 00 00 00 
"
"2016-11-21 14:30:10ID: BB  Data: 00 00 00 AA 00 00 00 00 
"
"2016-11-21 14:30:10ID: BC  Data: 00 00 00 AA 00 00 00 00 
"
"2016-11-21 14:30:10ID: BB  Data: 00 00 00 AA 00 00 00 00 
"
"2016-11-21 14:30:10ID: BC  Data: 00 00 00 AA 00 00 00 00 
"
"2016-11-21 14:30:10ID: BB  Data: 00 00 00 AA 00 00 00 00 
"
"2016-11-21 14:30:10ID: BC  Data: 00 00 00 AA 00 00 00 00 
"
"2016-11-21 14:30:11ID: BB  Data: 00 00 00 AA 00 00 00 00 
"
"2016-11-21 14:30:11ID: BC  Data: 00 00 00 AA 00 00 00 00 
"
"2016-11-21 14:30:11ID: BB  Data: 00 00 00 AA 00 00 00 00 
"
"2016-11-21 14:30:11ID: BC  Data: 00 00 00 AA 00 00 00 00 
"
"2016-11-21 14:30:11ID: BB  Data: 00 00 00 AA 00 00 00 00 
"
"2016-11-21 14:30:11ID: BC  Data: 00 00 00 AA 00 00 00 00 
"
"2016-11-21 14:30:11ID: BB  Data: 00 00 00 AA 00 00 00 00 
"
"2016-11-21 14:30:11ID: BC  Data: 00 00 00 AA 00 00 00 00 
"
"2016-11-21 14:30:11ID: BB  Data: 00 00 00 AA 00 00 00 00 
"
"2016-11-21 14:30:11ID: BC  Data: 00 00 00 AA 00 00 00 00 
"
"2016-11-21 14:30:11ID: BB  Data: 00 00 00 AA 00 00 00 00 
"
"2016-11-21 14:30:11ID: BC  Data: 00 00 00 AA 00 00 00 00 
"
"2016-11-21 14:30:11ID: BB  Data: 00 00 00 AA 00 00 00 00 
"
"2016-11-21 14:30:11ID: BC  Data: 00 00 00 AA 00 00 00 00 
"
"2016-11-21 14:30:11ID: BB  Data: 00 00 00 AA 00 00 00 00 
"
"2016-11-21 14:30:11ID: BC  Data: 00 00 00 AA 00 00 00 00 
"
"2016-11-21 14:30:11ID: BB  Data: 00 00 00 AA 02 CB 2E FF 
"
"2016-11-21 14:30:11ID: BC  Data: 00 00 00 AA FD 34 D1 01 
"
"2016-11-21 14:30:11ID: BB  Data: 00 00 00 AA 04 5B 28 FC 
"
"2016-11-21 14:30:11ID: BC  Data: 00 00 00 AA FB A4 D7 04 
"
"2016-11-21 14:30:11ID: BB  Data: 00 00 00 AA 05 CE 30 E2 
"
"2016-11-21 14:30:11ID: BC  Data: 00 00 00 AA FA 31 CF 1E 
"
"2016-11-21 14:30:11ID: BB  Data: 00 00 00 AA 06 16 8E 1C 
"
"2016-11-21 14:30:11ID: BC  Data: 00 00 00 AA F9 E9 71 E4 
"
"2016-11-21 14:30:12ID: BB  Data: 00 00 00 AA 06 AF 2D 80 
"
"2016-11-21 14:30:12ID: BC  Data: 00 00 00 AA F9 50 D2 80 
"
"2016-11-21 14:30:12ID: BB  Data: 00 00 00 AA 07 26 E8 55 
"
"2016-11-21 14:30:12ID: BC  Data: 00 00 00 AA F8 D9 17 AB 
"
"2016-11-21 14:30:12ID: BB  Data: 00 00 00 AA 08 20 E4 93 
"
"2016-11-21 14:30:12ID: BC  Data: 00 00 00 AA F7 DF 1B 6D 
"
"2016-11-21 14:30:12ID: BB  Data: 00 00 00 AA 08 E6 3F ED 
"
"2016-11-21 14:30:12ID: BC  Data: 00 00 00 AA F7 19 C0 13 
"
"2016-11-21 14:30:12ID: BB  Data: 00 00 00 AA 09 61 ED 39 
"
"2016-11-21 14:30:12ID: BC  Data: 00 00 00 AA F6 9E 12 C7 
"
"2016-11-21 14:30:12ID: BB  Data: 00 00 00 AA 0A 1A 20 5A 
"
"2016-11-21 14:30:12ID: BC  Data: 00 00 00 AA F5 E5 DF A6 
"
"2016-11-21 14:30:12ID: BB  Data: 00 00 00 AA 0A 27 48 93 
"
"2016-11-21 14:30:12ID: BC  Data: 00 00 00 AA F5 D8 B7 6D 
"
"2016-11-21 14:30:12ID: BB  Data: 00 00 00 AA 09 FF CF E7 
"
"2016-11-21 14:30:12ID: BC  Data: 00 00 00 AA F6 00 30 19 
"
"2016-11-21 14:30:12ID: BB  Data: 00 00 00 AA 09 DD 9A 86 
"
"2016-11-21 14:30:12ID: BC  Data: 00 00 00 AA F6 22 65 7A 
"
"2016-11-21 14:30:12ID: BB  Data: 00 00 00 AA 09 DA F8 E1 
"
"2016-11-21 14:30:12ID: BC  Data: 00 00 00 AA F6 25 07 1F 
"
"2016-11-21 14:30:12ID: BB  Data: 00 00 00 AA 09 BF 57 9C 
"
"2016-11-21 14:30:12ID: BC  Data: 00 00 00 AA F6 40 A8 64 
"
"2016-11-21 14:30:13ID: BB  Data: 00 00 00 AA 09 97 DE F1 
"
"2016-11-21 14:30:13ID: BC  Data: 00 00 00 AA F6 68 21 0F 
"
"2016-11-21 14:30:13ID: BB  Data: 00 00 00 AA 09 8D 58 5C 
"
"2016-11-21 14:30:13ID: BC  Data: 00 00 00 AA F6 72 A7 A4 
"
"2016-11-21 14:30:13ID: BB  Data: 00 00 00 AA 09 4F 81 B6 
"
"2016-11-21 14:30:13ID: BC  Data: 00 00 00 AA F6 B0 7E 4A 
"
"2016-11-21 14:30:13ID: BB  Data: 00 00 00 AA 09 53 74 2E 
"
"2016-11-21 14:30:13ID: BC  Data: 00 00 00 AA F6 AC 8B D2 
"
"2016-11-21 14:30:13ID: BB  Data: 00 00 00 AA 09 48 ED 9A 
"
"2016-11-21 14:30:13ID: BC  Data: 00 00 00 AA F6 B7 12 66 
"
"2016-11-21 14:30:13ID: BB  Data: 00 00 00 AA 09 46 4B F4 
"
"2016-11-21 14:30:13ID: BC  Data: 00 00 00 AA F6 B9 B4 0C 
"
"2016-11-21 14:30:13ID: BB  Data: 00 00 00 AA 09 42 59 7D 
"
"2016-11-21 14:30:13ID: BC  Data: 00 00 00 AA F6 BD A6 83 
"
"2016-11-21 14:30:13ID: BB  Data: 00 00 00 AA 09 36 82 16 
"
"2016-11-21 14:30:13ID: BC  Data: 00 00 00 AA F6 C9 7D EA 
"
"2016-11-21 14:30:13ID: BB  Data: 00 00 00 AA 09 36 82 16 
"
"2016-11-21 14:30:13ID: BC  Data: 00 00 00 AA F6 C9 7D EA 
"
"2016-11-21 14:30:13ID: BB  Data: 00 00 00 AA 09 2D 4C 55 
"
"2016-11-21 14:30:13ID: BC  Data: 00 00 00 AA F6 D2 B3 AB 
"
"2016-11-21 14:30:13ID: BB  Data: 00 00 00 AA 09 2B FB 82 
"
"2016-11-21 14:30:13ID: BC  Data: 00 00 00 AA F6 D4 04 7E 
"
"2016-11-21 14:30:14ID: BB  Data: 00 00 00 AA 09 29 59 DD 
"
"2016-11-21 14:30:14ID: BC  Data: 00 00 00 AA F6 D6 A6 23 
"
"2016-11-21 14:30:14ID: BB  Data: 00 00 00 AA 09 28 09 0B 
"
"2016-11-21 14:30:14ID: BC  Data: 00 00 00 AA F6 D7 F6 F5 
"
"2016-11-21 14:30:14ID: BB  Data: 00 00 00 AA 09 29 59 DD 
"
"2016-11-21 14:30:14ID: BC  Data: 00 00 00 AA F6 D6 A6 23 
"
"2016-11-21 14:30:14ID: BB  Data: 00 00 00 AA 09 2B FB 82 
"
"2016-11-21 14:30:14ID: BC  Data: 00 00 00 AA F6 D4 04 7E 
"
"2016-11-21 14:30:14ID: BB  Data: 00 00 00 AA 09 28 09 0B 
"
"2016-11-21 14:30:14ID: BC  Data: 00 00 00 AA F6 D7 F6 F5 
"
"2016-11-21 14:30:14ID: BB  Data: 00 00 00 AA 09 2B FB 82 
"
"2016-11-21 14:30:14ID: BC  Data: 00 00 00 AA F6 D4 04 7E 
"
"2016-11-21 14:30:14ID: BB  Data: 00 00 00 AA 09 2F ED FA 
"
"2016-11-21 14:30:14ID: BC  Data: 00 00 00 AA F6 D0 12 06 
"
"2016-11-21 14:30:14ID: BB  Data: 00 00 00 AA 09 2E 9D 27 
"
"2016-11-21 14:30:14ID: BC  Data: 00 00 00 AA F6 D1 62 D9 
"
"2016-11-21 14:30:14ID: BB  Data: 00 00 00 AA 09 2D 4C 55 
"
"2016-11-21 14:30:14ID: BC  Data: 00 00 00 AA F6 D2 B3 AB 
"
"2016-11-21 14:30:14ID: BB  Data: 00 00 00 AA 09 29 59 DD 
"
"2016-11-21 14:30:14ID: BC  Data: 00 00 00 AA F6 D6 A6 23 
"
"2016-11-21 14:30:14ID: BB  Data: 00 00 00 AA 09 2D 4C 55 
"
"2016-11-21 14:30:14ID: BC  Data: 00 00 00 AA F6 D2 B3 AB 
"
"2016-11-21 14:30:14ID: BB  Data: 00 00 00 AA 09 26 B8 38 
"
"2016-11-21 14:30:14ID: BC  Data: 00 00 00 AA F6 D9 47 C8 
"
"2016-11-21 14:30:15ID: BB  Data: 00 00 00 AA 09 2A AA B0 
"
"2016-11-21 14:30:15ID: BC  Data: 00 00 00 AA F6 D5 55 50 
"
"2016-11-21 14:30:15ID: BB  Data: 00 00 00 AA 09 3F B7 D8 
"
"2016-11-21 14:30:15ID: BC  Data: 00 00 00 AA F6 C0 48 28 
"
"2016-11-21 14:30:15ID: BB  Data: 00 00 00 AA 09 33 E0 71 
"
"2016-11-21 14:30:15ID: BC  Data: 00 00 00 AA F6 CC 1F 8F 
"
"2016-11-21 14:30:15ID: BB  Data: 00 00 00 AA 09 35 31 44 
"
"2016-11-21 14:30:15ID: BC  Data: 00 00 00 AA F6 CA CE BC 
"
"2016-11-21 14:30:15ID: BB  Data: 00 00 00 AA 09 35 31 44 
"
"2016-11-21 14:30:15ID: BC  Data: 00 00 00 AA F6 CA CE BC 
"
"2016-11-21 14:30:15ID: BB  Data: 00 00 00 AA 09 37 D2 E9 
"
"2016-11-21 14:30:15ID: BC  Data: 00 00 00 AA F6 C8 2D 17 
"
"2016-11-21 14:30:15ID: BB  Data: 00 00 00 AA 09 35 31 44 
"
"2016-11-21 14:30:15ID: BC  Data: 00 00 00 AA F6 CA CE BC 
"
"2016-11-21 14:30:15ID: BB  Data: 00 00 00 AA 09 44 FB 22 
"
"2016-11-21 14:30:15ID: BC  Data: 00 00 00 AA F6 BB 04 DE 
"
"2016-11-21 14:30:15ID: BB  Data: 00 00 00 AA 09 31 3E CC 
"
"2016-11-21 14:30:15ID: BC  Data: 00 00 00 AA F6 CE C1 34 
"
"2016-11-21 14:30:15ID: BB  Data: 00 00 00 AA 09 44 FB 22 
"
"2016-11-21 14:30:15ID: BC  Data: 00 00 00 AA F6 BB 04 DE 
"
"2016-11-21 14:30:15ID: BB  Data: 00 00 00 AA 09 3B C5 60 
"
"2016-11-21 14:30:15ID: BC  Data: 00 00 00 AA F6 C4 3A A0 
"
"2016-11-21 14:30:16ID: BB  Data: 00 00 00 AA 09 54 C5 00 
"
"2016-11-21 14:30:16ID: BC  Data: 00 00 00 AA F6 AB 3B 00 
"
"2016-11-21 14:30:16ID: BB  Data: 00 00 00 AA 09 31 3E CC 
"
"2016-11-21 14:30:16ID: BC  Data: 00 00 00 AA F6 CE C1 34 
"
"2016-11-21 14:30:16ID: BB  Data: 00 00 00 AA 09 4B 8F 3F 
"
"2016-11-21 14:30:16ID: BC  Data: 00 00 00 AA F6 B4 70 C1 
"
"2016-11-21 14:30:16ID: BB  Data: 00 00 00 AA 09 43 AA 4F 
"
"2016-11-21 14:30:16ID: BC  Data: 00 00 00 AA F6 BC 55 B1 
"
"2016-11-21 14:30:16ID: BB  Data: 00 00 00 AA 09 50 D2 89 
"
"2016-11-21 14:30:16ID: BC  Data: 00 00 00 AA F6 AF 2D 77 
"
"2016-11-21 14:30:16ID: BB  Data: 00 00 00 AA 09 4C E0 11 
"
"2016-11-21 14:30:16ID: BC  Data: 00 00 00 AA F6 B3 1F EF 
"
"2016-11-21 14:30:16ID: BB  Data: 00 00 00 AA 09 44 FB 22 
"
"2016-11-21 14:30:16ID: BC  Data: 00 00 00 AA F6 BB 04 DE 
"
"2016-11-21 14:30:16ID: BB  Data: 00 00 00 AA 09 42 59 7D 
"
"2016-11-21 14:30:16ID: BC  Data: 00 00 00 AA F6 BD A6 83 
"
"2016-11-21 14:30:16ID: BB  Data: 00 00 00 AA 09 3F B7 D8 
"
"2016-11-21 14:30:16ID: BC  Data: 00 00 00 AA F6 C0 48 28 
"
"2016-11-21 14:30:16ID: BB  Data: 00 00 00 AA 09 3F B7 D8 
"
"2016-11-21 14:30:16ID: BC  Data: 00 00 00 AA F6 C0 48 28 
"
"2016-11-21 14:30:16ID: BB  Data: 00 00 00 AA 09 50 D2 89 
"
"2016-11-21 14:30:16ID: BC  Data: 00 00 00 AA F6 AF 2D 77 
"
"2016-11-21 14:30:16ID: BB  Data: 00 00 00 AA 09 36 82 16 
"
"2016-11-21 14:30:17ID: BC  Data: 00 00 00 AA F6 C9 7D EA 
"
"2016-11-21 14:30:17ID: BB  Data: 00 00 00 AA 09 37 D2 E9 
"
"2016-11-21 14:30:17ID: BC  Data: 00 00 00 AA F6 C8 2D 17 
"
"2016-11-21 14:30:17ID: BB  Data: 00 00 00 AA 09 36 82 16 
"
"2016-11-21 14:30:17ID: BC  Data: 00 00 00 AA F6 C9 7D EA 
"
"2016-11-21 14:30:17ID: BB  Data: 00 00 00 AA 09 3A 74 8E 
"
"2016-11-21 14:30:17ID: BC  Data: 00 00 00 AA F6 C5 8B 72 
"
"2016-11-21 14:30:17ID: BB  Data: 00 00 00 AA 09 3F B7 D8 
"
"2016-11-21 14:30:17ID: BC  Data: 00 00 00 AA F6 C0 48 28 
"
"2016-11-21 14:30:17ID: BB  Data: 00 00 00 AA 09 41 08 AA 
"
"2016-11-21 14:30:17ID: BC  Data: 00 00 00 AA F6 BE F7 56 
"
"2016-11-21 14:30:17ID: BB  Data: 00 00 00 AA 09 44 FB 22 
"
"2016-11-21 14:30:17ID: BC  Data: 00 00 00 AA F6 BB 04 DE 
"
"2016-11-21 14:30:17ID: BB  Data: 00 00 00 AA 09 42 59 7D 
"
"2016-11-21 14:30:17ID: BC  Data: 00 00 00 AA F6 BD A6 83 
"
"2016-11-21 14:30:17ID: BB  Data: 00 00 00 AA 09 4A 3E 6C 
"
"2016-11-21 14:30:17ID: BC  Data: 00 00 00 AA F6 B5 C1 94 
"
"2016-11-21 14:30:17ID: BB  Data: 00 00 00 AA 09 50 D2 89 
"
"2016-11-21 14:30:17ID: BC  Data: 00 00 00 AA F6 AF 2D 77 
"
"2016-11-21 14:30:17ID: BB  Data: 00 00 00 AA 09 35 31 44 
"
"2016-11-21 14:30:17ID: BC  Data: 00 00 00 AA F6 CA CE BC 
"
"2016-11-21 14:30:17ID: BB  Data: 00 00 00 AA 09 3D 16 33 
"
"2016-11-21 14:30:17ID: BC  Data: 00 00 00 AA F6 C2 E9 CD 
"
"2016-11-21 14:30:18ID: BB  Data: 00 00 00 AA 08 FD EE BA 
"
"2016-11-21 14:30:18ID: BC  Data: 00 00 00 AA F7 02 11 46 
"
"2016-11-21 14:30:18ID: BB  Data: 00 00 00 AA 09 0F 09 6B 
"
"2016-11-21 14:30:18ID: BC  Data: 00 00 00 AA F6 F0 F6 95 
"
"2016-11-21 14:30:18ID: BB  Data: 00 00 00 AA 09 00 90 5F 
"
"2016-11-21 14:30:18ID: BC  Data: 00 00 00 AA F6 FF 6F A1 
"
"2016-11-21 14:30:18ID: BB  Data: 00 00 00 AA 08 F3 68 26 
"
"2016-11-21 14:30:18ID: BC  Data: 00 00 00 AA F7 0C 97 DA 
"
"2016-11-21 14:30:18ID: BB  Data: 00 00 00 AA 09 0D B8 98 
"
"2016-11-21 14:30:18ID: BC  Data: 00 00 00 AA F6 F2 47 68 
"
"2016-11-21 14:30:18ID: BB  Data: 00 00 00 AA 09 00 90 5F 
"
"2016-11-21 14:30:18ID: BC  Data: 00 00 00 AA F6 FF 6F A1 
"
"2016-11-21 14:30:18ID: BB  Data: 00 00 00 AA 09 15 9D 87 
"
"2016-11-21 14:30:18ID: BC  Data: 00 00 00 AA F6 EA 62 79 
"
"2016-11-21 14:30:18ID: BB  Data: 00 00 00 AA 09 0C 67 C6 
"
"2016-11-21 14:30:18ID: BC  Data: 00 00 00 AA F6 F3 98 3A 
"
"2016-11-21 14:30:18ID: BB  Data: 00 00 00 AA 09 0B 16 F3 
"
"2016-11-21 14:30:18ID: BC  Data: 00 00 00 AA F6 F4 E9 0D 
"
"2016-11-21 14:30:18ID: BB  Data: 00 00 00 AA 09 0D B8 98 
"
"2016-11-21 14:30:18ID: BC  Data: 00 00 00 AA F6 F2 47 68 
"
"2016-11-21 14:30:18ID: BB  Data: 00 00 00 AA 09 0D B8 98 
"
"2016-11-21 14:30:18ID: BC  Data: 00 00 00 AA F6 F2 47 68 
"
"2016-11-21 14:30:19ID: BB  Data: 00 00 00 AA 09 14 4C B5 
"
"2016-11-21 14:30:19ID: BC  Data: 00 00 00 AA F6 EB B3 4B 
"
"2016-11-21 14:30:19ID: BB  Data: 00 00 00 AA 09 26 B8 38 
"
"2016-11-21 14:30:19ID: BC  Data: 00 00 00 AA F6 D9 47 C8 
"
"2016-11-21 14:30:19ID: BB  Data: 00 00 00 AA 09 12 FB E2 
"
"2016-11-21 14:30:19ID: BC  Data: 00 00 00 AA F6 ED 04 1E 
"
"2016-11-21 14:30:19ID: BB  Data: 00 00 00 AA 09 1E D3 49 
"
"2016-11-21 14:30:19ID: BC  Data: 00 00 00 AA F6 E1 2C B7 
"
"2016-11-21 14:30:19ID: BB  Data: 00 00 00 AA 09 20 24 1B 
"
"2016-11-21 14:30:19ID: BC  Data: 00 00 00 AA F6 DF DB E5 
"
"2016-11-21 14:30:19ID: BB  Data: 00 00 00 AA 09 2D 4C 55 
"
"2016-11-21 14:30:19ID: BC  Data: 00 00 00 AA F6 D2 B3 AB 
"
"2016-11-21 14:30:19ID: BB  Data: 00 00 00 AA 09 37 D2 E9 
"
"2016-11-21 14:30:19ID: BC  Data: 00 00 00 AA F6 C8 2D 17 
"
"2016-11-21 14:30:19ID: BB  Data: 00 00 00 AA 09 58 B7 78 
"
"2016-11-21 14:30:19ID: BC  Data: 00 00 00 AA F6 A7 48 88 
"
"2016-11-21 14:30:19ID: BB  Data: 00 00 00 AA 09 AC EC 19 
"
"2016-11-21 14:30:19ID: BC  Data: 00 00 00 AA F6 53 13 E7 
"
"2016-11-21 14:30:19ID: BB  Data: 00 00 00 AA 0A 44 3A AA 
"
"2016-11-21 14:30:19ID: BC  Data: 00 00 00 AA F5 BB C5 56 
"
"2016-11-21 14:30:19ID: BB  Data: 00 00 00 AA 0A 51 62 E3 
"
"2016-11-21 14:30:19ID: BC  Data: 00 00 00 AA F5 AE 9D 1D 
"
"2016-11-21 14:30:19ID: BB  Data: 00 00 00 AA 0A 42 E9 D8 
"
"2016-11-21 14:30:19ID: BC  Data: 00 00 00 AA F5 BD 16 28 
"
"2016-11-21 14:30:20ID: BB  Data: 00 00 00 AA 0A 42 E9 D8 
"
"2016-11-21 14:30:20ID: BC  Data: 00 00 00 AA F5 BD 16 28 
"
"2016-11-21 14:30:20ID: BB  Data: 00 00 00 AA 0A 4C 1F 99 
"
"2016-11-21 14:30:20ID: BC  Data: 00 00 00 AA F5 B3 E0 67 
"
"2016-11-21 14:30:20ID: BB  Data: 00 00 00 AA 0A 56 A6 2D 
"
"2016-11-21 14:30:20ID: BC  Data: 00 00 00 AA F5 A9 59 D3 
"
"2016-11-21 14:30:20ID: BB  Data: 00 00 00 AA 0A 59 47 D2 
"
"2016-11-21 14:30:20ID: BC  Data: 00 00 00 AA F5 A6 B8 2E 
"
"2016-11-21 14:30:20ID: BB  Data: 00 00 00 AA 0A 5B E9 78 
"
"2016-11-21 14:30:20ID: BC  Data: 00 00 00 AA F5 A4 16 88 
"
"2016-11-21 14:30:20ID: BB  Data: 00 00 00 AA 0A 52 B3 B6 
"
"2016-11-21 14:30:20ID: BC  Data: 00 00 00 AA F5 AD 4C 4A 
"
"2016-11-21 14:30:20ID: BB  Data: 00 00 00 AA 0A 49 7D F4 
"
"2016-11-21 14:30:20ID: BC  Data: 00 00 00 AA F5 B6 82 0C 
"
"2016-11-21 14:30:20ID: BB  Data: 00 00 00 AA 0A 48 2D 22 
"
"2016-11-21 14:30:20ID: BC  Data: 00 00 00 AA F5 B7 D2 DE 
"
"2016-11-21 14:30:20ID: BB  Data: 00 00 00 AA 0A 44 3A AA 
"
"2016-11-21 14:30:20ID: BC  Data: 00 00 00 AA F5 BB C5 56 
"
"2016-11-21 14:30:20ID: BB  Data: 00 00 00 AA 0A 2C 8B DD 
"
"2016-11-21 14:30:20ID: BC  Data: 00 00 00 AA F5 D3 74 23 
"
"2016-11-21 14:30:20ID: BB  Data: 00 00 00 AA 0A 2B 3B 0A 
"
"2016-11-21 14:30:20ID: BC  Data: 00 00 00 AA F5 D4 C4 F6 
"
"2016-11-21 14:30:21ID: BB  Data: 00 00 00 AA 0A 18 CF 87 
"
"2016-11-21 14:30:21ID: BC  Data: 00 00 00 AA F5 E7 30 79 
"
"2016-11-21 14:30:21ID: BB  Data: 00 00 00 AA 0A 1A 20 5A 
"
"2016-11-21 14:30:21ID: BC  Data: 00 00 00 AA F5 E5 DF A6 
"
"2016-11-21 14:30:21ID: BB  Data: 00 00 00 AA 0A 02 71 8C 
"
"2016-11-21 14:30:21ID: BC  Data: 00 00 00 AA F5 FD 8E 74 
"
"2016-11-21 14:30:21ID: BB  Data: 00 00 00 AA 0A 03 C2 5F 
"
"2016-11-21 14:30:21ID: BC  Data: 00 00 00 AA F5 FC 3D A1 
"
"2016-11-21 14:30:21ID: BB  Data: 00 00 00 AA 09 FD 2E 42 
"
"2016-11-21 14:30:21ID: BC  Data: 00 00 00 AA F6 02 D1 BE 
"
"2016-11-21 14:30:21ID: BB  Data: 00 00 00 AA 0A 06 64 04 
"
"2016-11-21 14:30:21ID: BC  Data: 00 00 00 AA F5 F9 9B FC 
"
"2016-11-21 14:30:21ID: BB  Data: 00 00 00 AA 09 FD 2E 42 
"
"2016-11-21 14:30:21ID: BC  Data: 00 00 00 AA F6 02 D1 BE 
"
"2016-11-21 14:30:21ID: BB  Data: 00 00 00 AA 0A 05 13 31 
"
"2016-11-21 14:30:21ID: BC  Data: 00 00 00 AA F5 FA EC CF 
"
"2016-11-21 14:30:21ID: BB  Data: 00 00 00 AA 09 FF CF E7 
"
"2016-11-21 14:30:21ID: BC  Data: 00 00 00 AA F6 00 30 19 
"
"2016-11-21 14:30:21ID: BB  Data: 00 00 00 AA 0A 07 B4 D6 
"
"2016-11-21 14:30:21ID: BC  Data: 00 00 00 AA F5 F8 4B 2A 
"
"2016-11-21 14:30:21ID: BB  Data: 00 00 00 AA 09 FA 8C 9D 
"
"2016-11-21 14:30:21ID: BC  Data: 00 00 00 AA F6 05 73 63 
"
"2016-11-21 14:30:22ID: BB  Data: 00 00 00 AA 09 F9 3B CB 
"
"2016-11-21 14:30:22ID: BC  Data: 00 00 00 AA F6 06 C4 35 
"
"2016-11-21 14:30:22ID: BB  Data: 00 00 00 AA 0A 01 20 BA 
"
"2016-11-21 14:30:22ID: BC  Data: 00 00 00 AA F5 FE DF 46 
"
"2016-11-21 14:30:22ID: BB  Data: 00 00 00 AA 09 F6 9A 26 
"
"2016-11-21 14:30:22ID: BC  Data: 00 00 00 AA F6 09 65 DA 
"
"2016-11-21 14:30:22ID: BB  Data: 00 00 00 AA 09 F7 EA F8 
"
"2016-11-21 14:30:22ID: BC  Data: 00 00 00 AA F6 08 15 08 
"
"2016-11-21 14:30:22ID: BB  Data: 00 00 00 AA 09 FB DD 70 
"
"2016-11-21 14:30:22ID: BC  Data: 00 00 00 AA F6 04 22 90 
"
"2016-11-21 14:30:22ID: BB  Data: 00 00 00 AA 09 FB DD 70 
"
"2016-11-21 14:30:22ID: BC  Data: 00 00 00 AA F6 04 22 90 
"
"2016-11-21 14:30:22ID: BB  Data: 00 00 00 AA 09 F9 3B CB 
"
"2016-11-21 14:30:22ID: BC  Data: 00 00 00 AA F6 06 C4 35 
"
"2016-11-21 14:30:22ID: BB  Data: 00 00 00 AA 09 FA 8C 9D 
"
"2016-11-21 14:30:22ID: BC  Data: 00 00 00 AA F6 05 73 63 
"
"2016-11-21 14:30:22ID: BB  Data: 00 00 00 AA 0A 09 05 A9 
"
"2016-11-21 14:30:22ID: BC  Data: 00 00 00 AA F5 F6 FA 57 
"
"2016-11-21 14:30:22ID: BB  Data: 00 00 00 AA 09 F6 9A 26 
"
"2016-11-21 14:30:22ID: BC  Data: 00 00 00 AA F6 09 65 DA 
"
"2016-11-21 14:30:22ID: BB  Data: 00 00 00 AA 0A 06 64 04 
"
"2016-11-21 14:30:22ID: BC  Data: 00 00 00 AA F5 F9 9B FC 
"
"2016-11-21 14:30:22ID: BB  Data: 00 00 00 AA 0A 0B A7 4E 
"
"2016-11-21 14:30:22ID: BC  Data: 00 00 00 AA F5 F4 58 B2 
"
"2016-11-21 14:30:23ID: BB  Data: 00 00 00 AA 0A 05 13 31 
"
"2016-11-21 14:30:23ID: BC  Data: 00 00 00 AA F5 FA EC CF 
"
"2016-11-21 14:30:23ID: BB  Data: 00 00 00 AA 0A 0E 48 F3 
"
"2016-11-21 14:30:23ID: BC  Data: 00 00 00 AA F5 F1 B7 0D 
"
"2016-11-21 14:30:23ID: BB  Data: 00 00 00 AA 0A 01 20 BA 
"
"2016-11-21 14:30:23ID: BC  Data: 00 00 00 AA F5 FE DF 46 
"
"2016-11-21 14:30:23ID: BB  Data: 00 00 00 AA 0A 05 13 31 
"
"2016-11-21 14:30:23ID: BC  Data: 00 00 00 AA F5 FA EC CF 
"
"2016-11-21 14:30:23ID: BB  Data: 00 00 00 AA 0A 01 20 BA 
"
"2016-11-21 14:30:23ID: BC  Data: 00 00 00 AA F5 FE DF 46 
"
"2016-11-21 14:30:23ID: BB  Data: 00 00 00 AA 09 FE 7F 15 
"
"2016-11-21 14:30:23ID: BC  Data: 00 00 00 AA F6 01 80 EB 
"
"2016-11-21 14:30:23ID: BB  Data: 00 00 00 AA 09 F6 9A 26 
"
"2016-11-21 14:30:23ID: BC  Data: 00 00 00 AA F6 09 65 DA 
"
"2016-11-21 14:30:23ID: BB  Data: 00 00 00 AA 09 FE 7F 15 
"
"2016-11-21 14:30:23ID: BC  Data: 00 00 00 AA F6 01 80 EB 
"
"2016-11-21 14:30:23ID: BB  Data: 00 00 00 AA 09 F3 F8 81 
"
"2016-11-21 14:30:23ID: BC  Data: 00 00 00 AA F6 0C 07 7F 
"
"2016-11-21 14:30:23ID: BB  Data: 00 00 00 AA 0A 01 20 BA 
"
"2016-11-21 14:30:23ID: BC  Data: 00 00 00 AA F5 FE DF 46 
"
"2016-11-21 14:30:23ID: BB  Data: 00 00 00 AA 09 F2 A7 AE 
"
"2016-11-21 14:30:23ID: BC  Data: 00 00 00 AA F6 0D 58 52 
"
"2016-11-21 14:30:24ID: BB  Data: 00 00 00 AA 09 F9 3B CB 
"
"2016-11-21 14:30:24ID: BC  Data: 00 00 00 AA F6 06 C4 35 
"
"2016-11-21 14:30:24ID: BB  Data: 00 00 00 AA 09 F7 EA F8 
"
"2016-11-21 14:30:24ID: BC  Data: 00 00 00 AA F6 08 15 08 
"
"2016-11-21 14:30:24ID: BB  Data: 00 00 00 AA 09 F7 EA F8 
"
"2016-11-21 14:30:24ID: BC  Data: 00 00 00 AA F6 08 15 08 
"
"2016-11-21 14:30:24ID: BB  Data: 00 00 00 AA 09 FE 7F 15 
"
"2016-11-21 14:30:24ID: BC  Data: 00 00 00 AA F6 01 80 EB 
"
"2016-11-21 14:30:24ID: BB  Data: 00 00 00 AA 0A 10 EA 98 
"
"2016-11-21 14:30:24ID: BC  Data: 00 00 00 AA F5 EF 15 68 
"
"2016-11-21 14:30:24ID: BB  Data: 00 00 00 AA 0A 1F 63 A4 
"
"2016-11-21 14:30:24ID: BC  Data: 00 00 00 AA F5 E0 9C 5C 
"
"2016-11-21 14:30:24ID: BB  Data: 00 00 00 AA 0A 27 48 93 
"
"2016-11-21 14:30:24ID: BC  Data: 00 00 00 AA F5 D8 B7 6D 
"
"2016-11-21 14:30:24ID: BB  Data: 00 00 00 AA 0A 1C C1 FF 
"
"2016-11-21 14:30:24ID: BC  Data: 00 00 00 AA F5 E3 3E 01 
"
"2016-11-21 14:30:24ID: BB  Data: 00 00 00 AA 0A 10 EA 98 
"
"2016-11-21 14:30:24ID: BC  Data: 00 00 00 AA F5 EF 15 68 
"
"2016-11-21 14:30:24ID: BB  Data: 00 00 00 AA 0A 10 EA 98 
"
"2016-11-21 14:30:24ID: BC  Data: 00 00 00 AA F5 EF 15 68 
"
"2016-11-21 14:30:24ID: BB  Data: 00 00 00 AA 0A 24 A6 EE 
"
"2016-11-21 14:30:24ID: BC  Data: 00 00 00 AA F5 DB 59 12 
"
"2016-11-21 14:30:24ID: BB  Data: 00 00 00 AA 0A 22 05 49 
"
"2016-11-21 14:30:24ID: BC  Data: 00 00 00 AA F5 DD FA B7 
"
"2016-11-21 14:30:25ID: BB  Data: 00 00 00 AA 0A 20 B4 76 
"
"2016-11-21 14:30:25ID: BC  Data: 00 00 00 AA F5 DF 4B 8A 
"
"2016-11-21 14:30:25ID: BB  Data: 00 00 00 AA 0A 22 05 49 
"
"2016-11-21 14:30:25ID: BC  Data: 00 00 00 AA F5 DD FA B7 
"
"2016-11-21 14:30:25ID: BB  Data: 00 00 00 AA 0A 18 CF 87 
"
"2016-11-21 14:30:25ID: BC  Data: 00 00 00 AA F5 E7 30 79 
"
"2016-11-21 14:30:25ID: BB  Data: 00 00 00 AA 0A 16 2D E2 
"
"2016-11-21 14:30:25ID: BC  Data: 00 00 00 AA F5 E9 D2 1E 
"
"2016-11-21 14:30:25ID: BB  Data: 00 00 00 AA 0A 14 DD 10 
"
"2016-11-21 14:30:25ID: BC  Data: 00 00 00 AA F5 EB 22 F0 
"
"2016-11-21 14:30:25ID: BB  Data: 00 00 00 AA 0A 18 CF 87 
"
"2016-11-21 14:30:25ID: BC  Data: 00 00 00 AA F5 E7 30 79 
"
"2016-11-21 14:30:25ID: BB  Data: 00 00 00 AA 0A 18 CF 87 
"
"2016-11-21 14:30:25ID: BC  Data: 00 00 00 AA F5 E7 30 79 
"
"2016-11-21 14:30:25ID: BB  Data: 00 00 00 AA 0A 16 2D E2 
"
"2016-11-21 14:30:25ID: BC  Data: 00 00 00 AA F5 E9 D2 1E 
"
"2016-11-21 14:30:25ID: BB  Data: 00 00 00 AA 0A 0E 48 F3 
"
"2016-11-21 14:30:25ID: BC  Data: 00 00 00 AA F5 F1 B7 0D 
"
"2016-11-21 14:30:25ID: BB  Data: 00 00 00 AA 0A 1A 20 5A 
"
"2016-11-21 14:30:25ID: BC  Data: 00 00 00 AA F5 E5 DF A6 
"
"2016-11-21 14:30:25ID: BB  Data: 00 00 00 AA 0A 0B A7 4E 
"
"2016-11-21 14:30:25ID: BC  Data: 00 00 00 AA F5 F4 58 B2 
"
"2016-11-21 14:30:26ID: BB  Data: 00 00 00 AA 0A 17 7E B5 
"
"2016-11-21 14:30:26ID: BC  Data: 00 00 00 AA F5 E8 81 4B 
"
"2016-11-21 14:30:26ID: BB  Data: 00 00 00 AA 0A 0B A7 4E 
"
"2016-11-21 14:30:26ID: BC  Data: 00 00 00 AA F5 F4 58 B2 
"
"2016-11-21 14:30:26ID: BB  Data: 00 00 00 AA 0A 10 EA 98 
"
"2016-11-21 14:30:26ID: BC  Data: 00 00 00 AA F5 EF 15 68 
"
"2016-11-21 14:30:26ID: BB  Data: 00 00 00 AA 0A 06 64 04 
"
"2016-11-21 14:30:26ID: BC  Data: 00 00 00 AA F5 F9 9B FC 
"
"2016-11-21 14:30:26ID: BB  Data: 00 00 00 AA 0A 09 05 A9 
"
"2016-11-21 14:30:26ID: BC  Data: 00 00 00 AA F5 F6 FA 57 
"
"2016-11-21 14:30:26ID: BB  Data: 00 00 00 AA 0A 0E 48 F3 
"
"2016-11-21 14:30:26ID: BC  Data: 00 00 00 AA F5 F1 B7 0D 
"
"2016-11-21 14:30:26ID: BB  Data: 00 00 00 AA 09 FB DD 70 
"
"2016-11-21 14:30:26ID: BC  Data: 00 00 00 AA F6 04 22 90 
"
"2016-11-21 14:30:26ID: BB  Data: 00 00 00 AA 0A 01 20 BA 
"
"2016-11-21 14:30:26ID: BC  Data: 00 00 00 AA F5 FE DF 46 
"
"2016-11-21 14:30:26ID: BB  Data: 00 00 00 AA 09 FE 7F 15 
"
"2016-11-21 14:30:26ID: BC  Data: 00 00 00 AA F6 01 80 EB 
"
"2016-11-21 14:30:26ID: BB  Data: 00 00 00 AA 09 F5 49 53 
"
"2016-11-21 14:30:26ID: BC  Data: 00 00 00 AA F6 0A B6 AD 
"
"2016-11-21 14:30:26ID: BB  Data: 00 00 00 AA 0A 0B A7 4E 
"
"2016-11-21 14:30:26ID: BC  Data: 00 00 00 AA F5 F4 58 B2 
"
"2016-11-21 14:30:27ID: BB  Data: 00 00 00 AA 09 F6 9A 26 
"
"2016-11-21 14:30:27ID: BC  Data: 00 00 00 AA F6 09 65 DA 
"
"2016-11-21 14:30:27ID: BB  Data: 00 00 00 AA 09 FD 2E 42 
"
"2016-11-21 14:30:27ID: BC  Data: 00 00 00 AA F6 02 D1 BE 
"
"2016-11-21 14:30:27ID: BB  Data: 00 00 00 AA 09 FD 2E 42 
"
"2016-11-21 14:30:27ID: BC  Data: 00 00 00 AA F6 02 D1 BE 
"
"2016-11-21 14:30:27ID: BB  Data: 00 00 00 AA 0A 02 71 8C 
"
"2016-11-21 14:30:27ID: BC  Data: 00 00 00 AA F5 FD 8E 74 
"
"2016-11-21 14:30:27ID: BB  Data: 00 00 00 AA 09 FD 2E 42 
"
"2016-11-21 14:30:27ID: BC  Data: 00 00 00 AA F6 02 D1 BE 
"
"2016-11-21 14:30:27ID: BB  Data: 00 00 00 AA 09 F2 A7 AE 
"
"2016-11-21 14:30:27ID: BC  Data: 00 00 00 AA F6 0D 58 52 
"
"2016-11-21 14:30:27ID: BB  Data: 00 00 00 AA 0A 10 EA 98 
"
"2016-11-21 14:30:27ID: BC  Data: 00 00 00 AA F5 EF 15 68 
"
"2016-11-21 14:30:27ID: BB  Data: 00 00 00 AA 0A 0F 99 C6 
"
"2016-11-21 14:30:27ID: BC  Data: 00 00 00 AA F5 F0 66 3A 
"
"2016-11-21 14:30:27ID: BB  Data: 00 00 00 AA 0A 13 8C 3D 
"
"2016-11-21 14:30:27ID: BC  Data: 00 00 00 AA F5 EC 73 C3 
"
"2016-11-21 14:30:27ID: BB  Data: 00 00 00 AA 09 FD 2E 42 
"
"2016-11-21 14:30:27ID: BC  Data: 00 00 00 AA F6 02 D1 BE 
"
"2016-11-21 14:30:27ID: BB  Data: 00 00 00 AA 0A 0E 48 F3 
"
"2016-11-21 14:30:27ID: BC  Data: 00 00 00 AA F5 F1 B7 0D 
"
"2016-11-21 14:30:27ID: BB  Data: 00 00 00 AA 09 FA 8C 9D 
"
"2016-11-21 14:30:27ID: BC  Data: 00 00 00 AA F6 05 73 63 
"
"2016-11-21 14:30:28ID: BB  Data: 00 00 00 AA 09 F6 9A 26 
"
"2016-11-21 14:30:28ID: BC  Data: 00 00 00 AA F6 09 65 DA 
"
"2016-11-21 14:30:28ID: BB  Data: 00 00 00 AA 0A 02 71 8C 
"
"2016-11-21 14:30:28ID: BC  Data: 00 00 00 AA F5 FD 8E 74 
"
"2016-11-21 14:30:28ID: BB  Data: 00 00 00 AA 0A 03 C2 5F 
"
"2016-11-21 14:30:28ID: BC  Data: 00 00 00 AA F5 FC 3D A1 
"
"2016-11-21 14:30:28ID: BB  Data: 00 00 00 AA 0A 01 20 BA 
"
"2016-11-21 14:30:28ID: BC  Data: 00 00 00 AA F5 FE DF 46 
"
"2016-11-21 14:30:28ID: BB  Data: 00 00 00 AA 09 FD 2E 42 
"
"2016-11-21 14:30:28ID: BC  Data: 00 00 00 AA F6 02 D1 BE 
"
"2016-11-21 14:30:28ID: BB  Data: 00 00 00 AA 0A 05 13 31 
"
"2016-11-21 14:30:28ID: BC  Data: 00 00 00 AA F5 FA EC CF 
"
"2016-11-21 14:30:28ID: BB  Data: 00 00 00 AA 09 F3 F8 81 
"
"2016-11-21 14:30:28ID: BC  Data: 00 00 00 AA F6 0C 07 7F 
"
"2016-11-21 14:30:28ID: BB  Data: 00 00 00 AA 09 F7 EA F8 
"
"2016-11-21 14:30:28ID: BC  Data: 00 00 00 AA F6 08 15 08 
"
"2016-11-21 14:30:28ID: BB  Data: 00 00 00 AA 09 F2 A7 AE 
"
"2016-11-21 14:30:28ID: BC  Data: 00 00 00 AA F6 0D 58 52 
"
"2016-11-21 14:30:28ID: BB  Data: 00 00 00 AA 0A 03 C2 5F 
"
"2016-11-21 14:30:28ID: BC  Data: 00 00 00 AA F5 FC 3D A1 
"
"2016-11-21 14:30:28ID: BB  Data: 00 00 00 AA 09 F5 49 53 
"
"2016-11-21 14:30:28ID: BC  Data: 00 00 00 AA F6 0A B6 AD 
"
"2016-11-21 14:30:29ID: BB  Data: 00 00 00 AA 09 F1 56 DC 
"
"2016-11-21 14:30:29ID: BC  Data: 00 00 00 AA F6 0E A9 24 
"
"2016-11-21 14:30:29ID: BB  Data: 00 00 00 AA 09 E6 D0 48 
"
"2016-11-21 14:30:29ID: BC  Data: 00 00 00 AA F6 19 2F B8 
"
"2016-11-21 14:30:29ID: BB  Data: 00 00 00 AA 09 FF CF E7 
"
"2016-11-21 14:30:29ID: BC  Data: 00 00 00 AA F6 00 30 19 
"
"2016-11-21 14:30:29ID: BB  Data: 00 00 00 AA 09 CF 21 7A 
"
"2016-11-21 14:30:29ID: BC  Data: 00 00 00 AA F6 30 DE 86 
"
"2016-11-21 14:30:29ID: BB  Data: 00 00 00 AA 09 CC 7F D5 
"
"2016-11-21 14:30:29ID: BC  Data: 00 00 00 AA F6 33 80 2B 
"
"2016-11-21 14:30:29ID: BB  Data: 00 00 00 AA 09 BA 14 52 
"
"2016-11-21 14:30:29ID: BC  Data: 00 00 00 AA F6 45 EB AE 
"
"2016-11-21 14:30:29ID: BB  Data: 00 00 00 AA 09 43 AA 4F 
"
"2016-11-21 14:30:29ID: BC  Data: 00 00 00 AA F6 BC 55 B1 
"
"2016-11-21 14:30:29ID: BB  Data: 00 00 00 AA 08 07 E4 F3 
"
"2016-11-21 14:30:29ID: BC  Data: 00 00 00 AA F7 F8 1B 0D 
"
"2016-11-21 14:30:29ID: BB  Data: 00 00 00 AA 04 0C 37 A5 
"
"2016-11-21 14:30:29ID: BC  Data: 00 00 00 AA FB F3 C8 5B 
"
"2016-11-21 14:30:29ID: BB  Data: 00 00 00 AA 02 11 AB 0C 
"
"2016-11-21 14:30:29ID: BC  Data: 00 00 00 AA FD EE 54 F4 
"
"2016-11-21 14:30:29ID: BB  Data: 00 00 00 AA 01 A8 69 43 
"
"2016-11-21 14:30:29ID: BC  Data: 00 00 00 AA FE 57 96 BD 
"
"2016-11-21 14:30:30ID: BB  Data: 00 00 00 AA 00 00 00 00 
"
"2016-11-21 14:30:30ID: BC  Data: 00 00 00 AA 00 00 00 00 
"
"2016-11-21 14:30:30ID: BB  Data: 00 00 00 AA 00 00 00 00 
"
"2016-11-21 14:30:30ID: BC  Data: 00 00 00 AA 00 00 00 00 
"
"2016-11-21 14:30:30ID: BB  Data: 00 00 00 AA 00 00 00 00 
"
"2016-11-21 14:30:30ID: BC  Data: 00 00 00 AA 00 00 00 00 
"
"2016-11-21 14:30:30ID: BB  Data: 00 00 00 AA 00 00 00 00 
"
"2016-11-21 14:30:30ID: BC  Data: 00 00 00 AA 00 00 00 00 
"
"2016-11-21 14:30:30ID: BB  Data: 00 00 00 AA 00 00 00 00 
"
"2016-11-21 14:30:30ID: BC  Data: 00 00 00 AA 00 00 00 00 
"
"2016-11-21 14:30:30ID: BB  Data: 00 00 00 AA 00 00 00 00 
"
"2016-11-21 14:30:30ID: BC  Data: 00 00 00 AA 00 00 00 00 
"
"2016-11-21 14:30:30ID: BB  Data: 00 00 00 AA 00 00 00 00 
"
"2016-11-21 14:30:30ID: BC  Data: 00 00 00 AA 00 00 00 00 
"
"2016-11-21 14:30:30ID: BB  Data: 00 00 00 AA 00 00 00 00 
"
"2016-11-21 14:30:30ID: BC  Data: 00 00 00 AA 00 00 00 00 
"
"2016-11-21 14:30:30ID: BB  Data: 00 00 00 AA 00 00 00 00 
"
"2016-11-21 14:30:30ID: BC  Data: 00 00 00 AA 00 00 00 00 
"
"2016-11-21 14:30:30ID: BB  Data: 00 00 00 AA 00 00 00 00 
"
"2016-11-21 14:30:30ID: BC  Data: 00 00 00 AA 00 00 00 00 
"
"2016-11-21 14:30:30ID: BB  Data: 00 00 00 AA 00 00 00 00 
"
"2016-11-21 14:30:30ID: BC  Data: 00 00 00 AA 00 00 00 00 
"
"2016-11-21 14:30:30ID: BB  Data: 00 00 00 AA 00 00 00 00 
"
"2016-11-21 14:30:30ID: BC  Data: 00 00 00 AA 00 00 00 00 
"
"2016-11-21 14:30:31ID: BB  Data: 00 00 00 AA 00 00 00 00 
"
"2016-11-21 14:30:31ID: BC  Data: 00 00 00 AA 00 00 00 00 
"
"2016-11-21 14:30:31ID: BB  Data: 00 00 00 AA 00 00 00 00 
"
"2016-11-21 14:30:31ID: BC  Data: 00 00 00 AA 00 00 00 00 
"
"2016-11-21 14:30:31ID: BB  Data: 00 00 00 AA 00 00 00 00 
"
"2016-11-21 14:30:31ID: BC  Data: 00 00 00 AA 00 00 00 00 
"
"2016-11-21 14:30:31ID: BB  Data: 00 00 00 AA 00 00 00 00 
"
"2016-11-21 14:30:31ID: BC  Data: 00 00 00 AA 00 00 00 00 
"
"2016-11-21 14:30:31ID: BB  Data: 00 00 00 AA 00 00 00 00 
"
"2016-11-21 14:30:31ID: BC  Data: 00 00 00 AA 00 00 00 00 
"
"2016-11-21 14:30:31ID: BB  Data: 00 00 00 AA 00 00 00 00 
"
"2016-11-21 14:30:31ID: BC  Data: 00 00 00 AA 00 00 00 00 
"
"2016-11-21 14:30:31ID: BB  Data: 00 00 00 AA 00 00 00 00 
"
"2016-11-21 14:30:31ID: BC  Data: 00 00 00 AA 00 00 00 00 
"
"2016-11-21 14:30:31ID: BB  Data: 00 00 00 AA 00 00 00 00 
"
"2016-11-21 14:30:31ID: BC  Data: 00 00 00 AA 00 00 00 00 
"
"2016-11-21 14:30:31ID: BB  Data: 00 00 00 AA 00 00 00 00 
"
"2016-11-21 14:30:31ID: BC  Data: 00 00 00 AA 00 00 00 00 
"
"2016-11-21 14:30:31ID: BB  Data: 00 00 00 AA 00 00 00 00 
"
"2016-11-21 14:30:31ID: BC  Data: 00 00 00 AA 00 00 00 00 
"
"2016-11-21 14:30:31ID: BB  Data: 00 00 00 AA 00 00 00 00 
"
"2016-11-21 14:30:31ID: BC  Data: 00 00 00 AA 00 00 00 00 
"
"2016-11-21 14:30:32ID: BB  Data: 00 00 00 AA 00 00 00 00 
"
"2016-11-21 14:30:32ID: BC  Data: 00 00 00 AA 00 00 00 00 
"
"2016-11-21 14:30:32ID: BB  Data: 00 00 00 AA 00 00 00 00 
"
"2016-11-21 14:30:32ID: BC  Data: 00 00 00 AA 00 00 00 00 
"
"2016-11-21 14:30:32ID: BB  Data: 00 00 00 AA 00 00 00 00 
"
"2016-11-21 14:30:32ID: BC  Data: 00 00 00 AA 00 00 00 00 
"
"2016-11-21 14:30:32ID: BB  Data: 00 00 00 AA 00 00 00 00 
"
"2016-11-21 14:30:32ID: BC  Data: 00 00 00 AA 00 00 00 00 
"
"2016-11-21 14:30:32ID: BB  Data: 00 00 00 AA 00 00 00 00 
"
"2016-11-21 14:30:32ID: BC  Data: 00 00 00 AA 00 00 00 00 
"
"2016-11-21 14:30:32ID: BB  Data: 00 00 00 AA 00 00 00 00 
"
"2016-11-21 14:30:32ID: BC  Data: 00 00 00 AA 00 00 00 00 
"
"2016-11-21 14:30:32ID: BB  Data: 00 00 00 AA 00 00 00 00 
"
"2016-11-21 14:30:32ID: BC  Data: 00 00 00 AA 00 00 00 00 
"
"2016-11-21 14:30:32ID: BB  Data: 00 00 00 AA 00 00 00 00 
"
"2016-11-21 14:30:32ID: BC  Data: 00 00 00 AA 00 00 00 00 
"
"2016-11-21 14:30:32ID: BB  Data: 00 00 00 AA 00 00 00 00 
"
"2016-11-21 14:30:32ID: BC  Data: 00 00 00 AA 00 00 00 00 
"
"2016-11-21 14:30:32ID: BB  Data: 00 00 00 AA 00 00 00 00 
"
"2016-11-21 14:30:32ID: BC  Data: 00 00 00 AA 00 00 00 00 
"
"2016-11-21 14:30:32ID: BB  Data: 00 00 00 AA 00 00 00 00 
"
"2016-11-21 14:30:32ID: BC  Data: 00 00 00 AA 00 00 00 00 
"
"2016-11-21 14:30:32ID: BB  Data: 00 00 00 AA 02 7A EC D5 
"
"2016-11-21 14:30:32ID: BC  Data: 00 00 00 AA FD 85 13 2B 
"
"2016-11-21 14:30:33ID: BB  Data: 00 00 00 AA 04 11 7A EF 
"
"2016-11-21 14:30:33ID: BC  Data: 00 00 00 AA FB EE 85 11 
"
"2016-11-21 14:30:33ID: BB  Data: 00 00 00 AA 05 5F AB CE 
"
"2016-11-21 14:30:33ID: BC  Data: 00 00 00 AA FA A0 54 32 
"
"2016-11-21 14:30:33ID: BB  Data: 00 00 00 AA 05 D2 23 59 
"
"2016-11-21 14:30:33ID: BC  Data: 00 00 00 AA FA 2D DC A7 
"
"2016-11-21 14:30:33ID: BB  Data: 00 00 00 AA 06 45 EB B7 
"
"2016-11-21 14:30:33ID: BC  Data: 00 00 00 AA F9 BA 14 49 
"
"2016-11-21 14:30:33ID: BB  Data: 00 00 00 AA 07 22 F5 DE 
"
"2016-11-21 14:30:33ID: BC  Data: 00 00 00 AA F8 DD 0A 22 
"
"2016-11-21 14:30:33ID: BB  Data: 00 00 00 AA 07 53 A4 4B 
"
"2016-11-21 14:30:33ID: BC  Data: 00 00 00 AA F8 AC 5B B5 
"
"2016-11-21 14:30:33ID: BB  Data: 00 00 00 AA 07 64 BE FB 
"
"2016-11-21 14:30:33ID: BC  Data: 00 00 00 AA F8 9B 41 05 
"
"2016-11-21 14:30:33ID: BB  Data: 00 00 00 AA 07 7F 0F 6E 
"
"2016-11-21 14:30:33ID: BC  Data: 00 00 00 AA F8 80 F0 92 
"
"2016-11-21 14:30:33ID: BB  Data: 00 00 00 AA 07 81 B1 13 
"
"2016-11-21 14:30:33ID: BC  Data: 00 00 00 AA F8 7E 4E ED 
"
"2016-11-21 14:30:33ID: BB  Data: 00 00 00 AA 07 A7 D8 EC 
"
"2016-11-21 14:30:33ID: BC  Data: 00 00 00 AA F8 58 27 14 
"
"2016-11-21 14:30:33ID: BB  Data: 00 00 00 AA 07 9F F3 FD 
"
"2016-11-21 14:30:33ID: BC  Data: 00 00 00 AA F8 60 0C 03 
"
"2016-11-21 14:30:34ID: BB  Data: 00 00 00 AA 07 AB CB 63 
"
"2016-11-21 14:30:34ID: BC  Data: 00 00 00 AA F8 54 34 9D 
"
"2016-11-21 14:30:34ID: BB  Data: 00 00 00 AA 07 D7 36 86 
"
"2016-11-21 14:30:34ID: BC  Data: 00 00 00 AA F8 28 C9 7A 
"
"2016-11-21 14:30:34ID: BB  Data: 00 00 00 AA 07 D4 94 E1 
"
"2016-11-21 14:30:34ID: BC  Data: 00 00 00 AA F8 2B 6B 1F 
"
"2016-11-21 14:30:34ID: BB  Data: 00 00 00 AA 07 DB 28 FE 
"
"2016-11-21 14:30:34ID: BC  Data: 00 00 00 AA F8 24 D7 02 
"
"2016-11-21 14:30:34ID: BB  Data: 00 00 00 AA 07 DF 1B 75 
"
"2016-11-21 14:30:34ID: BC  Data: 00 00 00 AA F8 20 E4 8B 
"
"2016-11-21 14:30:34ID: BB  Data: 00 00 00 AA 07 D9 D8 2B 
"
"2016-11-21 14:30:34ID: BC  Data: 00 00 00 AA F8 26 27 D5 
"
"2016-11-21 14:30:34ID: BB  Data: 00 00 00 AA 07 F0 36 26 
"
"2016-11-21 14:30:34ID: BC  Data: 00 00 00 AA F8 0F C9 DA 
"
"2016-11-21 14:30:34ID: BB  Data: 00 00 00 AA 07 DB 28 FE 
"
"2016-11-21 14:30:34ID: BC  Data: 00 00 00 AA F8 24 D7 02 
"
"2016-11-21 14:30:34ID: BB  Data: 00 00 00 AA 07 C8 BD 7B 
"
"2016-11-21 14:30:34ID: BC  Data: 00 00 00 AA F8 37 42 85 
"
"2016-11-21 14:30:34ID: BB  Data: 00 00 00 AA 07 D5 E5 B4 
"
"2016-11-21 14:30:34ID: BC  Data: 00 00 00 AA F8 2A 1A 4C 
"
"2016-11-21 14:30:34ID: BB  Data: 00 00 00 AA 07 96 BE 3B 
"
"2016-11-21 14:30:34ID: BC  Data: 00 00 00 AA F8 69 41 C5 
"
"2016-11-21 14:30:35ID: BB  Data: 00 00 00 AA 07 AD 1C 36 
"
"2016-11-21 14:30:35ID: BC  Data: 00 00 00 AA F8 52 E3 CA 
"
"2016-11-21 14:30:35ID: BB  Data: 00 00 00 AA 07 B2 5F 80 
"
"2016-11-21 14:30:35ID: BC  Data: 00 00 00 AA F8 4D A0 80 
"
"2016-11-21 14:30:35ID: BB  Data: 00 00 00 AA 07 AB CB 63 
"
"2016-11-21 14:30:35ID: BC  Data: 00 00 00 AA F8 54 34 9D 
"
"2016-11-21 14:30:35ID: BB  Data: 00 00 00 AA 07 D0 A2 6A 
"
"2016-11-21 14:30:35ID: BC  Data: 00 00 00 AA F8 2F 5D 96 
"
"2016-11-21 14:30:35ID: BB  Data: 00 00 00 AA 07 E7 00 65 
"
"2016-11-21 14:30:35ID: BC  Data: 00 00 00 AA F8 18 FF 9B 
"
"2016-11-21 14:30:35ID: BB  Data: 00 00 00 AA 07 E1 BD 1A 
"
"2016-11-21 14:30:35ID: BC  Data: 00 00 00 AA F8 1E 42 E6 
"
"2016-11-21 14:30:35ID: BB  Data: 00 00 00 AA 07 DF 1B 75 
"
"2016-11-21 14:30:35ID: BC  Data: 00 00 00 AA F8 20 E4 8B 
"
"2016-11-21 14:30:35ID: BB  Data: 00 00 00 AA 07 DD CA A3 
"
"2016-11-21 14:30:35ID: BC  Data: 00 00 00 AA F8 22 35 5D 
"
"2016-11-21 14:30:35ID: BB  Data: 00 00 00 AA 07 DD CA A3 
"
"2016-11-21 14:30:35ID: BC  Data: 00 00 00 AA F8 22 35 5D 
"
"2016-11-21 14:30:35ID: BB  Data: 00 00 00 AA 07 E1 BD 1A 
"
"2016-11-21 14:30:35ID: BC  Data: 00 00 00 AA F8 1E 42 E6 
"
"2016-11-21 14:30:35ID: BB  Data: 00 00 00 AA 07 D4 94 E1 
"
"2016-11-21 14:30:35ID: BC  Data: 00 00 00 AA F8 2B 6B 1F 
"
"2016-11-21 14:30:35ID: BB  Data: 00 00 00 AA 07 C4 CB 03 
"
"2016-11-21 14:30:35ID: BC  Data: 00 00 00 AA F8 3B 34 FD 
"
"2016-11-21 14:30:36ID: BB  Data: 00 00 00 AA 07 AF BD DB 
"
"2016-11-21 14:30:36ID: BC  Data: 00 00 00 AA F8 50 42 25 
"
"2016-11-21 14:30:36ID: BB  Data: 00 00 00 AA 06 D0 12 0F 
"
"2016-11-21 14:30:36ID: BC  Data: 00 00 00 AA F9 2F ED F1 
"
"2016-11-21 14:30:36ID: BB  Data: 00 00 00 AA 02 8A B6 B4 
"
"2016-11-21 14:30:36ID: BC  Data: 00 00 00 AA FD 75 49 4C 
"
"2016-11-21 14:30:36ID: BB  Data: 00 00 00 AA 01 95 FD BF 
"
"2016-11-21 14:30:36ID: BC  Data: 00 00 00 AA FE 6A 02 41 
"
"2016-11-21 14:30:36ID: BB  Data: 00 00 00 AA 00 00 00 00 
"
"2016-11-21 14:30:36ID: BC  Data: 00 00 00 AA 00 00 00 00 
"
"2016-11-21 14:30:36ID: BB  Data: 00 00 00 AA 00 00 00 00 
"
"2016-11-21 14:30:36ID: BC  Data: 00 00 00 AA 00 00 00 00 
"
"2016-11-21 14:30:36ID: BB  Data: 00 00 00 AA 00 00 00 00 
"
"2016-11-21 14:30:36ID: BC  Data: 00 00 00 AA 00 00 00 00 
"
"2016-11-21 14:30:36ID: BB  Data: 00 00 00 AA 00 00 00 00 
"
"2016-11-21 14:30:36ID: BC  Data: 00 00 00 AA 00 00 00 00 
"
"2016-11-21 14:30:36ID: BB  Data: 00 00 00 AA 00 00 00 00 
"
"2016-11-21 14:30:36ID: BC  Data: 00 00 00 AA 00 00 00 00 
"
"2016-11-21 14:30:36ID: BB  Data: 00 00 00 AA 00 00 00 00 
"
"2016-11-21 14:30:36ID: BC  Data: 00 00 00 AA 00 00 00 00 
"
"2016-11-21 14:30:36ID: BB  Data: 00 00 00 AA 00 00 00 00 
"
"2016-11-21 14:30:36ID: BC  Data: 00 00 00 AA 00 00 00 00 
"
"2016-11-21 14:30:37ID: BB  Data: 00 00 00 AA 00 00 00 00 
"
"2016-11-21 14:30:37ID: BC  Data: 00 00 00 AA 00 00 00 00 
"
"2016-11-21 14:30:37ID: BB  Data: 00 00 00 AA 00 00 00 00 
"
"2016-11-21 14:30:37ID: BC  Data: 00 00 00 AA 00 00 00 00 
"
"2016-11-21 14:30:37ID: BB  Data: 00 00 00 AA 00 00 00 00 
"
"2016-11-21 14:30:37ID: BC  Data: 00 00 00 AA 00 00 00 00 
"
"2016-11-21 14:30:37ID: BB  Data: 00 00 00 AA 00 00 00 00 
"
"2016-11-21 14:30:37ID: BC  Data: 00 00 00 AA 00 00 00 00 
"
"2016-11-21 14:30:37ID: BB  Data: 00 00 00 AA 00 00 00 00 
"
"2016-11-21 14:30:37ID: BC  Data: 00 00 00 AA 00 00 00 00 
"
"2016-11-21 14:30:37ID: BB  Data: 00 00 00 AA 00 00 00 00 
"
"2016-11-21 14:30:37ID: BC  Data: 00 00 00 AA 00 00 00 00 
"
"2016-11-21 14:30:37ID: BB  Data: 00 00 00 AA 00 00 00 00 
"
"2016-11-21 14:30:37ID: BC  Data: 00 00 00 AA 00 00 00 00 
"
"2016-11-21 14:30:37ID: BB  Data: 00 00 00 AA 00 00 00 00 
"
"2016-11-21 14:30:37ID: BC  Data: 00 00 00 AA 00 00 00 00 
"
"2016-11-21 14:30:37ID: BB  Data: 00 00 00 AA 00 00 00 00 
"
"2016-11-21 14:30:37ID: BC  Data: 00 00 00 AA 00 00 00 00 
"
"2016-11-21 14:30:37ID: BB  Data: 00 00 00 AA 00 00 00 00 
"
"2016-11-21 14:30:37ID: BC  Data: 00 00 00 AA 00 00 00 00 
"
"2016-11-21 14:30:37ID: BB  Data: 00 00 00 AA 00 00 00 00 
"
"2016-11-21 14:30:37ID: BC  Data: 00 00 00 AA 00 00 00 00 
"
"2016-11-21 14:30:37ID: BB  Data: 00 00 00 AA 00 00 00 00 
"
"2016-11-21 14:30:38ID: BC  Data: 00 00 00 AA 00 00 00 00 
"
"2016-11-21 14:30:38ID: BB  Data: 00 00 00 AA 00 00 00 00 
"
"2016-11-21 14:30:38ID: BC  Data: 00 00 00 AA 00 00 00 00 
"
"2016-11-21 14:30:38ID: BB  Data: 00 00 00 AA 00 00 00 00 
"
"2016-11-21 14:30:38ID: BC  Data: 00 00 00 AA 00 00 00 00 
"
"2016-11-21 14:30:38ID: BB  Data: 00 00 00 AA 00 00 00 00 
"
"2016-11-21 14:30:38ID: BC  Data: 00 00 00 AA 00 00 00 00 
"
"2016-11-21 14:30:38ID: BB  Data: 00 00 00 AA 00 00 00 00 
"
"2016-11-21 14:30:38ID: BC  Data: 00 00 00 AA 00 00 00 00 
"
"2016-11-21 14:30:38ID: BB  Data: 00 00 00 AA 00 00 00 00 
"
"2016-11-21 14:30:38ID: BC  Data: 00 00 00 AA 00 00 00 00 
"
"2016-11-21 14:30:38ID: BB  Data: 00 00 00 AA 00 00 00 00 
"
"2016-11-21 14:30:38ID: BC  Data: 00 00 00 AA 00 00 00 00 
"
"2016-11-21 14:30:38ID: BB  Data: 00 00 00 AA 00 00 00 00 
"
"2016-11-21 14:30:38ID: BC  Data: 00 00 00 AA 00 00 00 00 
"
"2016-11-21 14:30:38ID: BB  Data: 00 00 00 AA 00 00 00 00 
"
"2016-11-21 14:30:38ID: BC  Data: 00 00 00 AA 00 00 00 00 
"
"2016-11-21 14:30:38ID: BB  Data: 00 00 00 AA 00 00 00 00 
"
"2016-11-21 14:30:38ID: BC  Data: 00 00 00 AA 00 00 00 00 
"
"2016-11-21 14:30:38ID: BB  Data: 00 00 00 AA 00 00 00 00 
"
"2016-11-21 14:30:38ID: BC  Data: 00 00 00 AA 00 00 00 00 
"
"2016-11-21 14:30:38ID: BB  Data: 00 00 00 AA 00 00 00 00 
"
"2016-11-21 14:30:38ID: BC  Data: 00 00 00 AA 00 00 00 00 
"
"2016-11-21 14:30:39ID: BB  Data: 00 00 00 AA 00 00 00 00 
"
"2016-11-21 14:30:39ID: BC  Data: 00 00 00 AA 00 00 00 00 
"
"2016-11-21 14:30:39ID: BB  Data: 00 00 00 AA 00 00 00 00 
"
"2016-11-21 14:30:39ID: BC  Data: 00 00 00 AA 00 00 00 00 
"
"2016-11-21 14:30:39ID: BB  Data: 00 00 00 AA 00 00 00 00 
"
"2016-11-21 14:30:39ID: BC  Data: 00 00 00 AA 00 00 00 00 
"
"2016-11-21 14:30:39ID: BB  Data: 00 00 00 AA 00 00 00 00 
"
"2016-11-21 14:30:39ID: BC  Data: 00 00 00 AA 00 00 00 00 
"
"2016-11-21 14:30:39ID: BB  Data: 00 00 00 AA 00 00 00 00 
"
"2016-11-21 14:30:39ID: BC  Data: 00 00 00 AA 00 00 00 00 
"
"2016-11-21 14:30:39ID: BB  Data: 00 00 00 AA 00 00 00 00 
"
"2016-11-21 14:30:39ID: BC  Data: 00 00 00 AA 00 00 00 00 
"
"2016-11-21 14:30:39ID: BB  Data: 00 00 00 AA 00 00 00 00 
"
"2016-11-21 14:30:39ID: BC  Data: 00 00 00 AA 00 00 00 00 
"
"2016-11-21 14:30:39ID: BB  Data: 00 00 00 AA 00 00 00 00 
"
"2016-11-21 14:30:39ID: BC  Data: 00 00 00 AA 00 00 00 00 
"
"2016-11-21 14:30:39ID: BB  Data: 00 00 00 AA 00 00 00 00 
"
"2016-11-21 14:30:39ID: BC  Data: 00 00 00 AA 00 00 00 00 
"
"2016-11-21 14:30:39ID: BB  Data: 00 00 00 AA 00 00 00 00 
"
"2016-11-21 14:30:39ID: BC  Data: 00 00 00 AA 00 00 00 00 
"
"2016-11-21 14:30:39ID: BB  Data: 00 00 00 AA 00 00 00 00 
"
"2016-11-21 14:30:39ID: BC  Data: 00 00 00 AA 00 00 00 00 
"
"2016-11-21 14:30:40ID: BB  Data: 00 00 00 AA 00 00 00 00 
"
"2016-11-21 14:30:40ID: BC  Data: 00 00 00 AA 00 00 00 00 
"
"2016-11-21 14:30:40ID: BB  Data: 00 00 00 AA 00 00 00 00 
"
"2016-11-21 14:30:40ID: BC  Data: 00 00 00 AA 00 00 00 00 
"
"2016-11-21 14:30:40ID: BB  Data: 00 00 00 AA 00 00 00 00 
"
"2016-11-21 14:30:40ID: BC  Data: 00 00 00 AA 00 00 00 00 
"
"2016-11-21 14:30:40ID: BB  Data: 00 00 00 AA 00 00 00 00 
"
"2016-11-21 14:30:40ID: BC  Data: 00 00 00 AA 00 00 00 00 
"
"2016-11-21 14:30:40ID: BB  Data: 00 00 00 AA 00 00 00 00 
"
"2016-11-21 14:30:40ID: BC  Data: 00 00 00 AA 00 00 00 00 
"
"2016-11-21 14:30:40ID: BB  Data: 00 00 00 AA 00 00 00 00 
"
"2016-11-21 14:30:40ID: BC  Data: 00 00 00 AA 00 00 00 00 
"
"2016-11-21 14:30:40ID: BB  Data: 00 00 00 AA 00 00 00 00 
"
"2016-11-21 14:30:40ID: BC  Data: 00 00 00 AA 00 00 00 00 
"
"2016-11-21 14:30:40ID: BB  Data: 00 00 00 AA 00 00 00 00 
"
"2016-11-21 14:30:40ID: BC  Data: 00 00 00 AA 00 00 00 00 
"
"2016-11-21 14:30:40ID: BB  Data: 00 00 00 AA 00 00 00 00 
"
"2016-11-21 14:30:40ID: BC  Data: 00 00 00 AA 00 00 00 00 
"
"2016-11-21 14:30:40ID: BB  Data: 00 00 00 AA 00 00 00 00 
"
"2016-11-21 14:30:40ID: BC  Data: 00 00 00 AA 00 00 00 00 
"
"2016-11-21 14:30:40ID: BB  Data: 00 00 00 AA 00 00 00 00 
"
"2016-11-21 14:30:40ID: BC  Data: 00 00 00 AA 00 00 00 00 
"
"2016-11-21 14:30:40ID: BB  Data: 00 00 00 AA 00 00 00 00 
"
"2016-11-21 14:30:40ID: BC  Data: 00 00 00 AA 00 00 00 00 
"
"2016-11-21 14:30:41ID: BB  Data: 00 00 00 AA 00 00 00 00 
"
"2016-11-21 14:30:41ID: BC  Data: 00 00 00 AA 00 00 00 00 
"
"2016-11-21 14:30:41ID: BB  Data: 00 00 00 AA 00 00 00 00 
"
"2016-11-21 14:30:41ID: BC  Data: 00 00 00 AA 00 00 00 00 
"
"2016-11-21 14:30:41ID: BB  Data: 00 00 00 AA 00 00 00 00 
"
"2016-11-21 14:30:41ID: BC  Data: 00 00 00 AA 00 00 00 00 
"
"2016-11-21 14:30:41ID: BB  Data: 00 00 00 AA 00 00 00 00 
"
"2016-11-21 14:30:41ID: BC  Data: 00 00 00 AA 00 00 00 00 
"
"2016-11-21 14:30:41ID: BB  Data: 00 00 00 AA 00 00 00 00 
"
"2016-11-21 14:30:41ID: BC  Data: 00 00 00 AA 00 00 00 00 
"
"2016-11-21 14:30:41ID: BB  Data: 00 00 00 AA 00 00 00 00 
"
"2016-11-21 14:30:41ID: BC  Data: 00 00 00 AA 00 00 00 00 
"
"2016-11-21 14:30:41ID: BB  Data: 00 00 00 AA 00 00 00 00 
"
"2016-11-21 14:30:41ID: BC  Data: 00 00 00 AA 00 00 00 00 
"
"2016-11-21 14:30:41ID: BB  Data: 00 00 00 AA 00 00 00 00 
"
"2016-11-21 14:30:41ID: BC  Data: 00 00 00 AA 00 00 00 00 
"
"2016-11-21 14:30:41ID: BB  Data: 00 00 00 AA 00 00 00 00 
"
"2016-11-21 14:30:41ID: BC  Data: 00 00 00 AA 00 00 00 00 
"
"2016-11-21 14:30:41ID: BB  Data: 00 00 00 AA 01 97 4E 92 
"
"2016-11-21 14:30:41ID: BC  Data: 00 00 00 AA FE 68 B1 6E 
"
"2016-11-21 14:30:41ID: BB  Data: 00 00 00 AA 03 46 DC 4B 
"
"2016-11-21 14:30:41ID: BC  Data: 00 00 00 AA FC B9 23 B5 
"
"2016-11-21 14:30:42ID: BB  Data: 00 00 00 AA 04 A6 27 DB 
"
"2016-11-21 14:30:42ID: BC  Data: 00 00 00 AA FB 59 D8 25 
"
"2016-11-21 14:30:42ID: BB  Data: 00 00 00 AA 05 EC 73 CC 
"
"2016-11-21 14:30:42ID: BC  Data: 00 00 00 AA FA 13 8C 34 
"
"2016-11-21 14:30:42ID: BB  Data: 00 00 00 AA 07 5F 7B B1 
"
"2016-11-21 14:30:42ID: BC  Data: 00 00 00 AA F8 A0 84 4F 
"
"2016-11-21 14:30:42ID: BB  Data: 00 00 00 AA 07 9A B0 B3 
"
"2016-11-21 14:30:42ID: BC  Data: 00 00 00 AA F8 65 4F 4D 
"
"2016-11-21 14:30:42ID: BB  Data: 00 00 00 AA 08 2F 5D 9F 
"
"2016-11-21 14:30:42ID: BC  Data: 00 00 00 AA F7 D0 A2 61 
"
"2016-11-21 14:30:42ID: BB  Data: 00 00 00 AA 09 0B 16 F3 
"
"2016-11-21 14:30:42ID: BC  Data: 00 00 00 AA F6 F4 E9 0D 
"
"2016-11-21 14:30:42ID: BB  Data: 00 00 00 AA 09 2B FB 82 
"
"2016-11-21 14:30:42ID: BC  Data: 00 00 00 AA F6 D4 04 7E 
"
"2016-11-21 14:30:42ID: BB  Data: 00 00 00 AA 09 84 22 9B 
"
"2016-11-21 14:30:42ID: BC  Data: 00 00 00 AA F6 7B DD 65 
"
"2016-11-21 14:30:42ID: BB  Data: 00 00 00 AA 09 C7 3C 8B 
"
"2016-11-21 14:30:42ID: BC  Data: 00 00 00 AA F6 38 C3 75 
"
"2016-11-21 14:30:42ID: BB  Data: 00 00 00 AA 0A 33 1F F9 
"
"2016-11-21 14:30:42ID: BC  Data: 00 00 00 AA F5 CC E0 07 
"
"2016-11-21 14:30:42ID: BB  Data: 00 00 00 AA 0A 3B 04 E9 
"
"2016-11-21 14:30:42ID: BC  Data: 00 00 00 AA F5 C4 FB 17 
"
"2016-11-21 14:30:43ID: BB  Data: 00 00 00 AA 0A 91 DB 2F 
"
"2016-11-21 14:30:43ID: BC  Data: 00 00 00 AA F5 6E 24 D1 
"
"2016-11-21 14:30:43ID: BB  Data: 00 00 00 AA 0A 8C 97 E5 
"
"2016-11-21 14:30:43ID: BC  Data: 00 00 00 AA F5 73 68 1B 
"
"2016-11-21 14:30:43ID: BB  Data: 00 00 00 AA 0A 87 54 9B 
"
"2016-11-21 14:30:43ID: BC  Data: 00 00 00 AA F5 78 AB 65 
"
"2016-11-21 14:30:43ID: BB  Data: 00 00 00 AA 0A 86 03 C8 
"
"2016-11-21 14:30:43ID: BC  Data: 00 00 00 AA F5 79 FC 38 
"
"2016-11-21 14:30:43ID: BB  Data: 00 00 00 AA 0A 7C CE 06 
"
"2016-11-21 14:30:43ID: BC  Data: 00 00 00 AA F5 83 31 FA 
"
"2016-11-21 14:30:43ID: BB  Data: 00 00 00 AA 0A 88 A5 6D 
"
"2016-11-21 14:30:43ID: BC  Data: 00 00 00 AA F5 77 5A 93 
"
"2016-11-21 14:30:43ID: BB  Data: 00 00 00 AA 0A 87 54 9B 
"
"2016-11-21 14:30:43ID: BC  Data: 00 00 00 AA F5 78 AB 65 
"
"2016-11-21 14:30:43ID: BB  Data: 00 00 00 AA 0A 89 F6 40 
"
"2016-11-21 14:30:43ID: BC  Data: 00 00 00 AA F5 76 09 C0 
"
"2016-11-21 14:30:43ID: BB  Data: 00 00 00 AA 0A 7B 7D 34 
"
"2016-11-21 14:30:43ID: BC  Data: 00 00 00 AA F5 84 82 CC 
"
"2016-11-21 14:30:43ID: BB  Data: 00 00 00 AA 0A 80 C0 7E 
"
"2016-11-21 14:30:43ID: BC  Data: 00 00 00 AA F5 7F 3F 82 
"
"2016-11-21 14:30:43ID: BB  Data: 00 00 00 AA 0A 7B 7D 34 
"
"2016-11-21 14:30:43ID: BC  Data: 00 00 00 AA F5 84 82 CC 
"
"2016-11-21 14:30:43ID: BB  Data: 00 00 00 AA 0A 7B 7D 34 
"
"2016-11-21 14:30:43ID: BC  Data: 00 00 00 AA F5 84 82 CC 
"
"2016-11-21 14:30:44ID: BB  Data: 00 00 00 AA 0A 7E 1E D9 
"
"2016-11-21 14:30:44ID: BC  Data: 00 00 00 AA F5 81 E1 27 
"
"2016-11-21 14:30:44ID: BB  Data: 00 00 00 AA 0A 7F 6F AB 
"
"2016-11-21 14:30:44ID: BC  Data: 00 00 00 AA F5 80 90 55 
"
"2016-11-21 14:30:44ID: BB  Data: 00 00 00 AA 0A 7E 1E D9 
"
"2016-11-21 14:30:44ID: BC  Data: 00 00 00 AA F5 81 E1 27 
"
"2016-11-21 14:30:44ID: BB  Data: 00 00 00 AA 0A 80 C0 7E 
"
"2016-11-21 14:30:44ID: BC  Data: 00 00 00 AA F5 7F 3F 82 
"
"2016-11-21 14:30:44ID: BB  Data: 00 00 00 AA 0A 80 C0 7E 
"
"2016-11-21 14:30:44ID: BC  Data: 00 00 00 AA F5 7F 3F 82 
"
"2016-11-21 14:30:44ID: BB  Data: 00 00 00 AA 0A 7F 6F AB 
"
"2016-11-21 14:30:44ID: BC  Data: 00 00 00 AA F5 80 90 55 
"
"2016-11-21 14:30:44ID: BB  Data: 00 00 00 AA 0A 80 C0 7E 
"
"2016-11-21 14:30:44ID: BC  Data: 00 00 00 AA F5 7F 3F 82 
"
"2016-11-21 14:30:44ID: BB  Data: 00 00 00 AA 0A 83 62 23 
"
"2016-11-21 14:30:44ID: BC  Data: 00 00 00 AA F5 7C 9D DD 
"
"2016-11-21 14:30:44ID: BB  Data: 00 00 00 AA 0A 80 C0 7E 
"
"2016-11-21 14:30:44ID: BC  Data: 00 00 00 AA F5 7F 3F 82 
"
"2016-11-21 14:30:44ID: BB  Data: 00 00 00 AA 0A 80 C0 7E 
"
"2016-11-21 14:30:44ID: BC  Data: 00 00 00 AA F5 7F 3F 82 
"
"2016-11-21 14:30:44ID: BB  Data: 00 00 00 AA 0A 82 11 50 
"
"2016-11-21 14:30:44ID: BC  Data: 00 00 00 AA F5 7D EE B0 
"
"2016-11-21 14:30:45ID: BB  Data: 00 00 00 AA 0A 80 C0 7E 
"
"2016-11-21 14:30:45ID: BC  Data: 00 00 00 AA F5 7F 3F 82 
"
"2016-11-21 14:30:45ID: BB  Data: 00 00 00 AA 0A 7B 7D 34 
"
"2016-11-21 14:30:45ID: BC  Data: 00 00 00 AA F5 84 82 CC 
"
"2016-11-21 14:30:45ID: BB  Data: 00 00 00 AA 0A 80 C0 7E 
"
"2016-11-21 14:30:45ID: BC  Data: 00 00 00 AA F5 7F 3F 82 
"
"2016-11-21 14:30:45ID: BB  Data: 00 00 00 AA 0A 86 03 C8 
"
"2016-11-21 14:30:45ID: BC  Data: 00 00 00 AA F5 79 FC 38 
"
"2016-11-21 14:30:45ID: BB  Data: 00 00 00 AA 0A 86 03 C8 
"
"2016-11-21 14:30:45ID: BC  Data: 00 00 00 AA F5 79 FC 38 
"
"2016-11-21 14:30:45ID: BB  Data: 00 00 00 AA 0A 7F 6F AB 
"
"2016-11-21 14:30:45ID: BC  Data: 00 00 00 AA F5 80 90 55 
"
"2016-11-21 14:30:45ID: BB  Data: 00 00 00 AA 0A 80 C0 7E 
"
"2016-11-21 14:30:45ID: BC  Data: 00 00 00 AA F5 7F 3F 82 
"
"2016-11-21 14:30:45ID: BB  Data: 00 00 00 AA 0A 6F A5 CD 
"
"2016-11-21 14:30:45ID: BC  Data: 00 00 00 AA F5 90 5A 33 
"
"2016-11-21 14:30:45ID: BB  Data: 00 00 00 AA 0A 80 C0 7E 
"
"2016-11-21 14:30:45ID: BC  Data: 00 00 00 AA F5 7F 3F 82 
"
"2016-11-21 14:30:45ID: BB  Data: 00 00 00 AA 0A 77 8A BC 
"
"2016-11-21 14:30:45ID: BC  Data: 00 00 00 AA F5 88 75 44 
"
"2016-11-21 14:30:45ID: BB  Data: 00 00 00 AA 0A 74 E9 17 
"
"2016-11-21 14:30:45ID: BC  Data: 00 00 00 AA F5 8B 16 E9 
"
"2016-11-21 14:30:45ID: BB  Data: 00 00 00 AA 0A 67 C0 DE 
"
"2016-11-21 14:30:46ID: BC  Data: 00 00 00 AA F5 98 3F 22 
"
"2016-11-21 14:30:46ID: BB  Data: 00 00 00 AA 0A 7A 2C 61 
"
"2016-11-21 14:30:46ID: BC  Data: 00 00 00 AA F5 85 D3 9F 
"
"2016-11-21 14:30:46ID: BB  Data: 00 00 00 AA 0A AA DA CF 
"
"2016-11-21 14:30:46ID: BC  Data: 00 00 00 AA F5 55 25 31 
"
"2016-11-21 14:30:46ID: BB  Data: 00 00 00 AA 0A 8C 97 E5 
"
"2016-11-21 14:30:46ID: BC  Data: 00 00 00 AA F5 73 68 1B 
"
"2016-11-21 14:30:46ID: BB  Data: 00 00 00 AA 0A A0 54 3A 
"
"2016-11-21 14:30:46ID: BC  Data: 00 00 00 AA F5 5F AB C6 
"
"2016-11-21 14:30:46ID: BB  Data: 00 00 00 AA 0A 98 6F 4B 
"
"2016-11-21 14:30:46ID: BC  Data: 00 00 00 AA F5 67 90 B5 
"
"2016-11-21 14:30:46ID: BB  Data: 00 00 00 AA 0A 94 7C D4 
"
"2016-11-21 14:30:46ID: BC  Data: 00 00 00 AA F5 6B 83 2C 
"
"2016-11-21 14:30:46ID: BB  Data: 00 00 00 AA 0A 99 C0 1E 
"
"2016-11-21 14:30:46ID: BC  Data: 00 00 00 AA F5 66 3F E2 
"
"2016-11-21 14:30:46ID: BB  Data: 00 00 00 AA 0A 8F 39 8A 
"
"2016-11-21 14:30:46ID: BC  Data: 00 00 00 AA F5 70 C6 76 
"
"2016-11-21 14:30:46ID: BB  Data: 00 00 00 AA 0A 88 A5 6D 
"
"2016-11-21 14:30:46ID: BC  Data: 00 00 00 AA F5 77 5A 93 
"
"2016-11-21 14:30:46ID: BB  Data: 00 00 00 AA 0A 87 54 9B 
"
"2016-11-21 14:30:46ID: BC  Data: 00 00 00 AA F5 78 AB 65 
"
"2016-11-21 14:30:46ID: BB  Data: 00 00 00 AA 0A A9 89 FC 
"
"2016-11-21 14:30:46ID: BC  Data: 00 00 00 AA F5 56 76 04 
"
"2016-11-21 14:30:47ID: BB  Data: 00 00 00 AA 0A 9C 61 C3 
"
"2016-11-21 14:30:47ID: BC  Data: 00 00 00 AA F5 63 9E 3D 
"
"2016-11-21 14:30:47ID: BB  Data: 00 00 00 AA 0A A2 F5 DF 
"
"2016-11-21 14:30:47ID: BC  Data: 00 00 00 AA F5 5D 0A 21 
"
"2016-11-21 14:30:47ID: BB  Data: 00 00 00 AA 0A A2 F5 DF 
"
"2016-11-21 14:30:47ID: BC  Data: 00 00 00 AA F5 5D 0A 21 
"
"2016-11-21 14:30:47ID: BB  Data: 00 00 00 AA 0A A2 F5 DF 
"
"2016-11-21 14:30:47ID: BC  Data: 00 00 00 AA F5 5D 0A 21 
"
"2016-11-21 14:30:47ID: BB  Data: 00 00 00 AA 0A A8 39 29 
"
"2016-11-21 14:30:47ID: BC  Data: 00 00 00 AA F5 57 C6 D7 
"
"2016-11-21 14:30:47ID: BB  Data: 00 00 00 AA 0A A5 97 84 
"
"2016-11-21 14:30:47ID: BC  Data: 00 00 00 AA F5 5A 68 7C 
"
"2016-11-21 14:30:47ID: BB  Data: 00 00 00 AA 0A A2 F5 DF 
"
"2016-11-21 14:30:47ID: BC  Data: 00 00 00 AA F5 5D 0A 21 
"
"2016-11-21 14:30:47ID: BB  Data: 00 00 00 AA 0A A1 A5 0D 
"
"2016-11-21 14:30:47ID: BC  Data: 00 00 00 AA F5 5E 5A F3 
"
"2016-11-21 14:30:47ID: BB  Data: 00 00 00 AA 0A A0 54 3A 
"
"2016-11-21 14:30:47ID: BC  Data: 00 00 00 AA F5 5F AB C6 
"
"2016-11-21 14:30:47ID: BB  Data: 00 00 00 AA 0A A6 E8 57 
"
"2016-11-21 14:30:47ID: BC  Data: 00 00 00 AA F5 59 17 A9 
"
"2016-11-21 14:30:47ID: BB  Data: 00 00 00 AA 0A A0 54 3A 
"
"2016-11-21 14:30:47ID: BC  Data: 00 00 00 AA F5 5F AB C6 
"
"2016-11-21 14:30:48ID: BB  Data: 00 00 00 AA 0A 9D B2 95 
"
"2016-11-21 14:30:48ID: BC  Data: 00 00 00 AA F5 62 4D 6B 
"
"2016-11-21 14:30:48ID: BB  Data: 00 00 00 AA 0A 91 DB 2F 
"
"2016-11-21 14:30:48ID: BC  Data: 00 00 00 AA F5 6E 24 D1 
"
"2016-11-21 14:30:48ID: BB  Data: 00 00 00 AA 0A 94 7C D4 
"
"2016-11-21 14:30:48ID: BC  Data: 00 00 00 AA F5 6B 83 2C 
"
"2016-11-21 14:30:48ID: BB  Data: 00 00 00 AA 0A 97 1E 79 
"
"2016-11-21 14:30:48ID: BC  Data: 00 00 00 AA F5 68 E1 87 
"
"2016-11-21 14:30:48ID: BB  Data: 00 00 00 AA 0A 99 C0 1E 
"
"2016-11-21 14:30:48ID: BC  Data: 00 00 00 AA F5 66 3F E2 
"
"2016-11-21 14:30:48ID: BB  Data: 00 00 00 AA 0A 97 1E 79 
"
"2016-11-21 14:30:48ID: BC  Data: 00 00 00 AA F5 68 E1 87 
"
"2016-11-21 14:30:48ID: BB  Data: 00 00 00 AA 0A 93 2C 01 
"
"2016-11-21 14:30:48ID: BC  Data: 00 00 00 AA F5 6C D3 FF 
"
"2016-11-21 14:30:48ID: BB  Data: 00 00 00 AA 0A 91 DB 2F 
"
"2016-11-21 14:30:48ID: BC  Data: 00 00 00 AA F5 6E 24 D1 
"
"2016-11-21 14:30:48ID: BB  Data: 00 00 00 AA 0A 97 1E 79 
"
"2016-11-21 14:30:48ID: BC  Data: 00 00 00 AA F5 68 E1 87 
"
"2016-11-21 14:30:48ID: BB  Data: 00 00 00 AA 0A 94 7C D4 
"
"2016-11-21 14:30:48ID: BC  Data: 00 00 00 AA F5 6B 83 2C 
"
"2016-11-21 14:30:48ID: BB  Data: 00 00 00 AA 0A 99 C0 1E 
"
"2016-11-21 14:30:48ID: BC  Data: 00 00 00 AA F5 66 3F E2 
"
"2016-11-21 14:30:48ID: BB  Data: 00 00 00 AA 0A 95 CD A6 
"
"2016-11-21 14:30:48ID: BC  Data: 00 00 00 AA F5 6A 32 5A 
"
"2016-11-21 14:30:49ID: BB  Data: 00 00 00 AA 0A 93 2C 01 
"
"2016-11-21 14:30:49ID: BC  Data: 00 00 00 AA F5 6C D3 FF 
"
"2016-11-21 14:30:49ID: BB  Data: 00 00 00 AA 0A 95 CD A6 
"
"2016-11-21 14:30:49ID: BC  Data: 00 00 00 AA F5 6A 32 5A 
"
"2016-11-21 14:30:49ID: BB  Data: 00 00 00 AA 0A 97 1E 79 
"
"2016-11-21 14:30:49ID: BC  Data: 00 00 00 AA F5 68 E1 87 
"
"2016-11-21 14:30:49ID: BB  Data: 00 00 00 AA 0A 95 CD A6 
"
"2016-11-21 14:30:49ID: BC  Data: 00 00 00 AA F5 6A 32 5A 
"
"2016-11-21 14:30:49ID: BB  Data: 00 00 00 AA 0A 99 C0 1E 
"
"2016-11-21 14:30:49ID: BC  Data: 00 00 00 AA F5 66 3F E2 
"
"2016-11-21 14:30:49ID: BB  Data: 00 00 00 AA 0A 9D B2 95 
"
"2016-11-21 14:30:49ID: BC  Data: 00 00 00 AA F5 62 4D 6B 
"
"2016-11-21 14:30:49ID: BB  Data: 00 00 00 AA 0A 9C 61 C3 
"
"2016-11-21 14:30:49ID: BC  Data: 00 00 00 AA F5 63 9E 3D 
"
"2016-11-21 14:30:49ID: BB  Data: 00 00 00 AA 0A 99 C0 1E 
"
"2016-11-21 14:30:49ID: BC  Data: 00 00 00 AA F5 66 3F E2 
"
"2016-11-21 14:30:49ID: BB  Data: 00 00 00 AA 0A 8F 39 8A 
"
"2016-11-21 14:30:49ID: BC  Data: 00 00 00 AA F5 70 C6 76 
"
"2016-11-21 14:30:49ID: BB  Data: 00 00 00 AA 0A 98 6F 4B 
"
"2016-11-21 14:30:49ID: BC  Data: 00 00 00 AA F5 67 90 B5 
"
"2016-11-21 14:30:49ID: BB  Data: 00 00 00 AA 0A 95 CD A6 
"
"2016-11-21 14:30:49ID: BC  Data: 00 00 00 AA F5 6A 32 5A 
"
"2016-11-21 14:30:50ID: BB  Data: 00 00 00 AA 0A 86 03 C8 
"
"2016-11-21 14:30:50ID: BC  Data: 00 00 00 AA F5 79 FC 38 
"
"2016-11-21 14:30:50ID: BB  Data: 00 00 00 AA 0A 88 A5 6D 
"
"2016-11-21 14:30:50ID: BC  Data: 00 00 00 AA F5 77 5A 93 
"
"2016-11-21 14:30:50ID: BB  Data: 00 00 00 AA 0A 84 B2 F6 
"
"2016-11-21 14:30:50ID: BC  Data: 00 00 00 AA F5 7B 4D 0A 
"
"2016-11-21 14:30:50ID: BB  Data: 00 00 00 AA 0A 80 C0 7E 
"
"2016-11-21 14:30:50ID: BC  Data: 00 00 00 AA F5 7F 3F 82 
"
"2016-11-21 14:30:50ID: BB  Data: 00 00 00 AA 0A 7E 1E D9 
"
"2016-11-21 14:30:50ID: BC  Data: 00 00 00 AA F5 81 E1 27 
"
"2016-11-21 14:30:50ID: BB  Data: 00 00 00 AA 0A 7F 6F AB 
"
"2016-11-21 14:30:50ID: BC  Data: 00 00 00 AA F5 80 90 55 
"
"2016-11-21 14:30:50ID: BB  Data: 00 00 00 AA 0A 80 C0 7E 
"
"2016-11-21 14:30:50ID: BC  Data: 00 00 00 AA F5 7F 3F 82 
"
"2016-11-21 14:30:50ID: BB  Data: 00 00 00 AA 0A 83 62 23 
"
"2016-11-21 14:30:50ID: BC  Data: 00 00 00 AA F5 7C 9D DD 
"
"2016-11-21 14:30:50ID: BB  Data: 00 00 00 AA 0A 89 F6 40 
"
"2016-11-21 14:30:50ID: BC  Data: 00 00 00 AA F5 76 09 C0 
"
"2016-11-21 14:30:50ID: BB  Data: 00 00 00 AA 0A 8C 97 E5 
"
"2016-11-21 14:30:50ID: BC  Data: 00 00 00 AA F5 73 68 1B 
"
"2016-11-21 14:30:50ID: BB  Data: 00 00 00 AA 0A 90 8A 5C 
"
"2016-11-21 14:30:50ID: BC  Data: 00 00 00 AA F5 6F 75 A4 
"
"2016-11-21 14:30:51ID: BB  Data: 00 00 00 AA 0A 93 2C 01 
"
"2016-11-21 14:30:51ID: BC  Data: 00 00 00 AA F5 6C D3 FF 
"
"2016-11-21 14:30:51ID: BB  Data: 00 00 00 AA 0A 95 CD A6 
"
"2016-11-21 14:30:51ID: BC  Data: 00 00 00 AA F5 6A 32 5A 
"
"2016-11-21 14:30:51ID: BB  Data: 00 00 00 AA 0A 97 1E 79 
"
"2016-11-21 14:30:51ID: BC  Data: 00 00 00 AA F5 68 E1 87 
"
"2016-11-21 14:30:51ID: BB  Data: 00 00 00 AA 0A 93 2C 01 
"
"2016-11-21 14:30:51ID: BC  Data: 00 00 00 AA F5 6C D3 FF 
"
"2016-11-21 14:30:51ID: BB  Data: 00 00 00 AA 0A 94 7C D4 
"
"2016-11-21 14:30:51ID: BC  Data: 00 00 00 AA F5 6B 83 2C 
"
"2016-11-21 14:30:51ID: BB  Data: 00 00 00 AA 0A 7F 6F AB 
"
"2016-11-21 14:30:51ID: BC  Data: 00 00 00 AA F5 80 90 55 
"
"2016-11-21 14:30:51ID: BB  Data: 00 00 00 AA 0A 80 C0 7E 
"
"2016-11-21 14:30:51ID: BC  Data: 00 00 00 AA F5 7F 3F 82 
"
"2016-11-21 14:30:51ID: BB  Data: 00 00 00 AA 0A 78 DB 8F 
"
"2016-11-21 14:30:51ID: BC  Data: 00 00 00 AA F5 87 24 71 
"
"2016-11-21 14:30:51ID: BB  Data: 00 00 00 AA 0A 7E 1E D9 
"
"2016-11-21 14:30:51ID: BC  Data: 00 00 00 AA F5 81 E1 27 
"
"2016-11-21 14:30:51ID: BB  Data: 00 00 00 AA 0A 56 A6 2D 
"
"2016-11-21 14:30:51ID: BC  Data: 00 00 00 AA F5 A9 59 D3 
"
"2016-11-21 14:30:51ID: BB  Data: 00 00 00 AA 0A 69 11 B1 
"
"2016-11-21 14:30:51ID: BC  Data: 00 00 00 AA F5 96 EE 4F 
"
"2016-11-21 14:30:51ID: BB  Data: 00 00 00 AA 0A 5E 8B 1D 
"
"2016-11-21 14:30:51ID: BC  Data: 00 00 00 AA F5 A1 74 E3 
"
"2016-11-21 14:30:52ID: BB  Data: 00 00 00 AA 0A 70 F6 A0 
"
"2016-11-21 14:30:52ID: BC  Data: 00 00 00 AA F5 8F 09 60 
"
"2016-11-21 14:30:52ID: BB  Data: 00 00 00 AA 0A 6B B3 56 
"
"2016-11-21 14:30:52ID: BC  Data: 00 00 00 AA F5 94 4C AA 
"
"2016-11-21 14:30:52ID: BB  Data: 00 00 00 AA 0A 72 47 72 
"
"2016-11-21 14:30:52ID: BC  Data: 00 00 00 AA F5 8D B8 8E 
"
"2016-11-21 14:30:52ID: BB  Data: 00 00 00 AA 0A 6E 54 FB 
"
"2016-11-21 14:30:52ID: BC  Data: 00 00 00 AA F5 91 AB 05 
"
"2016-11-21 14:30:52ID: BB  Data: 00 00 00 AA 0A 78 DB 8F 
"
"2016-11-21 14:30:52ID: BC  Data: 00 00 00 AA F5 87 24 71 
"
"2016-11-21 14:30:52ID: BB  Data: 00 00 00 AA 0A 90 8A 5C 
"
"2016-11-21 14:30:52ID: BC  Data: 00 00 00 AA F5 6F 75 A4 
"
"2016-11-21 14:30:52ID: BB  Data: 00 00 00 AA 0A 78 DB 8F 
"
"2016-11-21 14:30:52ID: BC  Data: 00 00 00 AA F5 87 24 71 
"
"2016-11-21 14:30:52ID: BB  Data: 00 00 00 AA 0A 7B 7D 34 
"
"2016-11-21 14:30:52ID: BC  Data: 00 00 00 AA F5 84 82 CC 
"
"2016-11-21 14:30:52ID: BB  Data: 00 00 00 AA 0A 82 11 50 
"
"2016-11-21 14:30:52ID: BC  Data: 00 00 00 AA F5 7D EE B0 
"
"2016-11-21 14:30:52ID: BB  Data: 00 00 00 AA 0A 7E 1E D9 
"
"2016-11-21 14:30:52ID: BC  Data: 00 00 00 AA F5 81 E1 27 
"
"2016-11-21 14:30:52ID: BB  Data: 00 00 00 AA 0A 76 39 EA 
"
"2016-11-21 14:30:52ID: BC  Data: 00 00 00 AA F5 89 C6 16 
"
"2016-11-21 14:30:53ID: BB  Data: 00 00 00 AA 0A 76 39 EA 
"
"2016-11-21 14:30:53ID: BC  Data: 00 00 00 AA F5 89 C6 16 
"
"2016-11-21 14:30:53ID: BB  Data: 00 00 00 AA 0A 70 F6 A0 
"
"2016-11-21 14:30:53ID: BC  Data: 00 00 00 AA F5 8F 09 60 
"
"2016-11-21 14:30:53ID: BB  Data: 00 00 00 AA 0A 76 39 EA 
"
"2016-11-21 14:30:53ID: BC  Data: 00 00 00 AA F5 89 C6 16 
"
"2016-11-21 14:30:53ID: BB  Data: 00 00 00 AA 0A 5E 8B 1D 
"
"2016-11-21 14:30:53ID: BC  Data: 00 00 00 AA F5 A1 74 E3 
"
"2016-11-21 14:30:53ID: BB  Data: 00 00 00 AA 0A 6E 54 FB 
"
"2016-11-21 14:30:53ID: BC  Data: 00 00 00 AA F5 91 AB 05 
"
"2016-11-21 14:30:53ID: BB  Data: 00 00 00 AA 0A 67 C0 DE 
"
"2016-11-21 14:30:53ID: BC  Data: 00 00 00 AA F5 98 3F 22 
"
"2016-11-21 14:30:53ID: BB  Data: 00 00 00 AA 0A 62 7D 94 
"
"2016-11-21 14:30:53ID: BC  Data: 00 00 00 AA F5 9D 82 6C 
"
"2016-11-21 14:30:53ID: BB  Data: 00 00 00 AA 0A 6E 54 FB 
"
"2016-11-21 14:30:53ID: BC  Data: 00 00 00 AA F5 91 AB 05 
"
"2016-11-21 14:30:53ID: BB  Data: 00 00 00 AA 0A 67 C0 DE 
"
"2016-11-21 14:30:53ID: BC  Data: 00 00 00 AA F5 98 3F 22 
"
"2016-11-21 14:30:53ID: BB  Data: 00 00 00 AA 0A 6A 62 83 
"
"2016-11-21 14:30:53ID: BC  Data: 00 00 00 AA F5 95 9D 7D 
"
"2016-11-21 14:30:53ID: BB  Data: 00 00 00 AA 0A 6F A5 CD 
"
"2016-11-21 14:30:53ID: BC  Data: 00 00 00 AA F5 90 5A 33 
"
"2016-11-21 14:30:53ID: BB  Data: 00 00 00 AA 0A 63 CE 67 
"
"2016-11-21 14:30:54ID: BC  Data: 00 00 00 AA F5 9C 31 99 
"
"2016-11-21 14:30:54ID: BB  Data: 00 00 00 AA 0A 62 7D 94 
"
"2016-11-21 14:30:54ID: BC  Data: 00 00 00 AA F5 9D 82 6C 
"
"2016-11-21 14:30:54ID: BB  Data: 00 00 00 AA 0A 6E 54 FB 
"
"2016-11-21 14:30:54ID: BC  Data: 00 00 00 AA F5 91 AB 05 
"
"2016-11-21 14:30:54ID: BB  Data: 00 00 00 AA 0A 6A 62 83 
"
"2016-11-21 14:30:54ID: BC  Data: 00 00 00 AA F5 95 9D 7D 
"
"2016-11-21 14:30:54ID: BB  Data: 00 00 00 AA 0A 67 C0 DE 
"
"2016-11-21 14:30:54ID: BC  Data: 00 00 00 AA F5 98 3F 22 
"
"2016-11-21 14:30:54ID: BB  Data: 00 00 00 AA 0A 6D 04 28 
"
"2016-11-21 14:30:54ID: BC  Data: 00 00 00 AA F5 92 FB D8 
"
"2016-11-21 14:30:54ID: BB  Data: 00 00 00 AA 0A 67 C0 DE 
"
"2016-11-21 14:30:54ID: BC  Data: 00 00 00 AA F5 98 3F 22 
"
"2016-11-21 14:30:54ID: BB  Data: 00 00 00 AA 0A 63 CE 67 
"
"2016-11-21 14:30:54ID: BC  Data: 00 00 00 AA F5 9C 31 99 
"
"2016-11-21 14:30:54ID: BB  Data: 00 00 00 AA 0A 62 7D 94 
"
"2016-11-21 14:30:54ID: BC  Data: 00 00 00 AA F5 9D 82 6C 
"
"2016-11-21 14:30:54ID: BB  Data: 00 00 00 AA 0A 63 CE 67 
"
"2016-11-21 14:30:54ID: BC  Data: 00 00 00 AA F5 9C 31 99 
"
"2016-11-21 14:30:54ID: BB  Data: 00 00 00 AA 0A 65 1F 39 
"
"2016-11-21 14:30:54ID: BC  Data: 00 00 00 AA F5 9A E0 C7 
"
"2016-11-21 14:30:54ID: BB  Data: 00 00 00 AA 0A 76 39 EA 
"
"2016-11-21 14:30:54ID: BC  Data: 00 00 00 AA F5 89 C6 16 
"
"2016-11-21 14:30:55ID: BB  Data: 00 00 00 AA 0A 77 8A BC 
"
"2016-11-21 14:30:55ID: BC  Data: 00 00 00 AA F5 88 75 44 
"
"2016-11-21 14:30:55ID: BB  Data: 00 00 00 AA 0A 77 8A BC 
"
"2016-11-21 14:30:55ID: BC  Data: 00 00 00 AA F5 88 75 44 
"
"2016-11-21 14:30:55ID: BB  Data: 00 00 00 AA 0A 78 DB 8F 
"
"2016-11-21 14:30:55ID: BC  Data: 00 00 00 AA F5 87 24 71 
"
"2016-11-21 14:30:55ID: BB  Data: 00 00 00 AA 0A 88 A5 6D 
"
"2016-11-21 14:30:55ID: BC  Data: 00 00 00 AA F5 77 5A 93 
"
"2016-11-21 14:30:55ID: BB  Data: 00 00 00 AA 0A 87 54 9B 
"
"2016-11-21 14:30:55ID: BC  Data: 00 00 00 AA F5 78 AB 65 
"
"2016-11-21 14:30:55ID: BB  Data: 00 00 00 AA 0A AE CD 46 
"
"2016-11-21 14:30:55ID: BC  Data: 00 00 00 AA F5 51 32 BA 
"
"2016-11-21 14:30:55ID: BB  Data: 00 00 00 AA 0A BE 97 24 
"
"2016-11-21 14:30:55ID: BC  Data: 00 00 00 AA F5 41 68 DC 
"
"2016-11-21 14:30:55ID: BB  Data: 00 00 00 AA 0B 78 1B 17 
"
"2016-11-21 14:30:55ID: BC  Data: 00 00 00 AA F4 87 E4 E9 
"
"2016-11-21 14:30:55ID: BB  Data: 00 00 00 AA 0B 92 6B 89 
"
"2016-11-21 14:30:55ID: BC  Data: 00 00 00 AA F4 6D 94 77 
"
"2016-11-21 14:30:55ID: BB  Data: 00 00 00 AA 0B 79 6B EA 
"
"2016-11-21 14:30:55ID: BC  Data: 00 00 00 AA F4 86 94 16 
"
"2016-11-21 14:30:55ID: BB  Data: 00 00 00 AA 0B 6C 43 B0 
"
"2016-11-21 14:30:55ID: BC  Data: 00 00 00 AA F4 93 BC 50 
"
"2016-11-21 14:30:56ID: BB  Data: 00 00 00 AA 0B 69 A2 0B 
"
"2016-11-21 14:30:56ID: BC  Data: 00 00 00 AA F4 96 5D F5 
"
"2016-11-21 14:30:56ID: BB  Data: 00 00 00 AA 0B 4E 00 C7 
"
"2016-11-21 14:30:56ID: BC  Data: 00 00 00 AA F4 B1 FF 39 
"
"2016-11-21 14:30:56ID: BB  Data: 00 00 00 AA 0B 57 36 88 
"
"2016-11-21 14:30:56ID: BC  Data: 00 00 00 AA F4 A8 C9 78 
"
"2016-11-21 14:30:56ID: BB  Data: 00 00 00 AA 0B 2B CB 65 
"
"2016-11-21 14:30:56ID: BC  Data: 00 00 00 AA F4 D4 34 9B 
"
"2016-11-21 14:30:56ID: BB  Data: 00 00 00 AA 0A B9 53 DA 
"
"2016-11-21 14:30:56ID: BC  Data: 00 00 00 AA F5 46 AC 26 
"
"2016-11-21 14:30:56ID: BB  Data: 00 00 00 AA 0A 5D 3A 4A 
"
"2016-11-21 14:30:56ID: BC  Data: 00 00 00 AA F5 A2 C5 B6 
"
"2016-11-21 14:30:56ID: BB  Data: 00 00 00 AA 0A 2F 2D 82 
"
"2016-11-21 14:30:56ID: BC  Data: 00 00 00 AA F5 D0 D2 7E 
"
"2016-11-21 14:30:56ID: BB  Data: 00 00 00 AA 09 F7 EA F8 
"
"2016-11-21 14:30:56ID: BC  Data: 00 00 00 AA F6 08 15 08 
"
"2016-11-21 14:30:56ID: BB  Data: 00 00 00 AA 09 6B 22 FB 
"
"2016-11-21 14:30:56ID: BC  Data: 00 00 00 AA F6 94 DD 05 
"
"2016-11-21 14:30:56ID: BB  Data: 00 00 00 AA 09 08 75 4E 
"
"2016-11-21 14:30:56ID: BC  Data: 00 00 00 AA F6 F7 8A B2 
"
"2016-11-21 14:30:56ID: BB  Data: 00 00 00 AA 09 04 82 D7 
"
"2016-11-21 14:30:56ID: BC  Data: 00 00 00 AA F6 FB 7D 29 
"
"2016-11-21 14:30:56ID: BB  Data: 00 00 00 AA 09 14 4C B5 
"
"2016-11-21 14:30:56ID: BC  Data: 00 00 00 AA F6 EB B3 4B 
"
"2016-11-21 14:30:57ID: BB  Data: 00 00 00 AA 09 0F 09 6B 
"
"2016-11-21 14:30:57ID: BC  Data: 00 00 00 AA F6 F0 F6 95 
"
"2016-11-21 14:30:57ID: BB  Data: 00 00 00 AA 09 09 C6 21 
"
"2016-11-21 14:30:57ID: BC  Data: 00 00 00 AA F6 F6 39 DF 
"
"2016-11-21 14:30:57ID: BB  Data: 00 00 00 AA 08 FD EE BA 
"
"2016-11-21 14:30:57ID: BC  Data: 00 00 00 AA F7 02 11 46 
"
"2016-11-21 14:30:57ID: BB  Data: 00 00 00 AA 09 07 24 7C 
"
"2016-11-21 14:30:57ID: BC  Data: 00 00 00 AA F6 F8 DB 84 
"
"2016-11-21 14:30:57ID: BB  Data: 00 00 00 AA 08 FD EE BA 
"
"2016-11-21 14:30:57ID: BC  Data: 00 00 00 AA F7 02 11 46 
"
"2016-11-21 14:30:57ID: BB  Data: 00 00 00 AA 08 E6 3F ED 
"
"2016-11-21 14:30:57ID: BC  Data: 00 00 00 AA F7 19 C0 13 
"
"2016-11-21 14:30:57ID: BB  Data: 00 00 00 AA 08 BA D4 CA 
"
"2016-11-21 14:30:57ID: BC  Data: 00 00 00 AA F7 45 2B 36 
"
"2016-11-21 14:30:57ID: BB  Data: 00 00 00 AA 07 42 89 9A 
"
"2016-11-21 14:30:57ID: BC  Data: 00 00 00 AA F8 BD 76 66 
"
"2016-11-21 14:30:57ID: BB  Data: 00 00 00 AA 05 BF B7 D6 
"
"2016-11-21 14:30:57ID: BC  Data: 00 00 00 AA FA 40 48 2A 
"
"2016-11-21 14:30:57ID: BB  Data: 00 00 00 AA 03 14 DD 0C 
"
"2016-11-21 14:30:57ID: BC  Data: 00 00 00 AA FC EB 22 F4 
"
"2016-11-21 14:30:57ID: BB  Data: 00 00 00 AA 01 86 33 E1 
"
"2016-11-21 14:30:57ID: BC  Data: 00 00 00 AA FE 79 CC 1F 
"
"2016-11-21 14:30:58ID: BB  Data: 00 00 00 AA 00 00 00 00 
"
"2016-11-21 14:30:58ID: BC  Data: 00 00 00 AA 00 00 00 00 
"
"2016-11-21 14:30:58ID: BB  Data: 00 00 00 AA 00 00 00 00 
"
"2016-11-21 14:30:58ID: BC  Data: 00 00 00 AA 00 00 00 00 
"
"2016-11-21 14:30:58ID: BB  Data: 00 00 00 AA 00 00 00 00 
"
"2016-11-21 14:30:58ID: BC  Data: 00 00 00 AA 00 00 00 00 
"
"2016-11-21 14:30:58ID: BB  Data: 00 00 00 AA 00 00 00 00 
"
"2016-11-21 14:30:58ID: BC  Data: 00 00 00 AA 00 00 00 00 
"
"2016-11-21 14:30:58ID: BB  Data: 00 00 00 AA 00 00 00 00 
"
"2016-11-21 14:30:58ID: BC  Data: 00 00 00 AA 00 00 00 00 
"
"2016-11-21 14:30:58ID: BB  Data: 00 00 00 AA 00 00 00 00 
"
"2016-11-21 14:30:58ID: BC  Data: 00 00 00 AA 00 00 00 00 
"
"2016-11-21 14:30:58ID: BB  Data: 00 00 00 AA 00 00 00 00 
"
"2016-11-21 14:30:58ID: BC  Data: 00 00 00 AA 00 00 00 00 
"
"2016-11-21 14:30:58ID: BB  Data: 00 00 00 AA 00 00 00 00 
"
"2016-11-21 14:30:58ID: BC  Data: 00 00 00 AA 00 00 00 00 
"
"2016-11-21 14:30:58ID: BB  Data: 00 00 00 AA 00 00 00 00 
"
"2016-11-21 14:30:58ID: BC  Data: 00 00 00 AA 00 00 00 00 
"
"2016-11-21 14:30:58ID: BB  Data: 00 00 00 AA 00 00 00 00 
"
"2016-11-21 14:30:58ID: BC  Data: 00 00 00 AA 00 00 00 00 
"
"2016-11-21 14:30:58ID: BB  Data: 00 00 00 AA 00 00 00 00 
"
"2016-11-21 14:30:58ID: BC  Data: 00 00 00 AA 00 00 00 00 
"
"2016-11-21 14:30:59ID: BB  Data: 00 00 00 AA 00 00 00 00 
"
"2016-11-21 14:30:59ID: BC  Data: 00 00 00 AA 00 00 00 00 
"
"2016-11-21 14:30:59ID: BB  Data: 00 00 00 AA 00 00 00 00 
"
"2016-11-21 14:30:59ID: BC  Data: 00 00 00 AA 00 00 00 00 
"
"2016-11-21 14:30:59ID: BB  Data: 00 00 00 AA 00 00 00 00 
"
"2016-11-21 14:30:59ID: BC  Data: 00 00 00 AA 00 00 00 00 
"
"2016-11-21 14:30:59ID: BB  Data: 00 00 00 AA 00 00 00 00 
"
"2016-11-21 14:30:59ID: BC  Data: 00 00 00 AA 00 00 00 00 
"
"2016-11-21 14:30:59ID: BB  Data: 00 00 00 AA 00 00 00 00 
"
"2016-11-21 14:30:59ID: BC  Data: 00 00 00 AA 00 00 00 00 
"
"2016-11-21 14:30:59ID: BB  Data: 00 00 00 AA 00 00 00 00 
"
"2016-11-21 14:30:59ID: BC  Data: 00 00 00 AA 00 00 00 00 
"
"2016-11-21 14:30:59ID: BB  Data: 00 00 00 AA 00 00 00 00 
"
"2016-11-21 14:30:59ID: BC  Data: 00 00 00 AA 00 00 00 00 
"
"2016-11-21 14:30:59ID: BB  Data: 00 00 00 AA 00 00 00 00 
"
"2016-11-21 14:30:59ID: BC  Data: 00 00 00 AA 00 00 00 00 
"
"2016-11-21 14:30:59ID: BB  Data: 00 00 00 AA 00 00 00 00 
"
"2016-11-21 14:30:59ID: BC  Data: 00 00 00 AA 00 00 00 00 
"
"2016-11-21 14:30:59ID: BB  Data: 00 00 00 AA 00 00 00 00 
"
"2016-11-21 14:30:59ID: BC  Data: 00 00 00 AA 00 00 00 00 
"
"2016-11-21 14:30:59ID: BB  Data: 00 00 00 AA 00 00 00 00 
"
"2016-11-21 14:30:59ID: BC  Data: 00 00 00 AA 00 00 00 00 
"
"2016-11-21 14:30:59ID: BB  Data: 00 00 00 AA 00 00 00 00 
"
"2016-11-21 14:30:59ID: BC  Data: 00 00 00 AA 00 00 00 00 
"
"2016-11-21 14:31:00ID: BB  Data: 00 00 00 AA 00 00 00 00 
"
"2016-11-21 14:31:00ID: BC  Data: 00 00 00 AA 00 00 00 00 
"
"2016-11-21 14:31:00ID: BB  Data: 00 00 00 AA 00 00 00 00 
"
"2016-11-21 14:31:00ID: BC  Data: 00 00 00 AA 00 00 00 00 
"
"2016-11-21 14:31:00ID: BB  Data: 00 00 00 AA 00 00 00 00 
"
"2016-11-21 14:31:00ID: BC  Data: 00 00 00 AA 00 00 00 00 
"
"2016-11-21 14:31:00ID: BB  Data: 00 00 00 AA 00 00 00 00 
"
"2016-11-21 14:31:00ID: BC  Data: 00 00 00 AA 00 00 00 00 
"
"2016-11-21 14:31:00ID: BB  Data: 00 00 00 AA 00 00 00 00 
"
"2016-11-21 14:31:00ID: BC  Data: 00 00 00 AA 00 00 00 00 
"
"2016-11-21 14:31:00ID: BB  Data: 00 00 00 AA 00 00 00 00 
"
"2016-11-21 14:31:00ID: BC  Data: 00 00 00 AA 00 00 00 00 
"
"2016-11-21 14:31:00ID: BB  Data: 00 00 00 AA 00 00 00 00 
"
"2016-11-21 14:31:00ID: BC  Data: 00 00 00 AA 00 00 00 00 
"
"2016-11-21 14:31:00ID: BB  Data: 00 00 00 AA 00 00 00 00 
"
"2016-11-21 14:31:00ID: BC  Data: 00 00 00 AA 00 00 00 00 
"
"2016-11-21 14:31:00ID: BB  Data: 00 00 00 AA 00 00 00 00 
"
"2016-11-21 14:31:00ID: BC  Data: 00 00 00 AA 00 00 00 00 
"
"2016-11-21 14:31:00ID: BB  Data: 00 00 00 AA 00 00 00 00 
"
"2016-11-21 14:31:00ID: BC  Data: 00 00 00 AA 00 00 00 00 
"
"2016-11-21 14:31:00ID: BB  Data: 00 00 00 AA 00 00 00 00 
"
"2016-11-21 14:31:00ID: BC  Data: 00 00 00 AA 00 00 00 00 
"
"2016-11-21 14:31:01ID: BB  Data: 00 00 00 AA 00 00 00 00 
"
"2016-11-21 14:31:01ID: BC  Data: 00 00 00 AA 00 00 00 00 
"
"2016-11-21 14:31:01ID: BB  Data: 00 00 00 AA 00 00 00 00 
"
"2016-11-21 14:31:01ID: BC  Data: 00 00 00 AA 00 00 00 00 
"
"2016-11-21 14:31:01ID: BB  Data: 00 00 00 AA 00 00 00 00 
"
"2016-11-21 14:31:01ID: BC  Data: 00 00 00 AA 00 00 00 00 
"
"2016-11-21 14:31:01ID: BB  Data: 00 00 00 AA 00 00 00 00 
"
"2016-11-21 14:31:01ID: BC  Data: 00 00 00 AA 00 00 00 00 
"
"2016-11-21 14:31:01ID: BB  Data: 00 00 00 AA 00 00 00 00 
"
"2016-11-21 14:31:01ID: BC  Data: 00 00 00 AA 00 00 00 00 
"
"2016-11-21 14:31:01ID: BB  Data: 00 00 00 AA 00 00 00 00 
"
"2016-11-21 14:31:01ID: BC  Data: 00 00 00 AA 00 00 00 00 
"
"2016-11-21 14:31:01ID: BB  Data: 00 00 00 AA 00 00 00 00 
"
"2016-11-21 14:31:01ID: BC  Data: 00 00 00 AA 00 00 00 00 
"
"2016-11-21 14:31:01ID: BB  Data: 00 00 00 AA 00 00 00 00 
"
"2016-11-21 14:31:01ID: BC  Data: 00 00 00 AA 00 00 00 00 
"
"2016-11-21 14:31:01ID: BB  Data: 00 00 00 AA 00 00 00 00 
"
"2016-11-21 14:31:01ID: BC  Data: 00 00 00 AA 00 00 00 00 
"
"2016-11-21 14:31:01ID: BB  Data: 00 00 00 AA 00 00 00 00 
"
"2016-11-21 14:31:01ID: BC  Data: 00 00 00 AA 00 00 00 00 
"
"2016-11-21 14:31:01ID: BB  Data: 00 00 00 AA 00 00 00 00 
"
"2016-11-21 14:31:01ID: BC  Data: 00 00 00 AA 00 00 00 00 
"
"2016-11-21 14:31:01ID: BB  Data: 00 00 00 AA 00 00 00 00 
"
"2016-11-21 14:31:02ID: BC  Data: 00 00 00 AA 00 00 00 00 
"
"2016-11-21 14:31:02ID: BB  Data: 00 00 00 AA 00 00 00 00 
"
"2016-11-21 14:31:02ID: BC  Data: 00 00 00 AA 00 00 00 00 
"
"2016-11-21 14:31:02ID: BB  Data: 00 00 00 AA 00 00 00 00 
"
"2016-11-21 14:31:02ID: BC  Data: 00 00 00 AA 00 00 00 00 
"
"2016-11-21 14:31:02ID: BB  Data: 00 00 00 AA 00 00 00 00 
"
"2016-11-21 14:31:02ID: BC  Data: 00 00 00 AA 00 00 00 00 
"
"2016-11-21 14:31:02ID: BB  Data: 00 00 00 AA 00 00 00 00 
"
"2016-11-21 14:31:02ID: BC  Data: 00 00 00 AA 00 00 00 00 
"
"2016-11-21 14:31:02ID: BB  Data: 00 00 00 AA 00 00 00 00 
"
"2016-11-21 14:31:02ID: BC  Data: 00 00 00 AA 00 00 00 00 
"
"2016-11-21 14:31:02ID: BB  Data: 00 00 00 AA 00 00 00 00 
"
"2016-11-21 14:31:02ID: BC  Data: 00 00 00 AA 00 00 00 00 
"
"2016-11-21 14:31:02ID: BB  Data: 00 00 00 AA 00 00 00 00 
"
"2016-11-21 14:31:02ID: BC  Data: 00 00 00 AA 00 00 00 00 
"
"2016-11-21 14:31:02ID: BB  Data: 00 00 00 AA 00 00 00 00 
"
"2016-11-21 14:31:02ID: BC  Data: 00 00 00 AA 00 00 00 00 
"
"2016-11-21 14:31:02ID: BB  Data: 00 00 00 AA 00 00 00 00 
"
"2016-11-21 14:31:02ID: BC  Data: 00 00 00 AA 00 00 00 00 
"
"2016-11-21 14:31:02ID: BB  Data: 00 00 00 AA 00 00 00 00 
"
"2016-11-21 14:31:02ID: BC  Data: 00 00 00 AA 00 00 00 00 
"
"2016-11-21 14:31:02ID: BB  Data: 00 00 00 AA 01 A0 84 54 
"
"2016-11-21 14:31:02ID: BC  Data: 00 00 00 AA FE 5F 7B AC 
"
"2016-11-21 14:31:03ID: BB  Data: 00 00 00 AA 02 8E A9 2B 
"
"2016-11-21 14:31:03ID: BC  Data: 00 00 00 AA FD 71 56 D5 
"
"2016-11-21 14:31:03ID: BB  Data: 00 00 00 AA 03 72 47 6F 
"
"2016-11-21 14:31:03ID: BC  Data: 00 00 00 AA FC 8D B8 91 
"
"2016-11-21 14:31:03ID: BB  Data: 00 00 00 AA 04 A4 D7 09 
"
"2016-11-21 14:31:03ID: BC  Data: 00 00 00 AA FB 5B 28 F7 
"
"2016-11-21 14:31:03ID: BB  Data: 00 00 00 AA 04 E7 F0 F9 
"
"2016-11-21 14:31:03ID: BC  Data: 00 00 00 AA FB 18 0F 07 
"
"2016-11-21 14:31:03ID: BB  Data: 00 00 00 AA 05 56 76 0D 
"
"2016-11-21 14:31:03ID: BC  Data: 00 00 00 AA FA A9 89 F3 
"
"2016-11-21 14:31:03ID: BB  Data: 00 00 00 AA 05 F5 A9 8D 
"
"2016-11-21 14:31:03ID: BC  Data: 00 00 00 AA FA 0A 56 73 
"
"2016-11-21 14:31:03ID: BB  Data: 00 00 00 AA 06 DF DB ED 
"
"2016-11-21 14:31:03ID: BC  Data: 00 00 00 AA F9 20 24 13 
"
"2016-11-21 14:31:03ID: BB  Data: 00 00 00 AA 08 33 50 16 
"
"2016-11-21 14:31:03ID: BC  Data: 00 00 00 AA F7 CC AF EA 
"
"2016-11-21 14:31:03ID: BB  Data: 00 00 00 AA 08 DD 0A 2B 
"
"2016-11-21 14:31:03ID: BC  Data: 00 00 00 AA F7 22 F5 D5 
"
"2016-11-21 14:31:03ID: BB  Data: 00 00 00 AA 08 F6 09 CB 
"
"2016-11-21 14:31:03ID: BC  Data: 00 00 00 AA F7 09 F6 35 
"
"2016-11-21 14:31:03ID: BB  Data: 00 00 00 AA 09 1D 82 76 
"
"2016-11-21 14:31:03ID: BC  Data: 00 00 00 AA F6 E2 7D 8A 
"
"2016-11-21 14:31:04ID: BB  Data: 00 00 00 AA 09 53 74 2E 
"
"2016-11-21 14:31:04ID: BC  Data: 00 00 00 AA F6 AC 8B D2 
"
"2016-11-21 14:31:04ID: BB  Data: 00 00 00 AA 0A 0C F8 21 
"
"2016-11-21 14:31:04ID: BC  Data: 00 00 00 AA F5 F3 07 DF 
"
"2016-11-21 14:31:04ID: BB  Data: 00 00 00 AA 0A 28 99 65 
"
"2016-11-21 14:31:04ID: BC  Data: 00 00 00 AA F5 D6 15 C8 
"
"2016-11-21 14:31:04ID: BB  Data: 00 00 00 AA 0A 3B 04 E9 
"
"2016-11-21 14:31:04ID: BC  Data: 00 00 00 AA F5 C4 FB 17 
"
"2016-11-21 14:31:04ID: BB  Data: 00 00 00 AA 0A 34 70 CC 
"
"2016-11-21 14:31:04ID: BC  Data: 00 00 00 AA F5 CB 8F 34 
"
"2016-11-21 14:31:04ID: BB  Data: 00 00 00 AA 0A 30 7E 54 
"
"2016-11-21 14:31:04ID: BC  Data: 00 00 00 AA F5 CF 81 AC 
"
"2016-11-21 14:31:04ID: BB  Data: 00 00 00 AA 0A 3D A6 8E 
"
"2016-11-21 14:31:04ID: BC  Data: 00 00 00 AA F5 C2 59 72 
"
"2016-11-21 14:31:04ID: BB  Data: 00 00 00 AA 0A 3E F7 60 
"
"2016-11-21 14:31:04ID: BC  Data: 00 00 00 AA F5 C1 08 A0 
"
"2016-11-21 14:31:04ID: BB  Data: 00 00 00 AA 0A B6 B2 35 
"
"2016-11-21 14:31:04ID: BC  Data: 00 00 00 AA F5 49 4D CB 
"
"2016-11-21 14:31:04ID: BB  Data: 00 00 00 AA 0A F9 CC 26 
"
"2016-11-21 14:31:04ID: BC  Data: 00 00 00 AA F5 06 33 DA 
"
"2016-11-21 14:31:04ID: BB  Data: 00 00 00 AA 0A ED F4 BF 
"
"2016-11-21 14:31:04ID: BC  Data: 00 00 00 AA F5 12 0B 41 
"
"2016-11-21 14:31:04ID: BB  Data: 00 00 00 AA 0A F1 E7 36 
"
"2016-11-21 14:31:04ID: BC  Data: 00 00 00 AA F5 0E 18 CA 
"
"2016-11-21 14:31:05ID: BB  Data: 00 00 00 AA 0A F4 88 DB 
"
"2016-11-21 14:31:05ID: BC  Data: 00 00 00 AA F5 0B 77 25 
"
"2016-11-21 14:31:05ID: BB  Data: 00 00 00 AA 0A F0 96 64 
"
"2016-11-21 14:31:05ID: BC  Data: 00 00 00 AA F5 0F 69 9C 
"
"2016-11-21 14:31:05ID: BB  Data: 00 00 00 AA 0A ED F4 BF 
"
"2016-11-21 14:31:05ID: BC  Data: 00 00 00 AA F5 12 0B 41 
"
"2016-11-21 14:31:05ID: BB  Data: 00 00 00 AA 0A F3 38 09 
"
"2016-11-21 14:31:05ID: BC  Data: 00 00 00 AA F5 0C C7 F7 
"
"2016-11-21 14:31:05ID: BB  Data: 00 00 00 AA 0A F3 38 09 
"
"2016-11-21 14:31:05ID: BC  Data: 00 00 00 AA F5 0C C7 F7 
"
"2016-11-21 14:31:05ID: BB  Data: 00 00 00 AA 0A E6 0F D0 
"
"2016-11-21 14:31:05ID: BC  Data: 00 00 00 AA F5 19 F0 30 
"
"2016-11-21 14:31:05ID: BB  Data: 00 00 00 AA 0A E8 B1 75 
"
"2016-11-21 14:31:05ID: BC  Data: 00 00 00 AA F5 17 4E 8B 
"
"2016-11-21 14:31:05ID: BB  Data: 00 00 00 AA 0A DC DA 0E 
"
"2016-11-21 14:31:05ID: BC  Data: 00 00 00 AA F5 23 25 F2 
"
"2016-11-21 14:31:05ID: BB  Data: 00 00 00 AA 0A DA 38 69 
"
"2016-11-21 14:31:05ID: BC  Data: 00 00 00 AA F5 25 C7 97 
"
"2016-11-21 14:31:05ID: BB  Data: 00 00 00 AA 0A DC DA 0E 
"
"2016-11-21 14:31:05ID: BC  Data: 00 00 00 AA F5 23 25 F2 
"
"2016-11-21 14:31:05ID: BB  Data: 00 00 00 AA 0A DB 89 3C 
"
"2016-11-21 14:31:05ID: BC  Data: 00 00 00 AA F5 24 76 C4 
"
"2016-11-21 14:31:06ID: BB  Data: 00 00 00 AA 0A DB 89 3C 
"
"2016-11-21 14:31:06ID: BC  Data: 00 00 00 AA F5 24 76 C4 
"
"2016-11-21 14:31:06ID: BB  Data: 00 00 00 AA 0A D8 E7 97 
"
"2016-11-21 14:31:06ID: BC  Data: 00 00 00 AA F5 27 18 69 
"
"2016-11-21 14:31:06ID: BB  Data: 00 00 00 AA 0A DA 38 69 
"
"2016-11-21 14:31:06ID: BC  Data: 00 00 00 AA F5 25 C7 97 
"
"2016-11-21 14:31:06ID: BB  Data: 00 00 00 AA 0A D7 96 C4 
"
"2016-11-21 14:31:06ID: BC  Data: 00 00 00 AA F5 28 69 3C 
"
"2016-11-21 14:31:06ID: BB  Data: 00 00 00 AA 0A DA 38 69 
"
"2016-11-21 14:31:06ID: BC  Data: 00 00 00 AA F5 25 C7 97 
"
"2016-11-21 14:31:06ID: BB  Data: 00 00 00 AA 0A DB 89 3C 
"
"2016-11-21 14:31:06ID: BC  Data: 00 00 00 AA F5 24 76 C4 
"
"2016-11-21 14:31:06ID: BB  Data: 00 00 00 AA 0A D7 96 C4 
"
"2016-11-21 14:31:06ID: BC  Data: 00 00 00 AA F5 28 69 3C 
"
"2016-11-21 14:31:06ID: BB  Data: 00 00 00 AA 0A D6 45 F2 
"
"2016-11-21 14:31:06ID: BC  Data: 00 00 00 AA F5 29 BA 0E 
"
"2016-11-21 14:31:06ID: BB  Data: 00 00 00 AA 0A D4 F5 1F 
"
"2016-11-21 14:31:06ID: BC  Data: 00 00 00 AA F5 2B 0A E1 
"
"2016-11-21 14:31:06ID: BB  Data: 00 00 00 AA 0A D2 53 7A 
"
"2016-11-21 14:31:06ID: BC  Data: 00 00 00 AA F5 2D AC 86 
"
"2016-11-21 14:31:06ID: BB  Data: 00 00 00 AA 0A D3 A4 4D 
"
"2016-11-21 14:31:06ID: BC  Data: 00 00 00 AA F5 2C 5B B3 
"
"2016-11-21 14:31:07ID: BB  Data: 00 00 00 AA 0A D7 96 C4 
"
"2016-11-21 14:31:07ID: BC  Data: 00 00 00 AA F5 28 69 3C 
"
"2016-11-21 14:31:07ID: BB  Data: 00 00 00 AA 0A D1 02 A7 
"
"2016-11-21 14:31:07ID: BC  Data: 00 00 00 AA F5 2E FD 59 
"
"2016-11-21 14:31:07ID: BB  Data: 00 00 00 AA 0A D1 02 A7 
"
"2016-11-21 14:31:07ID: BC  Data: 00 00 00 AA F5 2E FD 59 
"
"2016-11-21 14:31:07ID: BB  Data: 00 00 00 AA 0A D2 53 7A 
"
"2016-11-21 14:31:07ID: BC  Data: 00 00 00 AA F5 2D AC 86 
"
"2016-11-21 14:31:07ID: BB  Data: 00 00 00 AA 0A D1 02 A7 
"
"2016-11-21 14:31:07ID: BC  Data: 00 00 00 AA F5 2E FD 59 
"
"2016-11-21 14:31:07ID: BB  Data: 00 00 00 AA 0A D4 F5 1F 
"
"2016-11-21 14:31:07ID: BC  Data: 00 00 00 AA F5 2B 0A E1 
"
"2016-11-21 14:31:07ID: BB  Data: 00 00 00 AA 0A D3 A4 4D 
"
"2016-11-21 14:31:07ID: BC  Data: 00 00 00 AA F5 2C 5B B3 
"
"2016-11-21 14:31:07ID: BB  Data: 00 00 00 AA 0A DA 38 69 
"
"2016-11-21 14:31:07ID: BC  Data: 00 00 00 AA F5 25 C7 97 
"
"2016-11-21 14:31:07ID: BB  Data: 00 00 00 AA 0A D7 96 C4 
"
"2016-11-21 14:31:07ID: BC  Data: 00 00 00 AA F5 28 69 3C 
"
"2016-11-21 14:31:07ID: BB  Data: 00 00 00 AA 0A D6 45 F2 
"
"2016-11-21 14:31:07ID: BC  Data: 00 00 00 AA F5 29 BA 0E 
"
"2016-11-21 14:31:07ID: BB  Data: 00 00 00 AA 0A E2 1D 58 
"
"2016-11-21 14:31:07ID: BC  Data: 00 00 00 AA F5 1D E2 A8 
"
"2016-11-21 14:31:07ID: BB  Data: 00 00 00 AA 0A D7 96 C4 
"
"2016-11-21 14:31:07ID: BC  Data: 00 00 00 AA F5 28 69 3C 
"
"2016-11-21 14:31:08ID: BB  Data: 00 00 00 AA 0A D3 A4 4D 
"
"2016-11-21 14:31:08ID: BC  Data: 00 00 00 AA F5 2C 5B B3 
"
"2016-11-21 14:31:08ID: BB  Data: 00 00 00 AA 0A DF 7B B3 
"
"2016-11-21 14:31:08ID: BC  Data: 00 00 00 AA F5 20 84 4D 
"
"2016-11-21 14:31:08ID: BB  Data: 00 00 00 AA 0A D7 96 C4 
"
"2016-11-21 14:31:08ID: BC  Data: 00 00 00 AA F5 28 69 3C 
"
"2016-11-21 14:31:08ID: BB  Data: 00 00 00 AA 0A D1 02 A7 
"
"2016-11-21 14:31:08ID: BC  Data: 00 00 00 AA F5 2E FD 59 
"
"2016-11-21 14:31:08ID: BB  Data: 00 00 00 AA 0A CD 10 30 
"
"2016-11-21 14:31:08ID: BC  Data: 00 00 00 AA F5 32 EF D0 
"
"2016-11-21 14:31:08ID: BB  Data: 00 00 00 AA 0A D6 45 F2 
"
"2016-11-21 14:31:08ID: BC  Data: 00 00 00 AA F5 29 BA 0E 
"
"2016-11-21 14:31:08ID: BB  Data: 00 00 00 AA 0A DE 2A E1 
"
"2016-11-21 14:31:08ID: BC  Data: 00 00 00 AA F5 21 D5 1F 
"
"2016-11-21 14:31:08ID: BB  Data: 00 00 00 AA 0A E0 CC 86 
"
"2016-11-21 14:31:08ID: BC  Data: 00 00 00 AA F5 1F 33 7A 
"
"2016-11-21 14:31:08ID: BB  Data: 00 00 00 AA 0A D6 45 F2 
"
"2016-11-21 14:31:08ID: BC  Data: 00 00 00 AA F5 29 BA 0E 
"
"2016-11-21 14:31:08ID: BB  Data: 00 00 00 AA 0A E0 CC 86 
"
"2016-11-21 14:31:08ID: BC  Data: 00 00 00 AA F5 1F 33 7A 
"
"2016-11-21 14:31:08ID: BB  Data: 00 00 00 AA 0A DB 89 3C 
"
"2016-11-21 14:31:08ID: BC  Data: 00 00 00 AA F5 24 76 C4 
"
"2016-11-21 14:31:09ID: BB  Data: 00 00 00 AA 0A DA 38 69 
"
"2016-11-21 14:31:09ID: BC  Data: 00 00 00 AA F5 25 C7 97 
"
"2016-11-21 14:31:09ID: BB  Data: 00 00 00 AA 0A DC DA 0E 
"
"2016-11-21 14:31:09ID: BC  Data: 00 00 00 AA F5 23 25 F2 
"
"2016-11-21 14:31:09ID: BB  Data: 00 00 00 AA 0A EF 45 91 
"
"2016-11-21 14:31:09ID: BC  Data: 00 00 00 AA F5 10 BA 6F 
"
"2016-11-21 14:31:09ID: BB  Data: 00 00 00 AA 0A CB BF 5D 
"
"2016-11-21 14:31:09ID: BC  Data: 00 00 00 AA F5 34 40 A3 
"
"2016-11-21 14:31:09ID: BB  Data: 00 00 00 AA 0A CB BF 5D 
"
"2016-11-21 14:31:09ID: BC  Data: 00 00 00 AA F5 34 40 A3 
"
"2016-11-21 14:31:09ID: BB  Data: 00 00 00 AA 0A CE 61 02 
"
"2016-11-21 14:31:09ID: BC  Data: 00 00 00 AA F5 31 9E FE 
"
"2016-11-21 14:31:09ID: BB  Data: 00 00 00 AA 0A E3 6E 2B 
"
"2016-11-21 14:31:09ID: BC  Data: 00 00 00 AA F5 1C 91 D5 
"
"2016-11-21 14:31:09ID: BB  Data: 00 00 00 AA 0A D6 45 F2 
"
"2016-11-21 14:31:09ID: BC  Data: 00 00 00 AA F5 29 BA 0E 
"
"2016-11-21 14:31:09ID: BB  Data: 00 00 00 AA 0A DB 89 3C 
"
"2016-11-21 14:31:09ID: BC  Data: 00 00 00 AA F5 24 76 C4 
"
"2016-11-21 14:31:09ID: BB  Data: 00 00 00 AA 0A DC DA 0E 
"
"2016-11-21 14:31:09ID: BC  Data: 00 00 00 AA F5 23 25 F2 
"
"2016-11-21 14:31:09ID: BB  Data: 00 00 00 AA 0A D8 E7 97 
"
"2016-11-21 14:31:09ID: BC  Data: 00 00 00 AA F5 27 18 69 
"
"2016-11-21 14:31:09ID: BB  Data: 00 00 00 AA 0A DF 7B B3 
"
"2016-11-21 14:31:10ID: BC  Data: 00 00 00 AA F5 20 84 4D 
"
"2016-11-21 14:31:10ID: BB  Data: 00 00 00 AA 0A E2 1D 58 
"
"2016-11-21 14:31:10ID: BC  Data: 00 00 00 AA F5 1D E2 A8 
"
"2016-11-21 14:31:10ID: BB  Data: 00 00 00 AA 0A D1 02 A7 
"
"2016-11-21 14:31:10ID: BC  Data: 00 00 00 AA F5 2E FD 59 
"
"2016-11-21 14:31:10ID: BB  Data: 00 00 00 AA 0A C3 DA 6E 
"
"2016-11-21 14:31:10ID: BC  Data: 00 00 00 AA F5 3C 25 92 
"
"2016-11-21 14:31:10ID: BB  Data: 00 00 00 AA 0A B0 1E 19 
"
"2016-11-21 14:31:10ID: BC  Data: 00 00 00 AA F5 4F E1 E7 
"
"2016-11-21 14:31:10ID: BB  Data: 00 00 00 AA 0A A9 89 FC 
"
"2016-11-21 14:31:10ID: BC  Data: 00 00 00 AA F5 56 76 04 
"
"2016-11-21 14:31:10ID: BB  Data: 00 00 00 AA 0A 8F 39 8A 
"
"2016-11-21 14:31:10ID: BC  Data: 00 00 00 AA F5 70 C6 76 
"
"2016-11-21 14:31:10ID: BB  Data: 00 00 00 AA 0A A2 F5 DF 
"
"2016-11-21 14:31:10ID: BC  Data: 00 00 00 AA F5 5D 0A 21 
"
"2016-11-21 14:31:10ID: BB  Data: 00 00 00 AA 0A A4 46 B2 
"
"2016-11-21 14:31:10ID: BC  Data: 00 00 00 AA F5 5B B9 4E 
"
"2016-11-21 14:31:10ID: BB  Data: 00 00 00 AA 0A B2 BF BE 
"
"2016-11-21 14:31:10ID: BC  Data: 00 00 00 AA F5 4D 40 42 
"
"2016-11-21 14:31:10ID: BB  Data: 00 00 00 AA 0A BB F5 7F 
"
"2016-11-21 14:31:10ID: BC  Data: 00 00 00 AA F5 44 0A 81 
"
"2016-11-21 14:31:10ID: BB  Data: 00 00 00 AA 0A A5 97 84 
"
"2016-11-21 14:31:10ID: BC  Data: 00 00 00 AA F5 5A 68 7C 
"
"2016-11-21 14:31:11ID: BB  Data: 00 00 00 AA 0A A9 89 FC 
"
"2016-11-21 14:31:11ID: BC  Data: 00 00 00 AA F5 56 76 04 
"
"2016-11-21 14:31:11ID: BB  Data: 00 00 00 AA 0A AA DA CF 
"
"2016-11-21 14:31:11ID: BC  Data: 00 00 00 AA F5 55 25 31 
"
"2016-11-21 14:31:11ID: BB  Data: 00 00 00 AA 0A A9 89 FC 
"
"2016-11-21 14:31:11ID: BC  Data: 00 00 00 AA F5 56 76 04 
"
"2016-11-21 14:31:11ID: BB  Data: 00 00 00 AA 0A B5 61 63 
"
"2016-11-21 14:31:11ID: BC  Data: 00 00 00 AA F5 4A 9E 9D 
"
"2016-11-21 14:31:11ID: BB  Data: 00 00 00 AA 0A 94 7C D4 
"
"2016-11-21 14:31:11ID: BC  Data: 00 00 00 AA F5 6B 83 2C 
"
"2016-11-21 14:31:11ID: BB  Data: 00 00 00 AA 0A A4 46 B2 
"
"2016-11-21 14:31:11ID: BC  Data: 00 00 00 AA F5 5B B9 4E 
"
"2016-11-21 14:31:11ID: BB  Data: 00 00 00 AA 0A 9D B2 95 
"
"2016-11-21 14:31:11ID: BC  Data: 00 00 00 AA F5 62 4D 6B 
"
"2016-11-21 14:31:11ID: BB  Data: 00 00 00 AA 0A A0 54 3A 
"
"2016-11-21 14:31:11ID: BC  Data: 00 00 00 AA F5 5F AB C6 
"
"2016-11-21 14:31:11ID: BB  Data: 00 00 00 AA 0A A0 54 3A 
"
"2016-11-21 14:31:11ID: BC  Data: 00 00 00 AA F5 5F AB C6 
"
"2016-11-21 14:31:11ID: BB  Data: 00 00 00 AA 0A 9C 61 C3 
"
"2016-11-21 14:31:11ID: BC  Data: 00 00 00 AA F5 63 9E 3D 
"
"2016-11-21 14:31:11ID: BB  Data: 00 00 00 AA 0A A6 E8 57 
"
"2016-11-21 14:31:11ID: BC  Data: 00 00 00 AA F5 59 17 A9 
"
"2016-11-21 14:31:12ID: BB  Data: 00 00 00 AA 0A A1 A5 0D 
"
"2016-11-21 14:31:12ID: BC  Data: 00 00 00 AA F5 5E 5A F3 
"
"2016-11-21 14:31:12ID: BB  Data: 00 00 00 AA 0A 9D B2 95 
"
"2016-11-21 14:31:12ID: BC  Data: 00 00 00 AA F5 62 4D 6B 
"
"2016-11-21 14:31:12ID: BB  Data: 00 00 00 AA 0A A4 46 B2 
"
"2016-11-21 14:31:12ID: BC  Data: 00 00 00 AA F5 5B B9 4E 
"
"2016-11-21 14:31:12ID: BB  Data: 00 00 00 AA 0A 9D B2 95 
"
"2016-11-21 14:31:12ID: BC  Data: 00 00 00 AA F5 62 4D 6B 
"
"2016-11-21 14:31:12ID: BB  Data: 00 00 00 AA 0A 9B 10 F0 
"
"2016-11-21 14:31:12ID: BC  Data: 00 00 00 AA F5 64 EF 10 
"
"2016-11-21 14:31:12ID: BB  Data: 00 00 00 AA 0A 9C 61 C3 
"
"2016-11-21 14:31:12ID: BC  Data: 00 00 00 AA F5 63 9E 3D 
"
"2016-11-21 14:31:12ID: BB  Data: 00 00 00 AA 0A A2 F5 DF 
"
"2016-11-21 14:31:12ID: BC  Data: 00 00 00 AA F5 5D 0A 21 
"
"2016-11-21 14:31:12ID: BB  Data: 00 00 00 AA 0A A9 89 FC 
"
"2016-11-21 14:31:12ID: BC  Data: 00 00 00 AA F5 56 76 04 
"
"2016-11-21 14:31:12ID: BB  Data: 00 00 00 AA 0A 8B 47 12 
"
"2016-11-21 14:31:12ID: BC  Data: 00 00 00 AA F5 74 B8 EE 
"
"2016-11-21 14:31:12ID: BB  Data: 00 00 00 AA 0A B2 BF BE 
"
"2016-11-21 14:31:12ID: BC  Data: 00 00 00 AA F5 4D 40 42 
"
"2016-11-21 14:31:12ID: BB  Data: 00 00 00 AA 0A A0 54 3A 
"
"2016-11-21 14:31:12ID: BC  Data: 00 00 00 AA F5 5F AB C6 
"
"2016-11-21 14:31:12ID: BB  Data: 00 00 00 AA 0A AA DA CF 
"
"2016-11-21 14:31:12ID: BC  Data: 00 00 00 AA F5 55 25 31 
"
"2016-11-21 14:31:13ID: BB  Data: 00 00 00 AA 0A A1 A5 0D 
"
"2016-11-21 14:31:13ID: BC  Data: 00 00 00 AA F5 5E 5A F3 
"
"2016-11-21 14:31:13ID: BB  Data: 00 00 00 AA 0A A1 A5 0D 
"
"2016-11-21 14:31:13ID: BC  Data: 00 00 00 AA F5 5E 5A F3 
"
"2016-11-21 14:31:13ID: BB  Data: 00 00 00 AA 0A A1 A5 0D 
"
"2016-11-21 14:31:13ID: BC  Data: 00 00 00 AA F5 5E 5A F3 
"
"2016-11-21 14:31:13ID: BB  Data: 00 00 00 AA 0A A0 54 3A 
"
"2016-11-21 14:31:13ID: BC  Data: 00 00 00 AA F5 5F AB C6 
"
"2016-11-21 14:31:13ID: BB  Data: 00 00 00 AA 0A 99 C0 1E 
"
"2016-11-21 14:31:13ID: BC  Data: 00 00 00 AA F5 66 3F E2 
"
"2016-11-21 14:31:13ID: BB  Data: 00 00 00 AA 0A A0 54 3A 
"
"2016-11-21 14:31:13ID: BC  Data: 00 00 00 AA F5 5F AB C6 
"
"2016-11-21 14:31:13ID: BB  Data: 00 00 00 AA 0A 94 7C D4 
"
"2016-11-21 14:31:13ID: BC  Data: 00 00 00 AA F5 6B 83 2C 
"
"2016-11-21 14:31:13ID: BB  Data: 00 00 00 AA 0A A5 97 84 
"
"2016-11-21 14:31:13ID: BC  Data: 00 00 00 AA F5 5A 68 7C 
"
"2016-11-21 14:31:13ID: BB  Data: 00 00 00 AA 0A 9B 10 F0 
"
"2016-11-21 14:31:13ID: BC  Data: 00 00 00 AA F5 64 EF 10 
"
"2016-11-21 14:31:13ID: BB  Data: 00 00 00 AA 0A A8 39 29 
"
"2016-11-21 14:31:13ID: BC  Data: 00 00 00 AA F5 57 C6 D7 
"
"2016-11-21 14:31:13ID: BB  Data: 00 00 00 AA 0A B4 10 90 
"
"2016-11-21 14:31:13ID: BC  Data: 00 00 00 AA F5 4B EF 70 
"
"2016-11-21 14:31:14ID: BB  Data: 00 00 00 AA 0A AA DA CF 
"
"2016-11-21 14:31:14ID: BC  Data: 00 00 00 AA F5 55 25 31 
"
"2016-11-21 14:31:14ID: BB  Data: 00 00 00 AA 0A 97 1E 79 
"
"2016-11-21 14:31:14ID: BC  Data: 00 00 00 AA F5 68 E1 87 
"
"2016-11-21 14:31:14ID: BB  Data: 00 00 00 AA 0A A5 97 84 
"
"2016-11-21 14:31:14ID: BC  Data: 00 00 00 AA F5 5A 68 7C 
"
"2016-11-21 14:31:14ID: BB  Data: 00 00 00 AA 0A A4 46 B2 
"
"2016-11-21 14:31:14ID: BC  Data: 00 00 00 AA F5 5B B9 4E 
"
"2016-11-21 14:31:14ID: BB  Data: 00 00 00 AA 0A 99 C0 1E 
"
"2016-11-21 14:31:14ID: BC  Data: 00 00 00 AA F5 66 3F E2 
"
"2016-11-21 14:31:14ID: BB  Data: 00 00 00 AA 0A 99 C0 1E 
"
"2016-11-21 14:31:14ID: BC  Data: 00 00 00 AA F5 66 3F E2 
"
"2016-11-21 14:31:14ID: BB  Data: 00 00 00 AA 0A A1 A5 0D 
"
"2016-11-21 14:31:14ID: BC  Data: 00 00 00 AA F5 5E 5A F3 
"
"2016-11-21 14:31:14ID: BB  Data: 00 00 00 AA 0A 9C 61 C3 
"
"2016-11-21 14:31:14ID: BC  Data: 00 00 00 AA F5 63 9E 3D 
"
"2016-11-21 14:31:14ID: BB  Data: 00 00 00 AA 0A 9B 10 F0 
"
"2016-11-21 14:31:14ID: BC  Data: 00 00 00 AA F5 64 EF 10 
"
"2016-11-21 14:31:14ID: BB  Data: 00 00 00 AA 0A 9B 10 F0 
"
"2016-11-21 14:31:14ID: BC  Data: 00 00 00 AA F5 64 EF 10 
"
"2016-11-21 14:31:14ID: BB  Data: 00 00 00 AA 0A 97 1E 79 
"
"2016-11-21 14:31:14ID: BC  Data: 00 00 00 AA F5 68 E1 87 
"
"2016-11-21 14:31:15ID: BB  Data: 00 00 00 AA 0A 98 6F 4B 
"
"2016-11-21 14:31:15ID: BC  Data: 00 00 00 AA F5 67 90 B5 
"
"2016-11-21 14:31:15ID: BB  Data: 00 00 00 AA 0A 9C 61 C3 
"
"2016-11-21 14:31:15ID: BC  Data: 00 00 00 AA F5 63 9E 3D 
"
"2016-11-21 14:31:15ID: BB  Data: 00 00 00 AA 0A 95 CD A6 
"
"2016-11-21 14:31:15ID: BC  Data: 00 00 00 AA F5 6A 32 5A 
"
"2016-11-21 14:31:15ID: BB  Data: 00 00 00 AA 0A 93 2C 01 
"
"2016-11-21 14:31:15ID: BC  Data: 00 00 00 AA F5 6C D3 FF 
"
"2016-11-21 14:31:15ID: BB  Data: 00 00 00 AA 0A 94 7C D4 
"
"2016-11-21 14:31:15ID: BC  Data: 00 00 00 AA F5 6B 83 2C 
"
"2016-11-21 14:31:15ID: BB  Data: 00 00 00 AA 0A 8F 39 8A 
"
"2016-11-21 14:31:15ID: BC  Data: 00 00 00 AA F5 70 C6 76 
"
"2016-11-21 14:31:15ID: BB  Data: 00 00 00 AA 0A 95 CD A6 
"
"2016-11-21 14:31:15ID: BC  Data: 00 00 00 AA F5 6A 32 5A 
"
"2016-11-21 14:31:15ID: BB  Data: 00 00 00 AA 0A 91 DB 2F 
"
"2016-11-21 14:31:15ID: BC  Data: 00 00 00 AA F5 6E 24 D1 
"
"2016-11-21 14:31:15ID: BB  Data: 00 00 00 AA 0A 93 2C 01 
"
"2016-11-21 14:31:15ID: BC  Data: 00 00 00 AA F5 6C D3 FF 
"
"2016-11-21 14:31:15ID: BB  Data: 00 00 00 AA 0A 8D E8 B7 
"
"2016-11-21 14:31:15ID: BC  Data: 00 00 00 AA F5 72 17 49 
"
"2016-11-21 14:31:15ID: BB  Data: 00 00 00 AA 0A A0 54 3A 
"
"2016-11-21 14:31:15ID: BC  Data: 00 00 00 AA F5 5F AB C6 
"
"2016-11-21 14:31:15ID: BB  Data: 00 00 00 AA 0A 99 C0 1E 
"
"2016-11-21 14:31:15ID: BC  Data: 00 00 00 AA F5 66 3F E2 
"
"2016-11-21 14:31:16ID: BB  Data: 00 00 00 AA 0A 9F 03 68 
"
"2016-11-21 14:31:16ID: BC  Data: 00 00 00 AA F5 60 FC 98 
"
"2016-11-21 14:31:16ID: BB  Data: 00 00 00 AA 0A AA DA CF 
"
"2016-11-21 14:31:16ID: BC  Data: 00 00 00 AA F5 55 25 31 
"
"2016-11-21 14:31:16ID: BB  Data: 00 00 00 AA 0A AD 7C 74 
"
"2016-11-21 14:31:16ID: BC  Data: 00 00 00 AA F5 52 83 8C 
"
"2016-11-21 14:31:16ID: BB  Data: 00 00 00 AA 0A B4 10 90 
"
"2016-11-21 14:31:16ID: BC  Data: 00 00 00 AA F5 4B EF 70 
"
"2016-11-21 14:31:16ID: BB  Data: 00 00 00 AA 0A B6 B2 35 
"
"2016-11-21 14:31:16ID: BC  Data: 00 00 00 AA F5 49 4D CB 
"
"2016-11-21 14:31:16ID: BB  Data: 00 00 00 AA 0A BF E7 F7 
"
"2016-11-21 14:31:16ID: BC  Data: 00 00 00 AA F5 40 18 09 
"
"2016-11-21 14:31:16ID: BB  Data: 00 00 00 AA 0A F9 CC 26 
"
"2016-11-21 14:31:16ID: BC  Data: 00 00 00 AA F5 06 33 DA 
"
"2016-11-21 14:31:16ID: BB  Data: 00 00 00 AA 0B C8 5D 41 
"
"2016-11-21 14:31:16ID: BC  Data: 00 00 00 AA F4 37 A2 BF 
"
"2016-11-21 14:31:16ID: BB  Data: 00 00 00 AA 0B AE 0C CE 
"
"2016-11-21 14:31:16ID: BC  Data: 00 00 00 AA F4 51 F3 32 
"
"2016-11-21 14:31:16ID: BB  Data: 00 00 00 AA 0B 9C F2 1E 
"
"2016-11-21 14:31:16ID: BC  Data: 00 00 00 AA F4 63 0D E2 
"
"2016-11-21 14:31:16ID: BB  Data: 00 00 00 AA 0B 82 A1 AB 
"
"2016-11-21 14:31:16ID: BC  Data: 00 00 00 AA F4 7D 5E 55 
"
"2016-11-21 14:31:17ID: BB  Data: 00 00 00 AA 0B 89 35 C8 
"
"2016-11-21 14:31:17ID: BC  Data: 00 00 00 AA F4 76 CA 38 
"
"2016-11-21 14:31:17ID: BB  Data: 00 00 00 AA 0B A2 35 68 
"
"2016-11-21 14:31:17ID: BC  Data: 00 00 00 AA F4 5D CA 98 
"
"2016-11-21 14:31:17ID: BB  Data: 00 00 00 AA 0B B8 93 62 
"
"2016-11-21 14:31:17ID: BC  Data: 00 00 00 AA F4 47 6C 9E 
"
"2016-11-21 14:31:17ID: BB  Data: 00 00 00 AA 0B BB 35 07 
"
"2016-11-21 14:31:17ID: BC  Data: 00 00 00 AA F4 44 CA F9 
"
"2016-11-21 14:31:17ID: BB  Data: 00 00 00 AA 0B DA C8 C4 
"
"2016-11-21 14:31:17ID: BC  Data: 00 00 00 AA F4 25 37 3C 
"
"2016-11-21 14:31:17ID: BB  Data: 00 00 00 AA 0B E0 0C 0E 
"
"2016-11-21 14:31:17ID: BC  Data: 00 00 00 AA F4 1F F3 F2 
"
"2016-11-21 14:31:17ID: BB  Data: 00 00 00 AA 0B D9 77 F1 
"
"2016-11-21 14:31:17ID: BC  Data: 00 00 00 AA F4 26 88 0F 
"
"2016-11-21 14:31:17ID: BB  Data: 00 00 00 AA 0B CC 4F B8 
"
"2016-11-21 14:31:17ID: BC  Data: 00 00 00 AA F4 33 B0 48 
"
"2016-11-21 14:31:17ID: BB  Data: 00 00 00 AA 0B CA FE E6 
"
"2016-11-21 14:31:17ID: BC  Data: 00 00 00 AA F4 35 01 1A 
"
"2016-11-21 14:31:17ID: BB  Data: 00 00 00 AA 0B BF 27 7F 
"
"2016-11-21 14:31:17ID: BC  Data: 00 00 00 AA F4 40 D8 81 
"
"2016-11-21 14:31:17ID: BB  Data: 00 00 00 AA 0B B4 A0 EB 
"
"2016-11-21 14:31:17ID: BC  Data: 00 00 00 AA F4 4B 5F 15 
"
"2016-11-21 14:31:17ID: BB  Data: 00 00 00 AA 0B 71 86 FB 
"
"2016-11-21 14:31:18ID: BC  Data: 00 00 00 AA F4 8E 79 05 
"
"2016-11-21 14:31:18ID: BB  Data: 00 00 00 AA 0B 6D 94 83 
"
"2016-11-21 14:31:18ID: BC  Data: 00 00 00 AA F4 92 6B 7D 
"
"2016-11-21 14:31:18ID: BB  Data: 00 00 00 AA 0B 67 00 66 
"
"2016-11-21 14:31:18ID: BC  Data: 00 00 00 AA F4 98 FF 9A 
"
"2016-11-21 14:31:18ID: BB  Data: 00 00 00 AA 0B 67 00 66 
"
"2016-11-21 14:31:18ID: BC  Data: 00 00 00 AA F4 98 FF 9A 
"
"2016-11-21 14:31:18ID: BB  Data: 00 00 00 AA 0B 4F 51 99 
"
"2016-11-21 14:31:18ID: BC  Data: 00 00 00 AA F4 B0 AE 67 
"
"2016-11-21 14:31:18ID: BB  Data: 00 00 00 AA 0B 4F 51 99 
"
"2016-11-21 14:31:18ID: BC  Data: 00 00 00 AA F4 B0 AE 67 
"
"2016-11-21 14:31:18ID: BB  Data: 00 00 00 AA 0B 4A 0E 4F 
"
"2016-11-21 14:31:18ID: BC  Data: 00 00 00 AA F4 B5 F1 B1 
"
"2016-11-21 14:31:18ID: BB  Data: 00 00 00 AA 0B 3E 36 E8 
"
"2016-11-21 14:31:18ID: BC  Data: 00 00 00 AA F4 C1 C9 18 
"
"2016-11-21 14:31:18ID: BB  Data: 00 00 00 AA 0B 38 F3 9E 
"
"2016-11-21 14:31:18ID: BC  Data: 00 00 00 AA F4 C7 0C 62 
"
"2016-11-21 14:31:18ID: BB  Data: 00 00 00 AA 0B 35 01 27 
"
"2016-11-21 14:31:18ID: BC  Data: 00 00 00 AA F4 CA FE D9 
"
"2016-11-21 14:31:18ID: BB  Data: 00 00 00 AA 0B 35 01 27 
"
"2016-11-21 14:31:18ID: BC  Data: 00 00 00 AA F4 CA FE D9 
"
"2016-11-21 14:31:18ID: BB  Data: 00 00 00 AA 0B 32 5F 82 
"
"2016-11-21 14:31:18ID: BC  Data: 00 00 00 AA F4 CD A0 7E 
"
"2016-11-21 14:31:19ID: BB  Data: 00 00 00 AA 0B 14 1C 98 
"
"2016-11-21 14:31:19ID: BC  Data: 00 00 00 AA F4 EB E3 68 
"
"2016-11-21 14:31:19ID: BB  Data: 00 00 00 AA 0B 2D 1C 38 
"
"2016-11-21 14:31:19ID: BC  Data: 00 00 00 AA F4 D2 E3 C8 
"
"2016-11-21 14:31:19ID: BB  Data: 00 00 00 AA 0B 2A 7A 93 
"
"2016-11-21 14:31:19ID: BC  Data: 00 00 00 AA F4 D5 85 6D 
"
"2016-11-21 14:31:19ID: BB  Data: 00 00 00 AA 0B 2B CB 65 
"
"2016-11-21 14:31:19ID: BC  Data: 00 00 00 AA F4 D4 34 9B 
"
"2016-11-21 14:31:19ID: BB  Data: 00 00 00 AA 0B 1E A3 2C 
"
"2016-11-21 14:31:19ID: BC  Data: 00 00 00 AA F4 E1 5C D4 
"
"2016-11-21 14:31:19ID: BB  Data: 00 00 00 AA 0B 1D 52 59 
"
"2016-11-21 14:31:19ID: BC  Data: 00 00 00 AA F4 E2 AD A7 
"
"2016-11-21 14:31:19ID: BB  Data: 00 00 00 AA 0B 1E A3 2C 
"
"2016-11-21 14:31:19ID: BC  Data: 00 00 00 AA F4 E1 5C D4 
"
"2016-11-21 14:31:19ID: BB  Data: 00 00 00 AA 0B 1D 52 59 
"
"2016-11-21 14:31:19ID: BC  Data: 00 00 00 AA F4 E2 AD A7 
"
"2016-11-21 14:31:19ID: BB  Data: 00 00 00 AA 0B 1A B0 B4 
"
"2016-11-21 14:31:19ID: BC  Data: 00 00 00 AA F4 E5 4F 4C 
"
"2016-11-21 14:31:19ID: BB  Data: 00 00 00 AA 0B 1D 52 59 
"
"2016-11-21 14:31:19ID: BC  Data: 00 00 00 AA F4 E2 AD A7 
"
"2016-11-21 14:31:19ID: BB  Data: 00 00 00 AA 0B 1D 52 59 
"
"2016-11-21 14:31:19ID: BC  Data: 00 00 00 AA F4 E2 AD A7 
"
"2016-11-21 14:31:20ID: BB  Data: 00 00 00 AA 0B 1D 52 59 
"
"2016-11-21 14:31:20ID: BC  Data: 00 00 00 AA F4 E2 AD A7 
"
"2016-11-21 14:31:20ID: BB  Data: 00 00 00 AA 0B 2E 6D 0A 
"
"2016-11-21 14:31:20ID: BC  Data: 00 00 00 AA F4 D1 92 F6 
"
"2016-11-21 14:31:20ID: BB  Data: 00 00 00 AA 0B 27 D8 EE 
"
"2016-11-21 14:31:20ID: BC  Data: 00 00 00 AA F4 D8 27 12 
"
"2016-11-21 14:31:20ID: BB  Data: 00 00 00 AA 0B 25 37 49 
"
"2016-11-21 14:31:20ID: BC  Data: 00 00 00 AA F4 DA C8 B7 
"
"2016-11-21 14:31:20ID: BB  Data: 00 00 00 AA 0B 22 95 A4 
"
"2016-11-21 14:31:20ID: BC  Data: 00 00 00 AA F4 DD 6A 5C 
"
"2016-11-21 14:31:20ID: BB  Data: 00 00 00 AA 0B 2E 6D 0A 
"
"2016-11-21 14:31:20ID: BC  Data: 00 00 00 AA F4 D1 92 F6 
"
"2016-11-21 14:31:20ID: BB  Data: 00 00 00 AA 0B 1E A3 2C 
"
"2016-11-21 14:31:20ID: BC  Data: 00 00 00 AA F4 E1 5C D4 
"
"2016-11-21 14:31:20ID: BB  Data: 00 00 00 AA 0B 1D 52 59 
"
"2016-11-21 14:31:20ID: BC  Data: 00 00 00 AA F4 E2 AD A7 
"
"2016-11-21 14:31:20ID: BB  Data: 00 00 00 AA 0B 1C 01 87 
"
"2016-11-21 14:31:20ID: BC  Data: 00 00 00 AA F4 E3 FE 79 
"
"2016-11-21 14:31:20ID: BB  Data: 00 00 00 AA 0B 16 BE 3D 
"
"2016-11-21 14:31:20ID: BC  Data: 00 00 00 AA F4 E9 41 C3 
"
"2016-11-21 14:31:20ID: BB  Data: 00 00 00 AA 0A 95 CD A6 
"
"2016-11-21 14:31:20ID: BC  Data: 00 00 00 AA F5 6A 32 5A 
"
"2016-11-21 14:31:20ID: BB  Data: 00 00 00 AA 09 F3 F8 81 
"
"2016-11-21 14:31:20ID: BC  Data: 00 00 00 AA F6 0C 07 7F 
"
"2016-11-21 14:31:21ID: BB  Data: 00 00 00 AA 08 AB 0A EC 
"
"2016-11-21 14:31:21ID: BC  Data: 00 00 00 AA F7 54 F5 14 
"
"2016-11-21 14:31:21ID: BB  Data: 00 00 00 AA 04 AA 1A 53 
"
"2016-11-21 14:31:21ID: BC  Data: 00 00 00 AA FB 55 E5 AD 
"
"2016-11-21 14:31:21ID: BB  Data: 00 00 00 AA 02 F5 49 4F 
"
"2016-11-21 14:31:21ID: BC  Data: 00 00 00 AA FD 0A B6 B1 
"
"2016-11-21 14:31:21ID: BB  Data: 00 00 00 AA 01 FC 9D E4 
"
"2016-11-21 14:31:21ID: BC  Data: 00 00 00 AA FE 03 62 1C 
"
"2016-11-21 14:31:21ID: BB  Data: 00 00 00 AA 01 86 33 E1 
"
"2016-11-21 14:31:21ID: BC  Data: 00 00 00 AA FE 79 CC 1F 
"
"2016-11-21 14:31:21ID: BB  Data: 00 00 00 AA 00 00 00 00 
"
"2016-11-21 14:31:21ID: BC  Data: 00 00 00 AA 00 00 00 00 
"
"2016-11-21 14:31:21ID: BB  Data: 00 00 00 AA 00 00 00 00 
"
"2016-11-21 14:31:21ID: BC  Data: 00 00 00 AA 00 00 00 00 
"
"2016-11-21 14:31:21ID: BB  Data: 00 00 00 AA 00 00 00 00 
"
"2016-11-21 14:31:21ID: BC  Data: 00 00 00 AA 00 00 00 00 
"
"2016-11-21 14:31:21ID: BB  Data: 00 00 00 AA 00 00 00 00 
"
"2016-11-21 14:31:21ID: BC  Data: 00 00 00 AA 00 00 00 00 
"
"2016-11-21 14:31:21ID: BB  Data: 00 00 00 AA 00 00 00 00 
"
"2016-11-21 14:31:21ID: BC  Data: 00 00 00 AA 00 00 00 00 
"
"2016-11-21 14:31:21ID: BB  Data: 00 00 00 AA 00 00 00 00 
"
"2016-11-21 14:31:21ID: BC  Data: 00 00 00 AA 00 00 00 00 
"
"2016-11-21 14:31:22ID: BB  Data: 00 00 00 AA 00 00 00 00 
"
"2016-11-21 14:31:22ID: BC  Data: 00 00 00 AA 00 00 00 00 
"
"2016-11-21 14:31:22ID: BB  Data: 00 00 00 AA 00 00 00 00 
"
"2016-11-21 14:31:22ID: BC  Data: 00 00 00 AA 00 00 00 00 
"
"2016-11-21 14:31:22ID: BB  Data: 00 00 00 AA 00 00 00 00 
"
"2016-11-21 14:31:22ID: BC  Data: 00 00 00 AA 00 00 00 00 
"
"2016-11-21 14:31:22ID: BB  Data: 00 00 00 AA 00 00 00 00 
"
"2016-11-21 14:31:22ID: BC  Data: 00 00 00 AA 00 00 00 00 
"
"2016-11-21 14:31:22ID: BB  Data: 00 00 00 AA 00 00 00 00 
"
"2016-11-21 14:31:22ID: BC  Data: 00 00 00 AA 00 00 00 00 
"
"2016-11-21 14:31:22ID: BB  Data: 00 00 00 AA 00 00 00 00 
"
"2016-11-21 14:31:22ID: BC  Data: 00 00 00 AA 00 00 00 00 
"
"2016-11-21 14:31:22ID: BB  Data: 00 00 00 AA 00 00 00 00 
"
"2016-11-21 14:31:22ID: BC  Data: 00 00 00 AA 00 00 00 00 
"
"2016-11-21 14:31:22ID: BB  Data: 00 00 00 AA 00 00 00 00 
"
"2016-11-21 14:31:22ID: BC  Data: 00 00 00 AA 00 00 00 00 
"
"2016-11-21 14:31:22ID: BB  Data: 00 00 00 AA 00 00 00 00 
"
"2016-11-21 14:31:22ID: BC  Data: 00 00 00 AA 00 00 00 00 
"
"2016-11-21 14:31:22ID: BB  Data: 00 00 00 AA 00 00 00 00 
"
"2016-11-21 14:31:22ID: BC  Data: 00 00 00 AA 00 00 00 00 
"
"2016-11-21 14:31:22ID: BB  Data: 00 00 00 AA 00 00 00 00 
"
"2016-11-21 14:31:22ID: BC  Data: 00 00 00 AA 00 00 00 00 
"
"2016-11-21 14:31:23ID: BB  Data: 00 00 00 AA 00 00 00 00 
"
"2016-11-21 14:31:23ID: BC  Data: 00 00 00 AA 00 00 00 00 
"
"2016-11-21 14:31:23ID: BB  Data: 00 00 00 AA 00 00 00 00 
"
"2016-11-21 14:31:23ID: BC  Data: 00 00 00 AA 00 00 00 00 
"
"2016-11-21 14:31:23ID: BB  Data: 00 00 00 AA 00 00 00 00 
"
"2016-11-21 14:31:23ID: BC  Data: 00 00 00 AA 00 00 00 00 
"
"2016-11-21 14:31:23ID: BB  Data: 00 00 00 AA 00 00 00 00 
"
"2016-11-21 14:31:23ID: BC  Data: 00 00 00 AA 00 00 00 00 
"
"2016-11-21 14:31:23ID: BB  Data: 00 00 00 AA 00 00 00 00 
"
"2016-11-21 14:31:23ID: BC  Data: 00 00 00 AA 00 00 00 00 
"
"2016-11-21 14:31:23ID: BB  Data: 00 00 00 AA 00 00 00 00 
"
"2016-11-21 14:31:23ID: BC  Data: 00 00 00 AA 00 00 00 00 
"
"2016-11-21 14:31:23ID: BB  Data: 00 00 00 AA 00 00 00 00 
"
"2016-11-21 14:31:23ID: BC  Data: 00 00 00 AA 00 00 00 00 
"
"2016-11-21 14:31:23ID: BB  Data: 00 00 00 AA 00 00 00 00 
"
"2016-11-21 14:31:23ID: BC  Data: 00 00 00 AA 00 00 00 00 
"
"2016-11-21 14:31:23ID: BB  Data: 00 00 00 AA 00 00 00 00 
"
"2016-11-21 14:31:23ID: BC  Data: 00 00 00 AA 00 00 00 00 
"
"2016-11-21 14:31:23ID: BB  Data: 00 00 00 AA 00 00 00 00 
"
"2016-11-21 14:31:23ID: BC  Data: 00 00 00 AA 00 00 00 00 
"
"2016-11-21 14:31:23ID: BB  Data: 00 00 00 AA 00 00 00 00 
"
"2016-11-21 14:31:23ID: BC  Data: 00 00 00 AA 00 00 00 00 
"
"2016-11-21 14:31:23ID: BB  Data: 00 00 00 AA 00 00 00 00 
"
"2016-11-21 14:31:23ID: BC  Data: 00 00 00 AA 00 00 00 00 
"
"2016-11-21 14:31:24ID: BB  Data: 00 00 00 AA 00 00 00 00 
"
"2016-11-21 14:31:24ID: BC  Data: 00 00 00 AA 00 00 00 00 
"
"2016-11-21 14:31:24ID: BB  Data: 00 00 00 AA 00 00 00 00 
"
"2016-11-21 14:31:24ID: BC  Data: 00 00 00 AA 00 00 00 00 
"
"2016-11-21 14:31:24ID: BB  Data: 00 00 00 AA 00 00 00 00 
"
"2016-11-21 14:31:24ID: BC  Data: 00 00 00 AA 00 00 00 00 
"
"2016-11-21 14:31:24ID: BB  Data: 00 00 00 AA 00 00 00 00 
"
"2016-11-21 14:31:24ID: BC  Data: 00 00 00 AA 00 00 00 00 
"
"2016-11-21 14:31:24ID: BB  Data: 00 00 00 AA 00 00 00 00 
"
"2016-11-21 14:31:24ID: BC  Data: 00 00 00 AA 00 00 00 00 
"
"2016-11-21 14:31:24ID: BB  Data: 00 00 00 AA 00 00 00 00 
"
"2016-11-21 14:31:24ID: BC  Data: 00 00 00 AA 00 00 00 00 
"
"2016-11-21 14:31:24ID: BB  Data: 00 00 00 AA 00 00 00 00 
"
"2016-11-21 14:31:24ID: BC  Data: 00 00 00 AA 00 00 00 00 
"
"2016-11-21 14:31:24ID: BB  Data: 00 00 00 AA 00 00 00 00 
"
"2016-11-21 14:31:24ID: BC  Data: 00 00 00 AA 00 00 00 00 
"
"2016-11-21 14:31:24ID: BB  Data: 00 00 00 AA 00 00 00 00 
"
"2016-11-21 14:31:24ID: BC  Data: 00 00 00 AA 00 00 00 00 
"
"2016-11-21 14:31:24ID: BB  Data: 00 00 00 AA 00 00 00 00 
"
"2016-11-21 14:31:24ID: BC  Data: 00 00 00 AA 00 00 00 00 
"
"2016-11-21 14:31:24ID: BB  Data: 00 00 00 AA 00 00 00 00 
"
"2016-11-21 14:31:24ID: BC  Data: 00 00 00 AA 00 00 00 00 
"
"2016-11-21 14:31:25ID: BB  Data: 00 00 00 AA 00 00 00 00 
"
"2016-11-21 14:31:25ID: BC  Data: 00 00 00 AA 00 00 00 00 
"
"2016-11-21 14:31:25ID: BB  Data: 00 00 00 AA 00 00 00 00 
"
"2016-11-21 14:31:25ID: BC  Data: 00 00 00 AA 00 00 00 00 
"
"2016-11-21 14:31:25ID: BB  Data: 00 00 00 AA 00 00 00 00 
"
"2016-11-21 14:31:25ID: BC  Data: 00 00 00 AA 00 00 00 00 
"
"2016-11-21 14:31:25ID: BB  Data: 00 00 00 AA 00 00 00 00 
"
"2016-11-21 14:31:25ID: BC  Data: 00 00 00 AA 00 00 00 00 
"
"2016-11-21 14:31:25ID: BB  Data: 00 00 00 AA 00 00 00 00 
"
"2016-11-21 14:31:25ID: BC  Data: 00 00 00 AA 00 00 00 00 
"
"2016-11-21 14:31:25ID: BB  Data: 00 00 00 AA 00 00 00 00 
"
"2016-11-21 14:31:25ID: BC  Data: 00 00 00 AA 00 00 00 00 
"
"2016-11-21 14:31:25ID: BB  Data: 00 00 00 AA 00 00 00 00 
"
"2016-11-21 14:31:25ID: BC  Data: 00 00 00 AA 00 00 00 00 
"
"2016-11-21 14:31:25ID: BB  Data: 00 00 00 AA 00 00 00 00 
"
"2016-11-21 14:31:25ID: BC  Data: 00 00 00 AA 00 00 00 00 
"
"2016-11-21 14:31:25ID: BB  Data: 00 00 00 AA 00 00 00 00 
"
"2016-11-21 14:31:25ID: BC  Data: 00 00 00 AA 00 00 00 00 
"
"2016-11-21 14:31:25ID: BB  Data: 00 00 00 AA 00 00 00 00 
"
"2016-11-21 14:31:25ID: BC  Data: 00 00 00 AA 00 00 00 00 
"
"2016-11-21 14:31:25ID: BB  Data: 00 00 00 AA 00 00 00 00 
"
"2016-11-21 14:31:25ID: BC  Data: 00 00 00 AA 00 00 00 00 
"
"2016-11-21 14:31:25ID: BB  Data: 00 00 00 AA 00 00 00 00 
"
"2016-11-21 14:31:26ID: BC  Data: 00 00 00 AA 00 00 00 00 
"
"2016-11-21 14:31:26ID: BB  Data: 00 00 00 AA 00 00 00 00 
"
"2016-11-21 14:31:26ID: BC  Data: 00 00 00 AA 00 00 00 00 
"
"2016-11-21 14:31:26ID: BB  Data: 00 00 00 AA 00 00 00 00 
"
"2016-11-21 14:31:26ID: BC  Data: 00 00 00 AA 00 00 00 00 
"
"2016-11-21 14:31:26ID: BB  Data: 00 00 00 AA 00 00 00 00 
"
"2016-11-21 14:31:26ID: BC  Data: 00 00 00 AA 00 00 00 00 
"
"2016-11-21 14:31:26ID: BB  Data: 00 00 00 AA 00 00 00 00 
"
"2016-11-21 14:31:26ID: BC  Data: 00 00 00 AA 00 00 00 00 
"
"2016-11-21 14:31:26ID: BB  Data: 00 00 00 AA 00 00 00 00 
"
"2016-11-21 14:31:26ID: BC  Data: 00 00 00 AA 00 00 00 00 
"
"2016-11-21 14:31:26ID: BB  Data: 00 00 00 AA 00 00 00 00 
"
"2016-11-21 14:31:26ID: BC  Data: 00 00 00 AA 00 00 00 00 
"
"2016-11-21 14:31:26ID: BB  Data: 00 00 00 AA 00 00 00 00 
"
"2016-11-21 14:31:26ID: BC  Data: 00 00 00 AA 00 00 00 00 
"
"2016-11-21 14:31:26ID: BB  Data: 00 00 00 AA 00 00 00 00 
"
"2016-11-21 14:31:26ID: BC  Data: 00 00 00 AA 00 00 00 00 
"
"2016-11-21 14:31:26ID: BB  Data: 00 00 00 AA 00 00 00 00 
"
"2016-11-21 14:31:26ID: BC  Data: 00 00 00 AA 00 00 00 00 
"
"2016-11-21 14:31:26ID: BB  Data: 00 00 00 AA 00 00 00 00 
"
"2016-11-21 14:31:26ID: BC  Data: 00 00 00 AA 00 00 00 00 
"
"2016-11-21 14:31:26ID: BB  Data: 00 00 00 AA 00 00 00 00 
"
"2016-11-21 14:31:26ID: BC  Data: 00 00 00 AA 00 00 00 00 
"
"2016-11-21 14:31:27ID: BB  Data: 00 00 00 AA 00 00 00 00 
"
"2016-11-21 14:31:27ID: BC  Data: 00 00 00 AA 00 00 00 00 
"
"2016-11-21 14:31:27ID: BB  Data: 00 00 00 AA 00 00 00 00 
"
"2016-11-21 14:31:27ID: BC  Data: 00 00 00 AA 00 00 00 00 
"
"2016-11-21 14:31:27ID: BB  Data: 00 00 00 AA 00 00 00 00 
"
"2016-11-21 14:31:27ID: BC  Data: 00 00 00 AA 00 00 00 00 
"
"2016-11-21 14:31:27ID: BB  Data: 00 00 00 AA 00 00 00 00 
"
"2016-11-21 14:31:27ID: BC  Data: 00 00 00 AA 00 00 00 00 
"
"2016-11-21 14:31:27ID: BB  Data: 00 00 00 AA 00 00 00 00 
"
"2016-11-21 14:31:27ID: BC  Data: 00 00 00 AA 00 00 00 00 
"
"2016-11-21 14:31:27ID: BB  Data: 00 00 00 AA 00 00 00 00 
"
"2016-11-21 14:31:27ID: BC  Data: 00 00 00 AA 00 00 00 00 
"
"2016-11-21 14:31:27ID: BB  Data: 00 00 00 AA 00 00 00 00 
"
"2016-11-21 14:31:27ID: BC  Data: 00 00 00 AA 00 00 00 00 
"
"2016-11-21 14:31:27ID: BB  Data: 00 00 00 AA 00 00 00 00 
"
"2016-11-21 14:31:27ID: BC  Data: 00 00 00 AA 00 00 00 00 
"
"2016-11-21 14:31:27ID: BB  Data: 00 00 00 AA 00 00 00 00 
"
"2016-11-21 14:31:27ID: BC  Data: 00 00 00 AA 00 00 00 00 
"
"2016-11-21 14:31:27ID: BB  Data: 00 00 00 AA 00 00 00 00 
"
"2016-11-21 14:31:27ID: BC  Data: 00 00 00 AA 00 00 00 00 
"
"2016-11-21 14:31:27ID: BB  Data: 00 00 00 AA 00 00 00 00 
"
"2016-11-21 14:31:27ID: BC  Data: 00 00 00 AA 00 00 00 00 
"
"2016-11-21 14:31:28ID: BB  Data: 00 00 00 AA 00 00 00 00 
"
"2016-11-21 14:31:28ID: BC  Data: 00 00 00 AA 00 00 00 00 
"
"2016-11-21 14:31:28ID: BB  Data: 00 00 00 AA 00 00 00 00 
"
"2016-11-21 14:31:28ID: BC  Data: 00 00 00 AA 00 00 00 00 
"
"2016-11-21 14:31:28ID: BB  Data: 00 00 00 AA 00 00 00 00 
"
"2016-11-21 14:31:28ID: BC  Data: 00 00 00 AA 00 00 00 00 
"
"2016-11-21 14:31:28ID: BB  Data: 00 00 00 AA 00 00 00 00 
"
"2016-11-21 14:31:28ID: BC  Data: 00 00 00 AA 00 00 00 00 
"
"2016-11-21 14:31:28ID: BB  Data: 00 00 00 AA 00 00 00 00 
"
"2016-11-21 14:31:28ID: BC  Data: 00 00 00 AA 00 00 00 00 
"
"2016-11-21 14:31:28ID: BB  Data: 00 00 00 AA 00 00 00 00 
"
"2016-11-21 14:31:28ID: BC  Data: 00 00 00 AA 00 00 00 00 
"
"2016-11-21 14:31:28ID: BB  Data: 00 00 00 AA 00 00 00 00 
"
"2016-11-21 14:31:28ID: BC  Data: 00 00 00 AA 00 00 00 00 
"
"2016-11-21 14:31:28ID: BB  Data: 00 00 00 AA 00 00 00 00 
"
"2016-11-21 14:31:28ID: BC  Data: 00 00 00 AA 00 00 00 00 
"
"2016-11-21 14:31:28ID: BB  Data: 00 00 00 AA 00 00 00 00 
"
"2016-11-21 14:31:28ID: BC  Data: 00 00 00 AA 00 00 00 00 
"
"2016-11-21 14:31:28ID: BB  Data: 00 00 00 AA 00 00 00 00 
"
"2016-11-21 14:31:28ID: BC  Data: 00 00 00 AA 00 00 00 00 
"
"2016-11-21 14:31:28ID: BB  Data: 00 00 00 AA 00 00 00 00 
"
"2016-11-21 14:31:28ID: BC  Data: 00 00 00 AA 00 00 00 00 
"
"2016-11-21 14:31:28ID: BB  Data: 00 00 00 AA 00 00 00 00 
"
"2016-11-21 14:31:28ID: BC  Data: 00 00 00 AA 00 00 00 00 
"
"2016-11-21 14:31:29ID: BB  Data: 00 00 00 AA 00 00 00 00 
"
"2016-11-21 14:31:29ID: BC  Data: 00 00 00 AA 00 00 00 00 
"
"2016-11-21 14:31:29ID: BB  Data: 00 00 00 AA 00 00 00 00 
"
"2016-11-21 14:31:29ID: BC  Data: 00 00 00 AA 00 00 00 00 
"
"2016-11-21 14:31:29ID: BB  Data: 00 00 00 AA 00 00 00 00 
"
"2016-11-21 14:31:29ID: BC  Data: 00 00 00 AA 00 00 00 00 
"
"2016-11-21 14:31:29ID: BB  Data: 00 00 00 AA 00 00 00 00 
"
"2016-11-21 14:31:29ID: BC  Data: 00 00 00 AA 00 00 00 00 
"
"2016-11-21 14:31:29ID: BB  Data: 00 00 00 AA 00 00 00 00 
"
"2016-11-21 14:31:29ID: BC  Data: 00 00 00 AA 00 00 00 00 
"
"2016-11-21 14:31:29ID: BB  Data: 00 00 00 AA 00 00 00 00 
"
"2016-11-21 14:31:29ID: BC  Data: 00 00 00 AA 00 00 00 00 
"
"2016-11-21 14:31:29ID: BB  Data: 00 00 00 AA 00 00 00 00 
"
"2016-11-21 14:31:29ID: BC  Data: 00 00 00 AA 00 00 00 00 
"
"2016-11-21 14:31:29ID: BB  Data: 00 00 00 AA 00 00 00 00 
"
"2016-11-21 14:31:29ID: BC  Data: 00 00 00 AA 00 00 00 00 
"
"2016-11-21 14:31:29ID: BB  Data: 00 00 00 AA 00 00 00 00 
"
"2016-11-21 14:31:29ID: BC  Data: 00 00 00 AA 00 00 00 00 
"
"2016-11-21 14:31:29ID: BB  Data: 00 00 00 AA 00 00 00 00 
"
"2016-11-21 14:31:29ID: BC  Data: 00 00 00 AA 00 00 00 00 
"
"2016-11-21 14:31:29ID: BB  Data: 00 00 00 AA 00 00 00 00 
"
"2016-11-21 14:31:29ID: BC  Data: 00 00 00 AA 00 00 00 00 
"
"2016-11-21 14:31:30ID: BB  Data: 00 00 00 AA 00 00 00 00 
"
"2016-11-21 14:31:30ID: BC  Data: 00 00 00 AA 00 00 00 00 
"
"2016-11-21 14:31:30ID: BB  Data: 00 00 00 AA 00 00 00 00 
"
"2016-11-21 14:31:30ID: BC  Data: 00 00 00 AA 00 00 00 00 
"
"2016-11-21 14:31:30ID: BB  Data: 00 00 00 AA 00 00 00 00 
"
"2016-11-21 14:31:30ID: BC  Data: 00 00 00 AA 00 00 00 00 
"
"2016-11-21 14:31:30ID: BB  Data: 00 00 00 AA 00 00 00 00 
"
"2016-11-21 14:31:30ID: BC  Data: 00 00 00 AA 00 00 00 00 
"
"2016-11-21 14:31:30ID: BB  Data: 00 00 00 AA 00 00 00 00 
"
"2016-11-21 14:31:30ID: BC  Data: 00 00 00 AA 00 00 00 00 
"
"2016-11-21 14:31:30ID: BB  Data: 00 00 00 AA 00 00 00 00 
"
"2016-11-21 14:31:30ID: BC  Data: 00 00 00 AA 00 00 00 00 
"
"2016-11-21 14:31:30ID: BB  Data: 00 00 00 AA 00 00 00 00 
"
"2016-11-21 14:31:30ID: BC  Data: 00 00 00 AA 00 00 00 00 
"
"2016-11-21 14:31:30ID: BB  Data: 00 00 00 AA 00 00 00 00 
"
"2016-11-21 14:31:30ID: BC  Data: 00 00 00 AA 00 00 00 00 
"
"2016-11-21 14:31:30ID: BB  Data: 00 00 00 AA 00 00 00 00 
"
"2016-11-21 14:31:30ID: BC  Data: 00 00 00 AA 00 00 00 00 
"
"2016-11-21 14:31:30ID: BB  Data: 00 00 00 AA 00 00 00 00 
"
"2016-11-21 14:31:30ID: BC  Data: 00 00 00 AA 00 00 00 00 
"
"2016-11-21 14:31:30ID: BB  Data: 00 00 00 AA 00 00 00 00 
"
"2016-11-21 14:31:30ID: BC  Data: 00 00 00 AA 00 00 00 00 
"
"2016-11-21 14:31:31ID: BB  Data: 00 00 00 AA 00 00 00 00 
"
"2016-11-21 14:31:31ID: BC  Data: 00 00 00 AA 00 00 00 00 
"
"2016-11-21 14:31:31ID: BB  Data: 00 00 00 AA 00 00 00 00 
"
"2016-11-21 14:31:31ID: BC  Data: 00 00 00 AA 00 00 00 00 
"
"2016-11-21 14:31:31ID: BB  Data: 00 00 00 AA 00 00 00 00 
"
"2016-11-21 14:31:31ID: BC  Data: 00 00 00 AA 00 00 00 00 
"
"2016-11-21 14:31:31ID: BB  Data: 00 00 00 AA 00 00 00 00 
"
"2016-11-21 14:31:31ID: BC  Data: 00 00 00 AA 00 00 00 00 
"
"2016-11-21 14:31:31ID: BB  Data: 00 00 00 AA 00 00 00 00 
"
"2016-11-21 14:31:31ID: BC  Data: 00 00 00 AA 00 00 00 00 
"
"2016-11-21 14:31:31ID: BB  Data: 00 00 00 AA 00 00 00 00 
"
"2016-11-21 14:31:31ID: BC  Data: 00 00 00 AA 00 00 00 00 
"
"2016-11-21 14:31:31ID: BB  Data: 00 00 00 AA 00 00 00 00 
"
"2016-11-21 14:31:31ID: BC  Data: 00 00 00 AA 00 00 00 00 
"
"2016-11-21 14:31:31ID: BB  Data: 00 00 00 AA 00 00 00 00 
"
"2016-11-21 14:31:31ID: BC  Data: 00 00 00 AA 00 00 00 00 
"
"2016-11-21 14:31:31ID: BB  Data: 00 00 00 AA 00 00 00 00 
"
"2016-11-21 14:31:31ID: BC  Data: 00 00 00 AA 00 00 00 00 
"
"2016-11-21 14:31:31ID: BB  Data: 00 00 00 AA 00 00 00 00 
"
"2016-11-21 14:31:31ID: BC  Data: 00 00 00 AA 00 00 00 00 
"
"2016-11-21 14:31:31ID: BB  Data: 00 00 00 AA 00 00 00 00 
"
"2016-11-21 14:31:31ID: BC  Data: 00 00 00 AA 00 00 00 00 
"
"2016-11-21 14:31:31ID: BB  Data: 00 00 00 AA 00 00 00 00 
"
"2016-11-21 14:31:31ID: BC  Data: 00 00 00 AA 00 00 00 00 
"
"2016-11-21 14:31:32ID: BB  Data: 00 00 00 AA 00 00 00 00 
"
"2016-11-21 14:31:32ID: BC  Data: 00 00 00 AA 00 00 00 00 
"
"2016-11-21 14:31:32ID: BB  Data: 00 00 00 AA 00 00 00 00 
"
"2016-11-21 14:31:32ID: BC  Data: 00 00 00 AA 00 00 00 00 
"
"2016-11-21 14:31:32ID: BB  Data: 00 00 00 AA 00 00 00 00 
"
"2016-11-21 14:31:32ID: BC  Data: 00 00 00 AA 00 00 00 00 
"
"2016-11-21 14:31:32ID: BB  Data: 00 00 00 AA 00 00 00 00 
"
"2016-11-21 14:31:32ID: BC  Data: 00 00 00 AA 00 00 00 00 
"
"2016-11-21 14:31:32ID: BB  Data: 00 00 00 AA 00 00 00 00 
"
"2016-11-21 14:31:32ID: BC  Data: 00 00 00 AA 00 00 00 00 
"
"2016-11-21 14:31:32ID: BB  Data: 00 00 00 AA 00 00 00 00 
"
"2016-11-21 14:31:32ID: BC  Data: 00 00 00 AA 00 00 00 00 
"
"2016-11-21 14:31:32ID: BB  Data: 00 00 00 AA 00 00 00 00 
"
"2016-11-21 14:31:32ID: BC  Data: 00 00 00 AA 00 00 00 00 
"
"2016-11-21 14:31:32ID: BB  Data: 00 00 00 AA 00 00 00 00 
"
"2016-11-21 14:31:32ID: BC  Data: 00 00 00 AA 00 00 00 00 
"
"2016-11-21 14:31:32ID: BB  Data: 00 00 00 AA 00 00 00 00 
"
"2016-11-21 14:31:32ID: BC  Data: 00 00 00 AA 00 00 00 00 
"
"2016-11-21 14:31:32ID: BB  Data: 00 00 00 AA 00 00 00 00 
"
"2016-11-21 14:31:32ID: BC  Data: 00 00 00 AA 00 00 00 00 
"
"2016-11-21 14:31:32ID: BB  Data: 00 00 00 AA 00 00 00 00 
"
"2016-11-21 14:31:32ID: BC  Data: 00 00 00 AA 00 00 00 00 
"
"2016-11-21 14:31:33ID: BB  Data: 00 00 00 AA 00 00 00 00 
"
"2016-11-21 14:31:33ID: BC  Data: 00 00 00 AA 00 00 00 00 
"
"2016-11-21 14:31:33ID: BB  Data: 00 00 00 AA 00 00 00 00 
"
"2016-11-21 14:31:33ID: BC  Data: 00 00 00 AA 00 00 00 00 
"
"2016-11-21 14:31:33ID: BB  Data: 00 00 00 AA 00 00 00 00 
"
"2016-11-21 14:31:33ID: BC  Data: 00 00 00 AA 00 00 00 00 
"
"2016-11-21 14:31:33ID: BB  Data: 00 00 00 AA 00 00 00 00 
"
"2016-11-21 14:31:33ID: BC  Data: 00 00 00 AA 00 00 00 00 
"
"2016-11-21 14:31:33ID: BB  Data: 00 00 00 AA 00 00 00 00 
"
"2016-11-21 14:31:33ID: BC  Data: 00 00 00 AA 00 00 00 00 
"
"2016-11-21 14:31:33ID: BB  Data: 00 00 00 AA 00 00 00 00 
"
"2016-11-21 14:31:33ID: BC  Data: 00 00 00 AA 00 00 00 00 
"
"2016-11-21 14:31:33ID: BB  Data: 00 00 00 AA 00 00 00 00 
"
"2016-11-21 14:31:33ID: BC  Data: 00 00 00 AA 00 00 00 00 
"
"2016-11-21 14:31:33ID: BB  Data: 00 00 00 AA 00 00 00 00 
"
"2016-11-21 14:31:33ID: BC  Data: 00 00 00 AA 00 00 00 00 
"
"2016-11-21 14:31:33ID: BB  Data: 00 00 00 AA 00 00 00 00 
"
"2016-11-21 14:31:33ID: BC  Data: 00 00 00 AA 00 00 00 00 
"
"2016-11-21 14:31:33ID: BB  Data: 00 00 00 AA 00 00 00 00 
"
"2016-11-21 14:31:33ID: BC  Data: 00 00 00 AA 00 00 00 00 
"
"2016-11-21 14:31:33ID: BB  Data: 00 00 00 AA 00 00 00 00 
"
"2016-11-21 14:31:33ID: BC  Data: 00 00 00 AA 00 00 00 00 
"
"2016-11-21 14:31:33ID: BB  Data: 00 00 00 AA 00 00 00 00 
"
"2016-11-21 14:31:34ID: BC  Data: 00 00 00 AA 00 00 00 00 
"
"2016-11-21 14:31:34ID: BB  Data: 00 00 00 AA 00 00 00 00 
"
"2016-11-21 14:31:34ID: BC  Data: 00 00 00 AA 00 00 00 00 
"
"2016-11-21 14:31:34ID: BB  Data: 00 00 00 AA 00 00 00 00 
"
"2016-11-21 14:31:34ID: BC  Data: 00 00 00 AA 00 00 00 00 
"
"2016-11-21 14:31:34ID: BB  Data: 00 00 00 AA 00 00 00 00 
"
"2016-11-21 14:31:34ID: BC  Data: 00 00 00 AA 00 00 00 00 
"
"2016-11-21 14:31:34ID: BB  Data: 00 00 00 AA 00 00 00 00 
"
"2016-11-21 14:31:34ID: BC  Data: 00 00 00 AA 00 00 00 00 
"
"2016-11-21 14:31:34ID: BB  Data: 00 00 00 AA 00 00 00 00 
"
"2016-11-21 14:31:34ID: BC  Data: 00 00 00 AA 00 00 00 00 
"
"2016-11-21 14:31:34ID: BB  Data: 00 00 00 AA 00 00 00 00 
"
"2016-11-21 14:31:34ID: BC  Data: 00 00 00 AA 00 00 00 00 
"
"2016-11-21 14:31:34ID: BB  Data: 00 00 00 AA 00 00 00 00 
"
"2016-11-21 14:31:34ID: BC  Data: 00 00 00 AA 00 00 00 00 
"
"2016-11-21 14:31:34ID: BB  Data: 00 00 00 AA 00 00 00 00 
"
"2016-11-21 14:31:34ID: BC  Data: 00 00 00 AA 00 00 00 00 
"
"2016-11-21 14:31:34ID: BB  Data: 00 00 00 AA 00 00 00 00 
"
"2016-11-21 14:31:34ID: BC  Data: 00 00 00 AA 00 00 00 00 
"
"2016-11-21 14:31:34ID: BB  Data: 00 00 00 AA 00 00 00 00 
"
"2016-11-21 14:31:34ID: BC  Data: 00 00 00 AA 00 00 00 00 
"
"2016-11-21 14:31:34ID: BB  Data: 00 00 00 AA 00 00 00 00 
"
"2016-11-21 14:31:34ID: BC  Data: 00 00 00 AA 00 00 00 00 
"
"2016-11-21 14:31:35ID: BB  Data: 00 00 00 AA 00 00 00 00 
"
"2016-11-21 14:31:35ID: BC  Data: 00 00 00 AA 00 00 00 00 
"
"2016-11-21 14:31:35ID: BB  Data: 00 00 00 AA 00 00 00 00 
"
"2016-11-21 14:31:35ID: BC  Data: 00 00 00 AA 00 00 00 00 
"
"2016-11-21 14:31:35ID: BB  Data: 00 00 00 AA 00 00 00 00 
"
"2016-11-21 14:31:35ID: BC  Data: 00 00 00 AA 00 00 00 00 
"
"2016-11-21 14:31:35ID: BB  Data: 00 00 00 AA 00 00 00 00 
"
"2016-11-21 14:31:35ID: BC  Data: 00 00 00 AA 00 00 00 00 
"
"2016-11-21 14:31:35ID: BB  Data: 00 00 00 AA 00 00 00 00 
"
"2016-11-21 14:31:35ID: BC  Data: 00 00 00 AA 00 00 00 00 
"
"2016-11-21 14:31:35ID: BB  Data: 00 00 00 AA 00 00 00 00 
"
"2016-11-21 14:31:35ID: BC  Data: 00 00 00 AA 00 00 00 00 
"
"2016-11-21 14:31:35ID: BB  Data: 00 00 00 AA 00 00 00 00 
"
"2016-11-21 14:31:35ID: BC  Data: 00 00 00 AA 00 00 00 00 
"
"2016-11-21 14:31:35ID: BB  Data: 00 00 00 AA 00 00 00 00 
"
"2016-11-21 14:31:35ID: BC  Data: 00 00 00 AA 00 00 00 00 
"
"2016-11-21 14:31:35ID: BB  Data: 00 00 00 AA 00 00 00 00 
"
"2016-11-21 14:31:35ID: BC  Data: 00 00 00 AA 00 00 00 00 
"
"2016-11-21 14:31:35ID: BB  Data: 00 00 00 AA 00 00 00 00 
"
"2016-11-21 14:31:35ID: BC  Data: 00 00 00 AA 00 00 00 00 
"
"2016-11-21 14:31:35ID: BB  Data: 00 00 00 AA 00 00 00 00 
"
"2016-11-21 14:31:35ID: BC  Data: 00 00 00 AA 00 00 00 00 
"
"2016-11-21 14:31:36ID: BB  Data: 00 00 00 AA 00 00 00 00 
"
"2016-11-21 14:31:36ID: BC  Data: 00 00 00 AA 00 00 00 00 
"
"2016-11-21 14:31:36ID: BB  Data: 00 00 00 AA 00 00 00 00 
"
"2016-11-21 14:31:36ID: BC  Data: 00 00 00 AA 00 00 00 00 
"
"2016-11-21 14:31:36ID: BB  Data: 00 00 00 AA 00 00 00 00 
"
"2016-11-21 14:31:36ID: BC  Data: 00 00 00 AA 00 00 00 00 
"
"2016-11-21 14:31:36ID: BB  Data: 00 00 00 AA 00 00 00 00 
"
"2016-11-21 14:31:36ID: BC  Data: 00 00 00 AA 00 00 00 00 
"
"2016-11-21 14:31:36ID: BB  Data: 00 00 00 AA 00 00 00 00 
"
"2016-11-21 14:31:36ID: BC  Data: 00 00 00 AA 00 00 00 00 
"
"2016-11-21 14:31:36ID: BB  Data: 00 00 00 AA 00 00 00 00 
"
"2016-11-21 14:31:36ID: BC  Data: 00 00 00 AA 00 00 00 00 
"
"2016-11-21 14:31:36ID: BB  Data: 00 00 00 AA 00 00 00 00 
"
"2016-11-21 14:31:36ID: BC  Data: 00 00 00 AA 00 00 00 00 
"
"2016-11-21 14:31:36ID: BB  Data: 00 00 00 AA 00 00 00 00 
"
"2016-11-21 14:31:36ID: BC  Data: 00 00 00 AA 00 00 00 00 
"
"2016-11-21 14:31:36ID: BB  Data: 00 00 00 AA 00 00 00 00 
"
"2016-11-21 14:31:36ID: BC  Data: 00 00 00 AA 00 00 00 00 
"
"2016-11-21 14:31:36ID: BB  Data: 00 00 00 AA 00 00 00 00 
"
"2016-11-21 14:31:36ID: BC  Data: 00 00 00 AA 00 00 00 00 
"
"2016-11-21 14:31:36ID: BB  Data: 00 00 00 AA 00 00 00 00 
"
"2016-11-21 14:31:36ID: BC  Data: 00 00 00 AA 00 00 00 00 
"
"2016-11-21 14:31:36ID: BB  Data: 00 00 00 AA 00 00 00 00 
"
"2016-11-21 14:31:36ID: BC  Data: 00 00 00 AA 00 00 00 00 
"
"2016-11-21 14:31:37ID: BB  Data: 00 00 00 AA 00 00 00 00 
"
"2016-11-21 14:31:37ID: BC  Data: 00 00 00 AA 00 00 00 00 
"
"2016-11-21 14:31:37ID: BB  Data: 00 00 00 AA 00 00 00 00 
"
"2016-11-21 14:31:37ID: BC  Data: 00 00 00 AA 00 00 00 00 
"
"2016-11-21 14:31:37ID: BB  Data: 00 00 00 AA 00 00 00 00 
"
"2016-11-21 14:31:37ID: BC  Data: 00 00 00 AA 00 00 00 00 
"
"2016-11-21 14:31:37ID: BB  Data: 00 00 00 AA 00 00 00 00 
"
"2016-11-21 14:31:37ID: BC  Data: 00 00 00 AA 00 00 00 00 
"
"2016-11-21 14:31:37ID: BB  Data: 00 00 00 AA 00 00 00 00 
"
"2016-11-21 14:31:37ID: BC  Data: 00 00 00 AA 00 00 00 00 
"
"2016-11-21 14:31:37ID: BB  Data: 00 00 00 AA 00 00 00 00 
"
"2016-11-21 14:31:37ID: BC  Data: 00 00 00 AA 00 00 00 00 
"
"2016-11-21 14:31:37ID: BB  Data: 00 00 00 AA 00 00 00 00 
"
"2016-11-21 14:31:37ID: BC  Data: 00 00 00 AA 00 00 00 00 
"
"2016-11-21 14:31:37ID: BB  Data: 00 00 00 AA 00 00 00 00 
"
"2016-11-21 14:31:37ID: BC  Data: 00 00 00 AA 00 00 00 00 
"
"2016-11-21 14:31:37ID: BB  Data: 00 00 00 AA 00 00 00 00 
"
"2016-11-21 14:31:37ID: BC  Data: 00 00 00 AA 00 00 00 00 
"
"2016-11-21 14:31:37ID: BB  Data: 00 00 00 AA 00 00 00 00 
"
"2016-11-21 14:31:37ID: BC  Data: 00 00 00 AA 00 00 00 00 
"
"2016-11-21 14:31:37ID: BB  Data: 00 00 00 AA 00 00 00 00 
"
"2016-11-21 14:31:37ID: BC  Data: 00 00 00 AA 00 00 00 00 
"
"2016-11-21 14:31:38ID: BB  Data: 00 00 00 AA 00 00 00 00 
"
"2016-11-21 14:31:38ID: BC  Data: 00 00 00 AA 00 00 00 00 
"
"2016-11-21 14:31:38ID: BB  Data: 00 00 00 AA 00 00 00 00 
"
"2016-11-21 14:31:38ID: BC  Data: 00 00 00 AA 00 00 00 00 
"
"2016-11-21 14:31:38ID: BB  Data: 00 00 00 AA 00 00 00 00 
"
"2016-11-21 14:31:38ID: BC  Data: 00 00 00 AA 00 00 00 00 
"
"2016-11-21 14:31:38ID: BB  Data: 00 00 00 AA 00 00 00 00 
"
"2016-11-21 14:31:38ID: BC  Data: 00 00 00 AA 00 00 00 00 
"
"2016-11-21 14:31:38ID: BB  Data: 00 00 00 AA 00 00 00 00 
"
"2016-11-21 14:31:38ID: BC  Data: 00 00 00 AA 00 00 00 00 
"
"2016-11-21 14:31:38ID: BB  Data: 00 00 00 AA 00 00 00 00 
"
"2016-11-21 14:31:38ID: BC  Data: 00 00 00 AA 00 00 00 00 
"
"2016-11-21 14:31:38ID: BB  Data: 00 00 00 AA 00 00 00 00 
"
"2016-11-21 14:31:38ID: BC  Data: 00 00 00 AA 00 00 00 00 
"
"2016-11-21 14:31:38ID: BB  Data: 00 00 00 AA 00 00 00 00 
"
"2016-11-21 14:31:38ID: BC  Data: 00 00 00 AA 00 00 00 00 
"
"2016-11-21 14:31:38ID: BB  Data: 00 00 00 AA 00 00 00 00 
"
"2016-11-21 14:31:38ID: BC  Data: 00 00 00 AA 00 00 00 00 
"
"2016-11-21 14:31:38ID: BB  Data: 00 00 00 AA 00 00 00 00 
"
"2016-11-21 14:31:38ID: BC  Data: 00 00 00 AA 00 00 00 00 
"
"2016-11-21 14:31:38ID: BB  Data: 00 00 00 AA 00 00 00 00 
"
"2016-11-21 14:31:38ID: BC  Data: 00 00 00 AA 00 00 00 00 
"
"2016-11-21 14:31:39ID: BB  Data: 00 00 00 AA 00 00 00 00 
"
"2016-11-21 14:31:39ID: BC  Data: 00 00 00 AA 00 00 00 00 
"
"2016-11-21 14:31:39ID: BB  Data: 00 00 00 AA 00 00 00 00 
"
"2016-11-21 14:31:39ID: BC  Data: 00 00 00 AA 00 00 00 00 
"
"2016-11-21 14:31:39ID: BB  Data: 00 00 00 AA 00 00 00 00 
"
"2016-11-21 14:31:39ID: BC  Data: 00 00 00 AA 00 00 00 00 
"
"2016-11-21 14:31:39ID: BB  Data: 00 00 00 AA 00 00 00 00 
"
"2016-11-21 14:31:39ID: BC  Data: 00 00 00 AA 00 00 00 00 
"
"2016-11-21 14:31:39ID: BB  Data: 00 00 00 AA 00 00 00 00 
"
"2016-11-21 14:31:39ID: BC  Data: 00 00 00 AA 00 00 00 00 
"
"2016-11-21 14:31:39ID: BB  Data: 00 00 00 AA 00 00 00 00 
"
"2016-11-21 14:31:39ID: BC  Data: 00 00 00 AA 00 00 00 00 
"
"2016-11-21 14:31:39ID: BB  Data: 00 00 00 AA 00 00 00 00 
"
"2016-11-21 14:31:39ID: BC  Data: 00 00 00 AA 00 00 00 00 
"
"2016-11-21 14:31:39ID: BB  Data: 00 00 00 AA 00 00 00 00 
"
"2016-11-21 14:31:39ID: BC  Data: 00 00 00 AA 00 00 00 00 
"
"2016-11-21 14:31:39ID: BB  Data: 00 00 00 AA 00 00 00 00 
"
"2016-11-21 14:31:39ID: BC  Data: 00 00 00 AA 00 00 00 00 
"
"2016-11-21 14:31:39ID: BB  Data: 00 00 00 AA 00 00 00 00 
"
"2016-11-21 14:31:39ID: BC  Data: 00 00 00 AA 00 00 00 00 
"
"2016-11-21 14:31:39ID: BB  Data: 00 00 00 AA 00 00 00 00 
"
"2016-11-21 14:31:39ID: BC  Data: 00 00 00 AA 00 00 00 00 
"
"2016-11-21 14:31:39ID: BB  Data: 00 00 00 AA 00 00 00 00 
"
"2016-11-21 14:31:39ID: BC  Data: 00 00 00 AA 00 00 00 00 
"
"2016-11-21 14:31:40ID: BB  Data: 00 00 00 AA 00 00 00 00 
"
"2016-11-21 14:31:40ID: BC  Data: 00 00 00 AA 00 00 00 00 
"
"2016-11-21 14:31:40ID: BB  Data: 00 00 00 AA 00 00 00 00 
"
"2016-11-21 14:31:40ID: BC  Data: 00 00 00 AA 00 00 00 00 
"
"2016-11-21 14:31:40ID: BB  Data: 00 00 00 AA 00 00 00 00 
"
"2016-11-21 14:31:40ID: BC  Data: 00 00 00 AA 00 00 00 00 
"
"2016-11-21 14:31:40ID: BB  Data: 00 00 00 AA 00 00 00 00 
"
"2016-11-21 14:31:40ID: BC  Data: 00 00 00 AA 00 00 00 00 
"
"2016-11-21 14:31:40ID: BB  Data: 00 00 00 AA 00 00 00 00 
"
"2016-11-21 14:31:40ID: BC  Data: 00 00 00 AA 00 00 00 00 
"
"2016-11-21 14:31:40ID: BB  Data: 00 00 00 AA 00 00 00 00 
"
"2016-11-21 14:31:40ID: BC  Data: 00 00 00 AA 00 00 00 00 
"
"2016-11-21 14:31:40ID: BB  Data: 00 00 00 AA 00 00 00 00 
"
"2016-11-21 14:31:40ID: BC  Data: 00 00 00 AA 00 00 00 00 
"
"2016-11-21 14:31:40ID: BB  Data: 00 00 00 AA 00 00 00 00 
"
"2016-11-21 14:31:40ID: BC  Data: 00 00 00 AA 00 00 00 00 
"
"2016-11-21 14:31:40ID: BB  Data: 00 00 00 AA 00 00 00 00 
"
"2016-11-21 14:31:40ID: BC  Data: 00 00 00 AA 00 00 00 00 
"
"2016-11-21 14:31:40ID: BB  Data: 00 00 00 AA 00 00 00 00 
"
"2016-11-21 14:31:40ID: BC  Data: 00 00 00 AA 00 00 00 00 
"
"2016-11-21 14:31:40ID: BB  Data: 00 00 00 AA 00 00 00 00 
"
"2016-11-21 14:31:40ID: BC  Data: 00 00 00 AA 00 00 00 00 
"
"2016-11-21 14:31:41ID: BB  Data: 00 00 00 AA 00 00 00 00 
"
"2016-11-21 14:31:41ID: BC  Data: 00 00 00 AA 00 00 00 00 
"
"2016-11-21 14:31:41ID: BB  Data: 00 00 00 AA 00 00 00 00 
"
"2016-11-21 14:31:41ID: BC  Data: 00 00 00 AA 00 00 00 00 
"
"2016-11-21 14:31:41ID: BB  Data: 00 00 00 AA 00 00 00 00 
"
"2016-11-21 14:31:41ID: BC  Data: 00 00 00 AA 00 00 00 00 
"
"2016-11-21 14:31:41ID: BB  Data: 00 00 00 AA 00 00 00 00 
"
"2016-11-21 14:31:41ID: BC  Data: 00 00 00 AA 00 00 00 00 
"
"2016-11-21 14:31:41ID: BB  Data: 00 00 00 AA 00 00 00 00 
"
"2016-11-21 14:31:41ID: BC  Data: 00 00 00 AA 00 00 00 00 
"
"2016-11-21 14:31:41ID: BB  Data: 00 00 00 AA 00 00 00 00 
"
"2016-11-21 14:31:41ID: BC  Data: 00 00 00 AA 00 00 00 00 
"
"2016-11-21 14:31:41ID: BB  Data: 00 00 00 AA 00 00 00 00 
"
"2016-11-21 14:31:41ID: BC  Data: 00 00 00 AA 00 00 00 00 
"
"2016-11-21 14:31:41ID: BB  Data: 00 00 00 AA 00 00 00 00 
"
"2016-11-21 14:31:41ID: BC  Data: 00 00 00 AA 00 00 00 00 
"
"2016-11-21 14:31:41ID: BB  Data: 00 00 00 AA 00 00 00 00 
"
"2016-11-21 14:31:41ID: BC  Data: 00 00 00 AA 00 00 00 00 
"
"2016-11-21 14:31:41ID: BB  Data: 00 00 00 AA 00 00 00 00 
"
"2016-11-21 14:31:41ID: BC  Data: 00 00 00 AA 00 00 00 00 
"
"2016-11-21 14:31:41ID: BB  Data: 00 00 00 AA 00 00 00 00 
"
"2016-11-21 14:31:41ID: BC  Data: 00 00 00 AA 00 00 00 00 
"
"2016-11-21 14:31:41ID: BB  Data: 00 00 00 AA 00 00 00 00 
"
"2016-11-21 14:31:42ID: BC  Data: 00 00 00 AA 00 00 00 00 
"
"2016-11-21 14:31:42ID: BB  Data: 00 00 00 AA 00 00 00 00 
"
"2016-11-21 14:31:42ID: BC  Data: 00 00 00 AA 00 00 00 00 
"
"2016-11-21 14:31:42ID: BB  Data: 00 00 00 AA 00 00 00 00 
"
"2016-11-21 14:31:42ID: BC  Data: 00 00 00 AA 00 00 00 00 
"
"2016-11-21 14:31:42ID: BB  Data: 00 00 00 AA 00 00 00 00 
"
"2016-11-21 14:31:42ID: BC  Data: 00 00 00 AA 00 00 00 00 
"
"2016-11-21 14:31:42ID: BB  Data: 00 00 00 AA 00 00 00 00 
"
"2016-11-21 14:31:42ID: BC  Data: 00 00 00 AA 00 00 00 00 
"
"2016-11-21 14:31:42ID: BB  Data: 00 00 00 AA 00 00 00 00 
"
"2016-11-21 14:31:42ID: BC  Data: 00 00 00 AA 00 00 00 00 
"
"2016-11-21 14:31:42ID: BB  Data: 00 00 00 AA 00 00 00 00 
"
"2016-11-21 14:31:42ID: BC  Data: 00 00 00 AA 00 00 00 00 
"
"2016-11-21 14:31:42ID: BB  Data: 00 00 00 AA 00 00 00 00 
"
"2016-11-21 14:31:42ID: BC  Data: 00 00 00 AA 00 00 00 00 
"
"2016-11-21 14:31:42ID: BB  Data: 00 00 00 AA 00 00 00 00 
"
"2016-11-21 14:31:42ID: BC  Data: 00 00 00 AA 00 00 00 00 
"
"2016-11-21 14:31:42ID: BB  Data: 00 00 00 AA 00 00 00 00 
"
"2016-11-21 14:31:42ID: BC  Data: 00 00 00 AA 00 00 00 00 
"
"2016-11-21 14:31:42ID: BB  Data: 00 00 00 AA 00 00 00 00 
"
"2016-11-21 14:31:42ID: BC  Data: 00 00 00 AA 00 00 00 00 
"
"2016-11-21 14:31:42ID: BB  Data: 00 00 00 AA 00 00 00 00 
"
"2016-11-21 14:31:42ID: BC  Data: 00 00 00 AA 00 00 00 00 
"
"2016-11-21 14:31:43ID: BB  Data: 00 00 00 AA 00 00 00 00 
"
"2016-11-21 14:31:43ID: BC  Data: 00 00 00 AA 00 00 00 00 
"
"2016-11-21 14:31:43ID: BB  Data: 00 00 00 AA 00 00 00 00 
"
"2016-11-21 14:31:43ID: BC  Data: 00 00 00 AA 00 00 00 00 
"
"2016-11-21 14:31:43ID: BB  Data: 00 00 00 AA 00 00 00 00 
"
"2016-11-21 14:31:43ID: BC  Data: 00 00 00 AA 00 00 00 00 
"
"2016-11-21 14:31:43ID: BB  Data: 00 00 00 AA 00 00 00 00 
"
"2016-11-21 14:31:43ID: BC  Data: 00 00 00 AA 00 00 00 00 
"
"2016-11-21 14:31:43ID: BB  Data: 00 00 00 AA 00 00 00 00 
"
"2016-11-21 14:31:43ID: BC  Data: 00 00 00 AA 00 00 00 00 
"
"2016-11-21 14:31:43ID: BB  Data: 00 00 00 AA 00 00 00 00 
"
"2016-11-21 14:31:43ID: BC  Data: 00 00 00 AA 00 00 00 00 
"
"2016-11-21 14:31:43ID: BB  Data: 00 00 00 AA 00 00 00 00 
"
"2016-11-21 14:31:43ID: BC  Data: 00 00 00 AA 00 00 00 00 
"
"2016-11-21 14:31:43ID: BB  Data: 00 00 00 AA 00 00 00 00 
"
"2016-11-21 14:31:43ID: BC  Data: 00 00 00 AA 00 00 00 00 
"
"2016-11-21 14:31:43ID: BB  Data: 00 00 00 AA 00 00 00 00 
"
"2016-11-21 14:31:43ID: BC  Data: 00 00 00 AA 00 00 00 00 
"
"2016-11-21 14:31:43ID: BB  Data: 00 00 00 AA 00 00 00 00 
"
"2016-11-21 14:31:43ID: BC  Data: 00 00 00 AA 00 00 00 00 
"
"2016-11-21 14:31:43ID: BB  Data: 00 00 00 AA 00 00 00 00 
"
"2016-11-21 14:31:43ID: BC  Data: 00 00 00 AA 00 00 00 00 
"
"2016-11-21 14:31:44ID: BB  Data: 00 00 00 AA 00 00 00 00 
"
"2016-11-21 14:31:44ID: BC  Data: 00 00 00 AA 00 00 00 00 
"
"2016-11-21 14:31:44ID: BB  Data: 00 00 00 AA 00 00 00 00 
"
"2016-11-21 14:31:44ID: BC  Data: 00 00 00 AA 00 00 00 00 
"
"2016-11-21 14:31:44ID: BB  Data: 00 00 00 AA 00 00 00 00 
"
"2016-11-21 14:31:44ID: BC  Data: 00 00 00 AA 00 00 00 00 
"
"2016-11-21 14:31:44ID: BB  Data: 00 00 00 AA 00 00 00 00 
"
"2016-11-21 14:31:44ID: BC  Data: 00 00 00 AA 00 00 00 00 
"
"2016-11-21 14:31:44ID: BB  Data: 00 00 00 AA 00 00 00 00 
"
"2016-11-21 14:31:44ID: BC  Data: 00 00 00 AA 00 00 00 00 
"
"2016-11-21 14:31:44ID: BB  Data: 00 00 00 AA 00 00 00 00 
"
"2016-11-21 14:31:44ID: BC  Data: 00 00 00 AA 00 00 00 00 
"
"2016-11-21 14:31:44ID: BB  Data: 00 00 00 AA 00 00 00 00 
"
"2016-11-21 14:31:44ID: BC  Data: 00 00 00 AA 00 00 00 00 
"
"2016-11-21 14:31:44ID: BB  Data: 00 00 00 AA 00 00 00 00 
"
"2016-11-21 14:31:44ID: BC  Data: 00 00 00 AA 00 00 00 00 
"
"2016-11-21 14:31:44ID: BB  Data: 00 00 00 AA 00 00 00 00 
"
"2016-11-21 14:31:44ID: BC  Data: 00 00 00 AA 00 00 00 00 
"
"2016-11-21 14:31:44ID: BB  Data: 00 00 00 AA 00 00 00 00 
"
"2016-11-21 14:31:44ID: BC  Data: 00 00 00 AA 00 00 00 00 
"
"2016-11-21 14:31:44ID: BB  Data: 00 00 00 AA 00 00 00 00 
"
"2016-11-21 14:31:44ID: BC  Data: 00 00 00 AA 00 00 00 00 
"
"2016-11-21 14:31:44ID: AA  Data: BB BB 00 00 00 00 00 00 
"
"2016-11-21 14:31:44ID: A1  Data: 00 00 AA AA 00 00 00 00 
"
"2016-11-21 14:31:44ID: A2  Data: 00 00 00 00 00 00 00 AB 
"
"2016-11-21 14:31:44ID: BB  Data: 00 00 00 BB 00 00 00 00 
"
"2016-11-21 14:31:44ID: BC  Data: 00 00 00 BB 00 00 00 00 
"
"2016-11-21 14:31:45ID: BB  Data: 00 00 00 BB 00 00 00 00 
"
"2016-11-21 14:31:45ID: BC  Data: 00 00 00 BB 00 00 00 00 
"
"2016-11-21 14:31:45ID: BB  Data: 00 00 00 BB 00 00 00 00 
"
"2016-11-21 14:31:45ID: BC  Data: 00 00 00 BB 00 00 00 00 
"
"2016-11-21 14:31:45ID: BB  Data: 00 00 00 BB 00 00 00 00 
"
"2016-11-21 14:31:45ID: BC  Data: 00 00 00 BB 00 00 00 00 
"
2016-11-21 14:31:47
2016-11-21 14:31:49
2016-11-21 14:31:51
2016-11-21 14:31:53
2016-11-21 14:31:55
2016-11-21 14:31:57
2016-11-21 14:31:59
2016-11-21 14:32:01
2016-11-21 14:32:03
2016-11-21 14:32:05
2016-11-21 14:32:07
2016-11-21 14:32:09
2016-11-21 14:32:11
2016-11-21 14:32:13
2016-11-21 14:32:15
2016-11-21 14:32:17
2016-11-21 14:32:19
2016-11-21 14:32:21
2016-11-21 14:32:23
2016-11-21 14:32:25
2016-11-21 14:32:27
2016-11-21 14:32:29
2016-11-21 14:32:31
2016-11-21 14:32:33
2016-11-21 14:32:35
2016-11-21 14:32:37
2016-11-21 14:32:39
2016-11-21 14:32:41
2016-11-21 14:32:43
2016-11-21 14:32:45
2016-11-21 14:32:47
2016-11-21 14:32:49
2016-11-21 14:32:51
2016-11-21 14:32:53
2016-11-21 14:32:55
2016-11-21 14:32:57
2016-11-21 14:32:59
2016-11-21 14:33:01
2016-11-21 14:33:03
2016-11-21 14:33:05
2016-11-21 14:33:07
2016-11-21 14:33:09
2016-11-21 14:33:11
2016-11-21 14:33:13
2016-11-21 14:33:15
2016-11-21 14:33:17
2016-11-21 14:33:19
"2016-11-21 14:33:19ID: A1  Data: 00 00 AA AA 00 00 00 00 
"
"2016-11-21 14:33:20ID: BB  Data: 00 00 00 BB 00 00 00 00 
"
"2016-11-21 14:33:20ID: BC  Data: 00 00 00 BB 00 00 00 00 
"
"2016-11-21 14:33:20ID: BB  Data: 00 00 00 BB 00 00 00 00 
"
"2016-11-21 14:33:20ID: BC  Data: 00 00 00 BB 00 00 00 00 
"
"2016-11-21 14:33:20ID: BB  Data: 00 00 00 BB 00 00 00 00 
"
"2016-11-21 14:33:20ID: BC  Data: 00 00 00 BB 00 00 00 00 
"
"2016-11-21 14:33:20ID: BB  Data: 00 00 00 BB 00 00 00 00 
"
"2016-11-21 14:33:20ID: BC  Data: 00 00 00 BB 00 00 00 00 
"
"2016-11-21 14:33:20ID: BB  Data: 00 00 00 BB 00 00 00 00 
"
"2016-11-21 14:33:20ID: BC  Data: 00 00 00 BB 00 00 00 00 
"
"2016-11-21 14:33:20ID: BB  Data: 00 00 00 BB 00 00 00 00 
"
"2016-11-21 14:33:20ID: BC  Data: 00 00 00 BB 00 00 00 00 
"
"2016-11-21 14:33:20ID: BB  Data: 00 00 00 BB 00 00 00 00 
"
"2016-11-21 14:33:20ID: BC  Data: 00 00 00 BB 00 00 00 00 
"
"2016-11-21 14:33:20ID: BB  Data: 00 00 00 BB 00 00 00 00 
"
"2016-11-21 14:33:20ID: BC  Data: 00 00 00 BB 00 00 00 00 
"
"2016-11-21 14:33:20ID: BB  Data: 00 00 00 BB 00 00 00 00 
"
"2016-11-21 14:33:20ID: BC  Data: 00 00 00 BB 00 00 00 00 
"
"2016-11-21 14:33:20ID: BB  Data: 00 00 00 BB 00 00 00 00 
"
"2016-11-21 14:33:20ID: BC  Data: 00 00 00 BB 00 00 00 00 
"
"2016-11-21 14:33:20ID: BB  Data: 00 00 00 BB 00 00 00 00 
"
"2016-11-21 14:33:20ID: BC  Data: 00 00 00 BB 00 00 00 00 
"
"2016-11-21 14:33:21ID: BB  Data: 00 00 00 BB 00 00 00 00 
"
"2016-11-21 14:33:21ID: BC  Data: 00 00 00 BB 00 00 00 00 
"
"2016-11-21 14:33:21ID: BB  Data: 00 00 00 BB 00 00 00 00 
"
"2016-11-21 14:33:21ID: BC  Data: 00 00 00 BB 00 00 00 00 
"
"2016-11-21 14:33:21ID: BB  Data: 00 00 00 BB 00 00 00 00 
"
"2016-11-21 14:33:21ID: BC  Data: 00 00 00 BB 00 00 00 00 
"
"2016-11-21 14:33:21ID: BB  Data: 00 00 00 BB 00 00 00 00 
"
"2016-11-21 14:33:21ID: BC  Data: 00 00 00 BB 00 00 00 00 
"
"2016-11-21 14:33:21ID: BB  Data: 00 00 00 BB 00 00 00 00 
"
"2016-11-21 14:33:21ID: BC  Data: 00 00 00 BB 00 00 00 00 
"
"2016-11-21 14:33:21ID: BB  Data: 00 00 00 BB 00 00 00 00 
"
"2016-11-21 14:33:21ID: BC  Data: 00 00 00 BB 00 00 00 00 
"
"2016-11-21 14:33:21ID: BB  Data: 00 00 00 BB 00 00 00 00 
"
"2016-11-21 14:33:21ID: BC  Data: 00 00 00 BB 00 00 00 00 
"
"2016-11-21 14:33:21ID: BB  Data: 00 00 00 BB 00 00 00 00 
"
"2016-11-21 14:33:21ID: BC  Data: 00 00 00 BB 00 00 00 00 
"
"2016-11-21 14:33:21ID: BB  Data: 00 00 00 BB 00 00 00 00 
"
"2016-11-21 14:33:21ID: BC  Data: 00 00 00 BB 00 00 00 00 
"
"2016-11-21 14:33:21ID: BB  Data: 00 00 00 BB 00 00 00 00 
"
"2016-11-21 14:33:21ID: BC  Data: 00 00 00 BB 00 00 00 00 
"
"2016-11-21 14:33:21ID: BB  Data: 00 00 00 BB 00 00 00 00 
"
"2016-11-21 14:33:21ID: BC  Data: 00 00 00 BB 00 00 00 00 
"
"2016-11-21 14:33:22ID: BB  Data: 00 00 00 BB 00 00 00 00 
"
"2016-11-21 14:33:22ID: BC  Data: 00 00 00 BB 00 00 00 00 
"
"2016-11-21 14:33:22ID: BB  Data: 00 00 00 BB 00 00 00 00 
"
"2016-11-21 14:33:22ID: BC  Data: 00 00 00 BB 00 00 00 00 
"
"2016-11-21 14:33:22ID: BB  Data: 00 00 00 BB 00 00 00 00 
"
"2016-11-21 14:33:22ID: BC  Data: 00 00 00 BB 00 00 00 00 
"
"2016-11-21 14:33:22ID: BB  Data: 00 00 00 BB 00 00 00 00 
"
"2016-11-21 14:33:22ID: BC  Data: 00 00 00 BB 00 00 00 00 
"
"2016-11-21 14:33:22ID: BB  Data: 00 00 00 BB 00 00 00 00 
"
"2016-11-21 14:33:22ID: BC  Data: 00 00 00 BB 00 00 00 00 
"
"2016-11-21 14:33:22ID: BB  Data: 00 00 00 BB 00 00 00 00 
"
"2016-11-21 14:33:22ID: BC  Data: 00 00 00 BB 00 00 00 00 
"
"2016-11-21 14:33:22ID: BB  Data: 00 00 00 BB 00 00 00 00 
"
"2016-11-21 14:33:22ID: BC  Data: 00 00 00 BB 00 00 00 00 
"
"2016-11-21 14:33:22ID: BB  Data: 00 00 00 BB 00 00 00 00 
"
"2016-11-21 14:33:22ID: BC  Data: 00 00 00 BB 00 00 00 00 
"
"2016-11-21 14:33:22ID: BB  Data: 00 00 00 BB 00 00 00 00 
"
"2016-11-21 14:33:22ID: BC  Data: 00 00 00 BB 00 00 00 00 
"
"2016-11-21 14:33:22ID: BB  Data: 00 00 00 BB 00 00 00 00 
"
"2016-11-21 14:33:22ID: BC  Data: 00 00 00 BB 00 00 00 00 
"
"2016-11-21 14:33:22ID: BB  Data: 00 00 00 BB 00 00 00 00 
"
"2016-11-21 14:33:22ID: BC  Data: 00 00 00 BB 00 00 00 00 
"
"2016-11-21 14:33:22ID: BB  Data: 00 00 00 BB 00 00 00 00 
"
"2016-11-21 14:33:22ID: BC  Data: 00 00 00 BB 00 00 00 00 
"
"2016-11-21 14:33:23ID: BB  Data: 00 00 00 BB 00 00 00 00 
"
"2016-11-21 14:33:23ID: BC  Data: 00 00 00 BB 00 00 00 00 
"
"2016-11-21 14:33:23ID: BB  Data: 00 00 00 BB 00 00 00 00 
"
"2016-11-21 14:33:23ID: BC  Data: 00 00 00 BB 00 00 00 00 
"
"2016-11-21 14:33:23ID: BB  Data: 00 00 00 BB 00 00 00 00 
"
"2016-11-21 14:33:23ID: BC  Data: 00 00 00 BB 00 00 00 00 
"
"2016-11-21 14:33:23ID: BB  Data: 00 00 00 BB 00 00 00 00 
"
"2016-11-21 14:33:23ID: BC  Data: 00 00 00 BB 00 00 00 00 
"
"2016-11-21 14:33:23ID: BB  Data: 00 00 00 BB 00 00 00 00 
"
"2016-11-21 14:33:23ID: BC  Data: 00 00 00 BB 00 00 00 00 
"
"2016-11-21 14:33:23ID: BB  Data: 00 00 00 BB 00 00 00 00 
"
"2016-11-21 14:33:23ID: BC  Data: 00 00 00 BB 00 00 00 00 
"
"2016-11-21 14:33:23ID: BB  Data: 00 00 00 BB 00 00 00 00 
"
"2016-11-21 14:33:23ID: BC  Data: 00 00 00 BB 00 00 00 00 
"
"2016-11-21 14:33:23ID: BB  Data: 00 00 00 BB 00 00 00 00 
"
"2016-11-21 14:33:23ID: BC  Data: 00 00 00 BB 00 00 00 00 
"
"2016-11-21 14:33:23ID: BB  Data: 00 00 00 BB 00 00 00 00 
"
"2016-11-21 14:33:23ID: BC  Data: 00 00 00 BB 00 00 00 00 
"
"2016-11-21 14:33:23ID: BB  Data: 00 00 00 BB 00 00 00 00 
"
"2016-11-21 14:33:23ID: BC  Data: 00 00 00 BB 00 00 00 00 
"
"2016-11-21 14:33:23ID: BB  Data: 00 00 00 BB 00 00 00 00 
"
"2016-11-21 14:33:23ID: BC  Data: 00 00 00 BB 00 00 00 00 
"
"2016-11-21 14:33:24ID: BB  Data: 00 00 00 BB 00 00 00 00 
"
"2016-11-21 14:33:24ID: BC  Data: 00 00 00 BB 00 00 00 00 
"
"2016-11-21 14:33:24ID: BB  Data: 00 00 00 BB 00 00 00 00 
"
"2016-11-21 14:33:24ID: BC  Data: 00 00 00 BB 00 00 00 00 
"
"2016-11-21 14:33:24ID: BB  Data: 00 00 00 BB 00 00 00 00 
"
"2016-11-21 14:33:24ID: BC  Data: 00 00 00 BB 00 00 00 00 
"
"2016-11-21 14:33:24ID: BB  Data: 00 00 00 BB 00 00 00 00 
"
"2016-11-21 14:33:24ID: BC  Data: 00 00 00 BB 00 00 00 00 
"
"2016-11-21 14:33:24ID: BB  Data: 00 00 00 BB 00 00 00 00 
"
"2016-11-21 14:33:24ID: BC  Data: 00 00 00 BB 00 00 00 00 
"
"2016-11-21 14:33:24ID: BB  Data: 00 00 00 BB 00 00 00 00 
"
"2016-11-21 14:33:24ID: BC  Data: 00 00 00 BB 00 00 00 00 
"
"2016-11-21 14:33:24ID: BB  Data: 00 00 00 BB 00 00 00 00 
"
"2016-11-21 14:33:24ID: BC  Data: 00 00 00 BB 00 00 00 00 
"
"2016-11-21 14:33:24ID: BB  Data: 00 00 00 BB 00 00 00 00 
"
"2016-11-21 14:33:24ID: BC  Data: 00 00 00 BB 00 00 00 00 
"
"2016-11-21 14:33:24ID: BB  Data: 00 00 00 BB 00 00 00 00 
"
"2016-11-21 14:33:24ID: BC  Data: 00 00 00 BB 00 00 00 00 
"
"2016-11-21 14:33:24ID: BB  Data: 00 00 00 BB 00 00 00 00 
"
"2016-11-21 14:33:24ID: BC  Data: 00 00 00 BB 00 00 00 00 
"
"2016-11-21 14:33:24ID: BB  Data: 00 00 00 BB 00 00 00 00 
"
"2016-11-21 14:33:24ID: BC  Data: 00 00 00 BB 00 00 00 00 
"
"2016-11-21 14:33:24ID: BB  Data: 00 00 00 BB 00 00 00 00 
"
"2016-11-21 14:33:25ID: BC  Data: 00 00 00 BB 00 00 00 00 
"
"2016-11-21 14:33:25ID: BB  Data: 00 00 00 BB 00 00 00 00 
"
"2016-11-21 14:33:25ID: BC  Data: 00 00 00 BB 00 00 00 00 
"
"2016-11-21 14:33:25ID: BB  Data: 00 00 00 BB 00 00 00 00 
"
"2016-11-21 14:33:25ID: BC  Data: 00 00 00 BB 00 00 00 00 
"
"2016-11-21 14:33:25ID: BB  Data: 00 00 00 BB 00 00 00 00 
"
"2016-11-21 14:33:25ID: BC  Data: 00 00 00 BB 00 00 00 00 
"
"2016-11-21 14:33:25ID: BB  Data: 00 00 00 BB 00 00 00 00 
"
"2016-11-21 14:33:25ID: BC  Data: 00 00 00 BB 00 00 00 00 
"
"2016-11-21 14:33:25ID: BB  Data: 00 00 00 BB 00 00 00 00 
"
"2016-11-21 14:33:25ID: BC  Data: 00 00 00 BB 00 00 00 00 
"
"2016-11-21 14:33:25ID: BB  Data: 00 00 00 BB 00 00 00 00 
"
"2016-11-21 14:33:25ID: BC  Data: 00 00 00 BB 00 00 00 00 
"
"2016-11-21 14:33:25ID: BB  Data: 00 00 00 BB 00 00 00 00 
"
"2016-11-21 14:33:25ID: BC  Data: 00 00 00 BB 00 00 00 00 
"
"2016-11-21 14:33:25ID: BB  Data: 00 00 00 BB 00 00 00 00 
"
"2016-11-21 14:33:25ID: BC  Data: 00 00 00 BB 00 00 00 00 
"
"2016-11-21 14:33:25ID: BB  Data: 00 00 00 BB 00 00 00 00 
"
"2016-11-21 14:33:25ID: BC  Data: 00 00 00 BB 00 00 00 00 
"
"2016-11-21 14:33:25ID: BB  Data: 00 00 00 BB 00 00 00 00 
"
"2016-11-21 14:33:25ID: BC  Data: 00 00 00 BB 00 00 00 00 
"
"2016-11-21 14:33:25ID: BB  Data: 00 00 00 BB 00 00 00 00 
"
"2016-11-21 14:33:25ID: BC  Data: 00 00 00 BB 00 00 00 00 
"
"2016-11-21 14:33:26ID: BB  Data: 00 00 00 BB 00 00 00 00 
"
"2016-11-21 14:33:26ID: BC  Data: 00 00 00 BB 00 00 00 00 
"
"2016-11-21 14:33:26ID: BB  Data: 00 00 00 BB 00 00 00 00 
"
"2016-11-21 14:33:26ID: BC  Data: 00 00 00 BB 00 00 00 00 
"
"2016-11-21 14:33:26ID: BB  Data: 00 00 00 BB 00 00 00 00 
"
"2016-11-21 14:33:26ID: BC  Data: 00 00 00 BB 00 00 00 00 
"
"2016-11-21 14:33:26ID: BB  Data: 00 00 00 BB 00 00 00 00 
"
"2016-11-21 14:33:26ID: BC  Data: 00 00 00 BB 00 00 00 00 
"
"2016-11-21 14:33:26ID: BB  Data: 00 00 00 BB 00 00 00 00 
"
"2016-11-21 14:33:26ID: BC  Data: 00 00 00 BB 00 00 00 00 
"
"2016-11-21 14:33:26ID: BB  Data: 00 00 00 BB 00 00 00 00 
"
"2016-11-21 14:33:26ID: BC  Data: 00 00 00 BB 00 00 00 00 
"
"2016-11-21 14:33:26ID: BB  Data: 00 00 00 BB 00 00 00 00 
"
"2016-11-21 14:33:26ID: BC  Data: 00 00 00 BB 00 00 00 00 
"
"2016-11-21 14:33:26ID: BB  Data: 00 00 00 BB 00 00 00 00 
"
"2016-11-21 14:33:26ID: BC  Data: 00 00 00 BB 00 00 00 00 
"
"2016-11-21 14:33:26ID: AA  Data: BB 00 00 00 00 00 00 00 
"
"2016-11-21 14:33:26ID: A1  Data: 00 00 AA AA 00 00 00 00 
"
"2016-11-21 14:33:26ID: A2  Data: 00 00 00 00 00 00 00 AB 
"
"2016-11-21 14:33:26ID: BB  Data: 00 00 00 BB 00 00 00 00 
"
"2016-11-21 14:33:26ID: BC  Data: 00 00 00 BB 00 00 00 00 
"
"2016-11-21 14:33:26ID: BB  Data: 00 00 00 BB 00 00 00 00 
"
"2016-11-21 14:33:26ID: BC  Data: 00 00 00 BB 00 00 00 00 
"
"2016-11-21 14:33:26ID: BB  Data: 00 00 00 BB 00 00 00 00 
"
"2016-11-21 14:33:26ID: BC  Data: 00 00 00 BB 00 00 00 00 
"
"2016-11-21 14:33:27ID: BB  Data: 00 00 00 BB 00 00 00 00 
"
"2016-11-21 14:33:27ID: BC  Data: 00 00 00 BB 00 00 00 00 
"
"2016-11-21 14:33:27ID: BB  Data: 00 00 00 BB 00 00 00 00 
"
"2016-11-21 14:33:27ID: BC  Data: 00 00 00 BB 00 00 00 00 
"
"2016-11-21 14:33:27ID: BB  Data: 00 00 00 BB 00 00 00 00 
"
"2016-11-21 14:33:27ID: BC  Data: 00 00 00 BB 00 00 00 00 
"
"2016-11-21 14:33:27ID: BB  Data: 00 00 00 BB 00 00 00 00 
"
"2016-11-21 14:33:27ID: BC  Data: 00 00 00 BB 00 00 00 00 
"
"2016-11-21 14:33:27ID: BB  Data: 00 00 00 BB 00 00 00 00 
"
"2016-11-21 14:33:27ID: BC  Data: 00 00 00 BB 00 00 00 00 
"
"2016-11-21 14:33:27ID: BB  Data: 00 00 00 BB 00 00 00 00 
"
"2016-11-21 14:33:27ID: BC  Data: 00 00 00 BB 00 00 00 00 
"
"2016-11-21 14:33:27ID: BB  Data: 00 00 00 BB 00 00 00 00 
"
"2016-11-21 14:33:27ID: BC  Data: 00 00 00 BB 00 00 00 00 
"
"2016-11-21 14:33:27ID: BB  Data: 00 00 00 BB 00 00 00 00 
"
"2016-11-21 14:33:27ID: BC  Data: 00 00 00 BB 00 00 00 00 
"
"2016-11-21 14:33:27ID: BB  Data: 00 00 00 BB 00 00 00 00 
"
"2016-11-21 14:33:27ID: BC  Data: 00 00 00 BB 00 00 00 00 
"
"2016-11-21 14:33:27ID: BB  Data: 00 00 00 BB 00 00 00 00 
"
"2016-11-21 14:33:27ID: BC  Data: 00 00 00 BB 00 00 00 00 
"
"2016-11-21 14:33:27ID: BB  Data: 00 00 00 BB 00 00 00 00 
"
"2016-11-21 14:33:27ID: BC  Data: 00 00 00 BB 00 00 00 00 
"
"2016-11-21 14:33:27ID: BB  Data: 00 00 00 BB 00 00 00 00 
"
"2016-11-21 14:33:28ID: BC  Data: 00 00 00 BB 00 00 00 00 
"
"2016-11-21 14:33:28ID: BB  Data: 00 00 00 BB 00 00 00 00 
"
"2016-11-21 14:33:28ID: BC  Data: 00 00 00 BB 00 00 00 00 
"
"2016-11-21 14:33:28ID: BB  Data: 00 00 00 BB 00 00 00 00 
"
"2016-11-21 14:33:28ID: BC  Data: 00 00 00 BB 00 00 00 00 
"
"2016-11-21 14:33:28ID: BB  Data: 00 00 00 BB 00 00 00 00 
"
"2016-11-21 14:33:28ID: BC  Data: 00 00 00 BB 00 00 00 00 
"
"2016-11-21 14:33:28ID: BB  Data: 00 00 00 BB 00 00 00 00 
"
"2016-11-21 14:33:28ID: BC  Data: 00 00 00 BB 00 00 00 00 
"
"2016-11-21 14:33:28ID: BB  Data: 00 00 00 BB 00 00 00 00 
"
"2016-11-21 14:33:28ID: BC  Data: 00 00 00 BB 00 00 00 00 
"
"2016-11-21 14:33:28ID: BB  Data: 00 00 00 BB 00 00 00 00 
"
"2016-11-21 14:33:28ID: BC  Data: 00 00 00 BB 00 00 00 00 
"
"2016-11-21 14:33:28ID: BB  Data: 00 00 00 BB 00 00 00 00 
"
"2016-11-21 14:33:28ID: BC  Data: 00 00 00 BB 00 00 00 00 
"
"2016-11-21 14:33:28ID: BB  Data: 00 00 00 BB 00 00 00 00 
"
"2016-11-21 14:33:28ID: BC  Data: 00 00 00 BB 00 00 00 00 
"
"2016-11-21 14:33:28ID: BB  Data: 00 00 00 BB 00 00 00 00 
"
"2016-11-21 14:33:28ID: BC  Data: 00 00 00 BB 00 00 00 00 
"
"2016-11-21 14:33:28ID: BB  Data: 00 00 00 BB 00 00 00 00 
"
"2016-11-21 14:33:28ID: BC  Data: 00 00 00 BB 00 00 00 00 
"
"2016-11-21 14:33:28ID: BB  Data: 00 00 00 BB 00 00 00 00 
"
"2016-11-21 14:33:28ID: BC  Data: 00 00 00 BB 00 00 00 00 
"
"2016-11-21 14:33:29ID: BB  Data: 00 00 00 BB 00 00 00 00 
"
"2016-11-21 14:33:29ID: BC  Data: 00 00 00 BB 00 00 00 00 
"
"2016-11-21 14:33:29ID: BB  Data: 00 00 00 BB 00 00 00 00 
"
"2016-11-21 14:33:29ID: BC  Data: 00 00 00 BB 00 00 00 00 
"
"2016-11-21 14:33:29ID: BB  Data: 00 00 00 BB 00 00 00 00 
"
"2016-11-21 14:33:29ID: BC  Data: 00 00 00 BB 00 00 00 00 
"
"2016-11-21 14:33:29ID: BB  Data: 00 00 00 BB 00 00 00 00 
"
"2016-11-21 14:33:29ID: BC  Data: 00 00 00 BB 00 00 00 00 
"
"2016-11-21 14:33:29ID: BB  Data: 00 00 00 BB 00 00 00 00 
"
"2016-11-21 14:33:29ID: BC  Data: 00 00 00 BB 00 00 00 00 
"
"2016-11-21 14:33:29ID: BB  Data: 00 00 00 BB 00 00 00 00 
"
"2016-11-21 14:33:29ID: BC  Data: 00 00 00 BB 00 00 00 00 
"
"2016-11-21 14:33:29ID: BB  Data: 00 00 00 BB 00 00 00 00 
"
"2016-11-21 14:33:29ID: BC  Data: 00 00 00 BB 00 00 00 00 
"
"2016-11-21 14:33:29ID: BB  Data: 00 00 00 BB 00 00 00 00 
"
"2016-11-21 14:33:29ID: BC  Data: 00 00 00 BB 00 00 00 00 
"
"2016-11-21 14:33:29ID: BB  Data: 00 00 00 BB 00 00 00 00 
"
"2016-11-21 14:33:29ID: BC  Data: 00 00 00 BB 00 00 00 00 
"
"2016-11-21 14:33:29ID: BB  Data: 00 00 00 BB 00 00 00 00 
"
"2016-11-21 14:33:29ID: BC  Data: 00 00 00 BB 00 00 00 00 
"
"2016-11-21 14:33:29ID: BB  Data: 00 00 00 BB 00 00 00 00 
"
"2016-11-21 14:33:29ID: BC  Data: 00 00 00 BB 00 00 00 00 
"
"2016-11-21 14:33:30ID: BB  Data: 00 00 00 BB 00 00 00 00 
"
"2016-11-21 14:33:30ID: BC  Data: 00 00 00 BB 00 00 00 00 
"
"2016-11-21 14:33:30ID: BB  Data: 00 00 00 BB 00 00 00 00 
"
"2016-11-21 14:33:30ID: BC  Data: 00 00 00 BB 00 00 00 00 
"
"2016-11-21 14:33:30ID: BB  Data: 00 00 00 BB 00 00 00 00 
"
"2016-11-21 14:33:30ID: BC  Data: 00 00 00 BB 00 00 00 00 
"
"2016-11-21 14:33:30ID: BB  Data: 00 00 00 BB 00 00 00 00 
"
"2016-11-21 14:33:30ID: BC  Data: 00 00 00 BB 00 00 00 00 
"
"2016-11-21 14:33:30ID: BB  Data: 00 00 00 BB 00 00 00 00 
"
"2016-11-21 14:33:30ID: BC  Data: 00 00 00 BB 00 00 00 00 
"
"2016-11-21 14:33:30ID: BB  Data: 00 00 00 BB 00 00 00 00 
"
"2016-11-21 14:33:30ID: BC  Data: 00 00 00 BB 00 00 00 00 
"
"2016-11-21 14:33:30ID: BB  Data: 00 00 00 BB 00 00 00 00 
"
"2016-11-21 14:33:30ID: BC  Data: 00 00 00 BB 00 00 00 00 
"
"2016-11-21 14:33:30ID: BB  Data: 00 00 00 BB 00 00 00 00 
"
"2016-11-21 14:33:30ID: BC  Data: 00 00 00 BB 00 00 00 00 
"
"2016-11-21 14:33:30ID: BB  Data: 00 00 00 BB 00 00 00 00 
"
"2016-11-21 14:33:30ID: BC  Data: 00 00 00 BB 00 00 00 00 
"
"2016-11-21 14:33:30ID: BB  Data: 00 00 00 BB 00 00 00 00 
"
"2016-11-21 14:33:30ID: BC  Data: 00 00 00 BB 00 00 00 00 
"
"2016-11-21 14:33:30ID: BB  Data: 00 00 00 BB 00 00 00 00 
"
"2016-11-21 14:33:30ID: BC  Data: 00 00 00 BB 00 00 00 00 
"
"2016-11-21 14:33:30ID: BB  Data: 00 00 00 BB 00 00 00 00 
"
"2016-11-21 14:33:30ID: BC  Data: 00 00 00 BB 00 00 00 00 
"
"2016-11-21 14:33:31ID: BB  Data: 00 00 00 BB 00 00 00 00 
"
"2016-11-21 14:33:31ID: BC  Data: 00 00 00 BB 00 00 00 00 
"
"2016-11-21 14:33:31ID: BB  Data: 00 00 00 BB 00 00 00 00 
"
"2016-11-21 14:33:31ID: BC  Data: 00 00 00 BB 00 00 00 00 
"
"2016-11-21 14:33:31ID: BB  Data: 00 00 00 BB 00 00 00 00 
"
"2016-11-21 14:33:31ID: BC  Data: 00 00 00 BB 00 00 00 00 
"
"2016-11-21 14:33:31ID: BB  Data: 00 00 00 BB 00 00 00 00 
"
"2016-11-21 14:33:31ID: BC  Data: 00 00 00 BB 00 00 00 00 
"
"2016-11-21 14:33:31ID: BB  Data: 00 00 00 BB 00 00 00 00 
"
"2016-11-21 14:33:31ID: BC  Data: 00 00 00 BB 00 00 00 00 
"
"2016-11-21 14:33:31ID: BB  Data: 00 00 00 BB 00 00 00 00 
"
"2016-11-21 14:33:31ID: BC  Data: 00 00 00 BB 00 00 00 00 
"
"2016-11-21 14:33:31ID: BB  Data: 00 00 00 BB 00 00 00 00 
"
"2016-11-21 14:33:31ID: BC  Data: 00 00 00 BB 00 00 00 00 
"
"2016-11-21 14:33:31ID: BB  Data: 00 00 00 BB 00 00 00 00 
"
"2016-11-21 14:33:31ID: BC  Data: 00 00 00 BB 00 00 00 00 
"
"2016-11-21 14:33:31ID: BB  Data: 00 00 00 BB 00 00 00 00 
"
"2016-11-21 14:33:31ID: BC  Data: 00 00 00 BB 00 00 00 00 
"
"2016-11-21 14:33:31ID: BB  Data: 00 00 00 BB 00 00 00 00 
"
"2016-11-21 14:33:31ID: BC  Data: 00 00 00 BB 00 00 00 00 
"
"2016-11-21 14:33:31ID: BB  Data: 00 00 00 BB 00 00 00 00 
"
"2016-11-21 14:33:31ID: BC  Data: 00 00 00 BB 00 00 00 00 
"
"2016-11-21 14:33:32ID: BB  Data: 00 00 00 BB 00 00 00 00 
"
"2016-11-21 14:33:32ID: BC  Data: 00 00 00 BB 00 00 00 00 
"
"2016-11-21 14:33:32ID: BB  Data: 00 00 00 BB 00 00 00 00 
"
"2016-11-21 14:33:32ID: BC  Data: 00 00 00 BB 00 00 00 00 
"
"2016-11-21 14:33:32ID: BB  Data: 00 00 00 BB 00 00 00 00 
"
"2016-11-21 14:33:32ID: BC  Data: 00 00 00 BB 00 00 00 00 
"
"2016-11-21 14:33:32ID: BB  Data: 00 00 00 BB 00 00 00 00 
"
"2016-11-21 14:33:32ID: BC  Data: 00 00 00 BB 00 00 00 00 
"
"2016-11-21 14:33:32ID: BB  Data: 00 00 00 BB 00 00 00 00 
"
"2016-11-21 14:33:32ID: BC  Data: 00 00 00 BB 00 00 00 00 
"
"2016-11-21 14:33:32ID: BB  Data: 00 00 00 BB 00 00 00 00 
"
"2016-11-21 14:33:32ID: BC  Data: 00 00 00 BB 00 00 00 00 
"
"2016-11-21 14:33:32ID: BB  Data: 00 00 00 BB 00 00 00 00 
"
"2016-11-21 14:33:32ID: BC  Data: 00 00 00 BB 00 00 00 00 
"
"2016-11-21 14:33:32ID: BB  Data: 00 00 00 BB 00 00 00 00 
"
"2016-11-21 14:33:32ID: BC  Data: 00 00 00 BB 00 00 00 00 
"
"2016-11-21 14:33:32ID: BB  Data: 00 00 00 BB 00 00 00 00 
"
"2016-11-21 14:33:32ID: BC  Data: 00 00 00 BB 00 00 00 00 
"
"2016-11-21 14:33:32ID: BB  Data: 00 00 00 BB 00 00 00 00 
"
"2016-11-21 14:33:32ID: BC  Data: 00 00 00 BB 00 00 00 00 
"
"2016-11-21 14:33:32ID: BB  Data: 00 00 00 BB 00 00 00 00 
"
"2016-11-21 14:33:32ID: BC  Data: 00 00 00 BB 00 00 00 00 
"
"2016-11-21 14:33:33ID: BB  Data: 00 00 00 BB 00 00 00 00 
"
"2016-11-21 14:33:33ID: BC  Data: 00 00 00 BB 00 00 00 00 
"
"2016-11-21 14:33:33ID: BB  Data: 00 00 00 BB 00 00 00 00 
"
"2016-11-21 14:33:33ID: BC  Data: 00 00 00 BB 00 00 00 00 
"
"2016-11-21 14:33:33ID: BB  Data: 00 00 00 BB 00 00 00 00 
"
"2016-11-21 14:33:33ID: BC  Data: 00 00 00 BB 00 00 00 00 
"
"2016-11-21 14:33:33ID: BB  Data: 00 00 00 BB 00 00 00 00 
"
"2016-11-21 14:33:33ID: BC  Data: 00 00 00 BB 00 00 00 00 
"
"2016-11-21 14:33:33ID: BB  Data: 00 00 00 BB 00 00 00 00 
"
"2016-11-21 14:33:33ID: BC  Data: 00 00 00 BB 00 00 00 00 
"
"2016-11-21 14:33:33ID: BB  Data: 00 00 00 BB 00 00 00 00 
"
"2016-11-21 14:33:33ID: AA  Data: AA AA 00 00 00 00 00 00 
"
"2016-11-21 14:33:33ID: BC  Data: 00 00 00 BB 00 00 00 00 
"
"2016-11-21 14:33:33ID: BB  Data: 00 00 00 AA 00 00 00 00 
"
"2016-11-21 14:33:33ID: BC  Data: 00 00 00 AA 00 00 00 00 
"
"2016-11-21 14:33:33ID: BB  Data: 00 00 00 AA 00 00 00 00 
"
"2016-11-21 14:33:33ID: BC  Data: 00 00 00 AA 00 00 00 00 
"
"2016-11-21 14:33:33ID: BB  Data: 00 00 00 AA 00 00 00 00 
"
"2016-11-21 14:33:33ID: BC  Data: 00 00 00 AA 00 00 00 00 
"
"2016-11-21 14:33:33ID: BB  Data: 00 00 00 AA 00 00 00 00 
"
"2016-11-21 14:33:33ID: BC  Data: 00 00 00 AA 00 00 00 00 
"
"2016-11-21 14:33:33ID: BB  Data: 00 00 00 AA 00 00 00 00 
"
"2016-11-21 14:33:33ID: BC  Data: 00 00 00 AA 00 00 00 00 
"
"2016-11-21 14:33:33ID: BB  Data: 00 00 00 AA 00 00 00 00 
"
"2016-11-21 14:33:33ID: BC  Data: 00 00 00 AA 00 00 00 00 
"
"2016-11-21 14:33:34ID: BB  Data: 00 00 00 AA 00 00 00 00 
"
"2016-11-21 14:33:34ID: BC  Data: 00 00 00 AA 00 00 00 00 
"
"2016-11-21 14:33:34ID: BB  Data: 00 00 00 AA 00 00 00 00 
"
"2016-11-21 14:33:34ID: BC  Data: 00 00 00 AA 00 00 00 00 
"
"2016-11-21 14:33:34ID: BB  Data: 00 00 00 AA 00 00 00 00 
"
"2016-11-21 14:33:34ID: BC  Data: 00 00 00 AA 00 00 00 00 
"
"2016-11-21 14:33:34ID: BB  Data: 00 00 00 AA 00 00 00 00 
"
"2016-11-21 14:33:34ID: BC  Data: 00 00 00 AA 00 00 00 00 
"
"2016-11-21 14:33:34ID: BB  Data: 00 00 00 AA 00 00 00 00 
"
"2016-11-21 14:33:34ID: BC  Data: 00 00 00 AA 00 00 00 00 
"
"2016-11-21 14:33:34ID: BB  Data: 00 00 00 AA 00 00 00 00 
"
"2016-11-21 14:33:34ID: BC  Data: 00 00 00 AA 00 00 00 00 
"
"2016-11-21 14:33:34ID: BB  Data: 00 00 00 AA 00 00 00 00 
"
"2016-11-21 14:33:34ID: BC  Data: 00 00 00 AA 00 00 00 00 
"
"2016-11-21 14:33:34ID: BB  Data: 00 00 00 AA 00 00 00 00 
"
"2016-11-21 14:33:34ID: BC  Data: 00 00 00 AA 00 00 00 00 
"
"2016-11-21 14:33:34ID: BB  Data: 00 00 00 AA 00 00 00 00 
"
"2016-11-21 14:33:34ID: BC  Data: 00 00 00 AA 00 00 00 00 
"
"2016-11-21 14:33:34ID: BB  Data: 00 00 00 AA 00 00 00 00 
"
"2016-11-21 14:33:34ID: BC  Data: 00 00 00 AA 00 00 00 00 
"
"2016-11-21 14:33:34ID: BB  Data: 00 00 00 AA 00 00 00 00 
"
"2016-11-21 14:33:34ID: BC  Data: 00 00 00 AA 00 00 00 00 
"
"2016-11-21 14:33:35ID: BB  Data: 00 00 00 AA 00 00 00 00 
"
"2016-11-21 14:33:35ID: BC  Data: 00 00 00 AA 00 00 00 00 
"
"2016-11-21 14:33:35ID: BB  Data: 00 00 00 AA 00 00 00 00 
"
"2016-11-21 14:33:35ID: BC  Data: 00 00 00 AA 00 00 00 00 
"
"2016-11-21 14:33:35ID: BB  Data: 00 00 00 AA 00 00 00 00 
"
"2016-11-21 14:33:35ID: BC  Data: 00 00 00 AA 00 00 00 00 
"
"2016-11-21 14:33:35ID: BB  Data: 00 00 00 AA 00 00 00 00 
"
"2016-11-21 14:33:35ID: BC  Data: 00 00 00 AA 00 00 00 00 
"
"2016-11-21 14:33:35ID: BB  Data: 00 00 00 AA 00 00 00 00 
"
"2016-11-21 14:33:35ID: BC  Data: 00 00 00 AA 00 00 00 00 
"
"2016-11-21 14:33:35ID: BB  Data: 00 00 00 AA 00 00 00 00 
"
"2016-11-21 14:33:35ID: BC  Data: 00 00 00 AA 00 00 00 00 
"
"2016-11-21 14:33:35ID: AA  Data: AA CC 00 00 00 00 00 00 
"
"2016-11-21 14:33:35ID: BB  Data: 00 00 00 AA 00 00 00 00 
"
"2016-11-21 14:33:35ID: BC  Data: 00 00 00 AA 00 00 00 00 
"
"2016-11-21 14:33:35ID: BB  Data: 00 00 00 AA 00 00 00 00 
"
"2016-11-21 14:33:35ID: BC  Data: 00 00 00 AA 00 00 00 00 
"
"2016-11-21 14:33:35ID: BB  Data: 00 00 00 AA 00 00 00 00 
"
"2016-11-21 14:33:35ID: BC  Data: 00 00 00 AA 00 00 00 00 
"
"2016-11-21 14:33:35ID: BB  Data: 00 00 00 AA 00 00 00 00 
"
"2016-11-21 14:33:35ID: BC  Data: 00 00 00 AA 00 00 00 00 
"
"2016-11-21 14:33:35ID: BB  Data: 00 00 00 AA 00 00 00 00 
"
"2016-11-21 14:33:35ID: BC  Data: 00 00 00 AA 00 00 00 00 
"
"2016-11-21 14:33:35ID: BB  Data: 00 00 00 AA 00 00 00 00 
"
"2016-11-21 14:33:36ID: BC  Data: 00 00 00 AA 00 00 00 00 
"
"2016-11-21 14:33:36ID: BB  Data: 00 00 00 AA 00 00 00 00 
"
"2016-11-21 14:33:36ID: BC  Data: 00 00 00 AA 00 00 00 00 
"
"2016-11-21 14:33:36ID: BB  Data: 00 00 00 AA 00 00 00 00 
"
"2016-11-21 14:33:36ID: BC  Data: 00 00 00 AA 00 00 00 00 
"
"2016-11-21 14:33:36ID: BB  Data: 00 00 00 AA 00 00 00 00 
"
"2016-11-21 14:33:36ID: BC  Data: 00 00 00 AA 00 00 00 00 
"
"2016-11-21 14:33:36ID: BB  Data: 00 00 00 AA 00 00 00 00 
"
"2016-11-21 14:33:36ID: BC  Data: 00 00 00 AA 00 00 00 00 
"
"2016-11-21 14:33:36ID: BB  Data: 00 00 00 AA 00 00 00 00 
"
"2016-11-21 14:33:36ID: BC  Data: 00 00 00 AA 00 00 00 00 
"
"2016-11-21 14:33:36ID: BB  Data: 00 00 00 AA 00 00 00 00 
"
"2016-11-21 14:33:36ID: BC  Data: 00 00 00 AA 00 00 00 00 
"
"2016-11-21 14:33:36ID: BB  Data: 00 00 00 AA 00 00 00 00 
"
"2016-11-21 14:33:36ID: BC  Data: 00 00 00 AA 00 00 00 00 
"
"2016-11-21 14:33:36ID: BB  Data: 00 00 00 AA 00 00 00 00 
"
"2016-11-21 14:33:36ID: BC  Data: 00 00 00 AA 00 00 00 00 
"
"2016-11-21 14:33:36ID: BB  Data: 00 00 00 AA 00 00 00 00 
"
"2016-11-21 14:33:36ID: BC  Data: 00 00 00 AA 00 00 00 00 
"
"2016-11-21 14:33:36ID: BB  Data: 00 00 00 AA 00 00 00 00 
"
"2016-11-21 14:33:36ID: BC  Data: 00 00 00 AA 00 00 00 00 
"
"2016-11-21 14:33:36ID: BB  Data: 00 00 00 AA 00 00 00 00 
"
"2016-11-21 14:33:36ID: BC  Data: 00 00 00 AA 00 00 00 00 
"
"2016-11-21 14:33:37ID: BB  Data: 00 00 00 AA 00 00 00 00 
"
"2016-11-21 14:33:37ID: BC  Data: 00 00 00 AA 00 00 00 00 
"
"2016-11-21 14:33:37ID: BB  Data: 00 00 00 AA 00 00 00 00 
"
"2016-11-21 14:33:37ID: BC  Data: 00 00 00 AA 00 00 00 00 
"
"2016-11-21 14:33:37ID: BB  Data: 00 00 00 AA 00 00 00 00 
"
"2016-11-21 14:33:37ID: BC  Data: 00 00 00 AA 00 00 00 00 
"
"2016-11-21 14:33:37ID: BB  Data: 00 00 00 AA 00 00 00 00 
"
"2016-11-21 14:33:37ID: BC  Data: 00 00 00 AA 00 00 00 00 
"
"2016-11-21 14:33:37ID: BB  Data: 00 00 00 AA 00 00 00 00 
"
"2016-11-21 14:33:37ID: BC  Data: 00 00 00 AA 00 00 00 00 
"
"2016-11-21 14:33:37ID: BB  Data: 00 00 00 AA 00 00 00 00 
"
"2016-11-21 14:33:37ID: BC  Data: 00 00 00 AA 00 00 00 00 
"
"2016-11-21 14:33:37ID: BB  Data: 00 00 00 AA 00 00 00 00 
"
"2016-11-21 14:33:37ID: BC  Data: 00 00 00 AA 00 00 00 00 
"
"2016-11-21 14:33:37ID: BB  Data: 00 00 00 AA 00 00 00 00 
"
"2016-11-21 14:33:37ID: BC  Data: 00 00 00 AA 00 00 00 00 
"
"2016-11-21 14:33:37ID: BB  Data: 00 00 00 AA 00 00 00 00 
"
"2016-11-21 14:33:37ID: BC  Data: 00 00 00 AA 00 00 00 00 
"
"2016-11-21 14:33:37ID: BB  Data: 00 00 00 AA 00 00 00 00 
"
"2016-11-21 14:33:37ID: BC  Data: 00 00 00 AA 00 00 00 00 
"
"2016-11-21 14:33:37ID: BB  Data: 00 00 00 AA 00 00 00 00 
"
"2016-11-21 14:33:37ID: BC  Data: 00 00 00 AA 00 00 00 00 
"
"2016-11-21 14:33:38ID: BB  Data: 00 00 00 AA 00 00 00 00 
"
"2016-11-21 14:33:38ID: BC  Data: 00 00 00 AA 00 00 00 00 
"
"2016-11-21 14:33:38ID: BB  Data: 00 00 00 AA 00 00 00 00 
"
"2016-11-21 14:33:38ID: BC  Data: 00 00 00 AA 00 00 00 00 
"
"2016-11-21 14:33:38ID: BB  Data: 00 00 00 AA 00 00 00 00 
"
"2016-11-21 14:33:38ID: BC  Data: 00 00 00 AA 00 00 00 00 
"
"2016-11-21 14:33:38ID: BB  Data: 00 00 00 AA FE 02 11 4A 
"
"2016-11-21 14:33:38ID: BC  Data: 00 00 00 AA 01 FD EE B6 
"
"2016-11-21 14:33:38ID: BB  Data: 00 00 00 AA FC B3 E0 6A 
"
"2016-11-21 14:33:38ID: BC  Data: 00 00 00 AA 03 4C 1F 96 
"
"2016-11-21 14:33:38ID: BB  Data: 00 00 00 AA FB 8A 86 92 
"
"2016-11-21 14:33:38ID: BC  Data: 00 00 00 AA 04 75 79 6E 
"
"2016-11-21 14:33:38ID: BB  Data: 00 00 00 AA FA DF 7B AB 
"
"2016-11-21 14:33:38ID: BC  Data: 00 00 00 AA 05 20 84 55 
"
"2016-11-21 14:33:38ID: BB  Data: 00 00 00 AA FA 61 2C B9 
"
"2016-11-21 14:33:38ID: BC  Data: 00 00 00 AA 05 9E D3 47 
"
"2016-11-21 14:33:38ID: BB  Data: 00 00 00 AA FA 20 B4 6E 
"
"2016-11-21 14:33:38ID: BC  Data: 00 00 00 AA 05 DF 4B 92 
"
"2016-11-21 14:33:38ID: BB  Data: 00 00 00 AA F9 00 90 56 
"
"2016-11-21 14:33:38ID: BC  Data: 00 00 00 AA 06 FF 6F AA 
"
"2016-11-21 14:33:38ID: BB  Data: 00 00 00 AA F7 86 F4 54 
"
"2016-11-21 14:33:38ID: BC  Data: 00 00 00 AA 08 79 0B AC 
"
"2016-11-21 14:33:38ID: BB  Data: 00 00 00 AA F6 EB B3 4B 
"
"2016-11-21 14:33:38ID: BC  Data: 00 00 00 AA 09 14 4C B5 
"
"2016-11-21 14:33:39ID: BB  Data: 00 00 00 AA F6 45 EB AE 
"
"2016-11-21 14:33:39ID: BC  Data: 00 00 00 AA 09 BA 14 52 
"
"2016-11-21 14:33:39ID: BB  Data: 00 00 00 AA F5 2D AC 86 
"
"2016-11-21 14:33:39ID: BC  Data: 00 00 00 AA 0A D2 53 7A 
"
"2016-11-21 14:33:39ID: BB  Data: 00 00 00 AA F4 F2 77 85 
"
"2016-11-21 14:33:39ID: BC  Data: 00 00 00 AA 0B 0D 88 7B 
"
"2016-11-21 14:33:39ID: BB  Data: 00 00 00 AA F5 04 E3 08 
"
"2016-11-21 14:33:39ID: BC  Data: 00 00 00 AA 0A FB 1C F8 
"
"2016-11-21 14:33:39ID: BB  Data: 00 00 00 AA F5 24 76 C4 
"
"2016-11-21 14:33:39ID: BC  Data: 00 00 00 AA 0A DB 89 3C 
"
"2016-11-21 14:33:39ID: BB  Data: 00 00 00 AA F5 34 40 A3 
"
"2016-11-21 14:33:39ID: BC  Data: 00 00 00 AA 0A CB BF 5D 
"
"2016-11-21 14:33:39ID: BB  Data: 00 00 00 AA F5 57 C6 D7 
"
"2016-11-21 14:33:39ID: BC  Data: 00 00 00 AA 0A A8 39 29 
"
"2016-11-21 14:33:39ID: BB  Data: 00 00 00 AA F5 63 9E 3D 
"
"2016-11-21 14:33:39ID: BB  Data: 00 00 00 AA F5 66 3F E2 
"
"2016-11-21 14:33:39ID: BC  Data: 00 00 00 AA 0A 99 C0 1E 
"
"2016-11-21 14:33:39ID: BB  Data: 00 00 00 AA F5 8F 09 60 
"
"2016-11-21 14:33:39ID: BC  Data: 00 00 00 AA 0A 70 F6 A0 
"
"2016-11-21 14:33:39ID: BB  Data: 00 00 00 AA F5 A9 59 D3 
"
"2016-11-21 14:33:39ID: BC  Data: 00 00 00 AA 0A 56 A6 2D 
"
"2016-11-21 14:33:40ID: BB  Data: 00 00 00 AA F5 B1 3E C2 
"
"2016-11-21 14:33:40ID: BC  Data: 00 00 00 AA 0A 4E C1 3E 
"
"2016-11-21 14:33:40ID: BB  Data: 00 00 00 AA F5 B7 D2 DE 
"
"2016-11-21 14:33:40ID: BC  Data: 00 00 00 AA 0A 48 2D 22 
"
"2016-11-21 14:33:40ID: BB  Data: 00 00 00 AA F5 DA 08 40 
"
"2016-11-21 14:33:40ID: BC  Data: 00 00 00 AA 0A 25 F7 C0 
"
"2016-11-21 14:33:40ID: BB  Data: 00 00 00 AA F6 81 20 AF 
"
"2016-11-21 14:33:40ID: BC  Data: 00 00 00 AA 09 7E DF 51 
"
"2016-11-21 14:33:40ID: BB  Data: 00 00 00 AA F8 79 0B A3 
"
"2016-11-21 14:33:40ID: BC  Data: 00 00 00 AA 07 86 F4 5D 
"
"2016-11-21 14:33:40ID: BB  Data: 00 00 00 AA FA F3 38 00 
"
"2016-11-21 14:33:40ID: BC  Data: 00 00 00 AA 05 0C C8 00 
"
"2016-11-21 14:33:40ID: BB  Data: 00 00 00 AA FB CD A0 82 
"
"2016-11-21 14:33:40ID: BC  Data: 00 00 00 AA 04 32 5F 7E 
"
"2016-11-21 14:33:40ID: BB  Data: 00 00 00 AA FB E5 4F 4F 
"
"2016-11-21 14:33:40ID: BC  Data: 00 00 00 AA 04 1A B0 B1 
"
"2016-11-21 14:33:40ID: BB  Data: 00 00 00 AA FC 28 69 40 
"
"2016-11-21 14:33:40ID: BC  Data: 00 00 00 AA 03 D7 96 C0 
"
"2016-11-21 14:33:40ID: BB  Data: 00 00 00 AA FD 4C 7F CE 
"
"2016-11-21 14:33:40ID: BC  Data: 00 00 00 AA 02 B3 80 32 
"
"2016-11-21 14:33:40ID: BB  Data: 00 00 00 AA 00 00 00 00 
"
"2016-11-21 14:33:40ID: BC  Data: 00 00 00 AA 00 00 00 00 
"
"2016-11-21 14:33:41ID: BB  Data: 00 00 00 AA 00 00 00 00 
"
"2016-11-21 14:33:41ID: BC  Data: 00 00 00 AA 00 00 00 00 
"
"2016-11-21 14:33:41ID: BB  Data: 00 00 00 AA 00 00 00 00 
"
"2016-11-21 14:33:41ID: BC  Data: 00 00 00 AA 00 00 00 00 
"
"2016-11-21 14:33:41ID: BB  Data: 00 00 00 AA 00 00 00 00 
"
"2016-11-21 14:33:41ID: BC  Data: 00 00 00 AA 00 00 00 00 
"
"2016-11-21 14:33:41ID: BB  Data: 00 00 00 AA 00 00 00 00 
"
"2016-11-21 14:33:41ID: BC  Data: 00 00 00 AA 00 00 00 00 
"
"2016-11-21 14:33:41ID: BB  Data: 00 00 00 AA 00 00 00 00 
"
"2016-11-21 14:33:41ID: BC  Data: 00 00 00 AA 00 00 00 00 
"
"2016-11-21 14:33:41ID: BB  Data: 00 00 00 AA 00 00 00 00 
"
"2016-11-21 14:33:41ID: BC  Data: 00 00 00 AA 00 00 00 00 
"
"2016-11-21 14:33:41ID: BB  Data: 00 00 00 AA 00 00 00 00 
"
"2016-11-21 14:33:41ID: BC  Data: 00 00 00 AA 00 00 00 00 
"
"2016-11-21 14:33:41ID: BB  Data: 00 00 00 AA 00 00 00 00 
"
"2016-11-21 14:33:41ID: BC  Data: 00 00 00 AA 00 00 00 00 
"
"2016-11-21 14:33:41ID: BB  Data: 00 00 00 AA 00 00 00 00 
"
"2016-11-21 14:33:41ID: BC  Data: 00 00 00 AA 00 00 00 00 
"
"2016-11-21 14:33:41ID: BB  Data: 00 00 00 AA 00 00 00 00 
"
"2016-11-21 14:33:41ID: BC  Data: 00 00 00 AA 00 00 00 00 
"
"2016-11-21 14:33:41ID: BB  Data: 00 00 00 AA 00 00 00 00 
"
"2016-11-21 14:33:41ID: BC  Data: 00 00 00 AA 00 00 00 00 
"
"2016-11-21 14:33:41ID: BB  Data: 00 00 00 AA 00 00 00 00 
"
"2016-11-21 14:33:41ID: BC  Data: 00 00 00 AA 00 00 00 00 
"
"2016-11-21 14:33:42ID: BB  Data: 00 00 00 AA 00 00 00 00 
"
"2016-11-21 14:33:42ID: BC  Data: 00 00 00 AA 00 00 00 00 
"
"2016-11-21 14:33:42ID: BB  Data: 00 00 00 AA 00 00 00 00 
"
"2016-11-21 14:33:42ID: BC  Data: 00 00 00 AA 00 00 00 00 
"
"2016-11-21 14:33:42ID: BB  Data: 00 00 00 AA 00 00 00 00 
"
"2016-11-21 14:33:42ID: BC  Data: 00 00 00 AA 00 00 00 00 
"
"2016-11-21 14:33:42ID: BB  Data: 00 00 00 AA 00 00 00 00 
"
"2016-11-21 14:33:42ID: BC  Data: 00 00 00 AA 00 00 00 00 
"
"2016-11-21 14:33:42ID: BB  Data: 00 00 00 AA 00 00 00 00 
"
"2016-11-21 14:33:42ID: BC  Data: 00 00 00 AA 00 00 00 00 
"
"2016-11-21 14:33:42ID: BB  Data: 00 00 00 AA 00 00 00 00 
"
"2016-11-21 14:33:42ID: BC  Data: 00 00 00 AA 00 00 00 00 
"
"2016-11-21 14:33:42ID: BB  Data: 00 00 00 AA 00 00 00 00 
"
"2016-11-21 14:33:42ID: BC  Data: 00 00 00 AA 00 00 00 00 
"
"2016-11-21 14:33:42ID: BB  Data: 00 00 00 AA 00 00 00 00 
"
"2016-11-21 14:33:42ID: BC  Data: 00 00 00 AA 00 00 00 00 
"
"2016-11-21 14:33:42ID: BB  Data: 00 00 00 AA 00 00 00 00 
"
"2016-11-21 14:33:42ID: BC  Data: 00 00 00 AA 00 00 00 00 
"
"2016-11-21 14:33:42ID: BB  Data: 00 00 00 AA 00 00 00 00 
"
"2016-11-21 14:33:42ID: BC  Data: 00 00 00 AA 00 00 00 00 
"
"2016-11-21 14:33:42ID: BB  Data: 00 00 00 AA 00 00 00 00 
"
"2016-11-21 14:33:42ID: BC  Data: 00 00 00 AA 00 00 00 00 
"
"2016-11-21 14:33:43ID: BB  Data: 00 00 00 AA 00 00 00 00 
"
"2016-11-21 14:33:43ID: BC  Data: 00 00 00 AA 00 00 00 00 
"
"2016-11-21 14:33:43ID: BB  Data: 00 00 00 AA 00 00 00 00 
"
"2016-11-21 14:33:43ID: BC  Data: 00 00 00 AA 00 00 00 00 
"
"2016-11-21 14:33:43ID: BB  Data: 00 00 00 AA 00 00 00 00 
"
"2016-11-21 14:33:43ID: BC  Data: 00 00 00 AA 00 00 00 00 
"
"2016-11-21 14:33:43ID: BB  Data: 00 00 00 AA 00 00 00 00 
"
"2016-11-21 14:33:43ID: BC  Data: 00 00 00 AA 00 00 00 00 
"
"2016-11-21 14:33:43ID: BB  Data: 00 00 00 AA 00 00 00 00 
"
"2016-11-21 14:33:43ID: BC  Data: 00 00 00 AA 00 00 00 00 
"
"2016-11-21 14:33:43ID: BB  Data: 00 00 00 AA 00 00 00 00 
"
"2016-11-21 14:33:43ID: BC  Data: 00 00 00 AA 00 00 00 00 
"
"2016-11-21 14:33:43ID: BB  Data: 00 00 00 AA 00 00 00 00 
"
"2016-11-21 14:33:43ID: BC  Data: 00 00 00 AA 00 00 00 00 
"
"2016-11-21 14:33:43ID: BB  Data: 00 00 00 AA 00 00 00 00 
"
"2016-11-21 14:33:43ID: BC  Data: 00 00 00 AA 00 00 00 00 
"
"2016-11-21 14:33:43ID: BB  Data: 00 00 00 AA 00 00 00 00 
"
"2016-11-21 14:33:43ID: BC  Data: 00 00 00 AA 00 00 00 00 
"
"2016-11-21 14:33:43ID: BB  Data: 00 00 00 AA 00 00 00 00 
"
"2016-11-21 14:33:43ID: BC  Data: 00 00 00 AA 00 00 00 00 
"
"2016-11-21 14:33:43ID: BB  Data: 00 00 00 AA FD F0 F6 99 
"
"2016-11-21 14:33:43ID: BC  Data: 00 00 00 AA 02 0F 09 67 
"
"2016-11-21 14:33:44ID: BB  Data: 00 00 00 AA FC A0 24 15 
"
"2016-11-21 14:33:44ID: BC  Data: 00 00 00 AA 03 5F DB EB 
"
"2016-11-21 14:33:44ID: BB  Data: 00 00 00 AA FC 13 5C 17 
"
"2016-11-21 14:33:44ID: BC  Data: 00 00 00 AA 03 EC A3 E9 
"
"2016-11-21 14:33:44ID: BB  Data: 00 00 00 AA FB 2B CB 5C 
"
"2016-11-21 14:33:44ID: BC  Data: 00 00 00 AA 04 D4 34 A4 
"
"2016-11-21 14:33:44ID: BB  Data: 00 00 00 AA F9 AF 8D B5 
"
"2016-11-21 14:33:44ID: BC  Data: 00 00 00 AA 06 50 72 4B 
"
"2016-11-21 14:33:44ID: BB  Data: 00 00 00 AA F9 26 B8 2F 
"
"2016-11-21 14:33:44ID: BC  Data: 00 00 00 AA 06 D9 47 D1 
"
"2016-11-21 14:33:44ID: BB  Data: 00 00 00 AA F9 09 C6 18 
"
"2016-11-21 14:33:44ID: BC  Data: 00 00 00 AA 06 F6 39 E8 
"
"2016-11-21 14:33:44ID: BB  Data: 00 00 00 AA F8 BE C7 39 
"
"2016-11-21 14:33:44ID: BC  Data: 00 00 00 AA 07 41 38 C7 
"
"2016-11-21 14:33:44ID: BB  Data: 00 00 00 AA F8 65 4F 4D 
"
"2016-11-21 14:33:44ID: BC  Data: 00 00 00 AA 07 9A B0 B3 
"
"2016-11-21 14:33:44ID: BB  Data: 00 00 00 AA F7 A5 37 3E 
"
"2016-11-21 14:33:44ID: BC  Data: 00 00 00 AA 08 5A C8 C2 
"
"2016-11-21 14:33:44ID: BB  Data: 00 00 00 AA F7 77 2A 76 
"
"2016-11-21 14:33:44ID: BC  Data: 00 00 00 AA 08 88 D5 8A 
"
"2016-11-21 14:33:44ID: BB  Data: 00 00 00 AA F7 75 D9 A3 
"
"2016-11-21 14:33:44ID: BC  Data: 00 00 00 AA 08 8A 26 5D 
"
"2016-11-21 14:33:44ID: BB  Data: 00 00 00 AA F7 70 96 59 
"
"2016-11-21 14:33:44ID: BC  Data: 00 00 00 AA 08 8F 69 A7 
"
"2016-11-21 14:33:45ID: BB  Data: 00 00 00 AA F7 6A 02 3D 
"
"2016-11-21 14:33:45ID: BC  Data: 00 00 00 AA 08 95 FD C3 
"
"2016-11-21 14:33:45ID: BB  Data: 00 00 00 AA F7 6B 53 0F 
"
"2016-11-21 14:33:45ID: BC  Data: 00 00 00 AA 08 94 AC F1 
"
"2016-11-21 14:33:45ID: BB  Data: 00 00 00 AA F7 73 37 FE 
"
"2016-11-21 14:33:45ID: BC  Data: 00 00 00 AA 08 8C C8 02 
"
"2016-11-21 14:33:45ID: BB  Data: 00 00 00 AA F7 88 45 27 
"
"2016-11-21 14:33:45ID: BC  Data: 00 00 00 AA 08 77 BA D9 
"
"2016-11-21 14:33:45ID: BB  Data: 00 00 00 AA F7 8E D9 43 
"
"2016-11-21 14:33:45ID: BC  Data: 00 00 00 AA 08 71 26 BD 
"
"2016-11-21 14:33:45ID: BB  Data: 00 00 00 AA F7 89 95 F9 
"
"2016-11-21 14:33:45ID: BC  Data: 00 00 00 AA 08 76 6A 07 
"
"2016-11-21 14:33:45ID: BB  Data: 00 00 00 AA F7 81 B1 0A 
"
"2016-11-21 14:33:45ID: BC  Data: 00 00 00 AA 08 7E 4E F6 
"
"2016-11-21 14:33:45ID: BB  Data: 00 00 00 AA F7 83 01 DD 
"
"2016-11-21 14:33:45ID: BC  Data: 00 00 00 AA 08 7C FE 23 
"
"2016-11-21 14:33:45ID: BB  Data: 00 00 00 AA F7 84 52 AF 
"
"2016-11-21 14:33:45ID: BC  Data: 00 00 00 AA 08 7B AD 51 
"
"2016-11-21 14:33:45ID: BB  Data: 00 00 00 AA F7 81 B1 0A 
"
"2016-11-21 14:33:45ID: BC  Data: 00 00 00 AA 08 7E 4E F6 
"
"2016-11-21 14:33:45ID: BB  Data: 00 00 00 AA F7 80 60 38 
"
"2016-11-21 14:33:45ID: BC  Data: 00 00 00 AA 08 7F 9F C8 
"
"2016-11-21 14:33:46ID: BB  Data: 00 00 00 AA F7 77 2A 76 
"
"2016-11-21 14:33:46ID: BC  Data: 00 00 00 AA 08 88 D5 8A 
"
"2016-11-21 14:33:46ID: BB  Data: 00 00 00 AA F7 66 0F C5 
"
"2016-11-21 14:33:46ID: BC  Data: 00 00 00 AA 08 99 F0 3B 
"
"2016-11-21 14:33:46ID: BB  Data: 00 00 00 AA F7 5F 7B A9 
"
"2016-11-21 14:33:46ID: BC  Data: 00 00 00 AA 08 A0 84 57 
"
"2016-11-21 14:33:46ID: BB  Data: 00 00 00 AA F7 63 6E 20 
"
"2016-11-21 14:33:46ID: BC  Data: 00 00 00 AA 08 9C 91 E0 
"
"2016-11-21 14:33:46ID: BB  Data: 00 00 00 AA F7 64 BE F3 
"
"2016-11-21 14:33:46ID: BC  Data: 00 00 00 AA 08 9B 41 0D 
"
"2016-11-21 14:33:46ID: BB  Data: 00 00 00 AA F7 64 BE F3 
"
"2016-11-21 14:33:46ID: BC  Data: 00 00 00 AA 08 9B 41 0D 
"
"2016-11-21 14:33:46ID: BB  Data: 00 00 00 AA F7 63 6E 20 
"
"2016-11-21 14:33:46ID: BC  Data: 00 00 00 AA 08 9C 91 E0 
"
"2016-11-21 14:33:46ID: BB  Data: 00 00 00 AA F7 63 6E 20 
"
"2016-11-21 14:33:46ID: BC  Data: 00 00 00 AA 08 9C 91 E0 
"
"2016-11-21 14:33:46ID: BB  Data: 00 00 00 AA F7 62 1D 4E 
"
"2016-11-21 14:33:46ID: BC  Data: 00 00 00 AA 08 9D E2 B2 
"
"2016-11-21 14:33:46ID: BB  Data: 00 00 00 AA F7 64 BE F3 
"
"2016-11-21 14:33:46ID: BC  Data: 00 00 00 AA 08 9B 41 0D 
"
"2016-11-21 14:33:46ID: BB  Data: 00 00 00 AA F7 66 0F C5 
"
"2016-11-21 14:33:46ID: BC  Data: 00 00 00 AA 08 99 F0 3B 
"
"2016-11-21 14:33:46ID: BB  Data: 00 00 00 AA F7 66 0F C5 
"
"2016-11-21 14:33:47ID: BC  Data: 00 00 00 AA 08 99 F0 3B 
"
"2016-11-21 14:33:47ID: BB  Data: 00 00 00 AA F7 64 BE F3 
"
"2016-11-21 14:33:47ID: BC  Data: 00 00 00 AA 08 9B 41 0D 
"
"2016-11-21 14:33:47ID: BB  Data: 00 00 00 AA F7 67 60 98 
"
"2016-11-21 14:33:47ID: BC  Data: 00 00 00 AA 08 98 9F 68 
"
"2016-11-21 14:33:47ID: BB  Data: 00 00 00 AA F7 67 60 98 
"
"2016-11-21 14:33:47ID: BC  Data: 00 00 00 AA 08 98 9F 68 
"
"2016-11-21 14:33:47ID: BB  Data: 00 00 00 AA F7 6C A3 E2 
"
"2016-11-21 14:33:47ID: BC  Data: 00 00 00 AA 08 93 5C 1E 
"
"2016-11-21 14:33:47ID: BB  Data: 00 00 00 AA F7 6A 02 3D 
"
"2016-11-21 14:33:47ID: BC  Data: 00 00 00 AA 08 95 FD C3 
"
"2016-11-21 14:33:47ID: BB  Data: 00 00 00 AA F7 6B 53 0F 
"
"2016-11-21 14:33:47ID: BC  Data: 00 00 00 AA 08 94 AC F1 
"
"2016-11-21 14:33:47ID: BB  Data: 00 00 00 AA F7 6F 45 87 
"
"2016-11-21 14:33:47ID: BC  Data: 00 00 00 AA 08 90 BA 79 
"
"2016-11-21 14:33:47ID: BB  Data: 00 00 00 AA F7 6F 45 87 
"
"2016-11-21 14:33:47ID: BC  Data: 00 00 00 AA 08 90 BA 79 
"
"2016-11-21 14:33:47ID: BB  Data: 00 00 00 AA F7 70 96 59 
"
"2016-11-21 14:33:47ID: BC  Data: 00 00 00 AA 08 8F 69 A7 
"
"2016-11-21 14:33:47ID: BB  Data: 00 00 00 AA F7 70 96 59 
"
"2016-11-21 14:33:47ID: BC  Data: 00 00 00 AA 08 8F 69 A7 
"
"2016-11-21 14:33:47ID: BB  Data: 00 00 00 AA F7 79 CC 1B 
"
"2016-11-21 14:33:47ID: BC  Data: 00 00 00 AA 08 86 33 E5 
"
"2016-11-21 14:33:48ID: BB  Data: 00 00 00 AA F7 7C 6D C0 
"
"2016-11-21 14:33:48ID: BC  Data: 00 00 00 AA 08 83 92 40 
"
"2016-11-21 14:33:48ID: BB  Data: 00 00 00 AA F7 85 A3 82 
"
"2016-11-21 14:33:48ID: BC  Data: 00 00 00 AA 08 7A 5C 7E 
"
"2016-11-21 14:33:48ID: BB  Data: 00 00 00 AA F7 D4 94 D9 
"
"2016-11-21 14:33:48ID: BC  Data: 00 00 00 AA 08 2B 6B 27 
"
"2016-11-21 14:33:48ID: BB  Data: 00 00 00 AA F8 9D E2 AA 
"
"2016-11-21 14:33:48ID: BC  Data: 00 00 00 AA 07 62 1D 56 
"
"2016-11-21 14:33:48ID: BB  Data: 00 00 00 AA F9 4B 8F 36 
"
"2016-11-21 14:33:48ID: BC  Data: 00 00 00 AA 06 B4 70 CA 
"
"2016-11-21 14:33:48ID: BB  Data: 00 00 00 AA F9 B2 2F 5A 
"
"2016-11-21 14:33:48ID: BC  Data: 00 00 00 AA 06 4D D0 A6 
"
"2016-11-21 14:33:48ID: BB  Data: 00 00 00 AA FA 52 B3 AD 
"
"2016-11-21 14:33:48ID: BC  Data: 00 00 00 AA 05 AD 4C 53 
"
"2016-11-21 14:33:48ID: BB  Data: 00 00 00 AA FA 82 11 48 
"
"2016-11-21 14:33:48ID: BC  Data: 00 00 00 AA 05 7D EE B8 
"
"2016-11-21 14:33:48ID: BB  Data: 00 00 00 AA FA 82 11 48 
"
"2016-11-21 14:33:48ID: BC  Data: 00 00 00 AA 05 7D EE B8 
"
"2016-11-21 14:33:48ID: BB  Data: 00 00 00 AA FA 87 54 92 
"
"2016-11-21 14:33:48ID: BC  Data: 00 00 00 AA 05 78 AB 6E 
"
"2016-11-21 14:33:48ID: BB  Data: 00 00 00 AA FD 21 14 AB 
"
"2016-11-21 14:33:48ID: BC  Data: 00 00 00 AA 02 DE EB 55 
"
"2016-11-21 14:33:49ID: BB  Data: 00 00 00 AA 00 00 00 00 
"
"2016-11-21 14:33:49ID: BC  Data: 00 00 00 AA 00 00 00 00 
"
"2016-11-21 14:33:49ID: BB  Data: 00 00 00 AA 00 00 00 00 
"
"2016-11-21 14:33:49ID: BC  Data: 00 00 00 AA 00 00 00 00 
"
"2016-11-21 14:33:49ID: BB  Data: 00 00 00 AA 00 00 00 00 
"
"2016-11-21 14:33:49ID: BC  Data: 00 00 00 AA 00 00 00 00 
"
"2016-11-21 14:33:49ID: BB  Data: 00 00 00 AA 00 00 00 00 
"
"2016-11-21 14:33:49ID: BC  Data: 00 00 00 AA 00 00 00 00 
"
"2016-11-21 14:33:49ID: BB  Data: 00 00 00 AA 00 00 00 00 
"
"2016-11-21 14:33:49ID: BC  Data: 00 00 00 AA 00 00 00 00 
"
"2016-11-21 14:33:49ID: BB  Data: 00 00 00 AA 00 00 00 00 
"
"2016-11-21 14:33:49ID: BC  Data: 00 00 00 AA 00 00 00 00 
"
"2016-11-21 14:33:49ID: BB  Data: 00 00 00 AA 00 00 00 00 
"
"2016-11-21 14:33:49ID: BC  Data: 00 00 00 AA 00 00 00 00 
"
"2016-11-21 14:33:49ID: BB  Data: 00 00 00 AA 00 00 00 00 
"
"2016-11-21 14:33:49ID: BC  Data: 00 00 00 AA 00 00 00 00 
"
"2016-11-21 14:33:49ID: BB  Data: 00 00 00 AA 00 00 00 00 
"
"2016-11-21 14:33:49ID: BC  Data: 00 00 00 AA 00 00 00 00 
"
"2016-11-21 14:33:49ID: BB  Data: 00 00 00 AA 00 00 00 00 
"
"2016-11-21 14:33:49ID: BC  Data: 00 00 00 AA 00 00 00 00 
"
"2016-11-21 14:33:49ID: BB  Data: 00 00 00 AA 00 00 00 00 
"
"2016-11-21 14:33:49ID: BC  Data: 00 00 00 AA 00 00 00 00 
"
"2016-11-21 14:33:49ID: BB  Data: 00 00 00 AA 00 00 00 00 
"
"2016-11-21 14:33:49ID: BC  Data: 00 00 00 AA 00 00 00 00 
"
"2016-11-21 14:33:50ID: BB  Data: 00 00 00 AA 00 00 00 00 
"
"2016-11-21 14:33:50ID: BC  Data: 00 00 00 AA 00 00 00 00 
"
"2016-11-21 14:33:50ID: BB  Data: 00 00 00 AA 00 00 00 00 
"
"2016-11-21 14:33:50ID: BC  Data: 00 00 00 AA 00 00 00 00 
"
"2016-11-21 14:33:50ID: BB  Data: 00 00 00 AA 00 00 00 00 
"
"2016-11-21 14:33:50ID: BC  Data: 00 00 00 AA 00 00 00 00 
"
"2016-11-21 14:33:50ID: BB  Data: 00 00 00 AA 00 00 00 00 
"
"2016-11-21 14:33:50ID: BC  Data: 00 00 00 AA 00 00 00 00 
"
"2016-11-21 14:33:50ID: BB  Data: 00 00 00 AA 00 00 00 00 
"
"2016-11-21 14:33:50ID: BC  Data: 00 00 00 AA 00 00 00 00 
"
"2016-11-21 14:33:50ID: BB  Data: 00 00 00 AA 00 00 00 00 
"
"2016-11-21 14:33:50ID: BC  Data: 00 00 00 AA 00 00 00 00 
"
"2016-11-21 14:33:50ID: BB  Data: 00 00 00 AA 00 00 00 00 
"
"2016-11-21 14:33:50ID: BC  Data: 00 00 00 AA 00 00 00 00 
"
"2016-11-21 14:33:50ID: BB  Data: 00 00 00 AA 00 00 00 00 
"
"2016-11-21 14:33:50ID: BC  Data: 00 00 00 AA 00 00 00 00 
"
"2016-11-21 14:33:50ID: BB  Data: 00 00 00 AA 00 00 00 00 
"
"2016-11-21 14:33:50ID: BC  Data: 00 00 00 AA 00 00 00 00 
"
"2016-11-21 14:33:50ID: BB  Data: 00 00 00 AA 00 00 00 00 
"
"2016-11-21 14:33:50ID: BC  Data: 00 00 00 AA 00 00 00 00 
"
"2016-11-21 14:33:50ID: BB  Data: 00 00 00 AA 00 00 00 00 
"
"2016-11-21 14:33:50ID: BC  Data: 00 00 00 AA 00 00 00 00 
"
"2016-11-21 14:33:51ID: BB  Data: 00 00 00 AA 00 00 00 00 
"
"2016-11-21 14:33:51ID: BC  Data: 00 00 00 AA 00 00 00 00 
"
"2016-11-21 14:33:51ID: BB  Data: 00 00 00 AA 00 00 00 00 
"
"2016-11-21 14:33:51ID: BC  Data: 00 00 00 AA 00 00 00 00 
"
"2016-11-21 14:33:51ID: BB  Data: 00 00 00 AA 00 00 00 00 
"
"2016-11-21 14:33:51ID: BC  Data: 00 00 00 AA 00 00 00 00 
"
"2016-11-21 14:33:51ID: BB  Data: 00 00 00 AA 00 00 00 00 
"
"2016-11-21 14:33:51ID: BC  Data: 00 00 00 AA 00 00 00 00 
"
"2016-11-21 14:33:51ID: BB  Data: 00 00 00 AA 00 00 00 00 
"
"2016-11-21 14:33:51ID: BC  Data: 00 00 00 AA 00 00 00 00 
"
"2016-11-21 14:33:51ID: BB  Data: 00 00 00 AA 00 00 00 00 
"
"2016-11-21 14:33:51ID: BC  Data: 00 00 00 AA 00 00 00 00 
"
"2016-11-21 14:33:51ID: BB  Data: 00 00 00 AA 00 00 00 00 
"
"2016-11-21 14:33:51ID: BC  Data: 00 00 00 AA 00 00 00 00 
"
"2016-11-21 14:33:51ID: BB  Data: 00 00 00 AA 00 00 00 00 
"
"2016-11-21 14:33:51ID: BC  Data: 00 00 00 AA 00 00 00 00 
"
"2016-11-21 14:33:51ID: BB  Data: 00 00 00 AA 00 00 00 00 
"
"2016-11-21 14:33:51ID: BC  Data: 00 00 00 AA 00 00 00 00 
"
"2016-11-21 14:33:51ID: BB  Data: 00 00 00 AA 00 00 00 00 
"
"2016-11-21 14:33:51ID: BC  Data: 00 00 00 AA 00 00 00 00 
"
"2016-11-21 14:33:51ID: BB  Data: 00 00 00 AA 00 00 00 00 
"
"2016-11-21 14:33:51ID: BC  Data: 00 00 00 AA 00 00 00 00 
"
"2016-11-21 14:33:52ID: BB  Data: 00 00 00 AA 00 00 00 00 
"
"2016-11-21 14:33:52ID: BC  Data: 00 00 00 AA 00 00 00 00 
"
"2016-11-21 14:33:52ID: BB  Data: 00 00 00 AA 00 00 00 00 
"
"2016-11-21 14:33:52ID: BC  Data: 00 00 00 AA 00 00 00 00 
"
"2016-11-21 14:33:52ID: BB  Data: 00 00 00 AA 00 00 00 00 
"
"2016-11-21 14:33:52ID: BC  Data: 00 00 00 AA 00 00 00 00 
"
"2016-11-21 14:33:52ID: BB  Data: 00 00 00 AA 00 00 00 00 
"
"2016-11-21 14:33:52ID: BC  Data: 00 00 00 AA 00 00 00 00 
"
"2016-11-21 14:33:52ID: BB  Data: 00 00 00 AA 00 00 00 00 
"
"2016-11-21 14:33:52ID: BC  Data: 00 00 00 AA 00 00 00 00 
"
"2016-11-21 14:33:52ID: BB  Data: 00 00 00 AA 00 00 00 00 
"
"2016-11-21 14:33:52ID: BC  Data: 00 00 00 AA 00 00 00 00 
"
"2016-11-21 14:33:52ID: BB  Data: 00 00 00 AA 00 00 00 00 
"
"2016-11-21 14:33:52ID: BC  Data: 00 00 00 AA 00 00 00 00 
"
"2016-11-21 14:33:52ID: BB  Data: 00 00 00 AA 00 00 00 00 
"
"2016-11-21 14:33:52ID: BC  Data: 00 00 00 AA 00 00 00 00 
"
"2016-11-21 14:33:52ID: BB  Data: 00 00 00 AA 00 00 00 00 
"
"2016-11-21 14:33:52ID: BC  Data: 00 00 00 AA 00 00 00 00 
"
"2016-11-21 14:33:52ID: BB  Data: 00 00 00 AA 00 00 00 00 
"
"2016-11-21 14:33:52ID: BC  Data: 00 00 00 AA 00 00 00 00 
"
"2016-11-21 14:33:52ID: BB  Data: 00 00 00 AA 00 00 00 00 
"
"2016-11-21 14:33:52ID: BC  Data: 00 00 00 AA 00 00 00 00 
"
"2016-11-21 14:33:52ID: BB  Data: 00 00 00 AA 00 00 00 00 
"
"2016-11-21 14:33:52ID: BC  Data: 00 00 00 AA 00 00 00 00 
"
"2016-11-21 14:33:53ID: BB  Data: 00 00 00 AA 00 00 00 00 
"
"2016-11-21 14:33:53ID: BC  Data: 00 00 00 AA 00 00 00 00 
"
"2016-11-21 14:33:53ID: BB  Data: 00 00 00 AA 00 00 00 00 
"
"2016-11-21 14:33:53ID: BC  Data: 00 00 00 AA 00 00 00 00 
"
"2016-11-21 14:33:53ID: BB  Data: 00 00 00 AA 00 00 00 00 
"
"2016-11-21 14:33:53ID: BC  Data: 00 00 00 AA 00 00 00 00 
"
"2016-11-21 14:33:53ID: BB  Data: 00 00 00 AA 00 00 00 00 
"
"2016-11-21 14:33:53ID: BC  Data: 00 00 00 AA 00 00 00 00 
"
"2016-11-21 14:33:53ID: BB  Data: 00 00 00 AA 00 00 00 00 
"
"2016-11-21 14:33:53ID: BC  Data: 00 00 00 AA 00 00 00 00 
"
"2016-11-21 14:33:53ID: BB  Data: 00 00 00 AA 00 00 00 00 
"
"2016-11-21 14:33:53ID: BC  Data: 00 00 00 AA 00 00 00 00 
"
"2016-11-21 14:33:53ID: BB  Data: 00 00 00 AA 00 00 00 00 
"
"2016-11-21 14:33:53ID: BC  Data: 00 00 00 AA 00 00 00 00 
"
"2016-11-21 14:33:53ID: BB  Data: 00 00 00 AA 00 00 00 00 
"
"2016-11-21 14:33:53ID: BC  Data: 00 00 00 AA 00 00 00 00 
"
"2016-11-21 14:33:53ID: BB  Data: 00 00 00 AA 00 00 00 00 
"
"2016-11-21 14:33:53ID: BC  Data: 00 00 00 AA 00 00 00 00 
"
"2016-11-21 14:33:53ID: BB  Data: 00 00 00 AA 00 00 00 00 
"
"2016-11-21 14:33:53ID: BC  Data: 00 00 00 AA 00 00 00 00 
"
"2016-11-21 14:33:53ID: BB  Data: 00 00 00 AA 00 00 00 00 
"
"2016-11-21 14:33:53ID: BC  Data: 00 00 00 AA 00 00 00 00 
"
"2016-11-21 14:33:54ID: BB  Data: 00 00 00 AA 00 00 00 00 
"
"2016-11-21 14:33:54ID: BC  Data: 00 00 00 AA 00 00 00 00 
"
"2016-11-21 14:33:54ID: BB  Data: 00 00 00 AA 00 00 00 00 
"
"2016-11-21 14:33:54ID: BC  Data: 00 00 00 AA 00 00 00 00 
"
"2016-11-21 14:33:54ID: BB  Data: 00 00 00 AA 00 00 00 00 
"
"2016-11-21 14:33:54ID: BC  Data: 00 00 00 AA 00 00 00 00 
"
"2016-11-21 14:33:54ID: BB  Data: 00 00 00 AA 00 00 00 00 
"
"2016-11-21 14:33:54ID: BC  Data: 00 00 00 AA 00 00 00 00 
"
"2016-11-21 14:33:54ID: BB  Data: 00 00 00 AA 00 00 00 00 
"
"2016-11-21 14:33:54ID: BC  Data: 00 00 00 AA 00 00 00 00 
"
"2016-11-21 14:33:54ID: BB  Data: 00 00 00 AA 00 00 00 00 
"
"2016-11-21 14:33:54ID: BC  Data: 00 00 00 AA 00 00 00 00 
"
"2016-11-21 14:33:54ID: BB  Data: 00 00 00 AA 00 00 00 00 
"
"2016-11-21 14:33:54ID: BC  Data: 00 00 00 AA 00 00 00 00 
"
"2016-11-21 14:33:54ID: BB  Data: 00 00 00 AA 00 00 00 00 
"
"2016-11-21 14:33:54ID: BC  Data: 00 00 00 AA 00 00 00 00 
"
"2016-11-21 14:33:54ID: BB  Data: 00 00 00 AA 00 00 00 00 
"
"2016-11-21 14:33:54ID: BC  Data: 00 00 00 AA 00 00 00 00 
"
"2016-11-21 14:33:54ID: BB  Data: 00 00 00 AA 00 00 00 00 
"
"2016-11-21 14:33:54ID: BC  Data: 00 00 00 AA 00 00 00 00 
"
"2016-11-21 14:33:54ID: BB  Data: 00 00 00 AA 00 00 00 00 
"
"2016-11-21 14:33:54ID: BC  Data: 00 00 00 AA 00 00 00 00 
"
"2016-11-21 14:33:54ID: BB  Data: 00 00 00 AA 00 00 00 00 
"
"2016-11-21 14:33:55ID: BC  Data: 00 00 00 AA 00 00 00 00 
"
"2016-11-21 14:33:55ID: BB  Data: 00 00 00 AA 00 00 00 00 
"
"2016-11-21 14:33:55ID: BC  Data: 00 00 00 AA 00 00 00 00 
"
"2016-11-21 14:33:55ID: BB  Data: 00 00 00 AA 00 00 00 00 
"
"2016-11-21 14:33:55ID: BC  Data: 00 00 00 AA 00 00 00 00 
"
"2016-11-21 14:33:55ID: BB  Data: 00 00 00 AA 00 00 00 00 
"
"2016-11-21 14:33:55ID: BC  Data: 00 00 00 AA 00 00 00 00 
"
"2016-11-21 14:33:55ID: BB  Data: 00 00 00 AA 00 00 00 00 
"
"2016-11-21 14:33:55ID: BC  Data: 00 00 00 AA 00 00 00 00 
"
"2016-11-21 14:33:55ID: BB  Data: 00 00 00 AA 00 00 00 00 
"
"2016-11-21 14:33:55ID: BC  Data: 00 00 00 AA 00 00 00 00 
"
"2016-11-21 14:33:55ID: BB  Data: 00 00 00 AA 00 00 00 00 
"
"2016-11-21 14:33:55ID: BC  Data: 00 00 00 AA 00 00 00 00 
"
"2016-11-21 14:33:55ID: BB  Data: 00 00 00 AA 00 00 00 00 
"
"2016-11-21 14:33:55ID: BC  Data: 00 00 00 AA 00 00 00 00 
"
"2016-11-21 14:33:55ID: BB  Data: 00 00 00 AA 00 00 00 00 
"
"2016-11-21 14:33:55ID: BC  Data: 00 00 00 AA 00 00 00 00 
"
"2016-11-21 14:33:55ID: BB  Data: 00 00 00 AA 00 00 00 00 
"
"2016-11-21 14:33:55ID: BC  Data: 00 00 00 AA 00 00 00 00 
"
"2016-11-21 14:33:55ID: BB  Data: 00 00 00 AA 00 00 00 00 
"
"2016-11-21 14:33:55ID: BC  Data: 00 00 00 AA 00 00 00 00 
"
"2016-11-21 14:33:55ID: BB  Data: 00 00 00 AA 00 00 00 00 
"
"2016-11-21 14:33:55ID: BC  Data: 00 00 00 AA 00 00 00 00 
"
"2016-11-21 14:33:56ID: BB  Data: 00 00 00 AA 00 00 00 00 
"
"2016-11-21 14:33:56ID: BC  Data: 00 00 00 AA 00 00 00 00 
"
"2016-11-21 14:33:56ID: BB  Data: 00 00 00 AA 00 00 00 00 
"
"2016-11-21 14:33:56ID: BC  Data: 00 00 00 AA 00 00 00 00 
"
"2016-11-21 14:33:56ID: BB  Data: 00 00 00 AA 00 00 00 00 
"
"2016-11-21 14:33:56ID: BC  Data: 00 00 00 AA 00 00 00 00 
"
"2016-11-21 14:33:56ID: BB  Data: 00 00 00 AA 00 00 00 00 
"
"2016-11-21 14:33:56ID: BC  Data: 00 00 00 AA 00 00 00 00 
"
"2016-11-21 14:33:56ID: BB  Data: 00 00 00 AA 00 00 00 00 
"
"2016-11-21 14:33:56ID: BC  Data: 00 00 00 AA 00 00 00 00 
"
"2016-11-21 14:33:56ID: BB  Data: 00 00 00 AA 00 00 00 00 
"
"2016-11-21 14:33:56ID: BC  Data: 00 00 00 AA 00 00 00 00 
"
"2016-11-21 14:33:56ID: BB  Data: 00 00 00 AA 00 00 00 00 
"
"2016-11-21 14:33:56ID: BC  Data: 00 00 00 AA 00 00 00 00 
"
"2016-11-21 14:33:56ID: BB  Data: 00 00 00 AA 00 00 00 00 
"
"2016-11-21 14:33:56ID: BC  Data: 00 00 00 AA 00 00 00 00 
"
"2016-11-21 14:33:56ID: BB  Data: 00 00 00 AA 00 00 00 00 
"
"2016-11-21 14:33:56ID: BC  Data: 00 00 00 AA 00 00 00 00 
"
"2016-11-21 14:33:56ID: BB  Data: 00 00 00 AA 00 00 00 00 
"
"2016-11-21 14:33:56ID: BC  Data: 00 00 00 AA 00 00 00 00 
"
"2016-11-21 14:33:56ID: BB  Data: 00 00 00 AA 00 00 00 00 
"
"2016-11-21 14:33:56ID: BC  Data: 00 00 00 AA 00 00 00 00 
"
"2016-11-21 14:33:57ID: BB  Data: 00 00 00 AA 00 00 00 00 
"
"2016-11-21 14:33:57ID: BC  Data: 00 00 00 AA 00 00 00 00 
"
"2016-11-21 14:33:57ID: BB  Data: 00 00 00 AA 00 00 00 00 
"
"2016-11-21 14:33:57ID: BC  Data: 00 00 00 AA 00 00 00 00 
"
"2016-11-21 14:33:57ID: BB  Data: 00 00 00 AA 00 00 00 00 
"
"2016-11-21 14:33:57ID: BC  Data: 00 00 00 AA 00 00 00 00 
"
"2016-11-21 14:33:57ID: BB  Data: 00 00 00 AA 00 00 00 00 
"
"2016-11-21 14:33:57ID: BC  Data: 00 00 00 AA 00 00 00 00 
"
"2016-11-21 14:33:57ID: BB  Data: 00 00 00 AA 00 00 00 00 
"
"2016-11-21 14:33:57ID: BC  Data: 00 00 00 AA 00 00 00 00 
"
"2016-11-21 14:33:57ID: BB  Data: 00 00 00 AA 00 00 00 00 
"
"2016-11-21 14:33:57ID: BC  Data: 00 00 00 AA 00 00 00 00 
"
"2016-11-21 14:33:57ID: BB  Data: 00 00 00 AA 00 00 00 00 
"
"2016-11-21 14:33:57ID: BC  Data: 00 00 00 AA 00 00 00 00 
"
"2016-11-21 14:33:57ID: BB  Data: 00 00 00 AA 00 00 00 00 
"
"2016-11-21 14:33:57ID: BC  Data: 00 00 00 AA 00 00 00 00 
"
"2016-11-21 14:33:57ID: BB  Data: 00 00 00 AA 00 00 00 00 
"
"2016-11-21 14:33:57ID: BC  Data: 00 00 00 AA 00 00 00 00 
"
"2016-11-21 14:33:57ID: BB  Data: 00 00 00 AA 00 00 00 00 
"
"2016-11-21 14:33:57ID: BC  Data: 00 00 00 AA 00 00 00 00 
"
"2016-11-21 14:33:57ID: BB  Data: 00 00 00 AA 00 00 00 00 
"
"2016-11-21 14:33:57ID: BC  Data: 00 00 00 AA 00 00 00 00 
"
"2016-11-21 14:33:57ID: BB  Data: 00 00 00 AA 00 00 00 00 
"
"2016-11-21 14:33:57ID: BC  Data: 00 00 00 AA 00 00 00 00 
"
"2016-11-21 14:33:58ID: BB  Data: 00 00 00 AA 00 00 00 00 
"
"2016-11-21 14:33:58ID: BC  Data: 00 00 00 AA 00 00 00 00 
"
"2016-11-21 14:33:58ID: BB  Data: 00 00 00 AA 00 00 00 00 
"
"2016-11-21 14:33:58ID: BC  Data: 00 00 00 AA 00 00 00 00 
"
"2016-11-21 14:33:58ID: BB  Data: 00 00 00 AA 00 00 00 00 
"
"2016-11-21 14:33:58ID: BC  Data: 00 00 00 AA 00 00 00 00 
"
"2016-11-21 14:33:58ID: BB  Data: 00 00 00 AA 00 00 00 00 
"
"2016-11-21 14:33:58ID: BC  Data: 00 00 00 AA 00 00 00 00 
"
"2016-11-21 14:33:58ID: BB  Data: 00 00 00 AA 00 00 00 00 
"
"2016-11-21 14:33:58ID: BC  Data: 00 00 00 AA 00 00 00 00 
"
"2016-11-21 14:33:58ID: BB  Data: 00 00 00 AA 00 00 00 00 
"
"2016-11-21 14:33:58ID: BC  Data: 00 00 00 AA 00 00 00 00 
"
"2016-11-21 14:33:58ID: BB  Data: 00 00 00 AA 00 00 00 00 
"
"2016-11-21 14:33:58ID: BC  Data: 00 00 00 AA 00 00 00 00 
"
"2016-11-21 14:33:58ID: BB  Data: 00 00 00 AA 00 00 00 00 
"
"2016-11-21 14:33:58ID: BC  Data: 00 00 00 AA 00 00 00 00 
"
"2016-11-21 14:33:58ID: BB  Data: 00 00 00 AA 00 00 00 00 
"
"2016-11-21 14:33:58ID: BC  Data: 00 00 00 AA 00 00 00 00 
"
"2016-11-21 14:33:58ID: BB  Data: 00 00 00 AA 00 00 00 00 
"
"2016-11-21 14:33:58ID: BC  Data: 00 00 00 AA 00 00 00 00 
"
"2016-11-21 14:33:58ID: BB  Data: 00 00 00 AA 00 00 00 00 
"
"2016-11-21 14:33:58ID: BC  Data: 00 00 00 AA 00 00 00 00 
"
"2016-11-21 14:33:59ID: BB  Data: 00 00 00 AA 00 00 00 00 
"
"2016-11-21 14:33:59ID: BC  Data: 00 00 00 AA 00 00 00 00 
"
"2016-11-21 14:33:59ID: BB  Data: 00 00 00 AA 00 00 00 00 
"
"2016-11-21 14:33:59ID: BC  Data: 00 00 00 AA 00 00 00 00 
"
"2016-11-21 14:33:59ID: BB  Data: 00 00 00 AA 00 00 00 00 
"
"2016-11-21 14:33:59ID: BC  Data: 00 00 00 AA 00 00 00 00 
"
"2016-11-21 14:33:59ID: BB  Data: 00 00 00 AA 00 00 00 00 
"
"2016-11-21 14:33:59ID: BC  Data: 00 00 00 AA 00 00 00 00 
"
"2016-11-21 14:33:59ID: BB  Data: 00 00 00 AA 00 00 00 00 
"
"2016-11-21 14:33:59ID: BC  Data: 00 00 00 AA 00 00 00 00 
"
"2016-11-21 14:33:59ID: BB  Data: 00 00 00 AA 00 00 00 00 
"
"2016-11-21 14:33:59ID: BC  Data: 00 00 00 AA 00 00 00 00 
"
"2016-11-21 14:33:59ID: BB  Data: 00 00 00 AA 00 00 00 00 
"
"2016-11-21 14:33:59ID: BC  Data: 00 00 00 AA 00 00 00 00 
"
"2016-11-21 14:33:59ID: BB  Data: 00 00 00 AA 00 00 00 00 
"
"2016-11-21 14:33:59ID: BC  Data: 00 00 00 AA 00 00 00 00 
"
"2016-11-21 14:33:59ID: BB  Data: 00 00 00 AA 00 00 00 00 
"
"2016-11-21 14:33:59ID: BC  Data: 00 00 00 AA 00 00 00 00 
"
"2016-11-21 14:33:59ID: BB  Data: 00 00 00 AA 00 00 00 00 
"
"2016-11-21 14:33:59ID: BC  Data: 00 00 00 AA 00 00 00 00 
"
"2016-11-21 14:33:59ID: BB  Data: 00 00 00 AA 00 00 00 00 
"
"2016-11-21 14:33:59ID: BC  Data: 00 00 00 AA 00 00 00 00 
"
"2016-11-21 14:34:00ID: BB  Data: 00 00 00 AA 00 00 00 00 
"
"2016-11-21 14:34:00ID: BC  Data: 00 00 00 AA 00 00 00 00 
"
"2016-11-21 14:34:00ID: BB  Data: 00 00 00 AA 00 00 00 00 
"
"2016-11-21 14:34:00ID: BC  Data: 00 00 00 AA 00 00 00 00 
"
"2016-11-21 14:34:00ID: BB  Data: 00 00 00 AA 00 00 00 00 
"
"2016-11-21 14:34:00ID: BC  Data: 00 00 00 AA 00 00 00 00 
"
"2016-11-21 14:34:00ID: BB  Data: 00 00 00 AA 00 00 00 00 
"
"2016-11-21 14:34:00ID: BC  Data: 00 00 00 AA 00 00 00 00 
"
"2016-11-21 14:34:00ID: BB  Data: 00 00 00 AA 00 00 00 00 
"
"2016-11-21 14:34:00ID: BC  Data: 00 00 00 AA 00 00 00 00 
"
"2016-11-21 14:34:00ID: BB  Data: 00 00 00 AA 00 00 00 00 
"
"2016-11-21 14:34:00ID: BC  Data: 00 00 00 AA 00 00 00 00 
"
"2016-11-21 14:34:00ID: BB  Data: 00 00 00 AA 00 00 00 00 
"
"2016-11-21 14:34:00ID: BC  Data: 00 00 00 AA 00 00 00 00 
"
"2016-11-21 14:34:00ID: BB  Data: 00 00 00 AA 00 00 00 00 
"
"2016-11-21 14:34:00ID: BC  Data: 00 00 00 AA 00 00 00 00 
"
"2016-11-21 14:34:00ID: BB  Data: 00 00 00 AA 00 00 00 00 
"
"2016-11-21 14:34:00ID: BC  Data: 00 00 00 AA 00 00 00 00 
"
"2016-11-21 14:34:00ID: BB  Data: 00 00 00 AA 00 00 00 00 
"
"2016-11-21 14:34:00ID: BC  Data: 00 00 00 AA 00 00 00 00 
"
"2016-11-21 14:34:00ID: BB  Data: 00 00 00 AA 00 00 00 00 
"
"2016-11-21 14:34:00ID: BC  Data: 00 00 00 AA 00 00 00 00 
"
"2016-11-21 14:34:00ID: BB  Data: 00 00 00 AA 00 00 00 00 
"
"2016-11-21 14:34:00ID: BC  Data: 00 00 00 AA 00 00 00 00 
"
"2016-11-21 14:34:01ID: BB  Data: 00 00 00 AA 00 00 00 00 
"
"2016-11-21 14:34:01ID: BC  Data: 00 00 00 AA 00 00 00 00 
"
"2016-11-21 14:34:01ID: BB  Data: 00 00 00 AA 00 00 00 00 
"
"2016-11-21 14:34:01ID: BC  Data: 00 00 00 AA 00 00 00 00 
"
"2016-11-21 14:34:01ID: BB  Data: 00 00 00 AA 00 00 00 00 
"
"2016-11-21 14:34:01ID: BC  Data: 00 00 00 AA 00 00 00 00 
"
"2016-11-21 14:34:01ID: BB  Data: 00 00 00 AA 00 00 00 00 
"
"2016-11-21 14:34:01ID: BC  Data: 00 00 00 AA 00 00 00 00 
"
"2016-11-21 14:34:01ID: BB  Data: 00 00 00 AA 00 00 00 00 
"
"2016-11-21 14:34:01ID: BC  Data: 00 00 00 AA 00 00 00 00 
"
"2016-11-21 14:34:01ID: BB  Data: 00 00 00 AA 00 00 00 00 
"
"2016-11-21 14:34:01ID: BC  Data: 00 00 00 AA 00 00 00 00 
"
"2016-11-21 14:34:01ID: BB  Data: 00 00 00 AA 00 00 00 00 
"
"2016-11-21 14:34:01ID: BC  Data: 00 00 00 AA 00 00 00 00 
"
"2016-11-21 14:34:01ID: BB  Data: 00 00 00 AA 00 00 00 00 
"
"2016-11-21 14:34:01ID: BC  Data: 00 00 00 AA 00 00 00 00 
"
"2016-11-21 14:34:01ID: BB  Data: 00 00 00 AA 00 00 00 00 
"
"2016-11-21 14:34:01ID: BC  Data: 00 00 00 AA 00 00 00 00 
"
"2016-11-21 14:34:01ID: BB  Data: 00 00 00 AA 00 00 00 00 
"
"2016-11-21 14:34:01ID: BC  Data: 00 00 00 AA 00 00 00 00 
"
"2016-11-21 14:34:01ID: BB  Data: 00 00 00 AA 00 00 00 00 
"
"2016-11-21 14:34:01ID: BC  Data: 00 00 00 AA 00 00 00 00 
"
"2016-11-21 14:34:02ID: BB  Data: 00 00 00 AA 00 00 00 00 
"
"2016-11-21 14:34:02ID: BC  Data: 00 00 00 AA 00 00 00 00 
"
"2016-11-21 14:34:02ID: BB  Data: 00 00 00 AA 00 00 00 00 
"
"2016-11-21 14:34:02ID: BC  Data: 00 00 00 AA 00 00 00 00 
"
"2016-11-21 14:34:02ID: BB  Data: 00 00 00 AA 00 00 00 00 
"
"2016-11-21 14:34:02ID: BC  Data: 00 00 00 AA 00 00 00 00 
"
"2016-11-21 14:34:02ID: BB  Data: 00 00 00 AA 00 00 00 00 
"
"2016-11-21 14:34:02ID: BC  Data: 00 00 00 AA 00 00 00 00 
"
"2016-11-21 14:34:02ID: BB  Data: 00 00 00 AA 00 00 00 00 
"
"2016-11-21 14:34:02ID: BC  Data: 00 00 00 AA 00 00 00 00 
"
"2016-11-21 14:34:02ID: BB  Data: 00 00 00 AA 00 00 00 00 
"
"2016-11-21 14:34:02ID: BC  Data: 00 00 00 AA 00 00 00 00 
"
"2016-11-21 14:34:02ID: BB  Data: 00 00 00 AA 00 00 00 00 
"
"2016-11-21 14:34:02ID: BC  Data: 00 00 00 AA 00 00 00 00 
"
"2016-11-21 14:34:02ID: BB  Data: 00 00 00 AA 00 00 00 00 
"
"2016-11-21 14:34:02ID: AA  Data: AA AA 00 00 00 00 00 00 
"
"2016-11-21 14:34:02ID: BC  Data: 00 00 00 AA 00 00 00 00 
"
"2016-11-21 14:34:02ID: BB  Data: 00 00 00 AA 00 00 00 00 
"
"2016-11-21 14:34:02ID: BC  Data: 00 00 00 AA 00 00 00 00 
"
"2016-11-21 14:34:02ID: BB  Data: 00 00 00 AA 00 00 00 00 
"
"2016-11-21 14:34:02ID: BC  Data: 00 00 00 AA 00 00 00 00 
"
"2016-11-21 14:34:02ID: BB  Data: 00 00 00 AA 00 00 00 00 
"
"2016-11-21 14:34:02ID: BC  Data: 00 00 00 AA 00 00 00 00 
"
"2016-11-21 14:34:02ID: BB  Data: 00 00 00 AA 00 00 00 00 
"
"2016-11-21 14:34:03ID: BC  Data: 00 00 00 AA 00 00 00 00 
"
"2016-11-21 14:34:03ID: BB  Data: 00 00 00 AA 00 00 00 00 
"
"2016-11-21 14:34:03ID: BC  Data: 00 00 00 AA 00 00 00 00 
"
"2016-11-21 14:34:03ID: AA  Data: AA BB 00 00 00 00 00 00 
"
"2016-11-21 14:34:03ID: BB  Data: 00 00 00 AA 00 00 00 00 
"
"2016-11-21 14:34:03ID: BC  Data: 00 00 00 AA 00 00 00 00 
"
"2016-11-21 14:34:03ID: BB  Data: 00 00 00 AA 00 00 00 00 
"
"2016-11-21 14:34:03ID: BC  Data: 00 00 00 AA 00 00 00 00 
"
"2016-11-21 14:34:03ID: BB  Data: 00 00 00 AA 00 00 00 00 
"
"2016-11-21 14:34:03ID: BC  Data: 00 00 00 AA 00 00 00 00 
"
"2016-11-21 14:34:03ID: BB  Data: 00 00 00 AA 00 00 00 00 
"
"2016-11-21 14:34:03ID: BC  Data: 00 00 00 AA 00 00 00 00 
"
"2016-11-21 14:34:03ID: BB  Data: 00 00 00 AA 00 00 00 00 
"
"2016-11-21 14:34:03ID: BC  Data: 00 00 00 AA 00 00 00 00 
"
"2016-11-21 14:34:03ID: BB  Data: 00 00 00 AA 00 00 00 00 
"
"2016-11-21 14:34:03ID: BC  Data: 00 00 00 AA 00 00 00 00 
"
"2016-11-21 14:34:03ID: BB  Data: 00 00 00 AA 00 00 00 00 
"
"2016-11-21 14:34:03ID: BC  Data: 00 00 00 AA 00 00 00 00 
"
"2016-11-21 14:34:03ID: BB  Data: 00 00 00 AA 00 00 00 00 
"
"2016-11-21 14:34:03ID: BC  Data: 00 00 00 AA 00 00 00 00 
"
"2016-11-21 14:34:03ID: BB  Data: 00 00 00 AA 00 00 00 00 
"
"2016-11-21 14:34:03ID: BC  Data: 00 00 00 AA 00 00 00 00 
"
"2016-11-21 14:34:03ID: BB  Data: 00 00 00 AA 00 00 00 00 
"
"2016-11-21 14:34:03ID: BC  Data: 00 00 00 AA 00 00 00 00 
"
"2016-11-21 14:34:04ID: BB  Data: 00 00 00 AA 00 00 00 00 
"
"2016-11-21 14:34:04ID: BC  Data: 00 00 00 AA 00 00 00 00 
"
"2016-11-21 14:34:04ID: BB  Data: 00 00 00 AA 00 00 00 00 
"
"2016-11-21 14:34:04ID: BC  Data: 00 00 00 AA 00 00 00 00 
"
"2016-11-21 14:34:04ID: BB  Data: 00 00 00 AA 00 00 00 00 
"
"2016-11-21 14:34:04ID: BC  Data: 00 00 00 AA 00 00 00 00 
"
"2016-11-21 14:34:04ID: BB  Data: 00 00 00 AA 00 00 00 00 
"
"2016-11-21 14:34:04ID: BC  Data: 00 00 00 AA 00 00 00 00 
"
"2016-11-21 14:34:04ID: BB  Data: 00 00 00 AA 00 00 00 00 
"
"2016-11-21 14:34:04ID: BC  Data: 00 00 00 AA 00 00 00 00 
"
"2016-11-21 14:34:04ID: BB  Data: 00 00 00 AA 00 00 00 00 
"
"2016-11-21 14:34:04ID: BC  Data: 00 00 00 AA 00 00 00 00 
"
"2016-11-21 14:34:04ID: BB  Data: 00 00 00 AA 00 00 00 00 
"
"2016-11-21 14:34:04ID: BC  Data: 00 00 00 AA 00 00 00 00 
"
"2016-11-21 14:34:04ID: BB  Data: 00 00 00 AA 00 00 00 00 
"
"2016-11-21 14:34:04ID: BC  Data: 00 00 00 AA 00 00 00 00 
"
"2016-11-21 14:34:04ID: BB  Data: 00 00 00 AA 00 00 00 00 
"
"2016-11-21 14:34:04ID: BC  Data: 00 00 00 AA 00 00 00 00 
"
"2016-11-21 14:34:04ID: BB  Data: 00 00 00 AA 00 00 00 00 
"
"2016-11-21 14:34:04ID: BC  Data: 00 00 00 AA 00 00 00 00 
"
"2016-11-21 14:34:04ID: BB  Data: 00 00 00 AA 00 00 00 00 
"
"2016-11-21 14:34:04ID: BC  Data: 00 00 00 AA 00 00 00 00 
"
"2016-11-21 14:34:05ID: BB  Data: 00 00 00 AA 00 00 00 00 
"
"2016-11-21 14:34:05ID: BC  Data: 00 00 00 AA 00 00 00 00 
"
"2016-11-21 14:34:05ID: BB  Data: 00 00 00 AA 00 00 00 00 
"
"2016-11-21 14:34:05ID: BC  Data: 00 00 00 AA 00 00 00 00 
"
"2016-11-21 14:34:05ID: BB  Data: 00 00 00 AA 00 00 00 00 
"
"2016-11-21 14:34:05ID: BC  Data: 00 00 00 AA 00 00 00 00 
"
"2016-11-21 14:34:05ID: BB  Data: 00 00 00 AA 00 00 00 00 
"
"2016-11-21 14:34:05ID: BC  Data: 00 00 00 AA 00 00 00 00 
"
"2016-11-21 14:34:05ID: BB  Data: 00 00 00 AA 00 00 00 00 
"
"2016-11-21 14:34:05ID: BC  Data: 00 00 00 AA 00 00 00 00 
"
"2016-11-21 14:34:05ID: BB  Data: 00 00 00 AA 00 00 00 00 
"
"2016-11-21 14:34:05ID: BC  Data: 00 00 00 AA 00 00 00 00 
"
"2016-11-21 14:34:05ID: BB  Data: 00 00 00 AA 00 00 00 00 
"
"2016-11-21 14:34:05ID: BC  Data: 00 00 00 AA 00 00 00 00 
"
"2016-11-21 14:34:05ID: BB  Data: 00 00 00 AA 00 00 00 00 
"
"2016-11-21 14:34:05ID: BC  Data: 00 00 00 AA 00 00 00 00 
"
"2016-11-21 14:34:05ID: BB  Data: 00 00 00 AA 00 00 00 00 
"
"2016-11-21 14:34:05ID: BC  Data: 00 00 00 AA 00 00 00 00 
"
"2016-11-21 14:34:05ID: BB  Data: 00 00 00 AA 00 00 00 00 
"
"2016-11-21 14:34:05ID: BC  Data: 00 00 00 AA 00 00 00 00 
"
"2016-11-21 14:34:05ID: BB  Data: 00 00 00 AA 00 00 00 00 
"
"2016-11-21 14:34:05ID: BC  Data: 00 00 00 AA 00 00 00 00 
"
"2016-11-21 14:34:05ID: BB  Data: 00 00 00 AA 00 00 00 00 
"
"2016-11-21 14:34:05ID: BC  Data: 00 00 00 AA 00 00 00 00 
"
"2016-11-21 14:34:06ID: BB  Data: 00 00 00 AA 00 00 00 00 
"
"2016-11-21 14:34:06ID: BC  Data: 00 00 00 AA 00 00 00 00 
"
"2016-11-21 14:34:06ID: BB  Data: 00 00 00 AA 00 00 00 00 
"
"2016-11-21 14:34:06ID: BC  Data: 00 00 00 AA 00 00 00 00 
"
"2016-11-21 14:34:06ID: BB  Data: 00 00 00 AA 00 00 00 00 
"
"2016-11-21 14:34:06ID: BC  Data: 00 00 00 AA 00 00 00 00 
"
"2016-11-21 14:34:06ID: BB  Data: 00 00 00 AA 00 00 00 00 
"
"2016-11-21 14:34:06ID: BC  Data: 00 00 00 AA 00 00 00 00 
"
"2016-11-21 14:34:06ID: BB  Data: 00 00 00 AA 00 00 00 00 
"
"2016-11-21 14:34:06ID: BC  Data: 00 00 00 AA 00 00 00 00 
"
"2016-11-21 14:34:06ID: BB  Data: 00 00 00 AA 00 00 00 00 
"
"2016-11-21 14:34:06ID: BC  Data: 00 00 00 AA 00 00 00 00 
"
"2016-11-21 14:34:06ID: BB  Data: 00 00 00 AA 00 00 00 00 
"
"2016-11-21 14:34:06ID: BC  Data: 00 00 00 AA 00 00 00 00 
"
"2016-11-21 14:34:06ID: BB  Data: 00 00 00 AA 00 00 00 00 
"
"2016-11-21 14:34:06ID: BC  Data: 00 00 00 AA 00 00 00 00 
"
"2016-11-21 14:34:06ID: BB  Data: 00 00 00 AA 00 00 00 00 
"
"2016-11-21 14:34:06ID: BC  Data: 00 00 00 AA 00 00 00 00 
"
"2016-11-21 14:34:06ID: BB  Data: 00 00 00 AA 00 00 00 00 
"
"2016-11-21 14:34:06ID: BC  Data: 00 00 00 AA 00 00 00 00 
"
"2016-11-21 14:34:06ID: BB  Data: 00 00 00 AA 00 00 00 00 
"
"2016-11-21 14:34:06ID: BC  Data: 00 00 00 AA 00 00 00 00 
"
"2016-11-21 14:34:07ID: BB  Data: 00 00 00 AA 00 00 00 00 
"
"2016-11-21 14:34:07ID: BC  Data: 00 00 00 AA 00 00 00 00 
"
"2016-11-21 14:34:07ID: BB  Data: 00 00 00 AA 00 00 00 00 
"
"2016-11-21 14:34:07ID: BC  Data: 00 00 00 AA 00 00 00 00 
"
"2016-11-21 14:34:07ID: BB  Data: 00 00 00 AA 00 00 00 00 
"
"2016-11-21 14:34:07ID: BC  Data: 00 00 00 AA 00 00 00 00 
"
"2016-11-21 14:34:07ID: BB  Data: 00 00 00 AA 00 00 00 00 
"
"2016-11-21 14:34:07ID: BC  Data: 00 00 00 AA 00 00 00 00 
"
"2016-11-21 14:34:07ID: BB  Data: 00 00 00 AA 00 00 00 00 
"
"2016-11-21 14:34:07ID: BC  Data: 00 00 00 AA 00 00 00 00 
"
"2016-11-21 14:34:07ID: BB  Data: 00 00 00 AA 00 00 00 00 
"
"2016-11-21 14:34:07ID: BC  Data: 00 00 00 AA 00 00 00 00 
"
"2016-11-21 14:34:07ID: BB  Data: 00 00 00 AA 00 00 00 00 
"
"2016-11-21 14:34:07ID: BC  Data: 00 00 00 AA 00 00 00 00 
"
"2016-11-21 14:34:07ID: BB  Data: 00 00 00 AA 00 00 00 00 
"
"2016-11-21 14:34:07ID: BC  Data: 00 00 00 AA 00 00 00 00 
"
"2016-11-21 14:34:07ID: BB  Data: 00 00 00 AA 00 00 00 00 
"
"2016-11-21 14:34:07ID: BC  Data: 00 00 00 AA 00 00 00 00 
"
"2016-11-21 14:34:07ID: BB  Data: 00 00 00 AA 00 00 00 00 
"
"2016-11-21 14:34:07ID: BC  Data: 00 00 00 AA 00 00 00 00 
"
"2016-11-21 14:34:07ID: BB  Data: 00 00 00 AA 00 00 00 00 
"
"2016-11-21 14:34:07ID: BC  Data: 00 00 00 AA 00 00 00 00 
"
"2016-11-21 14:34:08ID: BB  Data: 00 00 00 AA 00 00 00 00 
"
"2016-11-21 14:34:08ID: BC  Data: 00 00 00 AA 00 00 00 00 
"
"2016-11-21 14:34:08ID: BB  Data: 00 00 00 AA 00 00 00 00 
"
"2016-11-21 14:34:08ID: BC  Data: 00 00 00 AA 00 00 00 00 
"
"2016-11-21 14:34:08ID: BB  Data: 00 00 00 AA 00 00 00 00 
"
"2016-11-21 14:34:08ID: BC  Data: 00 00 00 AA 00 00 00 00 
"
"2016-11-21 14:34:08ID: BB  Data: 00 00 00 AA 00 00 00 00 
"
"2016-11-21 14:34:08ID: BC  Data: 00 00 00 AA 00 00 00 00 
"
"2016-11-21 14:34:08ID: BB  Data: 00 00 00 AA 00 00 00 00 
"
"2016-11-21 14:34:08ID: BC  Data: 00 00 00 AA 00 00 00 00 
"
"2016-11-21 14:34:08ID: BB  Data: 00 00 00 AA 00 00 00 00 
"
"2016-11-21 14:34:08ID: BC  Data: 00 00 00 AA 00 00 00 00 
"
"2016-11-21 14:34:08ID: BB  Data: 00 00 00 AA 00 00 00 00 
"
"2016-11-21 14:34:08ID: BC  Data: 00 00 00 AA 00 00 00 00 
"
"2016-11-21 14:34:08ID: BB  Data: 00 00 00 AA 00 00 00 00 
"
"2016-11-21 14:34:08ID: BC  Data: 00 00 00 AA 00 00 00 00 
"
"2016-11-21 14:34:08ID: BB  Data: 00 00 00 AA 00 00 00 00 
"
"2016-11-21 14:34:08ID: BC  Data: 00 00 00 AA 00 00 00 00 
"
"2016-11-21 14:34:08ID: BB  Data: 00 00 00 AA 00 00 00 00 
"
"2016-11-21 14:34:08ID: BC  Data: 00 00 00 AA 00 00 00 00 
"
"2016-11-21 14:34:08ID: BB  Data: 00 00 00 AA 00 00 00 00 
"
"2016-11-21 14:34:08ID: BC  Data: 00 00 00 AA 00 00 00 00 
"
"2016-11-21 14:34:08ID: BB  Data: 00 00 00 AA 00 00 00 00 
"
"2016-11-21 14:34:08ID: BC  Data: 00 00 00 AA 00 00 00 00 
"
"2016-11-21 14:34:09ID: BB  Data: 00 00 00 AA 00 00 00 00 
"
"2016-11-21 14:34:09ID: BC  Data: 00 00 00 AA 00 00 00 00 
"
"2016-11-21 14:34:09ID: BB  Data: 00 00 00 AA 00 00 00 00 
"
"2016-11-21 14:34:09ID: BC  Data: 00 00 00 AA 00 00 00 00 
"
"2016-11-21 14:34:09ID: BB  Data: 00 00 00 AA 00 00 00 00 
"
"2016-11-21 14:34:09ID: BC  Data: 00 00 00 AA 00 00 00 00 
"
"2016-11-21 14:34:09ID: BB  Data: 00 00 00 AA 00 00 00 00 
"
"2016-11-21 14:34:09ID: BC  Data: 00 00 00 AA 00 00 00 00 
"
"2016-11-21 14:34:09ID: BB  Data: 00 00 00 AA 00 00 00 00 
"
"2016-11-21 14:34:09ID: BC  Data: 00 00 00 AA 00 00 00 00 
"
"2016-11-21 14:34:09ID: BB  Data: 00 00 00 AA 00 00 00 00 
"
"2016-11-21 14:34:09ID: BC  Data: 00 00 00 AA 00 00 00 00 
"
"2016-11-21 14:34:09ID: BB  Data: 00 00 00 AA 00 00 00 00 
"
"2016-11-21 14:34:09ID: BC  Data: 00 00 00 AA 00 00 00 00 
"
"2016-11-21 14:34:09ID: BB  Data: 00 00 00 AA 00 00 00 00 
"
"2016-11-21 14:34:09ID: BC  Data: 00 00 00 AA 00 00 00 00 
"
"2016-11-21 14:34:09ID: BB  Data: 00 00 00 AA 00 00 00 00 
"
"2016-11-21 14:34:09ID: BC  Data: 00 00 00 AA 00 00 00 00 
"
"2016-11-21 14:34:09ID: BB  Data: 00 00 00 AA 00 00 00 00 
"
"2016-11-21 14:34:09ID: BC  Data: 00 00 00 AA 00 00 00 00 
"
"2016-11-21 14:34:09ID: BB  Data: 00 00 00 AA 00 00 00 00 
"
"2016-11-21 14:34:09ID: BC  Data: 00 00 00 AA 00 00 00 00 
"
"2016-11-21 14:34:10ID: BB  Data: 00 00 00 AA 00 00 00 00 
"
"2016-11-21 14:34:10ID: BC  Data: 00 00 00 AA 00 00 00 00 
"
"2016-11-21 14:34:10ID: BB  Data: 00 00 00 AA 00 00 00 00 
"
"2016-11-21 14:34:10ID: BC  Data: 00 00 00 AA 00 00 00 00 
"
"2016-11-21 14:34:10ID: BB  Data: 00 00 00 AA 00 00 00 00 
"
"2016-11-21 14:34:10ID: BC  Data: 00 00 00 AA 00 00 00 00 
"
"2016-11-21 14:34:10ID: BB  Data: 00 00 00 AA 00 00 00 00 
"
"2016-11-21 14:34:10ID: BC  Data: 00 00 00 AA 00 00 00 00 
"
"2016-11-21 14:34:10ID: BB  Data: 00 00 00 AA 00 00 00 00 
"
"2016-11-21 14:34:10ID: BC  Data: 00 00 00 AA 00 00 00 00 
"
"2016-11-21 14:34:10ID: BB  Data: 00 00 00 AA 00 00 00 00 
"
"2016-11-21 14:34:10ID: BC  Data: 00 00 00 AA 00 00 00 00 
"
"2016-11-21 14:34:10ID: BB  Data: 00 00 00 AA 00 00 00 00 
"
"2016-11-21 14:34:10ID: BC  Data: 00 00 00 AA 00 00 00 00 
"
"2016-11-21 14:34:10ID: BB  Data: 00 00 00 AA 00 00 00 00 
"
"2016-11-21 14:34:10ID: BC  Data: 00 00 00 AA 00 00 00 00 
"
"2016-11-21 14:34:10ID: BB  Data: 00 00 00 AA 00 00 00 00 
"
"2016-11-21 14:34:10ID: BC  Data: 00 00 00 AA 00 00 00 00 
"
"2016-11-21 14:34:10ID: BB  Data: 00 00 00 AA 00 00 00 00 
"
"2016-11-21 14:34:10ID: BC  Data: 00 00 00 AA 00 00 00 00 
"
"2016-11-21 14:34:10ID: BB  Data: 00 00 00 AA 00 00 00 00 
"
"2016-11-21 14:34:10ID: BC  Data: 00 00 00 AA 00 00 00 00 
"
"2016-11-21 14:34:11ID: BB  Data: 00 00 00 AA 00 00 00 00 
"
"2016-11-21 14:34:11ID: BC  Data: 00 00 00 AA 00 00 00 00 
"
"2016-11-21 14:34:11ID: BB  Data: 00 00 00 AA 00 00 00 00 
"
"2016-11-21 14:34:11ID: BC  Data: 00 00 00 AA 00 00 00 00 
"
"2016-11-21 14:34:11ID: BB  Data: 00 00 00 AA 00 00 00 00 
"
"2016-11-21 14:34:11ID: BC  Data: 00 00 00 AA 00 00 00 00 
"
"2016-11-21 14:34:11ID: BB  Data: 00 00 00 AA 00 00 00 00 
"
"2016-11-21 14:34:11ID: BC  Data: 00 00 00 AA 00 00 00 00 
"
"2016-11-21 14:34:11ID: BB  Data: 00 00 00 AA 00 00 00 00 
"
"2016-11-21 14:34:11ID: BC  Data: 00 00 00 AA 00 00 00 00 
"
"2016-11-21 14:34:11ID: BB  Data: 00 00 00 AA 00 00 00 00 
"
"2016-11-21 14:34:11ID: BC  Data: 00 00 00 AA 00 00 00 00 
"
"2016-11-21 14:34:11ID: BB  Data: 00 00 00 AA 00 00 00 00 
"
"2016-11-21 14:34:11ID: BC  Data: 00 00 00 AA 00 00 00 00 
"
"2016-11-21 14:34:11ID: BB  Data: 00 00 00 AA 00 00 00 00 
"
"2016-11-21 14:34:11ID: BC  Data: 00 00 00 AA 00 00 00 00 
"
"2016-11-21 14:34:11ID: BB  Data: 00 00 00 AA 00 00 00 00 
"
"2016-11-21 14:34:11ID: BC  Data: 00 00 00 AA 00 00 00 00 
"
"2016-11-21 14:34:11ID: BB  Data: 00 00 00 AA 00 00 00 00 
"
"2016-11-21 14:34:11ID: BC  Data: 00 00 00 AA 00 00 00 00 
"
"2016-11-21 14:34:11ID: BB  Data: 00 00 00 AA 00 00 00 00 
"
"2016-11-21 14:34:11ID: BC  Data: 00 00 00 AA 00 00 00 00 
"
"2016-11-21 14:34:11ID: BB  Data: 00 00 00 AA 00 00 00 00 
"
"2016-11-21 14:34:11ID: BC  Data: 00 00 00 AA 00 00 00 00 
"
"2016-11-21 14:34:12ID: BB  Data: 00 00 00 AA 00 00 00 00 
"
"2016-11-21 14:34:12ID: BC  Data: 00 00 00 AA 00 00 00 00 
"
"2016-11-21 14:34:12ID: BB  Data: 00 00 00 AA 00 00 00 00 
"
"2016-11-21 14:34:12ID: BC  Data: 00 00 00 AA 00 00 00 00 
"
"2016-11-21 14:34:12ID: BB  Data: 00 00 00 AA 00 00 00 00 
"
"2016-11-21 14:34:12ID: BC  Data: 00 00 00 AA 00 00 00 00 
"
"2016-11-21 14:34:12ID: BB  Data: 00 00 00 AA 00 00 00 00 
"
"2016-11-21 14:34:12ID: BC  Data: 00 00 00 AA 00 00 00 00 
"
"2016-11-21 14:34:12ID: BB  Data: 00 00 00 AA 00 00 00 00 
"
"2016-11-21 14:34:12ID: BC  Data: 00 00 00 AA 00 00 00 00 
"
"2016-11-21 14:34:12ID: BB  Data: 00 00 00 AA 00 00 00 00 
"
"2016-11-21 14:34:12ID: BC  Data: 00 00 00 AA 00 00 00 00 
"
"2016-11-21 14:34:12ID: BB  Data: 00 00 00 AA 00 00 00 00 
"
"2016-11-21 14:34:12ID: BC  Data: 00 00 00 AA 00 00 00 00 
"
"2016-11-21 14:34:12ID: BB  Data: 00 00 00 AA 00 00 00 00 
"
"2016-11-21 14:34:12ID: BC  Data: 00 00 00 AA 00 00 00 00 
"
"2016-11-21 14:34:12ID: BB  Data: 00 00 00 AA 00 00 00 00 
"
"2016-11-21 14:34:12ID: BC  Data: 00 00 00 AA 00 00 00 00 
"
"2016-11-21 14:34:12ID: BB  Data: 00 00 00 AA 00 00 00 00 
"
"2016-11-21 14:34:12ID: BC  Data: 00 00 00 AA 00 00 00 00 
"
"2016-11-21 14:34:12ID: BB  Data: 00 00 00 AA 00 00 00 00 
"
"2016-11-21 14:34:12ID: BC  Data: 00 00 00 AA 00 00 00 00 
"
"2016-11-21 14:34:13ID: BB  Data: 00 00 00 AA 00 00 00 00 
"
"2016-11-21 14:34:13ID: BC  Data: 00 00 00 AA 00 00 00 00 
"
"2016-11-21 14:34:13ID: BB  Data: 00 00 00 AA 00 00 00 00 
"
"2016-11-21 14:34:13ID: BC  Data: 00 00 00 AA 00 00 00 00 
"
"2016-11-21 14:34:13ID: BB  Data: 00 00 00 AA 00 00 00 00 
"
"2016-11-21 14:34:13ID: BC  Data: 00 00 00 AA 00 00 00 00 
"
"2016-11-21 14:34:13ID: BB  Data: 00 00 00 AA 00 00 00 00 
"
"2016-11-21 14:34:13ID: BC  Data: 00 00 00 AA 00 00 00 00 
"
"2016-11-21 14:34:13ID: BB  Data: 00 00 00 AA 00 00 00 00 
"
"2016-11-21 14:34:13ID: BC  Data: 00 00 00 AA 00 00 00 00 
"
"2016-11-21 14:34:13ID: BB  Data: 00 00 00 AA 00 00 00 00 
"
"2016-11-21 14:34:13ID: BC  Data: 00 00 00 AA 00 00 00 00 
"
"2016-11-21 14:34:13ID: BB  Data: 00 00 00 AA 00 00 00 00 
"
"2016-11-21 14:34:13ID: BC  Data: 00 00 00 AA 00 00 00 00 
"
"2016-11-21 14:34:13ID: BB  Data: 00 00 00 AA 00 00 00 00 
"
"2016-11-21 14:34:13ID: BC  Data: 00 00 00 AA 00 00 00 00 
"
"2016-11-21 14:34:13ID: BB  Data: 00 00 00 AA 00 00 00 00 
"
"2016-11-21 14:34:13ID: BC  Data: 00 00 00 AA 00 00 00 00 
"
"2016-11-21 14:34:13ID: BB  Data: 00 00 00 AA 00 00 00 00 
"
"2016-11-21 14:34:13ID: BC  Data: 00 00 00 AA 00 00 00 00 
"
"2016-11-21 14:34:13ID: BB  Data: 00 00 00 AA 00 00 00 00 
"
"2016-11-21 14:34:13ID: BC  Data: 00 00 00 AA 00 00 00 00 
"
"2016-11-21 14:34:13ID: BB  Data: 00 00 00 AA 01 B2 EF D7 
"
"2016-11-21 14:34:13ID: BC  Data: 00 00 00 AA FE 4D 10 29 
"
"2016-11-21 14:34:14ID: BB  Data: 00 00 00 AA 01 FF 3F 89 
"
"2016-11-21 14:34:14ID: BC  Data: 00 00 00 AA FE 00 C0 77 
"
"2016-11-21 14:34:14ID: BB  Data: 00 00 00 AA 02 3D 16 2F 
"
"2016-11-21 14:34:14ID: BC  Data: 00 00 00 AA FD C2 E9 D1 
"
"2016-11-21 14:34:14ID: BB  Data: 00 00 00 AA 03 2F 2D 7E 
"
"2016-11-21 14:34:14ID: BC  Data: 00 00 00 AA FC D0 D2 82 
"
"2016-11-21 14:34:14ID: BB  Data: 00 00 00 AA 03 87 54 97 
"
"2016-11-21 14:34:14ID: BC  Data: 00 00 00 AA FC 78 AB 69 
"
"2016-11-21 14:34:14ID: BB  Data: 00 00 00 AA 03 AA DA CB 
"
"2016-11-21 14:34:14ID: BC  Data: 00 00 00 AA FC 55 25 35 
"
"2016-11-21 14:34:14ID: BB  Data: 00 00 00 AA 03 C3 DA 6B 
"
"2016-11-21 14:34:14ID: BC  Data: 00 00 00 AA FC 3C 25 95 
"
"2016-11-21 14:34:14ID: BB  Data: 00 00 00 AA 03 C9 1D B5 
"
"2016-11-21 14:34:14ID: BC  Data: 00 00 00 AA FC 36 E2 4B 
"
"2016-11-21 14:34:14ID: BB  Data: 00 00 00 AA 03 C7 CC E2 
"
"2016-11-21 14:34:14ID: BC  Data: 00 00 00 AA FC 38 33 1E 
"
"2016-11-21 14:34:14ID: BB  Data: 00 00 00 AA 03 CE 60 FF 
"
"2016-11-21 14:34:14ID: BC  Data: 00 00 00 AA FC 31 9F 01 
"
"2016-11-21 14:34:14ID: BB  Data: 00 00 00 AA 03 D8 E7 93 
"
"2016-11-21 14:34:14ID: BC  Data: 00 00 00 AA FC 27 18 6D 
"
"2016-11-21 14:34:14ID: BB  Data: 00 00 00 AA 03 EB 53 16 
"
"2016-11-21 14:34:14ID: BC  Data: 00 00 00 AA FC 14 AC EA 
"
"2016-11-21 14:34:15ID: BB  Data: 00 00 00 AA 04 06 F4 5B 
"
"2016-11-21 14:34:15ID: BC  Data: 00 00 00 AA FB F9 0B A5 
"
"2016-11-21 14:34:15ID: BB  Data: 00 00 00 AA 04 3C E6 12 
"
"2016-11-21 14:34:15ID: BC  Data: 00 00 00 AA FB C3 19 EE 
"
"2016-11-21 14:34:15ID: BB  Data: 00 00 00 AA 04 81 50 D5 
"
"2016-11-21 14:34:15ID: BC  Data: 00 00 00 AA FB 7E AF 2B 
"
"2016-11-21 14:34:15ID: BB  Data: 00 00 00 AA 04 A7 78 AE 
"
"2016-11-21 14:34:15ID: BC  Data: 00 00 00 AA FB 58 87 52 
"
"2016-11-21 14:34:15ID: BB  Data: 00 00 00 AA 04 DC 19 93 
"
"2016-11-21 14:34:15ID: BC  Data: 00 00 00 AA FB 23 E6 6D 
"
"2016-11-21 14:34:15ID: BB  Data: 00 00 00 AA 05 1B 41 0B 
"
"2016-11-21 14:34:15ID: BC  Data: 00 00 00 AA FA E4 BE F5 
"
"2016-11-21 14:34:15ID: BB  Data: 00 00 00 AA 06 06 C4 3E 
"
"2016-11-21 14:34:15ID: BC  Data: 00 00 00 AA F9 F9 3B C2 
"
"2016-11-21 14:34:15ID: BB  Data: 00 00 00 AA 06 D0 12 0F 
"
"2016-11-21 14:34:15ID: BC  Data: 00 00 00 AA F9 2F ED F1 
"
"2016-11-21 14:34:15ID: BB  Data: 00 00 00 AA 06 D1 62 E1 
"
"2016-11-21 14:34:15ID: BC  Data: 00 00 00 AA F9 2E 9D 1F 
"
"2016-11-21 14:34:15ID: BB  Data: 00 00 00 AA 06 DA 98 A3 
"
"2016-11-21 14:34:15ID: BC  Data: 00 00 00 AA F9 25 67 5D 
"
"2016-11-21 14:34:15ID: BB  Data: 00 00 00 AA 07 22 F5 DE 
"
"2016-11-21 14:34:15ID: BC  Data: 00 00 00 AA F8 DD 0A 22 
"
"2016-11-21 14:34:16ID: BB  Data: 00 00 00 AA 07 68 B1 73 
"
"2016-11-21 14:34:16ID: BC  Data: 00 00 00 AA F8 97 4E 8D 
"
"2016-11-21 14:34:16ID: BB  Data: 00 00 00 AA 07 EA F2 DC 
"
"2016-11-21 14:34:16ID: BC  Data: 00 00 00 AA F8 15 0D 24 
"
"2016-11-21 14:34:16ID: BB  Data: 00 00 00 AA 08 94 AC F1 
"
"2016-11-21 14:34:16ID: BC  Data: 00 00 00 AA F7 6B 53 0F 
"
"2016-11-21 14:34:16ID: BB  Data: 00 00 00 AA 08 F3 68 26 
"
"2016-11-21 14:34:16ID: BC  Data: 00 00 00 AA F7 0C 97 DA 
"
"2016-11-21 14:34:16ID: BB  Data: 00 00 00 AA 09 25 67 66 
"
"2016-11-21 14:34:16ID: BC  Data: 00 00 00 AA F6 DA 98 9A 
"
"2016-11-21 14:34:16ID: BB  Data: 00 00 00 AA 09 75 A9 8F 
"
"2016-11-21 14:34:16ID: BC  Data: 00 00 00 AA F6 8A 56 71 
"
"2016-11-21 14:34:16ID: BB  Data: 00 00 00 AA 09 BF 57 9C 
"
"2016-11-21 14:34:16ID: BC  Data: 00 00 00 AA F6 40 A8 64 
"
"2016-11-21 14:34:16ID: BB  Data: 00 00 00 AA 09 C9 DE 30 
"
"2016-11-21 14:34:16ID: BC  Data: 00 00 00 AA F6 36 21 D0 
"
"2016-11-21 14:34:16ID: BB  Data: 00 00 00 AA 09 E8 21 1A 
"
"2016-11-21 14:34:16ID: BC  Data: 00 00 00 AA F6 17 DE E6 
"
"2016-11-21 14:34:16ID: BB  Data: 00 00 00 AA 0A 1A 20 5A 
"
"2016-11-21 14:34:16ID: BC  Data: 00 00 00 AA F5 E5 DF A6 
"
"2016-11-21 14:34:16ID: BB  Data: 00 00 00 AA 0A 4C 1F 99 
"
"2016-11-21 14:34:16ID: BC  Data: 00 00 00 AA F5 B3 E0 67 
"
"2016-11-21 14:34:16ID: BB  Data: 00 00 00 AA 0A 56 A6 2D 
"
"2016-11-21 14:34:16ID: BC  Data: 00 00 00 AA F5 A9 59 D3 
"
"2016-11-21 14:34:17ID: BB  Data: 00 00 00 AA 0A 55 55 5B 
"
"2016-11-21 14:34:17ID: BC  Data: 00 00 00 AA F5 AA AA A5 
"
"2016-11-21 14:34:17ID: BB  Data: 00 00 00 AA 0A 69 11 B1 
"
"2016-11-21 14:34:17ID: BC  Data: 00 00 00 AA F5 96 EE 4F 
"
"2016-11-21 14:34:17ID: BB  Data: 00 00 00 AA 0A 8C 97 E5 
"
"2016-11-21 14:34:17ID: BC  Data: 00 00 00 AA F5 73 68 1B 
"
"2016-11-21 14:34:17ID: BB  Data: 00 00 00 AA 0A D1 02 A7 
"
"2016-11-21 14:34:17ID: BC  Data: 00 00 00 AA F5 2E FD 59 
"
"2016-11-21 14:34:17ID: BB  Data: 00 00 00 AA 0B 1E A3 2C 
"
"2016-11-21 14:34:17ID: BC  Data: 00 00 00 AA F4 E1 5C D4 
"
"2016-11-21 14:34:17ID: BB  Data: 00 00 00 AA 0B 38 F3 9E 
"
"2016-11-21 14:34:17ID: BC  Data: 00 00 00 AA F4 C7 0C 62 
"
"2016-11-21 14:34:17ID: BB  Data: 00 00 00 AA 0B 37 A2 CC 
"
"2016-11-21 14:34:17ID: BC  Data: 00 00 00 AA F4 C8 5D 34 
"
"2016-11-21 14:34:17ID: BB  Data: 00 00 00 AA 0B 38 F3 9E 
"
"2016-11-21 14:34:17ID: BC  Data: 00 00 00 AA F4 C7 0C 62 
"
"2016-11-21 14:34:17ID: BB  Data: 00 00 00 AA 0B 3B 95 43 
"
"2016-11-21 14:34:17ID: BC  Data: 00 00 00 AA F4 C4 6A BD 
"
"2016-11-21 14:34:17ID: BB  Data: 00 00 00 AA 0B 3C E6 16 
"
"2016-11-21 14:34:17ID: BC  Data: 00 00 00 AA F4 C3 19 EA 
"
"2016-11-21 14:34:17ID: BB  Data: 00 00 00 AA 0B 40 D8 8D 
"
"2016-11-21 14:34:17ID: BC  Data: 00 00 00 AA F4 BF 27 73 
"
"2016-11-21 14:34:18ID: BB  Data: 00 00 00 AA 0B 42 29 60 
"
"2016-11-21 14:34:18ID: BC  Data: 00 00 00 AA F4 BD D6 A0 
"
"2016-11-21 14:34:18ID: BB  Data: 00 00 00 AA 0B 48 BD 7D 
"
"2016-11-21 14:34:18ID: BC  Data: 00 00 00 AA F4 B7 42 83 
"
"2016-11-21 14:34:18ID: BB  Data: 00 00 00 AA 0B 67 00 66 
"
"2016-11-21 14:34:18ID: BC  Data: 00 00 00 AA F4 98 FF 9A 
"
"2016-11-21 14:34:18ID: BB  Data: 00 00 00 AA 0B 83 F2 7E 
"
"2016-11-21 14:34:18ID: BC  Data: 00 00 00 AA F4 7C 0D 82 
"
"2016-11-21 14:34:18ID: BB  Data: 00 00 00 AA 0B 85 43 50 
"
"2016-11-21 14:34:18ID: BC  Data: 00 00 00 AA F4 7A BC B0 
"
"2016-11-21 14:34:18ID: BB  Data: 00 00 00 AA 0B 87 E4 F5 
"
"2016-11-21 14:34:18ID: BC  Data: 00 00 00 AA F4 78 1B 0B 
"
"2016-11-21 14:34:18ID: BB  Data: 00 00 00 AA 0B 89 35 C8 
"
"2016-11-21 14:34:18ID: BC  Data: 00 00 00 AA F4 76 CA 38 
"
"2016-11-21 14:34:18ID: BB  Data: 00 00 00 AA 0B 85 43 50 
"
"2016-11-21 14:34:18ID: BC  Data: 00 00 00 AA F4 7A BC B0 
"
"2016-11-21 14:34:18ID: BB  Data: 00 00 00 AA 0B 7D 5E 61 
"
"2016-11-21 14:34:18ID: BC  Data: 00 00 00 AA F4 82 A1 9F 
"
"2016-11-21 14:34:18ID: BB  Data: 00 00 00 AA 0B 78 1B 17 
"
"2016-11-21 14:34:18ID: BC  Data: 00 00 00 AA F4 87 E4 E9 
"
"2016-11-21 14:34:18ID: BB  Data: 00 00 00 AA 0B 72 D7 CD 
"
"2016-11-21 14:34:18ID: BC  Data: 00 00 00 AA F4 8D 28 33 
"
"2016-11-21 14:34:19ID: BB  Data: 00 00 00 AA 0B 6D 94 83 
"
"2016-11-21 14:34:19ID: BC  Data: 00 00 00 AA F4 92 6B 7D 
"
"2016-11-21 14:34:19ID: BB  Data: 00 00 00 AA 0B 68 51 39 
"
"2016-11-21 14:34:19ID: BC  Data: 00 00 00 AA F4 97 AE C7 
"
"2016-11-21 14:34:19ID: BB  Data: 00 00 00 AA 0B 60 6C 4A 
"
"2016-11-21 14:34:19ID: BC  Data: 00 00 00 AA F4 9F 93 B6 
"
"2016-11-21 14:34:19ID: BB  Data: 00 00 00 AA 0B 5F 1B 77 
"
"2016-11-21 14:34:19ID: BC  Data: 00 00 00 AA F4 A0 E4 89 
"
"2016-11-21 14:34:19ID: BB  Data: 00 00 00 AA 0B 5F 1B 77 
"
"2016-11-21 14:34:19ID: BC  Data: 00 00 00 AA F4 A0 E4 89 
"
"2016-11-21 14:34:19ID: BB  Data: 00 00 00 AA 0B 60 6C 4A 
"
"2016-11-21 14:34:19ID: BC  Data: 00 00 00 AA F4 9F 93 B6 
"
"2016-11-21 14:34:19ID: BB  Data: 00 00 00 AA 0B 5F 1B 77 
"
"2016-11-21 14:34:19ID: BC  Data: 00 00 00 AA F4 A0 E4 89 
"
"2016-11-21 14:34:19ID: BB  Data: 00 00 00 AA 0B 64 5E C1 
"
"2016-11-21 14:34:19ID: BC  Data: 00 00 00 AA F4 9B A1 3F 
"
"2016-11-21 14:34:19ID: BB  Data: 00 00 00 AA 0B 67 00 66 
"
"2016-11-21 14:34:19ID: BC  Data: 00 00 00 AA F4 98 FF 9A 
"
"2016-11-21 14:34:19ID: BB  Data: 00 00 00 AA 0B 6A F2 DE 
"
"2016-11-21 14:34:19ID: BC  Data: 00 00 00 AA F4 95 0D 22 
"
"2016-11-21 14:34:19ID: BB  Data: 00 00 00 AA 0B 71 86 FB 
"
"2016-11-21 14:34:19ID: BC  Data: 00 00 00 AA F4 8E 79 05 
"
"2016-11-21 14:34:19ID: BB  Data: 00 00 00 AA 0B 72 D7 CD 
"
"2016-11-21 14:34:19ID: BC  Data: 00 00 00 AA F4 8D 28 33 
"
"2016-11-21 14:34:20ID: BB  Data: 00 00 00 AA 0B 76 CA 45 
"
"2016-11-21 14:34:20ID: BC  Data: 00 00 00 AA F4 89 35 BB 
"
"2016-11-21 14:34:20ID: BB  Data: 00 00 00 AA 0B 7A BC BC 
"
"2016-11-21 14:34:20ID: BC  Data: 00 00 00 AA F4 85 43 44 
"
"2016-11-21 14:34:20ID: BB  Data: 00 00 00 AA 0B 7C 0D 8F 
"
"2016-11-21 14:34:20ID: BC  Data: 00 00 00 AA F4 83 F2 71 
"
"2016-11-21 14:34:20ID: BB  Data: 00 00 00 AA 0B 80 00 06 
"
"2016-11-21 14:34:20ID: BC  Data: 00 00 00 AA F4 7F FF FA 
"
"2016-11-21 14:34:20ID: BB  Data: 00 00 00 AA 0B 89 35 C8 
"
"2016-11-21 14:34:20ID: BC  Data: 00 00 00 AA F4 76 CA 38 
"
"2016-11-21 14:34:20ID: BB  Data: 00 00 00 AA 0B A3 86 3A 
"
"2016-11-21 14:34:20ID: BC  Data: 00 00 00 AA F4 5C 79 C6 
"
"2016-11-21 14:34:20ID: BB  Data: 00 00 00 AA 0B BC 85 DA 
"
"2016-11-21 14:34:20ID: BC  Data: 00 00 00 AA F4 43 7A 26 
"
"2016-11-21 14:34:20ID: BB  Data: 00 00 00 AA 0B BF 27 7F 
"
"2016-11-21 14:34:20ID: BC  Data: 00 00 00 AA F4 40 D8 81 
"
"2016-11-21 14:34:20ID: BB  Data: 00 00 00 AA 0B D5 85 7A 
"
"2016-11-21 14:34:20ID: BC  Data: 00 00 00 AA F4 2A 7A 86 
"
"2016-11-21 14:34:20ID: BB  Data: 00 00 00 AA 0B EB E3 75 
"
"2016-11-21 14:34:20ID: BC  Data: 00 00 00 AA F4 14 1C 8B 
"
"2016-11-21 14:34:20ID: BB  Data: 00 00 00 AA 0B F3 C8 64 
"
"2016-11-21 14:34:20ID: BC  Data: 00 00 00 AA F4 0C 37 9C 
"
"2016-11-21 14:34:21ID: BB  Data: 00 00 00 AA 0B FF 9F CA 
"
"2016-11-21 14:34:21ID: BC  Data: 00 00 00 AA F4 00 60 36 
"
"2016-11-21 14:34:21ID: BB  Data: 00 00 00 AA 0C 10 BA 7B 
"
"2016-11-21 14:34:21ID: BC  Data: 00 00 00 AA F3 EF 45 85 
"
"2016-11-21 14:34:21ID: BB  Data: 00 00 00 AA 0C 32 EF DC 
"
"2016-11-21 14:34:21ID: BC  Data: 00 00 00 AA F3 CD 10 24 
"
"2016-11-21 14:34:21ID: BB  Data: 00 00 00 AA 0C 3A D4 CC 
"
"2016-11-21 14:34:21ID: BC  Data: 00 00 00 AA F3 C5 2B 34 
"
"2016-11-21 14:34:21ID: BB  Data: 00 00 00 AA 0C 41 68 E8 
"
"2016-11-21 14:34:21ID: BC  Data: 00 00 00 AA F3 BE 97 18 
"
"2016-11-21 14:34:21ID: BB  Data: 00 00 00 AA 0C 45 5B 60 
"
"2016-11-21 14:34:21ID: BC  Data: 00 00 00 AA F3 BA A4 A0 
"
"2016-11-21 14:34:21ID: BB  Data: 00 00 00 AA 0C 46 AC 32 
"
"2016-11-21 14:34:21ID: BC  Data: 00 00 00 AA F3 B9 53 CE 
"
"2016-11-21 14:34:21ID: BB  Data: 00 00 00 AA 0C 45 5B 60 
"
"2016-11-21 14:34:21ID: BC  Data: 00 00 00 AA F3 BA A4 A0 
"
"2016-11-21 14:34:21ID: BB  Data: 00 00 00 AA 0C 44 0A 8D 
"
"2016-11-21 14:34:21ID: BC  Data: 00 00 00 AA F3 BB F5 73 
"
"2016-11-21 14:34:21ID: BB  Data: 00 00 00 AA 0C 40 18 16 
"
"2016-11-21 14:34:21ID: BC  Data: 00 00 00 AA F3 BF E7 EA 
"
"2016-11-21 14:34:21ID: BB  Data: 00 00 00 AA 0C 3E C7 43 
"
"2016-11-21 14:34:21ID: BC  Data: 00 00 00 AA F3 C1 38 BD 
"
"2016-11-21 14:34:21ID: BB  Data: 00 00 00 AA 0C 40 18 16 
"
"2016-11-21 14:34:22ID: BC  Data: 00 00 00 AA F3 BF E7 EA 
"
"2016-11-21 14:34:22ID: BB  Data: 00 00 00 AA 0C 3E C7 43 
"
"2016-11-21 14:34:22ID: BC  Data: 00 00 00 AA F3 C1 38 BD 
"
"2016-11-21 14:34:22ID: BB  Data: 00 00 00 AA 0C 3E C7 43 
"
"2016-11-21 14:34:22ID: BC  Data: 00 00 00 AA F3 C1 38 BD 
"
"2016-11-21 14:34:22ID: BB  Data: 00 00 00 AA 0C 41 68 E8 
"
"2016-11-21 14:34:22ID: BC  Data: 00 00 00 AA F3 BE 97 18 
"
"2016-11-21 14:34:22ID: BB  Data: 00 00 00 AA 0C 40 18 16 
"
"2016-11-21 14:34:22ID: BC  Data: 00 00 00 AA F3 BF E7 EA 
"
"2016-11-21 14:34:22ID: BB  Data: 00 00 00 AA 0C 3D 76 71 
"
"2016-11-21 14:34:22ID: BC  Data: 00 00 00 AA F3 C2 89 8F 
"
"2016-11-21 14:34:22ID: BB  Data: 00 00 00 AA 0C 40 18 16 
"
"2016-11-21 14:34:22ID: BC  Data: 00 00 00 AA F3 BF E7 EA 
"
"2016-11-21 14:34:22ID: BB  Data: 00 00 00 AA 0C 41 68 E8 
"
"2016-11-21 14:34:22ID: BC  Data: 00 00 00 AA F3 BE 97 18 
"
"2016-11-21 14:34:22ID: BB  Data: 00 00 00 AA 0C 45 5B 60 
"
"2016-11-21 14:34:22ID: BC  Data: 00 00 00 AA F3 BA A4 A0 
"
"2016-11-21 14:34:22ID: BB  Data: 00 00 00 AA 0C 47 FD 05 
"
"2016-11-21 14:34:22ID: BC  Data: 00 00 00 AA F3 B8 02 FB 
"
"2016-11-21 14:34:22ID: BB  Data: 00 00 00 AA 0C 46 AC 32 
"
"2016-11-21 14:34:22ID: BC  Data: 00 00 00 AA F3 B9 53 CE 
"
"2016-11-21 14:34:22ID: BB  Data: 00 00 00 AA 0C 44 0A 8D 
"
"2016-11-21 14:34:22ID: BC  Data: 00 00 00 AA F3 BB F5 73 
"
"2016-11-21 14:34:23ID: BB  Data: 00 00 00 AA 0C 3C 25 9E 
"
"2016-11-21 14:34:23ID: BC  Data: 00 00 00 AA F3 C3 DA 62 
"
"2016-11-21 14:34:23ID: BB  Data: 00 00 00 AA 0C 52 83 99 
"
"2016-11-21 14:34:23ID: BC  Data: 00 00 00 AA F3 AD 7C 67 
"
"2016-11-21 14:34:23ID: BB  Data: 00 00 00 AA 0C 62 4D 77 
"
"2016-11-21 14:34:23ID: BC  Data: 00 00 00 AA F3 9D B2 89 
"
"2016-11-21 14:34:23ID: BB  Data: 00 00 00 AA 0C 66 3F EF 
"
"2016-11-21 14:34:23ID: BC  Data: 00 00 00 AA F3 99 C0 11 
"
"2016-11-21 14:34:23ID: BB  Data: 00 00 00 AA 0C 66 3F EF 
"
"2016-11-21 14:34:23ID: BC  Data: 00 00 00 AA F3 99 C0 11 
"
"2016-11-21 14:34:23ID: BB  Data: 00 00 00 AA 0C 56 76 10 
"
"2016-11-21 14:34:23ID: BC  Data: 00 00 00 AA F3 A9 89 F0 
"
"2016-11-21 14:34:23ID: BB  Data: 00 00 00 AA 0C 55 25 3E 
"
"2016-11-21 14:34:23ID: BC  Data: 00 00 00 AA F3 AA DA C2 
"
"2016-11-21 14:34:23ID: BB  Data: 00 00 00 AA 0C 4D 40 4F 
"
"2016-11-21 14:34:23ID: BC  Data: 00 00 00 AA F3 B2 BF B1 
"
"2016-11-21 14:34:23ID: BB  Data: 00 00 00 AA 0C 52 83 99 
"
"2016-11-21 14:34:23ID: BC  Data: 00 00 00 AA F3 AD 7C 67 
"
"2016-11-21 14:34:23ID: BB  Data: 00 00 00 AA 0C 4D 40 4F 
"
"2016-11-21 14:34:23ID: BC  Data: 00 00 00 AA F3 B2 BF B1 
"
"2016-11-21 14:34:23ID: BB  Data: 00 00 00 AA 0C 41 68 E8 
"
"2016-11-21 14:34:23ID: BC  Data: 00 00 00 AA F3 BE 97 18 
"
"2016-11-21 14:34:24ID: BB  Data: 00 00 00 AA 0C 47 FD 05 
"
"2016-11-21 14:34:24ID: BC  Data: 00 00 00 AA F3 B8 02 FB 
"
"2016-11-21 14:34:24ID: BB  Data: 00 00 00 AA 0C 41 68 E8 
"
"2016-11-21 14:34:24ID: BC  Data: 00 00 00 AA F3 BE 97 18 
"
"2016-11-21 14:34:24ID: BB  Data: 00 00 00 AA 0C 41 68 E8 
"
"2016-11-21 14:34:24ID: BC  Data: 00 00 00 AA F3 BE 97 18 
"
"2016-11-21 14:34:24ID: BB  Data: 00 00 00 AA 0C 3E C7 43 
"
"2016-11-21 14:34:24ID: BC  Data: 00 00 00 AA F3 C1 38 BD 
"
"2016-11-21 14:34:24ID: BB  Data: 00 00 00 AA 0C 3E C7 43 
"
"2016-11-21 14:34:24ID: BC  Data: 00 00 00 AA F3 C1 38 BD 
"
"2016-11-21 14:34:24ID: BB  Data: 00 00 00 AA 0C 3E C7 43 
"
"2016-11-21 14:34:24ID: BC  Data: 00 00 00 AA F3 C1 38 BD 
"
"2016-11-21 14:34:24ID: BB  Data: 00 00 00 AA 0C 41 68 E8 
"
"2016-11-21 14:34:24ID: BC  Data: 00 00 00 AA F3 BE 97 18 
"
"2016-11-21 14:34:24ID: BB  Data: 00 00 00 AA 0C 41 68 E8 
"
"2016-11-21 14:34:24ID: BC  Data: 00 00 00 AA F3 BE 97 18 
"
"2016-11-21 14:34:24ID: BB  Data: 00 00 00 AA 0C 46 AC 32 
"
"2016-11-21 14:34:24ID: BC  Data: 00 00 00 AA F3 B9 53 CE 
"
"2016-11-21 14:34:24ID: BB  Data: 00 00 00 AA 0C 49 4D D7 
"
"2016-11-21 14:34:24ID: BC  Data: 00 00 00 AA F3 B6 B2 29 
"
"2016-11-21 14:34:24ID: BB  Data: 00 00 00 AA 0C 4D 40 4F 
"
"2016-11-21 14:34:24ID: BC  Data: 00 00 00 AA F3 B2 BF B1 
"
"2016-11-21 14:34:24ID: BB  Data: 00 00 00 AA 0C 4E 91 21 
"
"2016-11-21 14:34:24ID: BC  Data: 00 00 00 AA F3 B1 6E DF 
"
"2016-11-21 14:34:25ID: BB  Data: 00 00 00 AA 0C 59 17 B5 
"
"2016-11-21 14:34:25ID: BC  Data: 00 00 00 AA F3 A6 E8 4B 
"
"2016-11-21 14:34:25ID: BB  Data: 00 00 00 AA 0C 68 E1 94 
"
"2016-11-21 14:34:25ID: BC  Data: 00 00 00 AA F3 97 1E 6C 
"
"2016-11-21 14:34:25ID: BB  Data: 00 00 00 AA 0C 6E 24 DE 
"
"2016-11-21 14:34:25ID: BC  Data: 00 00 00 AA F3 91 DB 22 
"
"2016-11-21 14:34:25ID: BB  Data: 00 00 00 AA 0C 74 B8 FA 
"
"2016-11-21 14:34:25ID: BC  Data: 00 00 00 AA F3 8B 47 06 
"
"2016-11-21 14:34:25ID: BB  Data: 00 00 00 AA 0C CA 3E 6E 
"
"2016-11-21 14:34:25ID: BC  Data: 00 00 00 AA F3 35 C1 92 
"
"2016-11-21 14:34:25ID: BB  Data: 00 00 00 AA 0D 1A 80 97 
"
"2016-11-21 14:34:25ID: BC  Data: 00 00 00 AA F2 E5 7F 69 
"
"2016-11-21 14:34:25ID: BB  Data: 00 00 00 AA 0D 1A 80 97 
"
"2016-11-21 14:34:25ID: BC  Data: 00 00 00 AA F2 E5 7F 69 
"
"2016-11-21 14:34:25ID: BB  Data: 00 00 00 AA 0D 17 DE F2 
"
"2016-11-21 14:34:25ID: BC  Data: 00 00 00 AA F2 E8 21 0E 
"
"2016-11-21 14:34:25ID: BB  Data: 00 00 00 AA 0D 19 2F C5 
"
"2016-11-21 14:34:25ID: BC  Data: 00 00 00 AA F2 E6 D0 3B 
"
"2016-11-21 14:34:25ID: BB  Data: 00 00 00 AA 0D 19 2F C5 
"
"2016-11-21 14:34:25ID: BC  Data: 00 00 00 AA F2 E6 D0 3B 
"
"2016-11-21 14:34:25ID: BB  Data: 00 00 00 AA 0D 17 DE F2 
"
"2016-11-21 14:34:25ID: BC  Data: 00 00 00 AA F2 E8 21 0E 
"
"2016-11-21 14:34:26ID: BB  Data: 00 00 00 AA 0D 15 3D 4D 
"
"2016-11-21 14:34:26ID: BC  Data: 00 00 00 AA F2 EA C2 B3 
"
"2016-11-21 14:34:26ID: BB  Data: 00 00 00 AA 0D 16 8E 20 
"
"2016-11-21 14:34:26ID: BC  Data: 00 00 00 AA F2 E9 71 E0 
"
"2016-11-21 14:34:26ID: BB  Data: 00 00 00 AA 0D 1B D1 6A 
"
"2016-11-21 14:34:26ID: BC  Data: 00 00 00 AA F2 E4 2E 96 
"
"2016-11-21 14:34:26ID: BB  Data: 00 00 00 AA 0D 1F C3 E2 
"
"2016-11-21 14:34:26ID: BC  Data: 00 00 00 AA F2 E0 3C 1E 
"
"2016-11-21 14:34:26ID: BB  Data: 00 00 00 AA 0D 25 07 2C 
"
"2016-11-21 14:34:26ID: BC  Data: 00 00 00 AA F2 DA F8 D4 
"
"2016-11-21 14:34:26ID: BB  Data: 00 00 00 AA 0D 2F 8D C0 
"
"2016-11-21 14:34:26ID: BC  Data: 00 00 00 AA F2 D0 72 40 
"
"2016-11-21 14:34:26ID: BB  Data: 00 00 00 AA 0D 34 D1 0A 
"
"2016-11-21 14:34:26ID: BC  Data: 00 00 00 AA F2 CB 2E F6 
"
"2016-11-21 14:34:26ID: BB  Data: 00 00 00 AA 0D 40 A8 70 
"
"2016-11-21 14:34:26ID: BC  Data: 00 00 00 AA F2 BF 57 90 
"
"2016-11-21 14:34:26ID: BB  Data: 00 00 00 AA 0D 49 DE 32 
"
"2016-11-21 14:34:26ID: BC  Data: 00 00 00 AA F2 B6 21 CE 
"
"2016-11-21 14:34:26ID: BB  Data: 00 00 00 AA 0D 4B 2F 05 
"
"2016-11-21 14:34:26ID: BC  Data: 00 00 00 AA F2 B4 D0 FB 
"
"2016-11-21 14:34:26ID: BB  Data: 00 00 00 AA 0D 4F 21 7C 
"
"2016-11-21 14:34:26ID: BC  Data: 00 00 00 AA F2 B0 DE 84 
"
"2016-11-21 14:34:27ID: BB  Data: 00 00 00 AA 0D 5E EB 5A 
"
"2016-11-21 14:34:27ID: BC  Data: 00 00 00 AA F2 A1 14 A6 
"
"2016-11-21 14:34:27ID: BB  Data: 00 00 00 AA 0D 7A 8C 9F 
"
"2016-11-21 14:34:27ID: BC  Data: 00 00 00 AA F2 85 73 61 
"
"2016-11-21 14:34:27ID: BB  Data: 00 00 00 AA 0D 8E 48 F5 
"
"2016-11-21 14:34:27ID: BC  Data: 00 00 00 AA F2 71 B7 0B 
"
"2016-11-21 14:34:27ID: BB  Data: 00 00 00 AA 0D AD DC B1 
"
"2016-11-21 14:34:27ID: BC  Data: 00 00 00 AA F2 52 23 4F 
"
"2016-11-21 14:34:27ID: BB  Data: 00 00 00 AA 0D CC 1F 9B 
"
"2016-11-21 14:34:27ID: BC  Data: 00 00 00 AA F2 33 E0 65 
"
"2016-11-21 14:34:27ID: BB  Data: 00 00 00 AA 0D D9 47 D4 
"
"2016-11-21 14:34:27ID: BC  Data: 00 00 00 AA F2 26 B8 2C 
"
"2016-11-21 14:34:27ID: BB  Data: 00 00 00 AA 0D DD 3A 4C 
"
"2016-11-21 14:34:27ID: BC  Data: 00 00 00 AA F2 22 C5 B4 
"
"2016-11-21 14:34:27ID: BB  Data: 00 00 00 AA 0D DF DB F1 
"
"2016-11-21 14:34:27ID: BC  Data: 00 00 00 AA F2 20 24 0F 
"
"2016-11-21 14:34:27ID: BB  Data: 00 00 00 AA 0D FC CE 08 
"
"2016-11-21 14:34:27ID: BC  Data: 00 00 00 AA F2 03 31 F8 
"
"2016-11-21 14:34:27ID: BB  Data: 00 00 00 AA 0E 41 38 CB 
"
"2016-11-21 14:34:27ID: BC  Data: 00 00 00 AA F1 BE C7 35 
"
"2016-11-21 14:34:27ID: BB  Data: 00 00 00 AA 0E 5A 38 6B 
"
"2016-11-21 14:34:27ID: BC  Data: 00 00 00 AA F1 A5 C7 95 
"
"2016-11-21 14:34:27ID: BB  Data: 00 00 00 AA 0E 5C DA 10 
"
"2016-11-21 14:34:27ID: BC  Data: 00 00 00 AA F1 A3 25 F0 
"
"2016-11-21 14:34:28ID: BB  Data: 00 00 00 AA 0E 5C DA 10 
"
"2016-11-21 14:34:28ID: BC  Data: 00 00 00 AA F1 A3 25 F0 
"
"2016-11-21 14:34:28ID: BB  Data: 00 00 00 AA 0E 5C DA 10 
"
"2016-11-21 14:34:28ID: BC  Data: 00 00 00 AA F1 A3 25 F0 
"
"2016-11-21 14:34:28ID: BB  Data: 00 00 00 AA 0E 5E 2A E3 
"
"2016-11-21 14:34:28ID: BC  Data: 00 00 00 AA F1 A1 D5 1D 
"
"2016-11-21 14:34:28ID: BB  Data: 00 00 00 AA 0E 60 CC 88 
"
"2016-11-21 14:34:28ID: BC  Data: 00 00 00 AA F1 9F 33 78 
"
"2016-11-21 14:34:28ID: BB  Data: 00 00 00 AA 0E 68 B1 77 
"
"2016-11-21 14:34:28ID: BC  Data: 00 00 00 AA F1 97 4E 89 
"
"2016-11-21 14:34:28ID: BB  Data: 00 00 00 AA 0E 6C A3 EE 
"
"2016-11-21 14:34:28ID: BC  Data: 00 00 00 AA F1 93 5C 12 
"
"2016-11-21 14:34:28ID: BB  Data: 00 00 00 AA 0E 6C A3 EE 
"
"2016-11-21 14:34:28ID: BC  Data: 00 00 00 AA F1 93 5C 12 
"
"2016-11-21 14:34:28ID: BB  Data: 00 00 00 AA 0E 75 D9 B0 
"
"2016-11-21 14:34:28ID: BC  Data: 00 00 00 AA F1 8A 26 50 
"
"2016-11-21 14:34:28ID: BB  Data: 00 00 00 AA 0E 78 7B 55 
"
"2016-11-21 14:34:28ID: BC  Data: 00 00 00 AA F1 87 84 AB 
"
"2016-11-21 14:34:28ID: BB  Data: 00 00 00 AA 0E 78 7B 55 
"
"2016-11-21 14:34:28ID: BC  Data: 00 00 00 AA F1 87 84 AB 
"
"2016-11-21 14:34:28ID: BB  Data: 00 00 00 AA 0E 79 CC 27 
"
"2016-11-21 14:34:28ID: BC  Data: 00 00 00 AA F1 86 33 D9 
"
"2016-11-21 14:34:29ID: BB  Data: 00 00 00 AA 0E 75 D9 B0 
"
"2016-11-21 14:34:29ID: BC  Data: 00 00 00 AA F1 8A 26 50 
"
"2016-11-21 14:34:29ID: BB  Data: 00 00 00 AA 0E 78 7B 55 
"
"2016-11-21 14:34:29ID: BC  Data: 00 00 00 AA F1 87 84 AB 
"
"2016-11-21 14:34:29ID: BB  Data: 00 00 00 AA 0E 75 D9 B0 
"
"2016-11-21 14:34:29ID: BC  Data: 00 00 00 AA F1 8A 26 50 
"
"2016-11-21 14:34:29ID: BB  Data: 00 00 00 AA 0E 75 D9 B0 
"
"2016-11-21 14:34:29ID: BC  Data: 00 00 00 AA F1 8A 26 50 
"
"2016-11-21 14:34:29ID: BB  Data: 00 00 00 AA 0E 73 38 0B 
"
"2016-11-21 14:34:29ID: BC  Data: 00 00 00 AA F1 8C C7 F5 
"
"2016-11-21 14:34:29ID: BB  Data: 00 00 00 AA 0E 70 96 66 
"
"2016-11-21 14:34:29ID: BC  Data: 00 00 00 AA F1 8F 69 9A 
"
"2016-11-21 14:34:29ID: BB  Data: 00 00 00 AA 0E 70 96 66 
"
"2016-11-21 14:34:29ID: BC  Data: 00 00 00 AA F1 8F 69 9A 
"
"2016-11-21 14:34:29ID: BB  Data: 00 00 00 AA 0E 6D F4 C1 
"
"2016-11-21 14:34:29ID: BC  Data: 00 00 00 AA F1 92 0B 3F 
"
"2016-11-21 14:34:29ID: BB  Data: 00 00 00 AA 0E 6F 45 93 
"
"2016-11-21 14:34:29ID: BC  Data: 00 00 00 AA F1 90 BA 6D 
"
"2016-11-21 14:34:29ID: BB  Data: 00 00 00 AA 0E 73 38 0B 
"
"2016-11-21 14:34:29ID: BC  Data: 00 00 00 AA F1 8C C7 F5 
"
"2016-11-21 14:34:29ID: BB  Data: 00 00 00 AA 0E 6C A3 EE 
"
"2016-11-21 14:34:29ID: BC  Data: 00 00 00 AA F1 93 5C 12 
"
"2016-11-21 14:34:29ID: BB  Data: 00 00 00 AA 0E 6A 02 49 
"
"2016-11-21 14:34:29ID: BC  Data: 00 00 00 AA F1 95 FD B7 
"
"2016-11-21 14:34:30ID: BB  Data: 00 00 00 AA 0E 6B 53 1C 
"
"2016-11-21 14:34:30ID: BC  Data: 00 00 00 AA F1 94 AC E4 
"
"2016-11-21 14:34:30ID: BB  Data: 00 00 00 AA 0E 68 B1 77 
"
"2016-11-21 14:34:30ID: BC  Data: 00 00 00 AA F1 97 4E 89 
"
"2016-11-21 14:34:30ID: BB  Data: 00 00 00 AA 0E 6A 02 49 
"
"2016-11-21 14:34:30ID: BC  Data: 00 00 00 AA F1 95 FD B7 
"
"2016-11-21 14:34:30ID: BB  Data: 00 00 00 AA 0E 67 60 A4 
"
"2016-11-21 14:34:30ID: BC  Data: 00 00 00 AA F1 98 9F 5C 
"
"2016-11-21 14:34:30ID: BB  Data: 00 00 00 AA 0E 6B 53 1C 
"
"2016-11-21 14:34:30ID: BC  Data: 00 00 00 AA F1 94 AC E4 
"
"2016-11-21 14:34:30ID: BB  Data: 00 00 00 AA 0E 6B 53 1C 
"
"2016-11-21 14:34:30ID: BC  Data: 00 00 00 AA F1 94 AC E4 
"
"2016-11-21 14:34:30ID: BB  Data: 00 00 00 AA 0E 6A 02 49 
"
"2016-11-21 14:34:30ID: BC  Data: 00 00 00 AA F1 95 FD B7 
"
"2016-11-21 14:34:30ID: BB  Data: 00 00 00 AA 0E 6C A3 EE 
"
"2016-11-21 14:34:30ID: BC  Data: 00 00 00 AA F1 93 5C 12 
"
"2016-11-21 14:34:30ID: BB  Data: 00 00 00 AA 0E 68 B1 77 
"
"2016-11-21 14:34:30ID: BC  Data: 00 00 00 AA F1 97 4E 89 
"
"2016-11-21 14:34:30ID: BB  Data: 00 00 00 AA 0E 6B 53 1C 
"
"2016-11-21 14:34:30ID: BC  Data: 00 00 00 AA F1 94 AC E4 
"
"2016-11-21 14:34:30ID: BB  Data: 00 00 00 AA 0E 6C A3 EE 
"
"2016-11-21 14:34:30ID: BC  Data: 00 00 00 AA F1 93 5C 12 
"
"2016-11-21 14:34:31ID: BB  Data: 00 00 00 AA 0E 63 6E 2D 
"
"2016-11-21 14:34:31ID: BC  Data: 00 00 00 AA F1 9C 91 D3 
"
"2016-11-21 14:34:31ID: BB  Data: 00 00 00 AA 0E 5F 7B B5 
"
"2016-11-21 14:34:31ID: BC  Data: 00 00 00 AA F1 A0 84 4B 
"
"2016-11-21 14:34:31ID: BB  Data: 00 00 00 AA 0E 63 6E 2D 
"
"2016-11-21 14:34:31ID: BC  Data: 00 00 00 AA F1 9C 91 D3 
"
"2016-11-21 14:34:31ID: BB  Data: 00 00 00 AA 0E 63 6E 2D 
"
"2016-11-21 14:34:31ID: BC  Data: 00 00 00 AA F1 9C 91 D3 
"
"2016-11-21 14:34:31ID: BB  Data: 00 00 00 AA 0E 60 CC 88 
"
"2016-11-21 14:34:31ID: BC  Data: 00 00 00 AA F1 9F 33 78 
"
"2016-11-21 14:34:31ID: BB  Data: 00 00 00 AA 0E 64 BE FF 
"
"2016-11-21 14:34:31ID: BC  Data: 00 00 00 AA F1 9B 41 01 
"
"2016-11-21 14:34:31ID: BB  Data: 00 00 00 AA 0E 62 1D 5A 
"
"2016-11-21 14:34:31ID: BC  Data: 00 00 00 AA F1 9D E2 A6 
"
"2016-11-21 14:34:31ID: BB  Data: 00 00 00 AA 0E 63 6E 2D 
"
"2016-11-21 14:34:31ID: BC  Data: 00 00 00 AA F1 9C 91 D3 
"
"2016-11-21 14:34:31ID: BB  Data: 00 00 00 AA 0E 60 CC 88 
"
"2016-11-21 14:34:31ID: BC  Data: 00 00 00 AA F1 9F 33 78 
"
"2016-11-21 14:34:31ID: BB  Data: 00 00 00 AA 0E 5F 7B B5 
"
"2016-11-21 14:34:31ID: BC  Data: 00 00 00 AA F1 A0 84 4B 
"
"2016-11-21 14:34:31ID: BB  Data: 00 00 00 AA 0E 5E 2A E3 
"
"2016-11-21 14:34:31ID: BC  Data: 00 00 00 AA F1 A1 D5 1D 
"
"2016-11-21 14:34:32ID: BB  Data: 00 00 00 AA 0E 63 6E 2D 
"
"2016-11-21 14:34:32ID: BC  Data: 00 00 00 AA F1 9C 91 D3 
"
"2016-11-21 14:34:32ID: BB  Data: 00 00 00 AA 0E 67 60 A4 
"
"2016-11-21 14:34:32ID: BC  Data: 00 00 00 AA F1 98 9F 5C 
"
"2016-11-21 14:34:32ID: BB  Data: 00 00 00 AA 0E 63 6E 2D 
"
"2016-11-21 14:34:32ID: BC  Data: 00 00 00 AA F1 9C 91 D3 
"
"2016-11-21 14:34:32ID: BB  Data: 00 00 00 AA 0E 67 60 A4 
"
"2016-11-21 14:34:32ID: BC  Data: 00 00 00 AA F1 98 9F 5C 
"
"2016-11-21 14:34:32ID: BB  Data: 00 00 00 AA 0E 68 B1 77 
"
"2016-11-21 14:34:32ID: BC  Data: 00 00 00 AA F1 97 4E 89 
"
"2016-11-21 14:34:32ID: BB  Data: 00 00 00 AA 0E 6A 02 49 
"
"2016-11-21 14:34:32ID: BC  Data: 00 00 00 AA F1 95 FD B7 
"
"2016-11-21 14:34:32ID: BB  Data: 00 00 00 AA 0E 6A 02 49 
"
"2016-11-21 14:34:32ID: BC  Data: 00 00 00 AA F1 95 FD B7 
"
"2016-11-21 14:34:32ID: BB  Data: 00 00 00 AA 0E 6A 02 49 
"
"2016-11-21 14:34:32ID: BC  Data: 00 00 00 AA F1 95 FD B7 
"
"2016-11-21 14:34:32ID: BB  Data: 00 00 00 AA 0E 68 B1 77 
"
"2016-11-21 14:34:32ID: BC  Data: 00 00 00 AA F1 97 4E 89 
"
"2016-11-21 14:34:32ID: BB  Data: 00 00 00 AA 0E 6A 02 49 
"
"2016-11-21 14:34:32ID: BC  Data: 00 00 00 AA F1 95 FD B7 
"
"2016-11-21 14:34:32ID: BB  Data: 00 00 00 AA 0E 6B 53 1C 
"
"2016-11-21 14:34:32ID: BC  Data: 00 00 00 AA F1 94 AC E4 
"
"2016-11-21 14:34:32ID: BB  Data: 00 00 00 AA 0E 6A 02 49 
"
"2016-11-21 14:34:32ID: BC  Data: 00 00 00 AA F1 95 FD B7 
"
"2016-11-21 14:34:33ID: BB  Data: 00 00 00 AA 0E 6D F4 C1 
"
"2016-11-21 14:34:33ID: BC  Data: 00 00 00 AA F1 92 0B 3F 
"
"2016-11-21 14:34:33ID: BB  Data: 00 00 00 AA 0E 6C A3 EE 
"
"2016-11-21 14:34:33ID: BC  Data: 00 00 00 AA F1 93 5C 12 
"
"2016-11-21 14:34:33ID: BB  Data: 00 00 00 AA 0E 6C A3 EE 
"
"2016-11-21 14:34:33ID: BC  Data: 00 00 00 AA F1 93 5C 12 
"
"2016-11-21 14:34:33ID: BB  Data: 00 00 00 AA 0E 66 0F D2 
"
"2016-11-21 14:34:33ID: BC  Data: 00 00 00 AA F1 99 F0 2E 
"
"2016-11-21 14:34:33ID: BB  Data: 00 00 00 AA 0E 6B 53 1C 
"
"2016-11-21 14:34:33ID: BC  Data: 00 00 00 AA F1 94 AC E4 
"
"2016-11-21 14:34:33ID: BB  Data: 00 00 00 AA 0E 67 60 A4 
"
"2016-11-21 14:34:33ID: BC  Data: 00 00 00 AA F1 98 9F 5C 
"
"2016-11-21 14:34:33ID: BB  Data: 00 00 00 AA 0E 66 0F D2 
"
"2016-11-21 14:34:33ID: BC  Data: 00 00 00 AA F1 99 F0 2E 
"
"2016-11-21 14:34:33ID: BB  Data: 00 00 00 AA 0E 68 B1 77 
"
"2016-11-21 14:34:33ID: BC  Data: 00 00 00 AA F1 97 4E 89 
"
"2016-11-21 14:34:33ID: BB  Data: 00 00 00 AA 0E 68 B1 77 
"
"2016-11-21 14:34:33ID: BC  Data: 00 00 00 AA F1 97 4E 89 
"
"2016-11-21 14:34:33ID: BB  Data: 00 00 00 AA 0E 68 B1 77 
"
"2016-11-21 14:34:33ID: BC  Data: 00 00 00 AA F1 97 4E 89 
"
"2016-11-21 14:34:33ID: BB  Data: 00 00 00 AA 0E 6A 02 49 
"
"2016-11-21 14:34:33ID: BC  Data: 00 00 00 AA F1 95 FD B7 
"
"2016-11-21 14:34:34ID: BB  Data: 00 00 00 AA 0E 68 B1 77 
"
"2016-11-21 14:34:34ID: BC  Data: 00 00 00 AA F1 97 4E 89 
"
"2016-11-21 14:34:34ID: BB  Data: 00 00 00 AA 0E 6D F4 C1 
"
"2016-11-21 14:34:34ID: BC  Data: 00 00 00 AA F1 92 0B 3F 
"
"2016-11-21 14:34:34ID: BB  Data: 00 00 00 AA 0E 66 0F D2 
"
"2016-11-21 14:34:34ID: BC  Data: 00 00 00 AA F1 99 F0 2E 
"
"2016-11-21 14:34:34ID: BB  Data: 00 00 00 AA 0E 6D F4 C1 
"
"2016-11-21 14:34:34ID: BC  Data: 00 00 00 AA F1 92 0B 3F 
"
"2016-11-21 14:34:34ID: BB  Data: 00 00 00 AA 0E 70 96 66 
"
"2016-11-21 14:34:34ID: BC  Data: 00 00 00 AA F1 8F 69 9A 
"
"2016-11-21 14:34:34ID: BB  Data: 00 00 00 AA 0E 6D F4 C1 
"
"2016-11-21 14:34:34ID: BC  Data: 00 00 00 AA F1 92 0B 3F 
"
"2016-11-21 14:34:34ID: BB  Data: 00 00 00 AA 0E 6A 02 49 
"
"2016-11-21 14:34:34ID: BC  Data: 00 00 00 AA F1 95 FD B7 
"
"2016-11-21 14:34:34ID: BB  Data: 00 00 00 AA 0E 6B 53 1C 
"
"2016-11-21 14:34:34ID: BC  Data: 00 00 00 AA F1 94 AC E4 
"
"2016-11-21 14:34:34ID: BB  Data: 00 00 00 AA 0E 6C A3 EE 
"
"2016-11-21 14:34:34ID: BC  Data: 00 00 00 AA F1 93 5C 12 
"
"2016-11-21 14:34:34ID: BB  Data: 00 00 00 AA 0E 62 1D 5A 
"
"2016-11-21 14:34:34ID: BC  Data: 00 00 00 AA F1 9D E2 A6 
"
"2016-11-21 14:34:34ID: BB  Data: 00 00 00 AA 0E 66 0F D2 
"
"2016-11-21 14:34:34ID: BC  Data: 00 00 00 AA F1 99 F0 2E 
"
"2016-11-21 14:34:35ID: BB  Data: 00 00 00 AA 0E 63 6E 2D 
"
"2016-11-21 14:34:35ID: BC  Data: 00 00 00 AA F1 9C 91 D3 
"
"2016-11-21 14:34:35ID: BB  Data: 00 00 00 AA 0E 67 60 A4 
"
"2016-11-21 14:34:35ID: BC  Data: 00 00 00 AA F1 98 9F 5C 
"
"2016-11-21 14:34:35ID: BB  Data: 00 00 00 AA 0E 64 BE FF 
"
"2016-11-21 14:34:35ID: BC  Data: 00 00 00 AA F1 9B 41 01 
"
"2016-11-21 14:34:35ID: BB  Data: 00 00 00 AA 0E 63 6E 2D 
"
"2016-11-21 14:34:35ID: BC  Data: 00 00 00 AA F1 9C 91 D3 
"
"2016-11-21 14:34:35ID: BB  Data: 00 00 00 AA 0E 67 60 A4 
"
"2016-11-21 14:34:35ID: BC  Data: 00 00 00 AA F1 98 9F 5C 
"
"2016-11-21 14:34:35ID: BB  Data: 00 00 00 AA 0E 6B 53 1C 
"
"2016-11-21 14:34:35ID: BC  Data: 00 00 00 AA F1 94 AC E4 
"
"2016-11-21 14:34:35ID: BB  Data: 00 00 00 AA 0E 6B 53 1C 
"
"2016-11-21 14:34:35ID: BC  Data: 00 00 00 AA F1 94 AC E4 
"
"2016-11-21 14:34:35ID: BB  Data: 00 00 00 AA 0E 6F 45 93 
"
"2016-11-21 14:34:35ID: BC  Data: 00 00 00 AA F1 90 BA 6D 
"
"2016-11-21 14:34:35ID: BB  Data: 00 00 00 AA 0E 80 60 44 
"
"2016-11-21 14:34:35ID: BC  Data: 00 00 00 AA F1 7F 9F BC 
"
"2016-11-21 14:34:35ID: BB  Data: 00 00 00 AA 0E FD 5E 63 
"
"2016-11-21 14:34:35ID: BC  Data: 00 00 00 AA F1 02 A1 9D 
"
"2016-11-21 14:34:35ID: BB  Data: 00 00 00 AA 0E FE AF 36 
"
"2016-11-21 14:34:35ID: BC  Data: 00 00 00 AA F1 01 50 CA 
"
"2016-11-21 14:34:35ID: BB  Data: 00 00 00 AA 0F 00 00 08 
"
"2016-11-21 14:34:35ID: BC  Data: 00 00 00 AA F0 FF FF F8 
"
"2016-11-21 14:34:36ID: BB  Data: 00 00 00 AA 0F 00 00 08 
"
"2016-11-21 14:34:36ID: BC  Data: 00 00 00 AA F0 FF FF F8 
"
"2016-11-21 14:34:36ID: BB  Data: 00 00 00 AA 0F 02 A1 AD 
"
"2016-11-21 14:34:36ID: BC  Data: 00 00 00 AA F0 FD 5E 53 
"
"2016-11-21 14:34:36ID: BB  Data: 00 00 00 AA 0E FE AF 36 
"
"2016-11-21 14:34:36ID: BC  Data: 00 00 00 AA F1 01 50 CA 
"
"2016-11-21 14:34:36ID: BB  Data: 00 00 00 AA 0F 00 00 08 
"
"2016-11-21 14:34:36ID: BC  Data: 00 00 00 AA F0 FF FF F8 
"
"2016-11-21 14:34:36ID: BB  Data: 00 00 00 AA 0F 01 50 DB 
"
"2016-11-21 14:34:36ID: BC  Data: 00 00 00 AA F0 FE AF 25 
"
"2016-11-21 14:34:36ID: BB  Data: 00 00 00 AA 0F 01 50 DB 
"
"2016-11-21 14:34:36ID: BC  Data: 00 00 00 AA F0 FE AF 25 
"
"2016-11-21 14:34:36ID: BB  Data: 00 00 00 AA 0F 01 50 DB 
"
"2016-11-21 14:34:36ID: BC  Data: 00 00 00 AA F0 FE AF 25 
"
"2016-11-21 14:34:36ID: BB  Data: 00 00 00 AA 0F 00 00 08 
"
"2016-11-21 14:34:36ID: BC  Data: 00 00 00 AA F0 FF FF F8 
"
"2016-11-21 14:34:36ID: BB  Data: 00 00 00 AA 0F 02 A1 AD 
"
"2016-11-21 14:34:36ID: BC  Data: 00 00 00 AA F0 FD 5E 53 
"
"2016-11-21 14:34:36ID: BB  Data: 00 00 00 AA 0F 01 50 DB 
"
"2016-11-21 14:34:36ID: BC  Data: 00 00 00 AA F0 FE AF 25 
"
"2016-11-21 14:34:36ID: BB  Data: 00 00 00 AA 0F 02 A1 AD 
"
"2016-11-21 14:34:36ID: BC  Data: 00 00 00 AA F0 FD 5E 53 
"
"2016-11-21 14:34:37ID: BB  Data: 00 00 00 AA 0F 01 50 DB 
"
"2016-11-21 14:34:37ID: BC  Data: 00 00 00 AA F0 FE AF 25 
"
"2016-11-21 14:34:37ID: BB  Data: 00 00 00 AA 0F 01 50 DB 
"
"2016-11-21 14:34:37ID: BC  Data: 00 00 00 AA F0 FE AF 25 
"
"2016-11-21 14:34:37ID: BB  Data: 00 00 00 AA 0F 01 50 DB 
"
"2016-11-21 14:34:37ID: BC  Data: 00 00 00 AA F0 FE AF 25 
"
"2016-11-21 14:34:37ID: BB  Data: 00 00 00 AA 0F 01 50 DB 
"
"2016-11-21 14:34:37ID: BC  Data: 00 00 00 AA F0 FE AF 25 
"
"2016-11-21 14:34:37ID: BB  Data: 00 00 00 AA 0F 03 F2 80 
"
"2016-11-21 14:34:37ID: BC  Data: 00 00 00 AA F0 FC 0D 80 
"
"2016-11-21 14:34:37ID: BB  Data: 00 00 00 AA 0F 00 00 08 
"
"2016-11-21 14:34:37ID: BC  Data: 00 00 00 AA F0 FF FF F8 
"
"2016-11-21 14:34:37ID: BB  Data: 00 00 00 AA 0F 01 50 DB 
"
"2016-11-21 14:34:37ID: BC  Data: 00 00 00 AA F0 FE AF 25 
"
"2016-11-21 14:34:37ID: BB  Data: 00 00 00 AA 0F 02 A1 AD 
"
"2016-11-21 14:34:37ID: BC  Data: 00 00 00 AA F0 FD 5E 53 
"
"2016-11-21 14:34:37ID: BB  Data: 00 00 00 AA 0F 01 50 DB 
"
"2016-11-21 14:34:37ID: BC  Data: 00 00 00 AA F0 FE AF 25 
"
"2016-11-21 14:34:37ID: BB  Data: 00 00 00 AA 0F 00 00 08 
"
"2016-11-21 14:34:37ID: BC  Data: 00 00 00 AA F0 FF FF F8 
"
"2016-11-21 14:34:37ID: BB  Data: 00 00 00 AA 0F 02 A1 AD 
"
"2016-11-21 14:34:37ID: BC  Data: 00 00 00 AA F0 FD 5E 53 
"
"2016-11-21 14:34:37ID: BB  Data: 00 00 00 AA 0F 00 00 08 
"
"2016-11-21 14:34:37ID: BC  Data: 00 00 00 AA F0 FF FF F8 
"
"2016-11-21 14:34:38ID: BB  Data: 00 00 00 AA 0F 00 00 08 
"
"2016-11-21 14:34:38ID: BC  Data: 00 00 00 AA F0 FF FF F8 
"
"2016-11-21 14:34:38ID: BB  Data: 00 00 00 AA 0F 00 00 08 
"
"2016-11-21 14:34:38ID: BC  Data: 00 00 00 AA F0 FF FF F8 
"
"2016-11-21 14:34:38ID: BB  Data: 00 00 00 AA 0F 02 A1 AD 
"
"2016-11-21 14:34:38ID: BC  Data: 00 00 00 AA F0 FD 5E 53 
"
"2016-11-21 14:34:38ID: BB  Data: 00 00 00 AA 0F 02 A1 AD 
"
"2016-11-21 14:34:38ID: BC  Data: 00 00 00 AA F0 FD 5E 53 
"
"2016-11-21 14:34:38ID: BB  Data: 00 00 00 AA 0F 01 50 DB 
"
"2016-11-21 14:34:38ID: BC  Data: 00 00 00 AA F0 FE AF 25 
"
"2016-11-21 14:34:38ID: BB  Data: 00 00 00 AA 0F 00 00 08 
"
"2016-11-21 14:34:38ID: BC  Data: 00 00 00 AA F0 FF FF F8 
"
"2016-11-21 14:34:38ID: BB  Data: 00 00 00 AA 0F 01 50 DB 
"
"2016-11-21 14:34:38ID: BC  Data: 00 00 00 AA F0 FE AF 25 
"
"2016-11-21 14:34:38ID: BB  Data: 00 00 00 AA 0F 01 50 DB 
"
"2016-11-21 14:34:38ID: BC  Data: 00 00 00 AA F0 FE AF 25 
"
"2016-11-21 14:34:38ID: BB  Data: 00 00 00 AA 0F 01 50 DB 
"
"2016-11-21 14:34:38ID: BC  Data: 00 00 00 AA F0 FE AF 25 
"
"2016-11-21 14:34:38ID: BB  Data: 00 00 00 AA 0F 02 A1 AD 
"
"2016-11-21 14:34:38ID: BC  Data: 00 00 00 AA F0 FD 5E 53 
"
"2016-11-21 14:34:38ID: BB  Data: 00 00 00 AA 0F 02 A1 AD 
"
"2016-11-21 14:34:38ID: BC  Data: 00 00 00 AA F0 FD 5E 53 
"
"2016-11-21 14:34:39ID: BB  Data: 00 00 00 AA 0F 00 00 08 
"
"2016-11-21 14:34:39ID: BC  Data: 00 00 00 AA F0 FF FF F8 
"
"2016-11-21 14:34:39ID: BB  Data: 00 00 00 AA 0F 01 50 DB 
"
"2016-11-21 14:34:39ID: BC  Data: 00 00 00 AA F0 FE AF 25 
"
"2016-11-21 14:34:39ID: BB  Data: 00 00 00 AA 0E FE AF 36 
"
"2016-11-21 14:34:39ID: BC  Data: 00 00 00 AA F1 01 50 CA 
"
"2016-11-21 14:34:39ID: BB  Data: 00 00 00 AA 0F 02 A1 AD 
"
"2016-11-21 14:34:39ID: BC  Data: 00 00 00 AA F0 FD 5E 53 
"
"2016-11-21 14:34:39ID: BB  Data: 00 00 00 AA 0F 01 50 DB 
"
"2016-11-21 14:34:39ID: BC  Data: 00 00 00 AA F0 FE AF 25 
"
"2016-11-21 14:34:39ID: BB  Data: 00 00 00 AA 0E FE AF 36 
"
"2016-11-21 14:34:39ID: BC  Data: 00 00 00 AA F1 01 50 CA 
"
"2016-11-21 14:34:39ID: BB  Data: 00 00 00 AA 0F 01 50 DB 
"
"2016-11-21 14:34:39ID: BC  Data: 00 00 00 AA F0 FE AF 25 
"
"2016-11-21 14:34:39ID: BB  Data: 00 00 00 AA 0F 01 50 DB 
"
"2016-11-21 14:34:39ID: BC  Data: 00 00 00 AA F0 FE AF 25 
"
"2016-11-21 14:34:39ID: BB  Data: 00 00 00 AA 0F 01 50 DB 
"
"2016-11-21 14:34:39ID: BC  Data: 00 00 00 AA F0 FE AF 25 
"
"2016-11-21 14:34:39ID: BB  Data: 00 00 00 AA 0F 02 A1 AD 
"
"2016-11-21 14:34:39ID: BC  Data: 00 00 00 AA F0 FD 5E 53 
"
"2016-11-21 14:34:39ID: BB  Data: 00 00 00 AA 0F 01 50 DB 
"
"2016-11-21 14:34:39ID: BC  Data: 00 00 00 AA F0 FE AF 25 
"
"2016-11-21 14:34:40ID: BB  Data: 00 00 00 AA 0F 01 50 DB 
"
"2016-11-21 14:34:40ID: BC  Data: 00 00 00 AA F0 FE AF 25 
"
"2016-11-21 14:34:40ID: BB  Data: 00 00 00 AA 0F 02 A1 AD 
"
"2016-11-21 14:34:40ID: BC  Data: 00 00 00 AA F0 FD 5E 53 
"
"2016-11-21 14:34:40ID: BB  Data: 00 00 00 AA 0F 01 50 DB 
"
"2016-11-21 14:34:40ID: BC  Data: 00 00 00 AA F0 FE AF 25 
"
"2016-11-21 14:34:40ID: BB  Data: 00 00 00 AA 0F 03 F2 80 
"
"2016-11-21 14:34:40ID: BC  Data: 00 00 00 AA F0 FC 0D 80 
"
"2016-11-21 14:34:40ID: BB  Data: 00 00 00 AA 0F 02 A1 AD 
"
"2016-11-21 14:34:40ID: BC  Data: 00 00 00 AA F0 FD 5E 53 
"
"2016-11-21 14:34:40ID: BB  Data: 00 00 00 AA 0F 01 50 DB 
"
"2016-11-21 14:34:40ID: BC  Data: 00 00 00 AA F0 FE AF 25 
"
"2016-11-21 14:34:40ID: BB  Data: 00 00 00 AA 0F 00 00 08 
"
"2016-11-21 14:34:40ID: BC  Data: 00 00 00 AA F0 FF FF F8 
"
"2016-11-21 14:34:40ID: BB  Data: 00 00 00 AA 0F 02 A1 AD 
"
"2016-11-21 14:34:40ID: BC  Data: 00 00 00 AA F0 FD 5E 53 
"
"2016-11-21 14:34:40ID: BB  Data: 00 00 00 AA 0F 02 A1 AD 
"
"2016-11-21 14:34:40ID: BC  Data: 00 00 00 AA F0 FD 5E 53 
"
"2016-11-21 14:34:40ID: BB  Data: 00 00 00 AA 0F 01 50 DB 
"
"2016-11-21 14:34:40ID: BC  Data: 00 00 00 AA F0 FE AF 25 
"
"2016-11-21 14:34:40ID: BB  Data: 00 00 00 AA 0F 01 50 DB 
"
"2016-11-21 14:34:40ID: BC  Data: 00 00 00 AA F0 FE AF 25 
"
"2016-11-21 14:34:40ID: BB  Data: 00 00 00 AA 0F 01 50 DB 
"
"2016-11-21 14:34:40ID: BC  Data: 00 00 00 AA F0 FE AF 25 
"
"2016-11-21 14:34:41ID: BB  Data: 00 00 00 AA 0F 01 50 DB 
"
"2016-11-21 14:34:41ID: BC  Data: 00 00 00 AA F0 FE AF 25 
"
"2016-11-21 14:34:41ID: BB  Data: 00 00 00 AA 0F 00 00 08 
"
"2016-11-21 14:34:41ID: BC  Data: 00 00 00 AA F0 FF FF F8 
"
"2016-11-21 14:34:41ID: BB  Data: 00 00 00 AA 0E EA F2 E0 
"
"2016-11-21 14:34:41ID: BC  Data: 00 00 00 AA F1 15 0D 20 
"
"2016-11-21 14:34:41ID: BB  Data: 00 00 00 AA 0E E0 6C 4C 
"
"2016-11-21 14:34:41ID: BC  Data: 00 00 00 AA F1 1F 93 B4 
"
"2016-11-21 14:34:41ID: BB  Data: 00 00 00 AA 0E CE 00 C8 
"
"2016-11-21 14:34:41ID: BC  Data: 00 00 00 AA F1 31 FF 38 
"
"2016-11-21 14:34:41ID: BB  Data: 00 00 00 AA 0E BA 44 73 
"
"2016-11-21 14:34:41ID: BC  Data: 00 00 00 AA F1 45 BB 8D 
"
"2016-11-21 14:34:41ID: BB  Data: 00 00 00 AA 0E A2 95 A5 
"
"2016-11-21 14:34:41ID: BC  Data: 00 00 00 AA F1 5D 6A 5B 
"
"2016-11-21 14:34:41ID: BB  Data: 00 00 00 AA 0E A6 88 1D 
"
"2016-11-21 14:34:41ID: BC  Data: 00 00 00 AA F1 59 77 E3 
"
"2016-11-21 14:34:41ID: BB  Data: 00 00 00 AA 0E A5 37 4A 
"
"2016-11-21 14:34:41ID: BC  Data: 00 00 00 AA F1 5A C8 B6 
"
"2016-11-21 14:34:41ID: BB  Data: 00 00 00 AA 0E 9C 01 89 
"
"2016-11-21 14:34:41ID: BC  Data: 00 00 00 AA F1 63 FE 77 
"
"2016-11-21 14:34:41ID: BB  Data: 00 00 00 AA 0E 88 45 33 
"
"2016-11-21 14:34:41ID: BC  Data: 00 00 00 AA F1 77 BA CD 
"
"2016-11-21 14:34:42ID: BB  Data: 00 00 00 AA 0E 83 01 E9 
"
"2016-11-21 14:34:42ID: BC  Data: 00 00 00 AA F1 7C FE 17 
"
"2016-11-21 14:34:42ID: BB  Data: 00 00 00 AA 0E 6F 45 93 
"
"2016-11-21 14:34:42ID: BC  Data: 00 00 00 AA F1 90 BA 6D 
"
"2016-11-21 14:34:42ID: BB  Data: 00 00 00 AA 0E 47 CC E8 
"
"2016-11-21 14:34:42ID: BC  Data: 00 00 00 AA F1 B8 33 18 
"
"2016-11-21 14:34:42ID: BB  Data: 00 00 00 AA 0E 0C 97 E7 
"
"2016-11-21 14:34:42ID: BC  Data: 00 00 00 AA F1 F3 68 19 
"
"2016-11-21 14:34:42ID: BB  Data: 00 00 00 AA 0E 0D E8 B9 
"
"2016-11-21 14:34:42ID: BC  Data: 00 00 00 AA F1 F2 17 47 
"
"2016-11-21 14:34:42ID: BB  Data: 00 00 00 AA 0D FF 6F AD 
"
"2016-11-21 14:34:42ID: BC  Data: 00 00 00 AA F2 00 90 53 
"
"2016-11-21 14:34:42ID: BB  Data: 00 00 00 AA 0D 1E 73 0F 
"
"2016-11-21 14:34:42ID: BC  Data: 00 00 00 AA F2 E1 8C F1 
"
"2016-11-21 14:34:42ID: BB  Data: 00 00 00 AA 05 AD 4C 53 
"
"2016-11-21 14:34:42ID: BC  Data: 00 00 00 AA FA 52 B3 AD 
"
"2016-11-21 14:34:42ID: BB  Data: 00 00 00 AA 01 AC 5B BA 
"
"2016-11-21 14:34:42ID: BC  Data: 00 00 00 AA FE 53 A4 46 
"
"2016-11-21 14:34:42ID: BB  Data: 00 00 00 AA 00 00 00 00 
"
"2016-11-21 14:34:42ID: BC  Data: 00 00 00 AA 00 00 00 00 
"
"2016-11-21 14:34:42ID: BB  Data: 00 00 00 AA 00 00 00 00 
"
"2016-11-21 14:34:42ID: BC  Data: 00 00 00 AA 00 00 00 00 
"
"2016-11-21 14:34:42ID: BB  Data: 00 00 00 AA 00 00 00 00 
"
"2016-11-21 14:34:43ID: BC  Data: 00 00 00 AA 00 00 00 00 
"
"2016-11-21 14:34:43ID: BB  Data: 00 00 00 AA 00 00 00 00 
"
"2016-11-21 14:34:43ID: BC  Data: 00 00 00 AA 00 00 00 00 
"
"2016-11-21 14:34:43ID: BB  Data: 00 00 00 AA 00 00 00 00 
"
"2016-11-21 14:34:43ID: BC  Data: 00 00 00 AA 00 00 00 00 
"
"2016-11-21 14:34:43ID: BB  Data: 00 00 00 AA 00 00 00 00 
"
"2016-11-21 14:34:43ID: BC  Data: 00 00 00 AA 00 00 00 00 
"
"2016-11-21 14:34:43ID: BB  Data: 00 00 00 AA 00 00 00 00 
"
"2016-11-21 14:34:43ID: BC  Data: 00 00 00 AA 00 00 00 00 
"
"2016-11-21 14:34:43ID: BB  Data: 00 00 00 AA 00 00 00 00 
"
"2016-11-21 14:34:43ID: BC  Data: 00 00 00 AA 00 00 00 00 
"
"2016-11-21 14:34:43ID: BB  Data: 00 00 00 AA 00 00 00 00 
"
"2016-11-21 14:34:43ID: BC  Data: 00 00 00 AA 00 00 00 00 
"
"2016-11-21 14:34:43ID: BB  Data: 00 00 00 AA 00 00 00 00 
"
"2016-11-21 14:34:43ID: BC  Data: 00 00 00 AA 00 00 00 00 
"
"2016-11-21 14:34:43ID: BB  Data: 00 00 00 AA 00 00 00 00 
"
"2016-11-21 14:34:43ID: BC  Data: 00 00 00 AA 00 00 00 00 
"
"2016-11-21 14:34:43ID: BB  Data: 00 00 00 AA 00 00 00 00 
"
"2016-11-21 14:34:43ID: BC  Data: 00 00 00 AA 00 00 00 00 
"
"2016-11-21 14:34:43ID: BB  Data: 00 00 00 AA 00 00 00 00 
"
"2016-11-21 14:34:43ID: BC  Data: 00 00 00 AA 00 00 00 00 
"
"2016-11-21 14:34:43ID: BB  Data: 00 00 00 AA 00 00 00 00 
"
"2016-11-21 14:34:43ID: BC  Data: 00 00 00 AA 00 00 00 00 
"
"2016-11-21 14:34:44ID: BB  Data: 00 00 00 AA 00 00 00 00 
"
"2016-11-21 14:34:44ID: BC  Data: 00 00 00 AA 00 00 00 00 
"
"2016-11-21 14:34:44ID: BB  Data: 00 00 00 AA 00 00 00 00 
"
"2016-11-21 14:34:44ID: BC  Data: 00 00 00 AA 00 00 00 00 
"
"2016-11-21 14:34:44ID: BB  Data: 00 00 00 AA 00 00 00 00 
"
"2016-11-21 14:34:44ID: BC  Data: 00 00 00 AA 00 00 00 00 
"
"2016-11-21 14:34:44ID: BB  Data: 00 00 00 AA 00 00 00 00 
"
"2016-11-21 14:34:44ID: BC  Data: 00 00 00 AA 00 00 00 00 
"
"2016-11-21 14:34:44ID: BB  Data: 00 00 00 AA 00 00 00 00 
"
"2016-11-21 14:34:44ID: BC  Data: 00 00 00 AA 00 00 00 00 
"
"2016-11-21 14:34:44ID: BB  Data: 00 00 00 AA 00 00 00 00 
"
"2016-11-21 14:34:44ID: BC  Data: 00 00 00 AA 00 00 00 00 
"
"2016-11-21 14:34:44ID: BB  Data: 00 00 00 AA 00 00 00 00 
"
"2016-11-21 14:34:44ID: BC  Data: 00 00 00 AA 00 00 00 00 
"
"2016-11-21 14:34:44ID: BB  Data: 00 00 00 AA 00 00 00 00 
"
"2016-11-21 14:34:44ID: BC  Data: 00 00 00 AA 00 00 00 00 
"
"2016-11-21 14:34:44ID: BB  Data: 00 00 00 AA 00 00 00 00 
"
"2016-11-21 14:34:44ID: BC  Data: 00 00 00 AA 00 00 00 00 
"
"2016-11-21 14:34:44ID: BB  Data: 00 00 00 AA 00 00 00 00 
"
"2016-11-21 14:34:44ID: BC  Data: 00 00 00 AA 00 00 00 00 
"
"2016-11-21 14:34:44ID: BB  Data: 00 00 00 AA 00 00 00 00 
"
"2016-11-21 14:34:44ID: BC  Data: 00 00 00 AA 00 00 00 00 
"
"2016-11-21 14:34:45ID: BB  Data: 00 00 00 AA 00 00 00 00 
"
"2016-11-21 14:34:45ID: BC  Data: 00 00 00 AA 00 00 00 00 
"
"2016-11-21 14:34:45ID: BB  Data: 00 00 00 AA 00 00 00 00 
"
"2016-11-21 14:34:45ID: BC  Data: 00 00 00 AA 00 00 00 00 
"
"2016-11-21 14:34:45ID: BB  Data: 00 00 00 AA 00 00 00 00 
"
"2016-11-21 14:34:45ID: BC  Data: 00 00 00 AA 00 00 00 00 
"
"2016-11-21 14:34:45ID: BB  Data: 00 00 00 AA 00 00 00 00 
"
"2016-11-21 14:34:45ID: BC  Data: 00 00 00 AA 00 00 00 00 
"
"2016-11-21 14:34:45ID: BB  Data: 00 00 00 AA 00 00 00 00 
"
"2016-11-21 14:34:45ID: BC  Data: 00 00 00 AA 00 00 00 00 
"
"2016-11-21 14:34:45ID: BB  Data: 00 00 00 AA 00 00 00 00 
"
"2016-11-21 14:34:45ID: BC  Data: 00 00 00 AA 00 00 00 00 
"
"2016-11-21 14:34:45ID: BB  Data: 00 00 00 AA 00 00 00 00 
"
"2016-11-21 14:34:45ID: BC  Data: 00 00 00 AA 00 00 00 00 
"
"2016-11-21 14:34:45ID: BB  Data: 00 00 00 AA 00 00 00 00 
"
"2016-11-21 14:34:45ID: BC  Data: 00 00 00 AA 00 00 00 00 
"
"2016-11-21 14:34:45ID: BB  Data: 00 00 00 AA 00 00 00 00 
"
"2016-11-21 14:34:45ID: BC  Data: 00 00 00 AA 00 00 00 00 
"
"2016-11-21 14:34:45ID: BB  Data: 00 00 00 AA 00 00 00 00 
"
"2016-11-21 14:34:45ID: BC  Data: 00 00 00 AA 00 00 00 00 
"
"2016-11-21 14:34:45ID: BB  Data: 00 00 00 AA 00 00 00 00 
"
"2016-11-21 14:34:45ID: BC  Data: 00 00 00 AA 00 00 00 00 
"
"2016-11-21 14:34:45ID: BB  Data: 00 00 00 AA 00 00 00 00 
"
"2016-11-21 14:34:45ID: BC  Data: 00 00 00 AA 00 00 00 00 
"
"2016-11-21 14:34:46ID: BB  Data: 00 00 00 AA 00 00 00 00 
"
"2016-11-21 14:34:46ID: BC  Data: 00 00 00 AA 00 00 00 00 
"
"2016-11-21 14:34:46ID: BB  Data: 00 00 00 AA 00 00 00 00 
"
"2016-11-21 14:34:46ID: BC  Data: 00 00 00 AA 00 00 00 00 
"
"2016-11-21 14:34:46ID: BB  Data: 00 00 00 AA 00 00 00 00 
"
"2016-11-21 14:34:46ID: BC  Data: 00 00 00 AA 00 00 00 00 
"
"2016-11-21 14:34:46ID: BB  Data: 00 00 00 AA 00 00 00 00 
"
"2016-11-21 14:34:46ID: BC  Data: 00 00 00 AA 00 00 00 00 
"
"2016-11-21 14:34:46ID: BB  Data: 00 00 00 AA 01 9C 91 DC 
"
"2016-11-21 14:34:46ID: BC  Data: 00 00 00 AA FE 63 6E 24 
"
"2016-11-21 14:34:46ID: BB  Data: 00 00 00 AA 02 91 4A D0 
"
"2016-11-21 14:34:46ID: BC  Data: 00 00 00 AA FD 6E B5 30 
"
"2016-11-21 14:34:46ID: BB  Data: 00 00 00 AA 04 A2 35 64 
"
"2016-11-21 14:34:46ID: BC  Data: 00 00 00 AA FB 5D CA 9C 
"
"2016-11-21 14:34:46ID: BB  Data: 00 00 00 AA 06 B9 B4 14 
"
"2016-11-21 14:34:46ID: BC  Data: 00 00 00 AA F9 46 4B EC 
"
"2016-11-21 14:34:46ID: BB  Data: 00 00 00 AA 07 D5 E5 B4 
"
"2016-11-21 14:34:46ID: BC  Data: 00 00 00 AA F8 2A 1A 4C 
"
"2016-11-21 14:34:46ID: BB  Data: 00 00 00 AA 08 05 43 4E 
"
"2016-11-21 14:34:46ID: BC  Data: 00 00 00 AA F7 FA BC B2 
"
"2016-11-21 14:34:46ID: BB  Data: 00 00 00 AA 08 11 1A B5 
"
"2016-11-21 14:34:46ID: BC  Data: 00 00 00 AA F7 EE E5 4B 
"
"2016-11-21 14:34:47ID: BB  Data: 00 00 00 AA 08 16 5D FF 
"
"2016-11-21 14:34:47ID: BC  Data: 00 00 00 AA F7 E9 A2 01 
"
"2016-11-21 14:34:47ID: BB  Data: 00 00 00 AA 08 01 50 D7 
"
"2016-11-21 14:34:47ID: BC  Data: 00 00 00 AA F7 FE AF 29 
"
"2016-11-21 14:34:47ID: BB  Data: 00 00 00 AA 08 1C F2 1C 
"
"2016-11-21 14:34:47ID: BC  Data: 00 00 00 AA F7 E3 0D E4 
"
"2016-11-21 14:34:47ID: BB  Data: 00 00 00 AA 07 FD 5E 5F 
"
"2016-11-21 14:34:47ID: BC  Data: 00 00 00 AA F8 02 A1 A1 
"
"2016-11-21 14:34:47ID: BB  Data: 00 00 00 AA 08 2B 6B 27 
"
"2016-11-21 14:34:47ID: BC  Data: 00 00 00 AA F7 D5 E5 AB 
"
"2016-11-21 14:34:47ID: BB  Data: 00 00 00 AA 08 38 93 61 
"
"2016-11-21 14:34:47ID: BC  Data: 00 00 00 AA F7 C7 6C 9F 
"
"2016-11-21 14:34:47ID: BB  Data: 00 00 00 AA 09 AB 9B 46 
"
"2016-11-21 14:34:47ID: BC  Data: 00 00 00 AA F6 54 64 BA 
"
"2016-11-21 14:34:47ID: BB  Data: 00 00 00 AA 0B C4 6A C9 
"
"2016-11-21 14:34:47ID: BC  Data: 00 00 00 AA F4 3B 95 37 
"
"2016-11-21 14:34:47ID: BB  Data: 00 00 00 AA 0B D5 85 7A 
"
"2016-11-21 14:34:47ID: BC  Data: 00 00 00 AA F4 2A 7A 86 
"
"2016-11-21 14:34:47ID: BB  Data: 00 00 00 AA 0B D8 27 1F 
"
"2016-11-21 14:34:47ID: BC  Data: 00 00 00 AA F4 27 D8 E1 
"
"2016-11-21 14:34:47ID: BB  Data: 00 00 00 AA 0C 21 D5 2C 
"
"2016-11-21 14:34:47ID: BC  Data: 00 00 00 AA F3 DE 2A D4 
"
"2016-11-21 14:34:48ID: BB  Data: 00 00 00 AA 0C 6A 32 66 
"
"2016-11-21 14:34:48ID: BC  Data: 00 00 00 AA F3 95 CD 9A 
"
"2016-11-21 14:34:48ID: BB  Data: 00 00 00 AA 0D 25 07 2C 
"
"2016-11-21 14:34:48ID: BC  Data: 00 00 00 AA F2 DA F8 D4 
"
"2016-11-21 14:34:48ID: BB  Data: 00 00 00 AA 0E 2A DA D0 
"
"2016-11-21 14:34:48ID: BC  Data: 00 00 00 AA F1 D5 25 30 
"
"2016-11-21 14:34:48ID: BB  Data: 00 00 00 AA 0E F1 86 FC 
"
"2016-11-21 14:34:48ID: BC  Data: 00 00 00 AA F1 0E 79 04 
"
"2016-11-21 14:34:48ID: BB  Data: 00 00 00 AA 0F 00 00 08 
"
"2016-11-21 14:34:48ID: BC  Data: 00 00 00 AA F0 FF FF F8 
"
"2016-11-21 14:34:48ID: BB  Data: 00 00 00 AA 0E F0 36 2A 
"
"2016-11-21 14:34:48ID: BC  Data: 00 00 00 AA F1 0F C9 D6 
"
"2016-11-21 14:34:48ID: BB  Data: 00 00 00 AA 0E E1 BD 1E 
"
"2016-11-21 14:34:48ID: BC  Data: 00 00 00 AA F1 1E 42 E2 
"
"2016-11-21 14:34:48ID: BB  Data: 00 00 00 AA 0E DF 1B 79 
"
"2016-11-21 14:34:48ID: BC  Data: 00 00 00 AA F1 20 E4 87 
"
"2016-11-21 14:34:48ID: BB  Data: 00 00 00 AA 0E E3 0D F1 
"
"2016-11-21 14:34:48ID: BC  Data: 00 00 00 AA F1 1C F2 0F 
"
"2016-11-21 14:34:48ID: BB  Data: 00 00 00 AA 0E D5 E5 B8 
"
"2016-11-21 14:34:48ID: BC  Data: 00 00 00 AA F1 2A 1A 48 
"
"2016-11-21 14:34:48ID: BB  Data: 00 00 00 AA 0E D5 E5 B8 
"
"2016-11-21 14:34:48ID: BC  Data: 00 00 00 AA F1 2A 1A 48 
"
"2016-11-21 14:34:48ID: BB  Data: 00 00 00 AA 0E D9 D8 2F 
"
"2016-11-21 14:34:48ID: BC  Data: 00 00 00 AA F1 26 27 D1 
"
"2016-11-21 14:34:49ID: BB  Data: 00 00 00 AA 0E D7 36 8A 
"
"2016-11-21 14:34:49ID: BC  Data: 00 00 00 AA F1 28 C9 76 
"
"2016-11-21 14:34:49ID: BB  Data: 00 00 00 AA 0E D0 A2 6E 
"
"2016-11-21 14:34:49ID: BC  Data: 00 00 00 AA F1 2F 5D 92 
"
"2016-11-21 14:34:49ID: BB  Data: 00 00 00 AA 0E E1 BD 1E 
"
"2016-11-21 14:34:49ID: BC  Data: 00 00 00 AA F1 1E 42 E2 
"
"2016-11-21 14:34:49ID: BB  Data: 00 00 00 AA 0E D9 D8 2F 
"
"2016-11-21 14:34:49ID: BC  Data: 00 00 00 AA F1 26 27 D1 
"
"2016-11-21 14:34:49ID: BB  Data: 00 00 00 AA 0E DC 79 D4 
"
"2016-11-21 14:34:49ID: BC  Data: 00 00 00 AA F1 23 86 2C 
"
"2016-11-21 14:34:49ID: BB  Data: 00 00 00 AA 0E E7 00 68 
"
"2016-11-21 14:34:49ID: BC  Data: 00 00 00 AA F1 18 FF 98 
"
"2016-11-21 14:34:49ID: BB  Data: 00 00 00 AA 0E EC 43 B2 
"
"2016-11-21 14:34:49ID: BC  Data: 00 00 00 AA F1 13 BC 4E 
"
"2016-11-21 14:34:49ID: BB  Data: 00 00 00 AA 0E EC 43 B2 
"
"2016-11-21 14:34:49ID: BC  Data: 00 00 00 AA F1 13 BC 4E 
"
"2016-11-21 14:34:49ID: BB  Data: 00 00 00 AA 0E F9 6B EC 
"
"2016-11-21 14:34:49ID: BC  Data: 00 00 00 AA F1 06 94 14 
"
"2016-11-21 14:34:49ID: BB  Data: 00 00 00 AA 0F 00 00 08 
"
"2016-11-21 14:34:49ID: BC  Data: 00 00 00 AA F0 FF FF F8 
"
"2016-11-21 14:34:49ID: BB  Data: 00 00 00 AA 0E FC 0D 91 
"
"2016-11-21 14:34:49ID: BC  Data: 00 00 00 AA F1 03 F2 6F 
"
"2016-11-21 14:34:50ID: BB  Data: 00 00 00 AA 0F 01 50 DB 
"
"2016-11-21 14:34:50ID: BC  Data: 00 00 00 AA F0 FE AF 25 
"
"2016-11-21 14:34:50ID: BB  Data: 00 00 00 AA 0F 00 00 08 
"
"2016-11-21 14:34:50ID: BC  Data: 00 00 00 AA F0 FF FF F8 
"
"2016-11-21 14:34:50ID: BB  Data: 00 00 00 AA 0F 01 50 DB 
"
"2016-11-21 14:34:50ID: BC  Data: 00 00 00 AA F0 FE AF 25 
"
"2016-11-21 14:34:50ID: BB  Data: 00 00 00 AA 0F 00 00 08 
"
"2016-11-21 14:34:50ID: BC  Data: 00 00 00 AA F0 FF FF F8 
"
"2016-11-21 14:34:50ID: BB  Data: 00 00 00 AA 0E FE AF 36 
"
"2016-11-21 14:34:50ID: BC  Data: 00 00 00 AA F1 01 50 CA 
"
"2016-11-21 14:34:50ID: BB  Data: 00 00 00 AA 0F 01 50 DB 
"
"2016-11-21 14:34:50ID: BC  Data: 00 00 00 AA F0 FE AF 25 
"
"2016-11-21 14:34:50ID: BB  Data: 00 00 00 AA 0F 00 00 08 
"
"2016-11-21 14:34:50ID: BC  Data: 00 00 00 AA F0 FF FF F8 
"
"2016-11-21 14:34:50ID: BB  Data: 00 00 00 AA 0F 02 A1 AD 
"
"2016-11-21 14:34:50ID: BC  Data: 00 00 00 AA F0 FD 5E 53 
"
"2016-11-21 14:34:50ID: BB  Data: 00 00 00 AA 0F 02 A1 AD 
"
"2016-11-21 14:34:50ID: BC  Data: 00 00 00 AA F0 FD 5E 53 
"
"2016-11-21 14:34:50ID: BB  Data: 00 00 00 AA 0F 01 50 DB 
"
"2016-11-21 14:34:50ID: BC  Data: 00 00 00 AA F0 FE AF 25 
"
"2016-11-21 14:34:50ID: BB  Data: 00 00 00 AA 0F 00 00 08 
"
"2016-11-21 14:34:50ID: BC  Data: 00 00 00 AA F0 FF FF F8 
"
"2016-11-21 14:34:50ID: BB  Data: 00 00 00 AA 0F 00 00 08 
"
"2016-11-21 14:34:51ID: BC  Data: 00 00 00 AA F0 FF FF F8 
"
"2016-11-21 14:34:51ID: BB  Data: 00 00 00 AA 0F 01 50 DB 
"
"2016-11-21 14:34:51ID: BC  Data: 00 00 00 AA F0 FE AF 25 
"
"2016-11-21 14:34:51ID: BB  Data: 00 00 00 AA 0F 00 00 08 
"
"2016-11-21 14:34:51ID: BC  Data: 00 00 00 AA F0 FF FF F8 
"
"2016-11-21 14:34:51ID: BB  Data: 00 00 00 AA 0F 01 50 DB 
"
"2016-11-21 14:34:51ID: BC  Data: 00 00 00 AA F0 FE AF 25 
"
"2016-11-21 14:34:51ID: BB  Data: 00 00 00 AA 0F 01 50 DB 
"
"2016-11-21 14:34:51ID: BC  Data: 00 00 00 AA F0 FE AF 25 
"
"2016-11-21 14:34:51ID: BB  Data: 00 00 00 AA 0F 00 00 08 
"
"2016-11-21 14:34:51ID: BC  Data: 00 00 00 AA F0 FF FF F8 
"
"2016-11-21 14:34:51ID: BB  Data: 00 00 00 AA 0F 01 50 DB 
"
"2016-11-21 14:34:51ID: BC  Data: 00 00 00 AA F0 FE AF 25 
"
"2016-11-21 14:34:51ID: BB  Data: 00 00 00 AA 0F 01 50 DB 
"
"2016-11-21 14:34:51ID: BC  Data: 00 00 00 AA F0 FE AF 25 
"
"2016-11-21 14:34:51ID: BB  Data: 00 00 00 AA 0E FE AF 36 
"
"2016-11-21 14:34:51ID: BC  Data: 00 00 00 AA F1 01 50 CA 
"
"2016-11-21 14:34:51ID: BB  Data: 00 00 00 AA 0E B1 0E B1 
"
"2016-11-21 14:34:51ID: BC  Data: 00 00 00 AA F1 4E F1 4F 
"
"2016-11-21 14:34:51ID: BB  Data: 00 00 00 AA 0E 13 2C 03 
"
"2016-11-21 14:34:51ID: BC  Data: 00 00 00 AA F1 EC D3 FD 
"
"2016-11-21 14:34:51ID: BB  Data: 00 00 00 AA 0D 92 3B 6C 
"
"2016-11-21 14:34:51ID: BC  Data: 00 00 00 AA F2 6D C4 94 
"
"2016-11-21 14:34:52ID: BB  Data: 00 00 00 AA 0D 83 C2 61 
"
"2016-11-21 14:34:52ID: BC  Data: 00 00 00 AA F2 7C 3D 9F 
"
"2016-11-21 14:34:52ID: BB  Data: 00 00 00 AA 0D 72 A7 B0 
"
"2016-11-21 14:34:52ID: BC  Data: 00 00 00 AA F2 8D 58 50 
"
"2016-11-21 14:34:52ID: BB  Data: 00 00 00 AA 0C E9 D2 2A 
"
"2016-11-21 14:34:52ID: BC  Data: 00 00 00 AA F3 16 2D D6 
"
"2016-11-21 14:34:52ID: BB  Data: 00 00 00 AA 0C BF B7 DA 
"
"2016-11-21 14:34:52ID: BC  Data: 00 00 00 AA F3 40 48 26 
"
"2016-11-21 14:34:52ID: BB  Data: 00 00 00 AA 0C B6 82 18 
"
"2016-11-21 14:34:52ID: BC  Data: 00 00 00 AA F3 49 7D E8 
"
"2016-11-21 14:34:52ID: BB  Data: 00 00 00 AA 0B BD D6 AD 
"
"2016-11-21 14:34:52ID: BC  Data: 00 00 00 AA F4 42 29 53 
"
"2016-11-21 14:34:52ID: BB  Data: 00 00 00 AA 0B 60 6C 4A 
"
"2016-11-21 14:34:52ID: BC  Data: 00 00 00 AA F4 9F 93 B6 
"
"2016-11-21 14:34:52ID: BB  Data: 00 00 00 AA 0B AF 5D A1 
"
"2016-11-21 14:34:52ID: BC  Data: 00 00 00 AA F4 50 A2 5F 
"
"2016-11-21 14:34:52ID: BB  Data: 00 00 00 AA 0B DE BB 3B 
"
"2016-11-21 14:34:52ID: BC  Data: 00 00 00 AA F4 21 44 C5 
"
"2016-11-21 14:34:52ID: BB  Data: 00 00 00 AA 0B F6 6A 09 
"
"2016-11-21 14:34:52ID: BC  Data: 00 00 00 AA F4 09 95 F7 
"
"2016-11-21 14:34:52ID: BB  Data: 00 00 00 AA 0C 1F 33 87 
"
"2016-11-21 14:34:52ID: BC  Data: 00 00 00 AA F3 E0 CC 79 
"
"2016-11-21 14:34:53ID: BB  Data: 00 00 00 AA 0C 95 9D 89 
"
"2016-11-21 14:34:53ID: BC  Data: 00 00 00 AA F3 6A 62 77 
"
"2016-11-21 14:34:53ID: BB  Data: 00 00 00 AA 0C 98 3F 2E 
"
"2016-11-21 14:34:53ID: BC  Data: 00 00 00 AA F3 67 C0 D2 
"
"2016-11-21 14:34:53ID: BB  Data: 00 00 00 AA 0C 9E D3 4B 
"
"2016-11-21 14:34:53ID: BC  Data: 00 00 00 AA F3 61 2C B5 
"
"2016-11-21 14:34:53ID: BB  Data: 00 00 00 AA 0C AA AA B2 
"
"2016-11-21 14:34:53ID: BC  Data: 00 00 00 AA F3 55 55 4E 
"
"2016-11-21 14:34:53ID: BB  Data: 00 00 00 AA 0E 1B 10 F2 
"
"2016-11-21 14:34:53ID: BC  Data: 00 00 00 AA F1 E4 EF 0E 
"
"2016-11-21 14:34:53ID: BB  Data: 00 00 00 AA 0E 89 96 06 
"
"2016-11-21 14:34:53ID: BC  Data: 00 00 00 AA F1 76 69 FA 
"
"2016-11-21 14:34:53ID: BB  Data: 00 00 00 AA 0E 89 96 06 
"
"2016-11-21 14:34:53ID: BC  Data: 00 00 00 AA F1 76 69 FA 
"
"2016-11-21 14:34:53ID: BB  Data: 00 00 00 AA 0E 83 01 E9 
"
"2016-11-21 14:34:53ID: BC  Data: 00 00 00 AA F1 7C FE 17 
"
"2016-11-21 14:34:53ID: BB  Data: 00 00 00 AA 0E B6 51 FB 
"
"2016-11-21 14:34:53ID: BC  Data: 00 00 00 AA F1 49 AE 05 
"
"2016-11-21 14:34:53ID: BB  Data: 00 00 00 AA 0E FA BC BE 
"
"2016-11-21 14:34:53ID: BC  Data: 00 00 00 AA F1 05 43 42 
"
"2016-11-21 14:34:53ID: BB  Data: 00 00 00 AA 0E FE AF 36 
"
"2016-11-21 14:34:53ID: BC  Data: 00 00 00 AA F1 01 50 CA 
"
"2016-11-21 14:34:53ID: BB  Data: 00 00 00 AA 0F 00 00 08 
"
"2016-11-21 14:34:53ID: BC  Data: 00 00 00 AA F0 FF FF F8 
"
"2016-11-21 14:34:54ID: BB  Data: 00 00 00 AA 0E FE AF 36 
"
"2016-11-21 14:34:54ID: BC  Data: 00 00 00 AA F1 01 50 CA 
"
"2016-11-21 14:34:54ID: BB  Data: 00 00 00 AA 0F 00 00 08 
"
"2016-11-21 14:34:54ID: BC  Data: 00 00 00 AA F0 FF FF F8 
"
"2016-11-21 14:34:54ID: BB  Data: 00 00 00 AA 0F 01 50 DB 
"
"2016-11-21 14:34:54ID: BC  Data: 00 00 00 AA F0 FE AF 25 
"
"2016-11-21 14:34:54ID: BB  Data: 00 00 00 AA 0E FE AF 36 
"
"2016-11-21 14:34:54ID: BC  Data: 00 00 00 AA F1 01 50 CA 
"
"2016-11-21 14:34:54ID: BB  Data: 00 00 00 AA 0F 00 00 08 
"
"2016-11-21 14:34:54ID: BC  Data: 00 00 00 AA F0 FF FF F8 
"
"2016-11-21 14:34:54ID: BB  Data: 00 00 00 AA 0F 01 50 DB 
"
"2016-11-21 14:34:54ID: BC  Data: 00 00 00 AA F0 FE AF 25 
"
"2016-11-21 14:34:54ID: BB  Data: 00 00 00 AA 0F 02 A1 AD 
"
"2016-11-21 14:34:54ID: BC  Data: 00 00 00 AA F0 FD 5E 53 
"
"2016-11-21 14:34:54ID: BB  Data: 00 00 00 AA 0F 02 A1 AD 
"
"2016-11-21 14:34:54ID: BC  Data: 00 00 00 AA F0 FD 5E 53 
"
"2016-11-21 14:34:54ID: BB  Data: 00 00 00 AA 0F 01 50 DB 
"
"2016-11-21 14:34:54ID: BC  Data: 00 00 00 AA F0 FE AF 25 
"
"2016-11-21 14:34:54ID: BB  Data: 00 00 00 AA 0F 01 50 DB 
"
"2016-11-21 14:34:54ID: BC  Data: 00 00 00 AA F0 FE AF 25 
"
"2016-11-21 14:34:54ID: BB  Data: 00 00 00 AA 0F 02 A1 AD 
"
"2016-11-21 14:34:54ID: BC  Data: 00 00 00 AA F0 FD 5E 53 
"
"2016-11-21 14:34:55ID: BB  Data: 00 00 00 AA 0F 01 50 DB 
"
"2016-11-21 14:34:55ID: BC  Data: 00 00 00 AA F0 FE AF 25 
"
"2016-11-21 14:34:55ID: BB  Data: 00 00 00 AA 0F 01 50 DB 
"
"2016-11-21 14:34:55ID: BC  Data: 00 00 00 AA F0 FE AF 25 
"
"2016-11-21 14:34:55ID: BB  Data: 00 00 00 AA 0F 01 50 DB 
"
"2016-11-21 14:34:55ID: BC  Data: 00 00 00 AA F0 FE AF 25 
"
"2016-11-21 14:34:55ID: BB  Data: 00 00 00 AA 0F 01 50 DB 
"
"2016-11-21 14:34:55ID: BC  Data: 00 00 00 AA F0 FE AF 25 
"
"2016-11-21 14:34:55ID: BB  Data: 00 00 00 AA 0F 00 00 08 
"
"2016-11-21 14:34:55ID: BC  Data: 00 00 00 AA F0 FF FF F8 
"
"2016-11-21 14:34:55ID: BB  Data: 00 00 00 AA 0E FE AF 36 
"
"2016-11-21 14:34:55ID: BC  Data: 00 00 00 AA F1 01 50 CA 
"
"2016-11-21 14:34:55ID: BB  Data: 00 00 00 AA 0F 01 50 DB 
"
"2016-11-21 14:34:55ID: BC  Data: 00 00 00 AA F0 FE AF 25 
"
"2016-11-21 14:34:55ID: BB  Data: 00 00 00 AA 0F 02 A1 AD 
"
"2016-11-21 14:34:55ID: BC  Data: 00 00 00 AA F0 FD 5E 53 
"
"2016-11-21 14:34:55ID: BB  Data: 00 00 00 AA 0F 03 F2 80 
"
"2016-11-21 14:34:55ID: BC  Data: 00 00 00 AA F0 FC 0D 80 
"
"2016-11-21 14:34:55ID: BB  Data: 00 00 00 AA 0F 03 F2 80 
"
"2016-11-21 14:34:55ID: BC  Data: 00 00 00 AA F0 FC 0D 80 
"
"2016-11-21 14:34:55ID: BB  Data: 00 00 00 AA 0F 02 A1 AD 
"
"2016-11-21 14:34:55ID: BC  Data: 00 00 00 AA F0 FD 5E 53 
"
"2016-11-21 14:34:56ID: BB  Data: 00 00 00 AA 0F 03 F2 80 
"
"2016-11-21 14:34:56ID: BC  Data: 00 00 00 AA F0 FC 0D 80 
"
"2016-11-21 14:34:56ID: BB  Data: 00 00 00 AA 0F 02 A1 AD 
"
"2016-11-21 14:34:56ID: BC  Data: 00 00 00 AA F0 FD 5E 53 
"
"2016-11-21 14:34:56ID: BB  Data: 00 00 00 AA 0F 03 F2 80 
"
"2016-11-21 14:34:56ID: BC  Data: 00 00 00 AA F0 FC 0D 80 
"
"2016-11-21 14:34:56ID: BB  Data: 00 00 00 AA 0F 03 F2 80 
"
"2016-11-21 14:34:56ID: BC  Data: 00 00 00 AA F0 FC 0D 80 
"
"2016-11-21 14:34:56ID: BB  Data: 00 00 00 AA 0F 03 F2 80 
"
"2016-11-21 14:34:56ID: BC  Data: 00 00 00 AA F0 FC 0D 80 
"
"2016-11-21 14:34:56ID: BB  Data: 00 00 00 AA 0F 02 A1 AD 
"
"2016-11-21 14:34:56ID: BC  Data: 00 00 00 AA F0 FD 5E 53 
"
"2016-11-21 14:34:56ID: BB  Data: 00 00 00 AA 0F 02 A1 AD 
"
"2016-11-21 14:34:56ID: BC  Data: 00 00 00 AA F0 FD 5E 53 
"
"2016-11-21 14:34:56ID: BB  Data: 00 00 00 AA 0F 01 50 DB 
"
"2016-11-21 14:34:56ID: BC  Data: 00 00 00 AA F0 FE AF 25 
"
"2016-11-21 14:34:56ID: BB  Data: 00 00 00 AA 0F 02 A1 AD 
"
"2016-11-21 14:34:56ID: BC  Data: 00 00 00 AA F0 FD 5E 53 
"
"2016-11-21 14:34:56ID: BB  Data: 00 00 00 AA 0F 03 F2 80 
"
"2016-11-21 14:34:56ID: BC  Data: 00 00 00 AA F0 FC 0D 80 
"
"2016-11-21 14:34:56ID: BB  Data: 00 00 00 AA 0F 01 50 DB 
"
"2016-11-21 14:34:56ID: BC  Data: 00 00 00 AA F0 FE AF 25 
"
"2016-11-21 14:34:56ID: BB  Data: 00 00 00 AA 0F 03 F2 80 
"
"2016-11-21 14:34:56ID: BC  Data: 00 00 00 AA F0 FC 0D 80 
"
"2016-11-21 14:34:57ID: BB  Data: 00 00 00 AA 0F 02 A1 AD 
"
"2016-11-21 14:34:57ID: BC  Data: 00 00 00 AA F0 FD 5E 53 
"
"2016-11-21 14:34:57ID: BB  Data: 00 00 00 AA 0F 01 50 DB 
"
"2016-11-21 14:34:57ID: BC  Data: 00 00 00 AA F0 FE AF 25 
"
"2016-11-21 14:34:57ID: BB  Data: 00 00 00 AA 0F 02 A1 AD 
"
"2016-11-21 14:34:57ID: BC  Data: 00 00 00 AA F0 FD 5E 53 
"
"2016-11-21 14:34:57ID: BB  Data: 00 00 00 AA 0F 03 F2 80 
"
"2016-11-21 14:34:57ID: BC  Data: 00 00 00 AA F0 FC 0D 80 
"
"2016-11-21 14:34:57ID: BB  Data: 00 00 00 AA 0F 02 A1 AD 
"
"2016-11-21 14:34:57ID: BC  Data: 00 00 00 AA F0 FD 5E 53 
"
"2016-11-21 14:34:57ID: BB  Data: 00 00 00 AA 0E 89 96 06 
"
"2016-11-21 14:34:57ID: BC  Data: 00 00 00 AA F1 76 69 FA 
"
"2016-11-21 14:34:57ID: BB  Data: 00 00 00 AA 0E 17 1E 7B 
"
"2016-11-21 14:34:57ID: BC  Data: 00 00 00 AA F1 E8 E1 85 
"
"2016-11-21 14:34:57ID: BB  Data: 00 00 00 AA 0E 06 03 CA 
"
"2016-11-21 14:34:57ID: BC  Data: 00 00 00 AA F1 F9 FC 36 
"
"2016-11-21 14:34:57ID: BB  Data: 00 00 00 AA 0D B8 63 45 
"
"2016-11-21 14:34:57ID: BC  Data: 00 00 00 AA F2 47 9C BB 
"
"2016-11-21 14:34:57ID: BB  Data: 00 00 00 AA 0D 72 A7 B0 
"
"2016-11-21 14:34:57ID: BC  Data: 00 00 00 AA F2 8D 58 50 
"
"2016-11-21 14:34:57ID: BB  Data: 00 00 00 AA 0C A5 67 67 
"
"2016-11-21 14:34:57ID: BC  Data: 00 00 00 AA F3 5A 98 99 
"
"2016-11-21 14:34:58ID: BB  Data: 00 00 00 AA 0C 52 83 99 
"
"2016-11-21 14:34:58ID: BC  Data: 00 00 00 AA F3 AD 7C 67 
"
"2016-11-21 14:34:58ID: BB  Data: 00 00 00 AA 0C 56 76 10 
"
"2016-11-21 14:34:58ID: BC  Data: 00 00 00 AA F3 A9 89 F0 
"
"2016-11-21 14:34:58ID: BB  Data: 00 00 00 AA 0C 6A 32 66 
"
"2016-11-21 14:34:58ID: BC  Data: 00 00 00 AA F3 95 CD 9A 
"
"2016-11-21 14:34:58ID: BB  Data: 00 00 00 AA 0C 73 68 28 
"
"2016-11-21 14:34:58ID: BC  Data: 00 00 00 AA F3 8C 97 D8 
"
"2016-11-21 14:34:58ID: BB  Data: 00 00 00 AA 0C 7D EE BC 
"
"2016-11-21 14:34:58ID: BC  Data: 00 00 00 AA F3 82 11 44 
"
"2016-11-21 14:34:58ID: BB  Data: 00 00 00 AA 0C 95 9D 89 
"
"2016-11-21 14:34:58ID: BC  Data: 00 00 00 AA F3 6A 62 77 
"
"2016-11-21 14:34:58ID: BB  Data: 00 00 00 AA 0C 90 5A 3F 
"
"2016-11-21 14:34:58ID: BC  Data: 00 00 00 AA F3 6F A5 C1 
"
"2016-11-21 14:34:58ID: BB  Data: 00 00 00 AA 0C 92 FB E4 
"
"2016-11-21 14:34:58ID: BC  Data: 00 00 00 AA F3 6D 04 1C 
"
"2016-11-21 14:34:58ID: BB  Data: 00 00 00 AA 0C E3 3E 0E 
"
"2016-11-21 14:34:58ID: BC  Data: 00 00 00 AA F3 1C C1 F2 
"
"2016-11-21 14:34:58ID: BB  Data: 00 00 00 AA 0D 04 22 9D 
"
"2016-11-21 14:34:58ID: BC  Data: 00 00 00 AA F2 FB DD 63 
"
"2016-11-21 14:34:58ID: BB  Data: 00 00 00 AA 0C FC 3D AE 
"
"2016-11-21 14:34:58ID: BC  Data: 00 00 00 AA F3 03 C2 52 
"
"2016-11-21 14:34:58ID: BB  Data: 00 00 00 AA 0C F5 A9 91 
"
"2016-11-21 14:34:59ID: BC  Data: 00 00 00 AA F3 0A 56 6F 
"
"2016-11-21 14:34:59ID: BB  Data: 00 00 00 AA 0C EF 15 74 
"
"2016-11-21 14:34:59ID: BC  Data: 00 00 00 AA F3 10 EA 8C 
"
"2016-11-21 14:34:59ID: BB  Data: 00 00 00 AA 0C DC A9 F1 
"
"2016-11-21 14:34:59ID: BC  Data: 00 00 00 AA F3 23 56 0F 
"
"2016-11-21 14:34:59ID: BB  Data: 00 00 00 AA 0C CF 81 B8 
"
"2016-11-21 14:34:59ID: BC  Data: 00 00 00 AA F3 30 7E 48 
"
"2016-11-21 14:34:59ID: BB  Data: 00 00 00 AA 0C BE 67 07 
"
"2016-11-21 14:34:59ID: BC  Data: 00 00 00 AA F3 41 98 F9 
"
"2016-11-21 14:34:59ID: BB  Data: 00 00 00 AA 0C 5D 0A 2D 
"
"2016-11-21 14:34:59ID: BC  Data: 00 00 00 AA F3 A2 F5 D3 
"
"2016-11-21 14:34:59ID: BB  Data: 00 00 00 AA 0B DA C8 C4 
"
"2016-11-21 14:34:59ID: BC  Data: 00 00 00 AA F4 25 37 3C 
"
"2016-11-21 14:34:59ID: BB  Data: 00 00 00 AA 0B B9 E4 35 
"
"2016-11-21 14:34:59ID: BC  Data: 00 00 00 AA F4 46 1B CB 
"
"2016-11-21 14:34:59ID: BB  Data: 00 00 00 AA 0A F9 CC 26 
"
"2016-11-21 14:34:59ID: BC  Data: 00 00 00 AA F5 06 33 DA 
"
"2016-11-21 14:34:59ID: BB  Data: 00 00 00 AA 0B 01 B1 15 
"
"2016-11-21 14:34:59ID: BC  Data: 00 00 00 AA F4 FE 4E EB 
"
"2016-11-21 14:34:59ID: BB  Data: 00 00 00 AA 0B 15 6D 6A 
"
"2016-11-21 14:34:59ID: BC  Data: 00 00 00 AA F4 EA 92 96 
"
"2016-11-21 14:34:59ID: BB  Data: 00 00 00 AA 0B 0E D9 4E 
"
"2016-11-21 14:34:59ID: BC  Data: 00 00 00 AA F4 F1 26 B2 
"
"2016-11-21 14:35:00ID: BB  Data: 00 00 00 AA 0A F0 96 64 
"
"2016-11-21 14:35:00ID: BC  Data: 00 00 00 AA F5 0F 69 9C 
"
"2016-11-21 14:35:00ID: BB  Data: 00 00 00 AA 0A DF 7B B3 
"
"2016-11-21 14:35:00ID: BC  Data: 00 00 00 AA F5 20 84 4D 
"
"2016-11-21 14:35:00ID: BB  Data: 00 00 00 AA 0A DE 2A E1 
"
"2016-11-21 14:35:00ID: BC  Data: 00 00 00 AA F5 21 D5 1F 
"
"2016-11-21 14:35:00ID: BB  Data: 00 00 00 AA 0A E7 60 A2 
"
"2016-11-21 14:35:00ID: BC  Data: 00 00 00 AA F5 18 9F 5E 
"
"2016-11-21 14:35:00ID: BB  Data: 00 00 00 AA 0A E8 B1 75 
"
"2016-11-21 14:35:00ID: BC  Data: 00 00 00 AA F5 17 4E 8B 
"
"2016-11-21 14:35:00ID: BB  Data: 00 00 00 AA 0A EC A3 EC 
"
"2016-11-21 14:35:00ID: BC  Data: 00 00 00 AA F5 13 5C 14 
"
"2016-11-21 14:35:00ID: BB  Data: 00 00 00 AA 0B 06 F4 5F 
"
"2016-11-21 14:35:00ID: BC  Data: 00 00 00 AA F4 F9 0B A1 
"
"2016-11-21 14:35:00ID: BB  Data: 00 00 00 AA 0B 15 6D 6A 
"
"2016-11-21 14:35:00ID: BC  Data: 00 00 00 AA F4 EA 92 96 
"
"2016-11-21 14:35:00ID: BB  Data: 00 00 00 AA 0B 09 96 04 
"
"2016-11-21 14:35:00ID: BC  Data: 00 00 00 AA F4 F6 69 FC 
"
"2016-11-21 14:35:00ID: BB  Data: 00 00 00 AA 0A F7 2A 80 
"
"2016-11-21 14:35:00ID: BC  Data: 00 00 00 AA F5 08 D5 80 
"
"2016-11-21 14:35:00ID: BB  Data: 00 00 00 AA 0A F3 38 09 
"
"2016-11-21 14:35:00ID: BC  Data: 00 00 00 AA F5 0C C7 F7 
"
"2016-11-21 14:35:01ID: BB  Data: 00 00 00 AA 0B 01 B1 15 
"
"2016-11-21 14:35:01ID: BC  Data: 00 00 00 AA F4 FE 4E EB 
"
"2016-11-21 14:35:01ID: BB  Data: 00 00 00 AA 0B 12 CB C5 
"
"2016-11-21 14:35:01ID: BC  Data: 00 00 00 AA F4 ED 34 3B 
"
"2016-11-21 14:35:01ID: BB  Data: 00 00 00 AA 0B 19 5F E2 
"
"2016-11-21 14:35:01ID: BC  Data: 00 00 00 AA F4 E6 A0 1E 
"
"2016-11-21 14:35:01ID: BB  Data: 00 00 00 AA 0B 18 0F 0F 
"
"2016-11-21 14:35:01ID: BC  Data: 00 00 00 AA F4 E7 F0 F1 
"
"2016-11-21 14:35:01ID: BB  Data: 00 00 00 AA 0B 19 5F E2 
"
"2016-11-21 14:35:01ID: BC  Data: 00 00 00 AA F4 E6 A0 1E 
"
"2016-11-21 14:35:01ID: BB  Data: 00 00 00 AA 0B 1D 52 59 
"
"2016-11-21 14:35:01ID: BC  Data: 00 00 00 AA F4 E2 AD A7 
"
"2016-11-21 14:35:01ID: BB  Data: 00 00 00 AA 0B 1D 52 59 
"
"2016-11-21 14:35:01ID: BC  Data: 00 00 00 AA F4 E2 AD A7 
"
"2016-11-21 14:35:01ID: BB  Data: 00 00 00 AA 0B 21 44 D1 
"
"2016-11-21 14:35:01ID: BC  Data: 00 00 00 AA F4 DE BB 2F 
"
"2016-11-21 14:35:01ID: BB  Data: 00 00 00 AA 0B 26 88 1B 
"
"2016-11-21 14:35:01ID: BC  Data: 00 00 00 AA F4 D9 77 E5 
"
"2016-11-21 14:35:01ID: BB  Data: 00 00 00 AA 0B 2D 1C 38 
"
"2016-11-21 14:35:01ID: BC  Data: 00 00 00 AA F4 D2 E3 C8 
"
"2016-11-21 14:35:01ID: BB  Data: 00 00 00 AA 0B 27 D8 EE 
"
"2016-11-21 14:35:01ID: BC  Data: 00 00 00 AA F4 D8 27 12 
"
"2016-11-21 14:35:01ID: BB  Data: 00 00 00 AA 0B 23 E6 76 
"
"2016-11-21 14:35:01ID: BC  Data: 00 00 00 AA F4 DC 19 8A 
"
"2016-11-21 14:35:02ID: BB  Data: 00 00 00 AA 0B 26 88 1B 
"
"2016-11-21 14:35:02ID: BC  Data: 00 00 00 AA F4 D9 77 E5 
"
"2016-11-21 14:35:02ID: BB  Data: 00 00 00 AA 0B 23 E6 76 
"
"2016-11-21 14:35:02ID: BC  Data: 00 00 00 AA F4 DC 19 8A 
"
"2016-11-21 14:35:02ID: BB  Data: 00 00 00 AA 0B 21 44 D1 
"
"2016-11-21 14:35:02ID: BC  Data: 00 00 00 AA F4 DE BB 2F 
"
"2016-11-21 14:35:02ID: BB  Data: 00 00 00 AA 0A FB 1C F8 
"
"2016-11-21 14:35:02ID: BC  Data: 00 00 00 AA F5 04 E3 08 
"
"2016-11-21 14:35:02ID: BB  Data: 00 00 00 AA 0A F4 88 DB 
"
"2016-11-21 14:35:02ID: BC  Data: 00 00 00 AA F5 0B 77 25 
"
"2016-11-21 14:35:02ID: BB  Data: 00 00 00 AA 0A EB 53 1A 
"
"2016-11-21 14:35:02ID: BC  Data: 00 00 00 AA F5 14 AC E6 
"
"2016-11-21 14:35:02ID: BB  Data: 00 00 00 AA 0A C9 1D B8 
"
"2016-11-21 14:35:02ID: BC  Data: 00 00 00 AA F5 36 E2 48 
"
"2016-11-21 14:35:02ID: BB  Data: 00 00 00 AA 0A 80 C0 7E 
"
"2016-11-21 14:35:02ID: BC  Data: 00 00 00 AA F5 7F 3F 82 
"
"2016-11-21 14:35:02ID: BB  Data: 00 00 00 AA 09 E1 8C FD 
"
"2016-11-21 14:35:02ID: BC  Data: 00 00 00 AA F6 1E 73 03 
"
"2016-11-21 14:35:02ID: BB  Data: 00 00 00 AA 09 03 32 04 
"
"2016-11-21 14:35:02ID: BC  Data: 00 00 00 AA F6 FC CD FC 
"
"2016-11-21 14:35:02ID: BB  Data: 00 00 00 AA 07 95 6D 68 
"
"2016-11-21 14:35:02ID: BC  Data: 00 00 00 AA F8 6A 92 98 
"
"2016-11-21 14:35:03ID: BB  Data: 00 00 00 AA 05 06 33 E3 
"
"2016-11-21 14:35:03ID: BC  Data: 00 00 00 AA FA F9 CC 1D 
"
"2016-11-21 14:35:03ID: BB  Data: 00 00 00 AA 01 D5 25 38 
"
"2016-11-21 14:35:03ID: BC  Data: 00 00 00 AA FE 2A DA C8 
"
"2016-11-21 14:35:03ID: BB  Data: 00 00 00 AA 00 00 00 00 
"
"2016-11-21 14:35:03ID: BC  Data: 00 00 00 AA 00 00 00 00 
"
"2016-11-21 14:35:03ID: BB  Data: 00 00 00 AA 00 00 00 00 
"
"2016-11-21 14:35:03ID: BC  Data: 00 00 00 AA 00 00 00 00 
"
"2016-11-21 14:35:03ID: BB  Data: 00 00 00 AA 00 00 00 00 
"
"2016-11-21 14:35:03ID: BC  Data: 00 00 00 AA 00 00 00 00 
"
"2016-11-21 14:35:03ID: BB  Data: 00 00 00 AA 00 00 00 00 
"
"2016-11-21 14:35:03ID: BC  Data: 00 00 00 AA 00 00 00 00 
"
"2016-11-21 14:35:03ID: BB  Data: 00 00 00 AA 00 00 00 00 
"
"2016-11-21 14:35:03ID: BC  Data: 00 00 00 AA 00 00 00 00 
"
"2016-11-21 14:35:03ID: BB  Data: 00 00 00 AA 00 00 00 00 
"
"2016-11-21 14:35:03ID: BC  Data: 00 00 00 AA 00 00 00 00 
"
"2016-11-21 14:35:03ID: BB  Data: 00 00 00 AA 00 00 00 00 
"
"2016-11-21 14:35:03ID: BC  Data: 00 00 00 AA 00 00 00 00 
"
"2016-11-21 14:35:03ID: BB  Data: 00 00 00 AA 00 00 00 00 
"
"2016-11-21 14:35:03ID: BC  Data: 00 00 00 AA 00 00 00 00 
"
"2016-11-21 14:35:03ID: BB  Data: 00 00 00 AA 00 00 00 00 
"
"2016-11-21 14:35:03ID: BC  Data: 00 00 00 AA 00 00 00 00 
"
"2016-11-21 14:35:04ID: BB  Data: 00 00 00 AA 00 00 00 00 
"
"2016-11-21 14:35:04ID: BC  Data: 00 00 00 AA 00 00 00 00 
"
"2016-11-21 14:35:04ID: BB  Data: 00 00 00 AA 00 00 00 00 
"
"2016-11-21 14:35:04ID: BC  Data: 00 00 00 AA 00 00 00 00 
"
"2016-11-21 14:35:04ID: BB  Data: 00 00 00 AA 00 00 00 00 
"
"2016-11-21 14:35:04ID: BC  Data: 00 00 00 AA 00 00 00 00 
"
"2016-11-21 14:35:04ID: BB  Data: 00 00 00 AA 00 00 00 00 
"
"2016-11-21 14:35:04ID: BC  Data: 00 00 00 AA 00 00 00 00 
"
"2016-11-21 14:35:04ID: BB  Data: 00 00 00 AA 00 00 00 00 
"
"2016-11-21 14:35:04ID: BC  Data: 00 00 00 AA 00 00 00 00 
"
"2016-11-21 14:35:04ID: BB  Data: 00 00 00 AA 00 00 00 00 
"
"2016-11-21 14:35:04ID: BC  Data: 00 00 00 AA 00 00 00 00 
"
"2016-11-21 14:35:04ID: BB  Data: 00 00 00 AA 00 00 00 00 
"
"2016-11-21 14:35:04ID: BC  Data: 00 00 00 AA 00 00 00 00 
"
"2016-11-21 14:35:04ID: BB  Data: 00 00 00 AA 00 00 00 00 
"
"2016-11-21 14:35:04ID: BC  Data: 00 00 00 AA 00 00 00 00 
"
"2016-11-21 14:35:04ID: BB  Data: 00 00 00 AA 00 00 00 00 
"
"2016-11-21 14:35:04ID: BC  Data: 00 00 00 AA 00 00 00 00 
"
"2016-11-21 14:35:04ID: BB  Data: 00 00 00 AA 00 00 00 00 
"
"2016-11-21 14:35:04ID: BC  Data: 00 00 00 AA 00 00 00 00 
"
"2016-11-21 14:35:04ID: BB  Data: 00 00 00 AA 00 00 00 00 
"
"2016-11-21 14:35:04ID: BC  Data: 00 00 00 AA 00 00 00 00 
"
"2016-11-21 14:35:04ID: BB  Data: 00 00 00 AA 00 00 00 00 
"
"2016-11-21 14:35:04ID: BC  Data: 00 00 00 AA 00 00 00 00 
"
"2016-11-21 14:35:05ID: BB  Data: 00 00 00 AA 00 00 00 00 
"
"2016-11-21 14:35:05ID: BC  Data: 00 00 00 AA 00 00 00 00 
"
"2016-11-21 14:35:05ID: BB  Data: 00 00 00 AA 00 00 00 00 
"
"2016-11-21 14:35:05ID: BC  Data: 00 00 00 AA 00 00 00 00 
"
"2016-11-21 14:35:05ID: BB  Data: 00 00 00 AA 00 00 00 00 
"
"2016-11-21 14:35:05ID: BC  Data: 00 00 00 AA 00 00 00 00 
"
"2016-11-21 14:35:05ID: BB  Data: 00 00 00 AA 00 00 00 00 
"
"2016-11-21 14:35:05ID: BC  Data: 00 00 00 AA 00 00 00 00 
"
"2016-11-21 14:35:05ID: BB  Data: 00 00 00 AA 00 00 00 00 
"
"2016-11-21 14:35:05ID: BC  Data: 00 00 00 AA 00 00 00 00 
"
"2016-11-21 14:35:05ID: BB  Data: 00 00 00 AA 00 00 00 00 
"
"2016-11-21 14:35:05ID: BC  Data: 00 00 00 AA 00 00 00 00 
"
"2016-11-21 14:35:05ID: BB  Data: 00 00 00 AA 00 00 00 00 
"
"2016-11-21 14:35:05ID: BC  Data: 00 00 00 AA 00 00 00 00 
"
"2016-11-21 14:35:05ID: BB  Data: 00 00 00 AA 00 00 00 00 
"
"2016-11-21 14:35:05ID: BC  Data: 00 00 00 AA 00 00 00 00 
"
"2016-11-21 14:35:05ID: BB  Data: 00 00 00 AA 00 00 00 00 
"
"2016-11-21 14:35:05ID: BC  Data: 00 00 00 AA 00 00 00 00 
"
"2016-11-21 14:35:05ID: BB  Data: 00 00 00 AA 00 00 00 00 
"
"2016-11-21 14:35:05ID: BC  Data: 00 00 00 AA 00 00 00 00 
"
"2016-11-21 14:35:05ID: BB  Data: 00 00 00 AA 00 00 00 00 
"
"2016-11-21 14:35:05ID: BC  Data: 00 00 00 AA 00 00 00 00 
"
"2016-11-21 14:35:06ID: BB  Data: 00 00 00 AA 00 00 00 00 
"
"2016-11-21 14:35:06ID: BC  Data: 00 00 00 AA 00 00 00 00 
"
"2016-11-21 14:35:06ID: BB  Data: 00 00 00 AA 00 00 00 00 
"
"2016-11-21 14:35:06ID: BC  Data: 00 00 00 AA 00 00 00 00 
"
"2016-11-21 14:35:06ID: BB  Data: 00 00 00 AA 00 00 00 00 
"
"2016-11-21 14:35:06ID: BC  Data: 00 00 00 AA 00 00 00 00 
"
"2016-11-21 14:35:06ID: BB  Data: 00 00 00 AA 00 00 00 00 
"
"2016-11-21 14:35:06ID: BC  Data: 00 00 00 AA 00 00 00 00 
"
"2016-11-21 14:35:06ID: BB  Data: 00 00 00 AA 00 00 00 00 
"
"2016-11-21 14:35:06ID: BC  Data: 00 00 00 AA 00 00 00 00 
"
"2016-11-21 14:35:06ID: BB  Data: 00 00 00 AA 00 00 00 00 
"
"2016-11-21 14:35:06ID: BC  Data: 00 00 00 AA 00 00 00 00 
"
"2016-11-21 14:35:06ID: BB  Data: 00 00 00 AA 00 00 00 00 
"
"2016-11-21 14:35:06ID: BC  Data: 00 00 00 AA 00 00 00 00 
"
"2016-11-21 14:35:06ID: BB  Data: 00 00 00 AA 00 00 00 00 
"
"2016-11-21 14:35:06ID: BC  Data: 00 00 00 AA 00 00 00 00 
"
"2016-11-21 14:35:06ID: BB  Data: 00 00 00 AA 00 00 00 00 
"
"2016-11-21 14:35:06ID: BC  Data: 00 00 00 AA 00 00 00 00 
"
"2016-11-21 14:35:06ID: BB  Data: 00 00 00 AA 00 00 00 00 
"
"2016-11-21 14:35:06ID: BC  Data: 00 00 00 AA 00 00 00 00 
"
"2016-11-21 14:35:06ID: BB  Data: 00 00 00 AA 00 00 00 00 
"
"2016-11-21 14:35:06ID: BC  Data: 00 00 00 AA 00 00 00 00 
"
"2016-11-21 14:35:06ID: BB  Data: 00 00 00 AA 00 00 00 00 
"
"2016-11-21 14:35:07ID: BC  Data: 00 00 00 AA 00 00 00 00 
"
"2016-11-21 14:35:07ID: BB  Data: 00 00 00 AA 00 00 00 00 
"
"2016-11-21 14:35:07ID: BC  Data: 00 00 00 AA 00 00 00 00 
"
"2016-11-21 14:35:07ID: BB  Data: 00 00 00 AA 00 00 00 00 
"
"2016-11-21 14:35:07ID: BC  Data: 00 00 00 AA 00 00 00 00 
"
"2016-11-21 14:35:07ID: BB  Data: 00 00 00 AA 00 00 00 00 
"
"2016-11-21 14:35:07ID: BC  Data: 00 00 00 AA 00 00 00 00 
"
"2016-11-21 14:35:07ID: BB  Data: 00 00 00 AA 00 00 00 00 
"
"2016-11-21 14:35:07ID: BC  Data: 00 00 00 AA 00 00 00 00 
"
"2016-11-21 14:35:07ID: BB  Data: 00 00 00 AA 00 00 00 00 
"
"2016-11-21 14:35:07ID: BC  Data: 00 00 00 AA 00 00 00 00 
"
"2016-11-21 14:35:07ID: BB  Data: 00 00 00 AA 00 00 00 00 
"
"2016-11-21 14:35:07ID: BC  Data: 00 00 00 AA 00 00 00 00 
"
"2016-11-21 14:35:07ID: BB  Data: 00 00 00 AA 00 00 00 00 
"
"2016-11-21 14:35:07ID: BC  Data: 00 00 00 AA 00 00 00 00 
"
"2016-11-21 14:35:07ID: BB  Data: 00 00 00 AA 00 00 00 00 
"
"2016-11-21 14:35:07ID: BC  Data: 00 00 00 AA 00 00 00 00 
"
"2016-11-21 14:35:07ID: BB  Data: 00 00 00 AA 00 00 00 00 
"
"2016-11-21 14:35:07ID: BC  Data: 00 00 00 AA 00 00 00 00 
"
"2016-11-21 14:35:07ID: BB  Data: 00 00 00 AA 00 00 00 00 
"
"2016-11-21 14:35:07ID: BC  Data: 00 00 00 AA 00 00 00 00 
"
"2016-11-21 14:35:07ID: BB  Data: 00 00 00 AA 00 00 00 00 
"
"2016-11-21 14:35:07ID: BC  Data: 00 00 00 AA 00 00 00 00 
"
"2016-11-21 14:35:08ID: BB  Data: 00 00 00 AA 00 00 00 00 
"
"2016-11-21 14:35:08ID: BC  Data: 00 00 00 AA 00 00 00 00 
"
"2016-11-21 14:35:08ID: BB  Data: 00 00 00 AA 00 00 00 00 
"
"2016-11-21 14:35:08ID: BC  Data: 00 00 00 AA 00 00 00 00 
"
"2016-11-21 14:35:08ID: BB  Data: 00 00 00 AA 00 00 00 00 
"
"2016-11-21 14:35:08ID: BC  Data: 00 00 00 AA 00 00 00 00 
"
"2016-11-21 14:35:08ID: BB  Data: 00 00 00 AA 00 00 00 00 
"
"2016-11-21 14:35:08ID: BC  Data: 00 00 00 AA 00 00 00 00 
"
"2016-11-21 14:35:08ID: BB  Data: 00 00 00 AA 00 00 00 00 
"
"2016-11-21 14:35:08ID: BC  Data: 00 00 00 AA 00 00 00 00 
"
"2016-11-21 14:35:08ID: BB  Data: 00 00 00 AA 00 00 00 00 
"
"2016-11-21 14:35:08ID: BC  Data: 00 00 00 AA 00 00 00 00 
"
"2016-11-21 14:35:08ID: BB  Data: 00 00 00 AA 00 00 00 00 
"
"2016-11-21 14:35:08ID: BC  Data: 00 00 00 AA 00 00 00 00 
"
"2016-11-21 14:35:08ID: BB  Data: 00 00 00 AA 00 00 00 00 
"
"2016-11-21 14:35:08ID: BC  Data: 00 00 00 AA 00 00 00 00 
"
"2016-11-21 14:35:08ID: BB  Data: 00 00 00 AA 00 00 00 00 
"
"2016-11-21 14:35:08ID: BC  Data: 00 00 00 AA 00 00 00 00 
"
"2016-11-21 14:35:08ID: BB  Data: 00 00 00 AA 00 00 00 00 
"
"2016-11-21 14:35:08ID: BC  Data: 00 00 00 AA 00 00 00 00 
"
"2016-11-21 14:35:08ID: BB  Data: 00 00 00 AA 00 00 00 00 
"
"2016-11-21 14:35:08ID: BC  Data: 00 00 00 AA 00 00 00 00 
"
"2016-11-21 14:35:09ID: BB  Data: 00 00 00 AA 00 00 00 00 
"
"2016-11-21 14:35:09ID: BC  Data: 00 00 00 AA 00 00 00 00 
"
"2016-11-21 14:35:09ID: BB  Data: 00 00 00 AA 00 00 00 00 
"
"2016-11-21 14:35:09ID: BC  Data: 00 00 00 AA 00 00 00 00 
"
"2016-11-21 14:35:09ID: BB  Data: 00 00 00 AA 00 00 00 00 
"
"2016-11-21 14:35:09ID: BC  Data: 00 00 00 AA 00 00 00 00 
"
"2016-11-21 14:35:09ID: BB  Data: 00 00 00 AA 00 00 00 00 
"
"2016-11-21 14:35:09ID: BC  Data: 00 00 00 AA 00 00 00 00 
"
"2016-11-21 14:35:09ID: BB  Data: 00 00 00 AA 00 00 00 00 
"
"2016-11-21 14:35:09ID: BC  Data: 00 00 00 AA 00 00 00 00 
"
"2016-11-21 14:35:09ID: BB  Data: 00 00 00 AA 00 00 00 00 
"
"2016-11-21 14:35:09ID: BC  Data: 00 00 00 AA 00 00 00 00 
"
"2016-11-21 14:35:09ID: BB  Data: 00 00 00 AA 00 00 00 00 
"
"2016-11-21 14:35:09ID: BC  Data: 00 00 00 AA 00 00 00 00 
"
"2016-11-21 14:35:09ID: BB  Data: 00 00 00 AA 00 00 00 00 
"
"2016-11-21 14:35:09ID: BC  Data: 00 00 00 AA 00 00 00 00 
"
"2016-11-21 14:35:09ID: BB  Data: 00 00 00 AA 00 00 00 00 
"
"2016-11-21 14:35:09ID: BC  Data: 00 00 00 AA 00 00 00 00 
"
"2016-11-21 14:35:09ID: BB  Data: 00 00 00 AA 00 00 00 00 
"
"2016-11-21 14:35:09ID: BC  Data: 00 00 00 AA 00 00 00 00 
"
"2016-11-21 14:35:09ID: BB  Data: 00 00 00 AA 00 00 00 00 
"
"2016-11-21 14:35:09ID: BC  Data: 00 00 00 AA 00 00 00 00 
"
"2016-11-21 14:35:09ID: BB  Data: 00 00 00 AA 00 00 00 00 
"
"2016-11-21 14:35:09ID: BC  Data: 00 00 00 AA 00 00 00 00 
"
"2016-11-21 14:35:10ID: BB  Data: 00 00 00 AA 00 00 00 00 
"
"2016-11-21 14:35:10ID: BC  Data: 00 00 00 AA 00 00 00 00 
"
"2016-11-21 14:35:10ID: BB  Data: 00 00 00 AA 00 00 00 00 
"
"2016-11-21 14:35:10ID: BC  Data: 00 00 00 AA 00 00 00 00 
"
"2016-11-21 14:35:10ID: BB  Data: 00 00 00 AA 00 00 00 00 
"
"2016-11-21 14:35:10ID: BC  Data: 00 00 00 AA 00 00 00 00 
"
"2016-11-21 14:35:10ID: BB  Data: 00 00 00 AA 00 00 00 00 
"
"2016-11-21 14:35:10ID: BC  Data: 00 00 00 AA 00 00 00 00 
"
"2016-11-21 14:35:10ID: BB  Data: 00 00 00 AA 00 00 00 00 
"
"2016-11-21 14:35:10ID: BC  Data: 00 00 00 AA 00 00 00 00 
"
"2016-11-21 14:35:10ID: BB  Data: 00 00 00 AA 00 00 00 00 
"
"2016-11-21 14:35:10ID: BC  Data: 00 00 00 AA 00 00 00 00 
"
"2016-11-21 14:35:10ID: BB  Data: 00 00 00 AA 00 00 00 00 
"
"2016-11-21 14:35:10ID: BC  Data: 00 00 00 AA 00 00 00 00 
"
"2016-11-21 14:35:10ID: BB  Data: 00 00 00 AA 00 00 00 00 
"
"2016-11-21 14:35:10ID: BC  Data: 00 00 00 AA 00 00 00 00 
"
"2016-11-21 14:35:10ID: BB  Data: 00 00 00 AA 00 00 00 00 
"
"2016-11-21 14:35:10ID: BC  Data: 00 00 00 AA 00 00 00 00 
"
"2016-11-21 14:35:10ID: BB  Data: 00 00 00 AA 00 00 00 00 
"
"2016-11-21 14:35:10ID: BC  Data: 00 00 00 AA 00 00 00 00 
"
"2016-11-21 14:35:10ID: BB  Data: 00 00 00 AA 00 00 00 00 
"
"2016-11-21 14:35:10ID: BC  Data: 00 00 00 AA 00 00 00 00 
"
"2016-11-21 14:35:11ID: BB  Data: 00 00 00 AA 00 00 00 00 
"
"2016-11-21 14:35:11ID: BC  Data: 00 00 00 AA 00 00 00 00 
"
"2016-11-21 14:35:11ID: BB  Data: 00 00 00 AA 00 00 00 00 
"
"2016-11-21 14:35:11ID: BC  Data: 00 00 00 AA 00 00 00 00 
"
"2016-11-21 14:35:11ID: BB  Data: 00 00 00 AA 00 00 00 00 
"
"2016-11-21 14:35:11ID: BC  Data: 00 00 00 AA 00 00 00 00 
"
"2016-11-21 14:35:11ID: BB  Data: 00 00 00 AA 00 00 00 00 
"
"2016-11-21 14:35:11ID: BC  Data: 00 00 00 AA 00 00 00 00 
"
"2016-11-21 14:35:11ID: BB  Data: 00 00 00 AA 00 00 00 00 
"
"2016-11-21 14:35:11ID: BC  Data: 00 00 00 AA 00 00 00 00 
"
"2016-11-21 14:35:11ID: BB  Data: 00 00 00 AA 00 00 00 00 
"
"2016-11-21 14:35:11ID: BC  Data: 00 00 00 AA 00 00 00 00 
"
"2016-11-21 14:35:11ID: BB  Data: 00 00 00 AA 00 00 00 00 
"
"2016-11-21 14:35:11ID: BC  Data: 00 00 00 AA 00 00 00 00 
"
"2016-11-21 14:35:11ID: BB  Data: 00 00 00 AA 00 00 00 00 
"
"2016-11-21 14:35:11ID: BC  Data: 00 00 00 AA 00 00 00 00 
"
"2016-11-21 14:35:11ID: BB  Data: 00 00 00 AA 00 00 00 00 
"
"2016-11-21 14:35:11ID: BC  Data: 00 00 00 AA 00 00 00 00 
"
"2016-11-21 14:35:11ID: BB  Data: 00 00 00 AA 00 00 00 00 
"
"2016-11-21 14:35:11ID: BC  Data: 00 00 00 AA 00 00 00 00 
"
"2016-11-21 14:35:11ID: BB  Data: 00 00 00 AA 00 00 00 00 
"
"2016-11-21 14:35:11ID: BC  Data: 00 00 00 AA 00 00 00 00 
"
"2016-11-21 14:35:12ID: BB  Data: 00 00 00 AA 00 00 00 00 
"
"2016-11-21 14:35:12ID: BC  Data: 00 00 00 AA 00 00 00 00 
"
"2016-11-21 14:35:12ID: BB  Data: 00 00 00 AA 00 00 00 00 
"
"2016-11-21 14:35:12ID: BC  Data: 00 00 00 AA 00 00 00 00 
"
"2016-11-21 14:35:12ID: BB  Data: 00 00 00 AA 00 00 00 00 
"
"2016-11-21 14:35:12ID: BC  Data: 00 00 00 AA 00 00 00 00 
"
"2016-11-21 14:35:12ID: BB  Data: 00 00 00 AA 00 00 00 00 
"
"2016-11-21 14:35:12ID: BC  Data: 00 00 00 AA 00 00 00 00 
"
"2016-11-21 14:35:12ID: BB  Data: 00 00 00 AA 00 00 00 00 
"
"2016-11-21 14:35:12ID: BC  Data: 00 00 00 AA 00 00 00 00 
"
"2016-11-21 14:35:12ID: BB  Data: 00 00 00 AA 00 00 00 00 
"
"2016-11-21 14:35:12ID: BC  Data: 00 00 00 AA 00 00 00 00 
"
"2016-11-21 14:35:12ID: BB  Data: 00 00 00 AA 00 00 00 00 
"
"2016-11-21 14:35:12ID: BC  Data: 00 00 00 AA 00 00 00 00 
"
"2016-11-21 14:35:12ID: BB  Data: 00 00 00 AA 00 00 00 00 
"
"2016-11-21 14:35:12ID: BC  Data: 00 00 00 AA 00 00 00 00 
"
"2016-11-21 14:35:12ID: BB  Data: 00 00 00 AA 00 00 00 00 
"
"2016-11-21 14:35:12ID: BC  Data: 00 00 00 AA 00 00 00 00 
"
"2016-11-21 14:35:12ID: BB  Data: 00 00 00 AA 00 00 00 00 
"
"2016-11-21 14:35:12ID: BC  Data: 00 00 00 AA 00 00 00 00 
"
"2016-11-21 14:35:12ID: BB  Data: 00 00 00 AA 00 00 00 00 
"
"2016-11-21 14:35:12ID: BC  Data: 00 00 00 AA 00 00 00 00 
"
"2016-11-21 14:35:12ID: BB  Data: 00 00 00 AA 00 00 00 00 
"
"2016-11-21 14:35:12ID: BC  Data: 00 00 00 AA 00 00 00 00 
"
"2016-11-21 14:35:13ID: BB  Data: 00 00 00 AA 00 00 00 00 
"
"2016-11-21 14:35:13ID: BC  Data: 00 00 00 AA 00 00 00 00 
"
"2016-11-21 14:35:13ID: BB  Data: 00 00 00 AA 00 00 00 00 
"
"2016-11-21 14:35:13ID: BC  Data: 00 00 00 AA 00 00 00 00 
"
"2016-11-21 14:35:13ID: BB  Data: 00 00 00 AA 00 00 00 00 
"
"2016-11-21 14:35:13ID: BC  Data: 00 00 00 AA 00 00 00 00 
"
"2016-11-21 14:35:13ID: BB  Data: 00 00 00 AA 00 00 00 00 
"
"2016-11-21 14:35:13ID: BC  Data: 00 00 00 AA 00 00 00 00 
"
"2016-11-21 14:35:13ID: BB  Data: 00 00 00 AA 00 00 00 00 
"
"2016-11-21 14:35:13ID: BC  Data: 00 00 00 AA 00 00 00 00 
"
"2016-11-21 14:35:13ID: BB  Data: 00 00 00 AA 00 00 00 00 
"
"2016-11-21 14:35:13ID: BC  Data: 00 00 00 AA 00 00 00 00 
"
"2016-11-21 14:35:13ID: BB  Data: 00 00 00 AA 00 00 00 00 
"
"2016-11-21 14:35:13ID: BC  Data: 00 00 00 AA 00 00 00 00 
"
"2016-11-21 14:35:13ID: BB  Data: 00 00 00 AA 00 00 00 00 
"
"2016-11-21 14:35:13ID: BC  Data: 00 00 00 AA 00 00 00 00 
"
"2016-11-21 14:35:13ID: BB  Data: 00 00 00 AA 00 00 00 00 
"
"2016-11-21 14:35:13ID: BC  Data: 00 00 00 AA 00 00 00 00 
"
"2016-11-21 14:35:13ID: BB  Data: 00 00 00 AA 00 00 00 00 
"
"2016-11-21 14:35:13ID: BC  Data: 00 00 00 AA 00 00 00 00 
"
"2016-11-21 14:35:13ID: BB  Data: 00 00 00 AA 00 00 00 00 
"
"2016-11-21 14:35:13ID: BC  Data: 00 00 00 AA 00 00 00 00 
"
"2016-11-21 14:35:14ID: BB  Data: 00 00 00 AA 00 00 00 00 
"
"2016-11-21 14:35:14ID: BC  Data: 00 00 00 AA 00 00 00 00 
"
"2016-11-21 14:35:14ID: BB  Data: 00 00 00 AA 00 00 00 00 
"
"2016-11-21 14:35:14ID: BC  Data: 00 00 00 AA 00 00 00 00 
"
"2016-11-21 14:35:14ID: BB  Data: 00 00 00 AA 00 00 00 00 
"
"2016-11-21 14:35:14ID: BC  Data: 00 00 00 AA 00 00 00 00 
"
"2016-11-21 14:35:14ID: BB  Data: 00 00 00 AA 00 00 00 00 
"
"2016-11-21 14:35:14ID: BC  Data: 00 00 00 AA 00 00 00 00 
"
"2016-11-21 14:35:14ID: BB  Data: 00 00 00 AA 00 00 00 00 
"
"2016-11-21 14:35:14ID: BC  Data: 00 00 00 AA 00 00 00 00 
"
"2016-11-21 14:35:14ID: BB  Data: 00 00 00 AA 00 00 00 00 
"
"2016-11-21 14:35:14ID: BC  Data: 00 00 00 AA 00 00 00 00 
"
"2016-11-21 14:35:14ID: BB  Data: 00 00 00 AA 00 00 00 00 
"
"2016-11-21 14:35:14ID: BC  Data: 00 00 00 AA 00 00 00 00 
"
"2016-11-21 14:35:14ID: BB  Data: 00 00 00 AA 00 00 00 00 
"
"2016-11-21 14:35:14ID: BC  Data: 00 00 00 AA 00 00 00 00 
"
"2016-11-21 14:35:14ID: BB  Data: 00 00 00 AA 00 00 00 00 
"
"2016-11-21 14:35:14ID: BC  Data: 00 00 00 AA 00 00 00 00 
"
"2016-11-21 14:35:14ID: BB  Data: 00 00 00 AA 00 00 00 00 
"
"2016-11-21 14:35:14ID: BC  Data: 00 00 00 AA 00 00 00 00 
"
"2016-11-21 14:35:14ID: BB  Data: 00 00 00 AA 00 00 00 00 
"
"2016-11-21 14:35:14ID: BC  Data: 00 00 00 AA 00 00 00 00 
"
"2016-11-21 14:35:14ID: BB  Data: 00 00 00 AA 00 00 00 00 
"
"2016-11-21 14:35:15ID: BC  Data: 00 00 00 AA 00 00 00 00 
"
"2016-11-21 14:35:15ID: BB  Data: 00 00 00 AA 00 00 00 00 
"
"2016-11-21 14:35:15ID: BC  Data: 00 00 00 AA 00 00 00 00 
"
"2016-11-21 14:35:15ID: BB  Data: 00 00 00 AA 00 00 00 00 
"
"2016-11-21 14:35:15ID: BC  Data: 00 00 00 AA 00 00 00 00 
"
"2016-11-21 14:35:15ID: BB  Data: 00 00 00 AA 00 00 00 00 
"
"2016-11-21 14:35:15ID: BC  Data: 00 00 00 AA 00 00 00 00 
"
"2016-11-21 14:35:15ID: BB  Data: 00 00 00 AA 00 00 00 00 
"
"2016-11-21 14:35:15ID: BC  Data: 00 00 00 AA 00 00 00 00 
"
"2016-11-21 14:35:15ID: BB  Data: 00 00 00 AA 00 00 00 00 
"
"2016-11-21 14:35:15ID: BC  Data: 00 00 00 AA 00 00 00 00 
"
"2016-11-21 14:35:15ID: BB  Data: 00 00 00 AA 00 00 00 00 
"
"2016-11-21 14:35:15ID: BC  Data: 00 00 00 AA 00 00 00 00 
"
"2016-11-21 14:35:15ID: BB  Data: 00 00 00 AA 00 00 00 00 
"
"2016-11-21 14:35:15ID: BC  Data: 00 00 00 AA 00 00 00 00 
"
"2016-11-21 14:35:15ID: BB  Data: 00 00 00 AA 00 00 00 00 
"
"2016-11-21 14:35:15ID: BC  Data: 00 00 00 AA 00 00 00 00 
"
"2016-11-21 14:35:15ID: BB  Data: 00 00 00 AA 00 00 00 00 
"
"2016-11-21 14:35:15ID: BC  Data: 00 00 00 AA 00 00 00 00 
"
"2016-11-21 14:35:15ID: BB  Data: 00 00 00 AA 00 00 00 00 
"
"2016-11-21 14:35:15ID: BC  Data: 00 00 00 AA 00 00 00 00 
"
"2016-11-21 14:35:15ID: BB  Data: 00 00 00 AA 00 00 00 00 
"
"2016-11-21 14:35:15ID: BC  Data: 00 00 00 AA 00 00 00 00 
"
"2016-11-21 14:35:16ID: BB  Data: 00 00 00 AA 00 00 00 00 
"
"2016-11-21 14:35:16ID: BC  Data: 00 00 00 AA 00 00 00 00 
"
"2016-11-21 14:35:16ID: BB  Data: 00 00 00 AA 00 00 00 00 
"
"2016-11-21 14:35:16ID: BC  Data: 00 00 00 AA 00 00 00 00 
"
"2016-11-21 14:35:16ID: BB  Data: 00 00 00 AA 00 00 00 00 
"
"2016-11-21 14:35:16ID: BC  Data: 00 00 00 AA 00 00 00 00 
"
"2016-11-21 14:35:16ID: BB  Data: 00 00 00 AA 00 00 00 00 
"
"2016-11-21 14:35:16ID: BC  Data: 00 00 00 AA 00 00 00 00 
"
"2016-11-21 14:35:16ID: BB  Data: 00 00 00 AA 00 00 00 00 
"
"2016-11-21 14:35:16ID: BC  Data: 00 00 00 AA 00 00 00 00 
"
"2016-11-21 14:35:16ID: BB  Data: 00 00 00 AA 00 00 00 00 
"
"2016-11-21 14:35:16ID: BC  Data: 00 00 00 AA 00 00 00 00 
"
"2016-11-21 14:35:16ID: BB  Data: 00 00 00 AA 00 00 00 00 
"
"2016-11-21 14:35:16ID: BC  Data: 00 00 00 AA 00 00 00 00 
"
"2016-11-21 14:35:16ID: BB  Data: 00 00 00 AA 00 00 00 00 
"
"2016-11-21 14:35:16ID: BC  Data: 00 00 00 AA 00 00 00 00 
"
"2016-11-21 14:35:16ID: BB  Data: 00 00 00 AA 00 00 00 00 
"
"2016-11-21 14:35:16ID: BC  Data: 00 00 00 AA 00 00 00 00 
"
"2016-11-21 14:35:16ID: BB  Data: 00 00 00 AA 00 00 00 00 
"
"2016-11-21 14:35:16ID: BC  Data: 00 00 00 AA 00 00 00 00 
"
"2016-11-21 14:35:16ID: BB  Data: 00 00 00 AA 00 00 00 00 
"
"2016-11-21 14:35:16ID: BC  Data: 00 00 00 AA 00 00 00 00 
"
"2016-11-21 14:35:17ID: BB  Data: 00 00 00 AA 00 00 00 00 
"
"2016-11-21 14:35:17ID: BC  Data: 00 00 00 AA 00 00 00 00 
"
"2016-11-21 14:35:17ID: BB  Data: 00 00 00 AA 00 00 00 00 
"
"2016-11-21 14:35:17ID: BC  Data: 00 00 00 AA 00 00 00 00 
"
"2016-11-21 14:35:17ID: BB  Data: 00 00 00 AA 00 00 00 00 
"
"2016-11-21 14:35:17ID: BC  Data: 00 00 00 AA 00 00 00 00 
"
"2016-11-21 14:35:17ID: BB  Data: 00 00 00 AA 00 00 00 00 
"
"2016-11-21 14:35:17ID: BC  Data: 00 00 00 AA 00 00 00 00 
"
"2016-11-21 14:35:17ID: BB  Data: 00 00 00 AA 00 00 00 00 
"
"2016-11-21 14:35:17ID: BC  Data: 00 00 00 AA 00 00 00 00 
"
"2016-11-21 14:35:17ID: BB  Data: 00 00 00 AA 00 00 00 00 
"
"2016-11-21 14:35:17ID: BC  Data: 00 00 00 AA 00 00 00 00 
"
"2016-11-21 14:35:17ID: BB  Data: 00 00 00 AA 00 00 00 00 
"
"2016-11-21 14:35:17ID: BC  Data: 00 00 00 AA 00 00 00 00 
"
"2016-11-21 14:35:17ID: BB  Data: 00 00 00 AA 00 00 00 00 
"
"2016-11-21 14:35:17ID: BC  Data: 00 00 00 AA 00 00 00 00 
"
"2016-11-21 14:35:17ID: BB  Data: 00 00 00 AA 00 00 00 00 
"
"2016-11-21 14:35:17ID: BC  Data: 00 00 00 AA 00 00 00 00 
"
"2016-11-21 14:35:17ID: BB  Data: 00 00 00 AA 00 00 00 00 
"
"2016-11-21 14:35:17ID: BC  Data: 00 00 00 AA 00 00 00 00 
"
"2016-11-21 14:35:17ID: BB  Data: 00 00 00 AA 00 00 00 00 
"
"2016-11-21 14:35:17ID: BC  Data: 00 00 00 AA 00 00 00 00 
"
"2016-11-21 14:35:17ID: BB  Data: 00 00 00 AA 00 00 00 00 
"
"2016-11-21 14:35:17ID: BC  Data: 00 00 00 AA 00 00 00 00 
"
"2016-11-21 14:35:18ID: BB  Data: 00 00 00 AA 00 00 00 00 
"
"2016-11-21 14:35:18ID: BC  Data: 00 00 00 AA 00 00 00 00 
"
"2016-11-21 14:35:18ID: BB  Data: 00 00 00 AA 00 00 00 00 
"
"2016-11-21 14:35:18ID: BC  Data: 00 00 00 AA 00 00 00 00 
"
"2016-11-21 14:35:18ID: BB  Data: 00 00 00 AA 00 00 00 00 
"
"2016-11-21 14:35:18ID: BC  Data: 00 00 00 AA 00 00 00 00 
"
"2016-11-21 14:35:18ID: BB  Data: 00 00 00 AA 00 00 00 00 
"
"2016-11-21 14:35:18ID: BC  Data: 00 00 00 AA 00 00 00 00 
"
"2016-11-21 14:35:18ID: BB  Data: 00 00 00 AA 00 00 00 00 
"
"2016-11-21 14:35:18ID: BC  Data: 00 00 00 AA 00 00 00 00 
"
"2016-11-21 14:35:18ID: BB  Data: 00 00 00 AA 00 00 00 00 
"
"2016-11-21 14:35:18ID: BC  Data: 00 00 00 AA 00 00 00 00 
"
"2016-11-21 14:35:18ID: BB  Data: 00 00 00 AA 00 00 00 00 
"
"2016-11-21 14:35:18ID: BC  Data: 00 00 00 AA 00 00 00 00 
"
"2016-11-21 14:35:18ID: BB  Data: 00 00 00 AA 00 00 00 00 
"
"2016-11-21 14:35:18ID: BC  Data: 00 00 00 AA 00 00 00 00 
"
"2016-11-21 14:35:18ID: BB  Data: 00 00 00 AA 00 00 00 00 
"
"2016-11-21 14:35:18ID: BC  Data: 00 00 00 AA 00 00 00 00 
"
"2016-11-21 14:35:18ID: BB  Data: 00 00 00 AA 06 A4 A6 EC 
"
"2016-11-21 14:35:18ID: BC  Data: 00 00 00 AA F9 5B 59 14 
"
"2016-11-21 14:35:18ID: BB  Data: 00 00 00 AA 0B 0A E6 D6 
"
"2016-11-21 14:35:18ID: BC  Data: 00 00 00 AA F4 F5 19 2A 
"
"2016-11-21 14:35:19ID: BB  Data: 00 00 00 AA 0D 69 71 EE 
"
"2016-11-21 14:35:19ID: BC  Data: 00 00 00 AA F2 96 8E 12 
"
"2016-11-21 14:35:19ID: BB  Data: 00 00 00 AA 0E 7C 6D CC 
"
"2016-11-21 14:35:19ID: BC  Data: 00 00 00 AA F1 83 92 34 
"
"2016-11-21 14:35:19ID: BB  Data: 00 00 00 AA 0E F6 CA 46 
"
"2016-11-21 14:35:19ID: BC  Data: 00 00 00 AA F1 09 35 BA 
"
"2016-11-21 14:35:19ID: BB  Data: 00 00 00 AA 0E FC 0D 91 
"
"2016-11-21 14:35:19ID: BC  Data: 00 00 00 AA F1 03 F2 6F 
"
"2016-11-21 14:35:19ID: BB  Data: 00 00 00 AA 0E FC 0D 91 
"
"2016-11-21 14:35:19ID: BC  Data: 00 00 00 AA F1 03 F2 6F 
"
"2016-11-21 14:35:19ID: BB  Data: 00 00 00 AA 0E FE AF 36 
"
"2016-11-21 14:35:19ID: BC  Data: 00 00 00 AA F1 01 50 CA 
"
"2016-11-21 14:35:19ID: BB  Data: 00 00 00 AA 0E FE AF 36 
"
"2016-11-21 14:35:19ID: BC  Data: 00 00 00 AA F1 01 50 CA 
"
"2016-11-21 14:35:19ID: BB  Data: 00 00 00 AA 0E FE AF 36 
"
"2016-11-21 14:35:19ID: BC  Data: 00 00 00 AA F1 01 50 CA 
"
"2016-11-21 14:35:19ID: BB  Data: 00 00 00 AA 0D 16 8E 20 
"
"2016-11-21 14:35:19ID: BC  Data: 00 00 00 AA F2 E9 71 E0 
"
"2016-11-21 14:35:19ID: BB  Data: 00 00 00 AA 06 94 DD 0E 
"
"2016-11-21 14:35:19ID: BC  Data: 00 00 00 AA F9 6B 22 F2 
"
"2016-11-21 14:35:19ID: BB  Data: 00 00 00 AA 02 76 FA 5E 
"
"2016-11-21 14:35:19ID: BC  Data: 00 00 00 AA FD 89 05 A2 
"
"2016-11-21 14:35:20ID: BB  Data: 00 00 00 AA 01 C2 B9 B5 
"
"2016-11-21 14:35:20ID: BC  Data: 00 00 00 AA FE 3D 46 4B 
"
"2016-11-21 14:35:20ID: BB  Data: 00 00 00 AA 01 86 33 E1 
"
"2016-11-21 14:35:20ID: BC  Data: 00 00 00 AA FE 79 CC 1F 
"
"2016-11-21 14:35:20ID: BB  Data: 00 00 00 AA 00 00 00 00 
"
"2016-11-21 14:35:20ID: BC  Data: 00 00 00 AA 00 00 00 00 
"
"2016-11-21 14:35:20ID: BB  Data: 00 00 00 AA 00 00 00 00 
"
"2016-11-21 14:35:20ID: BC  Data: 00 00 00 AA 00 00 00 00 
"
"2016-11-21 14:35:20ID: BB  Data: 00 00 00 AA 00 00 00 00 
"
"2016-11-21 14:35:20ID: BC  Data: 00 00 00 AA 00 00 00 00 
"
"2016-11-21 14:35:20ID: BB  Data: 00 00 00 AA 00 00 00 00 
"
"2016-11-21 14:35:20ID: BC  Data: 00 00 00 AA 00 00 00 00 
"
"2016-11-21 14:35:20ID: BB  Data: 00 00 00 AA 00 00 00 00 
"
"2016-11-21 14:35:20ID: BC  Data: 00 00 00 AA 00 00 00 00 
"
"2016-11-21 14:35:20ID: BB  Data: 00 00 00 AA 00 00 00 00 
"
"2016-11-21 14:35:20ID: BC  Data: 00 00 00 AA 00 00 00 00 
"
"2016-11-21 14:35:20ID: BB  Data: 00 00 00 AA 00 00 00 00 
"
"2016-11-21 14:35:20ID: BC  Data: 00 00 00 AA 00 00 00 00 
"
"2016-11-21 14:35:20ID: BB  Data: 00 00 00 AA 00 00 00 00 
"
"2016-11-21 14:35:20ID: BC  Data: 00 00 00 AA 00 00 00 00 
"
"2016-11-21 14:35:20ID: BB  Data: 00 00 00 AA 00 00 00 00 
"
"2016-11-21 14:35:20ID: BC  Data: 00 00 00 AA 00 00 00 00 
"
"2016-11-21 14:35:20ID: BB  Data: 00 00 00 AA 00 00 00 00 
"
"2016-11-21 14:35:20ID: BC  Data: 00 00 00 AA 00 00 00 00 
"
"2016-11-21 14:35:21ID: BB  Data: 00 00 00 AA 00 00 00 00 
"
"2016-11-21 14:35:21ID: BC  Data: 00 00 00 AA 00 00 00 00 
"
"2016-11-21 14:35:21ID: BB  Data: 00 00 00 AA 00 00 00 00 
"
"2016-11-21 14:35:21ID: BC  Data: 00 00 00 AA 00 00 00 00 
"
"2016-11-21 14:35:21ID: BB  Data: 00 00 00 AA 00 00 00 00 
"
"2016-11-21 14:35:21ID: BC  Data: 00 00 00 AA 00 00 00 00 
"
"2016-11-21 14:35:21ID: BB  Data: 00 00 00 AA 00 00 00 00 
"
"2016-11-21 14:35:21ID: BC  Data: 00 00 00 AA 00 00 00 00 
"
"2016-11-21 14:35:21ID: BB  Data: 00 00 00 AA 00 00 00 00 
"
"2016-11-21 14:35:21ID: BC  Data: 00 00 00 AA 00 00 00 00 
"
"2016-11-21 14:35:21ID: BB  Data: 00 00 00 AA 00 00 00 00 
"
"2016-11-21 14:35:21ID: BC  Data: 00 00 00 AA 00 00 00 00 
"
"2016-11-21 14:35:21ID: BB  Data: 00 00 00 AA 00 00 00 00 
"
"2016-11-21 14:35:21ID: BC  Data: 00 00 00 AA 00 00 00 00 
"
"2016-11-21 14:35:21ID: BB  Data: 00 00 00 AA 00 00 00 00 
"
"2016-11-21 14:35:21ID: BC  Data: 00 00 00 AA 00 00 00 00 
"
"2016-11-21 14:35:21ID: BB  Data: 00 00 00 AA 00 00 00 00 
"
"2016-11-21 14:35:21ID: BC  Data: 00 00 00 AA 00 00 00 00 
"
"2016-11-21 14:35:21ID: BB  Data: 00 00 00 AA 00 00 00 00 
"
"2016-11-21 14:35:21ID: BC  Data: 00 00 00 AA 00 00 00 00 
"
"2016-11-21 14:35:21ID: BB  Data: 00 00 00 AA 00 00 00 00 
"
"2016-11-21 14:35:21ID: BC  Data: 00 00 00 AA 00 00 00 00 
"
"2016-11-21 14:35:22ID: BB  Data: 00 00 00 AA 00 00 00 00 
"
"2016-11-21 14:35:22ID: BC  Data: 00 00 00 AA 00 00 00 00 
"
"2016-11-21 14:35:22ID: BB  Data: 00 00 00 AA 00 00 00 00 
"
"2016-11-21 14:35:22ID: BC  Data: 00 00 00 AA 00 00 00 00 
"
"2016-11-21 14:35:22ID: BB  Data: 00 00 00 AA 00 00 00 00 
"
"2016-11-21 14:35:22ID: BC  Data: 00 00 00 AA 00 00 00 00 
"
"2016-11-21 14:35:22ID: BB  Data: 00 00 00 AA 00 00 00 00 
"
"2016-11-21 14:35:22ID: BC  Data: 00 00 00 AA 00 00 00 00 
"
"2016-11-21 14:35:22ID: BB  Data: 00 00 00 AA 00 00 00 00 
"
"2016-11-21 14:35:22ID: BC  Data: 00 00 00 AA 00 00 00 00 
"
"2016-11-21 14:35:22ID: BB  Data: 00 00 00 AA 00 00 00 00 
"
"2016-11-21 14:35:22ID: BC  Data: 00 00 00 AA 00 00 00 00 
"
"2016-11-21 14:35:22ID: BB  Data: 00 00 00 AA 00 00 00 00 
"
"2016-11-21 14:35:22ID: BC  Data: 00 00 00 AA 00 00 00 00 
"
"2016-11-21 14:35:22ID: BB  Data: 00 00 00 AA 00 00 00 00 
"
"2016-11-21 14:35:22ID: BC  Data: 00 00 00 AA 00 00 00 00 
"
"2016-11-21 14:35:22ID: BB  Data: 00 00 00 AA 00 00 00 00 
"
"2016-11-21 14:35:22ID: BC  Data: 00 00 00 AA 00 00 00 00 
"
"2016-11-21 14:35:22ID: BB  Data: 00 00 00 AA 00 00 00 00 
"
"2016-11-21 14:35:22ID: BC  Data: 00 00 00 AA 00 00 00 00 
"
"2016-11-21 14:35:22ID: BB  Data: 00 00 00 AA 00 00 00 00 
"
"2016-11-21 14:35:22ID: BC  Data: 00 00 00 AA 00 00 00 00 
"
"2016-11-21 14:35:22ID: BB  Data: 00 00 00 AA 00 00 00 00 
"
"2016-11-21 14:35:23ID: BC  Data: 00 00 00 AA 00 00 00 00 
"
"2016-11-21 14:35:23ID: BB  Data: 00 00 00 AA 00 00 00 00 
"
"2016-11-21 14:35:23ID: BC  Data: 00 00 00 AA 00 00 00 00 
"
"2016-11-21 14:35:23ID: BB  Data: 00 00 00 AA 00 00 00 00 
"
"2016-11-21 14:35:23ID: BC  Data: 00 00 00 AA 00 00 00 00 
"
"2016-11-21 14:35:23ID: BB  Data: 00 00 00 AA 00 00 00 00 
"
"2016-11-21 14:35:23ID: BC  Data: 00 00 00 AA 00 00 00 00 
"
"2016-11-21 14:35:23ID: BB  Data: 00 00 00 AA 00 00 00 00 
"
"2016-11-21 14:35:23ID: BC  Data: 00 00 00 AA 00 00 00 00 
"
"2016-11-21 14:35:23ID: BB  Data: 00 00 00 AA 00 00 00 00 
"
"2016-11-21 14:35:23ID: BC  Data: 00 00 00 AA 00 00 00 00 
"
"2016-11-21 14:35:23ID: BB  Data: 00 00 00 AA 00 00 00 00 
"
"2016-11-21 14:35:23ID: BC  Data: 00 00 00 AA 00 00 00 00 
"
"2016-11-21 14:35:23ID: BB  Data: 00 00 00 AA 00 00 00 00 
"
"2016-11-21 14:35:23ID: BC  Data: 00 00 00 AA 00 00 00 00 
"
"2016-11-21 14:35:23ID: BB  Data: 00 00 00 AA 00 00 00 00 
"
"2016-11-21 14:35:23ID: BC  Data: 00 00 00 AA 00 00 00 00 
"
"2016-11-21 14:35:23ID: BB  Data: 00 00 00 AA 00 00 00 00 
"
"2016-11-21 14:35:23ID: BC  Data: 00 00 00 AA 00 00 00 00 
"
"2016-11-21 14:35:23ID: BB  Data: 00 00 00 AA 00 00 00 00 
"
"2016-11-21 14:35:23ID: BC  Data: 00 00 00 AA 00 00 00 00 
"
"2016-11-21 14:35:23ID: BB  Data: 00 00 00 AA 00 00 00 00 
"
"2016-11-21 14:35:23ID: BC  Data: 00 00 00 AA 00 00 00 00 
"
"2016-11-21 14:35:24ID: BB  Data: 00 00 00 AA 00 00 00 00 
"
"2016-11-21 14:35:24ID: BC  Data: 00 00 00 AA 00 00 00 00 
"
"2016-11-21 14:35:24ID: BB  Data: 00 00 00 AA 00 00 00 00 
"
"2016-11-21 14:35:24ID: BC  Data: 00 00 00 AA 00 00 00 00 
"
"2016-11-21 14:35:24ID: BB  Data: 00 00 00 AA 00 00 00 00 
"
"2016-11-21 14:35:24ID: BC  Data: 00 00 00 AA 00 00 00 00 
"
"2016-11-21 14:35:24ID: BB  Data: 00 00 00 AA 00 00 00 00 
"
"2016-11-21 14:35:24ID: BC  Data: 00 00 00 AA 00 00 00 00 
"
"2016-11-21 14:35:24ID: BB  Data: 00 00 00 AA 00 00 00 00 
"
"2016-11-21 14:35:24ID: BC  Data: 00 00 00 AA 00 00 00 00 
"
"2016-11-21 14:35:24ID: BB  Data: 00 00 00 AA 00 00 00 00 
"
"2016-11-21 14:35:24ID: BC  Data: 00 00 00 AA 00 00 00 00 
"
"2016-11-21 14:35:24ID: BB  Data: 00 00 00 AA 00 00 00 00 
"
"2016-11-21 14:35:24ID: BC  Data: 00 00 00 AA 00 00 00 00 
"
"2016-11-21 14:35:24ID: BB  Data: 00 00 00 AA 00 00 00 00 
"
"2016-11-21 14:35:24ID: BC  Data: 00 00 00 AA 00 00 00 00 
"
"2016-11-21 14:35:24ID: BB  Data: 00 00 00 AA 00 00 00 00 
"
"2016-11-21 14:35:24ID: BC  Data: 00 00 00 AA 00 00 00 00 
"
"2016-11-21 14:35:24ID: BB  Data: 00 00 00 AA 00 00 00 00 
"
"2016-11-21 14:35:24ID: BC  Data: 00 00 00 AA 00 00 00 00 
"
"2016-11-21 14:35:24ID: BB  Data: 00 00 00 AA 00 00 00 00 
"
"2016-11-21 14:35:24ID: BC  Data: 00 00 00 AA 00 00 00 00 
"
"2016-11-21 14:35:25ID: BB  Data: 00 00 00 AA 00 00 00 00 
"
"2016-11-21 14:35:25ID: BC  Data: 00 00 00 AA 00 00 00 00 
"
"2016-11-21 14:35:25ID: BB  Data: 00 00 00 AA 00 00 00 00 
"
"2016-11-21 14:35:25ID: BC  Data: 00 00 00 AA 00 00 00 00 
"
"2016-11-21 14:35:25ID: BB  Data: 00 00 00 AA 00 00 00 00 
"
"2016-11-21 14:35:25ID: BC  Data: 00 00 00 AA 00 00 00 00 
"
"2016-11-21 14:35:25ID: BB  Data: 00 00 00 AA 00 00 00 00 
"
"2016-11-21 14:35:25ID: BC  Data: 00 00 00 AA 00 00 00 00 
"
"2016-11-21 14:35:25ID: BB  Data: 00 00 00 AA 00 00 00 00 
"
"2016-11-21 14:35:25ID: BC  Data: 00 00 00 AA 00 00 00 00 
"
"2016-11-21 14:35:25ID: BB  Data: 00 00 00 AA 00 00 00 00 
"
"2016-11-21 14:35:25ID: BC  Data: 00 00 00 AA 00 00 00 00 
"
"2016-11-21 14:35:25ID: BB  Data: 00 00 00 AA 00 00 00 00 
"
"2016-11-21 14:35:25ID: BC  Data: 00 00 00 AA 00 00 00 00 
"
"2016-11-21 14:35:25ID: BB  Data: 00 00 00 AA 00 00 00 00 
"
"2016-11-21 14:35:25ID: BC  Data: 00 00 00 AA 00 00 00 00 
"
"2016-11-21 14:35:25ID: BB  Data: 00 00 00 AA 00 00 00 00 
"
"2016-11-21 14:35:25ID: BC  Data: 00 00 00 AA 00 00 00 00 
"
"2016-11-21 14:35:25ID: BB  Data: 00 00 00 AA 00 00 00 00 
"
"2016-11-21 14:35:25ID: BC  Data: 00 00 00 AA 00 00 00 00 
"
"2016-11-21 14:35:25ID: BB  Data: 00 00 00 AA 00 00 00 00 
"
"2016-11-21 14:35:25ID: BC  Data: 00 00 00 AA 00 00 00 00 
"
"2016-11-21 14:35:25ID: BB  Data: 00 00 00 AA 00 00 00 00 
"
"2016-11-21 14:35:25ID: BC  Data: 00 00 00 AA 00 00 00 00 
"
"2016-11-21 14:35:26ID: BB  Data: 00 00 00 AA 00 00 00 00 
"
"2016-11-21 14:35:26ID: BC  Data: 00 00 00 AA 00 00 00 00 
"
"2016-11-21 14:35:26ID: BB  Data: 00 00 00 AA 00 00 00 00 
"
"2016-11-21 14:35:26ID: BC  Data: 00 00 00 AA 00 00 00 00 
"
"2016-11-21 14:35:26ID: BB  Data: 00 00 00 AA 00 00 00 00 
"
"2016-11-21 14:35:26ID: BC  Data: 00 00 00 AA 00 00 00 00 
"
"2016-11-21 14:35:26ID: BB  Data: 00 00 00 AA 00 00 00 00 
"
"2016-11-21 14:35:26ID: BC  Data: 00 00 00 AA 00 00 00 00 
"
"2016-11-21 14:35:26ID: BB  Data: 00 00 00 AA 00 00 00 00 
"
"2016-11-21 14:35:26ID: BC  Data: 00 00 00 AA 00 00 00 00 
"
"2016-11-21 14:35:26ID: BB  Data: 00 00 00 AA 00 00 00 00 
"
"2016-11-21 14:35:26ID: BC  Data: 00 00 00 AA 00 00 00 00 
"
"2016-11-21 14:35:26ID: BB  Data: 00 00 00 AA 00 00 00 00 
"
"2016-11-21 14:35:26ID: BC  Data: 00 00 00 AA 00 00 00 00 
"
"2016-11-21 14:35:26ID: BB  Data: 00 00 00 AA 00 00 00 00 
"
"2016-11-21 14:35:26ID: BC  Data: 00 00 00 AA 00 00 00 00 
"
"2016-11-21 14:35:26ID: BB  Data: 00 00 00 AA 00 00 00 00 
"
"2016-11-21 14:35:26ID: BC  Data: 00 00 00 AA 00 00 00 00 
"
"2016-11-21 14:35:26ID: BB  Data: 00 00 00 AA 00 00 00 00 
"
"2016-11-21 14:35:26ID: BC  Data: 00 00 00 AA 00 00 00 00 
"
"2016-11-21 14:35:26ID: BB  Data: 00 00 00 AA 00 00 00 00 
"
"2016-11-21 14:35:26ID: BC  Data: 00 00 00 AA 00 00 00 00 
"
"2016-11-21 14:35:27ID: BB  Data: 00 00 00 AA 00 00 00 00 
"
"2016-11-21 14:35:27ID: BC  Data: 00 00 00 AA 00 00 00 00 
"
"2016-11-21 14:35:27ID: BB  Data: 00 00 00 AA 00 00 00 00 
"
"2016-11-21 14:35:27ID: BC  Data: 00 00 00 AA 00 00 00 00 
"
"2016-11-21 14:35:27ID: BB  Data: 00 00 00 AA 00 00 00 00 
"
"2016-11-21 14:35:27ID: BC  Data: 00 00 00 AA 00 00 00 00 
"
"2016-11-21 14:35:27ID: BB  Data: 00 00 00 AA 00 00 00 00 
"
"2016-11-21 14:35:27ID: BC  Data: 00 00 00 AA 00 00 00 00 
"
"2016-11-21 14:35:27ID: BB  Data: 00 00 00 AA 00 00 00 00 
"
"2016-11-21 14:35:27ID: BC  Data: 00 00 00 AA 00 00 00 00 
"
"2016-11-21 14:35:27ID: BB  Data: 00 00 00 AA 00 00 00 00 
"
"2016-11-21 14:35:27ID: BC  Data: 00 00 00 AA 00 00 00 00 
"
"2016-11-21 14:35:27ID: BB  Data: 00 00 00 AA 00 00 00 00 
"
"2016-11-21 14:35:27ID: BC  Data: 00 00 00 AA 00 00 00 00 
"
"2016-11-21 14:35:27ID: BB  Data: 00 00 00 AA 00 00 00 00 
"
"2016-11-21 14:35:27ID: BC  Data: 00 00 00 AA 00 00 00 00 
"
"2016-11-21 14:35:27ID: BB  Data: 00 00 00 AA 00 00 00 00 
"
"2016-11-21 14:35:27ID: BC  Data: 00 00 00 AA 00 00 00 00 
"
"2016-11-21 14:35:27ID: BB  Data: 00 00 00 AA 00 00 00 00 
"
"2016-11-21 14:35:27ID: BC  Data: 00 00 00 AA 00 00 00 00 
"
"2016-11-21 14:35:27ID: BB  Data: 00 00 00 AA 00 00 00 00 
"
"2016-11-21 14:35:27ID: BC  Data: 00 00 00 AA 00 00 00 00 
"
"2016-11-21 14:35:28ID: BB  Data: 00 00 00 AA 00 00 00 00 
"
"2016-11-21 14:35:28ID: BC  Data: 00 00 00 AA 00 00 00 00 
"
"2016-11-21 14:35:28ID: BB  Data: 00 00 00 AA 00 00 00 00 
"
"2016-11-21 14:35:28ID: BC  Data: 00 00 00 AA 00 00 00 00 
"
"2016-11-21 14:35:28ID: BB  Data: 00 00 00 AA 00 00 00 00 
"
"2016-11-21 14:35:28ID: BC  Data: 00 00 00 AA 00 00 00 00 
"
"2016-11-21 14:35:28ID: BB  Data: 00 00 00 AA 00 00 00 00 
"
"2016-11-21 14:35:28ID: BC  Data: 00 00 00 AA 00 00 00 00 
"
"2016-11-21 14:35:28ID: BB  Data: 00 00 00 AA 00 00 00 00 
"
"2016-11-21 14:35:28ID: BC  Data: 00 00 00 AA 00 00 00 00 
"
"2016-11-21 14:35:28ID: BB  Data: 00 00 00 AA 00 00 00 00 
"
"2016-11-21 14:35:28ID: BC  Data: 00 00 00 AA 00 00 00 00 
"
"2016-11-21 14:35:28ID: BB  Data: 00 00 00 AA 00 00 00 00 
"
"2016-11-21 14:35:28ID: BC  Data: 00 00 00 AA 00 00 00 00 
"
"2016-11-21 14:35:28ID: BB  Data: 00 00 00 AA 00 00 00 00 
"
"2016-11-21 14:35:28ID: BC  Data: 00 00 00 AA 00 00 00 00 
"
"2016-11-21 14:35:28ID: BB  Data: 00 00 00 AA 00 00 00 00 
"
"2016-11-21 14:35:28ID: BC  Data: 00 00 00 AA 00 00 00 00 
"
"2016-11-21 14:35:28ID: BB  Data: 00 00 00 AA 00 00 00 00 
"
"2016-11-21 14:35:28ID: BC  Data: 00 00 00 AA 00 00 00 00 
"
"2016-11-21 14:35:28ID: BB  Data: 00 00 00 AA 00 00 00 00 
"
"2016-11-21 14:35:28ID: BC  Data: 00 00 00 AA 00 00 00 00 
"
"2016-11-21 14:35:28ID: BB  Data: 00 00 00 AA 00 00 00 00 
"
"2016-11-21 14:35:28ID: BC  Data: 00 00 00 AA 00 00 00 00 
"
"2016-11-21 14:35:29ID: BB  Data: 00 00 00 AA 00 00 00 00 
"
"2016-11-21 14:35:29ID: BC  Data: 00 00 00 AA 00 00 00 00 
"
"2016-11-21 14:35:29ID: BB  Data: 00 00 00 AA 00 00 00 00 
"
"2016-11-21 14:35:29ID: BC  Data: 00 00 00 AA 00 00 00 00 
"
"2016-11-21 14:35:29ID: BB  Data: 00 00 00 AA 00 00 00 00 
"
"2016-11-21 14:35:29ID: BC  Data: 00 00 00 AA 00 00 00 00 
"
"2016-11-21 14:35:29ID: BB  Data: 00 00 00 AA 00 00 00 00 
"
"2016-11-21 14:35:29ID: BC  Data: 00 00 00 AA 00 00 00 00 
"
"2016-11-21 14:35:29ID: BB  Data: 00 00 00 AA 00 00 00 00 
"
"2016-11-21 14:35:29ID: BC  Data: 00 00 00 AA 00 00 00 00 
"
"2016-11-21 14:35:29ID: BB  Data: 00 00 00 AA 00 00 00 00 
"
"2016-11-21 14:35:29ID: BC  Data: 00 00 00 AA 00 00 00 00 
"
"2016-11-21 14:35:29ID: BB  Data: 00 00 00 AA 00 00 00 00 
"
"2016-11-21 14:35:29ID: BC  Data: 00 00 00 AA 00 00 00 00 
"
"2016-11-21 14:35:29ID: BB  Data: 00 00 00 AA 00 00 00 00 
"
"2016-11-21 14:35:29ID: BC  Data: 00 00 00 AA 00 00 00 00 
"
"2016-11-21 14:35:29ID: BB  Data: 00 00 00 AA 00 00 00 00 
"
"2016-11-21 14:35:29ID: BC  Data: 00 00 00 AA 00 00 00 00 
"
"2016-11-21 14:35:29ID: BB  Data: 00 00 00 AA 00 00 00 00 
"
"2016-11-21 14:35:29ID: BC  Data: 00 00 00 AA 00 00 00 00 
"
"2016-11-21 14:35:29ID: BB  Data: 00 00 00 AA 00 00 00 00 
"
"2016-11-21 14:35:29ID: BC  Data: 00 00 00 AA 00 00 00 00 
"
"2016-11-21 14:35:30ID: BB  Data: 00 00 00 AA 00 00 00 00 
"
"2016-11-21 14:35:30ID: BC  Data: 00 00 00 AA 00 00 00 00 
"
"2016-11-21 14:35:30ID: BB  Data: 00 00 00 AA 00 00 00 00 
"
"2016-11-21 14:35:30ID: BC  Data: 00 00 00 AA 00 00 00 00 
"
"2016-11-21 14:35:30ID: BB  Data: 00 00 00 AA 00 00 00 00 
"
"2016-11-21 14:35:30ID: BC  Data: 00 00 00 AA 00 00 00 00 
"
"2016-11-21 14:35:30ID: BB  Data: 00 00 00 AA 00 00 00 00 
"
"2016-11-21 14:35:30ID: BC  Data: 00 00 00 AA 00 00 00 00 
"
"2016-11-21 14:35:30ID: BB  Data: 00 00 00 AA 00 00 00 00 
"
"2016-11-21 14:35:30ID: BC  Data: 00 00 00 AA 00 00 00 00 
"
"2016-11-21 14:35:30ID: BB  Data: 00 00 00 AA 00 00 00 00 
"
"2016-11-21 14:35:30ID: BC  Data: 00 00 00 AA 00 00 00 00 
"
"2016-11-21 14:35:30ID: BB  Data: 00 00 00 AA 00 00 00 00 
"
"2016-11-21 14:35:30ID: BC  Data: 00 00 00 AA 00 00 00 00 
"
"2016-11-21 14:35:30ID: BB  Data: 00 00 00 AA 00 00 00 00 
"
"2016-11-21 14:35:30ID: BC  Data: 00 00 00 AA 00 00 00 00 
"
"2016-11-21 14:35:30ID: BB  Data: 00 00 00 AA 00 00 00 00 
"
"2016-11-21 14:35:30ID: BC  Data: 00 00 00 AA 00 00 00 00 
"
"2016-11-21 14:35:30ID: BB  Data: 00 00 00 AA 00 00 00 00 
"
"2016-11-21 14:35:30ID: BC  Data: 00 00 00 AA 00 00 00 00 
"
"2016-11-21 14:35:30ID: BB  Data: 00 00 00 AA 00 00 00 00 
"
"2016-11-21 14:35:30ID: BC  Data: 00 00 00 AA 00 00 00 00 
"
"2016-11-21 14:35:30ID: BB  Data: 00 00 00 AA 00 00 00 00 
"
"2016-11-21 14:35:31ID: BC  Data: 00 00 00 AA 00 00 00 00 
"
"2016-11-21 14:35:31ID: BB  Data: 00 00 00 AA 00 00 00 00 
"
"2016-11-21 14:35:31ID: BC  Data: 00 00 00 AA 00 00 00 00 
"
"2016-11-21 14:35:31ID: BB  Data: 00 00 00 AA 00 00 00 00 
"
"2016-11-21 14:35:31ID: BC  Data: 00 00 00 AA 00 00 00 00 
"
"2016-11-21 14:35:31ID: BB  Data: 00 00 00 AA 00 00 00 00 
"
"2016-11-21 14:35:31ID: BC  Data: 00 00 00 AA 00 00 00 00 
"
"2016-11-21 14:35:31ID: BB  Data: 00 00 00 AA 00 00 00 00 
"
"2016-11-21 14:35:31ID: BC  Data: 00 00 00 AA 00 00 00 00 
"
"2016-11-21 14:35:31ID: BB  Data: 00 00 00 AA 00 00 00 00 
"
"2016-11-21 14:35:31ID: BC  Data: 00 00 00 AA 00 00 00 00 
"
"2016-11-21 14:35:31ID: BB  Data: 00 00 00 AA 01 CF E1 EE 
"
"2016-11-21 14:35:31ID: BC  Data: 00 00 00 AA FE 30 1E 12 
"
"2016-11-21 14:35:31ID: BB  Data: 00 00 00 AA 01 EF 75 AB 
"
"2016-11-21 14:35:31ID: BC  Data: 00 00 00 AA FE 10 8A 55 
"
"2016-11-21 14:35:31ID: BB  Data: 00 00 00 AA 01 98 9F 64 
"
"2016-11-21 14:35:31ID: BC  Data: 00 00 00 AA FE 67 60 9C 
"
"2016-11-21 14:35:31ID: BB  Data: 00 00 00 AA 01 99 F0 37 
"
"2016-11-21 14:35:31ID: BC  Data: 00 00 00 AA FE 66 0F C9 
"
"2016-11-21 14:35:31ID: BB  Data: 00 00 00 AA 01 80 F0 97 
"
"2016-11-21 14:35:31ID: BC  Data: 00 00 00 AA FE 7F 0F 69 
"
"2016-11-21 14:35:31ID: BB  Data: 00 00 00 AA 00 00 00 00 
"
"2016-11-21 14:35:31ID: BC  Data: 00 00 00 AA 00 00 00 00 
"
"2016-11-21 14:35:32ID: BB  Data: 00 00 00 AA 00 00 00 00 
"
"2016-11-21 14:35:32ID: BC  Data: 00 00 00 AA 00 00 00 00 
"
"2016-11-21 14:35:32ID: BB  Data: 00 00 00 AA 00 00 00 00 
"
"2016-11-21 14:35:32ID: BC  Data: 00 00 00 AA 00 00 00 00 
"
"2016-11-21 14:35:32ID: BB  Data: 00 00 00 AA 00 00 00 00 
"
"2016-11-21 14:35:32ID: BC  Data: 00 00 00 AA 00 00 00 00 
"
"2016-11-21 14:35:32ID: BB  Data: 00 00 00 AA 02 6D C4 9C 
"
"2016-11-21 14:35:32ID: BC  Data: 00 00 00 AA FD 92 3B 64 
"
"2016-11-21 14:35:32ID: BB  Data: 00 00 00 AA 04 1D 52 56 
"
"2016-11-21 14:35:32ID: BC  Data: 00 00 00 AA FB E2 AD AA 
"
"2016-11-21 14:35:32ID: BB  Data: 00 00 00 AA 06 CC 1F 97 
"
"2016-11-21 14:35:32ID: BC  Data: 00 00 00 AA F9 33 E0 69 
"
"2016-11-21 14:35:32ID: BB  Data: 00 00 00 AA 07 62 1D 56 
"
"2016-11-21 14:35:32ID: BC  Data: 00 00 00 AA F8 9D E2 AA 
"
"2016-11-21 14:35:32ID: BB  Data: 00 00 00 AA 07 9C 01 85 
"
"2016-11-21 14:35:32ID: BC  Data: 00 00 00 AA F8 63 FE 7B 
"
"2016-11-21 14:35:32ID: BB  Data: 00 00 00 AA 07 E5 AF 92 
"
"2016-11-21 14:35:32ID: BC  Data: 00 00 00 AA F8 1A 50 6E 
"
"2016-11-21 14:35:32ID: BB  Data: 00 00 00 AA 07 E9 A2 0A 
"
"2016-11-21 14:35:32ID: BC  Data: 00 00 00 AA F8 16 5D F6 
"
"2016-11-21 14:35:32ID: BB  Data: 00 00 00 AA 07 EA F2 DC 
"
"2016-11-21 14:35:32ID: BC  Data: 00 00 00 AA F8 15 0D 24 
"
"2016-11-21 14:35:33ID: BB  Data: 00 00 00 AA 07 E9 A2 0A 
"
"2016-11-21 14:35:33ID: BC  Data: 00 00 00 AA F8 16 5D F6 
"
"2016-11-21 14:35:33ID: BB  Data: 00 00 00 AA 07 EC 43 AF 
"
"2016-11-21 14:35:33ID: BC  Data: 00 00 00 AA F8 13 BC 51 
"
"2016-11-21 14:35:33ID: BB  Data: 00 00 00 AA 07 F9 6B E8 
"
"2016-11-21 14:35:33ID: BC  Data: 00 00 00 AA F8 06 94 18 
"
"2016-11-21 14:35:33ID: BB  Data: 00 00 00 AA 08 61 5C DF 
"
"2016-11-21 14:35:33ID: BC  Data: 00 00 00 AA F7 9E A3 21 
"
"2016-11-21 14:35:33ID: BB  Data: 00 00 00 AA 09 0C 67 C6 
"
"2016-11-21 14:35:33ID: BC  Data: 00 00 00 AA F6 F3 98 3A 
"
"2016-11-21 14:35:33ID: BB  Data: 00 00 00 AA 0A 3B 04 E9 
"
"2016-11-21 14:35:33ID: BC  Data: 00 00 00 AA F5 C4 FB 17 
"
"2016-11-21 14:35:33ID: BB  Data: 00 00 00 AA 0B 2D 1C 38 
"
"2016-11-21 14:35:33ID: BC  Data: 00 00 00 AA F4 D2 E3 C8 
"
"2016-11-21 14:35:33ID: BB  Data: 00 00 00 AA 0B 4B 5F 22 
"
"2016-11-21 14:35:33ID: BC  Data: 00 00 00 AA F4 B4 A0 DE 
"
"2016-11-21 14:35:33ID: BB  Data: 00 00 00 AA 0C 6C D4 0B 
"
"2016-11-21 14:35:33ID: BC  Data: 00 00 00 AA F3 93 2B F5 
"
"2016-11-21 14:35:33ID: BB  Data: 00 00 00 AA 0C B5 31 46 
"
"2016-11-21 14:35:33ID: BC  Data: 00 00 00 AA F3 4A CE BA 
"
"2016-11-21 14:35:33ID: BB  Data: 00 00 00 AA 0C B5 31 46 
"
"2016-11-21 14:35:33ID: BC  Data: 00 00 00 AA F3 4A CE BA 
"
"2016-11-21 14:35:33ID: BB  Data: 00 00 00 AA 0C AE 9D 29 
"
"2016-11-21 14:35:33ID: BC  Data: 00 00 00 AA F3 51 62 D7 
"
"2016-11-21 14:35:34ID: BB  Data: 00 00 00 AA 0C 95 9D 89 
"
"2016-11-21 14:35:34ID: BC  Data: 00 00 00 AA F3 6A 62 77 
"
"2016-11-21 14:35:34ID: BB  Data: 00 00 00 AA 0C 98 3F 2E 
"
"2016-11-21 14:35:34ID: BC  Data: 00 00 00 AA F3 67 C0 D2 
"
"2016-11-21 14:35:34ID: BB  Data: 00 00 00 AA 0C AF ED FC 
"
"2016-11-21 14:35:34ID: BC  Data: 00 00 00 AA F3 50 12 04 
"
"2016-11-21 14:35:34ID: BB  Data: 00 00 00 AA 0C F9 9C 09 
"
"2016-11-21 14:35:34ID: BC  Data: 00 00 00 AA F3 06 63 F7 
"
"2016-11-21 14:35:34ID: BB  Data: 00 00 00 AA 0D E9 11 B3 
"
"2016-11-21 14:35:34ID: BC  Data: 00 00 00 AA F2 16 EE 4D 
"
"2016-11-21 14:35:34ID: BB  Data: 00 00 00 AA 0E F2 D7 CF 
"
"2016-11-21 14:35:34ID: BC  Data: 00 00 00 AA F1 0D 28 31 
"
"2016-11-21 14:35:34ID: BB  Data: 00 00 00 AA 0E FD 5E 63 
"
"2016-11-21 14:35:34ID: BC  Data: 00 00 00 AA F1 02 A1 9D 
"
"2016-11-21 14:35:34ID: BB  Data: 00 00 00 AA 0E FD 5E 63 
"
"2016-11-21 14:35:34ID: BC  Data: 00 00 00 AA F1 02 A1 9D 
"
"2016-11-21 14:35:34ID: BB  Data: 00 00 00 AA 0E FE AF 36 
"
"2016-11-21 14:35:34ID: BC  Data: 00 00 00 AA F1 01 50 CA 
"
"2016-11-21 14:35:34ID: BB  Data: 00 00 00 AA 0E FE AF 36 
"
"2016-11-21 14:35:34ID: BC  Data: 00 00 00 AA F1 01 50 CA 
"
"2016-11-21 14:35:34ID: BB  Data: 00 00 00 AA 0F 00 00 08 
"
"2016-11-21 14:35:34ID: BC  Data: 00 00 00 AA F0 FF FF F8 
"
"2016-11-21 14:35:35ID: BB  Data: 00 00 00 AA 0E FD 5E 63 
"
"2016-11-21 14:35:35ID: BC  Data: 00 00 00 AA F1 02 A1 9D 
"
"2016-11-21 14:35:35ID: BB  Data: 00 00 00 AA 0F 01 50 DB 
"
"2016-11-21 14:35:35ID: BC  Data: 00 00 00 AA F0 FE AF 25 
"
"2016-11-21 14:35:35ID: BB  Data: 00 00 00 AA 0F 00 00 08 
"
"2016-11-21 14:35:35ID: BC  Data: 00 00 00 AA F0 FF FF F8 
"
"2016-11-21 14:35:35ID: BB  Data: 00 00 00 AA 0F 01 50 DB 
"
"2016-11-21 14:35:35ID: BC  Data: 00 00 00 AA F0 FE AF 25 
"
"2016-11-21 14:35:35ID: BB  Data: 00 00 00 AA 0E FD 5E 63 
"
"2016-11-21 14:35:35ID: BC  Data: 00 00 00 AA F1 02 A1 9D 
"
"2016-11-21 14:35:35ID: BB  Data: 00 00 00 AA 0E FE AF 36 
"
"2016-11-21 14:35:35ID: BC  Data: 00 00 00 AA F1 01 50 CA 
"
"2016-11-21 14:35:35ID: BB  Data: 00 00 00 AA 0E FE AF 36 
"
"2016-11-21 14:35:35ID: BC  Data: 00 00 00 AA F1 01 50 CA 
"
"2016-11-21 14:35:35ID: BB  Data: 00 00 00 AA 0E FD 5E 63 
"
"2016-11-21 14:35:35ID: BC  Data: 00 00 00 AA F1 02 A1 9D 
"
"2016-11-21 14:35:35ID: BB  Data: 00 00 00 AA 0E FE AF 36 
"
"2016-11-21 14:35:35ID: BC  Data: 00 00 00 AA F1 01 50 CA 
"
"2016-11-21 14:35:35ID: BB  Data: 00 00 00 AA 0E FE AF 36 
"
"2016-11-21 14:35:35ID: BC  Data: 00 00 00 AA F1 01 50 CA 
"
"2016-11-21 14:35:35ID: BB  Data: 00 00 00 AA 0F 00 00 08 
"
"2016-11-21 14:35:35ID: BC  Data: 00 00 00 AA F0 FF FF F8 
"
"2016-11-21 14:35:36ID: BB  Data: 00 00 00 AA 0F 00 00 08 
"
"2016-11-21 14:35:36ID: BC  Data: 00 00 00 AA F0 FF FF F8 
"
"2016-11-21 14:35:36ID: BB  Data: 00 00 00 AA 0E FE AF 36 
"
"2016-11-21 14:35:36ID: BC  Data: 00 00 00 AA F1 01 50 CA 
"
"2016-11-21 14:35:36ID: BB  Data: 00 00 00 AA 0F 00 00 08 
"
"2016-11-21 14:35:36ID: BC  Data: 00 00 00 AA F0 FF FF F8 
"
"2016-11-21 14:35:36ID: BB  Data: 00 00 00 AA 0E FE AF 36 
"
"2016-11-21 14:35:36ID: BC  Data: 00 00 00 AA F1 01 50 CA 
"
"2016-11-21 14:35:36ID: BB  Data: 00 00 00 AA 0E FE AF 36 
"
"2016-11-21 14:35:36ID: BC  Data: 00 00 00 AA F1 01 50 CA 
"
"2016-11-21 14:35:36ID: BB  Data: 00 00 00 AA 0F 01 50 DB 
"
"2016-11-21 14:35:36ID: BC  Data: 00 00 00 AA F0 FE AF 25 
"
"2016-11-21 14:35:36ID: BB  Data: 00 00 00 AA 0F 01 50 DB 
"
"2016-11-21 14:35:36ID: BC  Data: 00 00 00 AA F0 FE AF 25 
"
"2016-11-21 14:35:36ID: BB  Data: 00 00 00 AA 0E FE AF 36 
"
"2016-11-21 14:35:36ID: BC  Data: 00 00 00 AA F1 01 50 CA 
"
"2016-11-21 14:35:36ID: BB  Data: 00 00 00 AA 0E FE AF 36 
"
"2016-11-21 14:35:36ID: BC  Data: 00 00 00 AA F1 01 50 CA 
"
"2016-11-21 14:35:36ID: BB  Data: 00 00 00 AA 0F 00 00 08 
"
"2016-11-21 14:35:36ID: BC  Data: 00 00 00 AA F0 FF FF F8 
"
"2016-11-21 14:35:36ID: BB  Data: 00 00 00 AA 0E FE AF 36 
"
"2016-11-21 14:35:36ID: BC  Data: 00 00 00 AA F1 01 50 CA 
"
"2016-11-21 14:35:36ID: BB  Data: 00 00 00 AA 0F 00 00 08 
"
"2016-11-21 14:35:36ID: BC  Data: 00 00 00 AA F0 FF FF F8 
"
"2016-11-21 14:35:37ID: BB  Data: 00 00 00 AA 0F 01 50 DB 
"
"2016-11-21 14:35:37ID: BC  Data: 00 00 00 AA F0 FE AF 25 
"
"2016-11-21 14:35:37ID: BB  Data: 00 00 00 AA 0E FD 5E 63 
"
"2016-11-21 14:35:37ID: BC  Data: 00 00 00 AA F1 02 A1 9D 
"
"2016-11-21 14:35:37ID: BB  Data: 00 00 00 AA 0E FE AF 36 
"
"2016-11-21 14:35:37ID: BC  Data: 00 00 00 AA F1 01 50 CA 
"
"2016-11-21 14:35:37ID: BB  Data: 00 00 00 AA 0E FE AF 36 
"
"2016-11-21 14:35:37ID: BC  Data: 00 00 00 AA F1 01 50 CA 
"
"2016-11-21 14:35:37ID: BB  Data: 00 00 00 AA 0F 00 00 08 
"
"2016-11-21 14:35:37ID: BC  Data: 00 00 00 AA F0 FF FF F8 
"
"2016-11-21 14:35:37ID: BB  Data: 00 00 00 AA 0E FD 5E 63 
"
"2016-11-21 14:35:37ID: BC  Data: 00 00 00 AA F1 02 A1 9D 
"
"2016-11-21 14:35:37ID: BB  Data: 00 00 00 AA 0E FE AF 36 
"
"2016-11-21 14:35:37ID: BC  Data: 00 00 00 AA F1 01 50 CA 
"
"2016-11-21 14:35:37ID: BB  Data: 00 00 00 AA 0F 00 00 08 
"
"2016-11-21 14:35:37ID: BC  Data: 00 00 00 AA F0 FF FF F8 
"
"2016-11-21 14:35:37ID: BB  Data: 00 00 00 AA 0F 00 00 08 
"
"2016-11-21 14:35:37ID: BC  Data: 00 00 00 AA F0 FF FF F8 
"
"2016-11-21 14:35:37ID: BB  Data: 00 00 00 AA 0E 20 54 3C 
"
"2016-11-21 14:35:37ID: BC  Data: 00 00 00 AA F1 DF AB C4 
"
"2016-11-21 14:35:37ID: BB  Data: 00 00 00 AA 0C D6 15 D5 
"
"2016-11-21 14:35:37ID: BC  Data: 00 00 00 AA F3 29 EA 2B 
"
"2016-11-21 14:35:38ID: BB  Data: 00 00 00 AA 0B 53 44 11 
"
"2016-11-21 14:35:38ID: BC  Data: 00 00 00 AA F4 AC BB EF 
"
"2016-11-21 14:35:38ID: BB  Data: 00 00 00 AA 08 06 94 21 
"
"2016-11-21 14:35:38ID: BC  Data: 00 00 00 AA F7 F9 6B DF 
"
"2016-11-21 14:35:38ID: BB  Data: 00 00 00 AA 05 8D B8 96 
"
"2016-11-21 14:35:38ID: BC  Data: 00 00 00 AA FA 72 47 6A 
"
"2016-11-21 14:35:38ID: BB  Data: 00 00 00 AA 04 D9 77 EE 
"
"2016-11-21 14:35:38ID: BC  Data: 00 00 00 AA FB 26 88 12 
"
"2016-11-21 14:35:38ID: BB  Data: 00 00 00 AA 04 05 A3 88 
"
"2016-11-21 14:35:38ID: BC  Data: 00 00 00 AA FB FA 5C 78 
"
"2016-11-21 14:35:38ID: BB  Data: 00 00 00 AA 03 42 E9 D4 
"
"2016-11-21 14:35:38ID: BC  Data: 00 00 00 AA FC BD 16 2C 
"
"2016-11-21 14:35:38ID: BB  Data: 00 00 00 AA 02 D7 06 66 
"
"2016-11-21 14:35:38ID: BC  Data: 00 00 00 AA FD 28 F9 9A 
"
"2016-11-21 14:35:38ID: BB  Data: 00 00 00 AA 02 C9 DE 2C 
"
"2016-11-21 14:35:38ID: BC  Data: 00 00 00 AA FD 36 21 D4 
"
"2016-11-21 14:35:38ID: BB  Data: 00 00 00 AA 02 AF 8D BA 
"
"2016-11-21 14:35:38ID: BC  Data: 00 00 00 AA FD 50 72 46 
"
"2016-11-21 14:35:38ID: BB  Data: 00 00 00 AA 02 A7 A8 CB 
"
"2016-11-21 14:35:38ID: BC  Data: 00 00 00 AA FD 58 57 35 
"
"2016-11-21 14:35:38ID: BB  Data: 00 00 00 AA 02 9F C3 DC 
"
"2016-11-21 14:35:38ID: BC  Data: 00 00 00 AA FD 60 3C 24 
"
"2016-11-21 14:35:38ID: BB  Data: 00 00 00 AA 02 99 2F BF 
"
"2016-11-21 14:35:39ID: BC  Data: 00 00 00 AA FD 66 D0 41 
"
"2016-11-21 14:35:39ID: BB  Data: 00 00 00 AA 02 8D 58 59 
"
"2016-11-21 14:35:39ID: BC  Data: 00 00 00 AA FD 72 A7 A7 
"
"2016-11-21 14:35:39ID: BB  Data: 00 00 00 AA 02 80 30 1F 
"
"2016-11-21 14:35:39ID: BC  Data: 00 00 00 AA FD 7F CF E1 
"
"2016-11-21 14:35:39ID: BB  Data: 00 00 00 AA 03 2D DC AC 
"
"2016-11-21 14:35:39ID: BC  Data: 00 00 00 AA FC D2 23 54 
"
"2016-11-21 14:35:39ID: BB  Data: 00 00 00 AA 03 59 47 CF 
"
"2016-11-21 14:35:39ID: BC  Data: 00 00 00 AA FC A6 B8 31 
"
"2016-11-21 14:35:39ID: BB  Data: 00 00 00 AA 03 B2 BF BA 
"
"2016-11-21 14:35:39ID: BC  Data: 00 00 00 AA FC 4D 40 46 
"
"2016-11-21 14:35:39ID: BB  Data: 00 00 00 AA 07 42 89 9A 
"
"2016-11-21 14:35:39ID: BC  Data: 00 00 00 AA F8 BD 76 66 
"
"2016-11-21 14:35:39ID: BB  Data: 00 00 00 AA 0C 3C 25 9E 
"
"2016-11-21 14:35:39ID: BC  Data: 00 00 00 AA F3 C3 DA 62 
"
"2016-11-21 14:35:39ID: BB  Data: 00 00 00 AA 0D 70 06 0B 
"
"2016-11-21 14:35:39ID: BC  Data: 00 00 00 AA F2 8F F9 F5 
"
"2016-11-21 14:35:39ID: BB  Data: 00 00 00 AA 0E BF 87 BD 
"
"2016-11-21 14:35:39ID: BC  Data: 00 00 00 AA F1 40 78 43 
"
"2016-11-21 14:35:39ID: BB  Data: 00 00 00 AA 0E FC 0D 91 
"
"2016-11-21 14:35:39ID: BC  Data: 00 00 00 AA F1 03 F2 6F 
"
"2016-11-21 14:35:39ID: BB  Data: 00 00 00 AA 0E FC 0D 91 
"
"2016-11-21 14:35:39ID: BC  Data: 00 00 00 AA F1 03 F2 6F 
"
"2016-11-21 14:35:40ID: BB  Data: 00 00 00 AA 0F 00 00 08 
"
"2016-11-21 14:35:40ID: BC  Data: 00 00 00 AA F0 FF FF F8 
"
"2016-11-21 14:35:40ID: BB  Data: 00 00 00 AA 0E FE AF 36 
"
"2016-11-21 14:35:40ID: BC  Data: 00 00 00 AA F1 01 50 CA 
"
"2016-11-21 14:35:40ID: BB  Data: 00 00 00 AA 0E FD 5E 63 
"
"2016-11-21 14:35:40ID: BC  Data: 00 00 00 AA F1 02 A1 9D 
"
"2016-11-21 14:35:40ID: BB  Data: 00 00 00 AA 0E FE AF 36 
"
"2016-11-21 14:35:40ID: BC  Data: 00 00 00 AA F1 01 50 CA 
"
"2016-11-21 14:35:40ID: BB  Data: 00 00 00 AA 0E FD 5E 63 
"
"2016-11-21 14:35:40ID: BC  Data: 00 00 00 AA F1 02 A1 9D 
"
"2016-11-21 14:35:40ID: BB  Data: 00 00 00 AA 0E FD 5E 63 
"
"2016-11-21 14:35:40ID: BC  Data: 00 00 00 AA F1 02 A1 9D 
"
"2016-11-21 14:35:40ID: BB  Data: 00 00 00 AA 0E FE AF 36 
"
"2016-11-21 14:35:40ID: BC  Data: 00 00 00 AA F1 01 50 CA 
"
"2016-11-21 14:35:40ID: BB  Data: 00 00 00 AA 0E FD 5E 63 
"
"2016-11-21 14:35:40ID: BC  Data: 00 00 00 AA F1 02 A1 9D 
"
"2016-11-21 14:35:40ID: BB  Data: 00 00 00 AA 0E FD 5E 63 
"
"2016-11-21 14:35:40ID: BC  Data: 00 00 00 AA F1 02 A1 9D 
"
"2016-11-21 14:35:40ID: BB  Data: 00 00 00 AA 0F 00 00 08 
"
"2016-11-21 14:35:40ID: BC  Data: 00 00 00 AA F0 FF FF F8 
"
"2016-11-21 14:35:40ID: BB  Data: 00 00 00 AA 0F 00 00 08 
"
"2016-11-21 14:35:40ID: BC  Data: 00 00 00 AA F0 FF FF F8 
"
"2016-11-21 14:35:41ID: BB  Data: 00 00 00 AA 0E FE AF 36 
"
"2016-11-21 14:35:41ID: BC  Data: 00 00 00 AA F1 01 50 CA 
"
"2016-11-21 14:35:41ID: BB  Data: 00 00 00 AA 0F 00 00 08 
"
"2016-11-21 14:35:41ID: BC  Data: 00 00 00 AA F0 FF FF F8 
"
"2016-11-21 14:35:41ID: BB  Data: 00 00 00 AA 0F 01 50 DB 
"
"2016-11-21 14:35:41ID: BC  Data: 00 00 00 AA F0 FE AF 25 
"
"2016-11-21 14:35:41ID: BB  Data: 00 00 00 AA 0F 00 00 08 
"
"2016-11-21 14:35:41ID: BC  Data: 00 00 00 AA F0 FF FF F8 
"
"2016-11-21 14:35:41ID: BB  Data: 00 00 00 AA 0E FE AF 36 
"
"2016-11-21 14:35:41ID: BC  Data: 00 00 00 AA F1 01 50 CA 
"
"2016-11-21 14:35:41ID: BB  Data: 00 00 00 AA 0F 01 50 DB 
"
"2016-11-21 14:35:41ID: BC  Data: 00 00 00 AA F0 FE AF 25 
"
"2016-11-21 14:35:41ID: BB  Data: 00 00 00 AA 0F 00 00 08 
"
"2016-11-21 14:35:41ID: BC  Data: 00 00 00 AA F0 FF FF F8 
"
"2016-11-21 14:35:41ID: BB  Data: 00 00 00 AA 0F 00 00 08 
"
"2016-11-21 14:35:41ID: BC  Data: 00 00 00 AA F0 FF FF F8 
"
"2016-11-21 14:35:41ID: BB  Data: 00 00 00 AA 0F 01 50 DB 
"
"2016-11-21 14:35:41ID: BC  Data: 00 00 00 AA F0 FE AF 25 
"
"2016-11-21 14:35:41ID: BB  Data: 00 00 00 AA 0F 01 50 DB 
"
"2016-11-21 14:35:41ID: BC  Data: 00 00 00 AA F0 FE AF 25 
"
"2016-11-21 14:35:41ID: BB  Data: 00 00 00 AA 0E FE AF 36 
"
"2016-11-21 14:35:41ID: BC  Data: 00 00 00 AA F1 01 50 CA 
"
"2016-11-21 14:35:41ID: BB  Data: 00 00 00 AA 0F 00 00 08 
"
"2016-11-21 14:35:41ID: BC  Data: 00 00 00 AA F0 FF FF F8 
"
"2016-11-21 14:35:42ID: BB  Data: 00 00 00 AA 0F 00 00 08 
"
"2016-11-21 14:35:42ID: BC  Data: 00 00 00 AA F0 FF FF F8 
"
"2016-11-21 14:35:42ID: BB  Data: 00 00 00 AA 0E FE AF 36 
"
"2016-11-21 14:35:42ID: BC  Data: 00 00 00 AA F1 01 50 CA 
"
"2016-11-21 14:35:42ID: BB  Data: 00 00 00 AA 0E FD 5E 63 
"
"2016-11-21 14:35:42ID: BC  Data: 00 00 00 AA F1 02 A1 9D 
"
"2016-11-21 14:35:42ID: BB  Data: 00 00 00 AA 0F 00 00 08 
"
"2016-11-21 14:35:42ID: BC  Data: 00 00 00 AA F0 FF FF F8 
"
"2016-11-21 14:35:42ID: BB  Data: 00 00 00 AA 0F 00 00 08 
"
"2016-11-21 14:35:42ID: BC  Data: 00 00 00 AA F0 FF FF F8 
"
"2016-11-21 14:35:42ID: BB  Data: 00 00 00 AA 0E FE AF 36 
"
"2016-11-21 14:35:42ID: BC  Data: 00 00 00 AA F1 01 50 CA 
"
"2016-11-21 14:35:42ID: BB  Data: 00 00 00 AA 0F 00 00 08 
"
"2016-11-21 14:35:42ID: BC  Data: 00 00 00 AA F0 FF FF F8 
"
"2016-11-21 14:35:42ID: BB  Data: 00 00 00 AA 0F 00 00 08 
"
"2016-11-21 14:35:42ID: BC  Data: 00 00 00 AA F0 FF FF F8 
"
"2016-11-21 14:35:42ID: BB  Data: 00 00 00 AA 0E FE AF 36 
"
"2016-11-21 14:35:42ID: BC  Data: 00 00 00 AA F1 01 50 CA 
"
"2016-11-21 14:35:42ID: BB  Data: 00 00 00 AA 0F 00 00 08 
"
"2016-11-21 14:35:42ID: BC  Data: 00 00 00 AA F0 FF FF F8 
"
"2016-11-21 14:35:42ID: BB  Data: 00 00 00 AA 0E FE AF 36 
"
"2016-11-21 14:35:42ID: BC  Data: 00 00 00 AA F1 01 50 CA 
"
"2016-11-21 14:35:43ID: BB  Data: 00 00 00 AA 0E FE AF 36 
"
"2016-11-21 14:35:43ID: BC  Data: 00 00 00 AA F1 01 50 CA 
"
"2016-11-21 14:35:43ID: BB  Data: 00 00 00 AA 0F 01 50 DB 
"
"2016-11-21 14:35:43ID: BC  Data: 00 00 00 AA F0 FE AF 25 
"
"2016-11-21 14:35:43ID: BB  Data: 00 00 00 AA 0E FE AF 36 
"
"2016-11-21 14:35:43ID: BC  Data: 00 00 00 AA F1 01 50 CA 
"
"2016-11-21 14:35:43ID: BB  Data: 00 00 00 AA 0E FE AF 36 
"
"2016-11-21 14:35:43ID: BC  Data: 00 00 00 AA F1 01 50 CA 
"
"2016-11-21 14:35:43ID: BB  Data: 00 00 00 AA 0F 00 00 08 
"
"2016-11-21 14:35:43ID: BC  Data: 00 00 00 AA F0 FF FF F8 
"
"2016-11-21 14:35:43ID: BB  Data: 00 00 00 AA 0F 00 00 08 
"
"2016-11-21 14:35:43ID: BC  Data: 00 00 00 AA F0 FF FF F8 
"
"2016-11-21 14:35:43ID: BB  Data: 00 00 00 AA 0E FD 5E 63 
"
"2016-11-21 14:35:43ID: BC  Data: 00 00 00 AA F1 02 A1 9D 
"
"2016-11-21 14:35:43ID: BB  Data: 00 00 00 AA 0F 00 00 08 
"
"2016-11-21 14:35:43ID: BC  Data: 00 00 00 AA F0 FF FF F8 
"
"2016-11-21 14:35:43ID: BB  Data: 00 00 00 AA 0F 00 00 08 
"
"2016-11-21 14:35:43ID: BC  Data: 00 00 00 AA F0 FF FF F8 
"
"2016-11-21 14:35:43ID: BB  Data: 00 00 00 AA 0F 00 00 08 
"
"2016-11-21 14:35:43ID: BC  Data: 00 00 00 AA F0 FF FF F8 
"
"2016-11-21 14:35:43ID: BB  Data: 00 00 00 AA 0F 01 50 DB 
"
"2016-11-21 14:35:43ID: BC  Data: 00 00 00 AA F0 FE AF 25 
"
"2016-11-21 14:35:44ID: BB  Data: 00 00 00 AA 0F 01 50 DB 
"
"2016-11-21 14:35:44ID: BC  Data: 00 00 00 AA F0 FE AF 25 
"
"2016-11-21 14:35:44ID: BB  Data: 00 00 00 AA 0E FE AF 36 
"
"2016-11-21 14:35:44ID: BC  Data: 00 00 00 AA F1 01 50 CA 
"
"2016-11-21 14:35:44ID: BB  Data: 00 00 00 AA 0F 00 00 08 
"
"2016-11-21 14:35:44ID: BC  Data: 00 00 00 AA F0 FF FF F8 
"
"2016-11-21 14:35:44ID: BB  Data: 00 00 00 AA 0E FE AF 36 
"
"2016-11-21 14:35:44ID: BC  Data: 00 00 00 AA F1 01 50 CA 
"
"2016-11-21 14:35:44ID: BB  Data: 00 00 00 AA 0F 01 50 DB 
"
"2016-11-21 14:35:44ID: BC  Data: 00 00 00 AA F0 FE AF 25 
"
"2016-11-21 14:35:44ID: BB  Data: 00 00 00 AA 0F 00 00 08 
"
"2016-11-21 14:35:44ID: BC  Data: 00 00 00 AA F0 FF FF F8 
"
"2016-11-21 14:35:44ID: BB  Data: 00 00 00 AA 0F 02 A1 AD 
"
"2016-11-21 14:35:44ID: BC  Data: 00 00 00 AA F0 FD 5E 53 
"
"2016-11-21 14:35:44ID: BB  Data: 00 00 00 AA 0F 01 50 DB 
"
"2016-11-21 14:35:44ID: BC  Data: 00 00 00 AA F0 FE AF 25 
"
"2016-11-21 14:35:44ID: BB  Data: 00 00 00 AA 0E FA BC BE 
"
"2016-11-21 14:35:44ID: BC  Data: 00 00 00 AA F1 05 43 42 
"
"2016-11-21 14:35:44ID: BB  Data: 00 00 00 AA 0E 9E A3 2E 
"
"2016-11-21 14:35:44ID: BC  Data: 00 00 00 AA F1 61 5C D2 
"
"2016-11-21 14:35:44ID: BB  Data: 00 00 00 AA 0E B8 F3 A0 
"
"2016-11-21 14:35:44ID: BC  Data: 00 00 00 AA F1 47 0C 60 
"
"2016-11-21 14:35:44ID: BB  Data: 00 00 00 AA 0E FD 5E 63 
"
"2016-11-21 14:35:44ID: BC  Data: 00 00 00 AA F1 02 A1 9D 
"
"2016-11-21 14:35:45ID: BB  Data: 00 00 00 AA 0F 01 50 DB 
"
"2016-11-21 14:35:45ID: BC  Data: 00 00 00 AA F0 FE AF 25 
"
"2016-11-21 14:35:45ID: BB  Data: 00 00 00 AA 0F 00 00 08 
"
"2016-11-21 14:35:45ID: BC  Data: 00 00 00 AA F0 FF FF F8 
"
"2016-11-21 14:35:45ID: BB  Data: 00 00 00 AA 0E FD 5E 63 
"
"2016-11-21 14:35:45ID: BC  Data: 00 00 00 AA F1 02 A1 9D 
"
"2016-11-21 14:35:45ID: BB  Data: 00 00 00 AA 0F 01 50 DB 
"
"2016-11-21 14:35:45ID: BC  Data: 00 00 00 AA F0 FE AF 25 
"
"2016-11-21 14:35:45ID: BB  Data: 00 00 00 AA 0F 00 00 08 
"
"2016-11-21 14:35:45ID: BC  Data: 00 00 00 AA F0 FF FF F8 
"
"2016-11-21 14:35:45ID: BB  Data: 00 00 00 AA 0F 00 00 08 
"
"2016-11-21 14:35:45ID: BC  Data: 00 00 00 AA F0 FF FF F8 
"
"2016-11-21 14:35:45ID: BB  Data: 00 00 00 AA 0F 01 50 DB 
"
"2016-11-21 14:35:45ID: BC  Data: 00 00 00 AA F0 FE AF 25 
"
"2016-11-21 14:35:45ID: BB  Data: 00 00 00 AA 0F 01 50 DB 
"
"2016-11-21 14:35:45ID: BC  Data: 00 00 00 AA F0 FE AF 25 
"
"2016-11-21 14:35:45ID: BB  Data: 00 00 00 AA 0F 02 A1 AD 
"
"2016-11-21 14:35:45ID: BC  Data: 00 00 00 AA F0 FD 5E 53 
"
"2016-11-21 14:35:45ID: BB  Data: 00 00 00 AA 0F 01 50 DB 
"
"2016-11-21 14:35:45ID: BC  Data: 00 00 00 AA F0 FE AF 25 
"
"2016-11-21 14:35:45ID: BB  Data: 00 00 00 AA 0F 01 50 DB 
"
"2016-11-21 14:35:45ID: BC  Data: 00 00 00 AA F0 FE AF 25 
"
"2016-11-21 14:35:46ID: BB  Data: 00 00 00 AA 0F 00 00 08 
"
"2016-11-21 14:35:46ID: BC  Data: 00 00 00 AA F0 FF FF F8 
"
"2016-11-21 14:35:46ID: BB  Data: 00 00 00 AA 0F 00 00 08 
"
"2016-11-21 14:35:46ID: BC  Data: 00 00 00 AA F0 FF FF F8 
"
"2016-11-21 14:35:46ID: BB  Data: 00 00 00 AA 0F 00 00 08 
"
"2016-11-21 14:35:46ID: BC  Data: 00 00 00 AA F0 FF FF F8 
"
"2016-11-21 14:35:46ID: BB  Data: 00 00 00 AA 0F 02 A1 AD 
"
"2016-11-21 14:35:46ID: BC  Data: 00 00 00 AA F0 FD 5E 53 
"
"2016-11-21 14:35:46ID: BB  Data: 00 00 00 AA 0F 01 50 DB 
"
"2016-11-21 14:35:46ID: BC  Data: 00 00 00 AA F0 FE AF 25 
"
"2016-11-21 14:35:46ID: BB  Data: 00 00 00 AA 0F 01 50 DB 
"
"2016-11-21 14:35:46ID: BC  Data: 00 00 00 AA F0 FE AF 25 
"
"2016-11-21 14:35:46ID: BB  Data: 00 00 00 AA 0F 00 00 08 
"
"2016-11-21 14:35:46ID: BC  Data: 00 00 00 AA F0 FF FF F8 
"
"2016-11-21 14:35:46ID: BB  Data: 00 00 00 AA 0F 02 A1 AD 
"
"2016-11-21 14:35:46ID: BC  Data: 00 00 00 AA F0 FD 5E 53 
"
"2016-11-21 14:35:46ID: BB  Data: 00 00 00 AA 0F 01 50 DB 
"
"2016-11-21 14:35:46ID: BC  Data: 00 00 00 AA F0 FE AF 25 
"
"2016-11-21 14:35:46ID: BB  Data: 00 00 00 AA 0F 00 00 08 
"
"2016-11-21 14:35:46ID: BC  Data: 00 00 00 AA F0 FF FF F8 
"
"2016-11-21 14:35:46ID: BB  Data: 00 00 00 AA 0F 00 00 08 
"
"2016-11-21 14:35:46ID: BC  Data: 00 00 00 AA F0 FF FF F8 
"
"2016-11-21 14:35:46ID: BB  Data: 00 00 00 AA 0F 00 00 08 
"
"2016-11-21 14:35:46ID: BC  Data: 00 00 00 AA F0 FF FF F8 
"
"2016-11-21 14:35:47ID: BB  Data: 00 00 00 AA 0F 02 A1 AD 
"
"2016-11-21 14:35:47ID: BC  Data: 00 00 00 AA F0 FD 5E 53 
"
"2016-11-21 14:35:47ID: BB  Data: 00 00 00 AA 0F 02 A1 AD 
"
"2016-11-21 14:35:47ID: BC  Data: 00 00 00 AA F0 FD 5E 53 
"
"2016-11-21 14:35:47ID: BB  Data: 00 00 00 AA 0F 01 50 DB 
"
"2016-11-21 14:35:47ID: BC  Data: 00 00 00 AA F0 FE AF 25 
"
"2016-11-21 14:35:47ID: BB  Data: 00 00 00 AA 0F 00 00 08 
"
"2016-11-21 14:35:47ID: BC  Data: 00 00 00 AA F0 FF FF F8 
"
"2016-11-21 14:35:47ID: BB  Data: 00 00 00 AA 0F 01 50 DB 
"
"2016-11-21 14:35:47ID: BC  Data: 00 00 00 AA F0 FE AF 25 
"
"2016-11-21 14:35:47ID: BB  Data: 00 00 00 AA 0F 02 A1 AD 
"
"2016-11-21 14:35:47ID: BC  Data: 00 00 00 AA F0 FD 5E 53 
"
"2016-11-21 14:35:47ID: BB  Data: 00 00 00 AA 0F 00 00 08 
"
"2016-11-21 14:35:47ID: BC  Data: 00 00 00 AA F0 FF FF F8 
"
"2016-11-21 14:35:47ID: BB  Data: 00 00 00 AA 0F 02 A1 AD 
"
"2016-11-21 14:35:47ID: BC  Data: 00 00 00 AA F0 FD 5E 53 
"
"2016-11-21 14:35:47ID: BB  Data: 00 00 00 AA 0F 02 A1 AD 
"
"2016-11-21 14:35:47ID: BC  Data: 00 00 00 AA F0 FD 5E 53 
"
"2016-11-21 14:35:47ID: BB  Data: 00 00 00 AA 0F 01 50 DB 
"
"2016-11-21 14:35:47ID: BC  Data: 00 00 00 AA F0 FE AF 25 
"
"2016-11-21 14:35:47ID: BB  Data: 00 00 00 AA 0E C4 CB 07 
"
"2016-11-21 14:35:47ID: BC  Data: 00 00 00 AA F1 3B 34 F9 
"
"2016-11-21 14:35:48ID: BB  Data: 00 00 00 AA 0E 85 A3 8E 
"
"2016-11-21 14:35:48ID: BC  Data: 00 00 00 AA F1 7A 5C 72 
"
"2016-11-21 14:35:48ID: BB  Data: 00 00 00 AA 0E 94 1C 9A 
"
"2016-11-21 14:35:48ID: BC  Data: 00 00 00 AA F1 6B E3 66 
"
"2016-11-21 14:35:48ID: BB  Data: 00 00 00 AA 0E A7 D8 EF 
"
"2016-11-21 14:35:48ID: BC  Data: 00 00 00 AA F1 58 27 11 
"
"2016-11-21 14:35:48ID: BB  Data: 00 00 00 AA 0E 9D 52 5B 
"
"2016-11-21 14:35:48ID: BC  Data: 00 00 00 AA F1 62 AD A5 
"
"2016-11-21 14:35:48ID: BB  Data: 00 00 00 AA 0D 68 21 1C 
"
"2016-11-21 14:35:48ID: BC  Data: 00 00 00 AA F2 97 DE E4 
"
"2016-11-21 14:35:48ID: BB  Data: 00 00 00 AA 0C 04 E3 14 
"
"2016-11-21 14:35:48ID: BC  Data: 00 00 00 AA F3 FB 1C EC 
"
"2016-11-21 14:35:48ID: BB  Data: 00 00 00 AA 0C 13 5C 20 
"
"2016-11-21 14:35:48ID: BC  Data: 00 00 00 AA F3 EC A3 E0 
"
"2016-11-21 14:35:48ID: BB  Data: 00 00 00 AA 0C 1D E2 B4 
"
"2016-11-21 14:35:48ID: BC  Data: 00 00 00 AA F3 E2 1D 4C 
"
"2016-11-21 14:35:48ID: BB  Data: 00 00 00 AA 0C 1B 41 0F 
"
"2016-11-21 14:35:48ID: BC  Data: 00 00 00 AA F3 E4 BE F1 
"
"2016-11-21 14:35:48ID: BB  Data: 00 00 00 AA 0C 0E 18 D6 
"
"2016-11-21 14:35:48ID: BC  Data: 00 00 00 AA F3 F1 E7 2A 
"
"2016-11-21 14:35:48ID: BB  Data: 00 00 00 AA 0C 04 E3 14 
"
"2016-11-21 14:35:48ID: BC  Data: 00 00 00 AA F3 FB 1C EC 
"
"2016-11-21 14:35:49ID: BB  Data: 00 00 00 AA 0B F9 0B AE 
"
"2016-11-21 14:35:49ID: BC  Data: 00 00 00 AA F4 06 F4 52 
"
"2016-11-21 14:35:49ID: BB  Data: 00 00 00 AA 0C 10 BA 7B 
"
"2016-11-21 14:35:49ID: BC  Data: 00 00 00 AA F3 EF 45 85 
"
"2016-11-21 14:35:49ID: BB  Data: 00 00 00 AA 0C 1B 41 0F 
"
"2016-11-21 14:35:49ID: BC  Data: 00 00 00 AA F3 E4 BE F1 
"
"2016-11-21 14:35:49ID: BB  Data: 00 00 00 AA 0C 0F 69 A9 
"
"2016-11-21 14:35:49ID: BC  Data: 00 00 00 AA F3 F0 96 57 
"
"2016-11-21 14:35:49ID: BB  Data: 00 00 00 AA 0B E1 5C E0 
"
"2016-11-21 14:35:49ID: BC  Data: 00 00 00 AA F4 1E A3 20 
"
"2016-11-21 14:35:49ID: BB  Data: 00 00 00 AA 0B 82 A1 AB 
"
"2016-11-21 14:35:49ID: BC  Data: 00 00 00 AA F4 7D 5E 55 
"
"2016-11-21 14:35:49ID: BB  Data: 00 00 00 AA 0B 7A BC BC 
"
"2016-11-21 14:35:49ID: BC  Data: 00 00 00 AA F4 85 43 44 
"
"2016-11-21 14:35:49ID: BB  Data: 00 00 00 AA 0A C9 1D B8 
"
"2016-11-21 14:35:49ID: BC  Data: 00 00 00 AA F5 36 E2 48 
"
"2016-11-21 14:35:49ID: BB  Data: 00 00 00 AA 0A AC 2B A1 
"
"2016-11-21 14:35:49ID: BC  Data: 00 00 00 AA F5 53 D4 5F 
"
"2016-11-21 14:35:49ID: BB  Data: 00 00 00 AA 0A 5A 98 A5 
"
"2016-11-21 14:35:49ID: BC  Data: 00 00 00 AA F5 A5 67 5B 
"
"2016-11-21 14:35:49ID: BB  Data: 00 00 00 AA 08 73 C8 62 
"
"2016-11-21 14:35:49ID: BC  Data: 00 00 00 AA F7 8C 37 9E 
"
"2016-11-21 14:35:49ID: BB  Data: 00 00 00 AA 07 C8 BD 7B 
"
"2016-11-21 14:35:49ID: BC  Data: 00 00 00 AA F8 37 42 85 
"
"2016-11-21 14:35:50ID: BB  Data: 00 00 00 AA 07 5B 89 3A 
"
"2016-11-21 14:35:50ID: BC  Data: 00 00 00 AA F8 A4 76 C6 
"
"2016-11-21 14:35:50ID: BB  Data: 00 00 00 AA 07 15 CD A4 
"
"2016-11-21 14:35:50ID: BC  Data: 00 00 00 AA F8 EA 32 5C 
"
"2016-11-21 14:35:50ID: BB  Data: 00 00 00 AA 06 61 8C FC 
"
"2016-11-21 14:35:50ID: BC  Data: 00 00 00 AA F9 9E 73 04 
"
"2016-11-21 14:35:50ID: BB  Data: 00 00 00 AA 05 EC 73 CC 
"
"2016-11-21 14:35:50ID: BC  Data: 00 00 00 AA FA 13 8C 34 
"
"2016-11-21 14:35:50ID: BB  Data: 00 00 00 AA 05 EC 73 CC 
"
"2016-11-21 14:35:50ID: BC  Data: 00 00 00 AA FA 13 8C 34 
"
"2016-11-21 14:35:50ID: BB  Data: 00 00 00 AA 05 EC 73 CC 
"
"2016-11-21 14:35:50ID: BC  Data: 00 00 00 AA FA 13 8C 34 
"
"2016-11-21 14:35:50ID: BB  Data: 00 00 00 AA 05 F3 07 E8 
"
"2016-11-21 14:35:50ID: BC  Data: 00 00 00 AA FA 0C F8 18 
"
"2016-11-21 14:35:50ID: BB  Data: 00 00 00 AA 05 ED C4 9E 
"
"2016-11-21 14:35:50ID: BC  Data: 00 00 00 AA FA 12 3B 62 
"
"2016-11-21 14:35:50ID: BB  Data: 00 00 00 AA 05 F0 66 43 
"
"2016-11-21 14:35:50ID: BC  Data: 00 00 00 AA FA 0F 99 BD 
"
"2016-11-21 14:35:50ID: BB  Data: 00 00 00 AA 06 0F FA 00 
"
"2016-11-21 14:35:50ID: BC  Data: 00 00 00 AA F9 F0 06 00 
"
"2016-11-21 14:35:50ID: BB  Data: 00 00 00 AA 06 32 2F 61 
"
"2016-11-21 14:35:50ID: BC  Data: 00 00 00 AA F9 CD D0 9F 
"
"2016-11-21 14:35:51ID: BB  Data: 00 00 00 AA 06 48 8D 5C 
"
"2016-11-21 14:35:51ID: BC  Data: 00 00 00 AA F9 B7 72 A4 
"
"2016-11-21 14:35:51ID: BB  Data: 00 00 00 AA 06 38 C3 7E 
"
"2016-11-21 14:35:51ID: BC  Data: 00 00 00 AA F9 C7 3C 82 
"
"2016-11-21 14:35:51ID: BB  Data: 00 00 00 AA 06 3B 65 23 
"
"2016-11-21 14:35:51ID: BC  Data: 00 00 00 AA F9 C4 9A DD 
"
"2016-11-21 14:35:51ID: BB  Data: 00 00 00 AA 06 40 A8 6D 
"
"2016-11-21 14:35:51ID: BC  Data: 00 00 00 AA F9 BF 57 93 
"
"2016-11-21 14:35:51ID: BB  Data: 00 00 00 AA 06 4B 2F 01 
"
"2016-11-21 14:35:51ID: BC  Data: 00 00 00 AA F9 B4 D0 FF 
"
"2016-11-21 14:35:51ID: BB  Data: 00 00 00 AA 06 93 8C 3B 
"
"2016-11-21 14:35:51ID: BC  Data: 00 00 00 AA F9 6C 73 C5 
"
"2016-11-21 14:35:51ID: BB  Data: 00 00 00 AA 07 96 BE 3B 
"
"2016-11-21 14:35:51ID: BC  Data: 00 00 00 AA F8 69 41 C5 
"
"2016-11-21 14:35:51ID: BB  Data: 00 00 00 AA 0A 03 C2 5F 
"
"2016-11-21 14:35:51ID: BC  Data: 00 00 00 AA F5 FC 3D A1 
"
"2016-11-21 14:35:51ID: BB  Data: 00 00 00 AA 0C 72 17 55 
"
"2016-11-21 14:35:51ID: BC  Data: 00 00 00 AA F3 8D E8 AB 
"
"2016-11-21 14:35:51ID: BB  Data: 00 00 00 AA 0E D9 D8 2F 
"
"2016-11-21 14:35:51ID: BC  Data: 00 00 00 AA F1 26 27 D1 
"
"2016-11-21 14:35:51ID: BB  Data: 00 00 00 AA 0E FD 5E 63 
"
"2016-11-21 14:35:51ID: BC  Data: 00 00 00 AA F1 02 A1 9D 
"
"2016-11-21 14:35:51ID: BB  Data: 00 00 00 AA 0F 00 00 08 
"
"2016-11-21 14:35:52ID: BC  Data: 00 00 00 AA F0 FF FF F8 
"
"2016-11-21 14:35:52ID: BB  Data: 00 00 00 AA 0E FE AF 36 
"
"2016-11-21 14:35:52ID: BC  Data: 00 00 00 AA F1 01 50 CA 
"
"2016-11-21 14:35:52ID: BB  Data: 00 00 00 AA 0F 02 A1 AD 
"
"2016-11-21 14:35:52ID: BC  Data: 00 00 00 AA F0 FD 5E 53 
"
"2016-11-21 14:35:52ID: BB  Data: 00 00 00 AA 0F 01 50 DB 
"
"2016-11-21 14:35:52ID: BC  Data: 00 00 00 AA F0 FE AF 25 
"
"2016-11-21 14:35:52ID: BB  Data: 00 00 00 AA 0F 00 00 08 
"
"2016-11-21 14:35:52ID: BC  Data: 00 00 00 AA F0 FF FF F8 
"
"2016-11-21 14:35:52ID: BB  Data: 00 00 00 AA 0F 02 A1 AD 
"
"2016-11-21 14:35:52ID: BC  Data: 00 00 00 AA F0 FD 5E 53 
"
"2016-11-21 14:35:52ID: BB  Data: 00 00 00 AA 0F 03 F2 80 
"
"2016-11-21 14:35:52ID: BC  Data: 00 00 00 AA F0 FC 0D 80 
"
"2016-11-21 14:35:52ID: BB  Data: 00 00 00 AA 0F 05 43 52 
"
"2016-11-21 14:35:52ID: BC  Data: 00 00 00 AA F0 FA BC AE 
"
"2016-11-21 14:35:52ID: BB  Data: 00 00 00 AA 0F 01 50 DB 
"
"2016-11-21 14:35:52ID: BC  Data: 00 00 00 AA F0 FE AF 25 
"
"2016-11-21 14:35:52ID: BB  Data: 00 00 00 AA 0F 02 A1 AD 
"
"2016-11-21 14:35:52ID: BC  Data: 00 00 00 AA F0 FD 5E 53 
"
"2016-11-21 14:35:52ID: BB  Data: 00 00 00 AA 0F 03 F2 80 
"
"2016-11-21 14:35:52ID: BC  Data: 00 00 00 AA F0 FC 0D 80 
"
"2016-11-21 14:35:52ID: BB  Data: 00 00 00 AA 0F 01 50 DB 
"
"2016-11-21 14:35:52ID: BC  Data: 00 00 00 AA F0 FE AF 25 
"
"2016-11-21 14:35:53ID: BB  Data: 00 00 00 AA 0F 01 50 DB 
"
"2016-11-21 14:35:53ID: BC  Data: 00 00 00 AA F0 FE AF 25 
"
"2016-11-21 14:35:53ID: BB  Data: 00 00 00 AA 0F 02 A1 AD 
"
"2016-11-21 14:35:53ID: BC  Data: 00 00 00 AA F0 FD 5E 53 
"
"2016-11-21 14:35:53ID: BB  Data: 00 00 00 AA 0F 02 A1 AD 
"
"2016-11-21 14:35:53ID: BC  Data: 00 00 00 AA F0 FD 5E 53 
"
"2016-11-21 14:35:53ID: BB  Data: 00 00 00 AA 0F 03 F2 80 
"
"2016-11-21 14:35:53ID: BC  Data: 00 00 00 AA F0 FC 0D 80 
"
"2016-11-21 14:35:53ID: BB  Data: 00 00 00 AA 0F 02 A1 AD 
"
"2016-11-21 14:35:53ID: BC  Data: 00 00 00 AA F0 FD 5E 53 
"
"2016-11-21 14:35:53ID: BB  Data: 00 00 00 AA 0F 01 50 DB 
"
"2016-11-21 14:35:53ID: BC  Data: 00 00 00 AA F0 FE AF 25 
"
"2016-11-21 14:35:53ID: BB  Data: 00 00 00 AA 0F 02 A1 AD 
"
"2016-11-21 14:35:53ID: BC  Data: 00 00 00 AA F0 FD 5E 53 
"
"2016-11-21 14:35:53ID: BB  Data: 00 00 00 AA 0F 02 A1 AD 
"
"2016-11-21 14:35:53ID: BC  Data: 00 00 00 AA F0 FD 5E 53 
"
"2016-11-21 14:35:53ID: BB  Data: 00 00 00 AA 0F 02 A1 AD 
"
"2016-11-21 14:35:53ID: BC  Data: 00 00 00 AA F0 FD 5E 53 
"
"2016-11-21 14:35:53ID: BB  Data: 00 00 00 AA 0E A3 E6 78 
"
"2016-11-21 14:35:53ID: BC  Data: 00 00 00 AA F1 5C 19 88 
"
"2016-11-21 14:35:53ID: BB  Data: 00 00 00 AA 09 85 73 6D 
"
"2016-11-21 14:35:53ID: BC  Data: 00 00 00 AA F6 7A 8C 93 
"
"2016-11-21 14:35:54ID: BB  Data: 00 00 00 AA 06 73 F8 7F 
"
"2016-11-21 14:35:54ID: BC  Data: 00 00 00 AA F9 8C 07 81 
"
"2016-11-21 14:35:54ID: BB  Data: 00 00 00 AA 06 71 56 DA 
"
"2016-11-21 14:35:54ID: BC  Data: 00 00 00 AA F9 8E A9 26 
"
"2016-11-21 14:35:54ID: BB  Data: 00 00 00 AA 05 CC E0 0F 
"
"2016-11-21 14:35:54ID: BC  Data: 00 00 00 AA FA 33 1F F1 
"
"2016-11-21 14:35:54ID: BB  Data: 00 00 00 AA 06 B7 12 6F 
"
"2016-11-21 14:35:54ID: BC  Data: 00 00 00 AA F9 48 ED 91 
"
"2016-11-21 14:35:54ID: BB  Data: 00 00 00 AA 08 2C BB FA 
"
"2016-11-21 14:35:54ID: BC  Data: 00 00 00 AA F7 D3 44 06 
"
"2016-11-21 14:35:54ID: BB  Data: 00 00 00 AA 08 28 C9 82 
"
"2016-11-21 14:35:54ID: BC  Data: 00 00 00 AA F7 D7 36 7E 
"
"2016-11-21 14:35:54ID: BB  Data: 00 00 00 AA 08 2F 5D 9F 
"
"2016-11-21 14:35:54ID: BC  Data: 00 00 00 AA F7 D0 A2 61 
"
"2016-11-21 14:35:54ID: BB  Data: 00 00 00 AA 08 49 AE 11 
"
"2016-11-21 14:35:54ID: BC  Data: 00 00 00 AA F7 B6 51 EF 
"
"2016-11-21 14:35:54ID: BB  Data: 00 00 00 AA 08 47 0C 6C 
"
"2016-11-21 14:35:54ID: BC  Data: 00 00 00 AA F7 B8 F3 94 
"
"2016-11-21 14:35:54ID: BB  Data: 00 00 00 AA 08 40 78 50 
"
"2016-11-21 14:35:54ID: BC  Data: 00 00 00 AA F7 BF 87 B0 
"
"2016-11-21 14:35:54ID: BB  Data: 00 00 00 AA 08 39 E4 33 
"
"2016-11-21 14:35:54ID: BC  Data: 00 00 00 AA F7 C6 1B CD 
"
"2016-11-21 14:35:54ID: BB  Data: 00 00 00 AA 08 3C 85 D8 
"
"2016-11-21 14:35:54ID: BC  Data: 00 00 00 AA F7 C3 7A 28 
"
"2016-11-21 14:35:55ID: BB  Data: 00 00 00 AA 08 43 19 F5 
"
"2016-11-21 14:35:55ID: BC  Data: 00 00 00 AA F7 BC E6 0B 
"
"2016-11-21 14:35:55ID: BB  Data: 00 00 00 AA 08 44 6A C7 
"
"2016-11-21 14:35:55ID: BC  Data: 00 00 00 AA F7 BB 95 39 
"
"2016-11-21 14:35:55ID: BB  Data: 00 00 00 AA 08 3D D6 AB 
"
"2016-11-21 14:35:55ID: BC  Data: 00 00 00 AA F7 C2 29 55 
"
"2016-11-21 14:35:55ID: BB  Data: 00 00 00 AA 08 47 0C 6C 
"
"2016-11-21 14:35:55ID: BC  Data: 00 00 00 AA F7 B8 F3 94 
"
"2016-11-21 14:35:55ID: BB  Data: 00 00 00 AA 08 3C 85 D8 
"
"2016-11-21 14:35:55ID: BC  Data: 00 00 00 AA F7 C3 7A 28 
"
"2016-11-21 14:35:55ID: BB  Data: 00 00 00 AA 08 31 FF 44 
"
"2016-11-21 14:35:55ID: BC  Data: 00 00 00 AA F7 CE 00 BC 
"
"2016-11-21 14:35:55ID: BB  Data: 00 00 00 AA 08 0F C9 E3 
"
"2016-11-21 14:35:55ID: BC  Data: 00 00 00 AA F7 F0 36 1D 
"
"2016-11-21 14:35:55ID: BB  Data: 00 00 00 AA 07 BE 36 E6 
"
"2016-11-21 14:35:55ID: BC  Data: 00 00 00 AA F8 41 C9 1A 
"
"2016-11-21 14:35:55ID: BB  Data: 00 00 00 AA 05 39 83 F5 
"
"2016-11-21 14:35:55ID: BC  Data: 00 00 00 AA FA C6 7C 0B 
"
"2016-11-21 14:35:55ID: BB  Data: 00 00 00 AA 03 9C 61 BF 
"
"2016-11-21 14:35:55ID: BC  Data: 00 00 00 AA FC 63 9E 41 
"
"2016-11-21 14:35:55ID: BB  Data: 00 00 00 AA 03 1F 63 A0 
"
"2016-11-21 14:35:55ID: BC  Data: 00 00 00 AA FC E0 9C 60 
"
"2016-11-21 14:35:56ID: BB  Data: 00 00 00 AA 02 BA 14 4E 
"
"2016-11-21 14:35:56ID: BC  Data: 00 00 00 AA FD 45 EB B2 
"
"2016-11-21 14:35:56ID: BB  Data: 00 00 00 AA 02 09 C6 1D 
"
"2016-11-21 14:35:56ID: BC  Data: 00 00 00 AA FD F6 39 E3 
"
"2016-11-21 14:35:56ID: BB  Data: 00 00 00 AA 01 AC 5B BA 
"
"2016-11-21 14:35:56ID: BC  Data: 00 00 00 AA FE 53 A4 46 
"
"2016-11-21 14:35:56ID: BB  Data: 00 00 00 AA 01 94 AC ED 
"
"2016-11-21 14:35:56ID: BC  Data: 00 00 00 AA FE 6B 53 13 
"
"2016-11-21 14:35:56ID: BB  Data: 00 00 00 AA 00 00 00 00 
"
"2016-11-21 14:35:56ID: BC  Data: 00 00 00 AA 00 00 00 00 
"
"2016-11-21 14:35:56ID: BB  Data: 00 00 00 AA 00 00 00 00 
"
"2016-11-21 14:35:56ID: BC  Data: 00 00 00 AA 00 00 00 00 
"
"2016-11-21 14:35:56ID: BB  Data: 00 00 00 AA 01 86 33 E1 
"
"2016-11-21 14:35:56ID: BC  Data: 00 00 00 AA FE 79 CC 1F 
"
"2016-11-21 14:35:56ID: BB  Data: 00 00 00 AA 01 94 AC ED 
"
"2016-11-21 14:35:56ID: BC  Data: 00 00 00 AA FE 6B 53 13 
"
"2016-11-21 14:35:56ID: BB  Data: 00 00 00 AA 01 8E 18 D0 
"
"2016-11-21 14:35:56ID: BC  Data: 00 00 00 AA FE 71 E7 30 
"
"2016-11-21 14:35:56ID: BB  Data: 00 00 00 AA 01 AB 0A E8 
"
"2016-11-21 14:35:56ID: BC  Data: 00 00 00 AA FE 54 F5 18 
"
"2016-11-21 14:35:56ID: BB  Data: 00 00 00 AA 01 E6 3F E9 
"
"2016-11-21 14:35:56ID: BC  Data: 00 00 00 AA FE 19 C0 17 
"
"2016-11-21 14:35:57ID: BB  Data: 00 00 00 AA 03 1A 20 56 
"
"2016-11-21 14:35:57ID: BC  Data: 00 00 00 AA FC E5 DF AA 
"
"2016-11-21 14:35:57ID: BB  Data: 00 00 00 AA 03 59 47 CF 
"
"2016-11-21 14:35:57ID: BC  Data: 00 00 00 AA FC A6 B8 31 
"
"2016-11-21 14:35:57ID: BB  Data: 00 00 00 AA 03 84 B2 F2 
"
"2016-11-21 14:35:57ID: BC  Data: 00 00 00 AA FC 7B 4D 0E 
"
"2016-11-21 14:35:57ID: BB  Data: 00 00 00 AA 04 65 AF 90 
"
"2016-11-21 14:35:57ID: BC  Data: 00 00 00 AA FB 9A 50 70 
"
"2016-11-21 14:35:57ID: BB  Data: 00 00 00 AA 05 E7 30 82 
"
"2016-11-21 14:35:57ID: BC  Data: 00 00 00 AA FA 18 CF 7E 
"
"2016-11-21 14:35:57ID: BB  Data: 00 00 00 AA 06 A2 05 47 
"
"2016-11-21 14:35:57ID: BC  Data: 00 00 00 AA F9 5D FA B9 
"
"2016-11-21 14:35:57ID: BB  Data: 00 00 00 AA 07 17 1E 77 
"
"2016-11-21 14:35:57ID: BC  Data: 00 00 00 AA F8 E8 E1 89 
"
"2016-11-21 14:35:57ID: BB  Data: 00 00 00 AA 09 41 08 AA 
"
"2016-11-21 14:35:57ID: BC  Data: 00 00 00 AA F6 BE F7 56 
"
"2016-11-21 14:35:57ID: BB  Data: 00 00 00 AA 09 BC B5 F7 
"
"2016-11-21 14:35:57ID: BC  Data: 00 00 00 AA F6 43 4A 09 
"
"2016-11-21 14:35:57ID: BB  Data: 00 00 00 AA 09 E4 2E A2 
"
"2016-11-21 14:35:57ID: BC  Data: 00 00 00 AA F6 1B D1 5E 
"
"2016-11-21 14:35:57ID: BB  Data: 00 00 00 AA 0A EB 53 1A 
"
"2016-11-21 14:35:57ID: BC  Data: 00 00 00 AA F5 14 AC E6 
"
"2016-11-21 14:35:57ID: BB  Data: 00 00 00 AA 0B D5 85 7A 
"
"2016-11-21 14:35:57ID: BC  Data: 00 00 00 AA F4 2A 7A 86 
"
"2016-11-21 14:35:58ID: BB  Data: 00 00 00 AA 0B BC 85 DA 
"
"2016-11-21 14:35:58ID: BC  Data: 00 00 00 AA F4 43 7A 26 
"
"2016-11-21 14:35:58ID: BB  Data: 00 00 00 AA 0B 78 1B 17 
"
"2016-11-21 14:35:58ID: BC  Data: 00 00 00 AA F4 87 E4 E9 
"
"2016-11-21 14:35:58ID: BB  Data: 00 00 00 AA 0A A9 89 FC 
"
"2016-11-21 14:35:58ID: BC  Data: 00 00 00 AA F5 56 76 04 
"
"2016-11-21 14:35:58ID: BB  Data: 00 00 00 AA 09 0D B8 98 
"
"2016-11-21 14:35:58ID: BC  Data: 00 00 00 AA F6 F2 47 68 
"
"2016-11-21 14:35:58ID: BB  Data: 00 00 00 AA 07 FD 5E 5F 
"
"2016-11-21 14:35:58ID: BC  Data: 00 00 00 AA F8 02 A1 A1 
"
"2016-11-21 14:35:58ID: BB  Data: 00 00 00 AA 07 0C 97 E3 
"
"2016-11-21 14:35:58ID: BC  Data: 00 00 00 AA F8 F3 68 1D 
"
"2016-11-21 14:35:58ID: BB  Data: 00 00 00 AA 06 9E 12 CF 
"
"2016-11-21 14:35:58ID: BC  Data: 00 00 00 AA F9 61 ED 31 
"
"2016-11-21 14:35:58ID: BB  Data: 00 00 00 AA 06 3C B5 F5 
"
"2016-11-21 14:35:58ID: BC  Data: 00 00 00 AA F9 C3 4A 0B 
"
"2016-11-21 14:35:58ID: BB  Data: 00 00 00 AA 06 44 9A E4 
"
"2016-11-21 14:35:58ID: BC  Data: 00 00 00 AA F9 BB 65 1C 
"
"2016-11-21 14:35:58ID: BB  Data: 00 00 00 AA 06 23 B6 55 
"
"2016-11-21 14:35:58ID: BC  Data: 00 00 00 AA F9 DC 49 AB 
"
"2016-11-21 14:35:58ID: BB  Data: 00 00 00 AA 06 26 57 FA 
"
"2016-11-21 14:35:58ID: BC  Data: 00 00 00 AA F9 D9 A8 06 
"
"2016-11-21 14:35:59ID: BB  Data: 00 00 00 AA 06 21 14 B0 
"
"2016-11-21 14:35:59ID: BC  Data: 00 00 00 AA F9 DE EB 50 
"
"2016-11-21 14:35:59ID: BB  Data: 00 00 00 AA 06 21 14 B0 
"
"2016-11-21 14:35:59ID: BC  Data: 00 00 00 AA F9 DE EB 50 
"
"2016-11-21 14:35:59ID: BB  Data: 00 00 00 AA 05 E7 30 82 
"
"2016-11-21 14:35:59ID: BC  Data: 00 00 00 AA FA 18 CF 7E 
"
"2016-11-21 14:35:59ID: BB  Data: 00 00 00 AA 05 CB 8F 3D 
"
"2016-11-21 14:35:59ID: BC  Data: 00 00 00 AA FA 34 70 C3 
"
"2016-11-21 14:35:59ID: BB  Data: 00 00 00 AA 04 AB 6B 25 
"
"2016-11-21 14:35:59ID: BC  Data: 00 00 00 AA FB 54 94 DB 
"
"2016-11-21 14:35:59ID: BB  Data: 00 00 00 AA 04 63 0D EB 
"
"2016-11-21 14:35:59ID: BC  Data: 00 00 00 AA FB 9C F2 15 
"
"2016-11-21 14:35:59ID: BB  Data: 00 00 00 AA 04 5D CA A1 
"
"2016-11-21 14:35:59ID: BC  Data: 00 00 00 AA FB A2 35 5F 
"
"2016-11-21 14:35:59ID: BB  Data: 00 00 00 AA 04 5D CA A1 
"
"2016-11-21 14:35:59ID: BC  Data: 00 00 00 AA FB A2 35 5F 
"
"2016-11-21 14:35:59ID: BB  Data: 00 00 00 AA 03 AD 7C 70 
"
"2016-11-21 14:35:59ID: BC  Data: 00 00 00 AA FC 52 83 90 
"
"2016-11-21 14:35:59ID: BB  Data: 00 00 00 AA 03 4E C1 3B 
"
"2016-11-21 14:35:59ID: BC  Data: 00 00 00 AA FC B1 3E C5 
"
"2016-11-21 14:35:59ID: BB  Data: 00 00 00 AA 02 BC B5 F3 
"
"2016-11-21 14:35:59ID: BC  Data: 00 00 00 AA FD 43 4A 0D 
"
"2016-11-21 14:35:59ID: BB  Data: 00 00 00 AA 02 A3 B6 53 
"
"2016-11-21 14:36:00ID: BC  Data: 00 00 00 AA FD 5C 49 AD 
"
"2016-11-21 14:36:00ID: BB  Data: 00 00 00 AA 02 BB 65 21 
"
"2016-11-21 14:36:00ID: BC  Data: 00 00 00 AA FD 44 9A DF 
"
"2016-11-21 14:36:00ID: BB  Data: 00 00 00 AA 02 E5 7F 71 
"
"2016-11-21 14:36:00ID: BC  Data: 00 00 00 AA FD 1A 80 8F 
"
"2016-11-21 14:36:00ID: BB  Data: 00 00 00 AA 03 20 B4 72 
"
"2016-11-21 14:36:00ID: BC  Data: 00 00 00 AA FC DF 4B 8E 
"
"2016-11-21 14:36:00ID: BB  Data: 00 00 00 AA 03 6B B3 52 
"
"2016-11-21 14:36:00ID: BC  Data: 00 00 00 AA FC 94 4C AE 
"
"2016-11-21 14:36:00ID: BB  Data: 00 00 00 AA 03 88 A5 69 
"
"2016-11-21 14:36:00ID: BC  Data: 00 00 00 AA FC 77 5A 97 
"
"2016-11-21 14:36:00ID: BB  Data: 00 00 00 AA 04 2D 1C 34 
"
"2016-11-21 14:36:00ID: BC  Data: 00 00 00 AA FB D2 E3 CC 
"
"2016-11-21 14:36:00ID: BB  Data: 00 00 00 AA 04 3C E6 12 
"
"2016-11-21 14:36:00ID: BC  Data: 00 00 00 AA FB C3 19 EE 
"
"2016-11-21 14:36:00ID: BB  Data: 00 00 00 AA 04 4E 00 C3 
"
"2016-11-21 14:36:00ID: BC  Data: 00 00 00 AA FB B1 FF 3D 
"
"2016-11-21 14:36:00ID: BB  Data: 00 00 00 AA 04 42 29 5C 
"
"2016-11-21 14:36:00ID: BC  Data: 00 00 00 AA FB BD D6 A4 
"
"2016-11-21 14:36:00ID: BB  Data: 00 00 00 AA 04 1F F3 FB 
"
"2016-11-21 14:36:00ID: BC  Data: 00 00 00 AA FB E0 0C 05 
"
"2016-11-21 14:36:00ID: BB  Data: 00 00 00 AA 03 C2 89 98 
"
"2016-11-21 14:36:00ID: BC  Data: 00 00 00 AA FC 3D 76 68 
"
"2016-11-21 14:36:01ID: BB  Data: 00 00 00 AA 03 1A 20 56 
"
"2016-11-21 14:36:01ID: BC  Data: 00 00 00 AA FC E5 DF AA 
"
"2016-11-21 14:36:01ID: BB  Data: 00 00 00 AA 03 1F 63 A0 
"
"2016-11-21 14:36:01ID: BC  Data: 00 00 00 AA FC E0 9C 60 
"
"2016-11-21 14:36:01ID: BB  Data: 00 00 00 AA 03 25 F7 BD 
"
"2016-11-21 14:36:01ID: BC  Data: 00 00 00 AA FC DA 08 43 
"
"2016-11-21 14:36:01ID: BB  Data: 00 00 00 AA 03 24 A6 EA 
"
"2016-11-21 14:36:01ID: BC  Data: 00 00 00 AA FC DB 59 16 
"
"2016-11-21 14:36:01ID: BB  Data: 00 00 00 AA 02 D7 06 66 
"
"2016-11-21 14:36:01ID: BC  Data: 00 00 00 AA FD 28 F9 9A 
"
"2016-11-21 14:36:01ID: BB  Data: 00 00 00 AA 00 00 00 00 
"
"2016-11-21 14:36:01ID: BC  Data: 00 00 00 AA 00 00 00 00 
"
"2016-11-21 14:36:01ID: BB  Data: 00 00 00 AA 00 00 00 00 
"
"2016-11-21 14:36:01ID: BC  Data: 00 00 00 AA 00 00 00 00 
"
"2016-11-21 14:36:01ID: BB  Data: 00 00 00 AA 00 00 00 00 
"
"2016-11-21 14:36:01ID: BC  Data: 00 00 00 AA 00 00 00 00 
"
"2016-11-21 14:36:01ID: BB  Data: 00 00 00 AA 00 00 00 00 
"
"2016-11-21 14:36:01ID: BC  Data: 00 00 00 AA 00 00 00 00 
"
"2016-11-21 14:36:01ID: BB  Data: 00 00 00 AA 00 00 00 00 
"
"2016-11-21 14:36:01ID: BC  Data: 00 00 00 AA 00 00 00 00 
"
"2016-11-21 14:36:01ID: BB  Data: 00 00 00 AA 00 00 00 00 
"
"2016-11-21 14:36:01ID: BC  Data: 00 00 00 AA 00 00 00 00 
"
"2016-11-21 14:36:02ID: BB  Data: 00 00 00 AA 00 00 00 00 
"
"2016-11-21 14:36:02ID: BC  Data: 00 00 00 AA 00 00 00 00 
"
"2016-11-21 14:36:02ID: BB  Data: 00 00 00 AA 00 00 00 00 
"
"2016-11-21 14:36:02ID: BC  Data: 00 00 00 AA 00 00 00 00 
"
"2016-11-21 14:36:02ID: BB  Data: 00 00 00 AA 00 00 00 00 
"
"2016-11-21 14:36:02ID: BC  Data: 00 00 00 AA 00 00 00 00 
"
"2016-11-21 14:36:02ID: BB  Data: 00 00 00 AA 00 00 00 00 
"
"2016-11-21 14:36:02ID: BC  Data: 00 00 00 AA 00 00 00 00 
"
"2016-11-21 14:36:02ID: BB  Data: 00 00 00 AA 00 00 00 00 
"
"2016-11-21 14:36:02ID: BC  Data: 00 00 00 AA 00 00 00 00 
"
"2016-11-21 14:36:02ID: BB  Data: 00 00 00 AA 00 00 00 00 
"
"2016-11-21 14:36:02ID: BC  Data: 00 00 00 AA 00 00 00 00 
"
"2016-11-21 14:36:02ID: BB  Data: 00 00 00 AA 00 00 00 00 
"
"2016-11-21 14:36:02ID: BC  Data: 00 00 00 AA 00 00 00 00 
"
"2016-11-21 14:36:02ID: BB  Data: 00 00 00 AA 00 00 00 00 
"
"2016-11-21 14:36:02ID: BC  Data: 00 00 00 AA 00 00 00 00 
"
"2016-11-21 14:36:02ID: BB  Data: 00 00 00 AA 00 00 00 00 
"
"2016-11-21 14:36:02ID: BC  Data: 00 00 00 AA 00 00 00 00 
"
"2016-11-21 14:36:02ID: BB  Data: 00 00 00 AA 00 00 00 00 
"
"2016-11-21 14:36:02ID: BC  Data: 00 00 00 AA 00 00 00 00 
"
"2016-11-21 14:36:02ID: BB  Data: 00 00 00 AA 00 00 00 00 
"
"2016-11-21 14:36:02ID: BC  Data: 00 00 00 AA 00 00 00 00 
"
"2016-11-21 14:36:02ID: BB  Data: 00 00 00 AA 00 00 00 00 
"
"2016-11-21 14:36:02ID: BC  Data: 00 00 00 AA 00 00 00 00 
"
"2016-11-21 14:36:03ID: BB  Data: 00 00 00 AA 00 00 00 00 
"
"2016-11-21 14:36:03ID: BC  Data: 00 00 00 AA 00 00 00 00 
"
"2016-11-21 14:36:03ID: BB  Data: 00 00 00 AA 00 00 00 00 
"
"2016-11-21 14:36:03ID: BC  Data: 00 00 00 AA 00 00 00 00 
"
"2016-11-21 14:36:03ID: BB  Data: 00 00 00 AA 00 00 00 00 
"
"2016-11-21 14:36:03ID: BC  Data: 00 00 00 AA 00 00 00 00 
"
"2016-11-21 14:36:03ID: BB  Data: 00 00 00 AA 00 00 00 00 
"
"2016-11-21 14:36:03ID: BC  Data: 00 00 00 AA 00 00 00 00 
"
"2016-11-21 14:36:03ID: BB  Data: 00 00 00 AA 00 00 00 00 
"
"2016-11-21 14:36:03ID: BC  Data: 00 00 00 AA 00 00 00 00 
"
"2016-11-21 14:36:03ID: BB  Data: 00 00 00 AA 00 00 00 00 
"
"2016-11-21 14:36:03ID: BC  Data: 00 00 00 AA 00 00 00 00 
"
"2016-11-21 14:36:03ID: BB  Data: 00 00 00 AA 00 00 00 00 
"
"2016-11-21 14:36:03ID: BC  Data: 00 00 00 AA 00 00 00 00 
"
"2016-11-21 14:36:03ID: BB  Data: 00 00 00 AA 00 00 00 00 
"
"2016-11-21 14:36:03ID: BC  Data: 00 00 00 AA 00 00 00 00 
"
"2016-11-21 14:36:03ID: BB  Data: 00 00 00 AA 00 00 00 00 
"
"2016-11-21 14:36:03ID: BC  Data: 00 00 00 AA 00 00 00 00 
"
"2016-11-21 14:36:03ID: BB  Data: 00 00 00 AA 00 00 00 00 
"
"2016-11-21 14:36:03ID: BC  Data: 00 00 00 AA 00 00 00 00 
"
"2016-11-21 14:36:03ID: BB  Data: 00 00 00 AA 00 00 00 00 
"
"2016-11-21 14:36:03ID: BC  Data: 00 00 00 AA 00 00 00 00 
"
"2016-11-21 14:36:04ID: BB  Data: 00 00 00 AA 00 00 00 00 
"
"2016-11-21 14:36:04ID: BC  Data: 00 00 00 AA 00 00 00 00 
"
"2016-11-21 14:36:04ID: BB  Data: 00 00 00 AA 00 00 00 00 
"
"2016-11-21 14:36:04ID: BC  Data: 00 00 00 AA 00 00 00 00 
"
"2016-11-21 14:36:04ID: BB  Data: 00 00 00 AA 00 00 00 00 
"
"2016-11-21 14:36:04ID: BC  Data: 00 00 00 AA 00 00 00 00 
"
"2016-11-21 14:36:04ID: BB  Data: 00 00 00 AA 00 00 00 00 
"
"2016-11-21 14:36:04ID: BC  Data: 00 00 00 AA 00 00 00 00 
"
"2016-11-21 14:36:04ID: BB  Data: 00 00 00 AA 00 00 00 00 
"
"2016-11-21 14:36:04ID: BC  Data: 00 00 00 AA 00 00 00 00 
"
"2016-11-21 14:36:04ID: BB  Data: 00 00 00 AA 00 00 00 00 
"
"2016-11-21 14:36:04ID: BC  Data: 00 00 00 AA 00 00 00 00 
"
"2016-11-21 14:36:04ID: BB  Data: 00 00 00 AA 00 00 00 00 
"
"2016-11-21 14:36:04ID: BC  Data: 00 00 00 AA 00 00 00 00 
"
"2016-11-21 14:36:04ID: BB  Data: 00 00 00 AA 00 00 00 00 
"
"2016-11-21 14:36:04ID: BC  Data: 00 00 00 AA 00 00 00 00 
"
"2016-11-21 14:36:04ID: BB  Data: 00 00 00 AA 00 00 00 00 
"
"2016-11-21 14:36:04ID: BC  Data: 00 00 00 AA 00 00 00 00 
"
"2016-11-21 14:36:04ID: BB  Data: 00 00 00 AA 00 00 00 00 
"
"2016-11-21 14:36:04ID: BC  Data: 00 00 00 AA 00 00 00 00 
"
"2016-11-21 14:36:04ID: BB  Data: 00 00 00 AA 00 00 00 00 
"
"2016-11-21 14:36:04ID: BC  Data: 00 00 00 AA 00 00 00 00 
"
"2016-11-21 14:36:05ID: BB  Data: 00 00 00 AA 00 00 00 00 
"
"2016-11-21 14:36:05ID: BC  Data: 00 00 00 AA 00 00 00 00 
"
"2016-11-21 14:36:05ID: BB  Data: 00 00 00 AA 00 00 00 00 
"
"2016-11-21 14:36:05ID: BC  Data: 00 00 00 AA 00 00 00 00 
"
"2016-11-21 14:36:05ID: BB  Data: 00 00 00 AA 00 00 00 00 
"
"2016-11-21 14:36:05ID: BC  Data: 00 00 00 AA 00 00 00 00 
"
"2016-11-21 14:36:05ID: BB  Data: 00 00 00 AA 00 00 00 00 
"
"2016-11-21 14:36:05ID: BC  Data: 00 00 00 AA 00 00 00 00 
"
"2016-11-21 14:36:05ID: BB  Data: 00 00 00 AA 00 00 00 00 
"
"2016-11-21 14:36:05ID: BC  Data: 00 00 00 AA 00 00 00 00 
"
"2016-11-21 14:36:05ID: BB  Data: 00 00 00 AA 00 00 00 00 
"
"2016-11-21 14:36:05ID: BC  Data: 00 00 00 AA 00 00 00 00 
"
"2016-11-21 14:36:05ID: BB  Data: 00 00 00 AA 00 00 00 00 
"
"2016-11-21 14:36:05ID: BC  Data: 00 00 00 AA 00 00 00 00 
"
"2016-11-21 14:36:05ID: BB  Data: 00 00 00 AA 00 00 00 00 
"
"2016-11-21 14:36:05ID: BC  Data: 00 00 00 AA 00 00 00 00 
"
"2016-11-21 14:36:05ID: BB  Data: 00 00 00 AA 00 00 00 00 
"
"2016-11-21 14:36:05ID: BC  Data: 00 00 00 AA 00 00 00 00 
"
"2016-11-21 14:36:05ID: BB  Data: 00 00 00 AA 02 C0 A8 6B 
"
"2016-11-21 14:36:05ID: BC  Data: 00 00 00 AA FD 3F 57 95 
"
"2016-11-21 14:36:05ID: BB  Data: 00 00 00 AA 04 8E 79 0E 
"
"2016-11-21 14:36:05ID: BC  Data: 00 00 00 AA FB 71 86 F2 
"
"2016-11-21 14:36:05ID: BB  Data: 00 00 00 AA 04 E1 5C DD 
"
"2016-11-21 14:36:05ID: BC  Data: 00 00 00 AA FB 1E A3 23 
"
"2016-11-21 14:36:06ID: BB  Data: 00 00 00 AA 04 89 35 C4 
"
"2016-11-21 14:36:06ID: BC  Data: 00 00 00 AA FB 76 CA 3C 
"
"2016-11-21 14:36:06ID: BB  Data: 00 00 00 AA 04 72 D7 C9 
"
"2016-11-21 14:36:06ID: BC  Data: 00 00 00 AA FB 8D 28 37 
"
"2016-11-21 14:36:06ID: BB  Data: 00 00 00 AA 04 C4 6A C5 
"
"2016-11-21 14:36:06ID: BC  Data: 00 00 00 AA FB 3B 95 3B 
"
"2016-11-21 14:36:06ID: BB  Data: 00 00 00 AA 04 C1 C9 20 
"
"2016-11-21 14:36:06ID: BC  Data: 00 00 00 AA FB 3E 36 E0 
"
"2016-11-21 14:36:06ID: BB  Data: 00 00 00 AA 04 AC BB F8 
"
"2016-11-21 14:36:06ID: BC  Data: 00 00 00 AA FB 53 44 08 
"
"2016-11-21 14:36:06ID: BB  Data: 00 00 00 AA 04 CE F1 59 
"
"2016-11-21 14:36:06ID: BC  Data: 00 00 00 AA FB 31 0E A7 
"
"2016-11-21 14:36:06ID: BB  Data: 00 00 00 AA 04 CC 4F B4 
"
"2016-11-21 14:36:06ID: BC  Data: 00 00 00 AA FB 33 B0 4C 
"
"2016-11-21 14:36:06ID: BB  Data: 00 00 00 AA 05 DD FA C0 
"
"2016-11-21 14:36:06ID: BC  Data: 00 00 00 AA FA 23 56 13 
"
"2016-11-21 14:36:06ID: BB  Data: 00 00 00 AA 06 32 2F 61 
"
"2016-11-21 14:36:06ID: BC  Data: 00 00 00 AA F9 CD D0 9F 
"
"2016-11-21 14:36:06ID: BB  Data: 00 00 00 AA 06 26 57 FA 
"
"2016-11-21 14:36:06ID: BC  Data: 00 00 00 AA F9 D9 A8 06 
"
"2016-11-21 14:36:06ID: BB  Data: 00 00 00 AA 06 43 4A 12 
"
"2016-11-21 14:36:06ID: BC  Data: 00 00 00 AA F9 BC B5 EE 
"
"2016-11-21 14:36:07ID: BB  Data: 00 00 00 AA 06 5D 9A 84 
"
"2016-11-21 14:36:07ID: BC  Data: 00 00 00 AA F9 A2 65 7C 
"
"2016-11-21 14:36:07ID: BB  Data: 00 00 00 AA 06 FC CE 05 
"
"2016-11-21 14:36:07ID: BC  Data: 00 00 00 AA F9 03 31 FB 
"
"2016-11-21 14:36:07ID: BB  Data: 00 00 00 AA 07 5F 7B B1 
"
"2016-11-21 14:36:07ID: BC  Data: 00 00 00 AA F8 A0 84 4F 
"
"2016-11-21 14:36:07ID: BB  Data: 00 00 00 AA 08 24 D7 0B 
"
"2016-11-21 14:36:07ID: BC  Data: 00 00 00 AA F7 DB 28 F5 
"
"2016-11-21 14:36:07ID: BB  Data: 00 00 00 AA 09 32 8F 9F 
"
"2016-11-21 14:36:07ID: BC  Data: 00 00 00 AA F6 CD 70 61 
"
"2016-11-21 14:36:07ID: BB  Data: 00 00 00 AA 09 A3 B6 57 
"
"2016-11-21 14:36:07ID: BC  Data: 00 00 00 AA F6 5C 49 A9 
"
"2016-11-21 14:36:07ID: BB  Data: 00 00 00 AA 09 B0 DE 90 
"
"2016-11-21 14:36:07ID: BC  Data: 00 00 00 AA F6 4F 21 70 
"
"2016-11-21 14:36:07ID: BB  Data: 00 00 00 AA 09 B8 C3 7F 
"
"2016-11-21 14:36:07ID: BC  Data: 00 00 00 AA F6 47 3C 81 
"
"2016-11-21 14:36:07ID: BB  Data: 00 00 00 AA 09 D1 C3 1F 
"
"2016-11-21 14:36:07ID: BC  Data: 00 00 00 AA F6 2E 3C E1 
"
"2016-11-21 14:36:07ID: BB  Data: 00 00 00 AA 0A 51 62 E3 
"
"2016-11-21 14:36:07ID: BC  Data: 00 00 00 AA F5 AE 9D 1D 
"
"2016-11-21 14:36:07ID: BB  Data: 00 00 00 AA 0A E3 6E 2B 
"
"2016-11-21 14:36:07ID: BC  Data: 00 00 00 AA F5 1C 91 D5 
"
"2016-11-21 14:36:07ID: BB  Data: 00 00 00 AA 0B 95 0D 2E 
"
"2016-11-21 14:36:08ID: BC  Data: 00 00 00 AA F4 6A F2 D2 
"
"2016-11-21 14:36:08ID: BB  Data: 00 00 00 AA 0C 42 B9 BB 
"
"2016-11-21 14:36:08ID: BC  Data: 00 00 00 AA F3 BD 46 45 
"
"2016-11-21 14:36:08ID: BB  Data: 00 00 00 AA 0C 99 90 01 
"
"2016-11-21 14:36:08ID: BC  Data: 00 00 00 AA F3 66 6F FF 
"
"2016-11-21 14:36:08ID: BB  Data: 00 00 00 AA 0C 87 24 7E 
"
"2016-11-21 14:36:08ID: BC  Data: 00 00 00 AA F3 78 DB 82 
"
"2016-11-21 14:36:08ID: BB  Data: 00 00 00 AA 0C 89 C6 23 
"
"2016-11-21 14:36:08ID: BC  Data: 00 00 00 AA F3 76 39 DD 
"
"2016-11-21 14:36:08ID: BB  Data: 00 00 00 AA 0C 89 C6 23 
"
"2016-11-21 14:36:08ID: BC  Data: 00 00 00 AA F3 76 39 DD 
"
"2016-11-21 14:36:08ID: BB  Data: 00 00 00 AA 0C 85 D3 AB 
"
"2016-11-21 14:36:08ID: BC  Data: 00 00 00 AA F3 7A 2C 55 
"
"2016-11-21 14:36:08ID: BB  Data: 00 00 00 AA 0C 88 75 50 
"
"2016-11-21 14:36:08ID: BC  Data: 00 00 00 AA F3 77 8A B0 
"
"2016-11-21 14:36:08ID: BB  Data: 00 00 00 AA 0C 85 D3 AB 
"
"2016-11-21 14:36:08ID: BC  Data: 00 00 00 AA F3 7A 2C 55 
"
"2016-11-21 14:36:08ID: BB  Data: 00 00 00 AA 0C 8D B8 9A 
"
"2016-11-21 14:36:08ID: BC  Data: 00 00 00 AA F3 72 47 66 
"
"2016-11-21 14:36:08ID: BB  Data: 00 00 00 AA 0C 78 AB 72 
"
"2016-11-21 14:36:08ID: BC  Data: 00 00 00 AA F3 87 54 8E 
"
"2016-11-21 14:36:08ID: BB  Data: 00 00 00 AA 0C 76 09 CD 
"
"2016-11-21 14:36:08ID: BC  Data: 00 00 00 AA F3 89 F6 33 
"
"2016-11-21 14:36:09ID: BB  Data: 00 00 00 AA 0C 73 68 28 
"
"2016-11-21 14:36:09ID: BC  Data: 00 00 00 AA F3 8C 97 D8 
"
"2016-11-21 14:36:09ID: BB  Data: 00 00 00 AA 0C 76 09 CD 
"
"2016-11-21 14:36:09ID: BC  Data: 00 00 00 AA F3 89 F6 33 
"
"2016-11-21 14:36:09ID: BB  Data: 00 00 00 AA 0C 74 B8 FA 
"
"2016-11-21 14:36:09ID: BC  Data: 00 00 00 AA F3 8B 47 06 
"
"2016-11-21 14:36:09ID: BB  Data: 00 00 00 AA 0C 6B 83 39 
"
"2016-11-21 14:36:09ID: BC  Data: 00 00 00 AA F3 94 7C C7 
"
"2016-11-21 14:36:09ID: BB  Data: 00 00 00 AA 0C 67 90 C1 
"
"2016-11-21 14:36:09ID: BC  Data: 00 00 00 AA F3 98 6F 3F 
"
"2016-11-21 14:36:09ID: BB  Data: 00 00 00 AA 0C 70 C6 83 
"
"2016-11-21 14:36:09ID: BC  Data: 00 00 00 AA F3 8F 39 7D 
"
"2016-11-21 14:36:09ID: BB  Data: 00 00 00 AA 0C 51 32 C6 
"
"2016-11-21 14:36:09ID: BC  Data: 00 00 00 AA F3 AE CD 3A 
"
"2016-11-21 14:36:09ID: BB  Data: 00 00 00 AA 0C 4E 91 21 
"
"2016-11-21 14:36:09ID: BC  Data: 00 00 00 AA F3 B1 6E DF 
"
"2016-11-21 14:36:09ID: BB  Data: 00 00 00 AA 0C 52 83 99 
"
"2016-11-21 14:36:09ID: BC  Data: 00 00 00 AA F3 AD 7C 67 
"
"2016-11-21 14:36:09ID: BB  Data: 00 00 00 AA 0C 4F E1 F4 
"
"2016-11-21 14:36:09ID: BC  Data: 00 00 00 AA F3 B0 1E 0C 
"
"2016-11-21 14:36:09ID: BB  Data: 00 00 00 AA 0C 51 32 C6 
"
"2016-11-21 14:36:09ID: BC  Data: 00 00 00 AA F3 AE CD 3A 
"
"2016-11-21 14:36:10ID: BB  Data: 00 00 00 AA 0C 51 32 C6 
"
"2016-11-21 14:36:10ID: BC  Data: 00 00 00 AA F3 AE CD 3A 
"
"2016-11-21 14:36:10ID: BB  Data: 00 00 00 AA 0C 57 C6 E3 
"
"2016-11-21 14:36:10ID: BC  Data: 00 00 00 AA F3 A8 39 1D 
"
"2016-11-21 14:36:10ID: BB  Data: 00 00 00 AA 0C 4D 40 4F 
"
"2016-11-21 14:36:10ID: BC  Data: 00 00 00 AA F3 B2 BF B1 
"
"2016-11-21 14:36:10ID: BB  Data: 00 00 00 AA 0C 51 32 C6 
"
"2016-11-21 14:36:10ID: BC  Data: 00 00 00 AA F3 AE CD 3A 
"
"2016-11-21 14:36:10ID: BB  Data: 00 00 00 AA 0C 5D 0A 2D 
"
"2016-11-21 14:36:10ID: BC  Data: 00 00 00 AA F3 A2 F5 D3 
"
"2016-11-21 14:36:10ID: BB  Data: 00 00 00 AA 0C 59 17 B5 
"
"2016-11-21 14:36:10ID: BC  Data: 00 00 00 AA F3 A6 E8 4B 
"
"2016-11-21 14:36:10ID: BB  Data: 00 00 00 AA 0C 59 17 B5 
"
"2016-11-21 14:36:10ID: BC  Data: 00 00 00 AA F3 A6 E8 4B 
"
"2016-11-21 14:36:10ID: BB  Data: 00 00 00 AA 0C 57 C6 E3 
"
"2016-11-21 14:36:10ID: BC  Data: 00 00 00 AA F3 A8 39 1D 
"
"2016-11-21 14:36:10ID: BB  Data: 00 00 00 AA 0C 57 C6 E3 
"
"2016-11-21 14:36:10ID: BC  Data: 00 00 00 AA F3 A8 39 1D 
"
"2016-11-21 14:36:10ID: BB  Data: 00 00 00 AA 0C 57 C6 E3 
"
"2016-11-21 14:36:10ID: BC  Data: 00 00 00 AA F3 A8 39 1D 
"
"2016-11-21 14:36:10ID: BB  Data: 00 00 00 AA 0C 53 D4 6B 
"
"2016-11-21 14:36:10ID: BC  Data: 00 00 00 AA F3 AC 2B 95 
"
"2016-11-21 14:36:10ID: BB  Data: 00 00 00 AA 0C 4E 91 21 
"
"2016-11-21 14:36:10ID: BC  Data: 00 00 00 AA F3 B1 6E DF 
"
"2016-11-21 14:36:11ID: BB  Data: 00 00 00 AA 0C 15 FD C5 
"
"2016-11-21 14:36:11ID: BC  Data: 00 00 00 AA F3 EA 02 3B 
"
"2016-11-21 14:36:11ID: BB  Data: 00 00 00 AA 0B F6 6A 09 
"
"2016-11-21 14:36:11ID: BC  Data: 00 00 00 AA F4 09 95 F7 
"
"2016-11-21 14:36:11ID: BB  Data: 00 00 00 AA 0B E3 FE 85 
"
"2016-11-21 14:36:11ID: BC  Data: 00 00 00 AA F4 1C 01 7B 
"
"2016-11-21 14:36:11ID: BB  Data: 00 00 00 AA 0B C7 0C 6E 
"
"2016-11-21 14:36:11ID: BC  Data: 00 00 00 AA F4 38 F3 92 
"
"2016-11-21 14:36:11ID: BB  Data: 00 00 00 AA 0B BF 27 7F 
"
"2016-11-21 14:36:11ID: BC  Data: 00 00 00 AA F4 40 D8 81 
"
"2016-11-21 14:36:11ID: BB  Data: 00 00 00 AA 0B C3 19 F7 
"
"2016-11-21 14:36:11ID: BC  Data: 00 00 00 AA F4 3C E6 09 
"
"2016-11-21 14:36:11ID: BB  Data: 00 00 00 AA 0B C5 BB 9C 
"
"2016-11-21 14:36:11ID: BC  Data: 00 00 00 AA F4 3A 44 64 
"
"2016-11-21 14:36:11ID: BB  Data: 00 00 00 AA 0B C4 6A C9 
"
"2016-11-21 14:36:11ID: BC  Data: 00 00 00 AA F4 3B 95 37 
"
"2016-11-21 14:36:11ID: BB  Data: 00 00 00 AA 0B C4 6A C9 
"
"2016-11-21 14:36:11ID: BC  Data: 00 00 00 AA F4 3B 95 37 
"
"2016-11-21 14:36:11ID: BB  Data: 00 00 00 AA 0B C3 19 F7 
"
"2016-11-21 14:36:11ID: BC  Data: 00 00 00 AA F4 3C E6 09 
"
"2016-11-21 14:36:11ID: BB  Data: 00 00 00 AA 0B C8 5D 41 
"
"2016-11-21 14:36:11ID: BC  Data: 00 00 00 AA F4 37 A2 BF 
"
"2016-11-21 14:36:12ID: BB  Data: 00 00 00 AA 0B CA FE E6 
"
"2016-11-21 14:36:12ID: BC  Data: 00 00 00 AA F4 35 01 1A 
"
"2016-11-21 14:36:12ID: BB  Data: 00 00 00 AA 0B D2 E3 D5 
"
"2016-11-21 14:36:12ID: BC  Data: 00 00 00 AA F4 2D 1C 2B 
"
"2016-11-21 14:36:12ID: BB  Data: 00 00 00 AA 0B CC 4F B8 
"
"2016-11-21 14:36:12ID: BC  Data: 00 00 00 AA F4 33 B0 48 
"
"2016-11-21 14:36:12ID: BB  Data: 00 00 00 AA 0B C5 BB 9C 
"
"2016-11-21 14:36:12ID: BC  Data: 00 00 00 AA F4 3A 44 64 
"
"2016-11-21 14:36:12ID: BB  Data: 00 00 00 AA 0B B8 93 62 
"
"2016-11-21 14:36:12ID: BC  Data: 00 00 00 AA F4 47 6C 9E 
"
"2016-11-21 14:36:12ID: BB  Data: 00 00 00 AA 0B C3 19 F7 
"
"2016-11-21 14:36:12ID: BC  Data: 00 00 00 AA F4 3C E6 09 
"
"2016-11-21 14:36:12ID: BB  Data: 00 00 00 AA 0B D0 42 30 
"
"2016-11-21 14:36:12ID: BC  Data: 00 00 00 AA F4 2F BD D0 
"
"2016-11-21 14:36:12ID: BB  Data: 00 00 00 AA 0B D6 D6 4C 
"
"2016-11-21 14:36:12ID: BC  Data: 00 00 00 AA F4 29 29 B4 
"
"2016-11-21 14:36:12ID: BB  Data: 00 00 00 AA 0C 0A 26 5E 
"
"2016-11-21 14:36:12ID: BC  Data: 00 00 00 AA F3 F5 D9 A2 
"
"2016-11-21 14:36:12ID: BB  Data: 00 00 00 AA 0C 0C C8 04 
"
"2016-11-21 14:36:12ID: BC  Data: 00 00 00 AA F3 F3 37 FC 
"
"2016-11-21 14:36:12ID: BB  Data: 00 00 00 AA 0B FF 9F CA 
"
"2016-11-21 14:36:12ID: BC  Data: 00 00 00 AA F4 00 60 36 
"
"2016-11-21 14:36:12ID: BB  Data: 00 00 00 AA 0B FE 4E F8 
"
"2016-11-21 14:36:13ID: BC  Data: 00 00 00 AA F4 01 B1 08 
"
"2016-11-21 14:36:13ID: BB  Data: 00 00 00 AA 0B E9 41 D0 
"
"2016-11-21 14:36:13ID: BC  Data: 00 00 00 AA F4 16 BE 30 
"
"2016-11-21 14:36:13ID: BB  Data: 00 00 00 AA 0B F1 26 BF 
"
"2016-11-21 14:36:13ID: BC  Data: 00 00 00 AA F4 0E D9 41 
"
"2016-11-21 14:36:13ID: BB  Data: 00 00 00 AA 0B EA 92 A2 
"
"2016-11-21 14:36:13ID: BC  Data: 00 00 00 AA F4 15 6D 5E 
"
"2016-11-21 14:36:13ID: BB  Data: 00 00 00 AA 0B F6 6A 09 
"
"2016-11-21 14:36:13ID: BC  Data: 00 00 00 AA F4 09 95 F7 
"
"2016-11-21 14:36:13ID: BB  Data: 00 00 00 AA 0B D5 85 7A 
"
"2016-11-21 14:36:13ID: BC  Data: 00 00 00 AA F4 2A 7A 86 
"
"2016-11-21 14:36:13ID: BB  Data: 00 00 00 AA 0B DD 6A 69 
"
"2016-11-21 14:36:13ID: BC  Data: 00 00 00 AA F4 22 95 97 
"
"2016-11-21 14:36:13ID: BB  Data: 00 00 00 AA 0B DA C8 C4 
"
"2016-11-21 14:36:13ID: BC  Data: 00 00 00 AA F4 25 37 3C 
"
"2016-11-21 14:36:13ID: BB  Data: 00 00 00 AA 0B EA 92 A2 
"
"2016-11-21 14:36:13ID: BC  Data: 00 00 00 AA F4 15 6D 5E 
"
"2016-11-21 14:36:13ID: BB  Data: 00 00 00 AA 0B CA FE E6 
"
"2016-11-21 14:36:13ID: BC  Data: 00 00 00 AA F4 35 01 1A 
"
"2016-11-21 14:36:13ID: BB  Data: 00 00 00 AA 0B CE F1 5D 
"
"2016-11-21 14:36:13ID: BC  Data: 00 00 00 AA F4 31 0E A3 
"
"2016-11-21 14:36:13ID: BB  Data: 00 00 00 AA 0B CE F1 5D 
"
"2016-11-21 14:36:13ID: BC  Data: 00 00 00 AA F4 31 0E A3 
"
"2016-11-21 14:36:14ID: BB  Data: 00 00 00 AA 0B C8 5D 41 
"
"2016-11-21 14:36:14ID: BC  Data: 00 00 00 AA F4 37 A2 BF 
"
"2016-11-21 14:36:14ID: BB  Data: 00 00 00 AA 0B C5 BB 9C 
"
"2016-11-21 14:36:14ID: BC  Data: 00 00 00 AA F4 3A 44 64 
"
"2016-11-21 14:36:14ID: BB  Data: 00 00 00 AA 0B C9 AE 13 
"
"2016-11-21 14:36:14ID: BC  Data: 00 00 00 AA F4 36 51 ED 
"
"2016-11-21 14:36:14ID: BB  Data: 00 00 00 AA 0B BD D6 AD 
"
"2016-11-21 14:36:14ID: BC  Data: 00 00 00 AA F4 42 29 53 
"
"2016-11-21 14:36:14ID: BB  Data: 00 00 00 AA 0B 3F 87 BB 
"
"2016-11-21 14:36:14ID: BC  Data: 00 00 00 AA F4 C0 78 45 
"
"2016-11-21 14:36:14ID: BB  Data: 00 00 00 AA 0A BF E7 F7 
"
"2016-11-21 14:36:14ID: BC  Data: 00 00 00 AA F5 40 18 09 
"
"2016-11-21 14:36:14ID: BB  Data: 00 00 00 AA 0A CF B1 D5 
"
"2016-11-21 14:36:14ID: BC  Data: 00 00 00 AA F5 30 4E 2B 
"
"2016-11-21 14:36:14ID: BB  Data: 00 00 00 AA 0A D7 96 C4 
"
"2016-11-21 14:36:14ID: BC  Data: 00 00 00 AA F5 28 69 3C 
"
"2016-11-21 14:36:14ID: BB  Data: 00 00 00 AA 0A D6 45 F2 
"
"2016-11-21 14:36:14ID: BC  Data: 00 00 00 AA F5 29 BA 0E 
"
"2016-11-21 14:36:14ID: BB  Data: 00 00 00 AA 0A 9F 03 68 
"
"2016-11-21 14:36:14ID: BC  Data: 00 00 00 AA F5 60 FC 98 
"
"2016-11-21 14:36:14ID: BB  Data: 00 00 00 AA 08 AE FD 63 
"
"2016-11-21 14:36:14ID: BC  Data: 00 00 00 AA F7 51 02 9D 
"
"2016-11-21 14:36:15ID: BB  Data: 00 00 00 AA 06 F2 47 70 
"
"2016-11-21 14:36:15ID: BC  Data: 00 00 00 AA F9 0D B8 90 
"
"2016-11-21 14:36:15ID: BB  Data: 00 00 00 AA 05 E4 8E DC 
"
"2016-11-21 14:36:15ID: BC  Data: 00 00 00 AA FA 1B 71 24 
"
"2016-11-21 14:36:15ID: BB  Data: 00 00 00 AA 05 44 0A 89 
"
"2016-11-21 14:36:15ID: BC  Data: 00 00 00 AA FA BB F5 77 
"
"2016-11-21 14:36:15ID: BB  Data: 00 00 00 AA 05 2E FD 61 
"
"2016-11-21 14:36:15ID: BC  Data: 00 00 00 AA FA D1 02 9F 
"
"2016-11-21 14:36:15ID: BB  Data: 00 00 00 AA 05 2B 0A EA 
"
"2016-11-21 14:36:15ID: BC  Data: 00 00 00 AA FA D4 F5 16 
"
"2016-11-21 14:36:15ID: BB  Data: 00 00 00 AA 05 23 25 FB 
"
"2016-11-21 14:36:15ID: BC  Data: 00 00 00 AA FA DC DA 05 
"
"2016-11-21 14:36:15ID: BB  Data: 00 00 00 AA 05 1F 33 83 
"
"2016-11-21 14:36:15ID: BC  Data: 00 00 00 AA FA E0 CC 7D 
"
"2016-11-21 14:36:15ID: BB  Data: 00 00 00 AA 05 20 84 55 
"
"2016-11-21 14:36:15ID: BC  Data: 00 00 00 AA FA DF 7B AB 
"
"2016-11-21 14:36:15ID: BB  Data: 00 00 00 AA 05 20 84 55 
"
"2016-11-21 14:36:15ID: BC  Data: 00 00 00 AA FA DF 7B AB 
"
"2016-11-21 14:36:15ID: BB  Data: 00 00 00 AA 05 1C 91 DE 
"
"2016-11-21 14:36:15ID: BC  Data: 00 00 00 AA FA E3 6E 22 
"
"2016-11-21 14:36:15ID: BB  Data: 00 00 00 AA 05 2C 5B BC 
"
"2016-11-21 14:36:15ID: BC  Data: 00 00 00 AA FA D3 A4 44 
"
"2016-11-21 14:36:15ID: BB  Data: 00 00 00 AA 05 72 17 52 
"
"2016-11-21 14:36:15ID: BC  Data: 00 00 00 AA FA 8D E8 AE 
"
"2016-11-21 14:36:16ID: BB  Data: 00 00 00 AA 07 35 61 61 
"
"2016-11-21 14:36:16ID: BC  Data: 00 00 00 AA F8 CA 9E 9F 
"
"2016-11-21 14:36:16ID: BB  Data: 00 00 00 AA 0B 3F 87 BB 
"
"2016-11-21 14:36:16ID: BC  Data: 00 00 00 AA F4 C0 78 45 
"
"2016-11-21 14:36:16ID: BB  Data: 00 00 00 AA 0C 5F AB D2 
"
"2016-11-21 14:36:16ID: BC  Data: 00 00 00 AA F3 A0 54 2E 
"
"2016-11-21 14:36:16ID: BB  Data: 00 00 00 AA 0C 4F E1 F4 
"
"2016-11-21 14:36:16ID: BC  Data: 00 00 00 AA F3 B0 1E 0C 
"
"2016-11-21 14:36:16ID: BB  Data: 00 00 00 AA 0C 4E 91 21 
"
"2016-11-21 14:36:16ID: BC  Data: 00 00 00 AA F3 B1 6E DF 
"
"2016-11-21 14:36:16ID: BB  Data: 00 00 00 AA 0C 40 18 16 
"
"2016-11-21 14:36:16ID: BC  Data: 00 00 00 AA F3 BF E7 EA 
"
"2016-11-21 14:36:16ID: BB  Data: 00 00 00 AA 0C 3C 25 9E 
"
"2016-11-21 14:36:16ID: BC  Data: 00 00 00 AA F3 C3 DA 62 
"
"2016-11-21 14:36:16ID: BB  Data: 00 00 00 AA 0C 38 33 27 
"
"2016-11-21 14:36:16ID: BC  Data: 00 00 00 AA F3 C7 CC D9 
"
"2016-11-21 14:36:16ID: BB  Data: 00 00 00 AA 0C 15 FD C5 
"
"2016-11-21 14:36:16ID: BC  Data: 00 00 00 AA F3 EA 02 3B 
"
"2016-11-21 14:36:16ID: BB  Data: 00 00 00 AA 0B C8 5D 41 
"
"2016-11-21 14:36:16ID: BC  Data: 00 00 00 AA F4 37 A2 BF 
"
"2016-11-21 14:36:16ID: BB  Data: 00 00 00 AA 0B 68 51 39 
"
"2016-11-21 14:36:16ID: BC  Data: 00 00 00 AA F4 97 AE C7 
"
"2016-11-21 14:36:17ID: BB  Data: 00 00 00 AA 09 FB DD 70 
"
"2016-11-21 14:36:17ID: BC  Data: 00 00 00 AA F6 04 22 90 
"
"2016-11-21 14:36:17ID: BB  Data: 00 00 00 AA 05 8D B8 96 
"
"2016-11-21 14:36:17ID: BC  Data: 00 00 00 AA FA 72 47 6A 
"
"2016-11-21 14:36:17ID: BB  Data: 00 00 00 AA 03 83 62 1F 
"
"2016-11-21 14:36:17ID: BC  Data: 00 00 00 AA FC 7C 9D E1 
"
"2016-11-21 14:36:17ID: BB  Data: 00 00 00 AA 02 FB DD 6C 
"
"2016-11-21 14:36:17ID: BC  Data: 00 00 00 AA FD 04 22 94 
"
"2016-11-21 14:36:17ID: BB  Data: 00 00 00 AA 02 C4 9A E2 
"
"2016-11-21 14:36:17ID: BC  Data: 00 00 00 AA FD 3B 65 1E 
"
"2016-11-21 14:36:17ID: BB  Data: 00 00 00 AA 02 B8 C3 7C 
"
"2016-11-21 14:36:17ID: BC  Data: 00 00 00 AA FD 47 3C 84 
"
"2016-11-21 14:36:17ID: BB  Data: 00 00 00 AA 02 C9 DE 2C 
"
"2016-11-21 14:36:17ID: BC  Data: 00 00 00 AA FD 36 21 D4 
"
"2016-11-21 14:36:17ID: BB  Data: 00 00 00 AA 02 BE 06 C6 
"
"2016-11-21 14:36:17ID: BC  Data: 00 00 00 AA FD 41 F9 3A 
"
"2016-11-21 14:36:17ID: BB  Data: 00 00 00 AA 02 B0 DE 8D 
"
"2016-11-21 14:36:17ID: BC  Data: 00 00 00 AA FD 4F 21 73 
"
"2016-11-21 14:36:17ID: BB  Data: 00 00 00 AA 02 B3 80 32 
"
"2016-11-21 14:36:17ID: BC  Data: 00 00 00 AA FD 4C 7F CE 
"
"2016-11-21 14:36:17ID: BB  Data: 00 00 00 AA 02 A8 F9 9D 
"
"2016-11-21 14:36:17ID: BC  Data: 00 00 00 AA FD 57 06 63 
"
"2016-11-21 14:36:18ID: BB  Data: 00 00 00 AA 02 F2 A7 AA 
"
"2016-11-21 14:36:18ID: BC  Data: 00 00 00 AA FD 0D 58 56 
"
"2016-11-21 14:36:18ID: BB  Data: 00 00 00 AA 03 6B B3 52 
"
"2016-11-21 14:36:18ID: BC  Data: 00 00 00 AA FC 94 4C AE 
"
"2016-11-21 14:36:18ID: BB  Data: 00 00 00 AA 03 6F A5 C9 
"
"2016-11-21 14:36:18ID: BC  Data: 00 00 00 AA FC 90 5A 37 
"
"2016-11-21 14:36:18ID: BB  Data: 00 00 00 AA 03 6D 04 24 
"
"2016-11-21 14:36:18ID: BC  Data: 00 00 00 AA FC 92 FB DC 
"
"2016-11-21 14:36:18ID: BB  Data: 00 00 00 AA 03 70 F6 9C 
"
"2016-11-21 14:36:18ID: BC  Data: 00 00 00 AA FC 8F 09 64 
"
"2016-11-21 14:36:18ID: BB  Data: 00 00 00 AA 03 70 F6 9C 
"
"2016-11-21 14:36:18ID: BC  Data: 00 00 00 AA FC 8F 09 64 
"
"2016-11-21 14:36:18ID: BB  Data: 00 00 00 AA 03 82 11 4D 
"
"2016-11-21 14:36:18ID: BC  Data: 00 00 00 AA FC 7D EE B3 
"
"2016-11-21 14:36:18ID: BB  Data: 00 00 00 AA 03 88 A5 69 
"
"2016-11-21 14:36:18ID: BC  Data: 00 00 00 AA FC 77 5A 97 
"
"2016-11-21 14:36:18ID: BB  Data: 00 00 00 AA 03 9B 10 ED 
"
"2016-11-21 14:36:18ID: BC  Data: 00 00 00 AA FC 64 EF 13 
"
"2016-11-21 14:36:18ID: BB  Data: 00 00 00 AA 03 9D B2 92 
"
"2016-11-21 14:36:18ID: BC  Data: 00 00 00 AA FC 62 4D 6E 
"
"2016-11-21 14:36:18ID: BB  Data: 00 00 00 AA 03 A8 39 26 
"
"2016-11-21 14:36:18ID: BC  Data: 00 00 00 AA FC 57 C6 DA 
"
"2016-11-21 14:36:18ID: BB  Data: 00 00 00 AA 03 EC A3 E9 
"
"2016-11-21 14:36:18ID: BC  Data: 00 00 00 AA FC 13 5C 17 
"
"2016-11-21 14:36:19ID: BB  Data: 00 00 00 AA 05 6B 83 35 
"
"2016-11-21 14:36:19ID: BC  Data: 00 00 00 AA FA 94 7C CB 
"
"2016-11-21 14:36:19ID: BB  Data: 00 00 00 AA 05 E3 3E 0A 
"
"2016-11-21 14:36:19ID: BC  Data: 00 00 00 AA FA 1C C1 F6 
"
"2016-11-21 14:36:19ID: BB  Data: 00 00 00 AA 05 F9 9C 05 
"
"2016-11-21 14:36:19ID: BC  Data: 00 00 00 AA FA 06 63 FB 
"
"2016-11-21 14:36:19ID: BB  Data: 00 00 00 AA 05 F8 4B 32 
"
"2016-11-21 14:36:19ID: BC  Data: 00 00 00 AA FA 07 B4 CE 
"
"2016-11-21 14:36:19ID: BB  Data: 00 00 00 AA 06 19 2F C1 
"
"2016-11-21 14:36:19ID: BC  Data: 00 00 00 AA F9 E6 D0 3F 
"
"2016-11-21 14:36:19ID: BB  Data: 00 00 00 AA 06 55 B5 95 
"
"2016-11-21 14:36:19ID: BC  Data: 00 00 00 AA F9 AA 4A 6B 
"
"2016-11-21 14:36:19ID: BB  Data: 00 00 00 AA 06 62 DD CE 
"
"2016-11-21 14:36:19ID: BC  Data: 00 00 00 AA F9 9D 22 32 
"
"2016-11-21 14:36:19ID: BB  Data: 00 00 00 AA 06 6A C2 BD 
"
"2016-11-21 14:36:19ID: BC  Data: 00 00 00 AA F9 95 3D 43 
"
"2016-11-21 14:36:19ID: BB  Data: 00 00 00 AA 06 62 DD CE 
"
"2016-11-21 14:36:19ID: BC  Data: 00 00 00 AA F9 9D 22 32 
"
"2016-11-21 14:36:19ID: BB  Data: 00 00 00 AA 06 61 8C FC 
"
"2016-11-21 14:36:19ID: BC  Data: 00 00 00 AA F9 9E 73 04 
"
"2016-11-21 14:36:19ID: BB  Data: 00 00 00 AA 06 59 A8 0C 
"
"2016-11-21 14:36:19ID: BC  Data: 00 00 00 AA F9 A6 57 F4 
"
"2016-11-21 14:36:20ID: BB  Data: 00 00 00 AA 06 54 64 C2 
"
"2016-11-21 14:36:20ID: BC  Data: 00 00 00 AA F9 AB 9B 3E 
"
"2016-11-21 14:36:20ID: BB  Data: 00 00 00 AA 06 4C 7F D3 
"
"2016-11-21 14:36:20ID: BC  Data: 00 00 00 AA F9 B3 80 2D 
"
"2016-11-21 14:36:20ID: BB  Data: 00 00 00 AA 06 51 C3 1D 
"
"2016-11-21 14:36:20ID: BC  Data: 00 00 00 AA F9 AE 3C E3 
"
"2016-11-21 14:36:20ID: BB  Data: 00 00 00 AA 06 61 8C FC 
"
"2016-11-21 14:36:20ID: BC  Data: 00 00 00 AA F9 9E 73 04 
"
"2016-11-21 14:36:20ID: BB  Data: 00 00 00 AA 06 60 3C 29 
"
"2016-11-21 14:36:20ID: BC  Data: 00 00 00 AA F9 9F C3 D7 
"
"2016-11-21 14:36:20ID: BB  Data: 00 00 00 AA 06 62 DD CE 
"
"2016-11-21 14:36:20ID: BC  Data: 00 00 00 AA F9 9D 22 32 
"
"2016-11-21 14:36:20ID: BB  Data: 00 00 00 AA 06 6C 13 90 
"
"2016-11-21 14:36:20ID: BC  Data: 00 00 00 AA F9 93 EC 70 
"
"2016-11-21 14:36:20ID: BB  Data: 00 00 00 AA 06 66 D0 46 
"
"2016-11-21 14:36:20ID: BC  Data: 00 00 00 AA F9 99 2F BA 
"
"2016-11-21 14:36:20ID: BB  Data: 00 00 00 AA 06 77 EA F6 
"
"2016-11-21 14:36:20ID: BC  Data: 00 00 00 AA F9 88 15 0A 
"
"2016-11-21 14:36:20ID: BB  Data: 00 00 00 AA 06 7D 2E 40 
"
"2016-11-21 14:36:20ID: BC  Data: 00 00 00 AA F9 82 D1 C0 
"
"2016-11-21 14:36:20ID: BB  Data: 00 00 00 AA 06 7A 8C 9B 
"
"2016-11-21 14:36:20ID: BC  Data: 00 00 00 AA F9 85 73 65 
"
"2016-11-21 14:36:20ID: BB  Data: 00 00 00 AA 06 71 56 DA 
"
"2016-11-21 14:36:21ID: BC  Data: 00 00 00 AA F9 8E A9 26 
"
"2016-11-21 14:36:21ID: BB  Data: 00 00 00 AA 06 5A F8 DF 
"
"2016-11-21 14:36:21ID: BC  Data: 00 00 00 AA F9 A5 07 21 
"
"2016-11-21 14:36:21ID: BB  Data: 00 00 00 AA 06 48 8D 5C 
"
"2016-11-21 14:36:21ID: BC  Data: 00 00 00 AA F9 B7 72 A4 
"
"2016-11-21 14:36:21ID: BB  Data: 00 00 00 AA 06 41 F9 3F 
"
"2016-11-21 14:36:21ID: BC  Data: 00 00 00 AA F9 BE 06 C1 
"
"2016-11-21 14:36:21ID: BB  Data: 00 00 00 AA 06 3B 65 23 
"
"2016-11-21 14:36:21ID: BC  Data: 00 00 00 AA F9 C4 9A DD 
"
"2016-11-21 14:36:21ID: BB  Data: 00 00 00 AA 06 44 9A E4 
"
"2016-11-21 14:36:21ID: BC  Data: 00 00 00 AA F9 BB 65 1C 
"
"2016-11-21 14:36:21ID: BB  Data: 00 00 00 AA 06 3F 57 9A 
"
"2016-11-21 14:36:21ID: BC  Data: 00 00 00 AA F9 C0 A8 66 
"
"2016-11-21 14:36:21ID: BB  Data: 00 00 00 AA 06 45 EB B7 
"
"2016-11-21 14:36:21ID: BC  Data: 00 00 00 AA F9 BA 14 49 
"
"2016-11-21 14:36:21ID: BB  Data: 00 00 00 AA 06 44 9A E4 
"
"2016-11-21 14:36:21ID: BC  Data: 00 00 00 AA F9 BB 65 1C 
"
"2016-11-21 14:36:21ID: BB  Data: 00 00 00 AA 06 3E 06 C8 
"
"2016-11-21 14:36:21ID: BC  Data: 00 00 00 AA F9 C1 F9 38 
"
"2016-11-21 14:36:21ID: BB  Data: 00 00 00 AA 06 40 A8 6D 
"
"2016-11-21 14:36:21ID: BC  Data: 00 00 00 AA F9 BF 57 93 
"
"2016-11-21 14:36:21ID: BB  Data: 00 00 00 AA 06 2A 4A 72 
"
"2016-11-21 14:36:21ID: BC  Data: 00 00 00 AA F9 D5 B5 8E 
"
"2016-11-21 14:36:22ID: BB  Data: 00 00 00 AA 06 21 14 B0 
"
"2016-11-21 14:36:22ID: BC  Data: 00 00 00 AA F9 DE EB 50 
"
"2016-11-21 14:36:22ID: BB  Data: 00 00 00 AA 06 30 DE 8E 
"
"2016-11-21 14:36:22ID: BC  Data: 00 00 00 AA F9 CF 21 72 
"
"2016-11-21 14:36:22ID: BB  Data: 00 00 00 AA 06 25 07 28 
"
"2016-11-21 14:36:22ID: BC  Data: 00 00 00 AA F9 DA F8 D8 
"
"2016-11-21 14:36:22ID: BB  Data: 00 00 00 AA 06 30 DE 8E 
"
"2016-11-21 14:36:22ID: BC  Data: 00 00 00 AA F9 CF 21 72 
"
"2016-11-21 14:36:22ID: BB  Data: 00 00 00 AA 06 3C B5 F5 
"
"2016-11-21 14:36:22ID: BC  Data: 00 00 00 AA F9 C3 4A 0B 
"
"2016-11-21 14:36:22ID: BB  Data: 00 00 00 AA 06 45 EB B7 
"
"2016-11-21 14:36:22ID: BC  Data: 00 00 00 AA F9 BA 14 49 
"
"2016-11-21 14:36:22ID: BB  Data: 00 00 00 AA 06 5C 49 B1 
"
"2016-11-21 14:36:22ID: BC  Data: 00 00 00 AA F9 A3 B6 4F 
"
"2016-11-21 14:36:22ID: BB  Data: 00 00 00 AA 06 7A 8C 9B 
"
"2016-11-21 14:36:22ID: BC  Data: 00 00 00 AA F9 85 73 65 
"
"2016-11-21 14:36:22ID: BB  Data: 00 00 00 AA 06 A3 56 19 
"
"2016-11-21 14:36:22ID: BC  Data: 00 00 00 AA F9 5C A9 E7 
"
"2016-11-21 14:36:22ID: BB  Data: 00 00 00 AA 06 A7 48 91 
"
"2016-11-21 14:36:22ID: BC  Data: 00 00 00 AA F9 58 B7 6F 
"
"2016-11-21 14:36:22ID: BB  Data: 00 00 00 AA 06 C0 48 31 
"
"2016-11-21 14:36:22ID: BC  Data: 00 00 00 AA F9 3F B7 CF 
"
"2016-11-21 14:36:23ID: BB  Data: 00 00 00 AA 06 CE C1 3C 
"
"2016-11-21 14:36:23ID: BC  Data: 00 00 00 AA F9 31 3E C4 
"
"2016-11-21 14:36:23ID: BB  Data: 00 00 00 AA 06 C8 2D 20 
"
"2016-11-21 14:36:23ID: BC  Data: 00 00 00 AA F9 37 D2 E0 
"
"2016-11-21 14:36:23ID: BB  Data: 00 00 00 AA 06 CC 1F 97 
"
"2016-11-21 14:36:23ID: BC  Data: 00 00 00 AA F9 33 E0 69 
"
"2016-11-21 14:36:23ID: BB  Data: 00 00 00 AA 06 CC 1F 97 
"
"2016-11-21 14:36:23ID: BC  Data: 00 00 00 AA F9 33 E0 69 
"
"2016-11-21 14:36:23ID: BB  Data: 00 00 00 AA 06 C4 3A A8 
"
"2016-11-21 14:36:23ID: BC  Data: 00 00 00 AA F9 3B C5 58 
"
"2016-11-21 14:36:23ID: BB  Data: 00 00 00 AA 06 C0 48 31 
"
"2016-11-21 14:36:23ID: BC  Data: 00 00 00 AA F9 3F B7 CF 
"
"2016-11-21 14:36:23ID: BB  Data: 00 00 00 AA 06 C1 99 03 
"
"2016-11-21 14:36:23ID: BC  Data: 00 00 00 AA F9 3E 66 FD 
"
"2016-11-21 14:36:23ID: BB  Data: 00 00 00 AA 06 C4 3A A8 
"
"2016-11-21 14:36:23ID: BC  Data: 00 00 00 AA F9 3B C5 58 
"
"2016-11-21 14:36:23ID: BB  Data: 00 00 00 AA 06 CD 70 6A 
"
"2016-11-21 14:36:23ID: BC  Data: 00 00 00 AA F9 32 8F 96 
"
"2016-11-21 14:36:23ID: BB  Data: 00 00 00 AA 06 CD 70 6A 
"
"2016-11-21 14:36:23ID: BC  Data: 00 00 00 AA F9 32 8F 96 
"
"2016-11-21 14:36:23ID: BB  Data: 00 00 00 AA 06 C8 2D 20 
"
"2016-11-21 14:36:23ID: BC  Data: 00 00 00 AA F9 37 D2 E0 
"
"2016-11-21 14:36:23ID: BB  Data: 00 00 00 AA 06 BD A6 8C 
"
"2016-11-21 14:36:23ID: BC  Data: 00 00 00 AA F9 42 59 74 
"
"2016-11-21 14:36:24ID: BB  Data: 00 00 00 AA 06 BB 04 E7 
"
"2016-11-21 14:36:24ID: BC  Data: 00 00 00 AA F9 44 FB 19 
"
"2016-11-21 14:36:24ID: BB  Data: 00 00 00 AA 06 BD A6 8C 
"
"2016-11-21 14:36:24ID: BC  Data: 00 00 00 AA F9 42 59 74 
"
"2016-11-21 14:36:24ID: BB  Data: 00 00 00 AA 06 B4 70 CA 
"
"2016-11-21 14:36:24ID: BC  Data: 00 00 00 AA F9 4B 8F 36 
"
"2016-11-21 14:36:24ID: BB  Data: 00 00 00 AA 06 9F 63 A2 
"
"2016-11-21 14:36:24ID: BC  Data: 00 00 00 AA F9 60 9C 5E 
"
"2016-11-21 14:36:24ID: BB  Data: 00 00 00 AA 06 9B 71 2A 
"
"2016-11-21 14:36:24ID: BC  Data: 00 00 00 AA F9 64 8E D6 
"
"2016-11-21 14:36:24ID: BB  Data: 00 00 00 AA 06 9B 71 2A 
"
"2016-11-21 14:36:24ID: BC  Data: 00 00 00 AA F9 64 8E D6 
"
"2016-11-21 14:36:24ID: BB  Data: 00 00 00 AA 06 9B 71 2A 
"
"2016-11-21 14:36:24ID: BC  Data: 00 00 00 AA F9 64 8E D6 
"
"2016-11-21 14:36:24ID: BB  Data: 00 00 00 AA 06 A9 EA 36 
"
"2016-11-21 14:36:24ID: BC  Data: 00 00 00 AA F9 56 15 CA 
"
"2016-11-21 14:36:24ID: BB  Data: 00 00 00 AA 06 B8 63 42 
"
"2016-11-21 14:36:24ID: BC  Data: 00 00 00 AA F9 47 9C BE 
"
"2016-11-21 14:36:24ID: BB  Data: 00 00 00 AA 06 BB 04 E7 
"
"2016-11-21 14:36:24ID: BC  Data: 00 00 00 AA F9 44 FB 19 
"
"2016-11-21 14:36:24ID: BB  Data: 00 00 00 AA 06 C9 7D F2 
"
"2016-11-21 14:36:24ID: BC  Data: 00 00 00 AA F9 36 82 0E 
"
"2016-11-21 14:36:25ID: BB  Data: 00 00 00 AA 06 DA 98 A3 
"
"2016-11-21 14:36:25ID: BC  Data: 00 00 00 AA F9 25 67 5D 
"
"2016-11-21 14:36:25ID: BB  Data: 00 00 00 AA 07 7F 0F 6E 
"
"2016-11-21 14:36:25ID: BC  Data: 00 00 00 AA F8 80 F0 92 
"
"2016-11-21 14:36:25ID: BB  Data: 00 00 00 AA 07 F2 D7 CB 
"
"2016-11-21 14:36:25ID: BC  Data: 00 00 00 AA F8 0D 28 35 
"
"2016-11-21 14:36:25ID: BB  Data: 00 00 00 AA 08 1A 50 77 
"
"2016-11-21 14:36:25ID: BC  Data: 00 00 00 AA F7 E5 AF 89 
"
"2016-11-21 14:36:25ID: BB  Data: 00 00 00 AA 08 F2 17 53 
"
"2016-11-21 14:36:25ID: BC  Data: 00 00 00 AA F7 0D E8 AD 
"
"2016-11-21 14:36:25ID: BB  Data: 00 00 00 AA 09 EE B5 37 
"
"2016-11-21 14:36:25ID: BC  Data: 00 00 00 AA F6 11 4A C9 
"
"2016-11-21 14:36:25ID: BB  Data: 00 00 00 AA 0A 94 7C D4 
"
"2016-11-21 14:36:25ID: BC  Data: 00 00 00 AA F5 6B 83 2C 
"
"2016-11-21 14:36:25ID: BB  Data: 00 00 00 AA 0A 98 6F 4B 
"
"2016-11-21 14:36:25ID: BC  Data: 00 00 00 AA F5 67 90 B5 
"
"2016-11-21 14:36:25ID: BB  Data: 00 00 00 AA 0A 89 F6 40 
"
"2016-11-21 14:36:25ID: BC  Data: 00 00 00 AA F5 76 09 C0 
"
"2016-11-21 14:36:25ID: BB  Data: 00 00 00 AA 0A 86 03 C8 
"
"2016-11-21 14:36:25ID: BC  Data: 00 00 00 AA F5 79 FC 38 
"
"2016-11-21 14:36:25ID: BB  Data: 00 00 00 AA 0A 77 8A BC 
"
"2016-11-21 14:36:25ID: BC  Data: 00 00 00 AA F5 88 75 44 
"
"2016-11-21 14:36:26ID: BB  Data: 00 00 00 AA 0A 77 8A BC 
"
"2016-11-21 14:36:26ID: BC  Data: 00 00 00 AA F5 88 75 44 
"
"2016-11-21 14:36:26ID: BB  Data: 00 00 00 AA 0A 72 47 72 
"
"2016-11-21 14:36:26ID: BC  Data: 00 00 00 AA F5 8D B8 8E 
"
"2016-11-21 14:36:26ID: BB  Data: 00 00 00 AA 0A 69 11 B1 
"
"2016-11-21 14:36:26ID: BC  Data: 00 00 00 AA F5 96 EE 4F 
"
"2016-11-21 14:36:26ID: BB  Data: 00 00 00 AA 0A 56 A6 2D 
"
"2016-11-21 14:36:26ID: BC  Data: 00 00 00 AA F5 A9 59 D3 
"
"2016-11-21 14:36:26ID: BB  Data: 00 00 00 AA 09 E8 21 1A 
"
"2016-11-21 14:36:26ID: BC  Data: 00 00 00 AA F6 17 DE E6 
"
"2016-11-21 14:36:26ID: BB  Data: 00 00 00 AA 08 0B D7 6B 
"
"2016-11-21 14:36:26ID: BC  Data: 00 00 00 AA F7 F4 28 95 
"
"2016-11-21 14:36:26ID: BB  Data: 00 00 00 AA 06 E2 7D 92 
"
"2016-11-21 14:36:26ID: BC  Data: 00 00 00 AA F9 1D 82 6E 
"
"2016-11-21 14:36:26ID: BB  Data: 00 00 00 AA 06 B4 70 CA 
"
"2016-11-21 14:36:26ID: BC  Data: 00 00 00 AA F9 4B 8F 36 
"
"2016-11-21 14:36:26ID: BB  Data: 00 00 00 AA 06 B8 63 42 
"
"2016-11-21 14:36:26ID: BC  Data: 00 00 00 AA F9 47 9C BE 
"
"2016-11-21 14:36:26ID: BB  Data: 00 00 00 AA 06 A9 EA 36 
"
"2016-11-21 14:36:26ID: BC  Data: 00 00 00 AA F9 56 15 CA 
"
"2016-11-21 14:36:26ID: BB  Data: 00 00 00 AA 06 2C EC 17 
"
"2016-11-21 14:36:26ID: BC  Data: 00 00 00 AA F9 D3 13 E9 
"
"2016-11-21 14:36:26ID: BB  Data: 00 00 00 AA 05 2E FD 61 
"
"2016-11-21 14:36:26ID: BC  Data: 00 00 00 AA FA D1 02 9F 
"
"2016-11-21 14:36:27ID: BB  Data: 00 00 00 AA 04 82 A1 A7 
"
"2016-11-21 14:36:27ID: BC  Data: 00 00 00 AA FB 7D 5E 59 
"
"2016-11-21 14:36:27ID: BB  Data: 00 00 00 AA 02 F3 F8 7D 
"
"2016-11-21 14:36:27ID: BC  Data: 00 00 00 AA FD 0C 07 83 
"
"2016-11-21 14:36:27ID: BB  Data: 00 00 00 AA 02 A7 A8 CB 
"
"2016-11-21 14:36:27ID: BC  Data: 00 00 00 AA FD 58 57 35 
"
"2016-11-21 14:36:27ID: BB  Data: 00 00 00 AA 02 8E A9 2B 
"
"2016-11-21 14:36:27ID: BC  Data: 00 00 00 AA FD 71 56 D5 
"
"2016-11-21 14:36:27ID: BB  Data: 00 00 00 AA 02 3F B7 D4 
"
"2016-11-21 14:36:27ID: BC  Data: 00 00 00 AA FD C0 48 2C 
"
"2016-11-21 14:36:27ID: BB  Data: 00 00 00 AA 01 A7 18 70 
"
"2016-11-21 14:36:27ID: BC  Data: 00 00 00 AA FE 58 E7 90 
"
"2016-11-21 14:36:27ID: BB  Data: 00 00 00 AA 00 00 00 00 
"
"2016-11-21 14:36:27ID: BC  Data: 00 00 00 AA 00 00 00 00 
"
"2016-11-21 14:36:27ID: BB  Data: 00 00 00 AA 00 00 00 00 
"
"2016-11-21 14:36:27ID: BC  Data: 00 00 00 AA 00 00 00 00 
"
"2016-11-21 14:36:27ID: BB  Data: 00 00 00 AA 00 00 00 00 
"
"2016-11-21 14:36:27ID: BC  Data: 00 00 00 AA 00 00 00 00 
"
"2016-11-21 14:36:27ID: BB  Data: 00 00 00 AA 00 00 00 00 
"
"2016-11-21 14:36:27ID: BC  Data: 00 00 00 AA 00 00 00 00 
"
"2016-11-21 14:36:27ID: BB  Data: 00 00 00 AA 00 00 00 00 
"
"2016-11-21 14:36:27ID: BC  Data: 00 00 00 AA 00 00 00 00 
"
"2016-11-21 14:36:28ID: BB  Data: 00 00 00 AA 00 00 00 00 
"
"2016-11-21 14:36:28ID: BC  Data: 00 00 00 AA 00 00 00 00 
"
"2016-11-21 14:36:28ID: BB  Data: 00 00 00 AA 00 00 00 00 
"
"2016-11-21 14:36:28ID: BC  Data: 00 00 00 AA 00 00 00 00 
"
"2016-11-21 14:36:28ID: BB  Data: 00 00 00 AA 00 00 00 00 
"
"2016-11-21 14:36:28ID: BC  Data: 00 00 00 AA 00 00 00 00 
"
"2016-11-21 14:36:28ID: BB  Data: 00 00 00 AA 00 00 00 00 
"
"2016-11-21 14:36:28ID: BC  Data: 00 00 00 AA 00 00 00 00 
"
"2016-11-21 14:36:28ID: BB  Data: 00 00 00 AA 00 00 00 00 
"
"2016-11-21 14:36:28ID: BC  Data: 00 00 00 AA 00 00 00 00 
"
"2016-11-21 14:36:28ID: BB  Data: 00 00 00 AA 00 00 00 00 
"
"2016-11-21 14:36:28ID: BC  Data: 00 00 00 AA 00 00 00 00 
"
"2016-11-21 14:36:28ID: BB  Data: 00 00 00 AA 00 00 00 00 
"
"2016-11-21 14:36:28ID: BC  Data: 00 00 00 AA 00 00 00 00 
"
"2016-11-21 14:36:28ID: BB  Data: 00 00 00 AA 00 00 00 00 
"
"2016-11-21 14:36:28ID: BC  Data: 00 00 00 AA 00 00 00 00 
"
"2016-11-21 14:36:28ID: BB  Data: 00 00 00 AA 00 00 00 00 
"
"2016-11-21 14:36:28ID: BC  Data: 00 00 00 AA 00 00 00 00 
"
"2016-11-21 14:36:28ID: BB  Data: 00 00 00 AA 00 00 00 00 
"
"2016-11-21 14:36:28ID: BC  Data: 00 00 00 AA 00 00 00 00 
"
"2016-11-21 14:36:28ID: BB  Data: 00 00 00 AA 00 00 00 00 
"
"2016-11-21 14:36:28ID: BC  Data: 00 00 00 AA 00 00 00 00 
"
"2016-11-21 14:36:28ID: BB  Data: 00 00 00 AA 00 00 00 00 
"
"2016-11-21 14:36:29ID: BC  Data: 00 00 00 AA 00 00 00 00 
"
"2016-11-21 14:36:29ID: BB  Data: 00 00 00 AA 00 00 00 00 
"
"2016-11-21 14:36:29ID: BC  Data: 00 00 00 AA 00 00 00 00 
"
"2016-11-21 14:36:29ID: BB  Data: 00 00 00 AA 00 00 00 00 
"
"2016-11-21 14:36:29ID: BC  Data: 00 00 00 AA 00 00 00 00 
"
"2016-11-21 14:36:29ID: BB  Data: 00 00 00 AA 00 00 00 00 
"
"2016-11-21 14:36:29ID: BC  Data: 00 00 00 AA 00 00 00 00 
"
"2016-11-21 14:36:29ID: BB  Data: 00 00 00 AA 00 00 00 00 
"
"2016-11-21 14:36:29ID: BC  Data: 00 00 00 AA 00 00 00 00 
"
"2016-11-21 14:36:29ID: BB  Data: 00 00 00 AA 00 00 00 00 
"
"2016-11-21 14:36:29ID: BC  Data: 00 00 00 AA 00 00 00 00 
"
"2016-11-21 14:36:29ID: BB  Data: 00 00 00 AA 00 00 00 00 
"
"2016-11-21 14:36:29ID: BC  Data: 00 00 00 AA 00 00 00 00 
"
"2016-11-21 14:36:29ID: BB  Data: 00 00 00 AA 00 00 00 00 
"
"2016-11-21 14:36:29ID: BC  Data: 00 00 00 AA 00 00 00 00 
"
"2016-11-21 14:36:29ID: BB  Data: 00 00 00 AA 00 00 00 00 
"
"2016-11-21 14:36:29ID: BC  Data: 00 00 00 AA 00 00 00 00 
"
"2016-11-21 14:36:29ID: BB  Data: 00 00 00 AA 00 00 00 00 
"
"2016-11-21 14:36:29ID: BC  Data: 00 00 00 AA 00 00 00 00 
"
"2016-11-21 14:36:29ID: BB  Data: 00 00 00 AA 00 00 00 00 
"
"2016-11-21 14:36:29ID: BC  Data: 00 00 00 AA 00 00 00 00 
"
"2016-11-21 14:36:29ID: BB  Data: 00 00 00 AA 00 00 00 00 
"
"2016-11-21 14:36:29ID: BC  Data: 00 00 00 AA 00 00 00 00 
"
"2016-11-21 14:36:30ID: BB  Data: 00 00 00 AA 00 00 00 00 
"
"2016-11-21 14:36:30ID: BC  Data: 00 00 00 AA 00 00 00 00 
"
"2016-11-21 14:36:30ID: BB  Data: 00 00 00 AA 00 00 00 00 
"
"2016-11-21 14:36:30ID: BC  Data: 00 00 00 AA 00 00 00 00 
"
"2016-11-21 14:36:30ID: BB  Data: 00 00 00 AA 00 00 00 00 
"
"2016-11-21 14:36:30ID: BC  Data: 00 00 00 AA 00 00 00 00 
"
"2016-11-21 14:36:30ID: BB  Data: 00 00 00 AA 00 00 00 00 
"
"2016-11-21 14:36:30ID: BC  Data: 00 00 00 AA 00 00 00 00 
"
"2016-11-21 14:36:30ID: BB  Data: 00 00 00 AA 00 00 00 00 
"
"2016-11-21 14:36:30ID: BC  Data: 00 00 00 AA 00 00 00 00 
"
"2016-11-21 14:36:30ID: BB  Data: 00 00 00 AA 00 00 00 00 
"
"2016-11-21 14:36:30ID: BC  Data: 00 00 00 AA 00 00 00 00 
"
"2016-11-21 14:36:30ID: BB  Data: 00 00 00 AA 00 00 00 00 
"
"2016-11-21 14:36:30ID: BC  Data: 00 00 00 AA 00 00 00 00 
"
"2016-11-21 14:36:30ID: BB  Data: 00 00 00 AA 00 00 00 00 
"
"2016-11-21 14:36:30ID: BC  Data: 00 00 00 AA 00 00 00 00 
"
"2016-11-21 14:36:30ID: BB  Data: 00 00 00 AA 00 00 00 00 
"
"2016-11-21 14:36:30ID: BC  Data: 00 00 00 AA 00 00 00 00 
"
"2016-11-21 14:36:30ID: BB  Data: 00 00 00 AA 00 00 00 00 
"
"2016-11-21 14:36:30ID: BC  Data: 00 00 00 AA 00 00 00 00 
"
"2016-11-21 14:36:30ID: BB  Data: 00 00 00 AA 00 00 00 00 
"
"2016-11-21 14:36:30ID: BC  Data: 00 00 00 AA 00 00 00 00 
"
"2016-11-21 14:36:31ID: BB  Data: 00 00 00 AA 00 00 00 00 
"
"2016-11-21 14:36:31ID: BC  Data: 00 00 00 AA 00 00 00 00 
"
"2016-11-21 14:36:31ID: BB  Data: 00 00 00 AA 00 00 00 00 
"
"2016-11-21 14:36:31ID: BC  Data: 00 00 00 AA 00 00 00 00 
"
"2016-11-21 14:36:31ID: BB  Data: 00 00 00 AA 00 00 00 00 
"
"2016-11-21 14:36:31ID: BC  Data: 00 00 00 AA 00 00 00 00 
"
"2016-11-21 14:36:31ID: BB  Data: 00 00 00 AA 00 00 00 00 
"
"2016-11-21 14:36:31ID: BC  Data: 00 00 00 AA 00 00 00 00 
"
"2016-11-21 14:36:31ID: BB  Data: 00 00 00 AA 00 00 00 00 
"
"2016-11-21 14:36:31ID: BC  Data: 00 00 00 AA 00 00 00 00 
"
"2016-11-21 14:36:31ID: BB  Data: 00 00 00 AA 00 00 00 00 
"
"2016-11-21 14:36:31ID: BC  Data: 00 00 00 AA 00 00 00 00 
"
"2016-11-21 14:36:31ID: BB  Data: 00 00 00 AA 00 00 00 00 
"
"2016-11-21 14:36:31ID: BC  Data: 00 00 00 AA 00 00 00 00 
"
"2016-11-21 14:36:31ID: BB  Data: 00 00 00 AA 00 00 00 00 
"
"2016-11-21 14:36:31ID: BC  Data: 00 00 00 AA 00 00 00 00 
"
"2016-11-21 14:36:31ID: BB  Data: 00 00 00 AA 00 00 00 00 
"
"2016-11-21 14:36:31ID: BC  Data: 00 00 00 AA 00 00 00 00 
"
"2016-11-21 14:36:31ID: BB  Data: 00 00 00 AA 00 00 00 00 
"
"2016-11-21 14:36:31ID: BC  Data: 00 00 00 AA 00 00 00 00 
"
"2016-11-21 14:36:31ID: BB  Data: 00 00 00 AA 00 00 00 00 
"
"2016-11-21 14:36:31ID: BC  Data: 00 00 00 AA 00 00 00 00 
"
"2016-11-21 14:36:31ID: BB  Data: 00 00 00 AA 00 00 00 00 
"
"2016-11-21 14:36:31ID: BC  Data: 00 00 00 AA 00 00 00 00 
"
"2016-11-21 14:36:32ID: BB  Data: 00 00 00 AA 00 00 00 00 
"
"2016-11-21 14:36:32ID: BC  Data: 00 00 00 AA 00 00 00 00 
"
"2016-11-21 14:36:32ID: BB  Data: 00 00 00 AA 00 00 00 00 
"
"2016-11-21 14:36:32ID: BC  Data: 00 00 00 AA 00 00 00 00 
"
"2016-11-21 14:36:32ID: BB  Data: 00 00 00 AA 00 00 00 00 
"
"2016-11-21 14:36:32ID: BC  Data: 00 00 00 AA 00 00 00 00 
"
"2016-11-21 14:36:32ID: BB  Data: 00 00 00 AA 00 00 00 00 
"
"2016-11-21 14:36:32ID: BC  Data: 00 00 00 AA 00 00 00 00 
"
"2016-11-21 14:36:32ID: BB  Data: 00 00 00 AA 00 00 00 00 
"
"2016-11-21 14:36:32ID: BC  Data: 00 00 00 AA 00 00 00 00 
"
"2016-11-21 14:36:32ID: BB  Data: 00 00 00 AA 00 00 00 00 
"
"2016-11-21 14:36:32ID: BC  Data: 00 00 00 AA 00 00 00 00 
"
"2016-11-21 14:36:32ID: BB  Data: 00 00 00 AA 00 00 00 00 
"
"2016-11-21 14:36:32ID: BC  Data: 00 00 00 AA 00 00 00 00 
"
"2016-11-21 14:36:32ID: BB  Data: 00 00 00 AA 00 00 00 00 
"
"2016-11-21 14:36:32ID: BC  Data: 00 00 00 AA 00 00 00 00 
"
"2016-11-21 14:36:32ID: BB  Data: 00 00 00 AA 00 00 00 00 
"
"2016-11-21 14:36:32ID: BC  Data: 00 00 00 AA 00 00 00 00 
"
"2016-11-21 14:36:32ID: BB  Data: 00 00 00 AA 00 00 00 00 
"
"2016-11-21 14:36:32ID: BC  Data: 00 00 00 AA 00 00 00 00 
"
"2016-11-21 14:36:32ID: BB  Data: 00 00 00 AA 00 00 00 00 
"
"2016-11-21 14:36:32ID: BC  Data: 00 00 00 AA 00 00 00 00 
"
"2016-11-21 14:36:33ID: BB  Data: 00 00 00 AA 00 00 00 00 
"
"2016-11-21 14:36:33ID: BC  Data: 00 00 00 AA 00 00 00 00 
"
"2016-11-21 14:36:33ID: BB  Data: 00 00 00 AA 00 00 00 00 
"
"2016-11-21 14:36:33ID: BC  Data: 00 00 00 AA 00 00 00 00 
"
"2016-11-21 14:36:33ID: BB  Data: 00 00 00 AA 00 00 00 00 
"
"2016-11-21 14:36:33ID: BC  Data: 00 00 00 AA 00 00 00 00 
"
"2016-11-21 14:36:33ID: BB  Data: 00 00 00 AA 00 00 00 00 
"
"2016-11-21 14:36:33ID: BC  Data: 00 00 00 AA 00 00 00 00 
"
"2016-11-21 14:36:33ID: BB  Data: 00 00 00 AA 00 00 00 00 
"
"2016-11-21 14:36:33ID: BC  Data: 00 00 00 AA 00 00 00 00 
"
"2016-11-21 14:36:33ID: BB  Data: 00 00 00 AA 00 00 00 00 
"
"2016-11-21 14:36:33ID: BC  Data: 00 00 00 AA 00 00 00 00 
"
"2016-11-21 14:36:33ID: BB  Data: 00 00 00 AA 00 00 00 00 
"
"2016-11-21 14:36:33ID: BC  Data: 00 00 00 AA 00 00 00 00 
"
"2016-11-21 14:36:33ID: BB  Data: 00 00 00 AA 00 00 00 00 
"
"2016-11-21 14:36:33ID: BC  Data: 00 00 00 AA 00 00 00 00 
"
"2016-11-21 14:36:33ID: BB  Data: 00 00 00 AA 00 00 00 00 
"
"2016-11-21 14:36:33ID: BC  Data: 00 00 00 AA 00 00 00 00 
"
"2016-11-21 14:36:33ID: BB  Data: 00 00 00 AA 00 00 00 00 
"
"2016-11-21 14:36:33ID: BC  Data: 00 00 00 AA 00 00 00 00 
"
"2016-11-21 14:36:33ID: BB  Data: 00 00 00 AA 00 00 00 00 
"
"2016-11-21 14:36:33ID: BC  Data: 00 00 00 AA 00 00 00 00 
"
"2016-11-21 14:36:34ID: BB  Data: 00 00 00 AA 00 00 00 00 
"
"2016-11-21 14:36:34ID: BC  Data: 00 00 00 AA 00 00 00 00 
"
"2016-11-21 14:36:34ID: BB  Data: 00 00 00 AA 00 00 00 00 
"
"2016-11-21 14:36:34ID: BC  Data: 00 00 00 AA 00 00 00 00 
"
"2016-11-21 14:36:34ID: BB  Data: 00 00 00 AA 00 00 00 00 
"
"2016-11-21 14:36:34ID: BC  Data: 00 00 00 AA 00 00 00 00 
"
"2016-11-21 14:36:34ID: BB  Data: 00 00 00 AA 00 00 00 00 
"
"2016-11-21 14:36:34ID: BC  Data: 00 00 00 AA 00 00 00 00 
"
"2016-11-21 14:36:34ID: BB  Data: 00 00 00 AA 00 00 00 00 
"
"2016-11-21 14:36:34ID: BC  Data: 00 00 00 AA 00 00 00 00 
"
"2016-11-21 14:36:34ID: BB  Data: 00 00 00 AA 00 00 00 00 
"
"2016-11-21 14:36:34ID: BC  Data: 00 00 00 AA 00 00 00 00 
"
"2016-11-21 14:36:34ID: BB  Data: 00 00 00 AA 00 00 00 00 
"
"2016-11-21 14:36:34ID: BC  Data: 00 00 00 AA 00 00 00 00 
"
"2016-11-21 14:36:34ID: BB  Data: 00 00 00 AA 00 00 00 00 
"
"2016-11-21 14:36:34ID: BC  Data: 00 00 00 AA 00 00 00 00 
"
"2016-11-21 14:36:34ID: BB  Data: 00 00 00 AA 00 00 00 00 
"
"2016-11-21 14:36:34ID: BC  Data: 00 00 00 AA 00 00 00 00 
"
"2016-11-21 14:36:34ID: BB  Data: 00 00 00 AA 00 00 00 00 
"
"2016-11-21 14:36:34ID: BC  Data: 00 00 00 AA 00 00 00 00 
"
"2016-11-21 14:36:34ID: BB  Data: 00 00 00 AA 00 00 00 00 
"
"2016-11-21 14:36:34ID: BC  Data: 00 00 00 AA 00 00 00 00 
"
"2016-11-21 14:36:34ID: BB  Data: 00 00 00 AA 01 B4 40 A9 
"
"2016-11-21 14:36:34ID: BC  Data: 00 00 00 AA FE 4B BF 57 
"
"2016-11-21 14:36:35ID: BB  Data: 00 00 00 AA 01 FD EE B6 
"
"2016-11-21 14:36:35ID: BC  Data: 00 00 00 AA FE 02 11 4A 
"
"2016-11-21 14:36:35ID: BB  Data: 00 00 00 AA 01 FD EE B6 
"
"2016-11-21 14:36:35ID: BC  Data: 00 00 00 AA FE 02 11 4A 
"
"2016-11-21 14:36:35ID: BB  Data: 00 00 00 AA 01 FF 3F 89 
"
"2016-11-21 14:36:35ID: BC  Data: 00 00 00 AA FE 00 C0 77 
"
"2016-11-21 14:36:35ID: BB  Data: 00 00 00 AA 01 DE 5A FA 
"
"2016-11-21 14:36:35ID: BC  Data: 00 00 00 AA FE 21 A5 06 
"
"2016-11-21 14:36:35ID: BB  Data: 00 00 00 AA 01 DD 0A 27 
"
"2016-11-21 14:36:35ID: BC  Data: 00 00 00 AA FE 22 F5 D9 
"
"2016-11-21 14:36:35ID: BB  Data: 00 00 00 AA 01 BC 25 98 
"
"2016-11-21 14:36:35ID: BC  Data: 00 00 00 AA FE 43 DA 68 
"
"2016-11-21 14:36:35ID: BB  Data: 00 00 00 AA 00 00 00 00 
"
"2016-11-21 14:36:35ID: BC  Data: 00 00 00 AA 00 00 00 00 
"
"2016-11-21 14:36:35ID: BB  Data: 00 00 00 AA 00 00 00 00 
"
"2016-11-21 14:36:35ID: BC  Data: 00 00 00 AA 00 00 00 00 
"
"2016-11-21 14:36:35ID: BB  Data: 00 00 00 AA 00 00 00 00 
"
"2016-11-21 14:36:35ID: BC  Data: 00 00 00 AA 00 00 00 00 
"
"2016-11-21 14:36:35ID: BB  Data: 00 00 00 AA 00 00 00 00 
"
"2016-11-21 14:36:35ID: BC  Data: 00 00 00 AA 00 00 00 00 
"
"2016-11-21 14:36:35ID: BB  Data: 00 00 00 AA 00 00 00 00 
"
"2016-11-21 14:36:35ID: BC  Data: 00 00 00 AA 00 00 00 00 
"
"2016-11-21 14:36:36ID: BB  Data: 00 00 00 AA 00 00 00 00 
"
"2016-11-21 14:36:36ID: BC  Data: 00 00 00 AA 00 00 00 00 
"
"2016-11-21 14:36:36ID: BB  Data: 00 00 00 AA 00 00 00 00 
"
"2016-11-21 14:36:36ID: BC  Data: 00 00 00 AA 00 00 00 00 
"
"2016-11-21 14:36:36ID: BB  Data: 00 00 00 AA 00 00 00 00 
"
"2016-11-21 14:36:36ID: BC  Data: 00 00 00 AA 00 00 00 00 
"
"2016-11-21 14:36:36ID: BB  Data: 00 00 00 AA 00 00 00 00 
"
"2016-11-21 14:36:36ID: BC  Data: 00 00 00 AA 00 00 00 00 
"
"2016-11-21 14:36:36ID: BB  Data: 00 00 00 AA 00 00 00 00 
"
"2016-11-21 14:36:36ID: BC  Data: 00 00 00 AA 00 00 00 00 
"
"2016-11-21 14:36:36ID: BB  Data: 00 00 00 AA 00 00 00 00 
"
"2016-11-21 14:36:36ID: BC  Data: 00 00 00 AA 00 00 00 00 
"
"2016-11-21 14:36:36ID: BB  Data: 00 00 00 AA 00 00 00 00 
"
"2016-11-21 14:36:36ID: BC  Data: 00 00 00 AA 00 00 00 00 
"
"2016-11-21 14:36:36ID: BB  Data: 00 00 00 AA 00 00 00 00 
"
"2016-11-21 14:36:36ID: BC  Data: 00 00 00 AA 00 00 00 00 
"
"2016-11-21 14:36:36ID: BB  Data: 00 00 00 AA 00 00 00 00 
"
"2016-11-21 14:36:36ID: BC  Data: 00 00 00 AA 00 00 00 00 
"
"2016-11-21 14:36:36ID: BB  Data: 00 00 00 AA 00 00 00 00 
"
"2016-11-21 14:36:36ID: BC  Data: 00 00 00 AA 00 00 00 00 
"
"2016-11-21 14:36:36ID: BB  Data: 00 00 00 AA 00 00 00 00 
"
"2016-11-21 14:36:36ID: BC  Data: 00 00 00 AA 00 00 00 00 
"
"2016-11-21 14:36:36ID: BB  Data: 00 00 00 AA 00 00 00 00 
"
"2016-11-21 14:36:36ID: BC  Data: 00 00 00 AA 00 00 00 00 
"
"2016-11-21 14:36:37ID: BB  Data: 00 00 00 AA 00 00 00 00 
"
"2016-11-21 14:36:37ID: BC  Data: 00 00 00 AA 00 00 00 00 
"
"2016-11-21 14:36:37ID: BB  Data: 00 00 00 AA 00 00 00 00 
"
"2016-11-21 14:36:37ID: BC  Data: 00 00 00 AA 00 00 00 00 
"
"2016-11-21 14:36:37ID: BB  Data: 00 00 00 AA 00 00 00 00 
"
"2016-11-21 14:36:37ID: BC  Data: 00 00 00 AA 00 00 00 00 
"
"2016-11-21 14:36:37ID: BB  Data: 00 00 00 AA 00 00 00 00 
"
"2016-11-21 14:36:37ID: BC  Data: 00 00 00 AA 00 00 00 00 
"
"2016-11-21 14:36:37ID: BB  Data: 00 00 00 AA 00 00 00 00 
"
"2016-11-21 14:36:37ID: BC  Data: 00 00 00 AA 00 00 00 00 
"
"2016-11-21 14:36:37ID: BB  Data: 00 00 00 AA 00 00 00 00 
"
"2016-11-21 14:36:37ID: BC  Data: 00 00 00 AA 00 00 00 00 
"
"2016-11-21 14:36:37ID: BB  Data: 00 00 00 AA 00 00 00 00 
"
"2016-11-21 14:36:37ID: BC  Data: 00 00 00 AA 00 00 00 00 
"
"2016-11-21 14:36:37ID: BB  Data: 00 00 00 AA 00 00 00 00 
"
"2016-11-21 14:36:37ID: BC  Data: 00 00 00 AA 00 00 00 00 
"
"2016-11-21 14:36:37ID: BB  Data: 00 00 00 AA 00 00 00 00 
"
"2016-11-21 14:36:37ID: BC  Data: 00 00 00 AA 00 00 00 00 
"
"2016-11-21 14:36:37ID: BB  Data: 00 00 00 AA 00 00 00 00 
"
"2016-11-21 14:36:37ID: BC  Data: 00 00 00 AA 00 00 00 00 
"
"2016-11-21 14:36:37ID: BB  Data: 00 00 00 AA 00 00 00 00 
"
"2016-11-21 14:36:37ID: BC  Data: 00 00 00 AA 00 00 00 00 
"
"2016-11-21 14:36:38ID: BB  Data: 00 00 00 AA 00 00 00 00 
"
"2016-11-21 14:36:38ID: BC  Data: 00 00 00 AA 00 00 00 00 
"
"2016-11-21 14:36:38ID: BB  Data: 00 00 00 AA 00 00 00 00 
"
"2016-11-21 14:36:38ID: BC  Data: 00 00 00 AA 00 00 00 00 
"
"2016-11-21 14:36:38ID: BB  Data: 00 00 00 AA 00 00 00 00 
"
"2016-11-21 14:36:38ID: BC  Data: 00 00 00 AA 00 00 00 00 
"
"2016-11-21 14:36:38ID: BB  Data: 00 00 00 AA 00 00 00 00 
"
"2016-11-21 14:36:38ID: BC  Data: 00 00 00 AA 00 00 00 00 
"
"2016-11-21 14:36:38ID: BB  Data: 00 00 00 AA 00 00 00 00 
"
"2016-11-21 14:36:38ID: BC  Data: 00 00 00 AA 00 00 00 00 
"
"2016-11-21 14:36:38ID: BB  Data: 00 00 00 AA 00 00 00 00 
"
"2016-11-21 14:36:38ID: BC  Data: 00 00 00 AA 00 00 00 00 
"
"2016-11-21 14:36:38ID: BB  Data: 00 00 00 AA 00 00 00 00 
"
"2016-11-21 14:36:38ID: BC  Data: 00 00 00 AA 00 00 00 00 
"
"2016-11-21 14:36:38ID: BB  Data: 00 00 00 AA 00 00 00 00 
"
"2016-11-21 14:36:38ID: BC  Data: 00 00 00 AA 00 00 00 00 
"
"2016-11-21 14:36:38ID: BB  Data: 00 00 00 AA 00 00 00 00 
"
"2016-11-21 14:36:38ID: BC  Data: 00 00 00 AA 00 00 00 00 
"
"2016-11-21 14:36:38ID: BB  Data: 00 00 00 AA 00 00 00 00 
"
"2016-11-21 14:36:38ID: BC  Data: 00 00 00 AA 00 00 00 00 
"
"2016-11-21 14:36:38ID: BB  Data: 00 00 00 AA 00 00 00 00 
"
"2016-11-21 14:36:38ID: BC  Data: 00 00 00 AA 00 00 00 00 
"
"2016-11-21 14:36:39ID: BB  Data: 00 00 00 AA 00 00 00 00 
"
"2016-11-21 14:36:39ID: BC  Data: 00 00 00 AA 00 00 00 00 
"
"2016-11-21 14:36:39ID: BB  Data: 00 00 00 AA 00 00 00 00 
"
"2016-11-21 14:36:39ID: BC  Data: 00 00 00 AA 00 00 00 00 
"
"2016-11-21 14:36:39ID: BB  Data: 00 00 00 AA 00 00 00 00 
"
"2016-11-21 14:36:39ID: BC  Data: 00 00 00 AA 00 00 00 00 
"
"2016-11-21 14:36:39ID: BB  Data: 00 00 00 AA 00 00 00 00 
"
"2016-11-21 14:36:39ID: BC  Data: 00 00 00 AA 00 00 00 00 
"
"2016-11-21 14:36:39ID: BB  Data: 00 00 00 AA 00 00 00 00 
"
"2016-11-21 14:36:39ID: BC  Data: 00 00 00 AA 00 00 00 00 
"
"2016-11-21 14:36:39ID: BB  Data: 00 00 00 AA 00 00 00 00 
"
"2016-11-21 14:36:39ID: BC  Data: 00 00 00 AA 00 00 00 00 
"
"2016-11-21 14:36:39ID: BB  Data: 00 00 00 AA 00 00 00 00 
"
"2016-11-21 14:36:39ID: BC  Data: 00 00 00 AA 00 00 00 00 
"
"2016-11-21 14:36:39ID: BB  Data: 00 00 00 AA 00 00 00 00 
"
"2016-11-21 14:36:39ID: BC  Data: 00 00 00 AA 00 00 00 00 
"
"2016-11-21 14:36:39ID: BB  Data: 00 00 00 AA 00 00 00 00 
"
"2016-11-21 14:36:39ID: BC  Data: 00 00 00 AA 00 00 00 00 
"
"2016-11-21 14:36:39ID: BB  Data: 00 00 00 AA 00 00 00 00 
"
"2016-11-21 14:36:39ID: BC  Data: 00 00 00 AA 00 00 00 00 
"
"2016-11-21 14:36:39ID: BB  Data: 00 00 00 AA 00 00 00 00 
"
"2016-11-21 14:36:39ID: BC  Data: 00 00 00 AA 00 00 00 00 
"
"2016-11-21 14:36:39ID: BB  Data: 00 00 00 AA 00 00 00 00 
"
"2016-11-21 14:36:39ID: BC  Data: 00 00 00 AA 00 00 00 00 
"
"2016-11-21 14:36:40ID: BB  Data: 00 00 00 AA 00 00 00 00 
"
"2016-11-21 14:36:40ID: BC  Data: 00 00 00 AA 00 00 00 00 
"
"2016-11-21 14:36:40ID: BB  Data: 00 00 00 AA 00 00 00 00 
"
"2016-11-21 14:36:40ID: BC  Data: 00 00 00 AA 00 00 00 00 
"
"2016-11-21 14:36:40ID: BB  Data: 00 00 00 AA 00 00 00 00 
"
"2016-11-21 14:36:40ID: BC  Data: 00 00 00 AA 00 00 00 00 
"
"2016-11-21 14:36:40ID: BB  Data: 00 00 00 AA 00 00 00 00 
"
"2016-11-21 14:36:40ID: BC  Data: 00 00 00 AA 00 00 00 00 
"
"2016-11-21 14:36:40ID: BB  Data: 00 00 00 AA 00 00 00 00 
"
"2016-11-21 14:36:40ID: BC  Data: 00 00 00 AA 00 00 00 00 
"
"2016-11-21 14:36:40ID: BB  Data: 00 00 00 AA 00 00 00 00 
"
"2016-11-21 14:36:40ID: BC  Data: 00 00 00 AA 00 00 00 00 
"
"2016-11-21 14:36:40ID: BB  Data: 00 00 00 AA 00 00 00 00 
"
"2016-11-21 14:36:40ID: BC  Data: 00 00 00 AA 00 00 00 00 
"
"2016-11-21 14:36:40ID: BB  Data: 00 00 00 AA 00 00 00 00 
"
"2016-11-21 14:36:40ID: BC  Data: 00 00 00 AA 00 00 00 00 
"
"2016-11-21 14:36:40ID: BB  Data: 00 00 00 AA 00 00 00 00 
"
"2016-11-21 14:36:40ID: BC  Data: 00 00 00 AA 00 00 00 00 
"
"2016-11-21 14:36:40ID: BB  Data: 00 00 00 AA 00 00 00 00 
"
"2016-11-21 14:36:40ID: BC  Data: 00 00 00 AA 00 00 00 00 
"
"2016-11-21 14:36:40ID: BB  Data: 00 00 00 AA 00 00 00 00 
"
"2016-11-21 14:36:40ID: BC  Data: 00 00 00 AA 00 00 00 00 
"
"2016-11-21 14:36:41ID: BB  Data: 00 00 00 AA 00 00 00 00 
"
"2016-11-21 14:36:41ID: BC  Data: 00 00 00 AA 00 00 00 00 
"
"2016-11-21 14:36:41ID: BB  Data: 00 00 00 AA 00 00 00 00 
"
"2016-11-21 14:36:41ID: BC  Data: 00 00 00 AA 00 00 00 00 
"
"2016-11-21 14:36:41ID: BB  Data: 00 00 00 AA 00 00 00 00 
"
"2016-11-21 14:36:41ID: BC  Data: 00 00 00 AA 00 00 00 00 
"
"2016-11-21 14:36:41ID: BB  Data: 00 00 00 AA 00 00 00 00 
"
"2016-11-21 14:36:41ID: BC  Data: 00 00 00 AA 00 00 00 00 
"
"2016-11-21 14:36:41ID: BB  Data: 00 00 00 AA 00 00 00 00 
"
"2016-11-21 14:36:41ID: BC  Data: 00 00 00 AA 00 00 00 00 
"
"2016-11-21 14:36:41ID: BB  Data: 00 00 00 AA 00 00 00 00 
"
"2016-11-21 14:36:41ID: BC  Data: 00 00 00 AA 00 00 00 00 
"
"2016-11-21 14:36:41ID: BB  Data: 00 00 00 AA 00 00 00 00 
"
"2016-11-21 14:36:41ID: BC  Data: 00 00 00 AA 00 00 00 00 
"
"2016-11-21 14:36:41ID: BB  Data: 00 00 00 AA 00 00 00 00 
"
"2016-11-21 14:36:41ID: BC  Data: 00 00 00 AA 00 00 00 00 
"
"2016-11-21 14:36:41ID: BB  Data: 00 00 00 AA 00 00 00 00 
"
"2016-11-21 14:36:41ID: BC  Data: 00 00 00 AA 00 00 00 00 
"
"2016-11-21 14:36:41ID: BB  Data: 00 00 00 AA 00 00 00 00 
"
"2016-11-21 14:36:41ID: BC  Data: 00 00 00 AA 00 00 00 00 
"
"2016-11-21 14:36:41ID: BB  Data: 00 00 00 AA 00 00 00 00 
"
"2016-11-21 14:36:41ID: BC  Data: 00 00 00 AA 00 00 00 00 
"
"2016-11-21 14:36:41ID: BB  Data: 00 00 00 AA 00 00 00 00 
"
"2016-11-21 14:36:42ID: BC  Data: 00 00 00 AA 00 00 00 00 
"
"2016-11-21 14:36:42ID: BB  Data: 00 00 00 AA 00 00 00 00 
"
"2016-11-21 14:36:42ID: BC  Data: 00 00 00 AA 00 00 00 00 
"
"2016-11-21 14:36:42ID: BB  Data: 00 00 00 AA 00 00 00 00 
"
"2016-11-21 14:36:42ID: BC  Data: 00 00 00 AA 00 00 00 00 
"
"2016-11-21 14:36:42ID: BB  Data: 00 00 00 AA 00 00 00 00 
"
"2016-11-21 14:36:42ID: BC  Data: 00 00 00 AA 00 00 00 00 
"
"2016-11-21 14:36:42ID: BB  Data: 00 00 00 AA 00 00 00 00 
"
"2016-11-21 14:36:42ID: BC  Data: 00 00 00 AA 00 00 00 00 
"
"2016-11-21 14:36:42ID: BB  Data: 00 00 00 AA 00 00 00 00 
"
"2016-11-21 14:36:42ID: BC  Data: 00 00 00 AA 00 00 00 00 
"
"2016-11-21 14:36:42ID: BB  Data: 00 00 00 AA 00 00 00 00 
"
"2016-11-21 14:36:42ID: BC  Data: 00 00 00 AA 00 00 00 00 
"
"2016-11-21 14:36:42ID: BB  Data: 00 00 00 AA 00 00 00 00 
"
"2016-11-21 14:36:42ID: BC  Data: 00 00 00 AA 00 00 00 00 
"
"2016-11-21 14:36:42ID: BB  Data: 00 00 00 AA 00 00 00 00 
"
"2016-11-21 14:36:42ID: BC  Data: 00 00 00 AA 00 00 00 00 
"
"2016-11-21 14:36:42ID: BB  Data: 00 00 00 AA 00 00 00 00 
"
"2016-11-21 14:36:42ID: BC  Data: 00 00 00 AA 00 00 00 00 
"
"2016-11-21 14:36:42ID: BB  Data: 00 00 00 AA 00 00 00 00 
"
"2016-11-21 14:36:42ID: BC  Data: 00 00 00 AA 00 00 00 00 
"
"2016-11-21 14:36:42ID: BB  Data: 00 00 00 AA 00 00 00 00 
"
"2016-11-21 14:36:42ID: BC  Data: 00 00 00 AA 00 00 00 00 
"
"2016-11-21 14:36:43ID: BB  Data: 00 00 00 AA 00 00 00 00 
"
"2016-11-21 14:36:43ID: BC  Data: 00 00 00 AA 00 00 00 00 
"
"2016-11-21 14:36:43ID: BB  Data: 00 00 00 AA 00 00 00 00 
"
"2016-11-21 14:36:43ID: BC  Data: 00 00 00 AA 00 00 00 00 
"
"2016-11-21 14:36:43ID: BB  Data: 00 00 00 AA 00 00 00 00 
"
"2016-11-21 14:36:43ID: BC  Data: 00 00 00 AA 00 00 00 00 
"
"2016-11-21 14:36:43ID: BB  Data: 00 00 00 AA 00 00 00 00 
"
"2016-11-21 14:36:43ID: BC  Data: 00 00 00 AA 00 00 00 00 
"
"2016-11-21 14:36:43ID: BB  Data: 00 00 00 AA 00 00 00 00 
"
"2016-11-21 14:36:43ID: BC  Data: 00 00 00 AA 00 00 00 00 
"
"2016-11-21 14:36:43ID: BB  Data: 00 00 00 AA 00 00 00 00 
"
"2016-11-21 14:36:43ID: BC  Data: 00 00 00 AA 00 00 00 00 
"
"2016-11-21 14:36:43ID: BB  Data: 00 00 00 AA 00 00 00 00 
"
"2016-11-21 14:36:43ID: BC  Data: 00 00 00 AA 00 00 00 00 
"
"2016-11-21 14:36:43ID: BB  Data: 00 00 00 AA 00 00 00 00 
"
"2016-11-21 14:36:43ID: BC  Data: 00 00 00 AA 00 00 00 00 
"
"2016-11-21 14:36:43ID: BB  Data: 00 00 00 AA 00 00 00 00 
"
"2016-11-21 14:36:43ID: BC  Data: 00 00 00 AA 00 00 00 00 
"
"2016-11-21 14:36:43ID: BB  Data: 00 00 00 AA 00 00 00 00 
"
"2016-11-21 14:36:43ID: BC  Data: 00 00 00 AA 00 00 00 00 
"
"2016-11-21 14:36:43ID: BB  Data: 00 00 00 AA 00 00 00 00 
"
"2016-11-21 14:36:43ID: BC  Data: 00 00 00 AA 00 00 00 00 
"
"2016-11-21 14:36:44ID: BB  Data: 00 00 00 AA 00 00 00 00 
"
"2016-11-21 14:36:44ID: BC  Data: 00 00 00 AA 00 00 00 00 
"
"2016-11-21 14:36:44ID: BB  Data: 00 00 00 AA 00 00 00 00 
"
"2016-11-21 14:36:44ID: BC  Data: 00 00 00 AA 00 00 00 00 
"
"2016-11-21 14:36:44ID: BB  Data: 00 00 00 AA 00 00 00 00 
"
"2016-11-21 14:36:44ID: BC  Data: 00 00 00 AA 00 00 00 00 
"
"2016-11-21 14:36:44ID: BB  Data: 00 00 00 AA 00 00 00 00 
"
"2016-11-21 14:36:44ID: BC  Data: 00 00 00 AA 00 00 00 00 
"
"2016-11-21 14:36:44ID: BB  Data: 00 00 00 AA 00 00 00 00 
"
"2016-11-21 14:36:44ID: BC  Data: 00 00 00 AA 00 00 00 00 
"
"2016-11-21 14:36:44ID: BB  Data: 00 00 00 AA 00 00 00 00 
"
"2016-11-21 14:36:44ID: BC  Data: 00 00 00 AA 00 00 00 00 
"
"2016-11-21 14:36:44ID: BB  Data: 00 00 00 AA 00 00 00 00 
"
"2016-11-21 14:36:44ID: BC  Data: 00 00 00 AA 00 00 00 00 
"
"2016-11-21 14:36:44ID: BB  Data: 00 00 00 AA 00 00 00 00 
"
"2016-11-21 14:36:44ID: BC  Data: 00 00 00 AA 00 00 00 00 
"
"2016-11-21 14:36:44ID: BB  Data: 00 00 00 AA 00 00 00 00 
"
"2016-11-21 14:36:44ID: BC  Data: 00 00 00 AA 00 00 00 00 
"
"2016-11-21 14:36:44ID: BB  Data: 00 00 00 AA 00 00 00 00 
"
"2016-11-21 14:36:44ID: BC  Data: 00 00 00 AA 00 00 00 00 
"
"2016-11-21 14:36:44ID: BB  Data: 00 00 00 AA 00 00 00 00 
"
"2016-11-21 14:36:44ID: BC  Data: 00 00 00 AA 00 00 00 00 
"
"2016-11-21 14:36:44ID: BB  Data: 00 00 00 AA 00 00 00 00 
"
"2016-11-21 14:36:44ID: BC  Data: 00 00 00 AA 00 00 00 00 
"
"2016-11-21 14:36:45ID: BB  Data: 00 00 00 AA 00 00 00 00 
"
"2016-11-21 14:36:45ID: BC  Data: 00 00 00 AA 00 00 00 00 
"
"2016-11-21 14:36:45ID: BB  Data: 00 00 00 AA 00 00 00 00 
"
"2016-11-21 14:36:45ID: BC  Data: 00 00 00 AA 00 00 00 00 
"
"2016-11-21 14:36:45ID: BB  Data: 00 00 00 AA 00 00 00 00 
"
"2016-11-21 14:36:45ID: BC  Data: 00 00 00 AA 00 00 00 00 
"
"2016-11-21 14:36:45ID: BB  Data: 00 00 00 AA 00 00 00 00 
"
"2016-11-21 14:36:45ID: BC  Data: 00 00 00 AA 00 00 00 00 
"
"2016-11-21 14:36:45ID: BB  Data: 00 00 00 AA 00 00 00 00 
"
"2016-11-21 14:36:45ID: BC  Data: 00 00 00 AA 00 00 00 00 
"
"2016-11-21 14:36:45ID: BB  Data: 00 00 00 AA 00 00 00 00 
"
"2016-11-21 14:36:45ID: BC  Data: 00 00 00 AA 00 00 00 00 
"
"2016-11-21 14:36:45ID: BB  Data: 00 00 00 AA 00 00 00 00 
"
"2016-11-21 14:36:45ID: BC  Data: 00 00 00 AA 00 00 00 00 
"
"2016-11-21 14:36:45ID: BB  Data: 00 00 00 AA 00 00 00 00 
"
"2016-11-21 14:36:45ID: BC  Data: 00 00 00 AA 00 00 00 00 
"
"2016-11-21 14:36:45ID: BB  Data: 00 00 00 AA 00 00 00 00 
"
"2016-11-21 14:36:45ID: BC  Data: 00 00 00 AA 00 00 00 00 
"
"2016-11-21 14:36:45ID: BB  Data: 00 00 00 AA 00 00 00 00 
"
"2016-11-21 14:36:45ID: BC  Data: 00 00 00 AA 00 00 00 00 
"
"2016-11-21 14:36:45ID: BB  Data: 00 00 00 AA 00 00 00 00 
"
"2016-11-21 14:36:45ID: BC  Data: 00 00 00 AA 00 00 00 00 
"
"2016-11-21 14:36:46ID: BB  Data: 00 00 00 AA 00 00 00 00 
"
"2016-11-21 14:36:46ID: BC  Data: 00 00 00 AA 00 00 00 00 
"
"2016-11-21 14:36:46ID: BB  Data: 00 00 00 AA 00 00 00 00 
"
"2016-11-21 14:36:46ID: BC  Data: 00 00 00 AA 00 00 00 00 
"
"2016-11-21 14:36:46ID: BB  Data: 00 00 00 AA 00 00 00 00 
"
"2016-11-21 14:36:46ID: BC  Data: 00 00 00 AA 00 00 00 00 
"
"2016-11-21 14:36:46ID: BB  Data: 00 00 00 AA 00 00 00 00 
"
"2016-11-21 14:36:46ID: BC  Data: 00 00 00 AA 00 00 00 00 
"
"2016-11-21 14:36:46ID: BB  Data: 00 00 00 AA 00 00 00 00 
"
"2016-11-21 14:36:46ID: BC  Data: 00 00 00 AA 00 00 00 00 
"
"2016-11-21 14:36:46ID: BB  Data: 00 00 00 AA 00 00 00 00 
"
"2016-11-21 14:36:46ID: BC  Data: 00 00 00 AA 00 00 00 00 
"
"2016-11-21 14:36:46ID: BB  Data: 00 00 00 AA 00 00 00 00 
"
"2016-11-21 14:36:46ID: BC  Data: 00 00 00 AA 00 00 00 00 
"
"2016-11-21 14:36:46ID: BB  Data: 00 00 00 AA 00 00 00 00 
"
"2016-11-21 14:36:46ID: BC  Data: 00 00 00 AA 00 00 00 00 
"
"2016-11-21 14:36:46ID: BB  Data: 00 00 00 AA 00 00 00 00 
"
"2016-11-21 14:36:46ID: BC  Data: 00 00 00 AA 00 00 00 00 
"
"2016-11-21 14:36:46ID: BB  Data: 00 00 00 AA 00 00 00 00 
"
"2016-11-21 14:36:46ID: BC  Data: 00 00 00 AA 00 00 00 00 
"
"2016-11-21 14:36:46ID: BB  Data: 00 00 00 AA 00 00 00 00 
"
"2016-11-21 14:36:46ID: BC  Data: 00 00 00 AA 00 00 00 00 
"
"2016-11-21 14:36:47ID: BB  Data: 00 00 00 AA 00 00 00 00 
"
"2016-11-21 14:36:47ID: BC  Data: 00 00 00 AA 00 00 00 00 
"
"2016-11-21 14:36:47ID: BB  Data: 00 00 00 AA 00 00 00 00 
"
"2016-11-21 14:36:47ID: BC  Data: 00 00 00 AA 00 00 00 00 
"
"2016-11-21 14:36:47ID: BB  Data: 00 00 00 AA 00 00 00 00 
"
"2016-11-21 14:36:47ID: BC  Data: 00 00 00 AA 00 00 00 00 
"
"2016-11-21 14:36:47ID: BB  Data: 00 00 00 AA 00 00 00 00 
"
"2016-11-21 14:36:47ID: BC  Data: 00 00 00 AA 00 00 00 00 
"
"2016-11-21 14:36:47ID: BB  Data: 00 00 00 AA 00 00 00 00 
"
"2016-11-21 14:36:47ID: BC  Data: 00 00 00 AA 00 00 00 00 
"
"2016-11-21 14:36:47ID: BB  Data: 00 00 00 AA 00 00 00 00 
"
"2016-11-21 14:36:47ID: BC  Data: 00 00 00 AA 00 00 00 00 
"
"2016-11-21 14:36:47ID: BB  Data: 00 00 00 AA 00 00 00 00 
"
"2016-11-21 14:36:47ID: BC  Data: 00 00 00 AA 00 00 00 00 
"
"2016-11-21 14:36:47ID: BB  Data: 00 00 00 AA 00 00 00 00 
"
"2016-11-21 14:36:47ID: BC  Data: 00 00 00 AA 00 00 00 00 
"
"2016-11-21 14:36:47ID: BB  Data: 00 00 00 AA 00 00 00 00 
"
"2016-11-21 14:36:47ID: BC  Data: 00 00 00 AA 00 00 00 00 
"
"2016-11-21 14:36:47ID: BB  Data: 00 00 00 AA 00 00 00 00 
"
"2016-11-21 14:36:47ID: BC  Data: 00 00 00 AA 00 00 00 00 
"
"2016-11-21 14:36:47ID: BB  Data: 00 00 00 AA 00 00 00 00 
"
"2016-11-21 14:36:47ID: BC  Data: 00 00 00 AA 00 00 00 00 
"
"2016-11-21 14:36:47ID: BB  Data: 00 00 00 AA 00 00 00 00 
"
"2016-11-21 14:36:47ID: BC  Data: 00 00 00 AA 00 00 00 00 
"
"2016-11-21 14:36:48ID: BB  Data: 00 00 00 AA 00 00 00 00 
"
"2016-11-21 14:36:48ID: BC  Data: 00 00 00 AA 00 00 00 00 
"
"2016-11-21 14:36:48ID: BB  Data: 00 00 00 AA 00 00 00 00 
"
"2016-11-21 14:36:48ID: BC  Data: 00 00 00 AA 00 00 00 00 
"
"2016-11-21 14:36:48ID: BB  Data: 00 00 00 AA 00 00 00 00 
"
"2016-11-21 14:36:48ID: BC  Data: 00 00 00 AA 00 00 00 00 
"
"2016-11-21 14:36:48ID: BB  Data: 00 00 00 AA 00 00 00 00 
"
"2016-11-21 14:36:48ID: BC  Data: 00 00 00 AA 00 00 00 00 
"
"2016-11-21 14:36:48ID: BB  Data: 00 00 00 AA 00 00 00 00 
"
"2016-11-21 14:36:48ID: BC  Data: 00 00 00 AA 00 00 00 00 
"
"2016-11-21 14:36:48ID: BB  Data: 00 00 00 AA 00 00 00 00 
"
"2016-11-21 14:36:48ID: BC  Data: 00 00 00 AA 00 00 00 00 
"
"2016-11-21 14:36:48ID: BB  Data: 00 00 00 AA 00 00 00 00 
"
"2016-11-21 14:36:48ID: BC  Data: 00 00 00 AA 00 00 00 00 
"
"2016-11-21 14:36:48ID: BB  Data: 00 00 00 AA 00 00 00 00 
"
"2016-11-21 14:36:48ID: BC  Data: 00 00 00 AA 00 00 00 00 
"
"2016-11-21 14:36:48ID: BB  Data: 00 00 00 AA 00 00 00 00 
"
"2016-11-21 14:36:48ID: BC  Data: 00 00 00 AA 00 00 00 00 
"
"2016-11-21 14:36:48ID: BB  Data: 00 00 00 AA 00 00 00 00 
"
"2016-11-21 14:36:48ID: BC  Data: 00 00 00 AA 00 00 00 00 
"
"2016-11-21 14:36:48ID: BB  Data: 00 00 00 AA 00 00 00 00 
"
"2016-11-21 14:36:48ID: BC  Data: 00 00 00 AA 00 00 00 00 
"
"2016-11-21 14:36:49ID: BB  Data: 00 00 00 AA 00 00 00 00 
"
"2016-11-21 14:36:49ID: BC  Data: 00 00 00 AA 00 00 00 00 
"
"2016-11-21 14:36:49ID: BB  Data: 00 00 00 AA 00 00 00 00 
"
"2016-11-21 14:36:49ID: BC  Data: 00 00 00 AA 00 00 00 00 
"
"2016-11-21 14:36:49ID: BB  Data: 00 00 00 AA 00 00 00 00 
"
"2016-11-21 14:36:49ID: BC  Data: 00 00 00 AA 00 00 00 00 
"
"2016-11-21 14:36:49ID: BB  Data: 00 00 00 AA 00 00 00 00 
"
"2016-11-21 14:36:49ID: BC  Data: 00 00 00 AA 00 00 00 00 
"
"2016-11-21 14:36:49ID: BB  Data: 00 00 00 AA 00 00 00 00 
"
"2016-11-21 14:36:49ID: BC  Data: 00 00 00 AA 00 00 00 00 
"
"2016-11-21 14:36:49ID: BB  Data: 00 00 00 AA 00 00 00 00 
"
"2016-11-21 14:36:49ID: BC  Data: 00 00 00 AA 00 00 00 00 
"
"2016-11-21 14:36:49ID: BB  Data: 00 00 00 AA 00 00 00 00 
"
"2016-11-21 14:36:49ID: BC  Data: 00 00 00 AA 00 00 00 00 
"
"2016-11-21 14:36:49ID: BB  Data: 00 00 00 AA 00 00 00 00 
"
"2016-11-21 14:36:49ID: BC  Data: 00 00 00 AA 00 00 00 00 
"
"2016-11-21 14:36:49ID: BB  Data: 00 00 00 AA 00 00 00 00 
"
"2016-11-21 14:36:49ID: BC  Data: 00 00 00 AA 00 00 00 00 
"
"2016-11-21 14:36:49ID: BB  Data: 00 00 00 AA 00 00 00 00 
"
"2016-11-21 14:36:49ID: BC  Data: 00 00 00 AA 00 00 00 00 
"
"2016-11-21 14:36:49ID: BB  Data: 00 00 00 AA 00 00 00 00 
"
"2016-11-21 14:36:49ID: BC  Data: 00 00 00 AA 00 00 00 00 
"
"2016-11-21 14:36:49ID: BB  Data: 00 00 00 AA 00 00 00 00 
"
"2016-11-21 14:36:50ID: BC  Data: 00 00 00 AA 00 00 00 00 
"
"2016-11-21 14:36:50ID: BB  Data: 00 00 00 AA 00 00 00 00 
"
"2016-11-21 14:36:50ID: BC  Data: 00 00 00 AA 00 00 00 00 
"
"2016-11-21 14:36:50ID: BB  Data: 00 00 00 AA 00 00 00 00 
"
"2016-11-21 14:36:50ID: BC  Data: 00 00 00 AA 00 00 00 00 
"
"2016-11-21 14:36:50ID: BB  Data: 00 00 00 AA 00 00 00 00 
"
"2016-11-21 14:36:50ID: BC  Data: 00 00 00 AA 00 00 00 00 
"
"2016-11-21 14:36:50ID: BB  Data: 00 00 00 AA 00 00 00 00 
"
"2016-11-21 14:36:50ID: BC  Data: 00 00 00 AA 00 00 00 00 
"
"2016-11-21 14:36:50ID: BB  Data: 00 00 00 AA 00 00 00 00 
"
"2016-11-21 14:36:50ID: BC  Data: 00 00 00 AA 00 00 00 00 
"
"2016-11-21 14:36:50ID: BB  Data: 00 00 00 AA 00 00 00 00 
"
"2016-11-21 14:36:50ID: BC  Data: 00 00 00 AA 00 00 00 00 
"
"2016-11-21 14:36:50ID: BB  Data: 00 00 00 AA 00 00 00 00 
"
"2016-11-21 14:36:50ID: BC  Data: 00 00 00 AA 00 00 00 00 
"
"2016-11-21 14:36:50ID: BB  Data: 00 00 00 AA 00 00 00 00 
"
"2016-11-21 14:36:50ID: BC  Data: 00 00 00 AA 00 00 00 00 
"
"2016-11-21 14:36:50ID: BB  Data: 00 00 00 AA 00 00 00 00 
"
"2016-11-21 14:36:50ID: BC  Data: 00 00 00 AA 00 00 00 00 
"
"2016-11-21 14:36:50ID: BB  Data: 00 00 00 AA 00 00 00 00 
"
"2016-11-21 14:36:50ID: BC  Data: 00 00 00 AA 00 00 00 00 
"
"2016-11-21 14:36:50ID: BB  Data: 00 00 00 AA 00 00 00 00 
"
"2016-11-21 14:36:50ID: BC  Data: 00 00 00 AA 00 00 00 00 
"
"2016-11-21 14:36:51ID: BB  Data: 00 00 00 AA 00 00 00 00 
"
"2016-11-21 14:36:51ID: BC  Data: 00 00 00 AA 00 00 00 00 
"
"2016-11-21 14:36:51ID: BB  Data: 00 00 00 AA 00 00 00 00 
"
"2016-11-21 14:36:51ID: BC  Data: 00 00 00 AA 00 00 00 00 
"
"2016-11-21 14:36:51ID: BB  Data: 00 00 00 AA 00 00 00 00 
"
"2016-11-21 14:36:51ID: BC  Data: 00 00 00 AA 00 00 00 00 
"
"2016-11-21 14:36:51ID: BB  Data: 00 00 00 AA 00 00 00 00 
"
"2016-11-21 14:36:51ID: BC  Data: 00 00 00 AA 00 00 00 00 
"
"2016-11-21 14:36:51ID: BB  Data: 00 00 00 AA 00 00 00 00 
"
"2016-11-21 14:36:51ID: BC  Data: 00 00 00 AA 00 00 00 00 
"
"2016-11-21 14:36:51ID: BB  Data: 00 00 00 AA 00 00 00 00 
"
"2016-11-21 14:36:51ID: BC  Data: 00 00 00 AA 00 00 00 00 
"
"2016-11-21 14:36:51ID: BB  Data: 00 00 00 AA 00 00 00 00 
"
"2016-11-21 14:36:51ID: BC  Data: 00 00 00 AA 00 00 00 00 
"
"2016-11-21 14:36:51ID: BB  Data: 00 00 00 AA 00 00 00 00 
"
"2016-11-21 14:36:51ID: BC  Data: 00 00 00 AA 00 00 00 00 
"
"2016-11-21 14:36:51ID: BB  Data: 00 00 00 AA 00 00 00 00 
"
"2016-11-21 14:36:51ID: BC  Data: 00 00 00 AA 00 00 00 00 
"
"2016-11-21 14:36:51ID: BB  Data: 00 00 00 AA 00 00 00 00 
"
"2016-11-21 14:36:51ID: BC  Data: 00 00 00 AA 00 00 00 00 
"
"2016-11-21 14:36:51ID: BB  Data: 00 00 00 AA 00 00 00 00 
"
"2016-11-21 14:36:51ID: BC  Data: 00 00 00 AA 00 00 00 00 
"
"2016-11-21 14:36:52ID: BB  Data: 00 00 00 AA 00 00 00 00 
"
"2016-11-21 14:36:52ID: BC  Data: 00 00 00 AA 00 00 00 00 
"
"2016-11-21 14:36:52ID: BB  Data: 00 00 00 AA 00 00 00 00 
"
"2016-11-21 14:36:52ID: BC  Data: 00 00 00 AA 00 00 00 00 
"
"2016-11-21 14:36:52ID: BB  Data: 00 00 00 AA 00 00 00 00 
"
"2016-11-21 14:36:52ID: BC  Data: 00 00 00 AA 00 00 00 00 
"
"2016-11-21 14:36:52ID: BB  Data: 00 00 00 AA 00 00 00 00 
"
"2016-11-21 14:36:52ID: BC  Data: 00 00 00 AA 00 00 00 00 
"
"2016-11-21 14:36:52ID: BB  Data: 00 00 00 AA 00 00 00 00 
"
"2016-11-21 14:36:52ID: BC  Data: 00 00 00 AA 00 00 00 00 
"
"2016-11-21 14:36:52ID: BB  Data: 00 00 00 AA 00 00 00 00 
"
"2016-11-21 14:36:52ID: BC  Data: 00 00 00 AA 00 00 00 00 
"
"2016-11-21 14:36:52ID: BB  Data: 00 00 00 AA 00 00 00 00 
"
"2016-11-21 14:36:52ID: BC  Data: 00 00 00 AA 00 00 00 00 
"
"2016-11-21 14:36:52ID: BB  Data: 00 00 00 AA 00 00 00 00 
"
"2016-11-21 14:36:52ID: BC  Data: 00 00 00 AA 00 00 00 00 
"
"2016-11-21 14:36:52ID: BB  Data: 00 00 00 AA 00 00 00 00 
"
"2016-11-21 14:36:52ID: BC  Data: 00 00 00 AA 00 00 00 00 
"
"2016-11-21 14:36:52ID: BB  Data: 00 00 00 AA 00 00 00 00 
"
"2016-11-21 14:36:52ID: BC  Data: 00 00 00 AA 00 00 00 00 
"
"2016-11-21 14:36:52ID: BB  Data: 00 00 00 AA 00 00 00 00 
"
"2016-11-21 14:36:52ID: BC  Data: 00 00 00 AA 00 00 00 00 
"
"2016-11-21 14:36:52ID: BB  Data: 00 00 00 AA 00 00 00 00 
"
"2016-11-21 14:36:52ID: BC  Data: 00 00 00 AA 00 00 00 00 
"
"2016-11-21 14:36:53ID: BB  Data: 00 00 00 AA 00 00 00 00 
"
"2016-11-21 14:36:53ID: BC  Data: 00 00 00 AA 00 00 00 00 
"
"2016-11-21 14:36:53ID: BB  Data: 00 00 00 AA 00 00 00 00 
"
"2016-11-21 14:36:53ID: BC  Data: 00 00 00 AA 00 00 00 00 
"
"2016-11-21 14:36:53ID: BB  Data: 00 00 00 AA 00 00 00 00 
"
"2016-11-21 14:36:53ID: BC  Data: 00 00 00 AA 00 00 00 00 
"
"2016-11-21 14:36:53ID: BB  Data: 00 00 00 AA 00 00 00 00 
"
"2016-11-21 14:36:53ID: BC  Data: 00 00 00 AA 00 00 00 00 
"
"2016-11-21 14:36:53ID: BB  Data: 00 00 00 AA 00 00 00 00 
"
"2016-11-21 14:36:53ID: BC  Data: 00 00 00 AA 00 00 00 00 
"
"2016-11-21 14:36:53ID: BB  Data: 00 00 00 AA 00 00 00 00 
"
"2016-11-21 14:36:53ID: BC  Data: 00 00 00 AA 00 00 00 00 
"
"2016-11-21 14:36:53ID: BB  Data: 00 00 00 AA 00 00 00 00 
"
"2016-11-21 14:36:53ID: BC  Data: 00 00 00 AA 00 00 00 00 
"
"2016-11-21 14:36:53ID: BB  Data: 00 00 00 AA 00 00 00 00 
"
"2016-11-21 14:36:53ID: BC  Data: 00 00 00 AA 00 00 00 00 
"
"2016-11-21 14:36:53ID: BB  Data: 00 00 00 AA 00 00 00 00 
"
"2016-11-21 14:36:53ID: BC  Data: 00 00 00 AA 00 00 00 00 
"
"2016-11-21 14:36:53ID: BB  Data: 00 00 00 AA 00 00 00 00 
"
"2016-11-21 14:36:53ID: BC  Data: 00 00 00 AA 00 00 00 00 
"
"2016-11-21 14:36:53ID: BB  Data: 00 00 00 AA 00 00 00 00 
"
"2016-11-21 14:36:53ID: BC  Data: 00 00 00 AA 00 00 00 00 
"
"2016-11-21 14:36:54ID: BB  Data: 00 00 00 AA 00 00 00 00 
"
"2016-11-21 14:36:54ID: BC  Data: 00 00 00 AA 00 00 00 00 
"
"2016-11-21 14:36:54ID: BB  Data: 00 00 00 AA 00 00 00 00 
"
"2016-11-21 14:36:54ID: BC  Data: 00 00 00 AA 00 00 00 00 
"
"2016-11-21 14:36:54ID: BB  Data: 00 00 00 AA 00 00 00 00 
"
"2016-11-21 14:36:54ID: BC  Data: 00 00 00 AA 00 00 00 00 
"
"2016-11-21 14:36:54ID: BB  Data: 00 00 00 AA 00 00 00 00 
"
"2016-11-21 14:36:54ID: BC  Data: 00 00 00 AA 00 00 00 00 
"
"2016-11-21 14:36:54ID: BB  Data: 00 00 00 AA 00 00 00 00 
"
"2016-11-21 14:36:54ID: BC  Data: 00 00 00 AA 00 00 00 00 
"
"2016-11-21 14:36:54ID: BB  Data: 00 00 00 AA 00 00 00 00 
"
"2016-11-21 14:36:54ID: BC  Data: 00 00 00 AA 00 00 00 00 
"
"2016-11-21 14:36:54ID: BB  Data: 00 00 00 AA 00 00 00 00 
"
"2016-11-21 14:36:54ID: BC  Data: 00 00 00 AA 00 00 00 00 
"
"2016-11-21 14:36:54ID: BB  Data: 00 00 00 AA 00 00 00 00 
"
"2016-11-21 14:36:54ID: BC  Data: 00 00 00 AA 00 00 00 00 
"
"2016-11-21 14:36:54ID: BB  Data: 00 00 00 AA 00 00 00 00 
"
"2016-11-21 14:36:54ID: BC  Data: 00 00 00 AA 00 00 00 00 
"
"2016-11-21 14:36:54ID: BB  Data: 00 00 00 AA 00 00 00 00 
"
"2016-11-21 14:36:54ID: BC  Data: 00 00 00 AA 00 00 00 00 
"
"2016-11-21 14:36:54ID: BB  Data: 00 00 00 AA 00 00 00 00 
"
"2016-11-21 14:36:54ID: BC  Data: 00 00 00 AA 00 00 00 00 
"
"2016-11-21 14:36:55ID: BB  Data: 00 00 00 AA 00 00 00 00 
"
"2016-11-21 14:36:55ID: BC  Data: 00 00 00 AA 00 00 00 00 
"
"2016-11-21 14:36:55ID: BB  Data: 00 00 00 AA 00 00 00 00 
"
"2016-11-21 14:36:55ID: BC  Data: 00 00 00 AA 00 00 00 00 
"
"2016-11-21 14:36:55ID: BB  Data: 00 00 00 AA 00 00 00 00 
"
"2016-11-21 14:36:55ID: BC  Data: 00 00 00 AA 00 00 00 00 
"
"2016-11-21 14:36:55ID: BB  Data: 00 00 00 AA 00 00 00 00 
"
"2016-11-21 14:36:55ID: BC  Data: 00 00 00 AA 00 00 00 00 
"
"2016-11-21 14:36:55ID: AA  Data: BB BB 00 00 00 00 00 00 
"
"2016-11-21 14:36:55ID: A1  Data: 00 00 AA AA 00 00 00 00 
"
"2016-11-21 14:36:55ID: A2  Data: 00 00 00 00 00 00 00 AB 
"
"2016-11-21 14:36:55ID: BB  Data: 00 00 00 BB 00 00 00 00 
"
"2016-11-21 14:36:55ID: BC  Data: 00 00 00 BB 00 00 00 00 
"
"2016-11-21 14:36:55ID: BB  Data: 00 00 00 BB 00 00 00 00 
"
"2016-11-21 14:36:55ID: BC  Data: 00 00 00 BB 00 00 00 00 
"
"2016-11-21 14:36:55ID: BB  Data: 00 00 00 BB 00 00 00 00 
"
"2016-11-21 14:36:55ID: BC  Data: 00 00 00 BB 00 00 00 00 
"
"2016-11-21 14:36:55ID: BB  Data: 00 00 00 BB 00 00 00 00 
"
"2016-11-21 14:36:55ID: BC  Data: 00 00 00 BB 00 00 00 00 
"
"2016-11-21 14:36:55ID: BB  Data: 00 00 00 BB 00 00 00 00 
"
"2016-11-21 14:36:55ID: BC  Data: 00 00 00 BB 00 00 00 00 
"
"2016-11-21 14:36:55ID: BB  Data: 00 00 00 BB 00 00 00 00 
"
"2016-11-21 14:36:55ID: BC  Data: 00 00 00 BB 00 00 00 00 
"
"2016-11-21 14:36:55ID: BB  Data: 00 00 00 BB 00 00 00 00 
"
"2016-11-21 14:36:55ID: BC  Data: 00 00 00 BB 00 00 00 00 
"
"2016-11-21 14:36:55ID: BB  Data: 00 00 00 BB 00 00 00 00 
"
"2016-11-21 14:36:55ID: BC  Data: 00 00 00 BB 00 00 00 00 
"
"2016-11-21 14:36:56ID: BB  Data: 00 00 00 BB 00 00 00 00 
"
"2016-11-21 14:36:56ID: BC  Data: 00 00 00 BB 00 00 00 00 
"
"2016-11-21 14:36:56ID: BB  Data: 00 00 00 BB 00 00 00 00 
"
"2016-11-21 14:36:56ID: BC  Data: 00 00 00 BB 00 00 00 00 
"
"2016-11-21 14:36:56ID: BB  Data: 00 00 00 BB 00 00 00 00 
"
"2016-11-21 14:36:56ID: BC  Data: 00 00 00 BB 00 00 00 00 
"
"2016-11-21 14:36:56ID: BB  Data: 00 00 00 BB 00 00 00 00 
"
"2016-11-21 14:36:56ID: BC  Data: 00 00 00 BB 00 00 00 00 
"
2016-11-21 14:36:58
2016-11-21 14:37:00
2016-11-21 14:37:02
2016-11-21 14:37:04
2016-11-21 14:37:06
2016-11-21 14:37:08
2016-11-21 14:37:10
2016-11-21 14:37:12
2016-11-21 14:37:14
2016-11-21 14:37:16
2016-11-21 14:37:18
2016-11-21 14:37:20
2016-11-21 14:37:22
2016-11-21 14:37:24
2016-11-21 14:37:26
2016-11-21 14:37:28
2016-11-21 14:37:30
2016-11-21 14:37:32
2016-11-21 14:37:34
2016-11-21 14:37:36
2016-11-21 14:37:38
2016-11-21 14:37:40
2016-11-21 14:37:42
2016-11-21 14:37:44
2016-11-21 14:37:46
2016-11-21 14:37:48
2016-11-21 14:37:50
2016-11-21 14:37:52
2016-11-21 14:37:54
2016-11-21 14:37:56
2016-11-21 14:37:58
2016-11-21 14:38:00
2016-11-21 14:38:02
2016-11-21 14:38:04
2016-11-21 14:38:06
2016-11-21 14:38:08
2016-11-21 14:38:10
2016-11-21 14:38:12
2016-11-21 14:38:14
2016-11-21 14:38:16
2016-11-21 14:38:18
2016-11-21 14:38:20
2016-11-21 14:38:22
"2016-11-21 14:38:23ID: A1  Data: 00 00 AA AA 00 00 00 00 
"
"2016-11-21 14:38:23ID: BB  Data: 00 00 00 BB 00 00 00 00 
"
"2016-11-21 14:38:23ID: BC  Data: 00 00 00 BB 00 00 00 00 
"
"2016-11-21 14:38:23ID: BB  Data: 00 00 00 BB 00 00 00 00 
"
"2016-11-21 14:38:23ID: BC  Data: 00 00 00 BB 00 00 00 00 
"
"2016-11-21 14:38:23ID: BB  Data: 00 00 00 BB 00 00 00 00 
"
"2016-11-21 14:38:23ID: BC  Data: 00 00 00 BB 00 00 00 00 
"
"2016-11-21 14:38:24ID: BB  Data: 00 00 00 BB 00 00 00 00 
"
"2016-11-21 14:38:24ID: BC  Data: 00 00 00 BB 00 00 00 00 
"
"2016-11-21 14:38:24ID: BB  Data: 00 00 00 BB 00 00 00 00 
"
"2016-11-21 14:38:24ID: BC  Data: 00 00 00 BB 00 00 00 00 
"
"2016-11-21 14:38:24ID: BB  Data: 00 00 00 BB 00 00 00 00 
"
"2016-11-21 14:38:24ID: BC  Data: 00 00 00 BB 00 00 00 00 
"
"2016-11-21 14:38:24ID: BB  Data: 00 00 00 BB 00 00 00 00 
"
"2016-11-21 14:38:24ID: BC  Data: 00 00 00 BB 00 00 00 00 
"
"2016-11-21 14:38:24ID: BB  Data: 00 00 00 BB 00 00 00 00 
"
"2016-11-21 14:38:24ID: BC  Data: 00 00 00 BB 00 00 00 00 
"
"2016-11-21 14:38:24ID: BB  Data: 00 00 00 BB 00 00 00 00 
"
"2016-11-21 14:38:24ID: BC  Data: 00 00 00 BB 00 00 00 00 
"
"2016-11-21 14:38:24ID: BB  Data: 00 00 00 BB 00 00 00 00 
"
"2016-11-21 14:38:24ID: BC  Data: 00 00 00 BB 00 00 00 00 
"
"2016-11-21 14:38:24ID: BB  Data: 00 00 00 BB 00 00 00 00 
"
"2016-11-21 14:38:24ID: BC  Data: 00 00 00 BB 00 00 00 00 
"
"2016-11-21 14:38:24ID: BB  Data: 00 00 00 BB 00 00 00 00 
"
"2016-11-21 14:38:24ID: BC  Data: 00 00 00 BB 00 00 00 00 
"
"2016-11-21 14:38:24ID: BB  Data: 00 00 00 BB 00 00 00 00 
"
"2016-11-21 14:38:24ID: BC  Data: 00 00 00 BB 00 00 00 00 
"
"2016-11-21 14:38:24ID: BB  Data: 00 00 00 BB 00 00 00 00 
"
"2016-11-21 14:38:24ID: BC  Data: 00 00 00 BB 00 00 00 00 
"
"2016-11-21 14:38:24ID: AA  Data: BB 00 00 00 00 00 00 00 
"
"2016-11-21 14:38:24ID: A1  Data: 00 00 AA AA 00 00 00 00 
"
"2016-11-21 14:38:24ID: A2  Data: 00 00 00 00 00 00 00 AB 
"
"2016-11-21 14:38:25ID: BB  Data: 00 00 00 BB 00 00 00 00 
"
"2016-11-21 14:38:25ID: BC  Data: 00 00 00 BB 00 00 00 00 
"
"2016-11-21 14:38:25ID: BB  Data: 00 00 00 BB 00 00 00 00 
"
"2016-11-21 14:38:25ID: BC  Data: 00 00 00 BB 00 00 00 00 
"
"2016-11-21 14:38:25ID: BB  Data: 00 00 00 BB 00 00 00 00 
"
"2016-11-21 14:38:25ID: BC  Data: 00 00 00 BB 00 00 00 00 
"
"2016-11-21 14:38:25ID: BB  Data: 00 00 00 BB 00 00 00 00 
"
"2016-11-21 14:38:25ID: BC  Data: 00 00 00 BB 00 00 00 00 
"
"2016-11-21 14:38:25ID: BB  Data: 00 00 00 BB 00 00 00 00 
"
"2016-11-21 14:38:25ID: BC  Data: 00 00 00 BB 00 00 00 00 
"
"2016-11-21 14:38:25ID: BB  Data: 00 00 00 BB 00 00 00 00 
"
"2016-11-21 14:38:25ID: BC  Data: 00 00 00 BB 00 00 00 00 
"
"2016-11-21 14:38:25ID: BB  Data: 00 00 00 BB 00 00 00 00 
"
"2016-11-21 14:38:25ID: BC  Data: 00 00 00 BB 00 00 00 00 
"
"2016-11-21 14:38:25ID: BB  Data: 00 00 00 BB 00 00 00 00 
"
"2016-11-21 14:38:25ID: BC  Data: 00 00 00 BB 00 00 00 00 
"
"2016-11-21 14:38:25ID: BB  Data: 00 00 00 BB 00 00 00 00 
"
"2016-11-21 14:38:25ID: BC  Data: 00 00 00 BB 00 00 00 00 
"
"2016-11-21 14:38:25ID: BB  Data: 00 00 00 BB 00 00 00 00 
"
"2016-11-21 14:38:25ID: BC  Data: 00 00 00 BB 00 00 00 00 
"
"2016-11-21 14:38:25ID: BB  Data: 00 00 00 BB 00 00 00 00 
"
"2016-11-21 14:38:25ID: BC  Data: 00 00 00 BB 00 00 00 00 
"
"2016-11-21 14:38:25ID: BB  Data: 00 00 00 BB 00 00 00 00 
"
"2016-11-21 14:38:26ID: BC  Data: 00 00 00 BB 00 00 00 00 
"
"2016-11-21 14:38:26ID: BB  Data: 00 00 00 BB 00 00 00 00 
"
"2016-11-21 14:38:26ID: BC  Data: 00 00 00 BB 00 00 00 00 
"
"2016-11-21 14:38:26ID: BB  Data: 00 00 00 BB 00 00 00 00 
"
"2016-11-21 14:38:26ID: BC  Data: 00 00 00 BB 00 00 00 00 
"
"2016-11-21 14:38:26ID: BB  Data: 00 00 00 BB 00 00 00 00 
"
"2016-11-21 14:38:26ID: BC  Data: 00 00 00 BB 00 00 00 00 
"
"2016-11-21 14:38:26ID: BB  Data: 00 00 00 BB 00 00 00 00 
"
"2016-11-21 14:38:26ID: BC  Data: 00 00 00 BB 00 00 00 00 
"
"2016-11-21 14:38:26ID: BB  Data: 00 00 00 BB 00 00 00 00 
"
"2016-11-21 14:38:26ID: BC  Data: 00 00 00 BB 00 00 00 00 
"
"2016-11-21 14:38:26ID: BB  Data: 00 00 00 BB 00 00 00 00 
"
"2016-11-21 14:38:26ID: BC  Data: 00 00 00 BB 00 00 00 00 
"
"2016-11-21 14:38:26ID: BB  Data: 00 00 00 BB 00 00 00 00 
"
"2016-11-21 14:38:26ID: BC  Data: 00 00 00 BB 00 00 00 00 
"
"2016-11-21 14:38:26ID: BB  Data: 00 00 00 BB 00 00 00 00 
"
"2016-11-21 14:38:26ID: BC  Data: 00 00 00 BB 00 00 00 00 
"
"2016-11-21 14:38:26ID: BB  Data: 00 00 00 BB 00 00 00 00 
"
"2016-11-21 14:38:26ID: BC  Data: 00 00 00 BB 00 00 00 00 
"
"2016-11-21 14:38:26ID: BB  Data: 00 00 00 BB 00 00 00 00 
"
"2016-11-21 14:38:26ID: BC  Data: 00 00 00 BB 00 00 00 00 
"
"2016-11-21 14:38:26ID: BB  Data: 00 00 00 BB 00 00 00 00 
"
"2016-11-21 14:38:26ID: BC  Data: 00 00 00 BB 00 00 00 00 
"
"2016-11-21 14:38:27ID: BB  Data: 00 00 00 BB 00 00 00 00 
"
"2016-11-21 14:38:27ID: BC  Data: 00 00 00 BB 00 00 00 00 
"
"2016-11-21 14:38:27ID: BB  Data: 00 00 00 BB 00 00 00 00 
"
"2016-11-21 14:38:27ID: BC  Data: 00 00 00 BB 00 00 00 00 
"
"2016-11-21 14:38:27ID: BB  Data: 00 00 00 BB 00 00 00 00 
"
"2016-11-21 14:38:27ID: BC  Data: 00 00 00 BB 00 00 00 00 
"
"2016-11-21 14:38:27ID: BB  Data: 00 00 00 BB 00 00 00 00 
"
"2016-11-21 14:38:27ID: BC  Data: 00 00 00 BB 00 00 00 00 
"
"2016-11-21 14:38:27ID: BB  Data: 00 00 00 BB 00 00 00 00 
"
"2016-11-21 14:38:27ID: BC  Data: 00 00 00 BB 00 00 00 00 
"
"2016-11-21 14:38:27ID: BB  Data: 00 00 00 BB 00 00 00 00 
"
"2016-11-21 14:38:27ID: BC  Data: 00 00 00 BB 00 00 00 00 
"
"2016-11-21 14:38:27ID: AA  Data: AA AA 00 00 00 00 00 00 
"
"2016-11-21 14:38:27ID: BB  Data: 00 00 00 AA 00 00 00 00 
"
"2016-11-21 14:38:27ID: BC  Data: 00 00 00 AA 00 00 00 00 
"
"2016-11-21 14:38:27ID: BB  Data: 00 00 00 AA 00 00 00 00 
"
"2016-11-21 14:38:27ID: BC  Data: 00 00 00 AA 00 00 00 00 
"
"2016-11-21 14:38:27ID: BB  Data: 00 00 00 AA 00 00 00 00 
"
"2016-11-21 14:38:27ID: BC  Data: 00 00 00 AA 00 00 00 00 
"
"2016-11-21 14:38:27ID: BB  Data: 00 00 00 AA 00 00 00 00 
"
"2016-11-21 14:38:27ID: BC  Data: 00 00 00 AA 00 00 00 00 
"
"2016-11-21 14:38:27ID: BB  Data: 00 00 00 AA 00 00 00 00 
"
"2016-11-21 14:38:27ID: BC  Data: 00 00 00 AA 00 00 00 00 
"
"2016-11-21 14:38:28ID: BB  Data: 00 00 00 AA 00 00 00 00 
"
"2016-11-21 14:38:28ID: BC  Data: 00 00 00 AA 00 00 00 00 
"
"2016-11-21 14:38:28ID: BB  Data: 00 00 00 AA 00 00 00 00 
"
"2016-11-21 14:38:28ID: BC  Data: 00 00 00 AA 00 00 00 00 
"
"2016-11-21 14:38:28ID: BB  Data: 00 00 00 AA 00 00 00 00 
"
"2016-11-21 14:38:28ID: BC  Data: 00 00 00 AA 00 00 00 00 
"
"2016-11-21 14:38:28ID: BB  Data: 00 00 00 AA 00 00 00 00 
"
"2016-11-21 14:38:28ID: BC  Data: 00 00 00 AA 00 00 00 00 
"
"2016-11-21 14:38:28ID: BB  Data: 00 00 00 AA 00 00 00 00 
"
"2016-11-21 14:38:28ID: BC  Data: 00 00 00 AA 00 00 00 00 
"
"2016-11-21 14:38:28ID: BB  Data: 00 00 00 AA 00 00 00 00 
"
"2016-11-21 14:38:28ID: BC  Data: 00 00 00 AA 00 00 00 00 
"
"2016-11-21 14:38:28ID: BB  Data: 00 00 00 AA 00 00 00 00 
"
"2016-11-21 14:38:28ID: BC  Data: 00 00 00 AA 00 00 00 00 
"
"2016-11-21 14:38:28ID: BB  Data: 00 00 00 AA 00 00 00 00 
"
"2016-11-21 14:38:28ID: BC  Data: 00 00 00 AA 00 00 00 00 
"
"2016-11-21 14:38:28ID: BB  Data: 00 00 00 AA 00 00 00 00 
"
"2016-11-21 14:38:28ID: BC  Data: 00 00 00 AA 00 00 00 00 
"
"2016-11-21 14:38:28ID: BB  Data: 00 00 00 AA 00 00 00 00 
"
"2016-11-21 14:38:28ID: BC  Data: 00 00 00 AA 00 00 00 00 
"
"2016-11-21 14:38:28ID: AA  Data: AA CC 00 00 00 00 00 00 
"
"2016-11-21 14:38:28ID: BB  Data: 00 00 00 AA 00 00 00 00 
"
"2016-11-21 14:38:28ID: BC  Data: 00 00 00 AA 00 00 00 00 
"
"2016-11-21 14:38:28ID: BB  Data: 00 00 00 AA 00 00 00 00 
"
"2016-11-21 14:38:28ID: BC  Data: 00 00 00 AA 00 00 00 00 
"
"2016-11-21 14:38:29ID: BB  Data: 00 00 00 AA 00 00 00 00 
"
"2016-11-21 14:38:29ID: BC  Data: 00 00 00 AA 00 00 00 00 
"
"2016-11-21 14:38:29ID: BB  Data: 00 00 00 AA 00 00 00 00 
"
"2016-11-21 14:38:29ID: BC  Data: 00 00 00 AA 00 00 00 00 
"
"2016-11-21 14:38:29ID: BB  Data: 00 00 00 AA 00 00 00 00 
"
"2016-11-21 14:38:29ID: BC  Data: 00 00 00 AA 00 00 00 00 
"
"2016-11-21 14:38:29ID: BB  Data: 00 00 00 AA 00 00 00 00 
"
"2016-11-21 14:38:29ID: BC  Data: 00 00 00 AA 00 00 00 00 
"
"2016-11-21 14:38:29ID: BB  Data: 00 00 00 AA 00 00 00 00 
"
"2016-11-21 14:38:29ID: BC  Data: 00 00 00 AA 00 00 00 00 
"
"2016-11-21 14:38:29ID: BB  Data: 00 00 00 AA 00 00 00 00 
"
"2016-11-21 14:38:29ID: BC  Data: 00 00 00 AA 00 00 00 00 
"
"2016-11-21 14:38:29ID: BB  Data: 00 00 00 AA 00 00 00 00 
"
"2016-11-21 14:38:29ID: BC  Data: 00 00 00 AA 00 00 00 00 
"
"2016-11-21 14:38:29ID: BB  Data: 00 00 00 AA 00 00 00 00 
"
"2016-11-21 14:38:29ID: BC  Data: 00 00 00 AA 00 00 00 00 
"
"2016-11-21 14:38:29ID: BB  Data: 00 00 00 AA 00 00 00 00 
"
"2016-11-21 14:38:29ID: BC  Data: 00 00 00 AA 00 00 00 00 
"
"2016-11-21 14:38:29ID: BB  Data: 00 00 00 AA 00 00 00 00 
"
"2016-11-21 14:38:29ID: BC  Data: 00 00 00 AA 00 00 00 00 
"
"2016-11-21 14:38:29ID: BB  Data: 00 00 00 AA 00 00 00 00 
"
"2016-11-21 14:38:29ID: BC  Data: 00 00 00 AA 00 00 00 00 
"
"2016-11-21 14:38:30ID: BB  Data: 00 00 00 AA 00 00 00 00 
"
"2016-11-21 14:38:30ID: BC  Data: 00 00 00 AA 00 00 00 00 
"
"2016-11-21 14:38:30ID: BB  Data: 00 00 00 AA 00 00 00 00 
"
"2016-11-21 14:38:30ID: BC  Data: 00 00 00 AA 00 00 00 00 
"
"2016-11-21 14:38:30ID: BB  Data: 00 00 00 AA 00 00 00 00 
"
"2016-11-21 14:38:30ID: BC  Data: 00 00 00 AA 00 00 00 00 
"
"2016-11-21 14:38:30ID: BB  Data: 00 00 00 AA 00 00 00 00 
"
"2016-11-21 14:38:30ID: BC  Data: 00 00 00 AA 00 00 00 00 
"
"2016-11-21 14:38:30ID: BB  Data: 00 00 00 AA 00 00 00 00 
"
"2016-11-21 14:38:30ID: BC  Data: 00 00 00 AA 00 00 00 00 
"
"2016-11-21 14:38:30ID: BB  Data: 00 00 00 AA FE 68 B1 6E 
"
"2016-11-21 14:38:30ID: BC  Data: 00 00 00 AA 01 97 4E 92 
"
"2016-11-21 14:38:30ID: BB  Data: 00 00 00 AA FD 11 4A CD 
"
"2016-11-21 14:38:30ID: BC  Data: 00 00 00 AA 02 EE B5 33 
"
"2016-11-21 14:38:30ID: BB  Data: 00 00 00 AA FB E0 0C 05 
"
"2016-11-21 14:38:30ID: BC  Data: 00 00 00 AA 04 1F F3 FB 
"
"2016-11-21 14:38:30ID: BB  Data: 00 00 00 AA F9 F3 F8 78 
"
"2016-11-21 14:38:30ID: BC  Data: 00 00 00 AA 06 0C 07 88 
"
"2016-11-21 14:38:30ID: BB  Data: 00 00 00 AA F8 8E 18 CB 
"
"2016-11-21 14:38:30ID: BC  Data: 00 00 00 AA 07 71 E7 35 
"
"2016-11-21 14:38:30ID: BB  Data: 00 00 00 AA F8 77 BA D1 
"
"2016-11-21 14:38:30ID: BC  Data: 00 00 00 AA 07 88 45 2F 
"
"2016-11-21 14:38:31ID: BB  Data: 00 00 00 AA F8 5C 19 8C 
"
"2016-11-21 14:38:31ID: BC  Data: 00 00 00 AA 07 A3 E6 74 
"
"2016-11-21 14:38:31ID: BB  Data: 00 00 00 AA F8 87 84 AF 
"
"2016-11-21 14:38:31ID: BC  Data: 00 00 00 AA 07 78 7B 51 
"
"2016-11-21 14:38:31ID: BB  Data: 00 00 00 AA F9 48 ED 91 
"
"2016-11-21 14:38:31ID: BC  Data: 00 00 00 AA 06 B7 12 6F 
"
"2016-11-21 14:38:31ID: BB  Data: 00 00 00 AA FD 7B DD 69 
"
"2016-11-21 14:38:31ID: BC  Data: 00 00 00 AA 02 84 22 97 
"
"2016-11-21 14:38:31ID: BB  Data: 00 00 00 AA 00 00 00 00 
"
"2016-11-21 14:38:31ID: BC  Data: 00 00 00 AA 00 00 00 00 
"
"2016-11-21 14:38:31ID: BB  Data: 00 00 00 AA 00 00 00 00 
"
"2016-11-21 14:38:31ID: BC  Data: 00 00 00 AA 00 00 00 00 
"
"2016-11-21 14:38:31ID: BB  Data: 00 00 00 AA 00 00 00 00 
"
"2016-11-21 14:38:31ID: BC  Data: 00 00 00 AA 00 00 00 00 
"
"2016-11-21 14:38:31ID: BB  Data: 00 00 00 AA 00 00 00 00 
"
"2016-11-21 14:38:31ID: BC  Data: 00 00 00 AA 00 00 00 00 
"
"2016-11-21 14:38:31ID: BB  Data: 00 00 00 AA 00 00 00 00 
"
"2016-11-21 14:38:31ID: BC  Data: 00 00 00 AA 00 00 00 00 
"
"2016-11-21 14:38:31ID: BB  Data: 00 00 00 AA 00 00 00 00 
"
"2016-11-21 14:38:31ID: BC  Data: 00 00 00 AA 00 00 00 00 
"
"2016-11-21 14:38:31ID: BB  Data: 00 00 00 AA 00 00 00 00 
"
"2016-11-21 14:38:31ID: BC  Data: 00 00 00 AA 00 00 00 00 
"
"2016-11-21 14:38:31ID: BB  Data: 00 00 00 AA 00 00 00 00 
"
"2016-11-21 14:38:31ID: BC  Data: 00 00 00 AA 00 00 00 00 
"
"2016-11-21 14:38:32ID: BB  Data: 00 00 00 AA 00 00 00 00 
"
"2016-11-21 14:38:32ID: BC  Data: 00 00 00 AA 00 00 00 00 
"
"2016-11-21 14:38:32ID: BB  Data: 00 00 00 AA 00 00 00 00 
"
"2016-11-21 14:38:32ID: BC  Data: 00 00 00 AA 00 00 00 00 
"
"2016-11-21 14:38:32ID: BB  Data: 00 00 00 AA 00 00 00 00 
"
"2016-11-21 14:38:32ID: BC  Data: 00 00 00 AA 00 00 00 00 
"
"2016-11-21 14:38:32ID: BB  Data: 00 00 00 AA 00 00 00 00 
"
"2016-11-21 14:38:32ID: BC  Data: 00 00 00 AA 00 00 00 00 
"
"2016-11-21 14:38:32ID: BB  Data: 00 00 00 AA 00 00 00 00 
"
"2016-11-21 14:38:32ID: BC  Data: 00 00 00 AA 00 00 00 00 
"
"2016-11-21 14:38:32ID: BB  Data: 00 00 00 AA 00 00 00 00 
"
"2016-11-21 14:38:32ID: BC  Data: 00 00 00 AA 00 00 00 00 
"
"2016-11-21 14:38:32ID: BB  Data: 00 00 00 AA 00 00 00 00 
"
"2016-11-21 14:38:32ID: BC  Data: 00 00 00 AA 00 00 00 00 
"
"2016-11-21 14:38:32ID: BB  Data: 00 00 00 AA 00 00 00 00 
"
"2016-11-21 14:38:32ID: BC  Data: 00 00 00 AA 00 00 00 00 
"
"2016-11-21 14:38:32ID: BB  Data: 00 00 00 AA 00 00 00 00 
"
"2016-11-21 14:38:32ID: BC  Data: 00 00 00 AA 00 00 00 00 
"
"2016-11-21 14:38:32ID: BB  Data: 00 00 00 AA FD 61 8C F7 
"
"2016-11-21 14:38:32ID: BC  Data: 00 00 00 AA 02 9E 73 09 
"
"2016-11-21 14:38:32ID: BB  Data: 00 00 00 AA FB 12 CB BD 
"
"2016-11-21 14:38:32ID: BC  Data: 00 00 00 AA 04 ED 34 43 
"
"2016-11-21 14:38:33ID: BB  Data: 00 00 00 AA F9 A1 14 A9 
"
"2016-11-21 14:38:33ID: BC  Data: 00 00 00 AA 06 5E EB 57 
"
"2016-11-21 14:38:33ID: BB  Data: 00 00 00 AA F9 28 09 02 
"
"2016-11-21 14:38:33ID: BC  Data: 00 00 00 AA 06 D7 F6 FE 
"
"2016-11-21 14:38:33ID: BB  Data: 00 00 00 AA F8 DA 68 7D 
"
"2016-11-21 14:38:33ID: BC  Data: 00 00 00 AA 07 25 97 83 
"
"2016-11-21 14:38:33ID: BB  Data: 00 00 00 AA F8 A8 69 3E 
"
"2016-11-21 14:38:33ID: BC  Data: 00 00 00 AA 07 57 96 C2 
"
"2016-11-21 14:38:33ID: BB  Data: 00 00 00 AA F8 59 77 E7 
"
"2016-11-21 14:38:33ID: BC  Data: 00 00 00 AA 07 A6 88 19 
"
"2016-11-21 14:38:33ID: BB  Data: 00 00 00 AA F8 5A C8 B9 
"
"2016-11-21 14:38:33ID: BC  Data: 00 00 00 AA 07 A5 37 47 
"
"2016-11-21 14:38:33ID: BB  Data: 00 00 00 AA F8 5D 6A 5E 
"
"2016-11-21 14:38:33ID: BC  Data: 00 00 00 AA 07 A2 95 A2 
"
"2016-11-21 14:38:33ID: BB  Data: 00 00 00 AA F8 59 77 E7 
"
"2016-11-21 14:38:33ID: BC  Data: 00 00 00 AA 07 A6 88 19 
"
"2016-11-21 14:38:33ID: BB  Data: 00 00 00 AA F8 39 E4 2A 
"
"2016-11-21 14:38:33ID: BC  Data: 00 00 00 AA 07 C6 1B D6 
"
"2016-11-21 14:38:33ID: BB  Data: 00 00 00 AA F8 34 A0 E0 
"
"2016-11-21 14:38:33ID: BC  Data: 00 00 00 AA 07 CB 5F 20 
"
"2016-11-21 14:38:33ID: BB  Data: 00 00 00 AA F8 30 AE 69 
"
"2016-11-21 14:38:33ID: BC  Data: 00 00 00 AA 07 CF 51 97 
"
"2016-11-21 14:38:34ID: BB  Data: 00 00 00 AA F8 23 86 30 
"
"2016-11-21 14:38:34ID: BC  Data: 00 00 00 AA 07 DC 79 D0 
"
"2016-11-21 14:38:34ID: BB  Data: 00 00 00 AA F8 20 E4 8B 
"
"2016-11-21 14:38:34ID: BC  Data: 00 00 00 AA 07 DF 1B 75 
"
"2016-11-21 14:38:34ID: BB  Data: 00 00 00 AA F8 1B A1 41 
"
"2016-11-21 14:38:34ID: BC  Data: 00 00 00 AA 07 E4 5E BF 
"
"2016-11-21 14:38:34ID: BB  Data: 00 00 00 AA F8 0F C9 DA 
"
"2016-11-21 14:38:34ID: BC  Data: 00 00 00 AA 07 F0 36 26 
"
"2016-11-21 14:38:34ID: BB  Data: 00 00 00 AA F8 0A 86 90 
"
"2016-11-21 14:38:34ID: BC  Data: 00 00 00 AA 07 F5 79 70 
"
"2016-11-21 14:38:34ID: BB  Data: 00 00 00 AA F7 FD 5E 57 
"
"2016-11-21 14:38:34ID: BC  Data: 00 00 00 AA 08 02 A1 A9 
"
"2016-11-21 14:38:34ID: BB  Data: 00 00 00 AA F7 D7 36 7E 
"
"2016-11-21 14:38:34ID: BC  Data: 00 00 00 AA 08 28 C9 82 
"
"2016-11-21 14:38:34ID: BB  Data: 00 00 00 AA F7 BC E6 0B 
"
"2016-11-21 14:38:34ID: BC  Data: 00 00 00 AA 08 43 19 F5 
"
"2016-11-21 14:38:34ID: BB  Data: 00 00 00 AA F7 B7 A2 C1 
"
"2016-11-21 14:38:34ID: BC  Data: 00 00 00 AA 08 48 5D 3F 
"
"2016-11-21 14:38:34ID: BB  Data: 00 00 00 AA F7 B7 A2 C1 
"
"2016-11-21 14:38:34ID: BC  Data: 00 00 00 AA 08 48 5D 3F 
"
"2016-11-21 14:38:34ID: BB  Data: 00 00 00 AA F7 B3 B0 4A 
"
"2016-11-21 14:38:34ID: BC  Data: 00 00 00 AA 08 4C 4F B6 
"
"2016-11-21 14:38:34ID: BB  Data: 00 00 00 AA F7 AE 6D 00 
"
"2016-11-21 14:38:34ID: BC  Data: 00 00 00 AA 08 51 93 00 
"
"2016-11-21 14:38:35ID: BB  Data: 00 00 00 AA F7 AA 7A 88 
"
"2016-11-21 14:38:35ID: BC  Data: 00 00 00 AA 08 55 85 78 
"
"2016-11-21 14:38:35ID: BB  Data: 00 00 00 AA F7 A2 95 99 
"
"2016-11-21 14:38:35ID: BC  Data: 00 00 00 AA 08 5D 6A 67 
"
"2016-11-21 14:38:35ID: BB  Data: 00 00 00 AA F7 8C 37 9E 
"
"2016-11-21 14:38:35ID: BC  Data: 00 00 00 AA 08 73 C8 62 
"
"2016-11-21 14:38:35ID: BB  Data: 00 00 00 AA F7 74 88 D1 
"
"2016-11-21 14:38:35ID: BC  Data: 00 00 00 AA 08 8B 77 2F 
"
"2016-11-21 14:38:35ID: BB  Data: 00 00 00 AA F7 5C DA 04 
"
"2016-11-21 14:38:35ID: BC  Data: 00 00 00 AA 08 A3 25 FC 
"
"2016-11-21 14:38:35ID: BB  Data: 00 00 00 AA F7 58 E7 8C 
"
"2016-11-21 14:38:35ID: BC  Data: 00 00 00 AA 08 A7 18 74 
"
"2016-11-21 14:38:35ID: BB  Data: 00 00 00 AA F7 57 96 BA 
"
"2016-11-21 14:38:35ID: BC  Data: 00 00 00 AA 08 A8 69 46 
"
"2016-11-21 14:38:35ID: BB  Data: 00 00 00 AA F7 53 A4 42 
"
"2016-11-21 14:38:35ID: BC  Data: 00 00 00 AA 08 AC 5B BE 
"
"2016-11-21 14:38:35ID: BB  Data: 00 00 00 AA F7 53 A4 42 
"
"2016-11-21 14:38:35ID: BC  Data: 00 00 00 AA 08 AC 5B BE 
"
"2016-11-21 14:38:35ID: BB  Data: 00 00 00 AA F7 53 A4 42 
"
"2016-11-21 14:38:35ID: BC  Data: 00 00 00 AA 08 AC 5B BE 
"
"2016-11-21 14:38:35ID: BB  Data: 00 00 00 AA F7 54 F5 14 
"
"2016-11-21 14:38:35ID: BC  Data: 00 00 00 AA 08 AB 0A EC 
"
"2016-11-21 14:38:36ID: BB  Data: 00 00 00 AA F7 54 F5 14 
"
"2016-11-21 14:38:36ID: BC  Data: 00 00 00 AA 08 AB 0A EC 
"
"2016-11-21 14:38:36ID: BB  Data: 00 00 00 AA F7 53 A4 42 
"
"2016-11-21 14:38:36ID: BC  Data: 00 00 00 AA 08 AC 5B BE 
"
"2016-11-21 14:38:36ID: BB  Data: 00 00 00 AA F7 53 A4 42 
"
"2016-11-21 14:38:36ID: BC  Data: 00 00 00 AA 08 AC 5B BE 
"
"2016-11-21 14:38:36ID: BB  Data: 00 00 00 AA F7 57 96 BA 
"
"2016-11-21 14:38:36ID: BC  Data: 00 00 00 AA 08 A8 69 46 
"
"2016-11-21 14:38:36ID: BB  Data: 00 00 00 AA F7 58 E7 8C 
"
"2016-11-21 14:38:36ID: BC  Data: 00 00 00 AA 08 A7 18 74 
"
"2016-11-21 14:38:36ID: BB  Data: 00 00 00 AA F7 5A 38 5F 
"
"2016-11-21 14:38:36ID: BC  Data: 00 00 00 AA 08 A5 C7 A1 
"
"2016-11-21 14:38:36ID: BB  Data: 00 00 00 AA F7 5B 89 31 
"
"2016-11-21 14:38:36ID: BC  Data: 00 00 00 AA 08 A4 76 CF 
"
"2016-11-21 14:38:36ID: BB  Data: 00 00 00 AA F7 66 0F C5 
"
"2016-11-21 14:38:36ID: BC  Data: 00 00 00 AA 08 99 F0 3B 
"
"2016-11-21 14:38:36ID: BB  Data: 00 00 00 AA F7 70 96 59 
"
"2016-11-21 14:38:36ID: BC  Data: 00 00 00 AA 08 8F 69 A7 
"
"2016-11-21 14:38:36ID: BB  Data: 00 00 00 AA F7 70 96 59 
"
"2016-11-21 14:38:36ID: BC  Data: 00 00 00 AA 08 8F 69 A7 
"
"2016-11-21 14:38:36ID: BB  Data: 00 00 00 AA F7 73 37 FE 
"
"2016-11-21 14:38:36ID: BC  Data: 00 00 00 AA 08 8C C8 02 
"
"2016-11-21 14:38:36ID: BB  Data: 00 00 00 AA F7 7D BE 93 
"
"2016-11-21 14:38:37ID: BC  Data: 00 00 00 AA 08 82 41 6D 
"
"2016-11-21 14:38:37ID: BB  Data: 00 00 00 AA F7 8E D9 43 
"
"2016-11-21 14:38:37ID: BC  Data: 00 00 00 AA 08 71 26 BD 
"
"2016-11-21 14:38:37ID: BB  Data: 00 00 00 AA F7 99 5F D7 
"
"2016-11-21 14:38:37ID: BC  Data: 00 00 00 AA 08 66 A0 29 
"
"2016-11-21 14:38:37ID: BB  Data: 00 00 00 AA F7 A5 37 3E 
"
"2016-11-21 14:38:37ID: BC  Data: 00 00 00 AA 08 5A C8 C2 
"
"2016-11-21 14:38:37ID: BB  Data: 00 00 00 AA F7 AB CB 5B 
"
"2016-11-21 14:38:37ID: BC  Data: 00 00 00 AA 08 54 34 A5 
"
"2016-11-21 14:38:37ID: BB  Data: 00 00 00 AA F7 A5 37 3E 
"
"2016-11-21 14:38:37ID: BC  Data: 00 00 00 AA 08 5A C8 C2 
"
"2016-11-21 14:38:37ID: BB  Data: 00 00 00 AA F7 A2 95 99 
"
"2016-11-21 14:38:37ID: BC  Data: 00 00 00 AA 08 5D 6A 67 
"
"2016-11-21 14:38:37ID: BB  Data: 00 00 00 AA F7 92 CB BB 
"
"2016-11-21 14:38:37ID: BC  Data: 00 00 00 AA 08 6D 34 45 
"
"2016-11-21 14:38:37ID: BB  Data: 00 00 00 AA F7 8A E6 CC 
"
"2016-11-21 14:38:37ID: BC  Data: 00 00 00 AA 08 75 19 34 
"
"2016-11-21 14:38:37ID: BB  Data: 00 00 00 AA F7 8D 88 71 
"
"2016-11-21 14:38:37ID: BC  Data: 00 00 00 AA 08 72 77 8F 
"
"2016-11-21 14:38:37ID: BB  Data: 00 00 00 AA F7 90 2A 16 
"
"2016-11-21 14:38:37ID: BC  Data: 00 00 00 AA 08 6F D5 EA 
"
"2016-11-21 14:38:37ID: BB  Data: 00 00 00 AA F7 90 2A 16 
"
"2016-11-21 14:38:37ID: BC  Data: 00 00 00 AA 08 6F D5 EA 
"
"2016-11-21 14:38:38ID: BB  Data: 00 00 00 AA F7 91 7A E8 
"
"2016-11-21 14:38:38ID: BC  Data: 00 00 00 AA 08 6E 85 18 
"
"2016-11-21 14:38:38ID: BB  Data: 00 00 00 AA F7 92 CB BB 
"
"2016-11-21 14:38:38ID: BC  Data: 00 00 00 AA 08 6D 34 45 
"
"2016-11-21 14:38:38ID: BB  Data: 00 00 00 AA F7 94 1C 8D 
"
"2016-11-21 14:38:38ID: BC  Data: 00 00 00 AA 08 6B E3 73 
"
"2016-11-21 14:38:38ID: BB  Data: 00 00 00 AA F7 99 5F D7 
"
"2016-11-21 14:38:38ID: BC  Data: 00 00 00 AA 08 66 A0 29 
"
"2016-11-21 14:38:38ID: BB  Data: 00 00 00 AA F7 9D 52 4F 
"
"2016-11-21 14:38:38ID: BC  Data: 00 00 00 AA 08 62 AD B1 
"
"2016-11-21 14:38:38ID: BB  Data: 00 00 00 AA F7 A1 44 C6 
"
"2016-11-21 14:38:38ID: BC  Data: 00 00 00 AA 08 5E BB 3A 
"
"2016-11-21 14:38:38ID: BB  Data: 00 00 00 AA F7 A5 37 3E 
"
"2016-11-21 14:38:38ID: BC  Data: 00 00 00 AA 08 5A C8 C2 
"
"2016-11-21 14:38:38ID: BB  Data: 00 00 00 AA F7 AB CB 5B 
"
"2016-11-21 14:38:38ID: BC  Data: 00 00 00 AA 08 54 34 A5 
"
"2016-11-21 14:38:38ID: BB  Data: 00 00 00 AA F7 AB CB 5B 
"
"2016-11-21 14:38:38ID: BC  Data: 00 00 00 AA 08 54 34 A5 
"
"2016-11-21 14:38:38ID: BB  Data: 00 00 00 AA F7 AD 1C 2D 
"
"2016-11-21 14:38:38ID: BC  Data: 00 00 00 AA 08 52 E3 D3 
"
"2016-11-21 14:38:38ID: BB  Data: 00 00 00 AA F7 AE 6D 00 
"
"2016-11-21 14:38:38ID: BC  Data: 00 00 00 AA 08 51 93 00 
"
"2016-11-21 14:38:39ID: BB  Data: 00 00 00 AA F7 B1 0E A5 
"
"2016-11-21 14:38:39ID: BC  Data: 00 00 00 AA 08 4E F1 5B 
"
"2016-11-21 14:38:39ID: BB  Data: 00 00 00 AA F7 B3 B0 4A 
"
"2016-11-21 14:38:39ID: BC  Data: 00 00 00 AA 08 4C 4F B6 
"
"2016-11-21 14:38:39ID: BB  Data: 00 00 00 AA F7 C0 D8 83 
"
"2016-11-21 14:38:39ID: BC  Data: 00 00 00 AA 08 3F 27 7D 
"
"2016-11-21 14:38:39ID: BB  Data: 00 00 00 AA F7 D3 44 06 
"
"2016-11-21 14:38:39ID: BC  Data: 00 00 00 AA 08 2C BB FA 
"
"2016-11-21 14:38:39ID: BB  Data: 00 00 00 AA F7 FF FF FC 
"
"2016-11-21 14:38:39ID: BC  Data: 00 00 00 AA 08 00 00 04 
"
"2016-11-21 14:38:39ID: BB  Data: 00 00 00 AA F8 67 F0 F2 
"
"2016-11-21 14:38:39ID: BC  Data: 00 00 00 AA 07 98 0F 0E 
"
"2016-11-21 14:38:39ID: BB  Data: 00 00 00 AA F9 29 59 D4 
"
"2016-11-21 14:38:39ID: BC  Data: 00 00 00 AA 06 D6 A6 2C 
"
"2016-11-21 14:38:39ID: BB  Data: 00 00 00 AA FA FF 0F 67 
"
"2016-11-21 14:38:39ID: BC  Data: 00 00 00 AA 05 00 F0 99 
"
"2016-11-21 14:38:39ID: BB  Data: 00 00 00 AA FD 69 71 E6 
"
"2016-11-21 14:38:39ID: BC  Data: 00 00 00 AA 02 96 8E 1A 
"
"2016-11-21 14:38:39ID: BB  Data: 00 00 00 AA 00 00 00 00 
"
"2016-11-21 14:38:39ID: BC  Data: 00 00 00 AA 00 00 00 00 
"
"2016-11-21 14:38:39ID: BB  Data: 00 00 00 AA 00 00 00 00 
"
"2016-11-21 14:38:39ID: BC  Data: 00 00 00 AA 00 00 00 00 
"
"2016-11-21 14:38:39ID: BB  Data: 00 00 00 AA 00 00 00 00 
"
"2016-11-21 14:38:39ID: BC  Data: 00 00 00 AA 00 00 00 00 
"
"2016-11-21 14:38:40ID: BB  Data: 00 00 00 AA 00 00 00 00 
"
"2016-11-21 14:38:40ID: BC  Data: 00 00 00 AA 00 00 00 00 
"
"2016-11-21 14:38:40ID: BB  Data: 00 00 00 AA 00 00 00 00 
"
"2016-11-21 14:38:40ID: BC  Data: 00 00 00 AA 00 00 00 00 
"
"2016-11-21 14:38:40ID: BB  Data: 00 00 00 AA 00 00 00 00 
"
"2016-11-21 14:38:40ID: BC  Data: 00 00 00 AA 00 00 00 00 
"
"2016-11-21 14:38:40ID: BB  Data: 00 00 00 AA 00 00 00 00 
"
"2016-11-21 14:38:40ID: BC  Data: 00 00 00 AA 00 00 00 00 
"
"2016-11-21 14:38:40ID: BB  Data: 00 00 00 AA 00 00 00 00 
"
"2016-11-21 14:38:40ID: BC  Data: 00 00 00 AA 00 00 00 00 
"
"2016-11-21 14:38:40ID: BB  Data: 00 00 00 AA 00 00 00 00 
"
"2016-11-21 14:38:40ID: BC  Data: 00 00 00 AA 00 00 00 00 
"
"2016-11-21 14:38:40ID: BB  Data: 00 00 00 AA 00 00 00 00 
"
"2016-11-21 14:38:40ID: BC  Data: 00 00 00 AA 00 00 00 00 
"
"2016-11-21 14:38:40ID: BB  Data: 00 00 00 AA 00 00 00 00 
"
"2016-11-21 14:38:40ID: BC  Data: 00 00 00 AA 00 00 00 00 
"
"2016-11-21 14:38:40ID: BB  Data: 00 00 00 AA 00 00 00 00 
"
"2016-11-21 14:38:40ID: BC  Data: 00 00 00 AA 00 00 00 00 
"
"2016-11-21 14:38:40ID: BB  Data: 00 00 00 AA 00 00 00 00 
"
"2016-11-21 14:38:40ID: BC  Data: 00 00 00 AA 00 00 00 00 
"
"2016-11-21 14:38:40ID: BB  Data: 00 00 00 AA 00 00 00 00 
"
"2016-11-21 14:38:40ID: BC  Data: 00 00 00 AA 00 00 00 00 
"
"2016-11-21 14:38:41ID: BB  Data: 00 00 00 AA 00 00 00 00 
"
"2016-11-21 14:38:41ID: BC  Data: 00 00 00 AA 00 00 00 00 
"
"2016-11-21 14:38:41ID: BB  Data: 00 00 00 AA 00 00 00 00 
"
"2016-11-21 14:38:41ID: BC  Data: 00 00 00 AA 00 00 00 00 
"
"2016-11-21 14:38:41ID: BB  Data: 00 00 00 AA 00 00 00 00 
"
"2016-11-21 14:38:41ID: BC  Data: 00 00 00 AA 00 00 00 00 
"
"2016-11-21 14:38:41ID: BB  Data: 00 00 00 AA 00 00 00 00 
"
"2016-11-21 14:38:41ID: BC  Data: 00 00 00 AA 00 00 00 00 
"
"2016-11-21 14:38:41ID: BB  Data: 00 00 00 AA 00 00 00 00 
"
"2016-11-21 14:38:41ID: BC  Data: 00 00 00 AA 00 00 00 00 
"
"2016-11-21 14:38:41ID: BB  Data: 00 00 00 AA 00 00 00 00 
"
"2016-11-21 14:38:41ID: BC  Data: 00 00 00 AA 00 00 00 00 
"
"2016-11-21 14:38:41ID: BB  Data: 00 00 00 AA 00 00 00 00 
"
"2016-11-21 14:38:41ID: BC  Data: 00 00 00 AA 00 00 00 00 
"
"2016-11-21 14:38:41ID: AA  Data: AA AA 00 00 00 00 00 00 
"
"2016-11-21 14:38:41ID: BB  Data: 00 00 00 AA 00 00 00 00 
"
"2016-11-21 14:38:41ID: BC  Data: 00 00 00 AA 00 00 00 00 
"
"2016-11-21 14:38:41ID: BB  Data: 00 00 00 AA 00 00 00 00 
"
"2016-11-21 14:38:41ID: BC  Data: 00 00 00 AA 00 00 00 00 
"
"2016-11-21 14:38:41ID: BB  Data: 00 00 00 AA 00 00 00 00 
"
"2016-11-21 14:38:41ID: BC  Data: 00 00 00 AA 00 00 00 00 
"
"2016-11-21 14:38:41ID: BB  Data: 00 00 00 AA 00 00 00 00 
"
"2016-11-21 14:38:41ID: BC  Data: 00 00 00 AA 00 00 00 00 
"
"2016-11-21 14:38:41ID: AA  Data: AA BB 00 00 00 00 00 00 
"
"2016-11-21 14:38:42ID: BB  Data: 00 00 00 AA 00 00 00 00 
"
"2016-11-21 14:38:42ID: BC  Data: 00 00 00 AA 00 00 00 00 
"
"2016-11-21 14:38:42ID: BB  Data: 00 00 00 AA 00 00 00 00 
"
"2016-11-21 14:38:42ID: BC  Data: 00 00 00 AA 00 00 00 00 
"
"2016-11-21 14:38:42ID: BB  Data: 00 00 00 AA 00 00 00 00 
"
"2016-11-21 14:38:42ID: BC  Data: 00 00 00 AA 00 00 00 00 
"
"2016-11-21 14:38:42ID: BB  Data: 00 00 00 AA 00 00 00 00 
"
"2016-11-21 14:38:42ID: BC  Data: 00 00 00 AA 00 00 00 00 
"
"2016-11-21 14:38:42ID: BB  Data: 00 00 00 AA 00 00 00 00 
"
"2016-11-21 14:38:42ID: BC  Data: 00 00 00 AA 00 00 00 00 
"
"2016-11-21 14:38:42ID: BB  Data: 00 00 00 AA 00 00 00 00 
"
"2016-11-21 14:38:42ID: BC  Data: 00 00 00 AA 00 00 00 00 
"
"2016-11-21 14:38:42ID: BB  Data: 00 00 00 AA 00 00 00 00 
"
"2016-11-21 14:38:42ID: BC  Data: 00 00 00 AA 00 00 00 00 
"
"2016-11-21 14:38:42ID: BB  Data: 00 00 00 AA 00 00 00 00 
"
"2016-11-21 14:38:42ID: BC  Data: 00 00 00 AA 00 00 00 00 
"
"2016-11-21 14:38:42ID: BB  Data: 00 00 00 AA 00 00 00 00 
"
"2016-11-21 14:38:42ID: BC  Data: 00 00 00 AA 00 00 00 00 
"
"2016-11-21 14:38:42ID: BB  Data: 00 00 00 AA 00 00 00 00 
"
"2016-11-21 14:38:42ID: BC  Data: 00 00 00 AA 00 00 00 00 
"
"2016-11-21 14:38:42ID: BB  Data: 00 00 00 AA 00 00 00 00 
"
"2016-11-21 14:38:42ID: BC  Data: 00 00 00 AA 00 00 00 00 
"
"2016-11-21 14:38:42ID: BB  Data: 00 00 00 AA 00 00 00 00 
"
"2016-11-21 14:38:42ID: BC  Data: 00 00 00 AA 00 00 00 00 
"
"2016-11-21 14:38:43ID: BB  Data: 00 00 00 AA 00 00 00 00 
"
"2016-11-21 14:38:43ID: BC  Data: 00 00 00 AA 00 00 00 00 
"
"2016-11-21 14:38:43ID: BB  Data: 00 00 00 AA 00 00 00 00 
"
"2016-11-21 14:38:43ID: BC  Data: 00 00 00 AA 00 00 00 00 
"
"2016-11-21 14:38:43ID: BB  Data: 00 00 00 AA 00 00 00 00 
"
"2016-11-21 14:38:43ID: BC  Data: 00 00 00 AA 00 00 00 00 
"
"2016-11-21 14:38:43ID: BB  Data: 00 00 00 AA 00 00 00 00 
"
"2016-11-21 14:38:43ID: BC  Data: 00 00 00 AA 00 00 00 00 
"
"2016-11-21 14:38:43ID: BB  Data: 00 00 00 AA 00 00 00 00 
"
"2016-11-21 14:38:43ID: BC  Data: 00 00 00 AA 00 00 00 00 
"
"2016-11-21 14:38:43ID: BB  Data: 00 00 00 AA 02 A8 F9 9D 
"
"2016-11-21 14:38:43ID: BC  Data: 00 00 00 AA FD 57 06 63 
"
"2016-11-21 14:38:43ID: BB  Data: 00 00 00 AA 04 D0 42 2C 
"
"2016-11-21 14:38:43ID: BC  Data: 00 00 00 AA FB 2F BD D4 
"
"2016-11-21 14:38:43ID: BB  Data: 00 00 00 AA 06 2B 9B 44 
"
"2016-11-21 14:38:43ID: BC  Data: 00 00 00 AA F9 D4 64 BC 
"
"2016-11-21 14:38:43ID: BB  Data: 00 00 00 AA 06 83 C2 5D 
"
"2016-11-21 14:38:43ID: BC  Data: 00 00 00 AA F9 7C 3D A3 
"
"2016-11-21 14:38:43ID: BB  Data: 00 00 00 AA 06 E9 11 AF 
"
"2016-11-21 14:38:43ID: BC  Data: 00 00 00 AA F9 16 EE 51 
"
"2016-11-21 14:38:43ID: BB  Data: 00 00 00 AA 07 30 1E 17 
"
"2016-11-21 14:38:43ID: BC  Data: 00 00 00 AA F8 CF E1 E9 
"
"2016-11-21 14:38:44ID: BB  Data: 00 00 00 AA 07 3F E7 F5 
"
"2016-11-21 14:38:44ID: BC  Data: 00 00 00 AA F8 C0 18 0B 
"
"2016-11-21 14:38:44ID: BB  Data: 00 00 00 AA 07 43 DA 6C 
"
"2016-11-21 14:38:44ID: BC  Data: 00 00 00 AA F8 BC 25 94 
"
"2016-11-21 14:38:44ID: BB  Data: 00 00 00 AA 07 5F 7B B1 
"
"2016-11-21 14:38:44ID: BC  Data: 00 00 00 AA F8 A0 84 4F 
"
"2016-11-21 14:38:44ID: BB  Data: 00 00 00 AA 07 86 F4 5D 
"
"2016-11-21 14:38:44ID: BC  Data: 00 00 00 AA F8 79 0B A3 
"
"2016-11-21 14:38:44ID: BB  Data: 00 00 00 AA 07 AE 6D 08 
"
"2016-11-21 14:38:44ID: BC  Data: 00 00 00 AA F8 51 92 F8 
"
"2016-11-21 14:38:44ID: BB  Data: 00 00 00 AA 07 BE 36 E6 
"
"2016-11-21 14:38:44ID: BC  Data: 00 00 00 AA F8 41 C9 1A 
"
"2016-11-21 14:38:44ID: BB  Data: 00 00 00 AA 07 D9 D8 2B 
"
"2016-11-21 14:38:44ID: BC  Data: 00 00 00 AA F8 26 27 D5 
"
"2016-11-21 14:38:44ID: BB  Data: 00 00 00 AA 08 22 35 66 
"
"2016-11-21 14:38:44ID: BC  Data: 00 00 00 AA F7 DD CA 9A 
"
"2016-11-21 14:38:44ID: BB  Data: 00 00 00 AA 08 4C 4F B6 
"
"2016-11-21 14:38:44ID: BC  Data: 00 00 00 AA F7 B3 B0 4A 
"
"2016-11-21 14:38:44ID: BB  Data: 00 00 00 AA 08 4D A0 89 
"
"2016-11-21 14:38:44ID: BC  Data: 00 00 00 AA F7 B2 5F 77 
"
"2016-11-21 14:38:44ID: BB  Data: 00 00 00 AA 08 4E F1 5B 
"
"2016-11-21 14:38:44ID: BC  Data: 00 00 00 AA F7 B2 5F 77 
"
"2016-11-21 14:38:45ID: BB  Data: 00 00 00 AA 08 48 5D 3F 
"
"2016-11-21 14:38:45ID: BC  Data: 00 00 00 AA F7 B7 A2 C1 
"
"2016-11-21 14:38:45ID: BB  Data: 00 00 00 AA 08 3C 85 D8 
"
"2016-11-21 14:38:45ID: BC  Data: 00 00 00 AA F7 C3 7A 28 
"
"2016-11-21 14:38:45ID: BB  Data: 00 00 00 AA 08 37 42 8E 
"
"2016-11-21 14:38:45ID: BC  Data: 00 00 00 AA F7 C8 BD 72 
"
"2016-11-21 14:38:45ID: BB  Data: 00 00 00 AA 08 30 AE 71 
"
"2016-11-21 14:38:45ID: BC  Data: 00 00 00 AA F7 CF 51 8F 
"
"2016-11-21 14:38:45ID: BB  Data: 00 00 00 AA 08 16 5D FF 
"
"2016-11-21 14:38:45ID: BC  Data: 00 00 00 AA F7 E9 A2 01 
"
"2016-11-21 14:38:45ID: BB  Data: 00 00 00 AA 08 0F C9 E3 
"
"2016-11-21 14:38:45ID: BC  Data: 00 00 00 AA F7 F0 36 1D 
"
"2016-11-21 14:38:45ID: BB  Data: 00 00 00 AA 08 01 50 D7 
"
"2016-11-21 14:38:45ID: BC  Data: 00 00 00 AA F7 FE AF 29 
"
"2016-11-21 14:38:45ID: BB  Data: 00 00 00 AA 07 FE AF 32 
"
"2016-11-21 14:38:45ID: BC  Data: 00 00 00 AA F8 01 50 CE 
"
"2016-11-21 14:38:45ID: BB  Data: 00 00 00 AA 07 FD 5E 5F 
"
"2016-11-21 14:38:45ID: BC  Data: 00 00 00 AA F8 02 A1 A1 
"
"2016-11-21 14:38:45ID: BB  Data: 00 00 00 AA 07 F2 D7 CB 
"
"2016-11-21 14:38:45ID: BC  Data: 00 00 00 AA F8 0D 28 35 
"
"2016-11-21 14:38:45ID: BB  Data: 00 00 00 AA 07 E5 AF 92 
"
"2016-11-21 14:38:45ID: BC  Data: 00 00 00 AA F8 1A 50 6E 
"
"2016-11-21 14:38:45ID: BB  Data: 00 00 00 AA 07 C6 1B D6 
"
"2016-11-21 14:38:45ID: BC  Data: 00 00 00 AA F8 39 E4 2A 
"
"2016-11-21 14:38:46ID: BB  Data: 00 00 00 AA 07 AD 1C 36 
"
"2016-11-21 14:38:46ID: BC  Data: 00 00 00 AA F8 52 E3 CA 
"
"2016-11-21 14:38:46ID: BB  Data: 00 00 00 AA 07 96 BE 3B 
"
"2016-11-21 14:38:46ID: BC  Data: 00 00 00 AA F8 69 41 C5 
"
"2016-11-21 14:38:46ID: BB  Data: 00 00 00 AA 07 98 0F 0E 
"
"2016-11-21 14:38:46ID: BC  Data: 00 00 00 AA F8 67 F0 F2 
"
"2016-11-21 14:38:46ID: BB  Data: 00 00 00 AA 07 98 0F 0E 
"
"2016-11-21 14:38:46ID: BC  Data: 00 00 00 AA F8 67 F0 F2 
"
"2016-11-21 14:38:46ID: BB  Data: 00 00 00 AA 07 94 1C 96 
"
"2016-11-21 14:38:46ID: BC  Data: 00 00 00 AA F8 6B E3 6A 
"
"2016-11-21 14:38:46ID: BB  Data: 00 00 00 AA 07 8A E6 D4 
"
"2016-11-21 14:38:46ID: BC  Data: 00 00 00 AA F8 75 19 2C 
"
"2016-11-21 14:38:46ID: BB  Data: 00 00 00 AA 06 C1 99 03 
"
"2016-11-21 14:38:46ID: BC  Data: 00 00 00 AA F9 3E 66 FD 
"
"2016-11-21 14:38:46ID: BB  Data: 00 00 00 AA 03 73 98 41 
"
"2016-11-21 14:38:46ID: BC  Data: 00 00 00 AA FC 8C 67 BF 
"
"2016-11-21 14:38:46ID: BB  Data: 00 00 00 AA 01 C1 68 E3 
"
"2016-11-21 14:38:46ID: BC  Data: 00 00 00 AA FE 3E 97 1D 
"
"2016-11-21 14:38:46ID: BB  Data: 00 00 00 AA 00 00 00 00 
"
"2016-11-21 14:38:46ID: BC  Data: 00 00 00 AA 00 00 00 00 
"
"2016-11-21 14:38:46ID: BB  Data: 00 00 00 AA 00 00 00 00 
"
"2016-11-21 14:38:46ID: BC  Data: 00 00 00 AA 00 00 00 00 
"
"2016-11-21 14:38:47ID: BB  Data: 00 00 00 AA 00 00 00 00 
"
"2016-11-21 14:38:47ID: BC  Data: 00 00 00 AA 00 00 00 00 
"
"2016-11-21 14:38:47ID: BB  Data: 00 00 00 AA 00 00 00 00 
"
"2016-11-21 14:38:47ID: BC  Data: 00 00 00 AA 00 00 00 00 
"
"2016-11-21 14:38:47ID: BB  Data: 00 00 00 AA 00 00 00 00 
"
"2016-11-21 14:38:47ID: BC  Data: 00 00 00 AA 00 00 00 00 
"
"2016-11-21 14:38:47ID: BB  Data: 00 00 00 AA 00 00 00 00 
"
"2016-11-21 14:38:47ID: BC  Data: 00 00 00 AA 00 00 00 00 
"
"2016-11-21 14:38:47ID: BB  Data: 00 00 00 AA 00 00 00 00 
"
"2016-11-21 14:38:47ID: BC  Data: 00 00 00 AA 00 00 00 00 
"
"2016-11-21 14:38:47ID: BB  Data: 00 00 00 AA 00 00 00 00 
"
"2016-11-21 14:38:47ID: BC  Data: 00 00 00 AA 00 00 00 00 
"
"2016-11-21 14:38:47ID: BB  Data: 00 00 00 AA 00 00 00 00 
"
"2016-11-21 14:38:47ID: BC  Data: 00 00 00 AA 00 00 00 00 
"
"2016-11-21 14:38:47ID: BB  Data: 00 00 00 AA 00 00 00 00 
"
"2016-11-21 14:38:47ID: BC  Data: 00 00 00 AA 00 00 00 00 
"
"2016-11-21 14:38:47ID: BB  Data: 00 00 00 AA 00 00 00 00 
"
"2016-11-21 14:38:47ID: BC  Data: 00 00 00 AA 00 00 00 00 
"
"2016-11-21 14:38:47ID: BB  Data: 00 00 00 AA 00 00 00 00 
"
"2016-11-21 14:38:47ID: BC  Data: 00 00 00 AA 00 00 00 00 
"
"2016-11-21 14:38:47ID: BB  Data: 00 00 00 AA 00 00 00 00 
"
"2016-11-21 14:38:47ID: BC  Data: 00 00 00 AA 00 00 00 00 
"
"2016-11-21 14:38:47ID: BB  Data: 00 00 00 AA 00 00 00 00 
"
"2016-11-21 14:38:48ID: BC  Data: 00 00 00 AA 00 00 00 00 
"
"2016-11-21 14:38:48ID: BB  Data: 00 00 00 AA 00 00 00 00 
"
"2016-11-21 14:38:48ID: BC  Data: 00 00 00 AA 00 00 00 00 
"
"2016-11-21 14:38:48ID: BB  Data: 00 00 00 AA 00 00 00 00 
"
"2016-11-21 14:38:48ID: BC  Data: 00 00 00 AA 00 00 00 00 
"
"2016-11-21 14:38:48ID: BB  Data: 00 00 00 AA 00 00 00 00 
"
"2016-11-21 14:38:48ID: BC  Data: 00 00 00 AA 00 00 00 00 
"
"2016-11-21 14:38:48ID: BB  Data: 00 00 00 AA 00 00 00 00 
"
"2016-11-21 14:38:48ID: BC  Data: 00 00 00 AA 00 00 00 00 
"
"2016-11-21 14:38:48ID: BB  Data: 00 00 00 AA 00 00 00 00 
"
"2016-11-21 14:38:48ID: BC  Data: 00 00 00 AA 00 00 00 00 
"
"2016-11-21 14:38:48ID: BB  Data: 00 00 00 AA 00 00 00 00 
"
"2016-11-21 14:38:48ID: BC  Data: 00 00 00 AA 00 00 00 00 
"
"2016-11-21 14:38:48ID: BB  Data: 00 00 00 AA 00 00 00 00 
"
"2016-11-21 14:38:48ID: BC  Data: 00 00 00 AA 00 00 00 00 
"
"2016-11-21 14:38:48ID: BB  Data: 00 00 00 AA 00 00 00 00 
"
"2016-11-21 14:38:48ID: BC  Data: 00 00 00 AA 00 00 00 00 
"
"2016-11-21 14:38:48ID: BB  Data: 00 00 00 AA 00 00 00 00 
"
"2016-11-21 14:38:48ID: BC  Data: 00 00 00 AA 00 00 00 00 
"
"2016-11-21 14:38:48ID: BB  Data: 00 00 00 AA 00 00 00 00 
"
"2016-11-21 14:38:48ID: BC  Data: 00 00 00 AA 00 00 00 00 
"
"2016-11-21 14:38:48ID: BB  Data: 00 00 00 AA 00 00 00 00 
"
"2016-11-21 14:38:48ID: BC  Data: 00 00 00 AA 00 00 00 00 
"
"2016-11-21 14:38:49ID: BB  Data: 00 00 00 AA 00 00 00 00 
"
"2016-11-21 14:38:49ID: BC  Data: 00 00 00 AA 00 00 00 00 
"
"2016-11-21 14:38:49ID: BB  Data: 00 00 00 AA 00 00 00 00 
"
"2016-11-21 14:38:49ID: BC  Data: 00 00 00 AA 00 00 00 00 
"
"2016-11-21 14:38:49ID: BB  Data: 00 00 00 AA 00 00 00 00 
"
"2016-11-21 14:38:49ID: BC  Data: 00 00 00 AA 00 00 00 00 
"
"2016-11-21 14:38:49ID: BB  Data: 00 00 00 AA 00 00 00 00 
"
"2016-11-21 14:38:49ID: BC  Data: 00 00 00 AA 00 00 00 00 
"
"2016-11-21 14:38:49ID: BB  Data: 00 00 00 AA 00 00 00 00 
"
"2016-11-21 14:38:49ID: BC  Data: 00 00 00 AA 00 00 00 00 
"
"2016-11-21 14:38:49ID: BB  Data: 00 00 00 AA 00 00 00 00 
"
"2016-11-21 14:38:49ID: BC  Data: 00 00 00 AA 00 00 00 00 
"
"2016-11-21 14:38:49ID: BB  Data: 00 00 00 AA 00 00 00 00 
"
"2016-11-21 14:38:49ID: BC  Data: 00 00 00 AA 00 00 00 00 
"
"2016-11-21 14:38:49ID: BB  Data: 00 00 00 AA 00 00 00 00 
"
"2016-11-21 14:38:49ID: BC  Data: 00 00 00 AA 00 00 00 00 
"
"2016-11-21 14:38:49ID: BB  Data: 00 00 00 AA 00 00 00 00 
"
"2016-11-21 14:38:49ID: BC  Data: 00 00 00 AA 00 00 00 00 
"
"2016-11-21 14:38:49ID: BB  Data: 00 00 00 AA 00 00 00 00 
"
"2016-11-21 14:38:49ID: BC  Data: 00 00 00 AA 00 00 00 00 
"
"2016-11-21 14:38:49ID: BB  Data: 00 00 00 AA 00 00 00 00 
"
"2016-11-21 14:38:49ID: BC  Data: 00 00 00 AA 00 00 00 00 
"
"2016-11-21 14:38:50ID: BB  Data: 00 00 00 AA 00 00 00 00 
"
"2016-11-21 14:38:50ID: BC  Data: 00 00 00 AA 00 00 00 00 
"
"2016-11-21 14:38:50ID: BB  Data: 00 00 00 AA 00 00 00 00 
"
"2016-11-21 14:38:50ID: BC  Data: 00 00 00 AA 00 00 00 00 
"
"2016-11-21 14:38:50ID: BB  Data: 00 00 00 AA 00 00 00 00 
"
"2016-11-21 14:38:50ID: BC  Data: 00 00 00 AA 00 00 00 00 
"
"2016-11-21 14:38:50ID: BB  Data: 00 00 00 AA 00 00 00 00 
"
"2016-11-21 14:38:50ID: BC  Data: 00 00 00 AA 00 00 00 00 
"
"2016-11-21 14:38:50ID: BB  Data: 00 00 00 AA 00 00 00 00 
"
"2016-11-21 14:38:50ID: BC  Data: 00 00 00 AA 00 00 00 00 
"
"2016-11-21 14:38:50ID: BB  Data: 00 00 00 AA 00 00 00 00 
"
"2016-11-21 14:38:50ID: BC  Data: 00 00 00 AA 00 00 00 00 
"
"2016-11-21 14:38:50ID: BB  Data: 00 00 00 AA 00 00 00 00 
"
"2016-11-21 14:38:50ID: BC  Data: 00 00 00 AA 00 00 00 00 
"
"2016-11-21 14:38:50ID: BB  Data: 00 00 00 AA 00 00 00 00 
"
"2016-11-21 14:38:50ID: BC  Data: 00 00 00 AA 00 00 00 00 
"
"2016-11-21 14:38:50ID: BB  Data: 00 00 00 AA 00 00 00 00 
"
"2016-11-21 14:38:50ID: BC  Data: 00 00 00 AA 00 00 00 00 
"
"2016-11-21 14:38:50ID: BB  Data: 00 00 00 AA 00 00 00 00 
"
"2016-11-21 14:38:50ID: BC  Data: 00 00 00 AA 00 00 00 00 
"
"2016-11-21 14:38:50ID: BB  Data: 00 00 00 AA 00 00 00 00 
"
"2016-11-21 14:38:50ID: BC  Data: 00 00 00 AA 00 00 00 00 
"
"2016-11-21 14:38:50ID: BB  Data: 00 00 00 AA 00 00 00 00 
"
"2016-11-21 14:38:50ID: BC  Data: 00 00 00 AA 00 00 00 00 
"
"2016-11-21 14:38:51ID: BB  Data: 00 00 00 AA 00 00 00 00 
"
"2016-11-21 14:38:51ID: BC  Data: 00 00 00 AA 00 00 00 00 
"
"2016-11-21 14:38:51ID: BB  Data: 00 00 00 AA 00 00 00 00 
"
"2016-11-21 14:38:51ID: BC  Data: 00 00 00 AA 00 00 00 00 
"
"2016-11-21 14:38:51ID: BB  Data: 00 00 00 AA 00 00 00 00 
"
"2016-11-21 14:38:51ID: BC  Data: 00 00 00 AA 00 00 00 00 
"
"2016-11-21 14:38:51ID: BB  Data: 00 00 00 AA 00 00 00 00 
"
"2016-11-21 14:38:51ID: BC  Data: 00 00 00 AA 00 00 00 00 
"
"2016-11-21 14:38:51ID: BB  Data: 00 00 00 AA 00 00 00 00 
"
"2016-11-21 14:38:51ID: BC  Data: 00 00 00 AA 00 00 00 00 
"
"2016-11-21 14:38:51ID: BB  Data: 00 00 00 AA 00 00 00 00 
"
"2016-11-21 14:38:51ID: BC  Data: 00 00 00 AA 00 00 00 00 
"
"2016-11-21 14:38:51ID: BB  Data: 00 00 00 AA 00 00 00 00 
"
"2016-11-21 14:38:51ID: BC  Data: 00 00 00 AA 00 00 00 00 
"
"2016-11-21 14:38:51ID: BB  Data: 00 00 00 AA 00 00 00 00 
"
"2016-11-21 14:38:51ID: BC  Data: 00 00 00 AA 00 00 00 00 
"
"2016-11-21 14:38:51ID: BB  Data: 00 00 00 AA 00 00 00 00 
"
"2016-11-21 14:38:51ID: BC  Data: 00 00 00 AA 00 00 00 00 
"
"2016-11-21 14:38:51ID: BB  Data: 00 00 00 AA 00 00 00 00 
"
"2016-11-21 14:38:51ID: BC  Data: 00 00 00 AA 00 00 00 00 
"
"2016-11-21 14:38:51ID: BB  Data: 00 00 00 AA 00 00 00 00 
"
"2016-11-21 14:38:51ID: BC  Data: 00 00 00 AA 00 00 00 00 
"
"2016-11-21 14:38:52ID: BB  Data: 00 00 00 AA 00 00 00 00 
"
"2016-11-21 14:38:52ID: BC  Data: 00 00 00 AA 00 00 00 00 
"
"2016-11-21 14:38:52ID: BB  Data: 00 00 00 AA 00 00 00 00 
"
"2016-11-21 14:38:52ID: BC  Data: 00 00 00 AA 00 00 00 00 
"
"2016-11-21 14:38:52ID: BB  Data: 00 00 00 AA 00 00 00 00 
"
"2016-11-21 14:38:52ID: BC  Data: 00 00 00 AA 00 00 00 00 
"
"2016-11-21 14:38:52ID: BB  Data: 00 00 00 AA 00 00 00 00 
"
"2016-11-21 14:38:52ID: BC  Data: 00 00 00 AA 00 00 00 00 
"
"2016-11-21 14:38:52ID: BB  Data: 00 00 00 AA 00 00 00 00 
"
"2016-11-21 14:38:52ID: BC  Data: 00 00 00 AA 00 00 00 00 
"
"2016-11-21 14:38:52ID: BB  Data: 00 00 00 AA 00 00 00 00 
"
"2016-11-21 14:38:52ID: BC  Data: 00 00 00 AA 00 00 00 00 
"
"2016-11-21 14:38:52ID: BB  Data: 00 00 00 AA 00 00 00 00 
"
"2016-11-21 14:38:52ID: BC  Data: 00 00 00 AA 00 00 00 00 
"
"2016-11-21 14:38:52ID: BB  Data: 00 00 00 AA 00 00 00 00 
"
"2016-11-21 14:38:52ID: BC  Data: 00 00 00 AA 00 00 00 00 
"
"2016-11-21 14:38:52ID: BB  Data: 00 00 00 AA 00 00 00 00 
"
"2016-11-21 14:38:52ID: BC  Data: 00 00 00 AA 00 00 00 00 
"
"2016-11-21 14:38:52ID: BB  Data: 00 00 00 AA 00 00 00 00 
"
"2016-11-21 14:38:52ID: BC  Data: 00 00 00 AA 00 00 00 00 
"
"2016-11-21 14:38:52ID: BB  Data: 00 00 00 AA 00 00 00 00 
"
"2016-11-21 14:38:52ID: BC  Data: 00 00 00 AA 00 00 00 00 
"
"2016-11-21 14:38:53ID: BB  Data: 00 00 00 AA 00 00 00 00 
"
"2016-11-21 14:38:53ID: BC  Data: 00 00 00 AA 00 00 00 00 
"
"2016-11-21 14:38:53ID: BB  Data: 00 00 00 AA 00 00 00 00 
"
"2016-11-21 14:38:53ID: BC  Data: 00 00 00 AA 00 00 00 00 
"
"2016-11-21 14:38:53ID: BB  Data: 00 00 00 AA 00 00 00 00 
"
"2016-11-21 14:38:53ID: BC  Data: 00 00 00 AA 00 00 00 00 
"
"2016-11-21 14:38:53ID: BB  Data: 00 00 00 AA 00 00 00 00 
"
"2016-11-21 14:38:53ID: BC  Data: 00 00 00 AA 00 00 00 00 
"
"2016-11-21 14:38:53ID: BB  Data: 00 00 00 AA 00 00 00 00 
"
"2016-11-21 14:38:53ID: BC  Data: 00 00 00 AA 00 00 00 00 
"
"2016-11-21 14:38:53ID: BB  Data: 00 00 00 AA 00 00 00 00 
"
"2016-11-21 14:38:53ID: BC  Data: 00 00 00 AA 00 00 00 00 
"
"2016-11-21 14:38:53ID: BB  Data: 00 00 00 AA 00 00 00 00 
"
"2016-11-21 14:38:53ID: BC  Data: 00 00 00 AA 00 00 00 00 
"
"2016-11-21 14:38:53ID: BB  Data: 00 00 00 AA 00 00 00 00 
"
"2016-11-21 14:38:53ID: BC  Data: 00 00 00 AA 00 00 00 00 
"
"2016-11-21 14:38:53ID: BB  Data: 00 00 00 AA 00 00 00 00 
"
"2016-11-21 14:38:53ID: BC  Data: 00 00 00 AA 00 00 00 00 
"
"2016-11-21 14:38:53ID: BB  Data: 00 00 00 AA 00 00 00 00 
"
"2016-11-21 14:38:53ID: BC  Data: 00 00 00 AA 00 00 00 00 
"
"2016-11-21 14:38:53ID: BB  Data: 00 00 00 AA 00 00 00 00 
"
"2016-11-21 14:38:53ID: BC  Data: 00 00 00 AA 00 00 00 00 
"
"2016-11-21 14:38:53ID: BB  Data: 00 00 00 AA 00 00 00 00 
"
"2016-11-21 14:38:53ID: BC  Data: 00 00 00 AA 00 00 00 00 
"
"2016-11-21 14:38:54ID: BB  Data: 00 00 00 AA 00 00 00 00 
"
"2016-11-21 14:38:54ID: BC  Data: 00 00 00 AA 00 00 00 00 
"
"2016-11-21 14:38:54ID: BB  Data: 00 00 00 AA 00 00 00 00 
"
"2016-11-21 14:38:54ID: BC  Data: 00 00 00 AA 00 00 00 00 
"
"2016-11-21 14:38:54ID: BB  Data: 00 00 00 AA 00 00 00 00 
"
"2016-11-21 14:38:54ID: BC  Data: 00 00 00 AA 00 00 00 00 
"
"2016-11-21 14:38:54ID: BB  Data: 00 00 00 AA 00 00 00 00 
"
"2016-11-21 14:38:54ID: BC  Data: 00 00 00 AA 00 00 00 00 
"
"2016-11-21 14:38:54ID: BB  Data: 00 00 00 AA 00 00 00 00 
"
"2016-11-21 14:38:54ID: BC  Data: 00 00 00 AA 00 00 00 00 
"
"2016-11-21 14:38:54ID: BB  Data: 00 00 00 AA 00 00 00 00 
"
"2016-11-21 14:38:54ID: BC  Data: 00 00 00 AA 00 00 00 00 
"
"2016-11-21 14:38:54ID: BB  Data: 00 00 00 AA 00 00 00 00 
"
"2016-11-21 14:38:54ID: BC  Data: 00 00 00 AA 00 00 00 00 
"
"2016-11-21 14:38:54ID: BB  Data: 00 00 00 AA 00 00 00 00 
"
"2016-11-21 14:38:54ID: BC  Data: 00 00 00 AA 00 00 00 00 
"
"2016-11-21 14:38:54ID: BB  Data: 00 00 00 AA 00 00 00 00 
"
"2016-11-21 14:38:54ID: BC  Data: 00 00 00 AA 00 00 00 00 
"
"2016-11-21 14:38:54ID: BB  Data: 00 00 00 AA 00 00 00 00 
"
"2016-11-21 14:38:54ID: BC  Data: 00 00 00 AA 00 00 00 00 
"
"2016-11-21 14:38:54ID: BB  Data: 00 00 00 AA 00 00 00 00 
"
"2016-11-21 14:38:54ID: BC  Data: 00 00 00 AA 00 00 00 00 
"
"2016-11-21 14:38:55ID: BB  Data: 00 00 00 AA 00 00 00 00 
"
"2016-11-21 14:38:55ID: BC  Data: 00 00 00 AA 00 00 00 00 
"
"2016-11-21 14:38:55ID: BB  Data: 00 00 00 AA 00 00 00 00 
"
"2016-11-21 14:38:55ID: BC  Data: 00 00 00 AA 00 00 00 00 
"
"2016-11-21 14:38:55ID: BB  Data: 00 00 00 AA 00 00 00 00 
"
"2016-11-21 14:38:55ID: BC  Data: 00 00 00 AA 00 00 00 00 
"
"2016-11-21 14:38:55ID: BB  Data: 00 00 00 AA 00 00 00 00 
"
"2016-11-21 14:38:55ID: BC  Data: 00 00 00 AA 00 00 00 00 
"
"2016-11-21 14:38:55ID: BB  Data: 00 00 00 AA 00 00 00 00 
"
"2016-11-21 14:38:55ID: BC  Data: 00 00 00 AA 00 00 00 00 
"
"2016-11-21 14:38:55ID: BB  Data: 00 00 00 AA 00 00 00 00 
"
"2016-11-21 14:38:55ID: BC  Data: 00 00 00 AA 00 00 00 00 
"
"2016-11-21 14:38:55ID: BB  Data: 00 00 00 AA 00 00 00 00 
"
"2016-11-21 14:38:55ID: BC  Data: 00 00 00 AA 00 00 00 00 
"
"2016-11-21 14:38:55ID: BB  Data: 00 00 00 AA 00 00 00 00 
"
"2016-11-21 14:38:55ID: BC  Data: 00 00 00 AA 00 00 00 00 
"
"2016-11-21 14:38:55ID: BB  Data: 00 00 00 AA 00 00 00 00 
"
"2016-11-21 14:38:55ID: BC  Data: 00 00 00 AA 00 00 00 00 
"
"2016-11-21 14:38:55ID: BB  Data: 00 00 00 AA 00 00 00 00 
"
"2016-11-21 14:38:55ID: BC  Data: 00 00 00 AA 00 00 00 00 
"
"2016-11-21 14:38:55ID: BB  Data: 00 00 00 AA 00 00 00 00 
"
"2016-11-21 14:38:55ID: BC  Data: 00 00 00 AA 00 00 00 00 
"
"2016-11-21 14:38:55ID: BB  Data: 00 00 00 AA 00 00 00 00 
"
"2016-11-21 14:38:56ID: BC  Data: 00 00 00 AA 00 00 00 00 
"
"2016-11-21 14:38:56ID: BB  Data: 00 00 00 AA 00 00 00 00 
"
"2016-11-21 14:38:56ID: BC  Data: 00 00 00 AA 00 00 00 00 
"
"2016-11-21 14:38:56ID: BB  Data: 00 00 00 AA 00 00 00 00 
"
"2016-11-21 14:38:56ID: BC  Data: 00 00 00 AA 00 00 00 00 
"
"2016-11-21 14:38:56ID: BB  Data: 00 00 00 AA 00 00 00 00 
"
"2016-11-21 14:38:56ID: BC  Data: 00 00 00 AA 00 00 00 00 
"
"2016-11-21 14:38:56ID: BB  Data: 00 00 00 AA 00 00 00 00 
"
"2016-11-21 14:38:56ID: BC  Data: 00 00 00 AA 00 00 00 00 
"
"2016-11-21 14:38:56ID: BB  Data: 00 00 00 AA 00 00 00 00 
"
"2016-11-21 14:38:56ID: BC  Data: 00 00 00 AA 00 00 00 00 
"
"2016-11-21 14:38:56ID: BB  Data: 00 00 00 AA 00 00 00 00 
"
"2016-11-21 14:38:56ID: BC  Data: 00 00 00 AA 00 00 00 00 
"
"2016-11-21 14:38:56ID: BB  Data: 00 00 00 AA 00 00 00 00 
"
"2016-11-21 14:38:56ID: BC  Data: 00 00 00 AA 00 00 00 00 
"
"2016-11-21 14:38:56ID: BB  Data: 00 00 00 AA 00 00 00 00 
"
"2016-11-21 14:38:56ID: BC  Data: 00 00 00 AA 00 00 00 00 
"
"2016-11-21 14:38:56ID: BB  Data: 00 00 00 AA 00 00 00 00 
"
"2016-11-21 14:38:56ID: BC  Data: 00 00 00 AA 00 00 00 00 
"
"2016-11-21 14:38:56ID: BB  Data: 00 00 00 AA 00 00 00 00 
"
"2016-11-21 14:38:56ID: BC  Data: 00 00 00 AA 00 00 00 00 
"
"2016-11-21 14:38:56ID: BB  Data: 00 00 00 AA 00 00 00 00 
"
"2016-11-21 14:38:56ID: BC  Data: 00 00 00 AA 00 00 00 00 
"
"2016-11-21 14:38:57ID: BB  Data: 00 00 00 AA 00 00 00 00 
"
"2016-11-21 14:38:57ID: BC  Data: 00 00 00 AA 00 00 00 00 
"
"2016-11-21 14:38:57ID: BB  Data: 00 00 00 AA 00 00 00 00 
"
"2016-11-21 14:38:57ID: BC  Data: 00 00 00 AA 00 00 00 00 
"
"2016-11-21 14:38:57ID: BB  Data: 00 00 00 AA 00 00 00 00 
"
"2016-11-21 14:38:57ID: BC  Data: 00 00 00 AA 00 00 00 00 
"
"2016-11-21 14:38:57ID: BB  Data: 00 00 00 AA 00 00 00 00 
"
"2016-11-21 14:38:57ID: BC  Data: 00 00 00 AA 00 00 00 00 
"
"2016-11-21 14:38:57ID: BB  Data: 00 00 00 AA 00 00 00 00 
"
"2016-11-21 14:38:57ID: BC  Data: 00 00 00 AA 00 00 00 00 
"
"2016-11-21 14:38:57ID: BB  Data: 00 00 00 AA 00 00 00 00 
"
"2016-11-21 14:38:57ID: BC  Data: 00 00 00 AA 00 00 00 00 
"
"2016-11-21 14:38:57ID: BB  Data: 00 00 00 AA 00 00 00 00 
"
"2016-11-21 14:38:57ID: BC  Data: 00 00 00 AA 00 00 00 00 
"
"2016-11-21 14:38:57ID: BB  Data: 00 00 00 AA 00 00 00 00 
"
"2016-11-21 14:38:57ID: BC  Data: 00 00 00 AA 00 00 00 00 
"
"2016-11-21 14:38:57ID: BB  Data: 00 00 00 AA 00 00 00 00 
"
"2016-11-21 14:38:57ID: BC  Data: 00 00 00 AA 00 00 00 00 
"
"2016-11-21 14:38:57ID: BB  Data: 00 00 00 AA 00 00 00 00 
"
"2016-11-21 14:38:57ID: BC  Data: 00 00 00 AA 00 00 00 00 
"
"2016-11-21 14:38:57ID: BB  Data: 00 00 00 AA 00 00 00 00 
"
"2016-11-21 14:38:57ID: BC  Data: 00 00 00 AA 00 00 00 00 
"
"2016-11-21 14:38:58ID: BB  Data: 00 00 00 AA 00 00 00 00 
"
"2016-11-21 14:38:58ID: BC  Data: 00 00 00 AA 00 00 00 00 
"
"2016-11-21 14:38:58ID: BB  Data: 00 00 00 AA 00 00 00 00 
"
"2016-11-21 14:38:58ID: BC  Data: 00 00 00 AA 00 00 00 00 
"
"2016-11-21 14:38:58ID: BB  Data: 00 00 00 AA 00 00 00 00 
"
"2016-11-21 14:38:58ID: BC  Data: 00 00 00 AA 00 00 00 00 
"
"2016-11-21 14:38:58ID: BB  Data: 00 00 00 AA 00 00 00 00 
"
"2016-11-21 14:38:58ID: BC  Data: 00 00 00 AA 00 00 00 00 
"
"2016-11-21 14:38:58ID: BB  Data: 00 00 00 AA 00 00 00 00 
"
"2016-11-21 14:38:58ID: BC  Data: 00 00 00 AA 00 00 00 00 
"
"2016-11-21 14:38:58ID: BB  Data: 00 00 00 AA 05 35 91 7E 
"
"2016-11-21 14:38:58ID: BC  Data: 00 00 00 AA FA CA 6E 82 
"
"2016-11-21 14:38:58ID: BB  Data: 00 00 00 AA 06 D2 B3 B4 
"
"2016-11-21 14:38:58ID: BC  Data: 00 00 00 AA F9 2D 4C 4C 
"
"2016-11-21 14:38:58ID: BB  Data: 00 00 00 AA 01 9F 33 81 
"
"2016-11-21 14:38:58ID: BC  Data: 00 00 00 AA FE 60 CC 7F 
"
"2016-11-21 14:38:58ID: BB  Data: 00 00 00 AA 00 00 00 00 
"
"2016-11-21 14:38:58ID: BC  Data: 00 00 00 AA 00 00 00 00 
"
"2016-11-21 14:38:58ID: BB  Data: 00 00 00 AA 00 00 00 00 
"
"2016-11-21 14:38:58ID: BC  Data: 00 00 00 AA 00 00 00 00 
"
"2016-11-21 14:38:58ID: BB  Data: 00 00 00 AA 00 00 00 00 
"
"2016-11-21 14:38:58ID: BC  Data: 00 00 00 AA 00 00 00 00 
"
"2016-11-21 14:38:58ID: BB  Data: 00 00 00 AA 00 00 00 00 
"
"2016-11-21 14:38:58ID: BC  Data: 00 00 00 AA 00 00 00 00 
"
"2016-11-21 14:38:59ID: BB  Data: 00 00 00 AA 00 00 00 00 
"
"2016-11-21 14:38:59ID: BC  Data: 00 00 00 AA 00 00 00 00 
"
"2016-11-21 14:38:59ID: BB  Data: 00 00 00 AA 00 00 00 00 
"
"2016-11-21 14:38:59ID: BC  Data: 00 00 00 AA 00 00 00 00 
"
"2016-11-21 14:38:59ID: BB  Data: 00 00 00 AA 00 00 00 00 
"
"2016-11-21 14:38:59ID: BC  Data: 00 00 00 AA 00 00 00 00 
"
"2016-11-21 14:38:59ID: BB  Data: 00 00 00 AA 00 00 00 00 
"
"2016-11-21 14:38:59ID: BC  Data: 00 00 00 AA 00 00 00 00 
"
"2016-11-21 14:38:59ID: BB  Data: 00 00 00 AA 00 00 00 00 
"
"2016-11-21 14:38:59ID: BC  Data: 00 00 00 AA 00 00 00 00 
"
"2016-11-21 14:38:59ID: BB  Data: 00 00 00 AA 00 00 00 00 
"
"2016-11-21 14:38:59ID: BC  Data: 00 00 00 AA 00 00 00 00 
"
"2016-11-21 14:38:59ID: BB  Data: 00 00 00 AA 00 00 00 00 
"
"2016-11-21 14:38:59ID: BC  Data: 00 00 00 AA 00 00 00 00 
"
"2016-11-21 14:38:59ID: BB  Data: 00 00 00 AA 00 00 00 00 
"
"2016-11-21 14:38:59ID: BC  Data: 00 00 00 AA 00 00 00 00 
"
"2016-11-21 14:38:59ID: BB  Data: 00 00 00 AA 00 00 00 00 
"
"2016-11-21 14:38:59ID: BC  Data: 00 00 00 AA 00 00 00 00 
"
"2016-11-21 14:38:59ID: BB  Data: 00 00 00 AA 00 00 00 00 
"
"2016-11-21 14:38:59ID: BC  Data: 00 00 00 AA 00 00 00 00 
"
"2016-11-21 14:38:59ID: BB  Data: 00 00 00 AA 00 00 00 00 
"
"2016-11-21 14:38:59ID: BC  Data: 00 00 00 AA 00 00 00 00 
"
"2016-11-21 14:39:00ID: BB  Data: 00 00 00 AA 00 00 00 00 
"
"2016-11-21 14:39:00ID: BC  Data: 00 00 00 AA 00 00 00 00 
"
"2016-11-21 14:39:00ID: BB  Data: 00 00 00 AA 00 00 00 00 
"
"2016-11-21 14:39:00ID: BC  Data: 00 00 00 AA 00 00 00 00 
"
"2016-11-21 14:39:00ID: BB  Data: 00 00 00 AA 00 00 00 00 
"
"2016-11-21 14:39:00ID: BC  Data: 00 00 00 AA 00 00 00 00 
"
"2016-11-21 14:39:00ID: BB  Data: 00 00 00 AA 00 00 00 00 
"
"2016-11-21 14:39:00ID: BC  Data: 00 00 00 AA 00 00 00 00 
"
"2016-11-21 14:39:00ID: BB  Data: 00 00 00 AA 00 00 00 00 
"
"2016-11-21 14:39:00ID: BC  Data: 00 00 00 AA 00 00 00 00 
"
"2016-11-21 14:39:00ID: BB  Data: 00 00 00 AA 00 00 00 00 
"
"2016-11-21 14:39:00ID: BC  Data: 00 00 00 AA 00 00 00 00 
"
"2016-11-21 14:39:00ID: BB  Data: 00 00 00 AA 00 00 00 00 
"
"2016-11-21 14:39:00ID: BC  Data: 00 00 00 AA 00 00 00 00 
"
"2016-11-21 14:39:00ID: BB  Data: 00 00 00 AA 00 00 00 00 
"
"2016-11-21 14:39:00ID: BC  Data: 00 00 00 AA 00 00 00 00 
"
"2016-11-21 14:39:00ID: BB  Data: 00 00 00 AA 00 00 00 00 
"
"2016-11-21 14:39:00ID: BC  Data: 00 00 00 AA 00 00 00 00 
"
"2016-11-21 14:39:00ID: BB  Data: 00 00 00 AA 00 00 00 00 
"
"2016-11-21 14:39:00ID: BC  Data: 00 00 00 AA 00 00 00 00 
"
"2016-11-21 14:39:00ID: BB  Data: 00 00 00 AA 00 00 00 00 
"
"2016-11-21 14:39:00ID: BC  Data: 00 00 00 AA 00 00 00 00 
"
"2016-11-21 14:39:01ID: BB  Data: 00 00 00 AA 00 00 00 00 
"
"2016-11-21 14:39:01ID: BC  Data: 00 00 00 AA 00 00 00 00 
"
"2016-11-21 14:39:01ID: BB  Data: 00 00 00 AA 00 00 00 00 
"
"2016-11-21 14:39:01ID: BC  Data: 00 00 00 AA 00 00 00 00 
"
"2016-11-21 14:39:01ID: BB  Data: 00 00 00 AA 00 00 00 00 
"
"2016-11-21 14:39:01ID: BC  Data: 00 00 00 AA 00 00 00 00 
"
"2016-11-21 14:39:01ID: BB  Data: 00 00 00 AA 00 00 00 00 
"
"2016-11-21 14:39:01ID: BC  Data: 00 00 00 AA 00 00 00 00 
"
"2016-11-21 14:39:01ID: BB  Data: 00 00 00 AA 00 00 00 00 
"
"2016-11-21 14:39:01ID: BC  Data: 00 00 00 AA 00 00 00 00 
"
"2016-11-21 14:39:01ID: BB  Data: 00 00 00 AA 00 00 00 00 
"
"2016-11-21 14:39:01ID: BC  Data: 00 00 00 AA 00 00 00 00 
"
"2016-11-21 14:39:01ID: BB  Data: 00 00 00 AA 00 00 00 00 
"
"2016-11-21 14:39:01ID: BC  Data: 00 00 00 AA 00 00 00 00 
"
"2016-11-21 14:39:01ID: BB  Data: 00 00 00 AA 00 00 00 00 
"
"2016-11-21 14:39:01ID: BC  Data: 00 00 00 AA 00 00 00 00 
"
"2016-11-21 14:39:01ID: BB  Data: 00 00 00 AA 00 00 00 00 
"
"2016-11-21 14:39:01ID: BC  Data: 00 00 00 AA 00 00 00 00 
"
"2016-11-21 14:39:01ID: BB  Data: 00 00 00 AA 00 00 00 00 
"
"2016-11-21 14:39:01ID: BC  Data: 00 00 00 AA 00 00 00 00 
"
"2016-11-21 14:39:01ID: BB  Data: 00 00 00 AA 00 00 00 00 
"
"2016-11-21 14:39:01ID: BC  Data: 00 00 00 AA 00 00 00 00 
"
"2016-11-21 14:39:01ID: BB  Data: 00 00 00 AA 00 00 00 00 
"
"2016-11-21 14:39:01ID: BC  Data: 00 00 00 AA 00 00 00 00 
"
"2016-11-21 14:39:02ID: BB  Data: 00 00 00 AA 00 00 00 00 
"
"2016-11-21 14:39:02ID: BC  Data: 00 00 00 AA 00 00 00 00 
"
"2016-11-21 14:39:02ID: BB  Data: 00 00 00 AA 00 00 00 00 
"
"2016-11-21 14:39:02ID: BC  Data: 00 00 00 AA 00 00 00 00 
"
"2016-11-21 14:39:02ID: BB  Data: 00 00 00 AA 00 00 00 00 
"
"2016-11-21 14:39:02ID: BC  Data: 00 00 00 AA 00 00 00 00 
"
"2016-11-21 14:39:02ID: BB  Data: 00 00 00 AA 00 00 00 00 
"
"2016-11-21 14:39:02ID: BC  Data: 00 00 00 AA 00 00 00 00 
"
"2016-11-21 14:39:02ID: BB  Data: 00 00 00 AA 00 00 00 00 
"
"2016-11-21 14:39:02ID: BC  Data: 00 00 00 AA 00 00 00 00 
"
"2016-11-21 14:39:02ID: BB  Data: 00 00 00 AA 00 00 00 00 
"
"2016-11-21 14:39:02ID: BC  Data: 00 00 00 AA 00 00 00 00 
"
"2016-11-21 14:39:02ID: BB  Data: 00 00 00 AA 00 00 00 00 
"
"2016-11-21 14:39:02ID: BC  Data: 00 00 00 AA 00 00 00 00 
"
"2016-11-21 14:39:02ID: BB  Data: 00 00 00 AA 00 00 00 00 
"
"2016-11-21 14:39:02ID: BC  Data: 00 00 00 AA 00 00 00 00 
"
"2016-11-21 14:39:02ID: BB  Data: 00 00 00 AA 00 00 00 00 
"
"2016-11-21 14:39:02ID: BC  Data: 00 00 00 AA 00 00 00 00 
"
"2016-11-21 14:39:02ID: BB  Data: 00 00 00 AA 00 00 00 00 
"
"2016-11-21 14:39:02ID: BC  Data: 00 00 00 AA 00 00 00 00 
"
"2016-11-21 14:39:02ID: BB  Data: 00 00 00 AA 00 00 00 00 
"
"2016-11-21 14:39:02ID: BC  Data: 00 00 00 AA 00 00 00 00 
"
"2016-11-21 14:39:03ID: BB  Data: 00 00 00 AA 00 00 00 00 
"
"2016-11-21 14:39:03ID: BC  Data: 00 00 00 AA 00 00 00 00 
"
"2016-11-21 14:39:03ID: BB  Data: 00 00 00 AA 00 00 00 00 
"
"2016-11-21 14:39:03ID: BC  Data: 00 00 00 AA 00 00 00 00 
"
"2016-11-21 14:39:03ID: BB  Data: 00 00 00 AA 00 00 00 00 
"
"2016-11-21 14:39:03ID: BC  Data: 00 00 00 AA 00 00 00 00 
"
"2016-11-21 14:39:03ID: BB  Data: 00 00 00 AA 00 00 00 00 
"
"2016-11-21 14:39:03ID: BC  Data: 00 00 00 AA 00 00 00 00 
"
"2016-11-21 14:39:03ID: BB  Data: 00 00 00 AA 00 00 00 00 
"
"2016-11-21 14:39:03ID: BC  Data: 00 00 00 AA 00 00 00 00 
"
"2016-11-21 14:39:03ID: BB  Data: 00 00 00 AA 00 00 00 00 
"
"2016-11-21 14:39:03ID: BC  Data: 00 00 00 AA 00 00 00 00 
"
"2016-11-21 14:39:03ID: BB  Data: 00 00 00 AA 00 00 00 00 
"
"2016-11-21 14:39:03ID: BC  Data: 00 00 00 AA 00 00 00 00 
"
"2016-11-21 14:39:03ID: BB  Data: 00 00 00 AA 00 00 00 00 
"
"2016-11-21 14:39:03ID: BC  Data: 00 00 00 AA 00 00 00 00 
"
"2016-11-21 14:39:03ID: BB  Data: 00 00 00 AA 00 00 00 00 
"
"2016-11-21 14:39:03ID: BC  Data: 00 00 00 AA 00 00 00 00 
"
"2016-11-21 14:39:03ID: BB  Data: 00 00 00 AA 02 3F B7 D4 
"
"2016-11-21 14:39:03ID: BC  Data: 00 00 00 AA FD C0 48 2C 
"
"2016-11-21 14:39:03ID: BB  Data: 00 00 00 AA 02 F7 EA F4 
"
"2016-11-21 14:39:03ID: BC  Data: 00 00 00 AA FD 08 15 0C 
"
"2016-11-21 14:39:04ID: BB  Data: 00 00 00 AA 02 F6 9A 22 
"
"2016-11-21 14:39:04ID: BC  Data: 00 00 00 AA FD 09 65 DE 
"
"2016-11-21 14:39:04ID: BB  Data: 00 00 00 AA 03 02 71 89 
"
"2016-11-21 14:39:04ID: BC  Data: 00 00 00 AA FC FD 8E 77 
"
"2016-11-21 14:39:04ID: BB  Data: 00 00 00 AA 03 22 05 45 
"
"2016-11-21 14:39:04ID: BC  Data: 00 00 00 AA FC DD FA BB 
"
"2016-11-21 14:39:04ID: BB  Data: 00 00 00 AA 03 6D 04 24 
"
"2016-11-21 14:39:04ID: BC  Data: 00 00 00 AA FC 92 FB DC 
"
"2016-11-21 14:39:04ID: BB  Data: 00 00 00 AA 03 E8 B1 71 
"
"2016-11-21 14:39:04ID: BC  Data: 00 00 00 AA FC 17 4E 8F 
"
"2016-11-21 14:39:04ID: BB  Data: 00 00 00 AA 04 B1 FF 42 
"
"2016-11-21 14:39:04ID: BC  Data: 00 00 00 AA FB 4E 00 BE 
"
"2016-11-21 14:39:04ID: BB  Data: 00 00 00 AA 05 5B B9 57 
"
"2016-11-21 14:39:04ID: BC  Data: 00 00 00 AA FA A4 46 A9 
"
"2016-11-21 14:39:04ID: BB  Data: 00 00 00 AA 05 A6 B8 36 
"
"2016-11-21 14:39:04ID: BC  Data: 00 00 00 AA FA 59 47 CA 
"
"2016-11-21 14:39:04ID: BB  Data: 00 00 00 AA 07 30 1E 17 
"
"2016-11-21 14:39:04ID: BC  Data: 00 00 00 AA F8 CF E1 E9 
"
"2016-11-21 14:39:04ID: BB  Data: 00 00 00 AA 08 B4 40 AD 
"
"2016-11-21 14:39:04ID: BC  Data: 00 00 00 AA F7 4B BF 53 
"
"2016-11-21 14:39:04ID: BB  Data: 00 00 00 AA 08 92 0B 4C 
"
"2016-11-21 14:39:04ID: BC  Data: 00 00 00 AA F7 6D F4 B4 
"
"2016-11-21 14:39:04ID: BB  Data: 00 00 00 AA 08 71 26 BD 
"
"2016-11-21 14:39:04ID: BC  Data: 00 00 00 AA F7 8E D9 43 
"
"2016-11-21 14:39:05ID: BB  Data: 00 00 00 AA 08 56 D6 4A 
"
"2016-11-21 14:39:05ID: BC  Data: 00 00 00 AA F7 A9 29 B6 
"
"2016-11-21 14:39:05ID: BB  Data: 00 00 00 AA 08 3D D6 AB 
"
"2016-11-21 14:39:05ID: BC  Data: 00 00 00 AA F7 C2 29 55 
"
"2016-11-21 14:39:05ID: BB  Data: 00 00 00 AA 08 39 E4 33 
"
"2016-11-21 14:39:05ID: BC  Data: 00 00 00 AA F7 C6 1B CD 
"
"2016-11-21 14:39:05ID: BB  Data: 00 00 00 AA 08 4C 4F B6 
"
"2016-11-21 14:39:05ID: BC  Data: 00 00 00 AA F7 B3 B0 4A 
"
"2016-11-21 14:39:05ID: BB  Data: 00 00 00 AA 08 6A 92 A0 
"
"2016-11-21 14:39:05ID: BC  Data: 00 00 00 AA F7 95 6D 60 
"
"2016-11-21 14:39:05ID: BB  Data: 00 00 00 AA 08 F0 C6 81 
"
"2016-11-21 14:39:05ID: BC  Data: 00 00 00 AA F7 0F 39 7F 
"
"2016-11-21 14:39:05ID: BB  Data: 00 00 00 AA 0A 1F 63 A4 
"
"2016-11-21 14:39:05ID: BC  Data: 00 00 00 AA F5 E0 9C 5C 
"
"2016-11-21 14:39:05ID: BB  Data: 00 00 00 AA 0B 32 5F 82 
"
"2016-11-21 14:39:05ID: BC  Data: 00 00 00 AA F4 CD A0 7E 
"
"2016-11-21 14:39:05ID: BB  Data: 00 00 00 AA 0B F3 C8 64 
"
"2016-11-21 14:39:05ID: BC  Data: 00 00 00 AA F4 0C 37 9C 
"
"2016-11-21 14:39:05ID: BB  Data: 00 00 00 AA 0C 35 91 82 
"
"2016-11-21 14:39:05ID: BC  Data: 00 00 00 AA F3 CA 6E 7E 
"
"2016-11-21 14:39:05ID: BB  Data: 00 00 00 AA 0C 3C 25 9E 
"
"2016-11-21 14:39:05ID: BC  Data: 00 00 00 AA F3 C3 DA 62 
"
"2016-11-21 14:39:06ID: BB  Data: 00 00 00 AA 0C 49 4D D7 
"
"2016-11-21 14:39:06ID: BC  Data: 00 00 00 AA F3 B6 B2 29 
"
"2016-11-21 14:39:06ID: BB  Data: 00 00 00 AA 0C 7D EE BC 
"
"2016-11-21 14:39:06ID: BC  Data: 00 00 00 AA F3 82 11 44 
"
"2016-11-21 14:39:06ID: BB  Data: 00 00 00 AA 0C F3 07 EC 
"
"2016-11-21 14:39:06ID: BC  Data: 00 00 00 AA F3 0C F8 14 
"
"2016-11-21 14:39:06ID: BB  Data: 00 00 00 AA 0D 38 C3 81 
"
"2016-11-21 14:39:06ID: BC  Data: 00 00 00 AA F2 C7 3C 7F 
"
"2016-11-21 14:39:06ID: BB  Data: 00 00 00 AA 0D 3B 65 26 
"
"2016-11-21 14:39:06ID: BC  Data: 00 00 00 AA F2 C4 9A DA 
"
"2016-11-21 14:39:06ID: BB  Data: 00 00 00 AA 0D 3B 65 26 
"
"2016-11-21 14:39:06ID: BC  Data: 00 00 00 AA F2 C4 9A DA 
"
"2016-11-21 14:39:06ID: BB  Data: 00 00 00 AA 0D 47 3C 8D 
"
"2016-11-21 14:39:06ID: BC  Data: 00 00 00 AA F2 B8 C3 73 
"
"2016-11-21 14:39:06ID: BB  Data: 00 00 00 AA 0D 75 49 55 
"
"2016-11-21 14:39:06ID: BC  Data: 00 00 00 AA F2 8A B6 AB 
"
"2016-11-21 14:39:06ID: BB  Data: 00 00 00 AA 0D 8B A7 50 
"
"2016-11-21 14:39:06ID: BC  Data: 00 00 00 AA F2 74 58 B0 
"
"2016-11-21 14:39:06ID: BB  Data: 00 00 00 AA 0D 9C C2 01 
"
"2016-11-21 14:39:06ID: BC  Data: 00 00 00 AA F2 63 3D FF 
"
"2016-11-21 14:39:06ID: BB  Data: 00 00 00 AA 0D C1 99 07 
"
"2016-11-21 14:39:06ID: BC  Data: 00 00 00 AA F2 3E 66 F9 
"
"2016-11-21 14:39:06ID: BB  Data: 00 00 00 AA 0D D0 12 13 
"
"2016-11-21 14:39:06ID: BC  Data: 00 00 00 AA F2 2F ED ED 
"
"2016-11-21 14:39:07ID: BB  Data: 00 00 00 AA 0D D6 A6 2F 
"
"2016-11-21 14:39:07ID: BC  Data: 00 00 00 AA F2 29 59 D1 
"
"2016-11-21 14:39:07ID: BB  Data: 00 00 00 AA 0D E3 CE 68 
"
"2016-11-21 14:39:07ID: BC  Data: 00 00 00 AA F2 1C 31 98 
"
"2016-11-21 14:39:07ID: BB  Data: 00 00 00 AA 0D EA 62 85 
"
"2016-11-21 14:39:07ID: BC  Data: 00 00 00 AA F2 15 9D 7B 
"
"2016-11-21 14:39:07ID: BB  Data: 00 00 00 AA 0D F0 F6 A2 
"
"2016-11-21 14:39:07ID: BC  Data: 00 00 00 AA F2 0F 09 5E 
"
"2016-11-21 14:39:07ID: BB  Data: 00 00 00 AA 0E 21 A5 0F 
"
"2016-11-21 14:39:07ID: BC  Data: 00 00 00 AA F1 DE 5A F1 
"
"2016-11-21 14:39:07ID: BB  Data: 00 00 00 AA 0E 38 03 0A 
"
"2016-11-21 14:39:07ID: BC  Data: 00 00 00 AA F1 C7 FC F6 
"
"2016-11-21 14:39:07ID: BB  Data: 00 00 00 AA 0E 49 1D BA 
"
"2016-11-21 14:39:07ID: BC  Data: 00 00 00 AA F1 B6 E2 46 
"
"2016-11-21 14:39:07ID: BB  Data: 00 00 00 AA 0E 6C A3 EE 
"
"2016-11-21 14:39:07ID: BC  Data: 00 00 00 AA F1 93 5C 12 
"
"2016-11-21 14:39:07ID: BB  Data: 00 00 00 AA 0E B1 0E B1 
"
"2016-11-21 14:39:07ID: BC  Data: 00 00 00 AA F1 4E F1 4F 
"
"2016-11-21 14:39:07ID: BB  Data: 00 00 00 AA 0E CE 00 C8 
"
"2016-11-21 14:39:07ID: BC  Data: 00 00 00 AA F1 31 FF 38 
"
"2016-11-21 14:39:07ID: BB  Data: 00 00 00 AA 0E D3 44 13 
"
"2016-11-21 14:39:07ID: BC  Data: 00 00 00 AA F1 2C BB ED 
"
"2016-11-21 14:39:08ID: BB  Data: 00 00 00 AA 0E D3 44 13 
"
"2016-11-21 14:39:08ID: BC  Data: 00 00 00 AA F1 2C BB ED 
"
"2016-11-21 14:39:08ID: BB  Data: 00 00 00 AA 0E D5 E5 B8 
"
"2016-11-21 14:39:08ID: BC  Data: 00 00 00 AA F1 2A 1A 48 
"
"2016-11-21 14:39:08ID: BB  Data: 00 00 00 AA 0E F9 6B EC 
"
"2016-11-21 14:39:08ID: BC  Data: 00 00 00 AA F1 06 94 14 
"
"2016-11-21 14:39:08ID: BB  Data: 00 00 00 AA 0E FC 0D 91 
"
"2016-11-21 14:39:08ID: BC  Data: 00 00 00 AA F1 03 F2 6F 
"
"2016-11-21 14:39:08ID: BB  Data: 00 00 00 AA 0E F9 6B EC 
"
"2016-11-21 14:39:08ID: BC  Data: 00 00 00 AA F1 06 94 14 
"
"2016-11-21 14:39:08ID: BB  Data: 00 00 00 AA 0E F9 6B EC 
"
"2016-11-21 14:39:08ID: BC  Data: 00 00 00 AA F1 06 94 14 
"
"2016-11-21 14:39:08ID: BB  Data: 00 00 00 AA 0E FC 0D 91 
"
"2016-11-21 14:39:08ID: BC  Data: 00 00 00 AA F1 03 F2 6F 
"
"2016-11-21 14:39:08ID: BB  Data: 00 00 00 AA 0E F9 6B EC 
"
"2016-11-21 14:39:08ID: BC  Data: 00 00 00 AA F1 06 94 14 
"
"2016-11-21 14:39:08ID: BB  Data: 00 00 00 AA 0E F8 1B 19 
"
"2016-11-21 14:39:08ID: BC  Data: 00 00 00 AA F1 07 E4 E7 
"
"2016-11-21 14:39:08ID: BB  Data: 00 00 00 AA 0E F9 6B EC 
"
"2016-11-21 14:39:08ID: BC  Data: 00 00 00 AA F1 06 94 14 
"
"2016-11-21 14:39:08ID: BB  Data: 00 00 00 AA 0E F9 6B EC 
"
"2016-11-21 14:39:08ID: BC  Data: 00 00 00 AA F1 06 94 14 
"
"2016-11-21 14:39:09ID: BB  Data: 00 00 00 AA 0E FA BC BE 
"
"2016-11-21 14:39:09ID: BC  Data: 00 00 00 AA F1 05 43 42 
"
"2016-11-21 14:39:09ID: BB  Data: 00 00 00 AA 0E FA BC BE 
"
"2016-11-21 14:39:09ID: BC  Data: 00 00 00 AA F1 05 43 42 
"
"2016-11-21 14:39:09ID: BB  Data: 00 00 00 AA 0E F9 6B EC 
"
"2016-11-21 14:39:09ID: BC  Data: 00 00 00 AA F1 06 94 14 
"
"2016-11-21 14:39:09ID: BB  Data: 00 00 00 AA 0E F9 6B EC 
"
"2016-11-21 14:39:09ID: BC  Data: 00 00 00 AA F1 06 94 14 
"
"2016-11-21 14:39:09ID: BB  Data: 00 00 00 AA 0E F9 6B EC 
"
"2016-11-21 14:39:09ID: BC  Data: 00 00 00 AA F1 06 94 14 
"
"2016-11-21 14:39:09ID: BB  Data: 00 00 00 AA 0E FA BC BE 
"
"2016-11-21 14:39:09ID: BC  Data: 00 00 00 AA F1 05 43 42 
"
"2016-11-21 14:39:09ID: BB  Data: 00 00 00 AA 0E F8 1B 19 
"
"2016-11-21 14:39:09ID: BC  Data: 00 00 00 AA F1 07 E4 E7 
"
"2016-11-21 14:39:09ID: BB  Data: 00 00 00 AA 0E F9 6B EC 
"
"2016-11-21 14:39:09ID: BC  Data: 00 00 00 AA F1 06 94 14 
"
"2016-11-21 14:39:09ID: BB  Data: 00 00 00 AA 0E F9 6B EC 
"
"2016-11-21 14:39:09ID: BC  Data: 00 00 00 AA F1 06 94 14 
"
"2016-11-21 14:39:09ID: BB  Data: 00 00 00 AA 0E FA BC BE 
"
"2016-11-21 14:39:09ID: BC  Data: 00 00 00 AA F1 05 43 42 
"
"2016-11-21 14:39:09ID: BB  Data: 00 00 00 AA 0E FA BC BE 
"
"2016-11-21 14:39:09ID: BC  Data: 00 00 00 AA F1 05 43 42 
"
"2016-11-21 14:39:09ID: BB  Data: 00 00 00 AA 0E F9 6B EC 
"
"2016-11-21 14:39:09ID: BC  Data: 00 00 00 AA F1 06 94 14 
"
"2016-11-21 14:39:10ID: BB  Data: 00 00 00 AA 0E F8 1B 19 
"
"2016-11-21 14:39:10ID: BC  Data: 00 00 00 AA F1 07 E4 E7 
"
"2016-11-21 14:39:10ID: BB  Data: 00 00 00 AA 0E F9 6B EC 
"
"2016-11-21 14:39:10ID: BC  Data: 00 00 00 AA F1 06 94 14 
"
"2016-11-21 14:39:10ID: BB  Data: 00 00 00 AA 0E FA BC BE 
"
"2016-11-21 14:39:10ID: BC  Data: 00 00 00 AA F1 05 43 42 
"
"2016-11-21 14:39:10ID: BB  Data: 00 00 00 AA 0E FA BC BE 
"
"2016-11-21 14:39:10ID: BC  Data: 00 00 00 AA F1 05 43 42 
"
"2016-11-21 14:39:10ID: BB  Data: 00 00 00 AA 0E F9 6B EC 
"
"2016-11-21 14:39:10ID: BC  Data: 00 00 00 AA F1 06 94 14 
"
"2016-11-21 14:39:10ID: BB  Data: 00 00 00 AA 0E FC 0D 91 
"
"2016-11-21 14:39:10ID: BC  Data: 00 00 00 AA F1 03 F2 6F 
"
"2016-11-21 14:39:10ID: BB  Data: 00 00 00 AA 0E FA BC BE 
"
"2016-11-21 14:39:10ID: BC  Data: 00 00 00 AA F1 05 43 42 
"
"2016-11-21 14:39:10ID: BB  Data: 00 00 00 AA 0E F9 6B EC 
"
"2016-11-21 14:39:10ID: BC  Data: 00 00 00 AA F1 06 94 14 
"
"2016-11-21 14:39:10ID: BB  Data: 00 00 00 AA 0E FC 0D 91 
"
"2016-11-21 14:39:10ID: BC  Data: 00 00 00 AA F1 03 F2 6F 
"
"2016-11-21 14:39:10ID: BB  Data: 00 00 00 AA 0E F9 6B EC 
"
"2016-11-21 14:39:10ID: BC  Data: 00 00 00 AA F1 06 94 14 
"
"2016-11-21 14:39:10ID: BB  Data: 00 00 00 AA 0E FA BC BE 
"
"2016-11-21 14:39:10ID: BC  Data: 00 00 00 AA F1 05 43 42 
"
"2016-11-21 14:39:11ID: BB  Data: 00 00 00 AA 0E F9 6B EC 
"
"2016-11-21 14:39:11ID: BC  Data: 00 00 00 AA F1 06 94 14 
"
"2016-11-21 14:39:11ID: BB  Data: 00 00 00 AA 0E FA BC BE 
"
"2016-11-21 14:39:11ID: BC  Data: 00 00 00 AA F1 05 43 42 
"
"2016-11-21 14:39:11ID: BB  Data: 00 00 00 AA 0E FA BC BE 
"
"2016-11-21 14:39:11ID: BC  Data: 00 00 00 AA F1 05 43 42 
"
"2016-11-21 14:39:11ID: BB  Data: 00 00 00 AA 0E FA BC BE 
"
"2016-11-21 14:39:11ID: BC  Data: 00 00 00 AA F1 05 43 42 
"
"2016-11-21 14:39:11ID: BB  Data: 00 00 00 AA 0E F9 6B EC 
"
"2016-11-21 14:39:11ID: BC  Data: 00 00 00 AA F1 06 94 14 
"
"2016-11-21 14:39:11ID: BB  Data: 00 00 00 AA 0E FA BC BE 
"
"2016-11-21 14:39:11ID: BC  Data: 00 00 00 AA F1 05 43 42 
"
"2016-11-21 14:39:11ID: BB  Data: 00 00 00 AA 0E FC 0D 91 
"
"2016-11-21 14:39:11ID: BC  Data: 00 00 00 AA F1 03 F2 6F 
"
"2016-11-21 14:39:11ID: BB  Data: 00 00 00 AA 0E FC 0D 91 
"
"2016-11-21 14:39:11ID: BC  Data: 00 00 00 AA F1 03 F2 6F 
"
"2016-11-21 14:39:11ID: BB  Data: 00 00 00 AA 0E F9 6B EC 
"
"2016-11-21 14:39:11ID: BC  Data: 00 00 00 AA F1 06 94 14 
"
"2016-11-21 14:39:11ID: BB  Data: 00 00 00 AA 0E FA BC BE 
"
"2016-11-21 14:39:11ID: BC  Data: 00 00 00 AA F1 05 43 42 
"
"2016-11-21 14:39:11ID: BB  Data: 00 00 00 AA 0E F9 6B EC 
"
"2016-11-21 14:39:11ID: BC  Data: 00 00 00 AA F1 06 94 14 
"
"2016-11-21 14:39:12ID: BB  Data: 00 00 00 AA 0E FA BC BE 
"
"2016-11-21 14:39:12ID: BC  Data: 00 00 00 AA F1 05 43 42 
"
"2016-11-21 14:39:12ID: BB  Data: 00 00 00 AA 0E FA BC BE 
"
"2016-11-21 14:39:12ID: BC  Data: 00 00 00 AA F1 05 43 42 
"
"2016-11-21 14:39:12ID: BB  Data: 00 00 00 AA 0E FA BC BE 
"
"2016-11-21 14:39:12ID: BC  Data: 00 00 00 AA F1 05 43 42 
"
"2016-11-21 14:39:12ID: BB  Data: 00 00 00 AA 0E FA BC BE 
"
"2016-11-21 14:39:12ID: BC  Data: 00 00 00 AA F1 05 43 42 
"
"2016-11-21 14:39:12ID: BB  Data: 00 00 00 AA 0E FA BC BE 
"
"2016-11-21 14:39:12ID: BC  Data: 00 00 00 AA F1 05 43 42 
"
"2016-11-21 14:39:12ID: BB  Data: 00 00 00 AA 0E F9 6B EC 
"
"2016-11-21 14:39:12ID: BC  Data: 00 00 00 AA F1 06 94 14 
"
"2016-11-21 14:39:12ID: BB  Data: 00 00 00 AA 0E F9 6B EC 
"
"2016-11-21 14:39:12ID: BC  Data: 00 00 00 AA F1 06 94 14 
"
"2016-11-21 14:39:12ID: BB  Data: 00 00 00 AA 0E FA BC BE 
"
"2016-11-21 14:39:12ID: BC  Data: 00 00 00 AA F1 05 43 42 
"
"2016-11-21 14:39:12ID: BB  Data: 00 00 00 AA 0E FA BC BE 
"
"2016-11-21 14:39:12ID: BC  Data: 00 00 00 AA F1 05 43 42 
"
"2016-11-21 14:39:12ID: BB  Data: 00 00 00 AA 0E FA BC BE 
"
"2016-11-21 14:39:12ID: BC  Data: 00 00 00 AA F1 05 43 42 
"
"2016-11-21 14:39:12ID: BB  Data: 00 00 00 AA 0E FC 0D 91 
"
"2016-11-21 14:39:12ID: BC  Data: 00 00 00 AA F1 03 F2 6F 
"
"2016-11-21 14:39:12ID: BB  Data: 00 00 00 AA 0E FA BC BE 
"
"2016-11-21 14:39:12ID: BC  Data: 00 00 00 AA F1 05 43 42 
"
"2016-11-21 14:39:13ID: BB  Data: 00 00 00 AA 0E FC 0D 91 
"
"2016-11-21 14:39:13ID: BC  Data: 00 00 00 AA F1 03 F2 6F 
"
"2016-11-21 14:39:13ID: BB  Data: 00 00 00 AA 0E FA BC BE 
"
"2016-11-21 14:39:13ID: BC  Data: 00 00 00 AA F1 05 43 42 
"
"2016-11-21 14:39:13ID: BB  Data: 00 00 00 AA 0E FA BC BE 
"
"2016-11-21 14:39:13ID: BC  Data: 00 00 00 AA F1 05 43 42 
"
"2016-11-21 14:39:13ID: BB  Data: 00 00 00 AA 0E FA BC BE 
"
"2016-11-21 14:39:13ID: BC  Data: 00 00 00 AA F1 05 43 42 
"
"2016-11-21 14:39:13ID: BB  Data: 00 00 00 AA 0E F9 6B EC 
"
"2016-11-21 14:39:13ID: BC  Data: 00 00 00 AA F1 06 94 14 
"
"2016-11-21 14:39:13ID: BB  Data: 00 00 00 AA 0E FA BC BE 
"
"2016-11-21 14:39:13ID: BC  Data: 00 00 00 AA F1 05 43 42 
"
"2016-11-21 14:39:13ID: BB  Data: 00 00 00 AA 0E FA BC BE 
"
"2016-11-21 14:39:13ID: BC  Data: 00 00 00 AA F1 05 43 42 
"
"2016-11-21 14:39:13ID: BB  Data: 00 00 00 AA 0E FA BC BE 
"
"2016-11-21 14:39:13ID: BC  Data: 00 00 00 AA F1 05 43 42 
"
"2016-11-21 14:39:13ID: BB  Data: 00 00 00 AA 0E FA BC BE 
"
"2016-11-21 14:39:13ID: BC  Data: 00 00 00 AA F1 05 43 42 
"
"2016-11-21 14:39:13ID: BB  Data: 00 00 00 AA 0E FC 0D 91 
"
"2016-11-21 14:39:13ID: BC  Data: 00 00 00 AA F1 03 F2 6F 
"
"2016-11-21 14:39:13ID: BB  Data: 00 00 00 AA 0E FA BC BE 
"
"2016-11-21 14:39:13ID: BC  Data: 00 00 00 AA F1 05 43 42 
"
"2016-11-21 14:39:14ID: BB  Data: 00 00 00 AA 0E FC 0D 91 
"
"2016-11-21 14:39:14ID: BC  Data: 00 00 00 AA F1 03 F2 6F 
"
"2016-11-21 14:39:14ID: BB  Data: 00 00 00 AA 0E FA BC BE 
"
"2016-11-21 14:39:14ID: BC  Data: 00 00 00 AA F1 05 43 42 
"
"2016-11-21 14:39:14ID: BB  Data: 00 00 00 AA 0E F9 6B EC 
"
"2016-11-21 14:39:14ID: BC  Data: 00 00 00 AA F1 06 94 14 
"
"2016-11-21 14:39:14ID: BB  Data: 00 00 00 AA 0E FA BC BE 
"
"2016-11-21 14:39:14ID: BC  Data: 00 00 00 AA F1 05 43 42 
"
"2016-11-21 14:39:14ID: BB  Data: 00 00 00 AA 0E FA BC BE 
"
"2016-11-21 14:39:14ID: BC  Data: 00 00 00 AA F1 05 43 42 
"
"2016-11-21 14:39:14ID: BB  Data: 00 00 00 AA 0E F9 6B EC 
"
"2016-11-21 14:39:14ID: BC  Data: 00 00 00 AA F1 06 94 14 
"
"2016-11-21 14:39:14ID: BB  Data: 00 00 00 AA 0E FA BC BE 
"
"2016-11-21 14:39:14ID: BC  Data: 00 00 00 AA F1 05 43 42 
"
"2016-11-21 14:39:14ID: BB  Data: 00 00 00 AA 0E FA BC BE 
"
"2016-11-21 14:39:14ID: BC  Data: 00 00 00 AA F1 05 43 42 
"
"2016-11-21 14:39:14ID: BB  Data: 00 00 00 AA 0E FA BC BE 
"
"2016-11-21 14:39:14ID: BC  Data: 00 00 00 AA F1 05 43 42 
"
"2016-11-21 14:39:14ID: BB  Data: 00 00 00 AA 0E F8 1B 19 
"
"2016-11-21 14:39:14ID: BC  Data: 00 00 00 AA F1 07 E4 E7 
"
"2016-11-21 14:39:14ID: BB  Data: 00 00 00 AA 0E FC 0D 91 
"
"2016-11-21 14:39:14ID: BC  Data: 00 00 00 AA F1 03 F2 6F 
"
"2016-11-21 14:39:14ID: BB  Data: 00 00 00 AA 0E F9 6B EC 
"
"2016-11-21 14:39:15ID: BC  Data: 00 00 00 AA F1 06 94 14 
"
"2016-11-21 14:39:15ID: BB  Data: 00 00 00 AA 0E FA BC BE 
"
"2016-11-21 14:39:15ID: BC  Data: 00 00 00 AA F1 05 43 42 
"
"2016-11-21 14:39:15ID: BB  Data: 00 00 00 AA 0E FC 0D 91 
"
"2016-11-21 14:39:15ID: BC  Data: 00 00 00 AA F1 03 F2 6F 
"
"2016-11-21 14:39:15ID: BB  Data: 00 00 00 AA 0E FC 0D 91 
"
"2016-11-21 14:39:15ID: BC  Data: 00 00 00 AA F1 03 F2 6F 
"
"2016-11-21 14:39:15ID: BB  Data: 00 00 00 AA 0E F9 6B EC 
"
"2016-11-21 14:39:15ID: BC  Data: 00 00 00 AA F1 06 94 14 
"
"2016-11-21 14:39:15ID: BB  Data: 00 00 00 AA 0E F9 6B EC 
"
"2016-11-21 14:39:15ID: BC  Data: 00 00 00 AA F1 06 94 14 
"
"2016-11-21 14:39:15ID: BB  Data: 00 00 00 AA 0E F9 6B EC 
"
"2016-11-21 14:39:15ID: BC  Data: 00 00 00 AA F1 06 94 14 
"
"2016-11-21 14:39:15ID: BB  Data: 00 00 00 AA 0E FA BC BE 
"
"2016-11-21 14:39:15ID: BC  Data: 00 00 00 AA F1 05 43 42 
"
"2016-11-21 14:39:15ID: BB  Data: 00 00 00 AA 0E FA BC BE 
"
"2016-11-21 14:39:15ID: BC  Data: 00 00 00 AA F1 05 43 42 
"
"2016-11-21 14:39:15ID: BB  Data: 00 00 00 AA 0E FA BC BE 
"
"2016-11-21 14:39:15ID: BC  Data: 00 00 00 AA F1 05 43 42 
"
"2016-11-21 14:39:15ID: BB  Data: 00 00 00 AA 0E FC 0D 91 
"
"2016-11-21 14:39:15ID: BC  Data: 00 00 00 AA F1 03 F2 6F 
"
"2016-11-21 14:39:15ID: BB  Data: 00 00 00 AA 0E CB 5F 23 
"
"2016-11-21 14:39:15ID: BC  Data: 00 00 00 AA F1 34 A0 DD 
"
"2016-11-21 14:39:16ID: BB  Data: 00 00 00 AA 0E F6 CA 46 
"
"2016-11-21 14:39:16ID: BC  Data: 00 00 00 AA F1 09 35 BA 
"
"2016-11-21 14:39:16ID: BB  Data: 00 00 00 AA 0E FA BC BE 
"
"2016-11-21 14:39:16ID: BC  Data: 00 00 00 AA F1 05 43 42 
"
"2016-11-21 14:39:16ID: BB  Data: 00 00 00 AA 0E FD 5E 63 
"
"2016-11-21 14:39:16ID: BC  Data: 00 00 00 AA F1 02 A1 9D 
"
"2016-11-21 14:39:16ID: BB  Data: 00 00 00 AA 0E FC 0D 91 
"
"2016-11-21 14:39:16ID: BC  Data: 00 00 00 AA F1 03 F2 6F 
"
"2016-11-21 14:39:16ID: BB  Data: 00 00 00 AA 0E FA BC BE 
"
"2016-11-21 14:39:16ID: BC  Data: 00 00 00 AA F1 05 43 42 
"
"2016-11-21 14:39:16ID: BB  Data: 00 00 00 AA 0E F9 6B EC 
"
"2016-11-21 14:39:16ID: BC  Data: 00 00 00 AA F1 06 94 14 
"
"2016-11-21 14:39:16ID: BB  Data: 00 00 00 AA 0E FD 5E 63 
"
"2016-11-21 14:39:16ID: BC  Data: 00 00 00 AA F1 02 A1 9D 
"
"2016-11-21 14:39:16ID: BB  Data: 00 00 00 AA 0E FA BC BE 
"
"2016-11-21 14:39:16ID: BC  Data: 00 00 00 AA F1 05 43 42 
"
"2016-11-21 14:39:16ID: BB  Data: 00 00 00 AA 0E F8 1B 19 
"
"2016-11-21 14:39:16ID: BC  Data: 00 00 00 AA F1 07 E4 E7 
"
"2016-11-21 14:39:16ID: BB  Data: 00 00 00 AA 0E F9 6B EC 
"
"2016-11-21 14:39:16ID: BC  Data: 00 00 00 AA F1 06 94 14 
"
"2016-11-21 14:39:16ID: BB  Data: 00 00 00 AA 0E FC 0D 91 
"
"2016-11-21 14:39:16ID: BC  Data: 00 00 00 AA F1 03 F2 6F 
"
"2016-11-21 14:39:17ID: BB  Data: 00 00 00 AA 0E FC 0D 91 
"
"2016-11-21 14:39:17ID: BC  Data: 00 00 00 AA F1 03 F2 6F 
"
"2016-11-21 14:39:17ID: BB  Data: 00 00 00 AA 0E F9 6B EC 
"
"2016-11-21 14:39:17ID: BC  Data: 00 00 00 AA F1 06 94 14 
"
"2016-11-21 14:39:17ID: BB  Data: 00 00 00 AA 0E FA BC BE 
"
"2016-11-21 14:39:17ID: BC  Data: 00 00 00 AA F1 05 43 42 
"
"2016-11-21 14:39:17ID: BB  Data: 00 00 00 AA 0E FC 0D 91 
"
"2016-11-21 14:39:17ID: BC  Data: 00 00 00 AA F1 03 F2 6F 
"
"2016-11-21 14:39:17ID: BB  Data: 00 00 00 AA 0E FC 0D 91 
"
"2016-11-21 14:39:17ID: BC  Data: 00 00 00 AA F1 03 F2 6F 
"
"2016-11-21 14:39:17ID: BB  Data: 00 00 00 AA 0E FC 0D 91 
"
"2016-11-21 14:39:17ID: BC  Data: 00 00 00 AA F1 03 F2 6F 
"
"2016-11-21 14:39:17ID: BB  Data: 00 00 00 AA 0E F9 6B EC 
"
"2016-11-21 14:39:17ID: BC  Data: 00 00 00 AA F1 06 94 14 
"
"2016-11-21 14:39:17ID: BB  Data: 00 00 00 AA 0E FC 0D 91 
"
"2016-11-21 14:39:17ID: BC  Data: 00 00 00 AA F1 03 F2 6F 
"
"2016-11-21 14:39:17ID: BB  Data: 00 00 00 AA 0E FC 0D 91 
"
"2016-11-21 14:39:17ID: BC  Data: 00 00 00 AA F1 03 F2 6F 
"
"2016-11-21 14:39:17ID: BB  Data: 00 00 00 AA 0E FC 0D 91 
"
"2016-11-21 14:39:17ID: BC  Data: 00 00 00 AA F1 03 F2 6F 
"
"2016-11-21 14:39:17ID: BB  Data: 00 00 00 AA 0E F9 6B EC 
"
"2016-11-21 14:39:17ID: BC  Data: 00 00 00 AA F1 06 94 14 
"
"2016-11-21 14:39:17ID: BB  Data: 00 00 00 AA 0E FA BC BE 
"
"2016-11-21 14:39:17ID: BC  Data: 00 00 00 AA F1 05 43 42 
"
"2016-11-21 14:39:18ID: BB  Data: 00 00 00 AA 0E FA BC BE 
"
"2016-11-21 14:39:18ID: BC  Data: 00 00 00 AA F1 05 43 42 
"
"2016-11-21 14:39:18ID: BB  Data: 00 00 00 AA 0E FA BC BE 
"
"2016-11-21 14:39:18ID: BC  Data: 00 00 00 AA F1 05 43 42 
"
"2016-11-21 14:39:18ID: BB  Data: 00 00 00 AA 0E FA BC BE 
"
"2016-11-21 14:39:18ID: BC  Data: 00 00 00 AA F1 05 43 42 
"
"2016-11-21 14:39:18ID: BB  Data: 00 00 00 AA 0E FA BC BE 
"
"2016-11-21 14:39:18ID: BC  Data: 00 00 00 AA F1 05 43 42 
"
"2016-11-21 14:39:18ID: BB  Data: 00 00 00 AA 0E F9 6B EC 
"
"2016-11-21 14:39:18ID: BC  Data: 00 00 00 AA F1 06 94 14 
"
"2016-11-21 14:39:18ID: BB  Data: 00 00 00 AA 0E FC 0D 91 
"
"2016-11-21 14:39:18ID: BC  Data: 00 00 00 AA F1 03 F2 6F 
"
"2016-11-21 14:39:18ID: BB  Data: 00 00 00 AA 0E F9 6B EC 
"
"2016-11-21 14:39:18ID: BC  Data: 00 00 00 AA F1 06 94 14 
"
"2016-11-21 14:39:18ID: BB  Data: 00 00 00 AA 0E FA BC BE 
"
"2016-11-21 14:39:18ID: BC  Data: 00 00 00 AA F1 05 43 42 
"
"2016-11-21 14:39:18ID: BB  Data: 00 00 00 AA 0E FA BC BE 
"
"2016-11-21 14:39:18ID: BC  Data: 00 00 00 AA F1 05 43 42 
"
"2016-11-21 14:39:18ID: BB  Data: 00 00 00 AA 0E FC 0D 91 
"
"2016-11-21 14:39:18ID: BC  Data: 00 00 00 AA F1 03 F2 6F 
"
"2016-11-21 14:39:18ID: BB  Data: 00 00 00 AA 0E FA BC BE 
"
"2016-11-21 14:39:18ID: BC  Data: 00 00 00 AA F1 05 43 42 
"
"2016-11-21 14:39:19ID: BB  Data: 00 00 00 AA 0E FC 0D 91 
"
"2016-11-21 14:39:19ID: BC  Data: 00 00 00 AA F1 03 F2 6F 
"
"2016-11-21 14:39:19ID: BB  Data: 00 00 00 AA 0E FA BC BE 
"
"2016-11-21 14:39:19ID: BC  Data: 00 00 00 AA F1 05 43 42 
"
"2016-11-21 14:39:19ID: BB  Data: 00 00 00 AA 0E FA BC BE 
"
"2016-11-21 14:39:19ID: BC  Data: 00 00 00 AA F1 05 43 42 
"
"2016-11-21 14:39:19ID: BB  Data: 00 00 00 AA 0E FC 0D 91 
"
"2016-11-21 14:39:19ID: BC  Data: 00 00 00 AA F1 03 F2 6F 
"
"2016-11-21 14:39:19ID: BB  Data: 00 00 00 AA 0E FA BC BE 
"
"2016-11-21 14:39:19ID: BC  Data: 00 00 00 AA F1 05 43 42 
"
"2016-11-21 14:39:19ID: BB  Data: 00 00 00 AA 0E FC 0D 91 
"
"2016-11-21 14:39:19ID: BC  Data: 00 00 00 AA F1 03 F2 6F 
"
"2016-11-21 14:39:19ID: BB  Data: 00 00 00 AA 0E FC 0D 91 
"
"2016-11-21 14:39:19ID: BC  Data: 00 00 00 AA F1 03 F2 6F 
"
"2016-11-21 14:39:19ID: BB  Data: 00 00 00 AA 0E F9 6B EC 
"
"2016-11-21 14:39:19ID: BC  Data: 00 00 00 AA F1 06 94 14 
"
"2016-11-21 14:39:19ID: BB  Data: 00 00 00 AA 0E FC 0D 91 
"
"2016-11-21 14:39:19ID: BC  Data: 00 00 00 AA F1 03 F2 6F 
"
"2016-11-21 14:39:19ID: BB  Data: 00 00 00 AA 0E FC 0D 91 
"
"2016-11-21 14:39:19ID: BC  Data: 00 00 00 AA F1 03 F2 6F 
"
"2016-11-21 14:39:19ID: BB  Data: 00 00 00 AA 0E FC 0D 91 
"
"2016-11-21 14:39:19ID: BC  Data: 00 00 00 AA F1 03 F2 6F 
"
"2016-11-21 14:39:20ID: BB  Data: 00 00 00 AA 0E FA BC BE 
"
"2016-11-21 14:39:20ID: BC  Data: 00 00 00 AA F1 05 43 42 
"
"2016-11-21 14:39:20ID: BB  Data: 00 00 00 AA 0E FD 5E 63 
"
"2016-11-21 14:39:20ID: BC  Data: 00 00 00 AA F1 02 A1 9D 
"
"2016-11-21 14:39:20ID: BB  Data: 00 00 00 AA 0E FA BC BE 
"
"2016-11-21 14:39:20ID: BC  Data: 00 00 00 AA F1 05 43 42 
"
"2016-11-21 14:39:20ID: BB  Data: 00 00 00 AA 0E FA BC BE 
"
"2016-11-21 14:39:20ID: BC  Data: 00 00 00 AA F1 05 43 42 
"
"2016-11-21 14:39:20ID: BB  Data: 00 00 00 AA 0E F9 6B EC 
"
"2016-11-21 14:39:20ID: BC  Data: 00 00 00 AA F1 06 94 14 
"
"2016-11-21 14:39:20ID: BB  Data: 00 00 00 AA 0E FA BC BE 
"
"2016-11-21 14:39:20ID: BC  Data: 00 00 00 AA F1 05 43 42 
"
"2016-11-21 14:39:20ID: BB  Data: 00 00 00 AA 0E F9 6B EC 
"
"2016-11-21 14:39:20ID: BC  Data: 00 00 00 AA F1 06 94 14 
"
"2016-11-21 14:39:20ID: BB  Data: 00 00 00 AA 0E FA BC BE 
"
"2016-11-21 14:39:20ID: BC  Data: 00 00 00 AA F1 05 43 42 
"
"2016-11-21 14:39:20ID: BB  Data: 00 00 00 AA 0E F9 6B EC 
"
"2016-11-21 14:39:20ID: BC  Data: 00 00 00 AA F1 06 94 14 
"
"2016-11-21 14:39:20ID: BB  Data: 00 00 00 AA 0E FC 0D 91 
"
"2016-11-21 14:39:20ID: BC  Data: 00 00 00 AA F1 03 F2 6F 
"
"2016-11-21 14:39:20ID: BB  Data: 00 00 00 AA 0E FA BC BE 
"
"2016-11-21 14:39:20ID: BC  Data: 00 00 00 AA F1 05 43 42 
"
"2016-11-21 14:39:20ID: BB  Data: 00 00 00 AA 0E FA BC BE 
"
"2016-11-21 14:39:20ID: BC  Data: 00 00 00 AA F1 05 43 42 
"
"2016-11-21 14:39:21ID: BB  Data: 00 00 00 AA 0E FA BC BE 
"
"2016-11-21 14:39:21ID: BC  Data: 00 00 00 AA F1 05 43 42 
"
"2016-11-21 14:39:21ID: BB  Data: 00 00 00 AA 0E FA BC BE 
"
"2016-11-21 14:39:21ID: BC  Data: 00 00 00 AA F1 05 43 42 
"
"2016-11-21 14:39:21ID: BB  Data: 00 00 00 AA 0E FA BC BE 
"
"2016-11-21 14:39:21ID: BC  Data: 00 00 00 AA F1 05 43 42 
"
"2016-11-21 14:39:21ID: BB  Data: 00 00 00 AA 0E FE AF 36 
"
"2016-11-21 14:39:21ID: BC  Data: 00 00 00 AA F1 01 50 CA 
"
"2016-11-21 14:39:21ID: BB  Data: 00 00 00 AA 0E FC 0D 91 
"
"2016-11-21 14:39:21ID: BC  Data: 00 00 00 AA F1 03 F2 6F 
"
"2016-11-21 14:39:21ID: BB  Data: 00 00 00 AA 0E FC 0D 91 
"
"2016-11-21 14:39:21ID: BC  Data: 00 00 00 AA F1 03 F2 6F 
"
"2016-11-21 14:39:21ID: BB  Data: 00 00 00 AA 0E FC 0D 91 
"
"2016-11-21 14:39:21ID: BC  Data: 00 00 00 AA F1 03 F2 6F 
"
"2016-11-21 14:39:21ID: BB  Data: 00 00 00 AA 0E FA BC BE 
"
"2016-11-21 14:39:21ID: BC  Data: 00 00 00 AA F1 05 43 42 
"
"2016-11-21 14:39:21ID: BB  Data: 00 00 00 AA 0E FA BC BE 
"
"2016-11-21 14:39:21ID: BC  Data: 00 00 00 AA F1 05 43 42 
"
"2016-11-21 14:39:21ID: BB  Data: 00 00 00 AA 0E FC 0D 91 
"
"2016-11-21 14:39:21ID: BC  Data: 00 00 00 AA F1 03 F2 6F 
"
"2016-11-21 14:39:21ID: BB  Data: 00 00 00 AA 0E FC 0D 91 
"
"2016-11-21 14:39:21ID: BC  Data: 00 00 00 AA F1 03 F2 6F 
"
"2016-11-21 14:39:22ID: BB  Data: 00 00 00 AA 0E FC 0D 91 
"
"2016-11-21 14:39:22ID: BC  Data: 00 00 00 AA F1 03 F2 6F 
"
"2016-11-21 14:39:22ID: BB  Data: 00 00 00 AA 0E FA BC BE 
"
"2016-11-21 14:39:22ID: BC  Data: 00 00 00 AA F1 05 43 42 
"
"2016-11-21 14:39:22ID: BB  Data: 00 00 00 AA 0E FD 5E 63 
"
"2016-11-21 14:39:22ID: BC  Data: 00 00 00 AA F1 02 A1 9D 
"
"2016-11-21 14:39:22ID: BB  Data: 00 00 00 AA 0E FE AF 36 
"
"2016-11-21 14:39:22ID: BC  Data: 00 00 00 AA F1 01 50 CA 
"
"2016-11-21 14:39:22ID: BB  Data: 00 00 00 AA 0E FC 0D 91 
"
"2016-11-21 14:39:22ID: BC  Data: 00 00 00 AA F1 03 F2 6F 
"
"2016-11-21 14:39:22ID: BB  Data: 00 00 00 AA 0E FC 0D 91 
"
"2016-11-21 14:39:22ID: BC  Data: 00 00 00 AA F1 03 F2 6F 
"
"2016-11-21 14:39:22ID: BB  Data: 00 00 00 AA 0E FC 0D 91 
"
"2016-11-21 14:39:22ID: BC  Data: 00 00 00 AA F1 03 F2 6F 
"
"2016-11-21 14:39:22ID: BB  Data: 00 00 00 AA 0E FA BC BE 
"
"2016-11-21 14:39:22ID: BC  Data: 00 00 00 AA F1 05 43 42 
"
"2016-11-21 14:39:22ID: BB  Data: 00 00 00 AA 0E FC 0D 91 
"
"2016-11-21 14:39:22ID: BC  Data: 00 00 00 AA F1 03 F2 6F 
"
"2016-11-21 14:39:22ID: BB  Data: 00 00 00 AA 0E FC 0D 91 
"
"2016-11-21 14:39:22ID: BC  Data: 00 00 00 AA F1 03 F2 6F 
"
"2016-11-21 14:39:22ID: BB  Data: 00 00 00 AA 0E FA BC BE 
"
"2016-11-21 14:39:22ID: BC  Data: 00 00 00 AA F1 05 43 42 
"
"2016-11-21 14:39:22ID: BB  Data: 00 00 00 AA 0D 0A B6 B9 
"
"2016-11-21 14:39:23ID: BC  Data: 00 00 00 AA F2 F5 49 47 
"
"2016-11-21 14:39:23ID: BB  Data: 00 00 00 AA 09 37 D2 E9 
"
"2016-11-21 14:39:23ID: BC  Data: 00 00 00 AA F6 C8 2D 17 
"
"2016-11-21 14:39:23ID: BB  Data: 00 00 00 AA 07 E4 5E BF 
"
"2016-11-21 14:39:23ID: BC  Data: 00 00 00 AA F8 1B A1 41 
"
"2016-11-21 14:39:23ID: BB  Data: 00 00 00 AA 07 99 5F E0 
"
"2016-11-21 14:39:23ID: BC  Data: 00 00 00 AA F8 66 A0 20 
"
"2016-11-21 14:39:23ID: BB  Data: 00 00 00 AA 05 6A 32 62 
"
"2016-11-21 14:39:23ID: BC  Data: 00 00 00 AA FA 95 CD 9E 
"
"2016-11-21 14:39:23ID: BB  Data: 00 00 00 AA 04 7C 0D 8B 
"
"2016-11-21 14:39:23ID: BC  Data: 00 00 00 AA FB 83 F2 75 
"
"2016-11-21 14:39:23ID: BB  Data: 00 00 00 AA 04 3F 87 B7 
"
"2016-11-21 14:39:23ID: BC  Data: 00 00 00 AA FB C0 78 49 
"
"2016-11-21 14:39:23ID: BB  Data: 00 00 00 AA 08 38 93 61 
"
"2016-11-21 14:39:23ID: BC  Data: 00 00 00 AA F7 C7 6C 9F 
"
"2016-11-21 14:39:23ID: BB  Data: 00 00 00 AA 0A 4D 70 6C 
"
"2016-11-21 14:39:23ID: BC  Data: 00 00 00 AA F5 B2 8F 94 
"
"2016-11-21 14:39:23ID: BB  Data: 00 00 00 AA 0B 47 6C AA 
"
"2016-11-21 14:39:23ID: BC  Data: 00 00 00 AA F4 B8 93 56 
"
"2016-11-21 14:39:23ID: BB  Data: 00 00 00 AA 0C CA 3E 6E 
"
"2016-11-21 14:39:23ID: BC  Data: 00 00 00 AA F3 35 C1 92 
"
"2016-11-21 14:39:23ID: BB  Data: 00 00 00 AA 0D 57 06 6B 
"
"2016-11-21 14:39:23ID: BC  Data: 00 00 00 AA F2 A8 F9 95 
"
"2016-11-21 14:39:24ID: BB  Data: 00 00 00 AA 0E 2A DA D0 
"
"2016-11-21 14:39:24ID: BC  Data: 00 00 00 AA F1 D5 25 30 
"
"2016-11-21 14:39:24ID: BB  Data: 00 00 00 AA 0E DC 79 D4 
"
"2016-11-21 14:39:24ID: BC  Data: 00 00 00 AA F1 23 86 2C 
"
"2016-11-21 14:39:24ID: BB  Data: 00 00 00 AA 0E F8 1B 19 
"
"2016-11-21 14:39:24ID: BC  Data: 00 00 00 AA F1 07 E4 E7 
"
"2016-11-21 14:39:24ID: BB  Data: 00 00 00 AA 0E F9 6B EC 
"
"2016-11-21 14:39:24ID: BC  Data: 00 00 00 AA F1 06 94 14 
"
"2016-11-21 14:39:24ID: BB  Data: 00 00 00 AA 0E FC 0D 91 
"
"2016-11-21 14:39:24ID: BC  Data: 00 00 00 AA F1 03 F2 6F 
"
"2016-11-21 14:39:24ID: BB  Data: 00 00 00 AA 0E F4 28 A1 
"
"2016-11-21 14:39:24ID: BC  Data: 00 00 00 AA F1 0B D7 5F 
"
"2016-11-21 14:39:24ID: BB  Data: 00 00 00 AA 0E F9 6B EC 
"
"2016-11-21 14:39:24ID: BC  Data: 00 00 00 AA F1 06 94 14 
"
"2016-11-21 14:39:24ID: BB  Data: 00 00 00 AA 0E FC 0D 91 
"
"2016-11-21 14:39:24ID: BC  Data: 00 00 00 AA F1 03 F2 6F 
"
"2016-11-21 14:39:24ID: BB  Data: 00 00 00 AA 0E F5 79 74 
"
"2016-11-21 14:39:24ID: BC  Data: 00 00 00 AA F1 0A 86 8C 
"
"2016-11-21 14:39:24ID: BB  Data: 00 00 00 AA 0E E7 00 68 
"
"2016-11-21 14:39:24ID: BC  Data: 00 00 00 AA F1 18 FF 98 
"
"2016-11-21 14:39:24ID: BB  Data: 00 00 00 AA 0E CF 51 9B 
"
"2016-11-21 14:39:24ID: BC  Data: 00 00 00 AA F1 30 AE 65 
"
"2016-11-21 14:39:25ID: BB  Data: 00 00 00 AA 0E D3 44 13 
"
"2016-11-21 14:39:25ID: BC  Data: 00 00 00 AA F1 2C BB ED 
"
"2016-11-21 14:39:25ID: BB  Data: 00 00 00 AA 0E D7 36 8A 
"
"2016-11-21 14:39:25ID: BC  Data: 00 00 00 AA F1 28 C9 76 
"
"2016-11-21 14:39:25ID: BB  Data: 00 00 00 AA 0E DB 29 02 
"
"2016-11-21 14:39:25ID: BC  Data: 00 00 00 AA F1 24 D6 FE 
"
"2016-11-21 14:39:25ID: BB  Data: 00 00 00 AA 0E E1 BD 1E 
"
"2016-11-21 14:39:25ID: BC  Data: 00 00 00 AA F1 1E 42 E2 
"
"2016-11-21 14:39:25ID: BB  Data: 00 00 00 AA 0E E7 00 68 
"
"2016-11-21 14:39:25ID: BC  Data: 00 00 00 AA F1 18 FF 98 
"
"2016-11-21 14:39:25ID: BB  Data: 00 00 00 AA 0E E4 5E C3 
"
"2016-11-21 14:39:25ID: BC  Data: 00 00 00 AA F1 1B A1 3D 
"
"2016-11-21 14:39:25ID: BB  Data: 00 00 00 AA 0E DF 1B 79 
"
"2016-11-21 14:39:25ID: BC  Data: 00 00 00 AA F1 20 E4 87 
"
"2016-11-21 14:39:25ID: BB  Data: 00 00 00 AA 0E FA BC BE 
"
"2016-11-21 14:39:25ID: BC  Data: 00 00 00 AA F1 05 43 42 
"
"2016-11-21 14:39:25ID: BB  Data: 00 00 00 AA 0E FD 5E 63 
"
"2016-11-21 14:39:25ID: BC  Data: 00 00 00 AA F1 02 A1 9D 
"
"2016-11-21 14:39:25ID: BB  Data: 00 00 00 AA 0E FD 5E 63 
"
"2016-11-21 14:39:25ID: BC  Data: 00 00 00 AA F1 02 A1 9D 
"
"2016-11-21 14:39:25ID: BB  Data: 00 00 00 AA 0E FA BC BE 
"
"2016-11-21 14:39:25ID: BC  Data: 00 00 00 AA F1 05 43 42 
"
"2016-11-21 14:39:25ID: BB  Data: 00 00 00 AA 0E FD 5E 63 
"
"2016-11-21 14:39:25ID: BC  Data: 00 00 00 AA F1 02 A1 9D 
"
"2016-11-21 14:39:26ID: BB  Data: 00 00 00 AA 0E FD 5E 63 
"
"2016-11-21 14:39:26ID: BC  Data: 00 00 00 AA F1 02 A1 9D 
"
"2016-11-21 14:39:26ID: BB  Data: 00 00 00 AA 0E FC 0D 91 
"
"2016-11-21 14:39:26ID: BC  Data: 00 00 00 AA F1 03 F2 6F 
"
"2016-11-21 14:39:26ID: BB  Data: 00 00 00 AA 0E FE AF 36 
"
"2016-11-21 14:39:26ID: BC  Data: 00 00 00 AA F1 01 50 CA 
"
"2016-11-21 14:39:26ID: BB  Data: 00 00 00 AA 0E FD 5E 63 
"
"2016-11-21 14:39:26ID: BC  Data: 00 00 00 AA F1 02 A1 9D 
"
"2016-11-21 14:39:26ID: BB  Data: 00 00 00 AA 0E FA BC BE 
"
"2016-11-21 14:39:26ID: BC  Data: 00 00 00 AA F1 05 43 42 
"
"2016-11-21 14:39:26ID: BB  Data: 00 00 00 AA 0E FC 0D 91 
"
"2016-11-21 14:39:26ID: BC  Data: 00 00 00 AA F1 03 F2 6F 
"
"2016-11-21 14:39:26ID: BB  Data: 00 00 00 AA 0E C4 CB 07 
"
"2016-11-21 14:39:26ID: BC  Data: 00 00 00 AA F1 3B 34 F9 
"
"2016-11-21 14:39:26ID: BB  Data: 00 00 00 AA 0E 0D E8 B9 
"
"2016-11-21 14:39:26ID: BC  Data: 00 00 00 AA F1 F2 17 47 
"
"2016-11-21 14:39:26ID: BB  Data: 00 00 00 AA 0D DB E9 79 
"
"2016-11-21 14:39:26ID: BC  Data: 00 00 00 AA F2 24 16 87 
"
"2016-11-21 14:39:26ID: BB  Data: 00 00 00 AA 0D BD A6 90 
"
"2016-11-21 14:39:26ID: BC  Data: 00 00 00 AA F2 42 59 70 
"
"2016-11-21 14:39:26ID: BB  Data: 00 00 00 AA 0D E6 70 0E 
"
"2016-11-21 14:39:26ID: BC  Data: 00 00 00 AA F2 19 8F F2 
"
"2016-11-21 14:39:27ID: BB  Data: 00 00 00 AA 0D F0 F6 A2 
"
"2016-11-21 14:39:27ID: BC  Data: 00 00 00 AA F2 0F 09 5E 
"
"2016-11-21 14:39:27ID: BB  Data: 00 00 00 AA 0D E2 7D 96 
"
"2016-11-21 14:39:27ID: BC  Data: 00 00 00 AA F2 1D 82 6A 
"
"2016-11-21 14:39:27ID: BB  Data: 00 00 00 AA 0B 1F F3 FE 
"
"2016-11-21 14:39:27ID: BC  Data: 00 00 00 AA F4 E0 0C 02 
"
"2016-11-21 14:39:27ID: BB  Data: 00 00 00 AA 05 73 68 24 
"
"2016-11-21 14:39:27ID: BC  Data: 00 00 00 AA FA 8C 97 DC 
"
"2016-11-21 14:39:27ID: BB  Data: 00 00 00 AA 02 46 4B F1 
"
"2016-11-21 14:39:27ID: BC  Data: 00 00 00 AA FD B9 B4 0F 
"
"2016-11-21 14:39:27ID: BB  Data: 00 00 00 AA 01 C4 0A 88 
"
"2016-11-21 14:39:27ID: BC  Data: 00 00 00 AA FE 3B F5 78 
"
"2016-11-21 14:39:27ID: BB  Data: 00 00 00 AA 00 00 00 00 
"
"2016-11-21 14:39:27ID: BC  Data: 00 00 00 AA 00 00 00 00 
"
"2016-11-21 14:39:27ID: BB  Data: 00 00 00 AA 00 00 00 00 
"
"2016-11-21 14:39:27ID: BC  Data: 00 00 00 AA 00 00 00 00 
"
"2016-11-21 14:39:27ID: BB  Data: 00 00 00 AA 00 00 00 00 
"
"2016-11-21 14:39:27ID: BC  Data: 00 00 00 AA 00 00 00 00 
"
"2016-11-21 14:39:27ID: BB  Data: 00 00 00 AA 00 00 00 00 
"
"2016-11-21 14:39:27ID: BC  Data: 00 00 00 AA 00 00 00 00 
"
"2016-11-21 14:39:27ID: BB  Data: 00 00 00 AA 00 00 00 00 
"
"2016-11-21 14:39:27ID: BC  Data: 00 00 00 AA 00 00 00 00 
"
"2016-11-21 14:39:28ID: BB  Data: 00 00 00 AA 00 00 00 00 
"
"2016-11-21 14:39:28ID: BC  Data: 00 00 00 AA 00 00 00 00 
"
"2016-11-21 14:39:28ID: BB  Data: 00 00 00 AA 00 00 00 00 
"
"2016-11-21 14:39:28ID: BC  Data: 00 00 00 AA 00 00 00 00 
"
"2016-11-21 14:39:28ID: BB  Data: 00 00 00 AA 00 00 00 00 
"
"2016-11-21 14:39:28ID: BC  Data: 00 00 00 AA 00 00 00 00 
"
"2016-11-21 14:39:28ID: BB  Data: 00 00 00 AA 00 00 00 00 
"
"2016-11-21 14:39:28ID: BC  Data: 00 00 00 AA 00 00 00 00 
"
"2016-11-21 14:39:28ID: BB  Data: 00 00 00 AA 00 00 00 00 
"
"2016-11-21 14:39:28ID: BC  Data: 00 00 00 AA 00 00 00 00 
"
"2016-11-21 14:39:28ID: BB  Data: 00 00 00 AA 00 00 00 00 
"
"2016-11-21 14:39:28ID: BC  Data: 00 00 00 AA 00 00 00 00 
"
"2016-11-21 14:39:28ID: BB  Data: 00 00 00 AA 00 00 00 00 
"
"2016-11-21 14:39:28ID: BC  Data: 00 00 00 AA 00 00 00 00 
"
"2016-11-21 14:39:28ID: BB  Data: 00 00 00 AA 00 00 00 00 
"
"2016-11-21 14:39:28ID: BC  Data: 00 00 00 AA 00 00 00 00 
"
"2016-11-21 14:39:28ID: BB  Data: 00 00 00 AA 00 00 00 00 
"
"2016-11-21 14:39:28ID: BC  Data: 00 00 00 AA 00 00 00 00 
"
"2016-11-21 14:39:28ID: BB  Data: 00 00 00 AA 00 00 00 00 
"
"2016-11-21 14:39:28ID: BC  Data: 00 00 00 AA 00 00 00 00 
"
"2016-11-21 14:39:28ID: BB  Data: 00 00 00 AA 00 00 00 00 
"
"2016-11-21 14:39:28ID: BC  Data: 00 00 00 AA 00 00 00 00 
"
"2016-11-21 14:39:28ID: BB  Data: 00 00 00 AA 00 00 00 00 
"
"2016-11-21 14:39:28ID: BC  Data: 00 00 00 AA 00 00 00 00 
"
"2016-11-21 14:39:29ID: BB  Data: 00 00 00 AA 00 00 00 00 
"
"2016-11-21 14:39:29ID: BC  Data: 00 00 00 AA 00 00 00 00 
"
"2016-11-21 14:39:29ID: BB  Data: 00 00 00 AA 00 00 00 00 
"
"2016-11-21 14:39:29ID: BC  Data: 00 00 00 AA 00 00 00 00 
"
"2016-11-21 14:39:29ID: BB  Data: 00 00 00 AA 00 00 00 00 
"
"2016-11-21 14:39:29ID: BC  Data: 00 00 00 AA 00 00 00 00 
"
"2016-11-21 14:39:29ID: BB  Data: 00 00 00 AA 00 00 00 00 
"
"2016-11-21 14:39:29ID: BC  Data: 00 00 00 AA 00 00 00 00 
"
"2016-11-21 14:39:29ID: BB  Data: 00 00 00 AA 00 00 00 00 
"
"2016-11-21 14:39:29ID: BC  Data: 00 00 00 AA 00 00 00 00 
"
"2016-11-21 14:39:29ID: BB  Data: 00 00 00 AA 00 00 00 00 
"
"2016-11-21 14:39:29ID: BC  Data: 00 00 00 AA 00 00 00 00 
"
"2016-11-21 14:39:29ID: BB  Data: 00 00 00 AA 00 00 00 00 
"
"2016-11-21 14:39:29ID: BC  Data: 00 00 00 AA 00 00 00 00 
"
"2016-11-21 14:39:29ID: BB  Data: 00 00 00 AA 00 00 00 00 
"
"2016-11-21 14:39:29ID: BC  Data: 00 00 00 AA 00 00 00 00 
"
"2016-11-21 14:39:29ID: BB  Data: 00 00 00 AA 00 00 00 00 
"
"2016-11-21 14:39:29ID: BC  Data: 00 00 00 AA 00 00 00 00 
"
"2016-11-21 14:39:29ID: BB  Data: 00 00 00 AA 00 00 00 00 
"
"2016-11-21 14:39:29ID: BC  Data: 00 00 00 AA 00 00 00 00 
"
"2016-11-21 14:39:29ID: BB  Data: 00 00 00 AA 03 41 99 01 
"
"2016-11-21 14:39:29ID: BC  Data: 00 00 00 AA FC BE 66 FF 
"
"2016-11-21 14:39:30ID: BB  Data: 00 00 00 AA 05 06 33 E3 
"
"2016-11-21 14:39:30ID: BC  Data: 00 00 00 AA FA F9 CC 1D 
"
"2016-11-21 14:39:30ID: BB  Data: 00 00 00 AA 06 DF DB ED 
"
"2016-11-21 14:39:30ID: BC  Data: 00 00 00 AA F9 20 24 13 
"
"2016-11-21 14:39:30ID: BB  Data: 00 00 00 AA 07 46 7C 11 
"
"2016-11-21 14:39:30ID: BC  Data: 00 00 00 AA F8 B9 83 EF 
"
"2016-11-21 14:39:30ID: BB  Data: 00 00 00 AA 07 68 B1 73 
"
"2016-11-21 14:39:30ID: BC  Data: 00 00 00 AA F8 97 4E 8D 
"
"2016-11-21 14:39:30ID: BB  Data: 00 00 00 AA 07 7C 6D C9 
"
"2016-11-21 14:39:30ID: BC  Data: 00 00 00 AA F8 83 92 37 
"
"2016-11-21 14:39:30ID: BB  Data: 00 00 00 AA 07 89 96 02 
"
"2016-11-21 14:39:30ID: BC  Data: 00 00 00 AA F8 76 69 FE 
"
"2016-11-21 14:39:30ID: BB  Data: 00 00 00 AA 07 90 2A 1E 
"
"2016-11-21 14:39:30ID: BC  Data: 00 00 00 AA F8 6F D5 E2 
"
"2016-11-21 14:39:30ID: BB  Data: 00 00 00 AA 07 C7 6C A8 
"
"2016-11-21 14:39:30ID: BC  Data: 00 00 00 AA F8 38 93 58 
"
"2016-11-21 14:39:30ID: BB  Data: 00 00 00 AA 07 CE 00 C5 
"
"2016-11-21 14:39:30ID: BC  Data: 00 00 00 AA F8 31 FF 3B 
"
"2016-11-21 14:39:30ID: BB  Data: 00 00 00 AA 08 12 6B 88 
"
"2016-11-21 14:39:30ID: BC  Data: 00 00 00 AA F7 ED 94 78 
"
"2016-11-21 14:39:30ID: BB  Data: 00 00 00 AA 08 4C 4F B6 
"
"2016-11-21 14:39:30ID: BC  Data: 00 00 00 AA F7 B3 B0 4A 
"
"2016-11-21 14:39:30ID: BB  Data: 00 00 00 AA 08 AE FD 63 
"
"2016-11-21 14:39:31ID: BC  Data: 00 00 00 AA F7 51 02 9D 
"
"2016-11-21 14:39:31ID: BB  Data: 00 00 00 AA 09 12 FB E2 
"
"2016-11-21 14:39:31ID: BC  Data: 00 00 00 AA F6 ED 04 1E 
"
"2016-11-21 14:39:31ID: BB  Data: 00 00 00 AA 09 26 B8 38 
"
"2016-11-21 14:39:31ID: BC  Data: 00 00 00 AA F6 D9 47 C8 
"
"2016-11-21 14:39:31ID: BB  Data: 00 00 00 AA 09 32 8F 9F 
"
"2016-11-21 14:39:31ID: BC  Data: 00 00 00 AA F6 CD 70 61 
"
"2016-11-21 14:39:31ID: BB  Data: 00 00 00 AA 09 93 EC 79 
"
"2016-11-21 14:39:31ID: BC  Data: 00 00 00 AA F6 6C 13 87 
"
"2016-11-21 14:39:31ID: BB  Data: 00 00 00 AA 0A 45 8B 7D 
"
"2016-11-21 14:39:31ID: BC  Data: 00 00 00 AA F5 BA 74 83 
"
"2016-11-21 14:39:31ID: BB  Data: 00 00 00 AA 0B 3F 87 BB 
"
"2016-11-21 14:39:31ID: BC  Data: 00 00 00 AA F4 C0 78 45 
"
"2016-11-21 14:39:31ID: BB  Data: 00 00 00 AA 0B BF 27 7F 
"
"2016-11-21 14:39:31ID: BC  Data: 00 00 00 AA F4 40 D8 81 
"
"2016-11-21 14:39:31ID: BB  Data: 00 00 00 AA 0C 15 FD C5 
"
"2016-11-21 14:39:31ID: BC  Data: 00 00 00 AA F3 EA 02 3B 
"
"2016-11-21 14:39:31ID: BB  Data: 00 00 00 AA 0C 6A 32 66 
"
"2016-11-21 14:39:31ID: BC  Data: 00 00 00 AA F3 95 CD 9A 
"
"2016-11-21 14:39:31ID: BB  Data: 00 00 00 AA 0C BA 74 90 
"
"2016-11-21 14:39:31ID: BC  Data: 00 00 00 AA F3 45 8B 70 
"
"2016-11-21 14:39:31ID: BB  Data: 00 00 00 AA 0C E1 ED 3B 
"
"2016-11-21 14:39:31ID: BC  Data: 00 00 00 AA F3 1E 12 C5 
"
"2016-11-21 14:39:32ID: BB  Data: 00 00 00 AA 0D 09 65 E7 
"
"2016-11-21 14:39:32ID: BC  Data: 00 00 00 AA F2 F6 9A 19 
"
"2016-11-21 14:39:32ID: BB  Data: 00 00 00 AA 0D 21 14 B4 
"
"2016-11-21 14:39:32ID: BC  Data: 00 00 00 AA F2 DE EB 4C 
"
"2016-11-21 14:39:32ID: BB  Data: 00 00 00 AA 0D 1B D1 6A 
"
"2016-11-21 14:39:32ID: BC  Data: 00 00 00 AA F2 E4 2E 96 
"
"2016-11-21 14:39:32ID: BB  Data: 00 00 00 AA 0D 08 15 14 
"
"2016-11-21 14:39:32ID: BC  Data: 00 00 00 AA F2 F7 EA EC 
"
"2016-11-21 14:39:32ID: BB  Data: 00 00 00 AA 0C E4 8E E0 
"
"2016-11-21 14:39:32ID: BC  Data: 00 00 00 AA F3 1B 71 20 
"
"2016-11-21 14:39:32ID: BB  Data: 00 00 00 AA 0C D0 D2 8A 
"
"2016-11-21 14:39:32ID: BC  Data: 00 00 00 AA F3 2F 2D 76 
"
"2016-11-21 14:39:32ID: BB  Data: 00 00 00 AA 0C A2 C5 C2 
"
"2016-11-21 14:39:32ID: BC  Data: 00 00 00 AA F3 5D 3A 3E 
"
"2016-11-21 14:39:32ID: BB  Data: 00 00 00 AA 0C 83 32 06 
"
"2016-11-21 14:39:32ID: BC  Data: 00 00 00 AA F3 7C CD FA 
"
"2016-11-21 14:39:32ID: BB  Data: 00 00 00 AA 0B E0 0C 0E 
"
"2016-11-21 14:39:32ID: BC  Data: 00 00 00 AA F4 1F F3 F2 
"
"2016-11-21 14:39:32ID: BB  Data: 00 00 00 AA 0B 71 86 FB 
"
"2016-11-21 14:39:32ID: BC  Data: 00 00 00 AA F4 8E 79 05 
"
"2016-11-21 14:39:32ID: BB  Data: 00 00 00 AA 0A 8F 39 8A 
"
"2016-11-21 14:39:32ID: BC  Data: 00 00 00 AA F5 70 C6 76 
"
"2016-11-21 14:39:33ID: BB  Data: 00 00 00 AA 0A 31 CF 27 
"
"2016-11-21 14:39:33ID: BC  Data: 00 00 00 AA F5 CE 30 D9 
"
"2016-11-21 14:39:33ID: BB  Data: 00 00 00 AA 09 D3 13 F2 
"
"2016-11-21 14:39:33ID: BC  Data: 00 00 00 AA F6 2C EC 0E 
"
"2016-11-21 14:39:33ID: BB  Data: 00 00 00 AA 09 8A B6 B7 
"
"2016-11-21 14:39:33ID: BC  Data: 00 00 00 AA F6 75 49 49 
"
"2016-11-21 14:39:33ID: BB  Data: 00 00 00 AA 08 C4 0A 8B 
"
"2016-11-21 14:39:33ID: BC  Data: 00 00 00 AA F7 3B F5 75 
"
"2016-11-21 14:39:33ID: BB  Data: 00 00 00 AA 03 DF 7B AF 
"
"2016-11-21 14:39:33ID: BC  Data: 00 00 00 AA FC 20 84 51 
"
"2016-11-21 14:39:33ID: BB  Data: 00 00 00 AA 02 2F ED F6 
"
"2016-11-21 14:39:33ID: BC  Data: 00 00 00 AA FD D0 12 0A 
"
"2016-11-21 14:39:33ID: BB  Data: 00 00 00 AA 01 A1 D5 26 
"
"2016-11-21 14:39:33ID: BC  Data: 00 00 00 AA FE 5E 2A DA 
"
"2016-11-21 14:39:33ID: BB  Data: 00 00 00 AA 00 00 00 00 
"
"2016-11-21 14:39:33ID: BC  Data: 00 00 00 AA 00 00 00 00 
"
"2016-11-21 14:39:33ID: BB  Data: 00 00 00 AA 00 00 00 00 
"
"2016-11-21 14:39:33ID: BC  Data: 00 00 00 AA 00 00 00 00 
"
"2016-11-21 14:39:33ID: BB  Data: 00 00 00 AA 00 00 00 00 
"
"2016-11-21 14:39:33ID: BC  Data: 00 00 00 AA 00 00 00 00 
"
"2016-11-21 14:39:33ID: BB  Data: 00 00 00 AA 00 00 00 00 
"
"2016-11-21 14:39:33ID: BC  Data: 00 00 00 AA 00 00 00 00 
"
"2016-11-21 14:39:33ID: BB  Data: 00 00 00 AA 00 00 00 00 
"
"2016-11-21 14:39:33ID: BC  Data: 00 00 00 AA 00 00 00 00 
"
"2016-11-21 14:39:34ID: BB  Data: 00 00 00 AA 00 00 00 00 
"
"2016-11-21 14:39:34ID: BC  Data: 00 00 00 AA 00 00 00 00 
"
"2016-11-21 14:39:34ID: BB  Data: 00 00 00 AA 00 00 00 00 
"
"2016-11-21 14:39:34ID: BC  Data: 00 00 00 AA 00 00 00 00 
"
"2016-11-21 14:39:34ID: BB  Data: 00 00 00 AA 00 00 00 00 
"
"2016-11-21 14:39:34ID: BC  Data: 00 00 00 AA 00 00 00 00 
"
"2016-11-21 14:39:34ID: BB  Data: 00 00 00 AA 00 00 00 00 
"
"2016-11-21 14:39:34ID: BC  Data: 00 00 00 AA 00 00 00 00 
"
"2016-11-21 14:39:34ID: BB  Data: 00 00 00 AA 00 00 00 00 
"
"2016-11-21 14:39:34ID: BC  Data: 00 00 00 AA 00 00 00 00 
"
"2016-11-21 14:39:34ID: BB  Data: 00 00 00 AA 00 00 00 00 
"
"2016-11-21 14:39:34ID: BC  Data: 00 00 00 AA 00 00 00 00 
"
"2016-11-21 14:39:34ID: BB  Data: 00 00 00 AA 00 00 00 00 
"
"2016-11-21 14:39:34ID: BC  Data: 00 00 00 AA 00 00 00 00 
"
"2016-11-21 14:39:34ID: BB  Data: 00 00 00 AA 00 00 00 00 
"
"2016-11-21 14:39:34ID: BC  Data: 00 00 00 AA 00 00 00 00 
"
"2016-11-21 14:39:34ID: BB  Data: 00 00 00 AA 00 00 00 00 
"
"2016-11-21 14:39:34ID: BC  Data: 00 00 00 AA 00 00 00 00 
"
"2016-11-21 14:39:34ID: BB  Data: 00 00 00 AA 01 87 84 B4 
"
"2016-11-21 14:39:34ID: BC  Data: 00 00 00 AA FE 78 7B 4C 
"
"2016-11-21 14:39:34ID: BB  Data: 00 00 00 AA 01 B8 33 21 
"
"2016-11-21 14:39:34ID: BC  Data: 00 00 00 AA FE 47 CC DF 
"
"2016-11-21 14:39:35ID: BB  Data: 00 00 00 AA 02 25 67 62 
"
"2016-11-21 14:39:35ID: BC  Data: 00 00 00 AA FD DA 98 9E 
"
"2016-11-21 14:39:35ID: BB  Data: 00 00 00 AA 02 56 15 CF 
"
"2016-11-21 14:39:35ID: BC  Data: 00 00 00 AA FD A9 EA 31 
"
"2016-11-21 14:39:35ID: BB  Data: 00 00 00 AA 02 50 D2 85 
"
"2016-11-21 14:39:35ID: BC  Data: 00 00 00 AA FD AF 2D 7B 
"
"2016-11-21 14:39:35ID: BB  Data: 00 00 00 AA 02 68 81 52 
"
"2016-11-21 14:39:35ID: BC  Data: 00 00 00 AA FD 97 7E AE 
"
"2016-11-21 14:39:35ID: BB  Data: 00 00 00 AA 03 1F 63 A0 
"
"2016-11-21 14:39:35ID: BC  Data: 00 00 00 AA FC E0 9C 60 
"
"2016-11-21 14:39:35ID: BB  Data: 00 00 00 AA 03 F1 E7 33 
"
"2016-11-21 14:39:35ID: BC  Data: 00 00 00 AA FC 0E 18 CD 
"
"2016-11-21 14:39:35ID: BB  Data: 00 00 00 AA 04 BC 85 D6 
"
"2016-11-21 14:39:35ID: BC  Data: 00 00 00 AA FB 43 7A 2A 
"
"2016-11-21 14:39:35ID: BB  Data: 00 00 00 AA 05 17 4E 94 
"
"2016-11-21 14:39:35ID: BC  Data: 00 00 00 AA FA E8 B1 6C 
"
"2016-11-21 14:39:35ID: BB  Data: 00 00 00 AA 05 41 68 E4 
"
"2016-11-21 14:39:35ID: BC  Data: 00 00 00 AA FA BE 97 1C 
"
"2016-11-21 14:39:35ID: BB  Data: 00 00 00 AA 05 E4 8E DC 
"
"2016-11-21 14:39:35ID: BC  Data: 00 00 00 AA FA 1B 71 24 
"
"2016-11-21 14:39:35ID: BB  Data: 00 00 00 AA 06 34 D1 06 
"
"2016-11-21 14:39:35ID: BC  Data: 00 00 00 AA F9 CB 2E FA 
"
"2016-11-21 14:39:36ID: BB  Data: 00 00 00 AA 06 5E EB 57 
"
"2016-11-21 14:39:36ID: BC  Data: 00 00 00 AA F9 A1 14 A9 
"
"2016-11-21 14:39:36ID: BB  Data: 00 00 00 AA 06 4F 21 78 
"
"2016-11-21 14:39:36ID: BC  Data: 00 00 00 AA F9 B0 DE 88 
"
"2016-11-21 14:39:36ID: BB  Data: 00 00 00 AA 05 F6 FA 60 
"
"2016-11-21 14:39:36ID: BC  Data: 00 00 00 AA FA 09 05 A0 
"
"2016-11-21 14:39:36ID: BB  Data: 00 00 00 AA 05 F0 66 43 
"
"2016-11-21 14:39:36ID: BC  Data: 00 00 00 AA FA 0F 99 BD 
"
"2016-11-21 14:39:36ID: BB  Data: 00 00 00 AA 06 06 C4 3E 
"
"2016-11-21 14:39:36ID: BC  Data: 00 00 00 AA F9 F9 3B C2 
"
"2016-11-21 14:39:36ID: BB  Data: 00 00 00 AA 06 22 65 83 
"
"2016-11-21 14:39:36ID: BC  Data: 00 00 00 AA F9 DD 9A 7D 
"
"2016-11-21 14:39:36ID: BB  Data: 00 00 00 AA 06 C2 E9 D6 
"
"2016-11-21 14:39:36ID: BC  Data: 00 00 00 AA F9 3D 16 2A 
"
"2016-11-21 14:39:36ID: BB  Data: 00 00 00 AA 07 63 6E 29 
"
"2016-11-21 14:39:36ID: BC  Data: 00 00 00 AA F8 9C 91 D7 
"
"2016-11-21 14:39:36ID: BB  Data: 00 00 00 AA 08 A5 C7 A1 
"
"2016-11-21 14:39:36ID: BC  Data: 00 00 00 AA F7 5A 38 5F 
"
"2016-11-21 14:39:36ID: BB  Data: 00 00 00 AA 0A 42 E9 D8 
"
"2016-11-21 14:39:36ID: BC  Data: 00 00 00 AA F5 BD 16 28 
"
"2016-11-21 14:39:36ID: BB  Data: 00 00 00 AA 0B 25 37 49 
"
"2016-11-21 14:39:36ID: BC  Data: 00 00 00 AA F4 DA C8 B7 
"
"2016-11-21 14:39:36ID: BB  Data: 00 00 00 AA 0C 19 F0 3D 
"
"2016-11-21 14:39:36ID: BC  Data: 00 00 00 AA F3 E6 0F C3 
"
"2016-11-21 14:39:37ID: BB  Data: 00 00 00 AA 0D 47 3C 8D 
"
"2016-11-21 14:39:37ID: BC  Data: 00 00 00 AA F2 B8 C3 73 
"
"2016-11-21 14:39:37ID: BB  Data: 00 00 00 AA 0E 3D 46 54 
"
"2016-11-21 14:39:37ID: BC  Data: 00 00 00 AA F1 C2 B9 AC 
"
"2016-11-21 14:39:37ID: BB  Data: 00 00 00 AA 0E EC 43 B2 
"
"2016-11-21 14:39:37ID: BC  Data: 00 00 00 AA F1 13 BC 4E 
"
"2016-11-21 14:39:37ID: BB  Data: 00 00 00 AA 0E FA BC BE 
"
"2016-11-21 14:39:37ID: BC  Data: 00 00 00 AA F1 05 43 42 
"
"2016-11-21 14:39:37ID: BB  Data: 00 00 00 AA 0E F9 6B EC 
"
"2016-11-21 14:39:37ID: BC  Data: 00 00 00 AA F1 06 94 14 
"
"2016-11-21 14:39:37ID: BB  Data: 00 00 00 AA 0E FA BC BE 
"
"2016-11-21 14:39:37ID: BC  Data: 00 00 00 AA F1 05 43 42 
"
"2016-11-21 14:39:37ID: BB  Data: 00 00 00 AA 0E FC 0D 91 
"
"2016-11-21 14:39:37ID: BC  Data: 00 00 00 AA F1 03 F2 6F 
"
"2016-11-21 14:39:37ID: BB  Data: 00 00 00 AA 0E FC 0D 91 
"
"2016-11-21 14:39:37ID: BC  Data: 00 00 00 AA F1 03 F2 6F 
"
"2016-11-21 14:39:37ID: BB  Data: 00 00 00 AA 0E FC 0D 91 
"
"2016-11-21 14:39:37ID: BC  Data: 00 00 00 AA F1 03 F2 6F 
"
"2016-11-21 14:39:37ID: BB  Data: 00 00 00 AA 0E FC 0D 91 
"
"2016-11-21 14:39:37ID: BC  Data: 00 00 00 AA F1 03 F2 6F 
"
"2016-11-21 14:39:37ID: BB  Data: 00 00 00 AA 0E FC 0D 91 
"
"2016-11-21 14:39:37ID: BC  Data: 00 00 00 AA F1 03 F2 6F 
"
"2016-11-21 14:39:38ID: BB  Data: 00 00 00 AA 0E FC 0D 91 
"
"2016-11-21 14:39:38ID: BC  Data: 00 00 00 AA F1 03 F2 6F 
"
"2016-11-21 14:39:38ID: BB  Data: 00 00 00 AA 0E FA BC BE 
"
"2016-11-21 14:39:38ID: BC  Data: 00 00 00 AA F1 05 43 42 
"
"2016-11-21 14:39:38ID: BB  Data: 00 00 00 AA 0E FC 0D 91 
"
"2016-11-21 14:39:38ID: BC  Data: 00 00 00 AA F1 03 F2 6F 
"
"2016-11-21 14:39:38ID: BB  Data: 00 00 00 AA 0E FE AF 36 
"
"2016-11-21 14:39:38ID: BC  Data: 00 00 00 AA F1 01 50 CA 
"
"2016-11-21 14:39:38ID: BB  Data: 00 00 00 AA 0E FC 0D 91 
"
"2016-11-21 14:39:38ID: BC  Data: 00 00 00 AA F1 03 F2 6F 
"
"2016-11-21 14:39:38ID: BB  Data: 00 00 00 AA 0E FC 0D 91 
"
"2016-11-21 14:39:38ID: BC  Data: 00 00 00 AA F1 03 F2 6F 
"
"2016-11-21 14:39:38ID: BB  Data: 00 00 00 AA 0E FC 0D 91 
"
"2016-11-21 14:39:38ID: BC  Data: 00 00 00 AA F1 03 F2 6F 
"
"2016-11-21 14:39:38ID: BB  Data: 00 00 00 AA 0E FA BC BE 
"
"2016-11-21 14:39:38ID: BC  Data: 00 00 00 AA F1 05 43 42 
"
"2016-11-21 14:39:38ID: BB  Data: 00 00 00 AA 0E FC 0D 91 
"
"2016-11-21 14:39:38ID: BC  Data: 00 00 00 AA F1 03 F2 6F 
"
"2016-11-21 14:39:38ID: BB  Data: 00 00 00 AA 0E FA BC BE 
"
"2016-11-21 14:39:38ID: BC  Data: 00 00 00 AA F1 05 43 42 
"
"2016-11-21 14:39:38ID: BB  Data: 00 00 00 AA 0E FC 0D 91 
"
"2016-11-21 14:39:38ID: BC  Data: 00 00 00 AA F1 03 F2 6F 
"
"2016-11-21 14:39:38ID: BB  Data: 00 00 00 AA 0E FC 0D 91 
"
"2016-11-21 14:39:39ID: BC  Data: 00 00 00 AA F1 03 F2 6F 
"
"2016-11-21 14:39:39ID: BB  Data: 00 00 00 AA 0E FC 0D 91 
"
"2016-11-21 14:39:39ID: BC  Data: 00 00 00 AA F1 03 F2 6F 
"
"2016-11-21 14:39:39ID: BB  Data: 00 00 00 AA 0E FC 0D 91 
"
"2016-11-21 14:39:39ID: BC  Data: 00 00 00 AA F1 03 F2 6F 
"
"2016-11-21 14:39:39ID: BB  Data: 00 00 00 AA 0E FD 5E 63 
"
"2016-11-21 14:39:39ID: BC  Data: 00 00 00 AA F1 02 A1 9D 
"
"2016-11-21 14:39:39ID: BB  Data: 00 00 00 AA 0E FC 0D 91 
"
"2016-11-21 14:39:39ID: BC  Data: 00 00 00 AA F1 03 F2 6F 
"
"2016-11-21 14:39:39ID: BB  Data: 00 00 00 AA 0E FA BC BE 
"
"2016-11-21 14:39:39ID: BC  Data: 00 00 00 AA F1 05 43 42 
"
"2016-11-21 14:39:39ID: BB  Data: 00 00 00 AA 0E FC 0D 91 
"
"2016-11-21 14:39:39ID: BC  Data: 00 00 00 AA F1 03 F2 6F 
"
"2016-11-21 14:39:39ID: BB  Data: 00 00 00 AA 0E FD 5E 63 
"
"2016-11-21 14:39:39ID: BC  Data: 00 00 00 AA F1 02 A1 9D 
"
"2016-11-21 14:39:39ID: BB  Data: 00 00 00 AA 0E FD 5E 63 
"
"2016-11-21 14:39:39ID: BC  Data: 00 00 00 AA F1 02 A1 9D 
"
"2016-11-21 14:39:39ID: BB  Data: 00 00 00 AA 0E FC 0D 91 
"
"2016-11-21 14:39:39ID: BC  Data: 00 00 00 AA F1 03 F2 6F 
"
"2016-11-21 14:39:39ID: BB  Data: 00 00 00 AA 0E B8 F3 A0 
"
"2016-11-21 14:39:39ID: BC  Data: 00 00 00 AA F1 47 0C 60 
"
"2016-11-21 14:39:39ID: BB  Data: 00 00 00 AA 0D 97 7E B7 
"
"2016-11-21 14:39:39ID: BC  Data: 00 00 00 AA F2 68 81 49 
"
"2016-11-21 14:39:40ID: BB  Data: 00 00 00 AA 0C E7 30 85 
"
"2016-11-21 14:39:40ID: BC  Data: 00 00 00 AA F3 18 CF 7B 
"
"2016-11-21 14:39:40ID: BB  Data: 00 00 00 AA 0B 8B D7 6D 
"
"2016-11-21 14:39:40ID: BC  Data: 00 00 00 AA F4 74 28 93 
"
"2016-11-21 14:39:40ID: BB  Data: 00 00 00 AA 0A E6 0F D0 
"
"2016-11-21 14:39:40ID: BC  Data: 00 00 00 AA F5 19 F0 30 
"
"2016-11-21 14:39:40ID: BB  Data: 00 00 00 AA 0A D8 E7 97 
"
"2016-11-21 14:39:40ID: BC  Data: 00 00 00 AA F5 27 18 69 
"
"2016-11-21 14:39:40ID: BB  Data: 00 00 00 AA 0A D3 A4 4D 
"
"2016-11-21 14:39:40ID: BC  Data: 00 00 00 AA F5 2C 5B B3 
"
"2016-11-21 14:39:40ID: BB  Data: 00 00 00 AA 0B 5F 1B 77 
"
"2016-11-21 14:39:40ID: BC  Data: 00 00 00 AA F4 A0 E4 89 
"
"2016-11-21 14:39:40ID: BB  Data: 00 00 00 AA 0C F0 66 47 
"
"2016-11-21 14:39:40ID: BC  Data: 00 00 00 AA F3 0F 99 B9 
"
"2016-11-21 14:39:40ID: BB  Data: 00 00 00 AA 0D A3 56 1D 
"
"2016-11-21 14:39:40ID: BC  Data: 00 00 00 AA F2 5C A9 E3 
"
"2016-11-21 14:39:40ID: BB  Data: 00 00 00 AA 0E 45 2B 43 
"
"2016-11-21 14:39:40ID: BC  Data: 00 00 00 AA F1 BA D4 BD 
"
"2016-11-21 14:39:40ID: BB  Data: 00 00 00 AA 0E D3 44 13 
"
"2016-11-21 14:39:40ID: BC  Data: 00 00 00 AA F1 2C BB ED 
"
"2016-11-21 14:39:40ID: BB  Data: 00 00 00 AA 0E FA BC BE 
"
"2016-11-21 14:39:40ID: BC  Data: 00 00 00 AA F1 05 43 42 
"
"2016-11-21 14:39:41ID: BB  Data: 00 00 00 AA 0E FC 0D 91 
"
"2016-11-21 14:39:41ID: BC  Data: 00 00 00 AA F1 03 F2 6F 
"
"2016-11-21 14:39:41ID: BB  Data: 00 00 00 AA 0E FC 0D 91 
"
"2016-11-21 14:39:41ID: BC  Data: 00 00 00 AA F1 03 F2 6F 
"
"2016-11-21 14:39:41ID: BB  Data: 00 00 00 AA 0E FC 0D 91 
"
"2016-11-21 14:39:41ID: BC  Data: 00 00 00 AA F1 03 F2 6F 
"
"2016-11-21 14:39:41ID: BB  Data: 00 00 00 AA 0E FC 0D 91 
"
"2016-11-21 14:39:41ID: BC  Data: 00 00 00 AA F1 03 F2 6F 
"
"2016-11-21 14:39:41ID: BB  Data: 00 00 00 AA 0E FD 5E 63 
"
"2016-11-21 14:39:41ID: BC  Data: 00 00 00 AA F1 02 A1 9D 
"
"2016-11-21 14:39:41ID: BB  Data: 00 00 00 AA 0E FD 5E 63 
"
"2016-11-21 14:39:41ID: BC  Data: 00 00 00 AA F1 02 A1 9D 
"
"2016-11-21 14:39:41ID: BB  Data: 00 00 00 AA 0E FC 0D 91 
"
"2016-11-21 14:39:41ID: BC  Data: 00 00 00 AA F1 03 F2 6F 
"
"2016-11-21 14:39:41ID: BB  Data: 00 00 00 AA 0E FA BC BE 
"
"2016-11-21 14:39:41ID: BC  Data: 00 00 00 AA F1 05 43 42 
"
"2016-11-21 14:39:41ID: BB  Data: 00 00 00 AA 0E FC 0D 91 
"
"2016-11-21 14:39:41ID: BC  Data: 00 00 00 AA F1 03 F2 6F 
"
"2016-11-21 14:39:41ID: BB  Data: 00 00 00 AA 0E FC 0D 91 
"
"2016-11-21 14:39:41ID: BC  Data: 00 00 00 AA F1 03 F2 6F 
"
"2016-11-21 14:39:41ID: BB  Data: 00 00 00 AA 0E FD 5E 63 
"
"2016-11-21 14:39:41ID: BC  Data: 00 00 00 AA F1 02 A1 9D 
"
"2016-11-21 14:39:41ID: BB  Data: 00 00 00 AA 0E FC 0D 91 
"
"2016-11-21 14:39:41ID: BC  Data: 00 00 00 AA F1 03 F2 6F 
"
"2016-11-21 14:39:42ID: BB  Data: 00 00 00 AA 0E FC 0D 91 
"
"2016-11-21 14:39:42ID: BC  Data: 00 00 00 AA F1 03 F2 6F 
"
"2016-11-21 14:39:42ID: BB  Data: 00 00 00 AA 0E FD 5E 63 
"
"2016-11-21 14:39:42ID: BC  Data: 00 00 00 AA F1 02 A1 9D 
"
"2016-11-21 14:39:42ID: BB  Data: 00 00 00 AA 0E FC 0D 91 
"
"2016-11-21 14:39:42ID: BC  Data: 00 00 00 AA F1 03 F2 6F 
"
"2016-11-21 14:39:42ID: BB  Data: 00 00 00 AA 0E FC 0D 91 
"
"2016-11-21 14:39:42ID: BC  Data: 00 00 00 AA F1 03 F2 6F 
"
"2016-11-21 14:39:42ID: BB  Data: 00 00 00 AA 0E FD 5E 63 
"
"2016-11-21 14:39:42ID: BC  Data: 00 00 00 AA F1 02 A1 9D 
"
"2016-11-21 14:39:42ID: BB  Data: 00 00 00 AA 0E FC 0D 91 
"
"2016-11-21 14:39:42ID: BC  Data: 00 00 00 AA F1 03 F2 6F 
"
"2016-11-21 14:39:42ID: BB  Data: 00 00 00 AA 0E FD 5E 63 
"
"2016-11-21 14:39:42ID: BC  Data: 00 00 00 AA F1 02 A1 9D 
"
"2016-11-21 14:39:42ID: BB  Data: 00 00 00 AA 0E FD 5E 63 
"
"2016-11-21 14:39:42ID: BC  Data: 00 00 00 AA F1 02 A1 9D 
"
"2016-11-21 14:39:42ID: BB  Data: 00 00 00 AA 0E FA BC BE 
"
"2016-11-21 14:39:42ID: BC  Data: 00 00 00 AA F1 05 43 42 
"
"2016-11-21 14:39:42ID: BB  Data: 00 00 00 AA 0E FA BC BE 
"
"2016-11-21 14:39:42ID: BC  Data: 00 00 00 AA F1 05 43 42 
"
"2016-11-21 14:39:42ID: BB  Data: 00 00 00 AA 0E FC 0D 91 
"
"2016-11-21 14:39:42ID: BC  Data: 00 00 00 AA F1 03 F2 6F 
"
"2016-11-21 14:39:43ID: BB  Data: 00 00 00 AA 0E FD 5E 63 
"
"2016-11-21 14:39:43ID: BC  Data: 00 00 00 AA F1 02 A1 9D 
"
"2016-11-21 14:39:43ID: BB  Data: 00 00 00 AA 0E FA BC BE 
"
"2016-11-21 14:39:43ID: BC  Data: 00 00 00 AA F1 05 43 42 
"
"2016-11-21 14:39:43ID: BB  Data: 00 00 00 AA 0E FC 0D 91 
"
"2016-11-21 14:39:43ID: BC  Data: 00 00 00 AA F1 03 F2 6F 
"
"2016-11-21 14:39:43ID: BB  Data: 00 00 00 AA 0E FC 0D 91 
"
"2016-11-21 14:39:43ID: BC  Data: 00 00 00 AA F1 03 F2 6F 
"
"2016-11-21 14:39:43ID: BB  Data: 00 00 00 AA 0E FC 0D 91 
"
"2016-11-21 14:39:43ID: BC  Data: 00 00 00 AA F1 03 F2 6F 
"
"2016-11-21 14:39:43ID: BB  Data: 00 00 00 AA 0E FD 5E 63 
"
"2016-11-21 14:39:43ID: BC  Data: 00 00 00 AA F1 02 A1 9D 
"
"2016-11-21 14:39:43ID: BB  Data: 00 00 00 AA 0E FD 5E 63 
"
"2016-11-21 14:39:43ID: BC  Data: 00 00 00 AA F1 02 A1 9D 
"
"2016-11-21 14:39:43ID: BB  Data: 00 00 00 AA 0E FA BC BE 
"
"2016-11-21 14:39:43ID: BC  Data: 00 00 00 AA F1 05 43 42 
"
"2016-11-21 14:39:43ID: BB  Data: 00 00 00 AA 0E FC 0D 91 
"
"2016-11-21 14:39:43ID: BC  Data: 00 00 00 AA F1 03 F2 6F 
"
"2016-11-21 14:39:43ID: BB  Data: 00 00 00 AA 0E FC 0D 91 
"
"2016-11-21 14:39:43ID: BC  Data: 00 00 00 AA F1 03 F2 6F 
"
"2016-11-21 14:39:43ID: BB  Data: 00 00 00 AA 0E FA BC BE 
"
"2016-11-21 14:39:43ID: BC  Data: 00 00 00 AA F1 05 43 42 
"
"2016-11-21 14:39:44ID: BB  Data: 00 00 00 AA 0E FA BC BE 
"
"2016-11-21 14:39:44ID: BC  Data: 00 00 00 AA F1 05 43 42 
"
"2016-11-21 14:39:44ID: BB  Data: 00 00 00 AA 0E FD 5E 63 
"
"2016-11-21 14:39:44ID: BC  Data: 00 00 00 AA F1 02 A1 9D 
"
"2016-11-21 14:39:44ID: BB  Data: 00 00 00 AA 0E FD 5E 63 
"
"2016-11-21 14:39:44ID: BC  Data: 00 00 00 AA F1 02 A1 9D 
"
"2016-11-21 14:39:44ID: BB  Data: 00 00 00 AA 0E FC 0D 91 
"
"2016-11-21 14:39:44ID: BC  Data: 00 00 00 AA F1 03 F2 6F 
"
"2016-11-21 14:39:44ID: BB  Data: 00 00 00 AA 0E FA BC BE 
"
"2016-11-21 14:39:44ID: BC  Data: 00 00 00 AA F1 05 43 42 
"
"2016-11-21 14:39:44ID: BB  Data: 00 00 00 AA 0E FD 5E 63 
"
"2016-11-21 14:39:44ID: BC  Data: 00 00 00 AA F1 02 A1 9D 
"
"2016-11-21 14:39:44ID: BB  Data: 00 00 00 AA 0E FC 0D 91 
"
"2016-11-21 14:39:44ID: BC  Data: 00 00 00 AA F1 03 F2 6F 
"
"2016-11-21 14:39:44ID: BB  Data: 00 00 00 AA 0E FD 5E 63 
"
"2016-11-21 14:39:44ID: BC  Data: 00 00 00 AA F1 02 A1 9D 
"
"2016-11-21 14:39:44ID: BB  Data: 00 00 00 AA 0E FC 0D 91 
"
"2016-11-21 14:39:44ID: BC  Data: 00 00 00 AA F1 03 F2 6F 
"
"2016-11-21 14:39:44ID: BB  Data: 00 00 00 AA 0E FC 0D 91 
"
"2016-11-21 14:39:44ID: BC  Data: 00 00 00 AA F1 03 F2 6F 
"
"2016-11-21 14:39:44ID: BB  Data: 00 00 00 AA 0E FD 5E 63 
"
"2016-11-21 14:39:44ID: BC  Data: 00 00 00 AA F1 02 A1 9D 
"
"2016-11-21 14:39:44ID: BB  Data: 00 00 00 AA 0E FA BC BE 
"
"2016-11-21 14:39:44ID: BC  Data: 00 00 00 AA F1 05 43 42 
"
"2016-11-21 14:39:45ID: BB  Data: 00 00 00 AA 0E FA BC BE 
"
"2016-11-21 14:39:45ID: BC  Data: 00 00 00 AA F1 05 43 42 
"
"2016-11-21 14:39:45ID: BB  Data: 00 00 00 AA 0E FA BC BE 
"
"2016-11-21 14:39:45ID: BC  Data: 00 00 00 AA F1 05 43 42 
"
"2016-11-21 14:39:45ID: BB  Data: 00 00 00 AA 0E FC 0D 91 
"
"2016-11-21 14:39:45ID: BC  Data: 00 00 00 AA F1 03 F2 6F 
"
"2016-11-21 14:39:45ID: BB  Data: 00 00 00 AA 0E FD 5E 63 
"
"2016-11-21 14:39:45ID: BC  Data: 00 00 00 AA F1 02 A1 9D 
"
"2016-11-21 14:39:45ID: BB  Data: 00 00 00 AA 0E FE AF 36 
"
"2016-11-21 14:39:45ID: BC  Data: 00 00 00 AA F1 01 50 CA 
"
"2016-11-21 14:39:45ID: BB  Data: 00 00 00 AA 0E F9 6B EC 
"
"2016-11-21 14:39:45ID: BC  Data: 00 00 00 AA F1 06 94 14 
"
"2016-11-21 14:39:45ID: BB  Data: 00 00 00 AA 0E FA BC BE 
"
"2016-11-21 14:39:45ID: BC  Data: 00 00 00 AA F1 05 43 42 
"
"2016-11-21 14:39:45ID: BB  Data: 00 00 00 AA 0E FD 5E 63 
"
"2016-11-21 14:39:45ID: BC  Data: 00 00 00 AA F1 02 A1 9D 
"
"2016-11-21 14:39:45ID: BB  Data: 00 00 00 AA 0E FC 0D 91 
"
"2016-11-21 14:39:45ID: BC  Data: 00 00 00 AA F1 03 F2 6F 
"
"2016-11-21 14:39:45ID: BB  Data: 00 00 00 AA 0E FC 0D 91 
"
"2016-11-21 14:39:45ID: BC  Data: 00 00 00 AA F1 03 F2 6F 
"
"2016-11-21 14:39:45ID: BB  Data: 00 00 00 AA 0E FE AF 36 
"
"2016-11-21 14:39:45ID: BC  Data: 00 00 00 AA F1 01 50 CA 
"
"2016-11-21 14:39:46ID: BB  Data: 00 00 00 AA 0E FD 5E 63 
"
"2016-11-21 14:39:46ID: BC  Data: 00 00 00 AA F1 02 A1 9D 
"
"2016-11-21 14:39:46ID: BB  Data: 00 00 00 AA 0E FD 5E 63 
"
"2016-11-21 14:39:46ID: BC  Data: 00 00 00 AA F1 02 A1 9D 
"
"2016-11-21 14:39:46ID: BB  Data: 00 00 00 AA 0E FE AF 36 
"
"2016-11-21 14:39:46ID: BC  Data: 00 00 00 AA F1 01 50 CA 
"
"2016-11-21 14:39:46ID: BB  Data: 00 00 00 AA 0E FC 0D 91 
"
"2016-11-21 14:39:46ID: BC  Data: 00 00 00 AA F1 03 F2 6F 
"
"2016-11-21 14:39:46ID: BB  Data: 00 00 00 AA 0E FC 0D 91 
"
"2016-11-21 14:39:46ID: BC  Data: 00 00 00 AA F1 03 F2 6F 
"
"2016-11-21 14:39:46ID: BB  Data: 00 00 00 AA 0E FC 0D 91 
"
"2016-11-21 14:39:46ID: BC  Data: 00 00 00 AA F1 03 F2 6F 
"
"2016-11-21 14:39:46ID: BB  Data: 00 00 00 AA 0E FE AF 36 
"
"2016-11-21 14:39:46ID: BC  Data: 00 00 00 AA F1 01 50 CA 
"
"2016-11-21 14:39:46ID: BB  Data: 00 00 00 AA 0E FD 5E 63 
"
"2016-11-21 14:39:46ID: BC  Data: 00 00 00 AA F1 02 A1 9D 
"
"2016-11-21 14:39:46ID: BB  Data: 00 00 00 AA 0E FC 0D 91 
"
"2016-11-21 14:39:46ID: BC  Data: 00 00 00 AA F1 03 F2 6F 
"
"2016-11-21 14:39:46ID: BB  Data: 00 00 00 AA 0E FE AF 36 
"
"2016-11-21 14:39:46ID: BC  Data: 00 00 00 AA F1 01 50 CA 
"
"2016-11-21 14:39:46ID: BB  Data: 00 00 00 AA 0E FD 5E 63 
"
"2016-11-21 14:39:46ID: BC  Data: 00 00 00 AA F1 02 A1 9D 
"
"2016-11-21 14:39:46ID: BB  Data: 00 00 00 AA 0E FA BC BE 
"
"2016-11-21 14:39:47ID: BC  Data: 00 00 00 AA F1 05 43 42 
"
"2016-11-21 14:39:47ID: BB  Data: 00 00 00 AA 0E FD 5E 63 
"
"2016-11-21 14:39:47ID: BC  Data: 00 00 00 AA F1 02 A1 9D 
"
"2016-11-21 14:39:47ID: BB  Data: 00 00 00 AA 0E FC 0D 91 
"
"2016-11-21 14:39:47ID: BC  Data: 00 00 00 AA F1 03 F2 6F 
"
"2016-11-21 14:39:47ID: BB  Data: 00 00 00 AA 0E FA BC BE 
"
"2016-11-21 14:39:47ID: BC  Data: 00 00 00 AA F1 05 43 42 
"
"2016-11-21 14:39:47ID: BB  Data: 00 00 00 AA 0F 00 00 08 
"
"2016-11-21 14:39:47ID: BC  Data: 00 00 00 AA F0 FF FF F8 
"
"2016-11-21 14:39:47ID: BB  Data: 00 00 00 AA 0E FD 5E 63 
"
"2016-11-21 14:39:47ID: BC  Data: 00 00 00 AA F1 02 A1 9D 
"
"2016-11-21 14:39:47ID: BB  Data: 00 00 00 AA 0E FC 0D 91 
"
"2016-11-21 14:39:47ID: BC  Data: 00 00 00 AA F1 03 F2 6F 
"
"2016-11-21 14:39:47ID: BB  Data: 00 00 00 AA 0E FA BC BE 
"
"2016-11-21 14:39:47ID: BC  Data: 00 00 00 AA F1 05 43 42 
"
"2016-11-21 14:39:47ID: BB  Data: 00 00 00 AA 0E FC 0D 91 
"
"2016-11-21 14:39:47ID: BC  Data: 00 00 00 AA F1 03 F2 6F 
"
"2016-11-21 14:39:47ID: BB  Data: 00 00 00 AA 0E FC 0D 91 
"
"2016-11-21 14:39:47ID: BC  Data: 00 00 00 AA F1 03 F2 6F 
"
"2016-11-21 14:39:47ID: BB  Data: 00 00 00 AA 0E FC 0D 91 
"
"2016-11-21 14:39:47ID: BC  Data: 00 00 00 AA F1 03 F2 6F 
"
"2016-11-21 14:39:47ID: BB  Data: 00 00 00 AA 0E FD 5E 63 
"
"2016-11-21 14:39:47ID: BC  Data: 00 00 00 AA F1 02 A1 9D 
"
"2016-11-21 14:39:48ID: BB  Data: 00 00 00 AA 0E FC 0D 91 
"
"2016-11-21 14:39:48ID: BC  Data: 00 00 00 AA F1 03 F2 6F 
"
"2016-11-21 14:39:48ID: BB  Data: 00 00 00 AA 0E FD 5E 63 
"
"2016-11-21 14:39:48ID: BC  Data: 00 00 00 AA F1 02 A1 9D 
"
"2016-11-21 14:39:48ID: BB  Data: 00 00 00 AA 0E FD 5E 63 
"
"2016-11-21 14:39:48ID: BC  Data: 00 00 00 AA F1 02 A1 9D 
"
"2016-11-21 14:39:48ID: BB  Data: 00 00 00 AA 0E FC 0D 91 
"
"2016-11-21 14:39:48ID: BC  Data: 00 00 00 AA F1 03 F2 6F 
"
"2016-11-21 14:39:48ID: BB  Data: 00 00 00 AA 0E FC 0D 91 
"
"2016-11-21 14:39:48ID: BC  Data: 00 00 00 AA F1 03 F2 6F 
"
"2016-11-21 14:39:48ID: BB  Data: 00 00 00 AA 0E CE 00 C8 
"
"2016-11-21 14:39:48ID: BC  Data: 00 00 00 AA F1 31 FF 38 
"
"2016-11-21 14:39:48ID: BB  Data: 00 00 00 AA 0E 3A A4 AF 
"
"2016-11-21 14:39:48ID: BC  Data: 00 00 00 AA F1 C5 5B 51 
"
"2016-11-21 14:39:48ID: BB  Data: 00 00 00 AA 0D C5 8B 7F 
"
"2016-11-21 14:39:48ID: BC  Data: 00 00 00 AA F2 3A 74 81 
"
"2016-11-21 14:39:48ID: BB  Data: 00 00 00 AA 0D 12 9B A8 
"
"2016-11-21 14:39:48ID: BC  Data: 00 00 00 AA F2 ED 64 58 
"
"2016-11-21 14:39:48ID: BB  Data: 00 00 00 AA 0C 89 C6 23 
"
"2016-11-21 14:39:48ID: BC  Data: 00 00 00 AA F3 76 39 DD 
"
"2016-11-21 14:39:48ID: BB  Data: 00 00 00 AA 0C 60 FC A5 
"
"2016-11-21 14:39:48ID: BC  Data: 00 00 00 AA F3 9F 03 5B 
"
"2016-11-21 14:39:49ID: BB  Data: 00 00 00 AA 0C 59 17 B5 
"
"2016-11-21 14:39:49ID: BC  Data: 00 00 00 AA F3 A6 E8 4B 
"
"2016-11-21 14:39:49ID: BB  Data: 00 00 00 AA 0C 85 D3 AB 
"
"2016-11-21 14:39:49ID: BC  Data: 00 00 00 AA F3 7A 2C 55 
"
"2016-11-21 14:39:49ID: BB  Data: 00 00 00 AA 0C C1 08 AC 
"
"2016-11-21 14:39:49ID: BC  Data: 00 00 00 AA F3 3E F7 54 
"
"2016-11-21 14:39:49ID: BB  Data: 00 00 00 AA 0D 5D 9A 88 
"
"2016-11-21 14:39:49ID: BC  Data: 00 00 00 AA F2 A2 65 78 
"
"2016-11-21 14:39:49ID: BB  Data: 00 00 00 AA 0D C4 3A AC 
"
"2016-11-21 14:39:49ID: BC  Data: 00 00 00 AA F2 3B C5 54 
"
"2016-11-21 14:39:49ID: BB  Data: 00 00 00 AA 0D BB 04 EA 
"
"2016-11-21 14:39:49ID: BC  Data: 00 00 00 AA F2 44 FB 16 
"
"2016-11-21 14:39:49ID: BB  Data: 00 00 00 AA 0D 68 21 1C 
"
"2016-11-21 14:39:49ID: BC  Data: 00 00 00 AA F2 97 DE E4 
"
"2016-11-21 14:39:49ID: BB  Data: 00 00 00 AA 0C C8 ED 9B 
"
"2016-11-21 14:39:49ID: BC  Data: 00 00 00 AA F3 37 12 65 
"
"2016-11-21 14:39:49ID: BB  Data: 00 00 00 AA 0C 4F E1 F4 
"
"2016-11-21 14:39:49ID: BC  Data: 00 00 00 AA F3 B0 1E 0C 
"
"2016-11-21 14:39:49ID: BB  Data: 00 00 00 AA 0B 5C 79 D2 
"
"2016-11-21 14:39:49ID: BC  Data: 00 00 00 AA F4 A3 86 2E 
"
"2016-11-21 14:39:49ID: BB  Data: 00 00 00 AA 09 01 E1 32 
"
"2016-11-21 14:39:49ID: BC  Data: 00 00 00 AA F6 FE 1E CE 
"
"2016-11-21 14:39:49ID: BB  Data: 00 00 00 AA 04 0E D9 4A 
"
"2016-11-21 14:39:49ID: BC  Data: 00 00 00 AA FB F1 26 B6 
"
"2016-11-21 14:39:50ID: BB  Data: 00 00 00 AA 02 14 4C B1 
"
"2016-11-21 14:39:50ID: BC  Data: 00 00 00 AA FD EB B3 4F 
"
"2016-11-21 14:39:50ID: BB  Data: 00 00 00 AA 01 8B 77 2B 
"
"2016-11-21 14:39:50ID: BC  Data: 00 00 00 AA FE 74 88 D5 
"
"2016-11-21 14:39:50ID: BB  Data: 00 00 00 AA 00 00 00 00 
"
"2016-11-21 14:39:50ID: BC  Data: 00 00 00 AA 00 00 00 00 
"
"2016-11-21 14:39:50ID: BB  Data: 00 00 00 AA 00 00 00 00 
"
"2016-11-21 14:39:50ID: BC  Data: 00 00 00 AA 00 00 00 00 
"
"2016-11-21 14:39:50ID: BB  Data: 00 00 00 AA 00 00 00 00 
"
"2016-11-21 14:39:50ID: BC  Data: 00 00 00 AA 00 00 00 00 
"
"2016-11-21 14:39:50ID: BB  Data: 00 00 00 AA 00 00 00 00 
"
"2016-11-21 14:39:50ID: BC  Data: 00 00 00 AA 00 00 00 00 
"
"2016-11-21 14:39:50ID: BB  Data: 00 00 00 AA 00 00 00 00 
"
"2016-11-21 14:39:50ID: BC  Data: 00 00 00 AA 00 00 00 00 
"
"2016-11-21 14:39:50ID: BB  Data: 00 00 00 AA 00 00 00 00 
"
"2016-11-21 14:39:50ID: BC  Data: 00 00 00 AA 00 00 00 00 
"
"2016-11-21 14:39:50ID: BB  Data: 00 00 00 AA 00 00 00 00 
"
"2016-11-21 14:39:50ID: BC  Data: 00 00 00 AA 00 00 00 00 
"
"2016-11-21 14:39:50ID: BB  Data: 00 00 00 AA 00 00 00 00 
"
"2016-11-21 14:39:50ID: BC  Data: 00 00 00 AA 00 00 00 00 
"
"2016-11-21 14:39:50ID: BB  Data: 00 00 00 AA 00 00 00 00 
"
"2016-11-21 14:39:50ID: BC  Data: 00 00 00 AA 00 00 00 00 
"
"2016-11-21 14:39:51ID: BB  Data: 00 00 00 AA 00 00 00 00 
"
"2016-11-21 14:39:51ID: BC  Data: 00 00 00 AA 00 00 00 00 
"
"2016-11-21 14:39:51ID: BB  Data: 00 00 00 AA 00 00 00 00 
"
"2016-11-21 14:39:51ID: BC  Data: 00 00 00 AA 00 00 00 00 
"
"2016-11-21 14:39:51ID: BB  Data: 00 00 00 AA 00 00 00 00 
"
"2016-11-21 14:39:51ID: BC  Data: 00 00 00 AA 00 00 00 00 
"
"2016-11-21 14:39:51ID: BB  Data: 00 00 00 AA 00 00 00 00 
"
"2016-11-21 14:39:51ID: BC  Data: 00 00 00 AA 00 00 00 00 
"
"2016-11-21 14:39:51ID: BB  Data: 00 00 00 AA 00 00 00 00 
"
"2016-11-21 14:39:51ID: BC  Data: 00 00 00 AA 00 00 00 00 
"
"2016-11-21 14:39:51ID: BB  Data: 00 00 00 AA 00 00 00 00 
"
"2016-11-21 14:39:51ID: BC  Data: 00 00 00 AA 00 00 00 00 
"
"2016-11-21 14:39:51ID: BB  Data: 00 00 00 AA 00 00 00 00 
"
"2016-11-21 14:39:51ID: BC  Data: 00 00 00 AA 00 00 00 00 
"
"2016-11-21 14:39:51ID: BB  Data: 00 00 00 AA 00 00 00 00 
"
"2016-11-21 14:39:51ID: BC  Data: 00 00 00 AA 00 00 00 00 
"
"2016-11-21 14:39:51ID: BB  Data: 00 00 00 AA 00 00 00 00 
"
"2016-11-21 14:39:51ID: BC  Data: 00 00 00 AA 00 00 00 00 
"
"2016-11-21 14:39:51ID: BB  Data: 00 00 00 AA 00 00 00 00 
"
"2016-11-21 14:39:51ID: BC  Data: 00 00 00 AA 00 00 00 00 
"
"2016-11-21 14:39:51ID: BB  Data: 00 00 00 AA 00 00 00 00 
"
"2016-11-21 14:39:51ID: BC  Data: 00 00 00 AA 00 00 00 00 
"
"2016-11-21 14:39:52ID: BB  Data: 00 00 00 AA 00 00 00 00 
"
"2016-11-21 14:39:52ID: BC  Data: 00 00 00 AA 00 00 00 00 
"
"2016-11-21 14:39:52ID: BB  Data: 00 00 00 AA 00 00 00 00 
"
"2016-11-21 14:39:52ID: BC  Data: 00 00 00 AA 00 00 00 00 
"
"2016-11-21 14:39:52ID: BB  Data: 00 00 00 AA 00 00 00 00 
"
"2016-11-21 14:39:52ID: BC  Data: 00 00 00 AA 00 00 00 00 
"
"2016-11-21 14:39:52ID: BB  Data: 00 00 00 AA 00 00 00 00 
"
"2016-11-21 14:39:52ID: BC  Data: 00 00 00 AA 00 00 00 00 
"
"2016-11-21 14:39:52ID: BB  Data: 00 00 00 AA 00 00 00 00 
"
"2016-11-21 14:39:52ID: BC  Data: 00 00 00 AA 00 00 00 00 
"
"2016-11-21 14:39:52ID: BB  Data: 00 00 00 AA 00 00 00 00 
"
"2016-11-21 14:39:52ID: BC  Data: 00 00 00 AA 00 00 00 00 
"
"2016-11-21 14:39:52ID: BB  Data: 00 00 00 AA 00 00 00 00 
"
"2016-11-21 14:39:52ID: BC  Data: 00 00 00 AA 00 00 00 00 
"
"2016-11-21 14:39:52ID: BB  Data: 00 00 00 AA 00 00 00 00 
"
"2016-11-21 14:39:52ID: BC  Data: 00 00 00 AA 00 00 00 00 
"
"2016-11-21 14:39:52ID: BB  Data: 00 00 00 AA 00 00 00 00 
"
"2016-11-21 14:39:52ID: BC  Data: 00 00 00 AA 00 00 00 00 
"
"2016-11-21 14:39:52ID: BB  Data: 00 00 00 AA 00 00 00 00 
"
"2016-11-21 14:39:52ID: BC  Data: 00 00 00 AA 00 00 00 00 
"
"2016-11-21 14:39:52ID: BB  Data: 00 00 00 AA 00 00 00 00 
"
"2016-11-21 14:39:52ID: BC  Data: 00 00 00 AA 00 00 00 00 
"
"2016-11-21 14:39:52ID: BB  Data: 00 00 00 AA 00 00 00 00 
"
"2016-11-21 14:39:52ID: BC  Data: 00 00 00 AA 00 00 00 00 
"
"2016-11-21 14:39:53ID: BB  Data: 00 00 00 AA 00 00 00 00 
"
"2016-11-21 14:39:53ID: BC  Data: 00 00 00 AA 00 00 00 00 
"
"2016-11-21 14:39:53ID: BB  Data: 00 00 00 AA 00 00 00 00 
"
"2016-11-21 14:39:53ID: BC  Data: 00 00 00 AA 00 00 00 00 
"
"2016-11-21 14:39:53ID: BB  Data: 00 00 00 AA 00 00 00 00 
"
"2016-11-21 14:39:53ID: BC  Data: 00 00 00 AA 00 00 00 00 
"
"2016-11-21 14:39:53ID: BB  Data: 00 00 00 AA 00 00 00 00 
"
"2016-11-21 14:39:53ID: BC  Data: 00 00 00 AA 00 00 00 00 
"
"2016-11-21 14:39:53ID: BB  Data: 00 00 00 AA 00 00 00 00 
"
"2016-11-21 14:39:53ID: BC  Data: 00 00 00 AA 00 00 00 00 
"
"2016-11-21 14:39:53ID: BB  Data: 00 00 00 AA 00 00 00 00 
"
"2016-11-21 14:39:53ID: BC  Data: 00 00 00 AA 00 00 00 00 
"
"2016-11-21 14:39:53ID: BB  Data: 00 00 00 AA 00 00 00 00 
"
"2016-11-21 14:39:53ID: BC  Data: 00 00 00 AA 00 00 00 00 
"
"2016-11-21 14:39:53ID: BB  Data: 00 00 00 AA 00 00 00 00 
"
"2016-11-21 14:39:53ID: BC  Data: 00 00 00 AA 00 00 00 00 
"
"2016-11-21 14:39:53ID: BB  Data: 00 00 00 AA 00 00 00 00 
"
"2016-11-21 14:39:53ID: BC  Data: 00 00 00 AA 00 00 00 00 
"
"2016-11-21 14:39:53ID: BB  Data: 00 00 00 AA 00 00 00 00 
"
"2016-11-21 14:39:53ID: BC  Data: 00 00 00 AA 00 00 00 00 
"
"2016-11-21 14:39:53ID: BB  Data: 00 00 00 AA 00 00 00 00 
"
"2016-11-21 14:39:53ID: BC  Data: 00 00 00 AA 00 00 00 00 
"
"2016-11-21 14:39:54ID: BB  Data: 00 00 00 AA 00 00 00 00 
"
"2016-11-21 14:39:54ID: BC  Data: 00 00 00 AA 00 00 00 00 
"
"2016-11-21 14:39:54ID: BB  Data: 00 00 00 AA 00 00 00 00 
"
"2016-11-21 14:39:54ID: BC  Data: 00 00 00 AA 00 00 00 00 
"
"2016-11-21 14:39:54ID: BB  Data: 00 00 00 AA 00 00 00 00 
"
"2016-11-21 14:39:54ID: BC  Data: 00 00 00 AA 00 00 00 00 
"
"2016-11-21 14:39:54ID: BB  Data: 00 00 00 AA 00 00 00 00 
"
"2016-11-21 14:39:54ID: BC  Data: 00 00 00 AA 00 00 00 00 
"
"2016-11-21 14:39:54ID: BB  Data: 00 00 00 AA 00 00 00 00 
"
"2016-11-21 14:39:54ID: BC  Data: 00 00 00 AA 00 00 00 00 
"
"2016-11-21 14:39:54ID: BB  Data: 00 00 00 AA 00 00 00 00 
"
"2016-11-21 14:39:54ID: BC  Data: 00 00 00 AA 00 00 00 00 
"
"2016-11-21 14:39:54ID: BB  Data: 00 00 00 AA 00 00 00 00 
"
"2016-11-21 14:39:54ID: BC  Data: 00 00 00 AA 00 00 00 00 
"
"2016-11-21 14:39:54ID: BB  Data: 00 00 00 AA 00 00 00 00 
"
"2016-11-21 14:39:54ID: BC  Data: 00 00 00 AA 00 00 00 00 
"
"2016-11-21 14:39:54ID: BB  Data: 00 00 00 AA 00 00 00 00 
"
"2016-11-21 14:39:54ID: BC  Data: 00 00 00 AA 00 00 00 00 
"
"2016-11-21 14:39:54ID: BB  Data: 00 00 00 AA 00 00 00 00 
"
"2016-11-21 14:39:54ID: BC  Data: 00 00 00 AA 00 00 00 00 
"
"2016-11-21 14:39:54ID: BB  Data: 00 00 00 AA 00 00 00 00 
"
"2016-11-21 14:39:54ID: BC  Data: 00 00 00 AA 00 00 00 00 
"
"2016-11-21 14:39:54ID: BB  Data: 00 00 00 AA 00 00 00 00 
"
"2016-11-21 14:39:55ID: BC  Data: 00 00 00 AA 00 00 00 00 
"
"2016-11-21 14:39:55ID: BB  Data: 00 00 00 AA 00 00 00 00 
"
"2016-11-21 14:39:55ID: BC  Data: 00 00 00 AA 00 00 00 00 
"
"2016-11-21 14:39:55ID: BB  Data: 00 00 00 AA 00 00 00 00 
"
"2016-11-21 14:39:55ID: BC  Data: 00 00 00 AA 00 00 00 00 
"
"2016-11-21 14:39:55ID: BB  Data: 00 00 00 AA 00 00 00 00 
"
"2016-11-21 14:39:55ID: BC  Data: 00 00 00 AA 00 00 00 00 
"
"2016-11-21 14:39:55ID: BB  Data: 00 00 00 AA 00 00 00 00 
"
"2016-11-21 14:39:55ID: BC  Data: 00 00 00 AA 00 00 00 00 
"
"2016-11-21 14:39:55ID: BB  Data: 00 00 00 AA 00 00 00 00 
"
"2016-11-21 14:39:55ID: BC  Data: 00 00 00 AA 00 00 00 00 
"
"2016-11-21 14:39:55ID: BB  Data: 00 00 00 AA 05 DD FA C0 
"
"2016-11-21 14:39:55ID: BC  Data: 00 00 00 AA FA 22 05 40 
"
"2016-11-21 14:39:55ID: BB  Data: 00 00 00 AA 0A 5D 3A 4A 
"
"2016-11-21 14:39:55ID: BC  Data: 00 00 00 AA F5 A2 C5 B6 
"
"2016-11-21 14:39:55ID: BB  Data: 00 00 00 AA 0C A8 09 0C 
"
"2016-11-21 14:39:55ID: BC  Data: 00 00 00 AA F3 57 F6 F4 
"
"2016-11-21 14:39:55ID: BB  Data: 00 00 00 AA 0E 54 F5 21 
"
"2016-11-21 14:39:55ID: BC  Data: 00 00 00 AA F1 AB 0A DF 
"
"2016-11-21 14:39:55ID: BB  Data: 00 00 00 AA 0E C7 6C AC 
"
"2016-11-21 14:39:55ID: BC  Data: 00 00 00 AA F1 38 93 54 
"
"2016-11-21 14:39:55ID: BB  Data: 00 00 00 AA 0E F5 79 74 
"
"2016-11-21 14:39:55ID: BC  Data: 00 00 00 AA F1 0A 86 8C 
"
"2016-11-21 14:39:56ID: BB  Data: 00 00 00 AA 0E FC 0D 91 
"
"2016-11-21 14:39:56ID: BC  Data: 00 00 00 AA F1 03 F2 6F 
"
"2016-11-21 14:39:56ID: BB  Data: 00 00 00 AA 0E FA BC BE 
"
"2016-11-21 14:39:56ID: BC  Data: 00 00 00 AA F1 05 43 42 
"
"2016-11-21 14:39:56ID: BB  Data: 00 00 00 AA 0E F9 6B EC 
"
"2016-11-21 14:39:56ID: BC  Data: 00 00 00 AA F1 06 94 14 
"
"2016-11-21 14:39:56ID: BB  Data: 00 00 00 AA 0E FA BC BE 
"
"2016-11-21 14:39:56ID: BC  Data: 00 00 00 AA F1 05 43 42 
"
"2016-11-21 14:39:56ID: BB  Data: 00 00 00 AA 0E FC 0D 91 
"
"2016-11-21 14:39:56ID: BC  Data: 00 00 00 AA F1 03 F2 6F 
"
"2016-11-21 14:39:56ID: BB  Data: 00 00 00 AA 0E FA BC BE 
"
"2016-11-21 14:39:56ID: BC  Data: 00 00 00 AA F1 05 43 42 
"
"2016-11-21 14:39:56ID: BB  Data: 00 00 00 AA 0E FA BC BE 
"
"2016-11-21 14:39:56ID: BC  Data: 00 00 00 AA F1 05 43 42 
"
"2016-11-21 14:39:56ID: BB  Data: 00 00 00 AA 0A A4 46 B2 
"
"2016-11-21 14:39:56ID: BC  Data: 00 00 00 AA F5 5B B9 4E 
"
"2016-11-21 14:39:56ID: BB  Data: 00 00 00 AA 03 DA 38 65 
"
"2016-11-21 14:39:56ID: BC  Data: 00 00 00 AA FC 25 C7 9B 
"
"2016-11-21 14:39:56ID: BB  Data: 00 00 00 AA 01 90 BA 75 
"
"2016-11-21 14:39:56ID: BC  Data: 00 00 00 AA FE 6F 45 8B 
"
"2016-11-21 14:39:56ID: BB  Data: 00 00 00 AA 00 00 00 00 
"
"2016-11-21 14:39:56ID: BC  Data: 00 00 00 AA 00 00 00 00 
"
"2016-11-21 14:39:57ID: BB  Data: 00 00 00 AA 00 00 00 00 
"
"2016-11-21 14:39:57ID: BC  Data: 00 00 00 AA 00 00 00 00 
"
"2016-11-21 14:39:57ID: BB  Data: 00 00 00 AA 00 00 00 00 
"
"2016-11-21 14:39:57ID: BC  Data: 00 00 00 AA 00 00 00 00 
"
"2016-11-21 14:39:57ID: BB  Data: 00 00 00 AA 00 00 00 00 
"
"2016-11-21 14:39:57ID: BC  Data: 00 00 00 AA 00 00 00 00 
"
"2016-11-21 14:39:57ID: BB  Data: 00 00 00 AA 00 00 00 00 
"
"2016-11-21 14:39:57ID: BC  Data: 00 00 00 AA 00 00 00 00 
"
"2016-11-21 14:39:57ID: BB  Data: 00 00 00 AA 00 00 00 00 
"
"2016-11-21 14:39:57ID: BC  Data: 00 00 00 AA 00 00 00 00 
"
"2016-11-21 14:39:57ID: BB  Data: 00 00 00 AA 00 00 00 00 
"
"2016-11-21 14:39:57ID: BC  Data: 00 00 00 AA 00 00 00 00 
"
"2016-11-21 14:39:57ID: BB  Data: 00 00 00 AA 00 00 00 00 
"
"2016-11-21 14:39:57ID: BC  Data: 00 00 00 AA 00 00 00 00 
"
"2016-11-21 14:39:57ID: BB  Data: 00 00 00 AA 00 00 00 00 
"
"2016-11-21 14:39:57ID: BC  Data: 00 00 00 AA 00 00 00 00 
"
"2016-11-21 14:39:57ID: BB  Data: 00 00 00 AA 00 00 00 00 
"
"2016-11-21 14:39:57ID: BC  Data: 00 00 00 AA 00 00 00 00 
"
"2016-11-21 14:39:57ID: BB  Data: 00 00 00 AA 00 00 00 00 
"
"2016-11-21 14:39:57ID: BC  Data: 00 00 00 AA 00 00 00 00 
"
"2016-11-21 14:39:57ID: BB  Data: 00 00 00 AA 00 00 00 00 
"
"2016-11-21 14:39:57ID: BC  Data: 00 00 00 AA 00 00 00 00 
"
"2016-11-21 14:39:57ID: BB  Data: 00 00 00 AA 00 00 00 00 
"
"2016-11-21 14:39:57ID: BC  Data: 00 00 00 AA 00 00 00 00 
"
"2016-11-21 14:39:58ID: BB  Data: 00 00 00 AA 00 00 00 00 
"
"2016-11-21 14:39:58ID: BC  Data: 00 00 00 AA 00 00 00 00 
"
"2016-11-21 14:39:58ID: BB  Data: 00 00 00 AA 00 00 00 00 
"
"2016-11-21 14:39:58ID: BC  Data: 00 00 00 AA 00 00 00 00 
"
"2016-11-21 14:39:58ID: BB  Data: 00 00 00 AA 00 00 00 00 
"
"2016-11-21 14:39:58ID: BC  Data: 00 00 00 AA 00 00 00 00 
"
"2016-11-21 14:39:58ID: BB  Data: 00 00 00 AA 00 00 00 00 
"
"2016-11-21 14:39:58ID: BC  Data: 00 00 00 AA 00 00 00 00 
"
"2016-11-21 14:39:58ID: BB  Data: 00 00 00 AA 00 00 00 00 
"
"2016-11-21 14:39:58ID: BC  Data: 00 00 00 AA 00 00 00 00 
"
"2016-11-21 14:39:58ID: BB  Data: 00 00 00 AA 00 00 00 00 
"
"2016-11-21 14:39:58ID: BC  Data: 00 00 00 AA 00 00 00 00 
"
"2016-11-21 14:39:58ID: BB  Data: 00 00 00 AA 00 00 00 00 
"
"2016-11-21 14:39:58ID: BC  Data: 00 00 00 AA 00 00 00 00 
"
"2016-11-21 14:39:58ID: BB  Data: 00 00 00 AA 00 00 00 00 
"
"2016-11-21 14:39:58ID: BC  Data: 00 00 00 AA 00 00 00 00 
"
"2016-11-21 14:39:58ID: BB  Data: 00 00 00 AA 00 00 00 00 
"
"2016-11-21 14:39:58ID: BC  Data: 00 00 00 AA 00 00 00 00 
"
"2016-11-21 14:39:58ID: BB  Data: 00 00 00 AA 00 00 00 00 
"
"2016-11-21 14:39:58ID: BC  Data: 00 00 00 AA 00 00 00 00 
"
"2016-11-21 14:39:58ID: BB  Data: 00 00 00 AA 00 00 00 00 
"
"2016-11-21 14:39:58ID: BC  Data: 00 00 00 AA 00 00 00 00 
"
"2016-11-21 14:39:59ID: BB  Data: 00 00 00 AA 00 00 00 00 
"
"2016-11-21 14:39:59ID: BC  Data: 00 00 00 AA 00 00 00 00 
"
"2016-11-21 14:39:59ID: BB  Data: 00 00 00 AA 00 00 00 00 
"
"2016-11-21 14:39:59ID: BC  Data: 00 00 00 AA 00 00 00 00 
"
"2016-11-21 14:39:59ID: BB  Data: 00 00 00 AA 00 00 00 00 
"
"2016-11-21 14:39:59ID: BC  Data: 00 00 00 AA 00 00 00 00 
"
"2016-11-21 14:39:59ID: BB  Data: 00 00 00 AA 00 00 00 00 
"
"2016-11-21 14:39:59ID: BC  Data: 00 00 00 AA 00 00 00 00 
"
"2016-11-21 14:39:59ID: BB  Data: 00 00 00 AA 00 00 00 00 
"
"2016-11-21 14:39:59ID: BC  Data: 00 00 00 AA 00 00 00 00 
"
"2016-11-21 14:39:59ID: BB  Data: 00 00 00 AA 00 00 00 00 
"
"2016-11-21 14:39:59ID: BC  Data: 00 00 00 AA 00 00 00 00 
"
"2016-11-21 14:39:59ID: BB  Data: 00 00 00 AA 00 00 00 00 
"
"2016-11-21 14:39:59ID: BC  Data: 00 00 00 AA 00 00 00 00 
"
"2016-11-21 14:39:59ID: BB  Data: 00 00 00 AA 00 00 00 00 
"
"2016-11-21 14:39:59ID: BC  Data: 00 00 00 AA 00 00 00 00 
"
"2016-11-21 14:39:59ID: BB  Data: 00 00 00 AA 00 00 00 00 
"
"2016-11-21 14:39:59ID: BC  Data: 00 00 00 AA 00 00 00 00 
"
"2016-11-21 14:39:59ID: BB  Data: 00 00 00 AA 00 00 00 00 
"
"2016-11-21 14:39:59ID: BC  Data: 00 00 00 AA 00 00 00 00 
"
"2016-11-21 14:39:59ID: BB  Data: 00 00 00 AA 00 00 00 00 
"
"2016-11-21 14:39:59ID: BC  Data: 00 00 00 AA 00 00 00 00 
"
"2016-11-21 14:40:00ID: BB  Data: 00 00 00 AA 00 00 00 00 
"
"2016-11-21 14:40:00ID: BC  Data: 00 00 00 AA 00 00 00 00 
"
"2016-11-21 14:40:00ID: BB  Data: 00 00 00 AA 00 00 00 00 
"
"2016-11-21 14:40:00ID: BC  Data: 00 00 00 AA 00 00 00 00 
"
"2016-11-21 14:40:00ID: BB  Data: 00 00 00 AA 00 00 00 00 
"
"2016-11-21 14:40:00ID: BC  Data: 00 00 00 AA 00 00 00 00 
"
"2016-11-21 14:40:00ID: BB  Data: 00 00 00 AA 00 00 00 00 
"
"2016-11-21 14:40:00ID: BC  Data: 00 00 00 AA 00 00 00 00 
"
"2016-11-21 14:40:00ID: BB  Data: 00 00 00 AA 00 00 00 00 
"
"2016-11-21 14:40:00ID: BC  Data: 00 00 00 AA 00 00 00 00 
"
"2016-11-21 14:40:00ID: BB  Data: 00 00 00 AA 00 00 00 00 
"
"2016-11-21 14:40:00ID: BC  Data: 00 00 00 AA 00 00 00 00 
"
"2016-11-21 14:40:00ID: BB  Data: 00 00 00 AA 00 00 00 00 
"
"2016-11-21 14:40:00ID: BC  Data: 00 00 00 AA 00 00 00 00 
"
"2016-11-21 14:40:00ID: BB  Data: 00 00 00 AA 00 00 00 00 
"
"2016-11-21 14:40:00ID: BC  Data: 00 00 00 AA 00 00 00 00 
"
"2016-11-21 14:40:00ID: BB  Data: 00 00 00 AA 00 00 00 00 
"
"2016-11-21 14:40:00ID: BC  Data: 00 00 00 AA 00 00 00 00 
"
"2016-11-21 14:40:00ID: BB  Data: 00 00 00 AA 00 00 00 00 
"
"2016-11-21 14:40:00ID: BC  Data: 00 00 00 AA 00 00 00 00 
"
"2016-11-21 14:40:00ID: BB  Data: 00 00 00 AA 00 00 00 00 
"
"2016-11-21 14:40:00ID: BC  Data: 00 00 00 AA 00 00 00 00 
"
"2016-11-21 14:40:00ID: BB  Data: 00 00 00 AA 00 00 00 00 
"
"2016-11-21 14:40:00ID: BC  Data: 00 00 00 AA 00 00 00 00 
"
"2016-11-21 14:40:01ID: BB  Data: 00 00 00 AA 00 00 00 00 
"
"2016-11-21 14:40:01ID: BC  Data: 00 00 00 AA 00 00 00 00 
"
"2016-11-21 14:40:01ID: BB  Data: 00 00 00 AA 00 00 00 00 
"
"2016-11-21 14:40:01ID: BC  Data: 00 00 00 AA 00 00 00 00 
"
"2016-11-21 14:40:01ID: BB  Data: 00 00 00 AA 00 00 00 00 
"
"2016-11-21 14:40:01ID: BC  Data: 00 00 00 AA 00 00 00 00 
"
"2016-11-21 14:40:01ID: BB  Data: 00 00 00 AA 00 00 00 00 
"
"2016-11-21 14:40:01ID: BC  Data: 00 00 00 AA 00 00 00 00 
"
"2016-11-21 14:40:01ID: BB  Data: 00 00 00 AA 00 00 00 00 
"
"2016-11-21 14:40:01ID: BC  Data: 00 00 00 AA 00 00 00 00 
"
"2016-11-21 14:40:01ID: BB  Data: 00 00 00 AA 00 00 00 00 
"
"2016-11-21 14:40:01ID: BC  Data: 00 00 00 AA 00 00 00 00 
"
"2016-11-21 14:40:01ID: BB  Data: 00 00 00 AA 00 00 00 00 
"
"2016-11-21 14:40:01ID: BC  Data: 00 00 00 AA 00 00 00 00 
"
"2016-11-21 14:40:01ID: BB  Data: 00 00 00 AA 00 00 00 00 
"
"2016-11-21 14:40:01ID: BC  Data: 00 00 00 AA 00 00 00 00 
"
"2016-11-21 14:40:01ID: BB  Data: 00 00 00 AA 05 5A 68 84 
"
"2016-11-21 14:40:01ID: BC  Data: 00 00 00 AA FA A5 97 7C 
"
"2016-11-21 14:40:01ID: BB  Data: 00 00 00 AA 0B 44 CB 05 
"
"2016-11-21 14:40:01ID: BC  Data: 00 00 00 AA F4 BB 34 FB 
"
"2016-11-21 14:40:01ID: BB  Data: 00 00 00 AA 0D BC 55 BD 
"
"2016-11-21 14:40:01ID: BC  Data: 00 00 00 AA F2 43 AA 43 
"
"2016-11-21 14:40:02ID: BB  Data: 00 00 00 AA 0E F0 36 2A 
"
"2016-11-21 14:40:02ID: BC  Data: 00 00 00 AA F1 0F C9 D6 
"
"2016-11-21 14:40:02ID: BB  Data: 00 00 00 AA 0E F8 1B 19 
"
"2016-11-21 14:40:02ID: BC  Data: 00 00 00 AA F1 07 E4 E7 
"
"2016-11-21 14:40:02ID: BB  Data: 00 00 00 AA 0E F9 6B EC 
"
"2016-11-21 14:40:02ID: BC  Data: 00 00 00 AA F1 06 94 14 
"
"2016-11-21 14:40:02ID: BB  Data: 00 00 00 AA 0E FC 0D 91 
"
"2016-11-21 14:40:02ID: BC  Data: 00 00 00 AA F1 03 F2 6F 
"
"2016-11-21 14:40:02ID: BB  Data: 00 00 00 AA 0E FC 0D 91 
"
"2016-11-21 14:40:02ID: BC  Data: 00 00 00 AA F1 03 F2 6F 
"
"2016-11-21 14:40:02ID: BB  Data: 00 00 00 AA 0E FC 0D 91 
"
"2016-11-21 14:40:02ID: BC  Data: 00 00 00 AA F1 03 F2 6F 
"
"2016-11-21 14:40:02ID: BB  Data: 00 00 00 AA 0E FC 0D 91 
"
"2016-11-21 14:40:02ID: BC  Data: 00 00 00 AA F1 03 F2 6F 
"
"2016-11-21 14:40:02ID: BB  Data: 00 00 00 AA 0E FE AF 36 
"
"2016-11-21 14:40:02ID: BC  Data: 00 00 00 AA F1 01 50 CA 
"
"2016-11-21 14:40:02ID: BB  Data: 00 00 00 AA 0E FD 5E 63 
"
"2016-11-21 14:40:02ID: BC  Data: 00 00 00 AA F1 02 A1 9D 
"
"2016-11-21 14:40:02ID: BB  Data: 00 00 00 AA 0E FD 5E 63 
"
"2016-11-21 14:40:02ID: BC  Data: 00 00 00 AA F1 02 A1 9D 
"
"2016-11-21 14:40:02ID: BB  Data: 00 00 00 AA 0E FD 5E 63 
"
"2016-11-21 14:40:02ID: BC  Data: 00 00 00 AA F1 02 A1 9D 
"
"2016-11-21 14:40:02ID: BB  Data: 00 00 00 AA 0E FD 5E 63 
"
"2016-11-21 14:40:03ID: BC  Data: 00 00 00 AA F1 02 A1 9D 
"
"2016-11-21 14:40:03ID: BB  Data: 00 00 00 AA 0E FD 5E 63 
"
"2016-11-21 14:40:03ID: BC  Data: 00 00 00 AA F1 02 A1 9D 
"
"2016-11-21 14:40:03ID: BB  Data: 00 00 00 AA 0E FD 5E 63 
"
"2016-11-21 14:40:03ID: BC  Data: 00 00 00 AA F1 02 A1 9D 
"
"2016-11-21 14:40:03ID: BB  Data: 00 00 00 AA 0E FD 5E 63 
"
"2016-11-21 14:40:03ID: BC  Data: 00 00 00 AA F1 02 A1 9D 
"
"2016-11-21 14:40:03ID: BB  Data: 00 00 00 AA 0E FD 5E 63 
"
"2016-11-21 14:40:03ID: BC  Data: 00 00 00 AA F1 02 A1 9D 
"
"2016-11-21 14:40:03ID: BB  Data: 00 00 00 AA 0E FE AF 36 
"
"2016-11-21 14:40:03ID: BC  Data: 00 00 00 AA F1 01 50 CA 
"
"2016-11-21 14:40:03ID: BB  Data: 00 00 00 AA 0E FD 5E 63 
"
"2016-11-21 14:40:03ID: BC  Data: 00 00 00 AA F1 02 A1 9D 
"
"2016-11-21 14:40:03ID: BB  Data: 00 00 00 AA 0E FD 5E 63 
"
"2016-11-21 14:40:03ID: BC  Data: 00 00 00 AA F1 02 A1 9D 
"
"2016-11-21 14:40:03ID: BB  Data: 00 00 00 AA 0E FD 5E 63 
"
"2016-11-21 14:40:03ID: BC  Data: 00 00 00 AA F1 02 A1 9D 
"
"2016-11-21 14:40:03ID: BB  Data: 00 00 00 AA 0E FE AF 36 
"
"2016-11-21 14:40:03ID: BC  Data: 00 00 00 AA F1 01 50 CA 
"
"2016-11-21 14:40:03ID: BB  Data: 00 00 00 AA 0E FC 0D 91 
"
"2016-11-21 14:40:03ID: BC  Data: 00 00 00 AA F1 03 F2 6F 
"
"2016-11-21 14:40:03ID: BB  Data: 00 00 00 AA 0E FD 5E 63 
"
"2016-11-21 14:40:03ID: BC  Data: 00 00 00 AA F1 02 A1 9D 
"
"2016-11-21 14:40:04ID: BB  Data: 00 00 00 AA 0E FD 5E 63 
"
"2016-11-21 14:40:04ID: BC  Data: 00 00 00 AA F1 02 A1 9D 
"
"2016-11-21 14:40:04ID: BB  Data: 00 00 00 AA 0E FD 5E 63 
"
"2016-11-21 14:40:04ID: BC  Data: 00 00 00 AA F1 02 A1 9D 
"
"2016-11-21 14:40:04ID: BB  Data: 00 00 00 AA 0E FC 0D 91 
"
"2016-11-21 14:40:04ID: BC  Data: 00 00 00 AA F1 03 F2 6F 
"
"2016-11-21 14:40:04ID: BB  Data: 00 00 00 AA 0E FE AF 36 
"
"2016-11-21 14:40:04ID: BC  Data: 00 00 00 AA F1 01 50 CA 
"
"2016-11-21 14:40:04ID: BB  Data: 00 00 00 AA 0E FD 5E 63 
"
"2016-11-21 14:40:04ID: BC  Data: 00 00 00 AA F1 02 A1 9D 
"
"2016-11-21 14:40:04ID: BB  Data: 00 00 00 AA 0E FC 0D 91 
"
"2016-11-21 14:40:04ID: BC  Data: 00 00 00 AA F1 03 F2 6F 
"
"2016-11-21 14:40:04ID: BB  Data: 00 00 00 AA 0E FD 5E 63 
"
"2016-11-21 14:40:04ID: BC  Data: 00 00 00 AA F1 02 A1 9D 
"
"2016-11-21 14:40:04ID: BB  Data: 00 00 00 AA 0E FE AF 36 
"
"2016-11-21 14:40:04ID: BC  Data: 00 00 00 AA F1 01 50 CA 
"
"2016-11-21 14:40:04ID: BB  Data: 00 00 00 AA 0E FE AF 36 
"
"2016-11-21 14:40:04ID: BC  Data: 00 00 00 AA F1 01 50 CA 
"
"2016-11-21 14:40:04ID: BB  Data: 00 00 00 AA 0E FC 0D 91 
"
"2016-11-21 14:40:04ID: BC  Data: 00 00 00 AA F1 03 F2 6F 
"
"2016-11-21 14:40:04ID: BB  Data: 00 00 00 AA 0E FE AF 36 
"
"2016-11-21 14:40:04ID: BC  Data: 00 00 00 AA F1 01 50 CA 
"
"2016-11-21 14:40:05ID: BB  Data: 00 00 00 AA 0E FD 5E 63 
"
"2016-11-21 14:40:05ID: BC  Data: 00 00 00 AA F1 02 A1 9D 
"
"2016-11-21 14:40:05ID: BB  Data: 00 00 00 AA 0E FD 5E 63 
"
"2016-11-21 14:40:05ID: BC  Data: 00 00 00 AA F1 02 A1 9D 
"
"2016-11-21 14:40:05ID: BB  Data: 00 00 00 AA 0E FE AF 36 
"
"2016-11-21 14:40:05ID: BC  Data: 00 00 00 AA F1 01 50 CA 
"
"2016-11-21 14:40:05ID: BB  Data: 00 00 00 AA 0E FE AF 36 
"
"2016-11-21 14:40:05ID: BC  Data: 00 00 00 AA F1 01 50 CA 
"
"2016-11-21 14:40:05ID: BB  Data: 00 00 00 AA 0E FD 5E 63 
"
"2016-11-21 14:40:05ID: BC  Data: 00 00 00 AA F1 02 A1 9D 
"
"2016-11-21 14:40:05ID: BB  Data: 00 00 00 AA 0E FD 5E 63 
"
"2016-11-21 14:40:05ID: BC  Data: 00 00 00 AA F1 02 A1 9D 
"
"2016-11-21 14:40:05ID: BB  Data: 00 00 00 AA 0E FE AF 36 
"
"2016-11-21 14:40:05ID: BC  Data: 00 00 00 AA F1 01 50 CA 
"
"2016-11-21 14:40:05ID: BB  Data: 00 00 00 AA 0E FE AF 36 
"
"2016-11-21 14:40:05ID: BC  Data: 00 00 00 AA F1 01 50 CA 
"
"2016-11-21 14:40:05ID: BB  Data: 00 00 00 AA 0E FE AF 36 
"
"2016-11-21 14:40:05ID: BC  Data: 00 00 00 AA F1 01 50 CA 
"
"2016-11-21 14:40:05ID: BB  Data: 00 00 00 AA 0E FE AF 36 
"
"2016-11-21 14:40:05ID: BC  Data: 00 00 00 AA F1 01 50 CA 
"
"2016-11-21 14:40:05ID: BB  Data: 00 00 00 AA 0E FE AF 36 
"
"2016-11-21 14:40:05ID: BC  Data: 00 00 00 AA F1 01 50 CA 
"
"2016-11-21 14:40:05ID: BB  Data: 00 00 00 AA 0E FD 5E 63 
"
"2016-11-21 14:40:05ID: BC  Data: 00 00 00 AA F1 02 A1 9D 
"
"2016-11-21 14:40:06ID: BB  Data: 00 00 00 AA 0E FD 5E 63 
"
"2016-11-21 14:40:06ID: BC  Data: 00 00 00 AA F1 02 A1 9D 
"
"2016-11-21 14:40:06ID: BB  Data: 00 00 00 AA 0E FD 5E 63 
"
"2016-11-21 14:40:06ID: BC  Data: 00 00 00 AA F1 02 A1 9D 
"
"2016-11-21 14:40:06ID: BB  Data: 00 00 00 AA 0E FD 5E 63 
"
"2016-11-21 14:40:06ID: BC  Data: 00 00 00 AA F1 02 A1 9D 
"
"2016-11-21 14:40:06ID: BB  Data: 00 00 00 AA 0E FE AF 36 
"
"2016-11-21 14:40:06ID: BC  Data: 00 00 00 AA F1 01 50 CA 
"
"2016-11-21 14:40:06ID: BB  Data: 00 00 00 AA 0F 00 00 08 
"
"2016-11-21 14:40:06ID: BC  Data: 00 00 00 AA F0 FF FF F8 
"
"2016-11-21 14:40:06ID: BB  Data: 00 00 00 AA 0E FD 5E 63 
"
"2016-11-21 14:40:06ID: BC  Data: 00 00 00 AA F1 02 A1 9D 
"
"2016-11-21 14:40:06ID: BB  Data: 00 00 00 AA 0E FE AF 36 
"
"2016-11-21 14:40:06ID: BC  Data: 00 00 00 AA F1 01 50 CA 
"
"2016-11-21 14:40:06ID: BB  Data: 00 00 00 AA 0E FD 5E 63 
"
"2016-11-21 14:40:06ID: BC  Data: 00 00 00 AA F1 02 A1 9D 
"
"2016-11-21 14:40:06ID: BB  Data: 00 00 00 AA 0E FE AF 36 
"
"2016-11-21 14:40:06ID: BC  Data: 00 00 00 AA F1 01 50 CA 
"
"2016-11-21 14:40:06ID: BB  Data: 00 00 00 AA 0E FE AF 36 
"
"2016-11-21 14:40:06ID: BC  Data: 00 00 00 AA F1 01 50 CA 
"
"2016-11-21 14:40:06ID: BB  Data: 00 00 00 AA 0E FE AF 36 
"
"2016-11-21 14:40:06ID: BC  Data: 00 00 00 AA F1 01 50 CA 
"
"2016-11-21 14:40:07ID: BB  Data: 00 00 00 AA 0E FD 5E 63 
"
"2016-11-21 14:40:07ID: BC  Data: 00 00 00 AA F1 02 A1 9D 
"
"2016-11-21 14:40:07ID: BB  Data: 00 00 00 AA 0E FD 5E 63 
"
"2016-11-21 14:40:07ID: BC  Data: 00 00 00 AA F1 02 A1 9D 
"
"2016-11-21 14:40:07ID: BB  Data: 00 00 00 AA 0F 00 00 08 
"
"2016-11-21 14:40:07ID: BC  Data: 00 00 00 AA F0 FF FF F8 
"
"2016-11-21 14:40:07ID: BB  Data: 00 00 00 AA 0E FD 5E 63 
"
"2016-11-21 14:40:07ID: BC  Data: 00 00 00 AA F1 02 A1 9D 
"
"2016-11-21 14:40:07ID: BB  Data: 00 00 00 AA 0E FE AF 36 
"
"2016-11-21 14:40:07ID: BC  Data: 00 00 00 AA F1 01 50 CA 
"
"2016-11-21 14:40:07ID: BB  Data: 00 00 00 AA 0F 00 00 08 
"
"2016-11-21 14:40:07ID: BC  Data: 00 00 00 AA F0 FF FF F8 
"
"2016-11-21 14:40:07ID: BB  Data: 00 00 00 AA 0E FD 5E 63 
"
"2016-11-21 14:40:07ID: BC  Data: 00 00 00 AA F1 02 A1 9D 
"
"2016-11-21 14:40:07ID: BB  Data: 00 00 00 AA 0E FE AF 36 
"
"2016-11-21 14:40:07ID: BC  Data: 00 00 00 AA F1 01 50 CA 
"
"2016-11-21 14:40:07ID: BB  Data: 00 00 00 AA 0E FC 0D 91 
"
"2016-11-21 14:40:07ID: BC  Data: 00 00 00 AA F1 03 F2 6F 
"
"2016-11-21 14:40:07ID: BB  Data: 00 00 00 AA 0E FE AF 36 
"
"2016-11-21 14:40:07ID: BC  Data: 00 00 00 AA F1 01 50 CA 
"
"2016-11-21 14:40:07ID: BB  Data: 00 00 00 AA 0E FD 5E 63 
"
"2016-11-21 14:40:07ID: BC  Data: 00 00 00 AA F1 02 A1 9D 
"
"2016-11-21 14:40:08ID: BB  Data: 00 00 00 AA 0E FE AF 36 
"
"2016-11-21 14:40:08ID: BC  Data: 00 00 00 AA F1 01 50 CA 
"
"2016-11-21 14:40:08ID: BB  Data: 00 00 00 AA 0F 00 00 08 
"
"2016-11-21 14:40:08ID: BC  Data: 00 00 00 AA F0 FF FF F8 
"
"2016-11-21 14:40:08ID: BB  Data: 00 00 00 AA 0E FE AF 36 
"
"2016-11-21 14:40:08ID: BC  Data: 00 00 00 AA F1 01 50 CA 
"
"2016-11-21 14:40:08ID: BB  Data: 00 00 00 AA 0E FE AF 36 
"
"2016-11-21 14:40:08ID: BC  Data: 00 00 00 AA F1 01 50 CA 
"
"2016-11-21 14:40:08ID: BB  Data: 00 00 00 AA 0E FE AF 36 
"
"2016-11-21 14:40:08ID: BC  Data: 00 00 00 AA F1 01 50 CA 
"
"2016-11-21 14:40:08ID: BB  Data: 00 00 00 AA 0F 00 00 08 
"
"2016-11-21 14:40:08ID: BC  Data: 00 00 00 AA F0 FF FF F8 
"
"2016-11-21 14:40:08ID: BB  Data: 00 00 00 AA 0E FD 5E 63 
"
"2016-11-21 14:40:08ID: BC  Data: 00 00 00 AA F1 02 A1 9D 
"
"2016-11-21 14:40:08ID: BB  Data: 00 00 00 AA 0E FD 5E 63 
"
"2016-11-21 14:40:08ID: BC  Data: 00 00 00 AA F1 02 A1 9D 
"
"2016-11-21 14:40:08ID: BB  Data: 00 00 00 AA 0E FD 5E 63 
"
"2016-11-21 14:40:08ID: BC  Data: 00 00 00 AA F1 02 A1 9D 
"
"2016-11-21 14:40:08ID: BB  Data: 00 00 00 AA 0E FD 5E 63 
"
"2016-11-21 14:40:08ID: BC  Data: 00 00 00 AA F1 02 A1 9D 
"
"2016-11-21 14:40:08ID: BB  Data: 00 00 00 AA 0E FE AF 36 
"
"2016-11-21 14:40:08ID: BC  Data: 00 00 00 AA F1 01 50 CA 
"
"2016-11-21 14:40:08ID: BB  Data: 00 00 00 AA 0E FD 5E 63 
"
"2016-11-21 14:40:08ID: BC  Data: 00 00 00 AA F1 02 A1 9D 
"
"2016-11-21 14:40:09ID: BB  Data: 00 00 00 AA 0E FE AF 36 
"
"2016-11-21 14:40:09ID: BC  Data: 00 00 00 AA F1 01 50 CA 
"
"2016-11-21 14:40:09ID: BB  Data: 00 00 00 AA 0F 00 00 08 
"
"2016-11-21 14:40:09ID: BC  Data: 00 00 00 AA F0 FF FF F8 
"
"2016-11-21 14:40:09ID: BB  Data: 00 00 00 AA 0E FD 5E 63 
"
"2016-11-21 14:40:09ID: BC  Data: 00 00 00 AA F1 02 A1 9D 
"
"2016-11-21 14:40:09ID: BB  Data: 00 00 00 AA 0E FE AF 36 
"
"2016-11-21 14:40:09ID: BC  Data: 00 00 00 AA F1 01 50 CA 
"
"2016-11-21 14:40:09ID: BB  Data: 00 00 00 AA 0E FD 5E 63 
"
"2016-11-21 14:40:09ID: BC  Data: 00 00 00 AA F1 02 A1 9D 
"
"2016-11-21 14:40:09ID: BB  Data: 00 00 00 AA 0F 00 00 08 
"
"2016-11-21 14:40:09ID: BC  Data: 00 00 00 AA F0 FF FF F8 
"
"2016-11-21 14:40:09ID: BB  Data: 00 00 00 AA 0E FE AF 36 
"
"2016-11-21 14:40:09ID: BC  Data: 00 00 00 AA F1 01 50 CA 
"
"2016-11-21 14:40:09ID: BB  Data: 00 00 00 AA 0E FD 5E 63 
"
"2016-11-21 14:40:09ID: BC  Data: 00 00 00 AA F1 02 A1 9D 
"
"2016-11-21 14:40:09ID: BB  Data: 00 00 00 AA 0E FD 5E 63 
"
"2016-11-21 14:40:09ID: BC  Data: 00 00 00 AA F1 02 A1 9D 
"
"2016-11-21 14:40:09ID: BB  Data: 00 00 00 AA 0E FD 5E 63 
"
"2016-11-21 14:40:09ID: BC  Data: 00 00 00 AA F1 02 A1 9D 
"
"2016-11-21 14:40:09ID: BB  Data: 00 00 00 AA 0E FD 5E 63 
"
"2016-11-21 14:40:09ID: BC  Data: 00 00 00 AA F1 02 A1 9D 
"
"2016-11-21 14:40:10ID: BB  Data: 00 00 00 AA 0E FE AF 36 
"
"2016-11-21 14:40:10ID: BC  Data: 00 00 00 AA F1 01 50 CA 
"
"2016-11-21 14:40:10ID: BB  Data: 00 00 00 AA 0E FE AF 36 
"
"2016-11-21 14:40:10ID: BC  Data: 00 00 00 AA F1 01 50 CA 
"
"2016-11-21 14:40:10ID: BB  Data: 00 00 00 AA 0E FE AF 36 
"
"2016-11-21 14:40:10ID: BC  Data: 00 00 00 AA F1 01 50 CA 
"
"2016-11-21 14:40:10ID: BB  Data: 00 00 00 AA 0F 00 00 08 
"
"2016-11-21 14:40:10ID: BC  Data: 00 00 00 AA F0 FF FF F8 
"
"2016-11-21 14:40:10ID: BB  Data: 00 00 00 AA 0F 00 00 08 
"
"2016-11-21 14:40:10ID: BC  Data: 00 00 00 AA F0 FF FF F8 
"
"2016-11-21 14:40:10ID: BB  Data: 00 00 00 AA 0E FE AF 36 
"
"2016-11-21 14:40:10ID: BC  Data: 00 00 00 AA F1 01 50 CA 
"
"2016-11-21 14:40:10ID: BB  Data: 00 00 00 AA 0F 00 00 08 
"
"2016-11-21 14:40:10ID: BC  Data: 00 00 00 AA F0 FF FF F8 
"
"2016-11-21 14:40:10ID: BB  Data: 00 00 00 AA 0E FE AF 36 
"
"2016-11-21 14:40:10ID: BC  Data: 00 00 00 AA F1 01 50 CA 
"
"2016-11-21 14:40:10ID: BB  Data: 00 00 00 AA 0E FE AF 36 
"
"2016-11-21 14:40:10ID: BC  Data: 00 00 00 AA F1 01 50 CA 
"
"2016-11-21 14:40:10ID: BB  Data: 00 00 00 AA 0E FC 0D 91 
"
"2016-11-21 14:40:10ID: BC  Data: 00 00 00 AA F1 03 F2 6F 
"
"2016-11-21 14:40:10ID: BB  Data: 00 00 00 AA 0E FE AF 36 
"
"2016-11-21 14:40:10ID: BC  Data: 00 00 00 AA F1 01 50 CA 
"
"2016-11-21 14:40:10ID: BB  Data: 00 00 00 AA 0E FE AF 36 
"
"2016-11-21 14:40:11ID: BC  Data: 00 00 00 AA F1 01 50 CA 
"
"2016-11-21 14:40:11ID: BB  Data: 00 00 00 AA 0E FD 5E 63 
"
"2016-11-21 14:40:11ID: BC  Data: 00 00 00 AA F1 02 A1 9D 
"
"2016-11-21 14:40:11ID: BB  Data: 00 00 00 AA 0E FD 5E 63 
"
"2016-11-21 14:40:11ID: BC  Data: 00 00 00 AA F1 02 A1 9D 
"
"2016-11-21 14:40:11ID: BB  Data: 00 00 00 AA 0F 00 00 08 
"
"2016-11-21 14:40:11ID: BC  Data: 00 00 00 AA F0 FF FF F8 
"
"2016-11-21 14:40:11ID: BB  Data: 00 00 00 AA 0E FD 5E 63 
"
"2016-11-21 14:40:11ID: BC  Data: 00 00 00 AA F1 02 A1 9D 
"
"2016-11-21 14:40:11ID: BB  Data: 00 00 00 AA 0E FD 5E 63 
"
"2016-11-21 14:40:11ID: BC  Data: 00 00 00 AA F1 02 A1 9D 
"
"2016-11-21 14:40:11ID: BB  Data: 00 00 00 AA 0E 5E 2A E3 
"
"2016-11-21 14:40:11ID: BC  Data: 00 00 00 AA F1 A1 D5 1D 
"
"2016-11-21 14:40:11ID: BB  Data: 00 00 00 AA 0D 70 06 0B 
"
"2016-11-21 14:40:11ID: BC  Data: 00 00 00 AA F2 8F F9 F5 
"
"2016-11-21 14:40:11ID: BB  Data: 00 00 00 AA 0D 60 3C 2D 
"
"2016-11-21 14:40:11ID: BC  Data: 00 00 00 AA F2 9F C3 D3 
"
"2016-11-21 14:40:11ID: BB  Data: 00 00 00 AA 0D 4B 2F 05 
"
"2016-11-21 14:40:11ID: BC  Data: 00 00 00 AA F2 B4 D0 FB 
"
"2016-11-21 14:40:11ID: BB  Data: 00 00 00 AA 0C E3 3E 0E 
"
"2016-11-21 14:40:11ID: BC  Data: 00 00 00 AA F3 1C C1 F2 
"
"2016-11-21 14:40:11ID: BB  Data: 00 00 00 AA 0C 0B 77 31 
"
"2016-11-21 14:40:11ID: BC  Data: 00 00 00 AA F3 F4 88 CF 
"
"2016-11-21 14:40:12ID: BB  Data: 00 00 00 AA 0B 15 6D 6A 
"
"2016-11-21 14:40:12ID: BC  Data: 00 00 00 AA F4 EA 92 96 
"
"2016-11-21 14:40:12ID: BB  Data: 00 00 00 AA 0A A6 E8 57 
"
"2016-11-21 14:40:12ID: BC  Data: 00 00 00 AA F5 59 17 A9 
"
"2016-11-21 14:40:12ID: BB  Data: 00 00 00 AA 0A 4A CE C7 
"
"2016-11-21 14:40:12ID: BC  Data: 00 00 00 AA F5 B5 31 39 
"
"2016-11-21 14:40:12ID: BB  Data: 00 00 00 AA 09 CC 7F D5 
"
"2016-11-21 14:40:12ID: BC  Data: 00 00 00 AA F6 33 80 2B 
"
"2016-11-21 14:40:12ID: BB  Data: 00 00 00 AA 09 26 B8 38 
"
"2016-11-21 14:40:12ID: BC  Data: 00 00 00 AA F6 D9 47 C8 
"
"2016-11-21 14:40:12ID: BB  Data: 00 00 00 AA 08 9F 33 85 
"
"2016-11-21 14:40:12ID: BC  Data: 00 00 00 AA F7 60 CC 7B 
"
"2016-11-21 14:40:12ID: BB  Data: 00 00 00 AA 08 86 33 E5 
"
"2016-11-21 14:40:12ID: BC  Data: 00 00 00 AA F7 79 CC 1B 
"
"2016-11-21 14:40:12ID: BB  Data: 00 00 00 AA 08 83 92 40 
"
"2016-11-21 14:40:12ID: BC  Data: 00 00 00 AA F7 7C 6D C0 
"
"2016-11-21 14:40:12ID: BB  Data: 00 00 00 AA 08 72 77 8F 
"
"2016-11-21 14:40:12ID: BC  Data: 00 00 00 AA F7 8D 88 71 
"
"2016-11-21 14:40:12ID: BB  Data: 00 00 00 AA 08 76 6A 07 
"
"2016-11-21 14:40:12ID: BC  Data: 00 00 00 AA F7 89 95 F9 
"
"2016-11-21 14:40:12ID: BB  Data: 00 00 00 AA 07 D3 44 0F 
"
"2016-11-21 14:40:12ID: BC  Data: 00 00 00 AA F8 2C BB F1 
"
"2016-11-21 14:40:13ID: BB  Data: 00 00 00 AA 06 EA 62 81 
"
"2016-11-21 14:40:13ID: BC  Data: 00 00 00 AA F9 15 9D 7F 
"
"2016-11-21 14:40:13ID: BB  Data: 00 00 00 AA 06 F8 DB 8D 
"
"2016-11-21 14:40:13ID: BC  Data: 00 00 00 AA F9 07 24 73 
"
"2016-11-21 14:40:13ID: BB  Data: 00 00 00 AA 06 A5 F7 BE 
"
"2016-11-21 14:40:13ID: BC  Data: 00 00 00 AA F9 5A 08 42 
"
"2016-11-21 14:40:13ID: BB  Data: 00 00 00 AA 04 B0 AE 70 
"
"2016-11-21 14:40:13ID: BC  Data: 00 00 00 AA FB 4F 51 90 
"
"2016-11-21 14:40:13ID: BB  Data: 00 00 00 AA 01 80 F0 97 
"
"2016-11-21 14:40:13ID: BC  Data: 00 00 00 AA FE 7F 0F 69 
"
"2016-11-21 14:40:13ID: BB  Data: 00 00 00 AA 00 00 00 00 
"
"2016-11-21 14:40:13ID: BC  Data: 00 00 00 AA 00 00 00 00 
"
"2016-11-21 14:40:13ID: BB  Data: 00 00 00 AA 00 00 00 00 
"
"2016-11-21 14:40:13ID: BC  Data: 00 00 00 AA 00 00 00 00 
"
"2016-11-21 14:40:13ID: BB  Data: 00 00 00 AA 00 00 00 00 
"
"2016-11-21 14:40:13ID: BC  Data: 00 00 00 AA 00 00 00 00 
"
"2016-11-21 14:40:13ID: BB  Data: 00 00 00 AA 00 00 00 00 
"
"2016-11-21 14:40:13ID: BC  Data: 00 00 00 AA 00 00 00 00 
"
"2016-11-21 14:40:13ID: BB  Data: 00 00 00 AA 00 00 00 00 
"
"2016-11-21 14:40:13ID: BC  Data: 00 00 00 AA 00 00 00 00 
"
"2016-11-21 14:40:13ID: BB  Data: 00 00 00 AA 00 00 00 00 
"
"2016-11-21 14:40:13ID: BC  Data: 00 00 00 AA 00 00 00 00 
"
"2016-11-21 14:40:13ID: BB  Data: 00 00 00 AA 00 00 00 00 
"
"2016-11-21 14:40:13ID: BC  Data: 00 00 00 AA 00 00 00 00 
"
"2016-11-21 14:40:14ID: BB  Data: 00 00 00 AA 00 00 00 00 
"
"2016-11-21 14:40:14ID: BC  Data: 00 00 00 AA 00 00 00 00 
"
"2016-11-21 14:40:14ID: BB  Data: 00 00 00 AA 00 00 00 00 
"
"2016-11-21 14:40:14ID: BC  Data: 00 00 00 AA 00 00 00 00 
"
"2016-11-21 14:40:14ID: BB  Data: 00 00 00 AA 00 00 00 00 
"
"2016-11-21 14:40:14ID: BC  Data: 00 00 00 AA 00 00 00 00 
"
"2016-11-21 14:40:14ID: BB  Data: 00 00 00 AA 00 00 00 00 
"
"2016-11-21 14:40:14ID: BC  Data: 00 00 00 AA 00 00 00 00 
"
"2016-11-21 14:40:14ID: BB  Data: 00 00 00 AA 00 00 00 00 
"
"2016-11-21 14:40:14ID: BC  Data: 00 00 00 AA 00 00 00 00 
"
"2016-11-21 14:40:14ID: BB  Data: 00 00 00 AA 00 00 00 00 
"
"2016-11-21 14:40:14ID: BC  Data: 00 00 00 AA 00 00 00 00 
"
"2016-11-21 14:40:14ID: BB  Data: 00 00 00 AA 00 00 00 00 
"
"2016-11-21 14:40:14ID: BC  Data: 00 00 00 AA 00 00 00 00 
"
"2016-11-21 14:40:14ID: BB  Data: 00 00 00 AA 00 00 00 00 
"
"2016-11-21 14:40:14ID: BC  Data: 00 00 00 AA 00 00 00 00 
"
"2016-11-21 14:40:14ID: BB  Data: 00 00 00 AA 00 00 00 00 
"
"2016-11-21 14:40:14ID: BC  Data: 00 00 00 AA 00 00 00 00 
"
"2016-11-21 14:40:14ID: BB  Data: 00 00 00 AA 00 00 00 00 
"
"2016-11-21 14:40:14ID: BC  Data: 00 00 00 AA 00 00 00 00 
"
"2016-11-21 14:40:14ID: BB  Data: 00 00 00 AA 00 00 00 00 
"
"2016-11-21 14:40:14ID: BC  Data: 00 00 00 AA 00 00 00 00 
"
"2016-11-21 14:40:15ID: BB  Data: 00 00 00 AA 00 00 00 00 
"
"2016-11-21 14:40:15ID: BC  Data: 00 00 00 AA 00 00 00 00 
"
"2016-11-21 14:40:15ID: BB  Data: 00 00 00 AA 00 00 00 00 
"
"2016-11-21 14:40:15ID: BC  Data: 00 00 00 AA 00 00 00 00 
"
"2016-11-21 14:40:15ID: BB  Data: 00 00 00 AA 00 00 00 00 
"
"2016-11-21 14:40:15ID: BC  Data: 00 00 00 AA 00 00 00 00 
"
"2016-11-21 14:40:15ID: BB  Data: 00 00 00 AA 00 00 00 00 
"
"2016-11-21 14:40:15ID: BC  Data: 00 00 00 AA 00 00 00 00 
"
"2016-11-21 14:40:15ID: BB  Data: 00 00 00 AA 00 00 00 00 
"
"2016-11-21 14:40:15ID: BC  Data: 00 00 00 AA 00 00 00 00 
"
"2016-11-21 14:40:15ID: BB  Data: 00 00 00 AA 00 00 00 00 
"
"2016-11-21 14:40:15ID: BC  Data: 00 00 00 AA 00 00 00 00 
"
"2016-11-21 14:40:15ID: BB  Data: 00 00 00 AA 00 00 00 00 
"
"2016-11-21 14:40:15ID: BC  Data: 00 00 00 AA 00 00 00 00 
"
"2016-11-21 14:40:15ID: BB  Data: 00 00 00 AA 00 00 00 00 
"
"2016-11-21 14:40:15ID: BC  Data: 00 00 00 AA 00 00 00 00 
"
"2016-11-21 14:40:15ID: BB  Data: 00 00 00 AA 00 00 00 00 
"
"2016-11-21 14:40:15ID: BC  Data: 00 00 00 AA 00 00 00 00 
"
"2016-11-21 14:40:15ID: BB  Data: 00 00 00 AA 00 00 00 00 
"
"2016-11-21 14:40:15ID: BC  Data: 00 00 00 AA 00 00 00 00 
"
"2016-11-21 14:40:15ID: BB  Data: 00 00 00 AA 00 00 00 00 
"
"2016-11-21 14:40:15ID: BC  Data: 00 00 00 AA 00 00 00 00 
"
"2016-11-21 14:40:16ID: BB  Data: 00 00 00 AA 00 00 00 00 
"
"2016-11-21 14:40:16ID: BC  Data: 00 00 00 AA 00 00 00 00 
"
"2016-11-21 14:40:16ID: BB  Data: 00 00 00 AA 00 00 00 00 
"
"2016-11-21 14:40:16ID: BC  Data: 00 00 00 AA 00 00 00 00 
"
"2016-11-21 14:40:16ID: BB  Data: 00 00 00 AA 00 00 00 00 
"
"2016-11-21 14:40:16ID: BC  Data: 00 00 00 AA 00 00 00 00 
"
"2016-11-21 14:40:16ID: BB  Data: 00 00 00 AA 00 00 00 00 
"
"2016-11-21 14:40:16ID: BC  Data: 00 00 00 AA 00 00 00 00 
"
"2016-11-21 14:40:16ID: BB  Data: 00 00 00 AA 00 00 00 00 
"
"2016-11-21 14:40:16ID: BC  Data: 00 00 00 AA 00 00 00 00 
"
"2016-11-21 14:40:16ID: BB  Data: 00 00 00 AA 00 00 00 00 
"
"2016-11-21 14:40:16ID: BC  Data: 00 00 00 AA 00 00 00 00 
"
"2016-11-21 14:40:16ID: BB  Data: 00 00 00 AA 04 7E AF 30 
"
"2016-11-21 14:40:16ID: BC  Data: 00 00 00 AA FB 81 50 D0 
"
"2016-11-21 14:40:16ID: BB  Data: 00 00 00 AA 07 31 6E E9 
"
"2016-11-21 14:40:16ID: BC  Data: 00 00 00 AA F8 CE 91 17 
"
"2016-11-21 14:40:16ID: BB  Data: 00 00 00 AA 08 45 BB 9A 
"
"2016-11-21 14:40:16ID: BC  Data: 00 00 00 AA F7 BA 44 66 
"
"2016-11-21 14:40:16ID: BB  Data: 00 00 00 AA 08 A3 25 FC 
"
"2016-11-21 14:40:16ID: BC  Data: 00 00 00 AA F7 5C DA 04 
"
"2016-11-21 14:40:16ID: BB  Data: 00 00 00 AA 08 C7 FD 03 
"
"2016-11-21 14:40:16ID: BC  Data: 00 00 00 AA F7 38 02 FD 
"
"2016-11-21 14:40:16ID: BB  Data: 00 00 00 AA 09 B0 DE 90 
"
"2016-11-21 14:40:16ID: BC  Data: 00 00 00 AA F6 4F 21 70 
"
"2016-11-21 14:40:17ID: BB  Data: 00 00 00 AA 0B 9C F2 1E 
"
"2016-11-21 14:40:17ID: BC  Data: 00 00 00 AA F4 63 0D E2 
"
"2016-11-21 14:40:17ID: BB  Data: 00 00 00 AA 0C 88 75 50 
"
"2016-11-21 14:40:17ID: BC  Data: 00 00 00 AA F3 77 8A B0 
"
"2016-11-21 14:40:17ID: BB  Data: 00 00 00 AA 0C D0 D2 8A 
"
"2016-11-21 14:40:17ID: BC  Data: 00 00 00 AA F3 2F 2D 76 
"
"2016-11-21 14:40:17ID: BB  Data: 00 00 00 AA 0C EC 73 CF 
"
"2016-11-21 14:40:17ID: BC  Data: 00 00 00 AA F3 13 8C 31 
"
"2016-11-21 14:40:17ID: BB  Data: 00 00 00 AA 0C EF 15 74 
"
"2016-11-21 14:40:17ID: BC  Data: 00 00 00 AA F3 10 EA 8C 
"
"2016-11-21 14:40:17ID: BB  Data: 00 00 00 AA 0C F4 58 BE 
"
"2016-11-21 14:40:17ID: BC  Data: 00 00 00 AA F3 0B A7 42 
"
"2016-11-21 14:40:17ID: BB  Data: 00 00 00 AA 0D 02 D1 CA 
"
"2016-11-21 14:40:17ID: BC  Data: 00 00 00 AA F2 FD 2E 36 
"
"2016-11-21 14:40:17ID: BB  Data: 00 00 00 AA 0D A8 99 67 
"
"2016-11-21 14:40:17ID: BC  Data: 00 00 00 AA F2 57 66 99 
"
"2016-11-21 14:40:17ID: BB  Data: 00 00 00 AA 0E EE E5 57 
"
"2016-11-21 14:40:17ID: BC  Data: 00 00 00 AA F1 11 1A A9 
"
"2016-11-21 14:40:17ID: BB  Data: 00 00 00 AA 0E FD 5E 63 
"
"2016-11-21 14:40:17ID: BC  Data: 00 00 00 AA F1 02 A1 9D 
"
"2016-11-21 14:40:17ID: BB  Data: 00 00 00 AA 0E FC 0D 91 
"
"2016-11-21 14:40:17ID: BC  Data: 00 00 00 AA F1 03 F2 6F 
"
"2016-11-21 14:40:18ID: BB  Data: 00 00 00 AA 0E FD 5E 63 
"
"2016-11-21 14:40:18ID: BC  Data: 00 00 00 AA F1 03 F2 6F 
"
"2016-11-21 14:40:18ID: BB  Data: 00 00 00 AA 0E FC 0D 91 
"
"2016-11-21 14:40:18ID: BC  Data: 00 00 00 AA F1 03 F2 6F 
"
"2016-11-21 14:40:18ID: BB  Data: 00 00 00 AA 0E FD 5E 63 
"
"2016-11-21 14:40:18ID: BC  Data: 00 00 00 AA F1 02 A1 9D 
"
"2016-11-21 14:40:18ID: BB  Data: 00 00 00 AA 0E FE AF 36 
"
"2016-11-21 14:40:18ID: BC  Data: 00 00 00 AA F1 01 50 CA 
"
"2016-11-21 14:40:18ID: BB  Data: 00 00 00 AA 0E FE AF 36 
"
"2016-11-21 14:40:18ID: BC  Data: 00 00 00 AA F1 01 50 CA 
"
"2016-11-21 14:40:18ID: BB  Data: 00 00 00 AA 0E FD 5E 63 
"
"2016-11-21 14:40:18ID: BC  Data: 00 00 00 AA F1 02 A1 9D 
"
"2016-11-21 14:40:18ID: BB  Data: 00 00 00 AA 0E FC 0D 91 
"
"2016-11-21 14:40:18ID: BC  Data: 00 00 00 AA F1 03 F2 6F 
"
"2016-11-21 14:40:18ID: BB  Data: 00 00 00 AA 0E FC 0D 91 
"
"2016-11-21 14:40:18ID: BC  Data: 00 00 00 AA F1 03 F2 6F 
"
"2016-11-21 14:40:18ID: BB  Data: 00 00 00 AA 0E FD 5E 63 
"
"2016-11-21 14:40:18ID: BC  Data: 00 00 00 AA F1 02 A1 9D 
"
"2016-11-21 14:40:18ID: BB  Data: 00 00 00 AA 0E FD 5E 63 
"
"2016-11-21 14:40:18ID: BC  Data: 00 00 00 AA F1 02 A1 9D 
"
"2016-11-21 14:40:18ID: BB  Data: 00 00 00 AA 0E FD 5E 63 
"
"2016-11-21 14:40:18ID: BC  Data: 00 00 00 AA F1 02 A1 9D 
"
"2016-11-21 14:40:18ID: BB  Data: 00 00 00 AA 0E FE AF 36 
"
"2016-11-21 14:40:19ID: BC  Data: 00 00 00 AA F1 01 50 CA 
"
"2016-11-21 14:40:19ID: BB  Data: 00 00 00 AA 0E FC 0D 91 
"
"2016-11-21 14:40:19ID: BC  Data: 00 00 00 AA F1 03 F2 6F 
"
"2016-11-21 14:40:19ID: BB  Data: 00 00 00 AA 0E FC 0D 91 
"
"2016-11-21 14:40:19ID: BC  Data: 00 00 00 AA F1 03 F2 6F 
"
"2016-11-21 14:40:19ID: BB  Data: 00 00 00 AA 0E FD 5E 63 
"
"2016-11-21 14:40:19ID: BC  Data: 00 00 00 AA F1 02 A1 9D 
"
"2016-11-21 14:40:19ID: BB  Data: 00 00 00 AA 0E FD 5E 63 
"
"2016-11-21 14:40:19ID: BC  Data: 00 00 00 AA F1 02 A1 9D 
"
"2016-11-21 14:40:19ID: BB  Data: 00 00 00 AA 0E FD 5E 63 
"
"2016-11-21 14:40:19ID: BC  Data: 00 00 00 AA F1 02 A1 9D 
"
"2016-11-21 14:40:19ID: BB  Data: 00 00 00 AA 0E FE AF 36 
"
"2016-11-21 14:40:19ID: BC  Data: 00 00 00 AA F1 01 50 CA 
"
"2016-11-21 14:40:19ID: BB  Data: 00 00 00 AA 0E FD 5E 63 
"
"2016-11-21 14:40:19ID: BC  Data: 00 00 00 AA F1 02 A1 9D 
"
"2016-11-21 14:40:19ID: BB  Data: 00 00 00 AA 0E FD 5E 63 
"
"2016-11-21 14:40:19ID: BC  Data: 00 00 00 AA F1 02 A1 9D 
"
"2016-11-21 14:40:19ID: BB  Data: 00 00 00 AA 0E FD 5E 63 
"
"2016-11-21 14:40:19ID: BC  Data: 00 00 00 AA F1 02 A1 9D 
"
"2016-11-21 14:40:19ID: BB  Data: 00 00 00 AA 0E F5 79 74 
"
"2016-11-21 14:40:19ID: BC  Data: 00 00 00 AA F1 0A 86 8C 
"
"2016-11-21 14:40:19ID: BB  Data: 00 00 00 AA 0C FE DF 53 
"
"2016-11-21 14:40:19ID: BC  Data: 00 00 00 AA F3 01 20 AD 
"
"2016-11-21 14:40:20ID: BB  Data: 00 00 00 AA 0B AA 1A 57 
"
"2016-11-21 14:40:20ID: BC  Data: 00 00 00 AA F4 55 E5 A9 
"
"2016-11-21 14:40:20ID: BB  Data: 00 00 00 AA 0B 76 CA 45 
"
"2016-11-21 14:40:20ID: BC  Data: 00 00 00 AA F4 89 35 BB 
"
"2016-11-21 14:40:20ID: BB  Data: 00 00 00 AA 0B 7C 0D 8F 
"
"2016-11-21 14:40:20ID: BC  Data: 00 00 00 AA F4 83 F2 71 
"
"2016-11-21 14:40:20ID: BB  Data: 00 00 00 AA 0C 76 09 CD 
"
"2016-11-21 14:40:20ID: BC  Data: 00 00 00 AA F3 89 F6 33 
"
"2016-11-21 14:40:20ID: BB  Data: 00 00 00 AA 0E 43 DA 70 
"
"2016-11-21 14:40:20ID: BC  Data: 00 00 00 AA F1 BC 25 90 
"
"2016-11-21 14:40:20ID: BB  Data: 00 00 00 AA 0E 89 96 06 
"
"2016-11-21 14:40:20ID: BC  Data: 00 00 00 AA F1 76 69 FA 
"
"2016-11-21 14:40:20ID: BB  Data: 00 00 00 AA 0E D3 44 13 
"
"2016-11-21 14:40:20ID: BC  Data: 00 00 00 AA F1 2C BB ED 
"
"2016-11-21 14:40:20ID: BB  Data: 00 00 00 AA 0E E3 0D F1 
"
"2016-11-21 14:40:20ID: BC  Data: 00 00 00 AA F1 1C F2 0F 
"
"2016-11-21 14:40:20ID: BB  Data: 00 00 00 AA 0E FC 0D 91 
"
"2016-11-21 14:40:20ID: BC  Data: 00 00 00 AA F1 03 F2 6F 
"
"2016-11-21 14:40:20ID: BB  Data: 00 00 00 AA 0E FE AF 36 
"
"2016-11-21 14:40:20ID: BC  Data: 00 00 00 AA F1 01 50 CA 
"
"2016-11-21 14:40:20ID: BB  Data: 00 00 00 AA 0E FE AF 36 
"
"2016-11-21 14:40:20ID: BC  Data: 00 00 00 AA F1 01 50 CA 
"
"2016-11-21 14:40:21ID: BB  Data: 00 00 00 AA 0E FE AF 36 
"
"2016-11-21 14:40:21ID: BC  Data: 00 00 00 AA F1 01 50 CA 
"
"2016-11-21 14:40:21ID: BB  Data: 00 00 00 AA 0E FD 5E 63 
"
"2016-11-21 14:40:21ID: BC  Data: 00 00 00 AA F1 02 A1 9D 
"
"2016-11-21 14:40:21ID: BB  Data: 00 00 00 AA 0E FD 5E 63 
"
"2016-11-21 14:40:21ID: BC  Data: 00 00 00 AA F1 02 A1 9D 
"
"2016-11-21 14:40:21ID: BB  Data: 00 00 00 AA 0E FD 5E 63 
"
"2016-11-21 14:40:21ID: BC  Data: 00 00 00 AA F1 02 A1 9D 
"
"2016-11-21 14:40:21ID: BB  Data: 00 00 00 AA 0E FC 0D 91 
"
"2016-11-21 14:40:21ID: BC  Data: 00 00 00 AA F1 03 F2 6F 
"
"2016-11-21 14:40:21ID: BB  Data: 00 00 00 AA 0E FE AF 36 
"
"2016-11-21 14:40:21ID: BC  Data: 00 00 00 AA F1 01 50 CA 
"
"2016-11-21 14:40:21ID: BB  Data: 00 00 00 AA 0E FE AF 36 
"
"2016-11-21 14:40:21ID: BC  Data: 00 00 00 AA F1 01 50 CA 
"
"2016-11-21 14:40:21ID: BB  Data: 00 00 00 AA 0E FD 5E 63 
"
"2016-11-21 14:40:21ID: BC  Data: 00 00 00 AA F1 02 A1 9D 
"
"2016-11-21 14:40:21ID: BB  Data: 00 00 00 AA 0E FD 5E 63 
"
"2016-11-21 14:40:21ID: BC  Data: 00 00 00 AA F1 02 A1 9D 
"
"2016-11-21 14:40:21ID: BB  Data: 00 00 00 AA 0F 00 00 08 
"
"2016-11-21 14:40:21ID: BC  Data: 00 00 00 AA F0 FF FF F8 
"
"2016-11-21 14:40:21ID: BB  Data: 00 00 00 AA 0E FD 5E 63 
"
"2016-11-21 14:40:21ID: BC  Data: 00 00 00 AA F1 02 A1 9D 
"
"2016-11-21 14:40:21ID: BB  Data: 00 00 00 AA 0E FA BC BE 
"
"2016-11-21 14:40:21ID: BC  Data: 00 00 00 AA F1 05 43 42 
"
"2016-11-21 14:40:22ID: BB  Data: 00 00 00 AA 0E FD 5E 63 
"
"2016-11-21 14:40:22ID: BC  Data: 00 00 00 AA F1 02 A1 9D 
"
"2016-11-21 14:40:22ID: BB  Data: 00 00 00 AA 0E FD 5E 63 
"
"2016-11-21 14:40:22ID: BC  Data: 00 00 00 AA F1 02 A1 9D 
"
"2016-11-21 14:40:22ID: BB  Data: 00 00 00 AA 0E FD 5E 63 
"
"2016-11-21 14:40:22ID: BC  Data: 00 00 00 AA F1 02 A1 9D 
"
"2016-11-21 14:40:22ID: BB  Data: 00 00 00 AA 0E FC 0D 91 
"
"2016-11-21 14:40:22ID: BC  Data: 00 00 00 AA F1 03 F2 6F 
"
"2016-11-21 14:40:22ID: BB  Data: 00 00 00 AA 0E FD 5E 63 
"
"2016-11-21 14:40:22ID: BC  Data: 00 00 00 AA F1 02 A1 9D 
"
"2016-11-21 14:40:22ID: BB  Data: 00 00 00 AA 0E FD 5E 63 
"
"2016-11-21 14:40:22ID: BC  Data: 00 00 00 AA F1 02 A1 9D 
"
"2016-11-21 14:40:22ID: BB  Data: 00 00 00 AA 0E FC 0D 91 
"
"2016-11-21 14:40:22ID: BC  Data: 00 00 00 AA F1 03 F2 6F 
"
"2016-11-21 14:40:22ID: BB  Data: 00 00 00 AA 0E FE AF 36 
"
"2016-11-21 14:40:22ID: BC  Data: 00 00 00 AA F1 01 50 CA 
"
"2016-11-21 14:40:22ID: BB  Data: 00 00 00 AA 0E FD 5E 63 
"
"2016-11-21 14:40:22ID: BC  Data: 00 00 00 AA F1 02 A1 9D 
"
"2016-11-21 14:40:22ID: BB  Data: 00 00 00 AA 0E FE AF 36 
"
"2016-11-21 14:40:22ID: BC  Data: 00 00 00 AA F1 01 50 CA 
"
"2016-11-21 14:40:22ID: BB  Data: 00 00 00 AA 0E FD 5E 63 
"
"2016-11-21 14:40:22ID: BC  Data: 00 00 00 AA F1 02 A1 9D 
"
"2016-11-21 14:40:23ID: BB  Data: 00 00 00 AA 0F 01 50 DB 
"
"2016-11-21 14:40:23ID: BC  Data: 00 00 00 AA F0 FE AF 25 
"
"2016-11-21 14:40:23ID: BB  Data: 00 00 00 AA 0E FE AF 36 
"
"2016-11-21 14:40:23ID: BC  Data: 00 00 00 AA F1 01 50 CA 
"
"2016-11-21 14:40:23ID: BB  Data: 00 00 00 AA 0E FE AF 36 
"
"2016-11-21 14:40:23ID: BC  Data: 00 00 00 AA F1 01 50 CA 
"
"2016-11-21 14:40:23ID: BB  Data: 00 00 00 AA 0E FE AF 36 
"
"2016-11-21 14:40:23ID: BC  Data: 00 00 00 AA F1 01 50 CA 
"
"2016-11-21 14:40:23ID: BB  Data: 00 00 00 AA 0E FD 5E 63 
"
"2016-11-21 14:40:23ID: BC  Data: 00 00 00 AA F1 02 A1 9D 
"
"2016-11-21 14:40:23ID: BB  Data: 00 00 00 AA 0E FD 5E 63 
"
"2016-11-21 14:40:23ID: BC  Data: 00 00 00 AA F1 02 A1 9D 
"
"2016-11-21 14:40:23ID: BB  Data: 00 00 00 AA 0E FD 5E 63 
"
"2016-11-21 14:40:23ID: BC  Data: 00 00 00 AA F1 02 A1 9D 
"
"2016-11-21 14:40:23ID: BB  Data: 00 00 00 AA 0E FC 0D 91 
"
"2016-11-21 14:40:23ID: BC  Data: 00 00 00 AA F1 03 F2 6F 
"
"2016-11-21 14:40:23ID: BB  Data: 00 00 00 AA 0E FD 5E 63 
"
"2016-11-21 14:40:23ID: BC  Data: 00 00 00 AA F1 02 A1 9D 
"
"2016-11-21 14:40:23ID: BB  Data: 00 00 00 AA 0E FD 5E 63 
"
"2016-11-21 14:40:23ID: BC  Data: 00 00 00 AA F1 02 A1 9D 
"
"2016-11-21 14:40:23ID: BB  Data: 00 00 00 AA 0E FD 5E 63 
"
"2016-11-21 14:40:23ID: BC  Data: 00 00 00 AA F1 02 A1 9D 
"
"2016-11-21 14:40:24ID: BB  Data: 00 00 00 AA 0E FE AF 36 
"
"2016-11-21 14:40:24ID: BC  Data: 00 00 00 AA F1 01 50 CA 
"
"2016-11-21 14:40:24ID: BB  Data: 00 00 00 AA 0E FD 5E 63 
"
"2016-11-21 14:40:24ID: BC  Data: 00 00 00 AA F1 02 A1 9D 
"
"2016-11-21 14:40:24ID: BB  Data: 00 00 00 AA 0E FE AF 36 
"
"2016-11-21 14:40:24ID: BC  Data: 00 00 00 AA F1 01 50 CA 
"
"2016-11-21 14:40:24ID: BB  Data: 00 00 00 AA 0E FD 5E 63 
"
"2016-11-21 14:40:24ID: BC  Data: 00 00 00 AA F1 02 A1 9D 
"
"2016-11-21 14:40:24ID: BB  Data: 00 00 00 AA 0E FD 5E 63 
"
"2016-11-21 14:40:24ID: BC  Data: 00 00 00 AA F1 02 A1 9D 
"
"2016-11-21 14:40:24ID: BB  Data: 00 00 00 AA 0E FD 5E 63 
"
"2016-11-21 14:40:24ID: BC  Data: 00 00 00 AA F1 02 A1 9D 
"
"2016-11-21 14:40:24ID: BB  Data: 00 00 00 AA 0E FE AF 36 
"
"2016-11-21 14:40:24ID: BC  Data: 00 00 00 AA F1 01 50 CA 
"
"2016-11-21 14:40:24ID: BB  Data: 00 00 00 AA 0E FE AF 36 
"
"2016-11-21 14:40:24ID: BC  Data: 00 00 00 AA F1 01 50 CA 
"
"2016-11-21 14:40:24ID: BB  Data: 00 00 00 AA 0E FD 5E 63 
"
"2016-11-21 14:40:24ID: BC  Data: 00 00 00 AA F1 02 A1 9D 
"
"2016-11-21 14:40:24ID: BB  Data: 00 00 00 AA 0E FE AF 36 
"
"2016-11-21 14:40:24ID: BC  Data: 00 00 00 AA F1 01 50 CA 
"
"2016-11-21 14:40:24ID: BB  Data: 00 00 00 AA 0E FC 0D 91 
"
"2016-11-21 14:40:24ID: BC  Data: 00 00 00 AA F1 03 F2 6F 
"
"2016-11-21 14:40:24ID: BB  Data: 00 00 00 AA 0E FE AF 36 
"
"2016-11-21 14:40:24ID: BC  Data: 00 00 00 AA F1 01 50 CA 
"
"2016-11-21 14:40:25ID: BB  Data: 00 00 00 AA 0E FD 5E 63 
"
"2016-11-21 14:40:25ID: BC  Data: 00 00 00 AA F1 02 A1 9D 
"
"2016-11-21 14:40:25ID: BB  Data: 00 00 00 AA 0E FC 0D 91 
"
"2016-11-21 14:40:25ID: BC  Data: 00 00 00 AA F1 03 F2 6F 
"
"2016-11-21 14:40:25ID: BB  Data: 00 00 00 AA 0E FE AF 36 
"
"2016-11-21 14:40:25ID: BC  Data: 00 00 00 AA F1 01 50 CA 
"
"2016-11-21 14:40:25ID: BB  Data: 00 00 00 AA 0E FC 0D 91 
"
"2016-11-21 14:40:25ID: BC  Data: 00 00 00 AA F1 03 F2 6F 
"
"2016-11-21 14:40:25ID: BB  Data: 00 00 00 AA 0E FD 5E 63 
"
"2016-11-21 14:40:25ID: BC  Data: 00 00 00 AA F1 02 A1 9D 
"
"2016-11-21 14:40:25ID: BB  Data: 00 00 00 AA 0E FC 0D 91 
"
"2016-11-21 14:40:25ID: BC  Data: 00 00 00 AA F1 03 F2 6F 
"
"2016-11-21 14:40:25ID: BB  Data: 00 00 00 AA 0F 00 00 08 
"
"2016-11-21 14:40:25ID: BC  Data: 00 00 00 AA F0 FF FF F8 
"
"2016-11-21 14:40:25ID: BB  Data: 00 00 00 AA 0E FE AF 36 
"
"2016-11-21 14:40:25ID: BC  Data: 00 00 00 AA F1 01 50 CA 
"
"2016-11-21 14:40:25ID: BB  Data: 00 00 00 AA 0E FC 0D 91 
"
"2016-11-21 14:40:25ID: BC  Data: 00 00 00 AA F1 03 F2 6F 
"
"2016-11-21 14:40:25ID: BB  Data: 00 00 00 AA 0E FD 5E 63 
"
"2016-11-21 14:40:25ID: BC  Data: 00 00 00 AA F1 02 A1 9D 
"
"2016-11-21 14:40:25ID: BB  Data: 00 00 00 AA 0E FC 0D 91 
"
"2016-11-21 14:40:25ID: BC  Data: 00 00 00 AA F1 03 F2 6F 
"
"2016-11-21 14:40:26ID: BB  Data: 00 00 00 AA 0E FE AF 36 
"
"2016-11-21 14:40:26ID: BC  Data: 00 00 00 AA F1 01 50 CA 
"
"2016-11-21 14:40:26ID: BB  Data: 00 00 00 AA 0F 00 00 08 
"
"2016-11-21 14:40:26ID: BC  Data: 00 00 00 AA F0 FF FF F8 
"
"2016-11-21 14:40:26ID: BB  Data: 00 00 00 AA 0E FC 0D 91 
"
"2016-11-21 14:40:26ID: BC  Data: 00 00 00 AA F1 03 F2 6F 
"
"2016-11-21 14:40:26ID: BB  Data: 00 00 00 AA 0E FE AF 36 
"
"2016-11-21 14:40:26ID: BC  Data: 00 00 00 AA F1 01 50 CA 
"
"2016-11-21 14:40:26ID: BB  Data: 00 00 00 AA 0E FE AF 36 
"
"2016-11-21 14:40:26ID: BC  Data: 00 00 00 AA F1 01 50 CA 
"
"2016-11-21 14:40:26ID: BB  Data: 00 00 00 AA 0E FE AF 36 
"
"2016-11-21 14:40:26ID: BC  Data: 00 00 00 AA F1 01 50 CA 
"
"2016-11-21 14:40:26ID: BB  Data: 00 00 00 AA 0E FD 5E 63 
"
"2016-11-21 14:40:26ID: BC  Data: 00 00 00 AA F1 02 A1 9D 
"
"2016-11-21 14:40:26ID: BB  Data: 00 00 00 AA 0E FD 5E 63 
"
"2016-11-21 14:40:26ID: BC  Data: 00 00 00 AA F1 02 A1 9D 
"
"2016-11-21 14:40:26ID: BB  Data: 00 00 00 AA 0E FE AF 36 
"
"2016-11-21 14:40:26ID: BC  Data: 00 00 00 AA F1 01 50 CA 
"
"2016-11-21 14:40:26ID: BB  Data: 00 00 00 AA 0E FD 5E 63 
"
"2016-11-21 14:40:26ID: BC  Data: 00 00 00 AA F1 02 A1 9D 
"
"2016-11-21 14:40:26ID: BB  Data: 00 00 00 AA 0F 00 00 08 
"
"2016-11-21 14:40:26ID: BC  Data: 00 00 00 AA F0 FF FF F8 
"
"2016-11-21 14:40:26ID: BB  Data: 00 00 00 AA 0E FD 5E 63 
"
"2016-11-21 14:40:27ID: BC  Data: 00 00 00 AA F1 02 A1 9D 
"
"2016-11-21 14:40:27ID: BB  Data: 00 00 00 AA 0E FD 5E 63 
"
"2016-11-21 14:40:27ID: BC  Data: 00 00 00 AA F1 02 A1 9D 
"
"2016-11-21 14:40:27ID: BB  Data: 00 00 00 AA 0E FE AF 36 
"
"2016-11-21 14:40:27ID: BC  Data: 00 00 00 AA F1 01 50 CA 
"
"2016-11-21 14:40:27ID: BB  Data: 00 00 00 AA 0E FE AF 36 
"
"2016-11-21 14:40:27ID: BC  Data: 00 00 00 AA F1 01 50 CA 
"
"2016-11-21 14:40:27ID: BB  Data: 00 00 00 AA 0E FD 5E 63 
"
"2016-11-21 14:40:27ID: BC  Data: 00 00 00 AA F1 02 A1 9D 
"
"2016-11-21 14:40:27ID: BB  Data: 00 00 00 AA 0E FE AF 36 
"
"2016-11-21 14:40:27ID: BC  Data: 00 00 00 AA F1 01 50 CA 
"
"2016-11-21 14:40:27ID: BB  Data: 00 00 00 AA 0E FD 5E 63 
"
"2016-11-21 14:40:27ID: BC  Data: 00 00 00 AA F1 02 A1 9D 
"
"2016-11-21 14:40:27ID: BB  Data: 00 00 00 AA 0E FE AF 36 
"
"2016-11-21 14:40:27ID: BC  Data: 00 00 00 AA F1 01 50 CA 
"
"2016-11-21 14:40:27ID: BB  Data: 00 00 00 AA 0E FE AF 36 
"
"2016-11-21 14:40:27ID: BC  Data: 00 00 00 AA F1 01 50 CA 
"
"2016-11-21 14:40:27ID: BB  Data: 00 00 00 AA 0E FC 0D 91 
"
"2016-11-21 14:40:27ID: BC  Data: 00 00 00 AA F1 03 F2 6F 
"
"2016-11-21 14:40:27ID: BB  Data: 00 00 00 AA 0E FD 5E 63 
"
"2016-11-21 14:40:27ID: BC  Data: 00 00 00 AA F1 02 A1 9D 
"
"2016-11-21 14:40:27ID: BB  Data: 00 00 00 AA 0E FD 5E 63 
"
"2016-11-21 14:40:27ID: BC  Data: 00 00 00 AA F1 02 A1 9D 
"
"2016-11-21 14:40:28ID: BB  Data: 00 00 00 AA 0E FD 5E 63 
"
"2016-11-21 14:40:28ID: BC  Data: 00 00 00 AA F1 02 A1 9D 
"
"2016-11-21 14:40:28ID: BB  Data: 00 00 00 AA 0E FD 5E 63 
"
"2016-11-21 14:40:28ID: BC  Data: 00 00 00 AA F1 02 A1 9D 
"
"2016-11-21 14:40:28ID: BB  Data: 00 00 00 AA 0E FD 5E 63 
"
"2016-11-21 14:40:28ID: BC  Data: 00 00 00 AA F1 02 A1 9D 
"
"2016-11-21 14:40:28ID: BB  Data: 00 00 00 AA 0E FC 0D 91 
"
"2016-11-21 14:40:28ID: BC  Data: 00 00 00 AA F1 03 F2 6F 
"
"2016-11-21 14:40:28ID: BB  Data: 00 00 00 AA 0E FE AF 36 
"
"2016-11-21 14:40:28ID: BC  Data: 00 00 00 AA F1 01 50 CA 
"
"2016-11-21 14:40:28ID: BB  Data: 00 00 00 AA 0E FD 5E 63 
"
"2016-11-21 14:40:28ID: BC  Data: 00 00 00 AA F1 02 A1 9D 
"
"2016-11-21 14:40:28ID: BB  Data: 00 00 00 AA 0E FD 5E 63 
"
"2016-11-21 14:40:28ID: BC  Data: 00 00 00 AA F1 02 A1 9D 
"
"2016-11-21 14:40:28ID: BB  Data: 00 00 00 AA 0E FD 5E 63 
"
"2016-11-21 14:40:28ID: BC  Data: 00 00 00 AA F1 02 A1 9D 
"
"2016-11-21 14:40:28ID: BB  Data: 00 00 00 AA 0D E9 11 B3 
"
"2016-11-21 14:40:28ID: BC  Data: 00 00 00 AA F2 16 EE 4D 
"
"2016-11-21 14:40:28ID: BB  Data: 00 00 00 AA 0C D4 C5 02 
"
"2016-11-21 14:40:28ID: BC  Data: 00 00 00 AA F3 2B 3A FE 
"
"2016-11-21 14:40:28ID: BB  Data: 00 00 00 AA 0B 53 44 11 
"
"2016-11-21 14:40:28ID: BC  Data: 00 00 00 AA F4 AC BB EF 
"
"2016-11-21 14:40:29ID: BB  Data: 00 00 00 AA 0A 14 DD 10 
"
"2016-11-21 14:40:29ID: BC  Data: 00 00 00 AA F5 EB 22 F0 
"
"2016-11-21 14:40:29ID: BB  Data: 00 00 00 AA 09 5A 08 4A 
"
"2016-11-21 14:40:29ID: BC  Data: 00 00 00 AA F6 A5 F7 B6 
"
"2016-11-21 14:40:29ID: BB  Data: 00 00 00 AA 08 2A 1A 55 
"
"2016-11-21 14:40:29ID: BC  Data: 00 00 00 AA F7 D5 E5 AB 
"
"2016-11-21 14:40:29ID: BB  Data: 00 00 00 AA 04 37 A2 C8 
"
"2016-11-21 14:40:29ID: BC  Data: 00 00 00 AA FB C8 5D 38 
"
"2016-11-21 14:40:29ID: BB  Data: 00 00 00 AA 02 91 4A D0 
"
"2016-11-21 14:40:29ID: BC  Data: 00 00 00 AA FD 6E B5 30 
"
"2016-11-21 14:40:29ID: BB  Data: 00 00 00 AA 01 BD 76 6B 
"
"2016-11-21 14:40:29ID: BC  Data: 00 00 00 AA FE 42 89 95 
"
"2016-11-21 14:40:29ID: BB  Data: 00 00 00 AA 00 00 00 00 
"
"2016-11-21 14:40:29ID: BC  Data: 00 00 00 AA 00 00 00 00 
"
"2016-11-21 14:40:29ID: BB  Data: 00 00 00 AA 00 00 00 00 
"
"2016-11-21 14:40:29ID: BC  Data: 00 00 00 AA 00 00 00 00 
"
"2016-11-21 14:40:29ID: BB  Data: 00 00 00 AA 00 00 00 00 
"
"2016-11-21 14:40:29ID: BC  Data: 00 00 00 AA 00 00 00 00 
"
"2016-11-21 14:40:29ID: BB  Data: 00 00 00 AA 00 00 00 00 
"
"2016-11-21 14:40:29ID: BC  Data: 00 00 00 AA 00 00 00 00 
"
"2016-11-21 14:40:29ID: BB  Data: 00 00 00 AA 00 00 00 00 
"
"2016-11-21 14:40:29ID: BC  Data: 00 00 00 AA 00 00 00 00 
"
"2016-11-21 14:40:29ID: BB  Data: 00 00 00 AA 00 00 00 00 
"
"2016-11-21 14:40:29ID: BC  Data: 00 00 00 AA 00 00 00 00 
"
"2016-11-21 14:40:30ID: BB  Data: 00 00 00 AA 00 00 00 00 
"
"2016-11-21 14:40:30ID: BC  Data: 00 00 00 AA 00 00 00 00 
"
"2016-11-21 14:40:30ID: BB  Data: 00 00 00 AA 00 00 00 00 
"
"2016-11-21 14:40:30ID: BC  Data: 00 00 00 AA 00 00 00 00 
"
"2016-11-21 14:40:30ID: BB  Data: 00 00 00 AA 00 00 00 00 
"
"2016-11-21 14:40:30ID: BC  Data: 00 00 00 AA 00 00 00 00 
"
"2016-11-21 14:40:30ID: BB  Data: 00 00 00 AA 00 00 00 00 
"
"2016-11-21 14:40:30ID: BC  Data: 00 00 00 AA 00 00 00 00 
"
"2016-11-21 14:40:30ID: BB  Data: 00 00 00 AA 00 00 00 00 
"
"2016-11-21 14:40:30ID: BC  Data: 00 00 00 AA 00 00 00 00 
"
"2016-11-21 14:40:30ID: BB  Data: 00 00 00 AA 00 00 00 00 
"
"2016-11-21 14:40:30ID: BC  Data: 00 00 00 AA 00 00 00 00 
"
"2016-11-21 14:40:30ID: BB  Data: 00 00 00 AA 00 00 00 00 
"
"2016-11-21 14:40:30ID: BC  Data: 00 00 00 AA 00 00 00 00 
"
"2016-11-21 14:40:30ID: BB  Data: 00 00 00 AA 00 00 00 00 
"
"2016-11-21 14:40:30ID: BC  Data: 00 00 00 AA 00 00 00 00 
"
"2016-11-21 14:40:30ID: BB  Data: 00 00 00 AA 00 00 00 00 
"
"2016-11-21 14:40:30ID: BC  Data: 00 00 00 AA 00 00 00 00 
"
"2016-11-21 14:40:30ID: BB  Data: 00 00 00 AA 00 00 00 00 
"
"2016-11-21 14:40:30ID: BC  Data: 00 00 00 AA 00 00 00 00 
"
"2016-11-21 14:40:30ID: BB  Data: 00 00 00 AA 00 00 00 00 
"
"2016-11-21 14:40:30ID: BC  Data: 00 00 00 AA 00 00 00 00 
"
"2016-11-21 14:40:31ID: BB  Data: 00 00 00 AA 00 00 00 00 
"
"2016-11-21 14:40:31ID: BC  Data: 00 00 00 AA 00 00 00 00 
"
"2016-11-21 14:40:31ID: BB  Data: 00 00 00 AA 00 00 00 00 
"
"2016-11-21 14:40:31ID: BC  Data: 00 00 00 AA 00 00 00 00 
"
"2016-11-21 14:40:31ID: BB  Data: 00 00 00 AA 00 00 00 00 
"
"2016-11-21 14:40:31ID: BC  Data: 00 00 00 AA 00 00 00 00 
"
"2016-11-21 14:40:31ID: BB  Data: 00 00 00 AA 00 00 00 00 
"
"2016-11-21 14:40:31ID: BC  Data: 00 00 00 AA 00 00 00 00 
"
"2016-11-21 14:40:31ID: BB  Data: 00 00 00 AA 00 00 00 00 
"
"2016-11-21 14:40:31ID: BC  Data: 00 00 00 AA 00 00 00 00 
"
"2016-11-21 14:40:31ID: BB  Data: 00 00 00 AA 00 00 00 00 
"
"2016-11-21 14:40:31ID: BC  Data: 00 00 00 AA 00 00 00 00 
"
"2016-11-21 14:40:31ID: BB  Data: 00 00 00 AA 00 00 00 00 
"
"2016-11-21 14:40:31ID: BC  Data: 00 00 00 AA 00 00 00 00 
"
"2016-11-21 14:40:31ID: BB  Data: 00 00 00 AA 00 00 00 00 
"
"2016-11-21 14:40:31ID: BC  Data: 00 00 00 AA 00 00 00 00 
"
"2016-11-21 14:40:31ID: BB  Data: 00 00 00 AA 00 00 00 00 
"
"2016-11-21 14:40:31ID: BC  Data: 00 00 00 AA 00 00 00 00 
"
"2016-11-21 14:40:31ID: BB  Data: 00 00 00 AA 00 00 00 00 
"
"2016-11-21 14:40:31ID: BC  Data: 00 00 00 AA 00 00 00 00 
"
"2016-11-21 14:40:31ID: BB  Data: 00 00 00 AA 00 00 00 00 
"
"2016-11-21 14:40:31ID: BC  Data: 00 00 00 AA 00 00 00 00 
"
"2016-11-21 14:40:32ID: BB  Data: 00 00 00 AA 01 D3 D4 66 
"
"2016-11-21 14:40:32ID: BC  Data: 00 00 00 AA FE 2C 2B 9A 
"
"2016-11-21 14:40:32ID: BB  Data: 00 00 00 AA 05 D3 74 2C 
"
"2016-11-21 14:40:32ID: BC  Data: 00 00 00 AA FA 2C 8B D4 
"
"2016-11-21 14:40:32ID: BB  Data: 00 00 00 AA 06 96 2D E0 
"
"2016-11-21 14:40:32ID: BC  Data: 00 00 00 AA F9 69 D2 20 
"
"2016-11-21 14:40:32ID: BB  Data: 00 00 00 AA 08 E2 4D 75 
"
"2016-11-21 14:40:32ID: BC  Data: 00 00 00 AA F7 1D B2 8B 
"
"2016-11-21 14:40:32ID: BB  Data: 00 00 00 AA 0A BE 97 24 
"
"2016-11-21 14:40:32ID: BC  Data: 00 00 00 AA F5 41 68 DC 
"
"2016-11-21 14:40:32ID: BB  Data: 00 00 00 AA 0B 48 BD 7D 
"
"2016-11-21 14:40:32ID: BC  Data: 00 00 00 AA F4 B7 42 83 
"
"2016-11-21 14:40:32ID: BB  Data: 00 00 00 AA 0B F9 0B AE 
"
"2016-11-21 14:40:32ID: BC  Data: 00 00 00 AA F4 06 F4 52 
"
"2016-11-21 14:40:32ID: BB  Data: 00 00 00 AA 0D A2 05 4B 
"
"2016-11-21 14:40:32ID: BC  Data: 00 00 00 AA F2 5D FA B5 
"
"2016-11-21 14:40:32ID: BB  Data: 00 00 00 AA 0E AB CB 67 
"
"2016-11-21 14:40:32ID: BC  Data: 00 00 00 AA F1 54 34 99 
"
"2016-11-21 14:40:32ID: BB  Data: 00 00 00 AA 0E F1 86 FC 
"
"2016-11-21 14:40:32ID: BC  Data: 00 00 00 AA F1 0E 79 04 
"
"2016-11-21 14:40:32ID: BB  Data: 00 00 00 AA 0E FA BC BE 
"
"2016-11-21 14:40:32ID: BC  Data: 00 00 00 AA F1 05 43 42 
"
"2016-11-21 14:40:32ID: BB  Data: 00 00 00 AA 0E FA BC BE 
"
"2016-11-21 14:40:32ID: BC  Data: 00 00 00 AA F1 05 43 42 
"
"2016-11-21 14:40:33ID: BB  Data: 00 00 00 AA 0E FC 0D 91 
"
"2016-11-21 14:40:33ID: BC  Data: 00 00 00 AA F1 03 F2 6F 
"
"2016-11-21 14:40:33ID: BB  Data: 00 00 00 AA 0E FD 5E 63 
"
"2016-11-21 14:40:33ID: BC  Data: 00 00 00 AA F1 02 A1 9D 
"
"2016-11-21 14:40:33ID: BB  Data: 00 00 00 AA 0E FA BC BE 
"
"2016-11-21 14:40:33ID: BC  Data: 00 00 00 AA F1 05 43 42 
"
"2016-11-21 14:40:33ID: BB  Data: 00 00 00 AA 0D 54 64 C6 
"
"2016-11-21 14:40:33ID: BC  Data: 00 00 00 AA F2 AB 9B 3A 
"
"2016-11-21 14:40:33ID: BB  Data: 00 00 00 AA 08 97 4E 96 
"
"2016-11-21 14:40:33ID: BC  Data: 00 00 00 AA F7 68 B1 6A 
"
"2016-11-21 14:40:33ID: BB  Data: 00 00 00 AA 06 3C B5 F5 
"
"2016-11-21 14:40:33ID: BC  Data: 00 00 00 AA F9 C3 4A 0B 
"
"2016-11-21 14:40:33ID: BB  Data: 00 00 00 AA 04 6A F2 DA 
"
"2016-11-21 14:40:33ID: BC  Data: 00 00 00 AA FB 95 0D 26 
"
"2016-11-21 14:40:33ID: BB  Data: 00 00 00 AA 02 1A E0 CE 
"
"2016-11-21 14:40:33ID: BC  Data: 00 00 00 AA FD E5 1F 32 
"
"2016-11-21 14:40:33ID: BB  Data: 00 00 00 AA 01 8F 69 A3 
"
"2016-11-21 14:40:33ID: BC  Data: 00 00 00 AA FE 70 96 5D 
"
"2016-11-21 14:40:33ID: BB  Data: 00 00 00 AA 00 00 00 00 
"
"2016-11-21 14:40:33ID: BC  Data: 00 00 00 AA 00 00 00 00 
"
"2016-11-21 14:40:33ID: BB  Data: 00 00 00 AA 00 00 00 00 
"
"2016-11-21 14:40:33ID: BC  Data: 00 00 00 AA 00 00 00 00 
"
"2016-11-21 14:40:34ID: BB  Data: 00 00 00 AA 00 00 00 00 
"
"2016-11-21 14:40:34ID: BC  Data: 00 00 00 AA 00 00 00 00 
"
"2016-11-21 14:40:34ID: BB  Data: 00 00 00 AA 00 00 00 00 
"
"2016-11-21 14:40:34ID: BC  Data: 00 00 00 AA 00 00 00 00 
"
"2016-11-21 14:40:34ID: BB  Data: 00 00 00 AA 00 00 00 00 
"
"2016-11-21 14:40:34ID: BC  Data: 00 00 00 AA 00 00 00 00 
"
"2016-11-21 14:40:34ID: BB  Data: 00 00 00 AA 00 00 00 00 
"
"2016-11-21 14:40:34ID: BC  Data: 00 00 00 AA 00 00 00 00 
"
"2016-11-21 14:40:34ID: BB  Data: 00 00 00 AA 00 00 00 00 
"
"2016-11-21 14:40:34ID: BC  Data: 00 00 00 AA 00 00 00 00 
"
"2016-11-21 14:40:34ID: BB  Data: 00 00 00 AA 00 00 00 00 
"
"2016-11-21 14:40:34ID: BC  Data: 00 00 00 AA 00 00 00 00 
"
"2016-11-21 14:40:34ID: BB  Data: 00 00 00 AA 00 00 00 00 
"
"2016-11-21 14:40:34ID: BC  Data: 00 00 00 AA 00 00 00 00 
"
"2016-11-21 14:40:34ID: BB  Data: 00 00 00 AA 00 00 00 00 
"
"2016-11-21 14:40:34ID: BC  Data: 00 00 00 AA 00 00 00 00 
"
"2016-11-21 14:40:34ID: BB  Data: 00 00 00 AA 00 00 00 00 
"
"2016-11-21 14:40:34ID: BC  Data: 00 00 00 AA 00 00 00 00 
"
"2016-11-21 14:40:34ID: BB  Data: 00 00 00 AA 00 00 00 00 
"
"2016-11-21 14:40:34ID: BC  Data: 00 00 00 AA 00 00 00 00 
"
"2016-11-21 14:40:34ID: BB  Data: 00 00 00 AA 00 00 00 00 
"
"2016-11-21 14:40:34ID: BC  Data: 00 00 00 AA 00 00 00 00 
"
"2016-11-21 14:40:34ID: BB  Data: 00 00 00 AA 00 00 00 00 
"
"2016-11-21 14:40:35ID: BC  Data: 00 00 00 AA 00 00 00 00 
"
"2016-11-21 14:40:35ID: BB  Data: 00 00 00 AA 00 00 00 00 
"
"2016-11-21 14:40:35ID: BC  Data: 00 00 00 AA 00 00 00 00 
"
"2016-11-21 14:40:35ID: BB  Data: 00 00 00 AA 00 00 00 00 
"
"2016-11-21 14:40:35ID: BC  Data: 00 00 00 AA 00 00 00 00 
"
"2016-11-21 14:40:35ID: BB  Data: 00 00 00 AA 00 00 00 00 
"
"2016-11-21 14:40:35ID: BC  Data: 00 00 00 AA 00 00 00 00 
"
"2016-11-21 14:40:35ID: BB  Data: 00 00 00 AA 00 00 00 00 
"
"2016-11-21 14:40:35ID: BC  Data: 00 00 00 AA 00 00 00 00 
"
"2016-11-21 14:40:35ID: BB  Data: 00 00 00 AA 00 00 00 00 
"
"2016-11-21 14:40:35ID: BC  Data: 00 00 00 AA 00 00 00 00 
"
"2016-11-21 14:40:35ID: BB  Data: 00 00 00 AA 00 00 00 00 
"
"2016-11-21 14:40:35ID: BC  Data: 00 00 00 AA 00 00 00 00 
"
"2016-11-21 14:40:35ID: BB  Data: 00 00 00 AA 00 00 00 00 
"
"2016-11-21 14:40:35ID: BC  Data: 00 00 00 AA 00 00 00 00 
"
"2016-11-21 14:40:35ID: BB  Data: 00 00 00 AA 00 00 00 00 
"
"2016-11-21 14:40:35ID: BC  Data: 00 00 00 AA 00 00 00 00 
"
"2016-11-21 14:40:35ID: BB  Data: 00 00 00 AA 00 00 00 00 
"
"2016-11-21 14:40:35ID: BC  Data: 00 00 00 AA 00 00 00 00 
"
"2016-11-21 14:40:35ID: BB  Data: 00 00 00 AA 00 00 00 00 
"
"2016-11-21 14:40:35ID: BC  Data: 00 00 00 AA 00 00 00 00 
"
"2016-11-21 14:40:35ID: BB  Data: 00 00 00 AA 00 00 00 00 
"
"2016-11-21 14:40:35ID: BC  Data: 00 00 00 AA 00 00 00 00 
"
"2016-11-21 14:40:36ID: BB  Data: 00 00 00 AA 00 00 00 00 
"
"2016-11-21 14:40:36ID: BC  Data: 00 00 00 AA 00 00 00 00 
"
"2016-11-21 14:40:36ID: BB  Data: 00 00 00 AA 00 00 00 00 
"
"2016-11-21 14:40:36ID: BC  Data: 00 00 00 AA 00 00 00 00 
"
"2016-11-21 14:40:36ID: BB  Data: 00 00 00 AA 00 00 00 00 
"
"2016-11-21 14:40:36ID: BC  Data: 00 00 00 AA 00 00 00 00 
"
"2016-11-21 14:40:36ID: BB  Data: 00 00 00 AA 00 00 00 00 
"
"2016-11-21 14:40:36ID: BC  Data: 00 00 00 AA 00 00 00 00 
"
"2016-11-21 14:40:36ID: BB  Data: 00 00 00 AA 00 00 00 00 
"
"2016-11-21 14:40:36ID: BC  Data: 00 00 00 AA 00 00 00 00 
"
"2016-11-21 14:40:36ID: BB  Data: 00 00 00 AA 00 00 00 00 
"
"2016-11-21 14:40:36ID: BC  Data: 00 00 00 AA 00 00 00 00 
"
"2016-11-21 14:40:36ID: BB  Data: 00 00 00 AA 00 00 00 00 
"
"2016-11-21 14:40:36ID: BC  Data: 00 00 00 AA 00 00 00 00 
"
"2016-11-21 14:40:36ID: BB  Data: 00 00 00 AA 00 00 00 00 
"
"2016-11-21 14:40:36ID: BC  Data: 00 00 00 AA 00 00 00 00 
"
"2016-11-21 14:40:36ID: BB  Data: 00 00 00 AA 00 00 00 00 
"
"2016-11-21 14:40:36ID: BC  Data: 00 00 00 AA 00 00 00 00 
"
"2016-11-21 14:40:36ID: BB  Data: 00 00 00 AA 00 00 00 00 
"
"2016-11-21 14:40:36ID: BC  Data: 00 00 00 AA 00 00 00 00 
"
"2016-11-21 14:40:36ID: BB  Data: 00 00 00 AA 00 00 00 00 
"
"2016-11-21 14:40:36ID: BC  Data: 00 00 00 AA 00 00 00 00 
"
"2016-11-21 14:40:37ID: BB  Data: 00 00 00 AA 00 00 00 00 
"
"2016-11-21 14:40:37ID: BC  Data: 00 00 00 AA 00 00 00 00 
"
"2016-11-21 14:40:37ID: BB  Data: 00 00 00 AA 00 00 00 00 
"
"2016-11-21 14:40:37ID: BC  Data: 00 00 00 AA 00 00 00 00 
"
"2016-11-21 14:40:37ID: BB  Data: 00 00 00 AA 00 00 00 00 
"
"2016-11-21 14:40:37ID: BC  Data: 00 00 00 AA 00 00 00 00 
"
"2016-11-21 14:40:37ID: BB  Data: 00 00 00 AA 00 00 00 00 
"
"2016-11-21 14:40:37ID: BC  Data: 00 00 00 AA 00 00 00 00 
"
"2016-11-21 14:40:37ID: BB  Data: 00 00 00 AA 00 00 00 00 
"
"2016-11-21 14:40:37ID: BC  Data: 00 00 00 AA 00 00 00 00 
"
"2016-11-21 14:40:37ID: BB  Data: 00 00 00 AA 00 00 00 00 
"
"2016-11-21 14:40:37ID: BC  Data: 00 00 00 AA 00 00 00 00 
"
"2016-11-21 14:40:37ID: BB  Data: 00 00 00 AA 07 09 F6 3E 
"
"2016-11-21 14:40:37ID: BC  Data: 00 00 00 AA F8 F6 09 C2 
"
"2016-11-21 14:40:37ID: BB  Data: 00 00 00 AA 0C 17 4E 98 
"
"2016-11-21 14:40:37ID: BC  Data: 00 00 00 AA F3 E8 B1 68 
"
"2016-11-21 14:40:37ID: BB  Data: 00 00 00 AA 0E CE 00 C8 
"
"2016-11-21 14:40:37ID: BC  Data: 00 00 00 AA F1 31 FF 38 
"
"2016-11-21 14:40:37ID: BB  Data: 00 00 00 AA 0E F1 86 FC 
"
"2016-11-21 14:40:37ID: BC  Data: 00 00 00 AA F1 0E 79 04 
"
"2016-11-21 14:40:37ID: BB  Data: 00 00 00 AA 0E F5 79 74 
"
"2016-11-21 14:40:37ID: BC  Data: 00 00 00 AA F1 0A 86 8C 
"
"2016-11-21 14:40:37ID: BB  Data: 00 00 00 AA 0E F5 79 74 
"
"2016-11-21 14:40:37ID: BC  Data: 00 00 00 AA F1 0A 86 8C 
"
"2016-11-21 14:40:38ID: BB  Data: 00 00 00 AA 0E F6 CA 46 
"
"2016-11-21 14:40:38ID: BC  Data: 00 00 00 AA F1 09 35 BA 
"
"2016-11-21 14:40:38ID: BB  Data: 00 00 00 AA 0E F9 6B EC 
"
"2016-11-21 14:40:38ID: BC  Data: 00 00 00 AA F1 06 94 14 
"
"2016-11-21 14:40:38ID: BB  Data: 00 00 00 AA 0E FA BC BE 
"
"2016-11-21 14:40:38ID: BC  Data: 00 00 00 AA F1 05 43 42 
"
"2016-11-21 14:40:38ID: BB  Data: 00 00 00 AA 0E F8 1B 19 
"
"2016-11-21 14:40:38ID: BC  Data: 00 00 00 AA F1 07 E4 E7 
"
"2016-11-21 14:40:38ID: BB  Data: 00 00 00 AA 0E F9 6B EC 
"
"2016-11-21 14:40:38ID: BC  Data: 00 00 00 AA F1 06 94 14 
"
"2016-11-21 14:40:38ID: BB  Data: 00 00 00 AA 0E F8 1B 19 
"
"2016-11-21 14:40:38ID: BC  Data: 00 00 00 AA F1 07 E4 E7 
"
"2016-11-21 14:40:38ID: BB  Data: 00 00 00 AA 0E F9 6B EC 
"
"2016-11-21 14:40:38ID: BC  Data: 00 00 00 AA F1 06 94 14 
"
"2016-11-21 14:40:38ID: BB  Data: 00 00 00 AA 0E FA BC BE 
"
"2016-11-21 14:40:38ID: BC  Data: 00 00 00 AA F1 05 43 42 
"
"2016-11-21 14:40:38ID: BB  Data: 00 00 00 AA 0E F9 6B EC 
"
"2016-11-21 14:40:38ID: BC  Data: 00 00 00 AA F1 06 94 14 
"
"2016-11-21 14:40:38ID: BB  Data: 00 00 00 AA 0E F9 6B EC 
"
"2016-11-21 14:40:38ID: BC  Data: 00 00 00 AA F1 06 94 14 
"
"2016-11-21 14:40:38ID: BB  Data: 00 00 00 AA 0E FA BC BE 
"
"2016-11-21 14:40:38ID: BC  Data: 00 00 00 AA F1 05 43 42 
"
"2016-11-21 14:40:39ID: BB  Data: 00 00 00 AA 0E F8 1B 19 
"
"2016-11-21 14:40:39ID: BC  Data: 00 00 00 AA F1 07 E4 E7 
"
"2016-11-21 14:40:39ID: BB  Data: 00 00 00 AA 0E F9 6B EC 
"
"2016-11-21 14:40:39ID: BC  Data: 00 00 00 AA F1 06 94 14 
"
"2016-11-21 14:40:39ID: BB  Data: 00 00 00 AA 0E FA BC BE 
"
"2016-11-21 14:40:39ID: BC  Data: 00 00 00 AA F1 05 43 42 
"
"2016-11-21 14:40:39ID: BB  Data: 00 00 00 AA 0E F9 6B EC 
"
"2016-11-21 14:40:39ID: BC  Data: 00 00 00 AA F1 06 94 14 
"
"2016-11-21 14:40:39ID: BB  Data: 00 00 00 AA 0E F8 1B 19 
"
"2016-11-21 14:40:39ID: BC  Data: 00 00 00 AA F1 07 E4 E7 
"
"2016-11-21 14:40:39ID: BB  Data: 00 00 00 AA 0E FA BC BE 
"
"2016-11-21 14:40:39ID: BC  Data: 00 00 00 AA F1 05 43 42 
"
"2016-11-21 14:40:39ID: BB  Data: 00 00 00 AA 0E F8 1B 19 
"
"2016-11-21 14:40:39ID: BC  Data: 00 00 00 AA F1 07 E4 E7 
"
"2016-11-21 14:40:39ID: BB  Data: 00 00 00 AA 0E F9 6B EC 
"
"2016-11-21 14:40:39ID: BC  Data: 00 00 00 AA F1 06 94 14 
"
"2016-11-21 14:40:39ID: BB  Data: 00 00 00 AA 0E FC 0D 91 
"
"2016-11-21 14:40:39ID: BC  Data: 00 00 00 AA F1 03 F2 6F 
"
"2016-11-21 14:40:39ID: BB  Data: 00 00 00 AA 0E FA BC BE 
"
"2016-11-21 14:40:39ID: BC  Data: 00 00 00 AA F1 05 43 42 
"
"2016-11-21 14:40:39ID: BB  Data: 00 00 00 AA 0E FA BC BE 
"
"2016-11-21 14:40:39ID: BC  Data: 00 00 00 AA F1 05 43 42 
"
"2016-11-21 14:40:40ID: BB  Data: 00 00 00 AA 0E FC 0D 91 
"
"2016-11-21 14:40:40ID: BC  Data: 00 00 00 AA F1 03 F2 6F 
"
"2016-11-21 14:40:40ID: BB  Data: 00 00 00 AA 0E FA BC BE 
"
"2016-11-21 14:40:40ID: BC  Data: 00 00 00 AA F1 05 43 42 
"
"2016-11-21 14:40:40ID: BB  Data: 00 00 00 AA 0E FA BC BE 
"
"2016-11-21 14:40:40ID: BC  Data: 00 00 00 AA F1 05 43 42 
"
"2016-11-21 14:40:40ID: BB  Data: 00 00 00 AA 0E F9 6B EC 
"
"2016-11-21 14:40:40ID: BC  Data: 00 00 00 AA F1 06 94 14 
"
"2016-11-21 14:40:40ID: BB  Data: 00 00 00 AA 0E FC 0D 91 
"
"2016-11-21 14:40:40ID: BC  Data: 00 00 00 AA F1 03 F2 6F 
"
"2016-11-21 14:40:40ID: BB  Data: 00 00 00 AA 0E FC 0D 91 
"
"2016-11-21 14:40:40ID: BC  Data: 00 00 00 AA F1 03 F2 6F 
"
"2016-11-21 14:40:40ID: BB  Data: 00 00 00 AA 0E FA BC BE 
"
"2016-11-21 14:40:40ID: BC  Data: 00 00 00 AA F1 05 43 42 
"
"2016-11-21 14:40:40ID: BB  Data: 00 00 00 AA 0E FC 0D 91 
"
"2016-11-21 14:40:40ID: BC  Data: 00 00 00 AA F1 03 F2 6F 
"
"2016-11-21 14:40:40ID: BB  Data: 00 00 00 AA 0E FA BC BE 
"
"2016-11-21 14:40:40ID: BC  Data: 00 00 00 AA F1 05 43 42 
"
"2016-11-21 14:40:40ID: BB  Data: 00 00 00 AA 0E FA BC BE 
"
"2016-11-21 14:40:40ID: BC  Data: 00 00 00 AA F1 05 43 42 
"
"2016-11-21 14:40:40ID: BB  Data: 00 00 00 AA 0E F9 6B EC 
"
"2016-11-21 14:40:40ID: BC  Data: 00 00 00 AA F1 06 94 14 
"
"2016-11-21 14:40:40ID: BB  Data: 00 00 00 AA 0E FA BC BE 
"
"2016-11-21 14:40:40ID: BC  Data: 00 00 00 AA F1 05 43 42 
"
"2016-11-21 14:40:41ID: BB  Data: 00 00 00 AA 0E F9 6B EC 
"
"2016-11-21 14:40:41ID: BC  Data: 00 00 00 AA F1 06 94 14 
"
"2016-11-21 14:40:41ID: BB  Data: 00 00 00 AA 0E FA BC BE 
"
"2016-11-21 14:40:41ID: BC  Data: 00 00 00 AA F1 05 43 42 
"
"2016-11-21 14:40:41ID: BB  Data: 00 00 00 AA 0E FA BC BE 
"
"2016-11-21 14:40:41ID: BC  Data: 00 00 00 AA F1 05 43 42 
"
"2016-11-21 14:40:41ID: BB  Data: 00 00 00 AA 0E FC 0D 91 
"
"2016-11-21 14:40:41ID: BC  Data: 00 00 00 AA F1 03 F2 6F 
"
"2016-11-21 14:40:41ID: BB  Data: 00 00 00 AA 0E FA BC BE 
"
"2016-11-21 14:40:41ID: BC  Data: 00 00 00 AA F1 05 43 42 
"
"2016-11-21 14:40:41ID: BB  Data: 00 00 00 AA 0E FA BC BE 
"
"2016-11-21 14:40:41ID: BC  Data: 00 00 00 AA F1 05 43 42 
"
"2016-11-21 14:40:41ID: BB  Data: 00 00 00 AA 0E FD 5E 63 
"
"2016-11-21 14:40:41ID: BC  Data: 00 00 00 AA F1 02 A1 9D 
"
"2016-11-21 14:40:41ID: BB  Data: 00 00 00 AA 0E FA BC BE 
"
"2016-11-21 14:40:41ID: BC  Data: 00 00 00 AA F1 05 43 42 
"
"2016-11-21 14:40:41ID: BB  Data: 00 00 00 AA 0E FC 0D 91 
"
"2016-11-21 14:40:41ID: BC  Data: 00 00 00 AA F1 03 F2 6F 
"
"2016-11-21 14:40:41ID: BB  Data: 00 00 00 AA 0E F9 6B EC 
"
"2016-11-21 14:40:41ID: BC  Data: 00 00 00 AA F1 06 94 14 
"
"2016-11-21 14:40:41ID: BB  Data: 00 00 00 AA 0E F9 6B EC 
"
"2016-11-21 14:40:41ID: BC  Data: 00 00 00 AA F1 06 94 14 
"
"2016-11-21 14:40:42ID: BB  Data: 00 00 00 AA 0E FC 0D 91 
"
"2016-11-21 14:40:42ID: BC  Data: 00 00 00 AA F1 03 F2 6F 
"
"2016-11-21 14:40:42ID: BB  Data: 00 00 00 AA 0E F9 6B EC 
"
"2016-11-21 14:40:42ID: BC  Data: 00 00 00 AA F1 06 94 14 
"
"2016-11-21 14:40:42ID: BB  Data: 00 00 00 AA 0E F9 6B EC 
"
"2016-11-21 14:40:42ID: BC  Data: 00 00 00 AA F1 06 94 14 
"
"2016-11-21 14:40:42ID: BB  Data: 00 00 00 AA 0E FA BC BE 
"
"2016-11-21 14:40:42ID: BC  Data: 00 00 00 AA F1 05 43 42 
"
"2016-11-21 14:40:42ID: BB  Data: 00 00 00 AA 0E F9 6B EC 
"
"2016-11-21 14:40:42ID: BC  Data: 00 00 00 AA F1 06 94 14 
"
"2016-11-21 14:40:42ID: BB  Data: 00 00 00 AA 0E F9 6B EC 
"
"2016-11-21 14:40:42ID: BC  Data: 00 00 00 AA F1 06 94 14 
"
"2016-11-21 14:40:42ID: BB  Data: 00 00 00 AA 0E FA BC BE 
"
"2016-11-21 14:40:42ID: BC  Data: 00 00 00 AA F1 05 43 42 
"
"2016-11-21 14:40:42ID: BB  Data: 00 00 00 AA 0E FA BC BE 
"
"2016-11-21 14:40:42ID: BC  Data: 00 00 00 AA F1 05 43 42 
"
"2016-11-21 14:40:42ID: BB  Data: 00 00 00 AA 0E FA BC BE 
"
"2016-11-21 14:40:42ID: BC  Data: 00 00 00 AA F1 05 43 42 
"
"2016-11-21 14:40:42ID: BB  Data: 00 00 00 AA 0E FC 0D 91 
"
"2016-11-21 14:40:42ID: BC  Data: 00 00 00 AA F1 03 F2 6F 
"
"2016-11-21 14:40:42ID: BB  Data: 00 00 00 AA 0E FC 0D 91 
"
"2016-11-21 14:40:42ID: BC  Data: 00 00 00 AA F1 03 F2 6F 
"
"2016-11-21 14:40:43ID: BB  Data: 00 00 00 AA 0E FC 0D 91 
"
"2016-11-21 14:40:43ID: BC  Data: 00 00 00 AA F1 03 F2 6F 
"
"2016-11-21 14:40:43ID: BB  Data: 00 00 00 AA 0E FC 0D 91 
"
"2016-11-21 14:40:43ID: BC  Data: 00 00 00 AA F1 03 F2 6F 
"
"2016-11-21 14:40:43ID: BB  Data: 00 00 00 AA 0E FA BC BE 
"
"2016-11-21 14:40:43ID: BC  Data: 00 00 00 AA F1 05 43 42 
"
"2016-11-21 14:40:43ID: BB  Data: 00 00 00 AA 0E FC 0D 91 
"
"2016-11-21 14:40:43ID: BC  Data: 00 00 00 AA F1 03 F2 6F 
"
"2016-11-21 14:40:43ID: BB  Data: 00 00 00 AA 0E F9 6B EC 
"
"2016-11-21 14:40:43ID: BC  Data: 00 00 00 AA F1 06 94 14 
"
"2016-11-21 14:40:43ID: BB  Data: 00 00 00 AA 0E FC 0D 91 
"
"2016-11-21 14:40:43ID: BC  Data: 00 00 00 AA F1 03 F2 6F 
"
"2016-11-21 14:40:43ID: BB  Data: 00 00 00 AA 0E FA BC BE 
"
"2016-11-21 14:40:43ID: BC  Data: 00 00 00 AA F1 05 43 42 
"
"2016-11-21 14:40:43ID: BB  Data: 00 00 00 AA 0E F9 6B EC 
"
"2016-11-21 14:40:43ID: BC  Data: 00 00 00 AA F1 06 94 14 
"
"2016-11-21 14:40:43ID: BB  Data: 00 00 00 AA 0E F9 6B EC 
"
"2016-11-21 14:40:43ID: BC  Data: 00 00 00 AA F1 06 94 14 
"
"2016-11-21 14:40:43ID: BB  Data: 00 00 00 AA 0E FA BC BE 
"
"2016-11-21 14:40:43ID: BC  Data: 00 00 00 AA F1 05 43 42 
"
"2016-11-21 14:40:43ID: BB  Data: 00 00 00 AA 0E F9 6B EC 
"
"2016-11-21 14:40:43ID: BC  Data: 00 00 00 AA F1 06 94 14 
"
"2016-11-21 14:40:43ID: BB  Data: 00 00 00 AA 0E FA BC BE 
"
"2016-11-21 14:40:43ID: BC  Data: 00 00 00 AA F1 05 43 42 
"
"2016-11-21 14:40:44ID: BB  Data: 00 00 00 AA 0E F9 6B EC 
"
"2016-11-21 14:40:44ID: BC  Data: 00 00 00 AA F1 06 94 14 
"
"2016-11-21 14:40:44ID: BB  Data: 00 00 00 AA 0E FA BC BE 
"
"2016-11-21 14:40:44ID: BC  Data: 00 00 00 AA F1 05 43 42 
"
"2016-11-21 14:40:44ID: BB  Data: 00 00 00 AA 0E FC 0D 91 
"
"2016-11-21 14:40:44ID: BC  Data: 00 00 00 AA F1 03 F2 6F 
"
"2016-11-21 14:40:44ID: BB  Data: 00 00 00 AA 0E F9 6B EC 
"
"2016-11-21 14:40:44ID: BC  Data: 00 00 00 AA F1 06 94 14 
"
"2016-11-21 14:40:44ID: BB  Data: 00 00 00 AA 0E FA BC BE 
"
"2016-11-21 14:40:44ID: BC  Data: 00 00 00 AA F1 05 43 42 
"
"2016-11-21 14:40:44ID: BB  Data: 00 00 00 AA 0E F9 6B EC 
"
"2016-11-21 14:40:44ID: BC  Data: 00 00 00 AA F1 06 94 14 
"
"2016-11-21 14:40:44ID: BB  Data: 00 00 00 AA 0E FA BC BE 
"
"2016-11-21 14:40:44ID: BC  Data: 00 00 00 AA F1 05 43 42 
"
"2016-11-21 14:40:44ID: BB  Data: 00 00 00 AA 0E FC 0D 91 
"
"2016-11-21 14:40:44ID: BC  Data: 00 00 00 AA F1 03 F2 6F 
"
"2016-11-21 14:40:44ID: BB  Data: 00 00 00 AA 0E FA BC BE 
"
"2016-11-21 14:40:44ID: BC  Data: 00 00 00 AA F1 05 43 42 
"
"2016-11-21 14:40:44ID: BB  Data: 00 00 00 AA 0E F9 6B EC 
"
"2016-11-21 14:40:44ID: BC  Data: 00 00 00 AA F1 06 94 14 
"
"2016-11-21 14:40:44ID: BB  Data: 00 00 00 AA 0E F8 1B 19 
"
"2016-11-21 14:40:44ID: BC  Data: 00 00 00 AA F1 07 E4 E7 
"
"2016-11-21 14:40:45ID: BB  Data: 00 00 00 AA 0E FC 0D 91 
"
"2016-11-21 14:40:45ID: BC  Data: 00 00 00 AA F1 03 F2 6F 
"
"2016-11-21 14:40:45ID: BB  Data: 00 00 00 AA 0E F8 1B 19 
"
"2016-11-21 14:40:45ID: BC  Data: 00 00 00 AA F1 07 E4 E7 
"
"2016-11-21 14:40:45ID: BB  Data: 00 00 00 AA 0E FA BC BE 
"
"2016-11-21 14:40:45ID: BC  Data: 00 00 00 AA F1 05 43 42 
"
"2016-11-21 14:40:45ID: BB  Data: 00 00 00 AA 0E FA BC BE 
"
"2016-11-21 14:40:45ID: BC  Data: 00 00 00 AA F1 05 43 42 
"
"2016-11-21 14:40:45ID: BB  Data: 00 00 00 AA 0E FA BC BE 
"
"2016-11-21 14:40:45ID: BC  Data: 00 00 00 AA F1 05 43 42 
"
"2016-11-21 14:40:45ID: BB  Data: 00 00 00 AA 0E FC 0D 91 
"
"2016-11-21 14:40:45ID: BC  Data: 00 00 00 AA F1 03 F2 6F 
"
"2016-11-21 14:40:45ID: BB  Data: 00 00 00 AA 0E FA BC BE 
"
"2016-11-21 14:40:45ID: BC  Data: 00 00 00 AA F1 05 43 42 
"
"2016-11-21 14:40:45ID: BB  Data: 00 00 00 AA 0E CC AF F6 
"
"2016-11-21 14:40:45ID: BC  Data: 00 00 00 AA F1 33 50 0A 
"
"2016-11-21 14:40:45ID: BB  Data: 00 00 00 AA 0D 58 57 3E 
"
"2016-11-21 14:40:45ID: BC  Data: 00 00 00 AA F2 A7 A8 C2 
"
"2016-11-21 14:40:45ID: BB  Data: 00 00 00 AA 0C FA EC DB 
"
"2016-11-21 14:40:45ID: BC  Data: 00 00 00 AA F3 05 13 25 
"
"2016-11-21 14:40:45ID: BB  Data: 00 00 00 AA 0C C3 AA 51 
"
"2016-11-21 14:40:45ID: BC  Data: 00 00 00 AA F3 3C 55 AF 
"
"2016-11-21 14:40:45ID: BB  Data: 00 00 00 AA 0C AB FB 84 
"
"2016-11-21 14:40:46ID: BC  Data: 00 00 00 AA F3 54 04 7C 
"
"2016-11-21 14:40:46ID: BB  Data: 00 00 00 AA 0C 4D 40 4F 
"
"2016-11-21 14:40:46ID: BC  Data: 00 00 00 AA F3 B2 BF B1 
"
"2016-11-21 14:40:46ID: BB  Data: 00 00 00 AA 0C 1C 91 E2 
"
"2016-11-21 14:40:46ID: BC  Data: 00 00 00 AA F3 E3 6E 1E 
"
"2016-11-21 14:40:46ID: BB  Data: 00 00 00 AA 0B 9B A1 4B 
"
"2016-11-21 14:40:46ID: BC  Data: 00 00 00 AA F4 64 5E B5 
"
"2016-11-21 14:40:46ID: BB  Data: 00 00 00 AA 0A C6 7C 13 
"
"2016-11-21 14:40:46ID: BC  Data: 00 00 00 AA F5 39 83 ED 
"
"2016-11-21 14:40:46ID: BB  Data: 00 00 00 AA 0A 74 E9 17 
"
"2016-11-21 14:40:46ID: BC  Data: 00 00 00 AA F5 8B 16 E9 
"
"2016-11-21 14:40:46ID: BB  Data: 00 00 00 AA 0A 69 11 B1 
"
"2016-11-21 14:40:46ID: BC  Data: 00 00 00 AA F5 96 EE 4F 
"
"2016-11-21 14:40:46ID: BB  Data: 00 00 00 AA 0A 66 70 0C 
"
"2016-11-21 14:40:46ID: BC  Data: 00 00 00 AA F5 99 8F F4 
"
"2016-11-21 14:40:46ID: BB  Data: 00 00 00 AA 0A 56 A6 2D 
"
"2016-11-21 14:40:46ID: BC  Data: 00 00 00 AA F5 A9 59 D3 
"
"2016-11-21 14:40:46ID: BB  Data: 00 00 00 AA 0A 39 B4 16 
"
"2016-11-21 14:40:46ID: BC  Data: 00 00 00 AA F5 C6 4B EA 
"
"2016-11-21 14:40:46ID: BB  Data: 00 00 00 AA 09 D9 A8 0E 
"
"2016-11-21 14:40:46ID: BC  Data: 00 00 00 AA F6 26 57 F2 
"
"2016-11-21 14:40:46ID: BB  Data: 00 00 00 AA 09 68 81 56 
"
"2016-11-21 14:40:46ID: BC  Data: 00 00 00 AA F6 97 7E AA 
"
"2016-11-21 14:40:47ID: BB  Data: 00 00 00 AA 08 F2 17 53 
"
"2016-11-21 14:40:47ID: BC  Data: 00 00 00 AA F7 0D E8 AD 
"
"2016-11-21 14:40:47ID: BB  Data: 00 00 00 AA 08 73 C8 62 
"
"2016-11-21 14:40:47ID: BC  Data: 00 00 00 AA F7 8C 37 9E 
"
"2016-11-21 14:40:47ID: BB  Data: 00 00 00 AA 08 00 00 04 
"
"2016-11-21 14:40:47ID: BC  Data: 00 00 00 AA F7 FF FF FC 
"
"2016-11-21 14:40:47ID: BB  Data: 00 00 00 AA 07 96 BE 3B 
"
"2016-11-21 14:40:47ID: BC  Data: 00 00 00 AA F8 69 41 C5 
"
"2016-11-21 14:40:47ID: BB  Data: 00 00 00 AA 07 3F E7 F5 
"
"2016-11-21 14:40:47ID: BC  Data: 00 00 00 AA F8 C0 18 0B 
"
"2016-11-21 14:40:47ID: BB  Data: 00 00 00 AA 06 FB 7D 32 
"
"2016-11-21 14:40:47ID: BC  Data: 00 00 00 AA F9 04 82 CE 
"
"2016-11-21 14:40:47ID: BB  Data: 00 00 00 AA 07 07 54 99 
"
"2016-11-21 14:40:47ID: BC  Data: 00 00 00 AA F8 F8 AB 67 
"
"2016-11-21 14:40:47ID: BB  Data: 00 00 00 AA 07 03 62 21 
"
"2016-11-21 14:40:47ID: BC  Data: 00 00 00 AA F8 FC 9D DF 
"
"2016-11-21 14:40:47ID: BB  Data: 00 00 00 AA 06 FC CE 05 
"
"2016-11-21 14:40:47ID: BC  Data: 00 00 00 AA F9 03 31 FB 
"
"2016-11-21 14:40:47ID: BB  Data: 00 00 00 AA 06 F6 39 E8 
"
"2016-11-21 14:40:47ID: BC  Data: 00 00 00 AA F9 09 C6 18 
"
"2016-11-21 14:40:47ID: BB  Data: 00 00 00 AA 06 F3 98 43 
"
"2016-11-21 14:40:47ID: BC  Data: 00 00 00 AA F9 0C 67 BD 
"
"2016-11-21 14:40:48ID: BB  Data: 00 00 00 AA 06 58 57 3A 
"
"2016-11-21 14:40:48ID: BC  Data: 00 00 00 AA F9 A7 A8 C6 
"
"2016-11-21 14:40:48ID: BB  Data: 00 00 00 AA 04 3F 87 B7 
"
"2016-11-21 14:40:48ID: BC  Data: 00 00 00 AA FB C0 78 49 
"
"2016-11-21 14:40:48ID: BB  Data: 00 00 00 AA 03 B9 53 D6 
"
"2016-11-21 14:40:48ID: BC  Data: 00 00 00 AA FC 46 AC 2A 
"
"2016-11-21 14:40:48ID: BB  Data: 00 00 00 AA 04 D2 E3 D1 
"
"2016-11-21 14:40:48ID: BC  Data: 00 00 00 AA FB 2D 1C 2F 
"
"2016-11-21 14:40:48ID: BB  Data: 00 00 00 AA 04 92 6B 86 
"
"2016-11-21 14:40:48ID: BC  Data: 00 00 00 AA FB 6D 94 7A 
"
"2016-11-21 14:40:48ID: BB  Data: 00 00 00 AA 04 BF 27 7B 
"
"2016-11-21 14:40:48ID: BC  Data: 00 00 00 AA FB 40 D8 85 
"
"2016-11-21 14:40:48ID: BB  Data: 00 00 00 AA 04 93 BC 58 
"
"2016-11-21 14:40:48ID: BC  Data: 00 00 00 AA FB 6C 43 A8 
"
"2016-11-21 14:40:48ID: BB  Data: 00 00 00 AA 01 E3 9E 44 
"
"2016-11-21 14:40:48ID: BC  Data: 00 00 00 AA FE 1C 61 BC 
"
"2016-11-21 14:40:48ID: BB  Data: 00 00 00 AA 00 00 00 00 
"
"2016-11-21 14:40:48ID: BC  Data: 00 00 00 AA 00 00 00 00 
"
"2016-11-21 14:40:48ID: BB  Data: 00 00 00 AA 00 00 00 00 
"
"2016-11-21 14:40:48ID: BC  Data: 00 00 00 AA 00 00 00 00 
"
"2016-11-21 14:40:48ID: BB  Data: 00 00 00 AA 00 00 00 00 
"
"2016-11-21 14:40:48ID: BC  Data: 00 00 00 AA 00 00 00 00 
"
"2016-11-21 14:40:48ID: BB  Data: 00 00 00 AA 00 00 00 00 
"
"2016-11-21 14:40:48ID: BC  Data: 00 00 00 AA 00 00 00 00 
"
"2016-11-21 14:40:49ID: BB  Data: 00 00 00 AA 00 00 00 00 
"
"2016-11-21 14:40:49ID: BC  Data: 00 00 00 AA 00 00 00 00 
"
"2016-11-21 14:40:49ID: BB  Data: 00 00 00 AA 00 00 00 00 
"
"2016-11-21 14:40:49ID: BC  Data: 00 00 00 AA 00 00 00 00 
"
"2016-11-21 14:40:49ID: BB  Data: 00 00 00 AA 00 00 00 00 
"
"2016-11-21 14:40:49ID: BC  Data: 00 00 00 AA 00 00 00 00 
"
"2016-11-21 14:40:49ID: BB  Data: 00 00 00 AA 00 00 00 00 
"
"2016-11-21 14:40:49ID: BC  Data: 00 00 00 AA 00 00 00 00 
"
"2016-11-21 14:40:49ID: BB  Data: 00 00 00 AA 00 00 00 00 
"
"2016-11-21 14:40:49ID: BC  Data: 00 00 00 AA 00 00 00 00 
"
"2016-11-21 14:40:49ID: BB  Data: 00 00 00 AA 00 00 00 00 
"
"2016-11-21 14:40:49ID: BC  Data: 00 00 00 AA 00 00 00 00 
"
"2016-11-21 14:40:49ID: BB  Data: 00 00 00 AA 00 00 00 00 
"
"2016-11-21 14:40:49ID: BC  Data: 00 00 00 AA 00 00 00 00 
"
"2016-11-21 14:40:49ID: BB  Data: 00 00 00 AA 00 00 00 00 
"
"2016-11-21 14:40:49ID: BC  Data: 00 00 00 AA 00 00 00 00 
"
"2016-11-21 14:40:49ID: BB  Data: 00 00 00 AA 00 00 00 00 
"
"2016-11-21 14:40:49ID: BC  Data: 00 00 00 AA 00 00 00 00 
"
"2016-11-21 14:40:49ID: BB  Data: 00 00 00 AA 00 00 00 00 
"
"2016-11-21 14:40:49ID: BC  Data: 00 00 00 AA 00 00 00 00 
"
"2016-11-21 14:40:49ID: BB  Data: 00 00 00 AA 00 00 00 00 
"
"2016-11-21 14:40:49ID: BC  Data: 00 00 00 AA 00 00 00 00 
"
"2016-11-21 14:40:50ID: BB  Data: 00 00 00 AA 00 00 00 00 
"
"2016-11-21 14:40:50ID: BC  Data: 00 00 00 AA 00 00 00 00 
"
"2016-11-21 14:40:50ID: BB  Data: 00 00 00 AA 00 00 00 00 
"
"2016-11-21 14:40:50ID: BC  Data: 00 00 00 AA 00 00 00 00 
"
"2016-11-21 14:40:50ID: BB  Data: 00 00 00 AA 00 00 00 00 
"
"2016-11-21 14:40:50ID: BC  Data: 00 00 00 AA 00 00 00 00 
"
"2016-11-21 14:40:50ID: BB  Data: 00 00 00 AA 00 00 00 00 
"
"2016-11-21 14:40:50ID: BC  Data: 00 00 00 AA 00 00 00 00 
"
"2016-11-21 14:40:50ID: BB  Data: 00 00 00 AA 00 00 00 00 
"
"2016-11-21 14:40:50ID: BC  Data: 00 00 00 AA 00 00 00 00 
"
"2016-11-21 14:40:50ID: BB  Data: 00 00 00 AA 00 00 00 00 
"
"2016-11-21 14:40:50ID: BC  Data: 00 00 00 AA 00 00 00 00 
"
"2016-11-21 14:40:50ID: BB  Data: 00 00 00 AA 00 00 00 00 
"
"2016-11-21 14:40:50ID: BC  Data: 00 00 00 AA 00 00 00 00 
"
"2016-11-21 14:40:50ID: BB  Data: 00 00 00 AA 00 00 00 00 
"
"2016-11-21 14:40:50ID: BC  Data: 00 00 00 AA 00 00 00 00 
"
"2016-11-21 14:40:50ID: BB  Data: 00 00 00 AA 00 00 00 00 
"
"2016-11-21 14:40:50ID: BC  Data: 00 00 00 AA 00 00 00 00 
"
"2016-11-21 14:40:50ID: BB  Data: 00 00 00 AA 00 00 00 00 
"
"2016-11-21 14:40:50ID: BC  Data: 00 00 00 AA 00 00 00 00 
"
"2016-11-21 14:40:50ID: BB  Data: 00 00 00 AA 00 00 00 00 
"
"2016-11-21 14:40:50ID: BC  Data: 00 00 00 AA 00 00 00 00 
"
"2016-11-21 14:40:51ID: BB  Data: 00 00 00 AA 00 00 00 00 
"
"2016-11-21 14:40:51ID: BC  Data: 00 00 00 AA 00 00 00 00 
"
"2016-11-21 14:40:51ID: BB  Data: 00 00 00 AA 00 00 00 00 
"
"2016-11-21 14:40:51ID: BC  Data: 00 00 00 AA 00 00 00 00 
"
"2016-11-21 14:40:51ID: BB  Data: 00 00 00 AA 00 00 00 00 
"
"2016-11-21 14:40:51ID: BC  Data: 00 00 00 AA 00 00 00 00 
"
"2016-11-21 14:40:51ID: BB  Data: 00 00 00 AA 00 00 00 00 
"
"2016-11-21 14:40:51ID: BC  Data: 00 00 00 AA 00 00 00 00 
"
"2016-11-21 14:40:51ID: BB  Data: 00 00 00 AA 00 00 00 00 
"
"2016-11-21 14:40:51ID: BC  Data: 00 00 00 AA 00 00 00 00 
"
"2016-11-21 14:40:51ID: BB  Data: 00 00 00 AA 00 00 00 00 
"
"2016-11-21 14:40:51ID: BC  Data: 00 00 00 AA 00 00 00 00 
"
"2016-11-21 14:40:51ID: BB  Data: 00 00 00 AA 00 00 00 00 
"
"2016-11-21 14:40:51ID: BC  Data: 00 00 00 AA 00 00 00 00 
"
"2016-11-21 14:40:51ID: BB  Data: 00 00 00 AA 00 00 00 00 
"
"2016-11-21 14:40:51ID: BC  Data: 00 00 00 AA 00 00 00 00 
"
"2016-11-21 14:40:51ID: BB  Data: 00 00 00 AA 00 00 00 00 
"
"2016-11-21 14:40:51ID: BC  Data: 00 00 00 AA 00 00 00 00 
"
"2016-11-21 14:40:51ID: BB  Data: 00 00 00 AA 00 00 00 00 
"
"2016-11-21 14:40:51ID: BC  Data: 00 00 00 AA 00 00 00 00 
"
"2016-11-21 14:40:51ID: BB  Data: 00 00 00 AA 00 00 00 00 
"
"2016-11-21 14:40:51ID: BC  Data: 00 00 00 AA 00 00 00 00 
"
"2016-11-21 14:40:51ID: BB  Data: 00 00 00 AA 00 00 00 00 
"
"2016-11-21 14:40:51ID: BC  Data: 00 00 00 AA 00 00 00 00 
"
"2016-11-21 14:40:52ID: BB  Data: 00 00 00 AA 00 00 00 00 
"
"2016-11-21 14:40:52ID: BC  Data: 00 00 00 AA 00 00 00 00 
"
"2016-11-21 14:40:52ID: BB  Data: 00 00 00 AA 00 00 00 00 
"
"2016-11-21 14:40:52ID: BC  Data: 00 00 00 AA 00 00 00 00 
"
"2016-11-21 14:40:52ID: BB  Data: 00 00 00 AA 00 00 00 00 
"
"2016-11-21 14:40:52ID: BC  Data: 00 00 00 AA 00 00 00 00 
"
"2016-11-21 14:40:52ID: BB  Data: 00 00 00 AA 00 00 00 00 
"
"2016-11-21 14:40:52ID: BC  Data: 00 00 00 AA 00 00 00 00 
"
"2016-11-21 14:40:52ID: BB  Data: 00 00 00 AA 00 00 00 00 
"
"2016-11-21 14:40:52ID: BC  Data: 00 00 00 AA 00 00 00 00 
"
"2016-11-21 14:40:52ID: BB  Data: 00 00 00 AA 00 00 00 00 
"
"2016-11-21 14:40:52ID: BC  Data: 00 00 00 AA 00 00 00 00 
"
"2016-11-21 14:40:52ID: BB  Data: 00 00 00 AA 00 00 00 00 
"
"2016-11-21 14:40:52ID: BC  Data: 00 00 00 AA 00 00 00 00 
"
"2016-11-21 14:40:52ID: BB  Data: 00 00 00 AA 00 00 00 00 
"
"2016-11-21 14:40:52ID: BC  Data: 00 00 00 AA 00 00 00 00 
"
"2016-11-21 14:40:52ID: BB  Data: 00 00 00 AA 00 00 00 00 
"
"2016-11-21 14:40:52ID: BC  Data: 00 00 00 AA 00 00 00 00 
"
"2016-11-21 14:40:52ID: BB  Data: 00 00 00 AA 00 00 00 00 
"
"2016-11-21 14:40:52ID: BC  Data: 00 00 00 AA 00 00 00 00 
"
"2016-11-21 14:40:52ID: BB  Data: 00 00 00 AA 00 00 00 00 
"
"2016-11-21 14:40:52ID: BC  Data: 00 00 00 AA 00 00 00 00 
"
"2016-11-21 14:40:53ID: BB  Data: 00 00 00 AA 00 00 00 00 
"
"2016-11-21 14:40:53ID: BC  Data: 00 00 00 AA 00 00 00 00 
"
"2016-11-21 14:40:53ID: BB  Data: 00 00 00 AA 00 00 00 00 
"
"2016-11-21 14:40:53ID: BC  Data: 00 00 00 AA 00 00 00 00 
"
"2016-11-21 14:40:53ID: BB  Data: 00 00 00 AA 00 00 00 00 
"
"2016-11-21 14:40:53ID: BC  Data: 00 00 00 AA 00 00 00 00 
"
"2016-11-21 14:40:53ID: BB  Data: 00 00 00 AA 00 00 00 00 
"
"2016-11-21 14:40:53ID: BC  Data: 00 00 00 AA 00 00 00 00 
"
"2016-11-21 14:40:53ID: BB  Data: 00 00 00 AA 00 00 00 00 
"
"2016-11-21 14:40:53ID: BC  Data: 00 00 00 AA 00 00 00 00 
"
"2016-11-21 14:40:53ID: BB  Data: 00 00 00 AA 00 00 00 00 
"
"2016-11-21 14:40:53ID: BC  Data: 00 00 00 AA 00 00 00 00 
"
"2016-11-21 14:40:53ID: BB  Data: 00 00 00 AA 00 00 00 00 
"
"2016-11-21 14:40:53ID: BC  Data: 00 00 00 AA 00 00 00 00 
"
"2016-11-21 14:40:53ID: BB  Data: 00 00 00 AA 00 00 00 00 
"
"2016-11-21 14:40:53ID: BC  Data: 00 00 00 AA 00 00 00 00 
"
"2016-11-21 14:40:53ID: BB  Data: 00 00 00 AA 00 00 00 00 
"
"2016-11-21 14:40:53ID: BC  Data: 00 00 00 AA 00 00 00 00 
"
"2016-11-21 14:40:53ID: BB  Data: 00 00 00 AA 00 00 00 00 
"
"2016-11-21 14:40:53ID: BC  Data: 00 00 00 AA 00 00 00 00 
"
"2016-11-21 14:40:53ID: BB  Data: 00 00 00 AA 00 00 00 00 
"
"2016-11-21 14:40:53ID: BC  Data: 00 00 00 AA 00 00 00 00 
"
"2016-11-21 14:40:53ID: BB  Data: 00 00 00 AA 00 00 00 00 
"
"2016-11-21 14:40:54ID: BC  Data: 00 00 00 AA 00 00 00 00 
"
"2016-11-21 14:40:54ID: BB  Data: 00 00 00 AA 01 A0 84 54 
"
"2016-11-21 14:40:54ID: BC  Data: 00 00 00 AA FE 5F 7B AC 
"
"2016-11-21 14:40:54ID: BB  Data: 00 00 00 AA 02 21 74 EA 
"
"2016-11-21 14:40:54ID: BC  Data: 00 00 00 AA FD DE 8B 16 
"
"2016-11-21 14:40:54ID: BB  Data: 00 00 00 AA 03 49 7D F0 
"
"2016-11-21 14:40:54ID: BC  Data: 00 00 00 AA FC B6 82 10 
"
"2016-11-21 14:40:54ID: BB  Data: 00 00 00 AA 04 82 A1 A7 
"
"2016-11-21 14:40:54ID: BC  Data: 00 00 00 AA FB 7D 5E 59 
"
"2016-11-21 14:40:54ID: BB  Data: 00 00 00 AA 05 A1 74 EC 
"
"2016-11-21 14:40:54ID: BC  Data: 00 00 00 AA FA 5E 8B 14 
"
"2016-11-21 14:40:54ID: BB  Data: 00 00 00 AA 07 57 96 C2 
"
"2016-11-21 14:40:54ID: BC  Data: 00 00 00 AA F8 A8 69 3E 
"
"2016-11-21 14:40:54ID: BB  Data: 00 00 00 AA 09 AC EC 19 
"
"2016-11-21 14:40:54ID: BC  Data: 00 00 00 AA F6 53 13 E7 
"
"2016-11-21 14:40:54ID: BB  Data: 00 00 00 AA 0B 0A E6 D6 
"
"2016-11-21 14:40:54ID: BC  Data: 00 00 00 AA F4 F5 19 2A 
"
"2016-11-21 14:40:54ID: BB  Data: 00 00 00 AA 0C 42 B9 BB 
"
"2016-11-21 14:40:54ID: BC  Data: 00 00 00 AA F3 BD 46 45 
"
"2016-11-21 14:40:54ID: BB  Data: 00 00 00 AA 0D C9 7D F6 
"
"2016-11-21 14:40:54ID: BC  Data: 00 00 00 AA F2 36 82 0A 
"
"2016-11-21 14:40:54ID: BB  Data: 00 00 00 AA 0E E0 6C 4C 
"
"2016-11-21 14:40:54ID: BC  Data: 00 00 00 AA F1 1F 93 B4 
"
"2016-11-21 14:40:55ID: BB  Data: 00 00 00 AA 0E F8 1B 19 
"
"2016-11-21 14:40:55ID: BC  Data: 00 00 00 AA F1 07 E4 E7 
"
"2016-11-21 14:40:55ID: BB  Data: 00 00 00 AA 0E F8 1B 19 
"
"2016-11-21 14:40:55ID: BC  Data: 00 00 00 AA F1 07 E4 E7 
"
"2016-11-21 14:40:55ID: BB  Data: 00 00 00 AA 0E F9 6B EC 
"
"2016-11-21 14:40:55ID: BC  Data: 00 00 00 AA F1 06 94 14 
"
"2016-11-21 14:40:55ID: BB  Data: 00 00 00 AA 0E F9 6B EC 
"
"2016-11-21 14:40:55ID: BC  Data: 00 00 00 AA F1 06 94 14 
"
"2016-11-21 14:40:55ID: BB  Data: 00 00 00 AA 0E FA BC BE 
"
"2016-11-21 14:40:55ID: BC  Data: 00 00 00 AA F1 05 43 42 
"
"2016-11-21 14:40:55ID: BB  Data: 00 00 00 AA 0E F9 6B EC 
"
"2016-11-21 14:40:55ID: BC  Data: 00 00 00 AA F1 06 94 14 
"
"2016-11-21 14:40:55ID: BB  Data: 00 00 00 AA 0E F8 1B 19 
"
"2016-11-21 14:40:55ID: BC  Data: 00 00 00 AA F1 07 E4 E7 
"
"2016-11-21 14:40:55ID: BB  Data: 00 00 00 AA 0E F9 6B EC 
"
"2016-11-21 14:40:55ID: BC  Data: 00 00 00 AA F1 06 94 14 
"
"2016-11-21 14:40:55ID: BB  Data: 00 00 00 AA 0E FC 0D 91 
"
"2016-11-21 14:40:55ID: BC  Data: 00 00 00 AA F1 03 F2 6F 
"
"2016-11-21 14:40:55ID: BB  Data: 00 00 00 AA 0E F9 6B EC 
"
"2016-11-21 14:40:55ID: BC  Data: 00 00 00 AA F1 06 94 14 
"
"2016-11-21 14:40:55ID: BB  Data: 00 00 00 AA 0E FA BC BE 
"
"2016-11-21 14:40:55ID: BC  Data: 00 00 00 AA F1 05 43 42 
"
"2016-11-21 14:40:56ID: BB  Data: 00 00 00 AA 0E F9 6B EC 
"
"2016-11-21 14:40:56ID: BC  Data: 00 00 00 AA F1 06 94 14 
"
"2016-11-21 14:40:56ID: BB  Data: 00 00 00 AA 0E F9 6B EC 
"
"2016-11-21 14:40:56ID: BC  Data: 00 00 00 AA F1 06 94 14 
"
"2016-11-21 14:40:56ID: BB  Data: 00 00 00 AA 0E F9 6B EC 
"
"2016-11-21 14:40:56ID: BC  Data: 00 00 00 AA F1 06 94 14 
"
"2016-11-21 14:40:56ID: BB  Data: 00 00 00 AA 0E FA BC BE 
"
"2016-11-21 14:40:56ID: BC  Data: 00 00 00 AA F1 05 43 42 
"
"2016-11-21 14:40:56ID: BB  Data: 00 00 00 AA 0E F9 6B EC 
"
"2016-11-21 14:40:56ID: BC  Data: 00 00 00 AA F1 06 94 14 
"
"2016-11-21 14:40:56ID: BB  Data: 00 00 00 AA 0E F9 6B EC 
"
"2016-11-21 14:40:56ID: BC  Data: 00 00 00 AA F1 06 94 14 
"
"2016-11-21 14:40:56ID: BB  Data: 00 00 00 AA 0E F9 6B EC 
"
"2016-11-21 14:40:56ID: BC  Data: 00 00 00 AA F1 06 94 14 
"
"2016-11-21 14:40:56ID: BB  Data: 00 00 00 AA 0E F9 6B EC 
"
"2016-11-21 14:40:56ID: BC  Data: 00 00 00 AA F1 06 94 14 
"
"2016-11-21 14:40:56ID: BB  Data: 00 00 00 AA 0E FA BC BE 
"
"2016-11-21 14:40:56ID: BC  Data: 00 00 00 AA F1 05 43 42 
"
"2016-11-21 14:40:56ID: BB  Data: 00 00 00 AA 0E F8 1B 19 
"
"2016-11-21 14:40:56ID: BC  Data: 00 00 00 AA F1 07 E4 E7 
"
"2016-11-21 14:40:56ID: BB  Data: 00 00 00 AA 0E FA BC BE 
"
"2016-11-21 14:40:56ID: BC  Data: 00 00 00 AA F1 05 43 42 
"
"2016-11-21 14:40:56ID: BB  Data: 00 00 00 AA 0E FA BC BE 
"
"2016-11-21 14:40:56ID: BC  Data: 00 00 00 AA F1 05 43 42 
"
"2016-11-21 14:40:57ID: BB  Data: 00 00 00 AA 0E F9 6B EC 
"
"2016-11-21 14:40:57ID: BC  Data: 00 00 00 AA F1 06 94 14 
"
"2016-11-21 14:40:57ID: BB  Data: 00 00 00 AA 0E FA BC BE 
"
"2016-11-21 14:40:57ID: BC  Data: 00 00 00 AA F1 05 43 42 
"
"2016-11-21 14:40:57ID: BB  Data: 00 00 00 AA 0E F9 6B EC 
"
"2016-11-21 14:40:57ID: BC  Data: 00 00 00 AA F1 06 94 14 
"
"2016-11-21 14:40:57ID: BB  Data: 00 00 00 AA 0E FA BC BE 
"
"2016-11-21 14:40:57ID: BC  Data: 00 00 00 AA F1 05 43 42 
"
"2016-11-21 14:40:57ID: BB  Data: 00 00 00 AA 0E FA BC BE 
"
"2016-11-21 14:40:57ID: BC  Data: 00 00 00 AA F1 05 43 42 
"
"2016-11-21 14:40:57ID: BB  Data: 00 00 00 AA 0E FA BC BE 
"
"2016-11-21 14:40:57ID: BC  Data: 00 00 00 AA F1 05 43 42 
"
"2016-11-21 14:40:57ID: BB  Data: 00 00 00 AA 0E FC 0D 91 
"
"2016-11-21 14:40:57ID: BC  Data: 00 00 00 AA F1 03 F2 6F 
"
"2016-11-21 14:40:57ID: BB  Data: 00 00 00 AA 0E F9 6B EC 
"
"2016-11-21 14:40:57ID: BC  Data: 00 00 00 AA F1 06 94 14 
"
"2016-11-21 14:40:57ID: BB  Data: 00 00 00 AA 0E F9 6B EC 
"
"2016-11-21 14:40:57ID: BC  Data: 00 00 00 AA F1 06 94 14 
"
"2016-11-21 14:40:57ID: BB  Data: 00 00 00 AA 0E FA BC BE 
"
"2016-11-21 14:40:57ID: BC  Data: 00 00 00 AA F1 05 43 42 
"
"2016-11-21 14:40:57ID: BB  Data: 00 00 00 AA 0E F9 6B EC 
"
"2016-11-21 14:40:57ID: BC  Data: 00 00 00 AA F1 06 94 14 
"
"2016-11-21 14:40:58ID: BB  Data: 00 00 00 AA 0E F9 6B EC 
"
"2016-11-21 14:40:58ID: BC  Data: 00 00 00 AA F1 06 94 14 
"
"2016-11-21 14:40:58ID: BB  Data: 00 00 00 AA 0E F9 6B EC 
"
"2016-11-21 14:40:58ID: BC  Data: 00 00 00 AA F1 06 94 14 
"
"2016-11-21 14:40:58ID: BB  Data: 00 00 00 AA 0E F8 1B 19 
"
"2016-11-21 14:40:58ID: BC  Data: 00 00 00 AA F1 07 E4 E7 
"
"2016-11-21 14:40:58ID: BB  Data: 00 00 00 AA 0E FA BC BE 
"
"2016-11-21 14:40:58ID: BC  Data: 00 00 00 AA F1 05 43 42 
"
"2016-11-21 14:40:58ID: BB  Data: 00 00 00 AA 0E F9 6B EC 
"
"2016-11-21 14:40:58ID: BC  Data: 00 00 00 AA F1 06 94 14 
"
"2016-11-21 14:40:58ID: BB  Data: 00 00 00 AA 0E FA BC BE 
"
"2016-11-21 14:40:58ID: BC  Data: 00 00 00 AA F1 05 43 42 
"
"2016-11-21 14:40:58ID: BB  Data: 00 00 00 AA 0E FA BC BE 
"
"2016-11-21 14:40:58ID: BC  Data: 00 00 00 AA F1 05 43 42 
"
"2016-11-21 14:40:58ID: BB  Data: 00 00 00 AA 0E F9 6B EC 
"
"2016-11-21 14:40:58ID: BC  Data: 00 00 00 AA F1 06 94 14 
"
"2016-11-21 14:40:58ID: BB  Data: 00 00 00 AA 0E FA BC BE 
"
"2016-11-21 14:40:58ID: BC  Data: 00 00 00 AA F1 05 43 42 
"
"2016-11-21 14:40:58ID: BB  Data: 00 00 00 AA 0E F9 6B EC 
"
"2016-11-21 14:40:58ID: BC  Data: 00 00 00 AA F1 06 94 14 
"
"2016-11-21 14:40:58ID: BB  Data: 00 00 00 AA 0E F8 1B 19 
"
"2016-11-21 14:40:58ID: BC  Data: 00 00 00 AA F1 07 E4 E7 
"
"2016-11-21 14:40:59ID: BB  Data: 00 00 00 AA 0E FA BC BE 
"
"2016-11-21 14:40:59ID: BC  Data: 00 00 00 AA F1 05 43 42 
"
"2016-11-21 14:40:59ID: BB  Data: 00 00 00 AA 0E FA BC BE 
"
"2016-11-21 14:40:59ID: BC  Data: 00 00 00 AA F1 05 43 42 
"
"2016-11-21 14:40:59ID: BB  Data: 00 00 00 AA 0E FA BC BE 
"
"2016-11-21 14:40:59ID: BC  Data: 00 00 00 AA F1 05 43 42 
"
"2016-11-21 14:40:59ID: BB  Data: 00 00 00 AA 0E F9 6B EC 
"
"2016-11-21 14:40:59ID: BC  Data: 00 00 00 AA F1 06 94 14 
"
"2016-11-21 14:40:59ID: BB  Data: 00 00 00 AA 0E F9 6B EC 
"
"2016-11-21 14:40:59ID: BC  Data: 00 00 00 AA F1 06 94 14 
"
"2016-11-21 14:40:59ID: BB  Data: 00 00 00 AA 0E F9 6B EC 
"
"2016-11-21 14:40:59ID: BC  Data: 00 00 00 AA F1 06 94 14 
"
"2016-11-21 14:40:59ID: BB  Data: 00 00 00 AA 0E F9 6B EC 
"
"2016-11-21 14:40:59ID: BC  Data: 00 00 00 AA F1 06 94 14 
"
"2016-11-21 14:40:59ID: BB  Data: 00 00 00 AA 0E F9 6B EC 
"
"2016-11-21 14:40:59ID: BC  Data: 00 00 00 AA F1 06 94 14 
"
"2016-11-21 14:40:59ID: BB  Data: 00 00 00 AA 0E F6 CA 46 
"
"2016-11-21 14:40:59ID: BC  Data: 00 00 00 AA F1 09 35 BA 
"
"2016-11-21 14:40:59ID: BB  Data: 00 00 00 AA 0E F9 6B EC 
"
"2016-11-21 14:40:59ID: BC  Data: 00 00 00 AA F1 06 94 14 
"
"2016-11-21 14:40:59ID: BB  Data: 00 00 00 AA 0E FA BC BE 
"
"2016-11-21 14:40:59ID: BC  Data: 00 00 00 AA F1 05 43 42 
"
"2016-11-21 14:40:59ID: BB  Data: 00 00 00 AA 0E FA BC BE 
"
"2016-11-21 14:40:59ID: BC  Data: 00 00 00 AA F1 05 43 42 
"
"2016-11-21 14:41:00ID: BB  Data: 00 00 00 AA 0E 30 1E 1A 
"
"2016-11-21 14:41:00ID: BC  Data: 00 00 00 AA F1 CF E1 E6 
"
"2016-11-21 14:41:00ID: BB  Data: 00 00 00 AA 0E 1C 61 C5 
"
"2016-11-21 14:41:00ID: BC  Data: 00 00 00 AA F1 E3 9E 3B 
"
"2016-11-21 14:41:00ID: BB  Data: 00 00 00 AA 0E 1B 10 F2 
"
"2016-11-21 14:41:00ID: BC  Data: 00 00 00 AA F1 E4 EF 0E 
"
"2016-11-21 14:41:00ID: BB  Data: 00 00 00 AA 0E 25 97 86 
"
"2016-11-21 14:41:00ID: BC  Data: 00 00 00 AA F1 DA 68 7A 
"
"2016-11-21 14:41:00ID: BB  Data: 00 00 00 AA 0E 2A DA D0 
"
"2016-11-21 14:41:00ID: BC  Data: 00 00 00 AA F1 D5 25 30 
"
"2016-11-21 14:41:00ID: BB  Data: 00 00 00 AA 0E 42 89 9E 
"
"2016-11-21 14:41:00ID: BC  Data: 00 00 00 AA F1 BD 76 62 
"
"2016-11-21 14:41:00ID: BB  Data: 00 00 00 AA 0E 47 CC E8 
"
"2016-11-21 14:41:00ID: BC  Data: 00 00 00 AA F1 B8 33 18 
"
"2016-11-21 14:41:00ID: BB  Data: 00 00 00 AA 0E 54 F5 21 
"
"2016-11-21 14:41:00ID: BC  Data: 00 00 00 AA F1 AB 0A DF 
"
"2016-11-21 14:41:00ID: BB  Data: 00 00 00 AA 0E 6C A3 EE 
"
"2016-11-21 14:41:00ID: BC  Data: 00 00 00 AA F1 93 5C 12 
"
"2016-11-21 14:41:00ID: BB  Data: 00 00 00 AA 0E 99 5F E4 
"
"2016-11-21 14:41:00ID: BC  Data: 00 00 00 AA F1 66 A0 1C 
"
"2016-11-21 14:41:00ID: BB  Data: 00 00 00 AA 0E AE 6D 0C 
"
"2016-11-21 14:41:00ID: BC  Data: 00 00 00 AA F1 51 92 F4 
"
"2016-11-21 14:41:01ID: BB  Data: 00 00 00 AA 0E BB 95 45 
"
"2016-11-21 14:41:01ID: BC  Data: 00 00 00 AA F1 44 6A BB 
"
"2016-11-21 14:41:01ID: BB  Data: 00 00 00 AA 0E BE 36 EA 
"
"2016-11-21 14:41:01ID: BC  Data: 00 00 00 AA F1 41 C9 16 
"
"2016-11-21 14:41:01ID: BB  Data: 00 00 00 AA 0E BB 95 45 
"
"2016-11-21 14:41:01ID: BC  Data: 00 00 00 AA F1 44 6A BB 
"
"2016-11-21 14:41:01ID: BB  Data: 00 00 00 AA 0E BA 44 73 
"
"2016-11-21 14:41:01ID: BC  Data: 00 00 00 AA F1 45 BB 8D 
"
"2016-11-21 14:41:01ID: BB  Data: 00 00 00 AA 0E BC E6 18 
"
"2016-11-21 14:41:01ID: BC  Data: 00 00 00 AA F1 43 19 E8 
"
"2016-11-21 14:41:01ID: BB  Data: 00 00 00 AA 0E BE 36 EA 
"
"2016-11-21 14:41:01ID: BC  Data: 00 00 00 AA F1 41 C9 16 
"
"2016-11-21 14:41:01ID: BB  Data: 00 00 00 AA 0E BC E6 18 
"
"2016-11-21 14:41:01ID: BC  Data: 00 00 00 AA F1 43 19 E8 
"
"2016-11-21 14:41:01ID: BB  Data: 00 00 00 AA 0E C0 D8 8F 
"
"2016-11-21 14:41:01ID: BC  Data: 00 00 00 AA F1 3F 27 71 
"
"2016-11-21 14:41:01ID: BB  Data: 00 00 00 AA 0E C4 CB 07 
"
"2016-11-21 14:41:01ID: BC  Data: 00 00 00 AA F1 3B 34 F9 
"
"2016-11-21 14:41:01ID: BB  Data: 00 00 00 AA 0E C6 1B D9 
"
"2016-11-21 14:41:01ID: BC  Data: 00 00 00 AA F1 39 E4 27 
"
"2016-11-21 14:41:01ID: BB  Data: 00 00 00 AA 0E D7 36 8A 
"
"2016-11-21 14:41:01ID: BC  Data: 00 00 00 AA F1 28 C9 76 
"
"2016-11-21 14:41:01ID: BB  Data: 00 00 00 AA 0E E3 0D F1 
"
"2016-11-21 14:41:02ID: BC  Data: 00 00 00 AA F1 1C F2 0F 
"
"2016-11-21 14:41:02ID: BB  Data: 00 00 00 AA 0E E3 0D F1 
"
"2016-11-21 14:41:02ID: BC  Data: 00 00 00 AA F1 1C F2 0F 
"
"2016-11-21 14:41:02ID: BB  Data: 00 00 00 AA 0E E4 5E C3 
"
"2016-11-21 14:41:02ID: BC  Data: 00 00 00 AA F1 1B A1 3D 
"
"2016-11-21 14:41:02ID: BB  Data: 00 00 00 AA 0E E9 A2 0D 
"
"2016-11-21 14:41:02ID: BC  Data: 00 00 00 AA F1 16 5D F3 
"
"2016-11-21 14:41:02ID: BB  Data: 00 00 00 AA 0E EE E5 57 
"
"2016-11-21 14:41:02ID: BC  Data: 00 00 00 AA F1 11 1A A9 
"
"2016-11-21 14:41:02ID: BB  Data: 00 00 00 AA 0E F1 86 FC 
"
"2016-11-21 14:41:02ID: BC  Data: 00 00 00 AA F1 0E 79 04 
"
"2016-11-21 14:41:02ID: BB  Data: 00 00 00 AA 0E F5 79 74 
"
"2016-11-21 14:41:02ID: BC  Data: 00 00 00 AA F1 0A 86 8C 
"
"2016-11-21 14:41:02ID: BB  Data: 00 00 00 AA 0E FA BC BE 
"
"2016-11-21 14:41:02ID: BC  Data: 00 00 00 AA F1 05 43 42 
"
"2016-11-21 14:41:02ID: BB  Data: 00 00 00 AA 0E F8 1B 19 
"
"2016-11-21 14:41:02ID: BC  Data: 00 00 00 AA F1 07 E4 E7 
"
"2016-11-21 14:41:02ID: BB  Data: 00 00 00 AA 0E F6 CA 46 
"
"2016-11-21 14:41:02ID: BC  Data: 00 00 00 AA F1 09 35 BA 
"
"2016-11-21 14:41:02ID: BB  Data: 00 00 00 AA 0E F5 79 74 
"
"2016-11-21 14:41:02ID: BC  Data: 00 00 00 AA F1 0A 86 8C 
"
"2016-11-21 14:41:02ID: BB  Data: 00 00 00 AA 0E ED 94 85 
"
"2016-11-21 14:41:02ID: BC  Data: 00 00 00 AA F1 12 6B 7B 
"
"2016-11-21 14:41:03ID: BB  Data: 00 00 00 AA 0E E9 A2 0D 
"
"2016-11-21 14:41:03ID: BC  Data: 00 00 00 AA F1 16 5D F3 
"
"2016-11-21 14:41:03ID: BB  Data: 00 00 00 AA 0E E4 5E C3 
"
"2016-11-21 14:41:03ID: BC  Data: 00 00 00 AA F1 1B A1 3D 
"
"2016-11-21 14:41:03ID: BB  Data: 00 00 00 AA 0E D9 D8 2F 
"
"2016-11-21 14:41:03ID: BC  Data: 00 00 00 AA F1 26 27 D1 
"
"2016-11-21 14:41:03ID: BB  Data: 00 00 00 AA 0E D5 E5 B8 
"
"2016-11-21 14:41:03ID: BC  Data: 00 00 00 AA F1 2A 1A 48 
"
"2016-11-21 14:41:03ID: BB  Data: 00 00 00 AA 0E D3 44 13 
"
"2016-11-21 14:41:03ID: BC  Data: 00 00 00 AA F1 2C BB ED 
"
"2016-11-21 14:41:03ID: BB  Data: 00 00 00 AA 0E CA 0E 51 
"
"2016-11-21 14:41:03ID: BC  Data: 00 00 00 AA F1 35 F1 AF 
"
"2016-11-21 14:41:03ID: BB  Data: 00 00 00 AA 0E B8 F3 A0 
"
"2016-11-21 14:41:03ID: BC  Data: 00 00 00 AA F1 47 0C 60 
"
"2016-11-21 14:41:03ID: BB  Data: 00 00 00 AA 0E A6 88 1D 
"
"2016-11-21 14:41:03ID: BC  Data: 00 00 00 AA F1 59 77 E3 
"
"2016-11-21 14:41:03ID: BB  Data: 00 00 00 AA 0E A3 E6 78 
"
"2016-11-21 14:41:03ID: BC  Data: 00 00 00 AA F1 5C 19 88 
"
"2016-11-21 14:41:03ID: BB  Data: 00 00 00 AA 0E 9F F4 00 
"
"2016-11-21 14:41:03ID: BC  Data: 00 00 00 AA F1 60 0C 00 
"
"2016-11-21 14:41:03ID: BB  Data: 00 00 00 AA 0E 67 60 A4 
"
"2016-11-21 14:41:03ID: BC  Data: 00 00 00 AA F1 98 9F 5C 
"
"2016-11-21 14:41:04ID: BB  Data: 00 00 00 AA 0D F6 39 EC 
"
"2016-11-21 14:41:04ID: BC  Data: 00 00 00 AA F2 09 C6 14 
"
"2016-11-21 14:41:04ID: BB  Data: 00 00 00 AA 0D 76 9A 28 
"
"2016-11-21 14:41:04ID: BC  Data: 00 00 00 AA F2 89 65 D8 
"
"2016-11-21 14:41:04ID: BB  Data: 00 00 00 AA 0C CE 30 E5 
"
"2016-11-21 14:41:04ID: BC  Data: 00 00 00 AA F3 31 CF 1B 
"
"2016-11-21 14:41:04ID: BB  Data: 00 00 00 AA 0C A9 59 DF 
"
"2016-11-21 14:41:04ID: BC  Data: 00 00 00 AA F3 56 A6 21 
"
"2016-11-21 14:41:04ID: BB  Data: 00 00 00 AA 0C 7F 3F 8E 
"
"2016-11-21 14:41:04ID: BC  Data: 00 00 00 AA F3 80 C0 72 
"
"2016-11-21 14:41:04ID: BB  Data: 00 00 00 AA 0C 56 76 10 
"
"2016-11-21 14:41:04ID: BC  Data: 00 00 00 AA F3 A9 89 F0 
"
"2016-11-21 14:41:04ID: BB  Data: 00 00 00 AA 0B C8 5D 41 
"
"2016-11-21 14:41:04ID: BC  Data: 00 00 00 AA F4 37 A2 BF 
"
"2016-11-21 14:41:04ID: BB  Data: 00 00 00 AA 0B 1D 52 59 
"
"2016-11-21 14:41:04ID: BC  Data: 00 00 00 AA F4 E2 AD A7 
"
"2016-11-21 14:41:04ID: BB  Data: 00 00 00 AA 0A 94 7C D4 
"
"2016-11-21 14:41:04ID: BC  Data: 00 00 00 AA F5 6B 83 2C 
"
"2016-11-21 14:41:04ID: BB  Data: 00 00 00 AA 09 FA 8C 9D 
"
"2016-11-21 14:41:04ID: BC  Data: 00 00 00 AA F6 05 73 63 
"
"2016-11-21 14:41:04ID: BB  Data: 00 00 00 AA 09 A5 07 2A 
"
"2016-11-21 14:41:04ID: BC  Data: 00 00 00 AA F6 5A F8 D6 
"
"2016-11-21 14:41:04ID: BB  Data: 00 00 00 AA 09 96 8E 1E 
"
"2016-11-21 14:41:04ID: BC  Data: 00 00 00 AA F6 69 71 E2 
"
"2016-11-21 14:41:05ID: BB  Data: 00 00 00 AA 09 89 65 E5 
"
"2016-11-21 14:41:05ID: BC  Data: 00 00 00 AA F6 76 9A 1B 
"
"2016-11-21 14:41:05ID: BB  Data: 00 00 00 AA 09 6F 15 72 
"
"2016-11-21 14:41:05ID: BC  Data: 00 00 00 AA F6 90 EA 8E 
"
"2016-11-21 14:41:05ID: BB  Data: 00 00 00 AA 09 2D 4C 55 
"
"2016-11-21 14:41:05ID: BC  Data: 00 00 00 AA F6 D2 B3 AB 
"
"2016-11-21 14:41:05ID: BB  Data: 00 00 00 AA 08 DF AB D0 
"
"2016-11-21 14:41:05ID: BC  Data: 00 00 00 AA F7 20 54 30 
"
"2016-11-21 14:41:05ID: BB  Data: 00 00 00 AA 08 82 41 6D 
"
"2016-11-21 14:41:05ID: BC  Data: 00 00 00 AA F7 7D BE 93 
"
"2016-11-21 14:41:05ID: BB  Data: 00 00 00 AA 08 50 42 2E 
"
"2016-11-21 14:41:05ID: BC  Data: 00 00 00 AA F7 AF BD D2 
"
"2016-11-21 14:41:05ID: BB  Data: 00 00 00 AA 07 F1 86 F9 
"
"2016-11-21 14:41:05ID: BC  Data: 00 00 00 AA F8 0E 79 07 
"
"2016-11-21 14:41:05ID: BB  Data: 00 00 00 AA 07 BF 87 B9 
"
"2016-11-21 14:41:05ID: BC  Data: 00 00 00 AA F8 40 78 47 
"
"2016-11-21 14:41:05ID: BB  Data: 00 00 00 AA 07 13 2B FF 
"
"2016-11-21 14:41:05ID: BC  Data: 00 00 00 AA F8 EC D4 01 
"
"2016-11-21 14:41:05ID: BB  Data: 00 00 00 AA 05 A2 C5 BF 
"
"2016-11-21 14:41:05ID: BC  Data: 00 00 00 AA FA 5D 3A 41 
"
"2016-11-21 14:41:05ID: BB  Data: 00 00 00 AA 01 BD 76 6B 
"
"2016-11-21 14:41:05ID: BC  Data: 00 00 00 AA FE 42 89 95 
"
"2016-11-21 14:41:06ID: BB  Data: 00 00 00 AA 00 00 00 00 
"
"2016-11-21 14:41:06ID: BC  Data: 00 00 00 AA 00 00 00 00 
"
"2016-11-21 14:41:06ID: BB  Data: 00 00 00 AA 00 00 00 00 
"
"2016-11-21 14:41:06ID: BC  Data: 00 00 00 AA 00 00 00 00 
"
"2016-11-21 14:41:06ID: BB  Data: 00 00 00 AA 00 00 00 00 
"
"2016-11-21 14:41:06ID: BC  Data: 00 00 00 AA 00 00 00 00 
"
"2016-11-21 14:41:06ID: BB  Data: 00 00 00 AA 00 00 00 00 
"
"2016-11-21 14:41:06ID: BC  Data: 00 00 00 AA 00 00 00 00 
"
"2016-11-21 14:41:06ID: BB  Data: 00 00 00 AA 00 00 00 00 
"
"2016-11-21 14:41:06ID: BC  Data: 00 00 00 AA 00 00 00 00 
"
"2016-11-21 14:41:06ID: BB  Data: 00 00 00 AA 00 00 00 00 
"
"2016-11-21 14:41:06ID: BC  Data: 00 00 00 AA 00 00 00 00 
"
"2016-11-21 14:41:06ID: BB  Data: 00 00 00 AA 00 00 00 00 
"
"2016-11-21 14:41:06ID: BC  Data: 00 00 00 AA 00 00 00 00 
"
"2016-11-21 14:41:06ID: BB  Data: 00 00 00 AA 00 00 00 00 
"
"2016-11-21 14:41:06ID: BC  Data: 00 00 00 AA 00 00 00 00 
"
"2016-11-21 14:41:06ID: BB  Data: 00 00 00 AA 00 00 00 00 
"
"2016-11-21 14:41:06ID: BC  Data: 00 00 00 AA 00 00 00 00 
"
"2016-11-21 14:41:06ID: BB  Data: 00 00 00 AA 00 00 00 00 
"
"2016-11-21 14:41:06ID: BC  Data: 00 00 00 AA 00 00 00 00 
"
"2016-11-21 14:41:06ID: BB  Data: 00 00 00 AA 00 00 00 00 
"
"2016-11-21 14:41:06ID: BC  Data: 00 00 00 AA 00 00 00 00 
"
"2016-11-21 14:41:07ID: BB  Data: 00 00 00 AA 00 00 00 00 
"
"2016-11-21 14:41:07ID: BC  Data: 00 00 00 AA 00 00 00 00 
"
"2016-11-21 14:41:07ID: BB  Data: 00 00 00 AA 00 00 00 00 
"
"2016-11-21 14:41:07ID: BC  Data: 00 00 00 AA 00 00 00 00 
"
"2016-11-21 14:41:07ID: BB  Data: 00 00 00 AA 00 00 00 00 
"
"2016-11-21 14:41:07ID: BC  Data: 00 00 00 AA 00 00 00 00 
"
"2016-11-21 14:41:07ID: BB  Data: 00 00 00 AA 00 00 00 00 
"
"2016-11-21 14:41:07ID: BC  Data: 00 00 00 AA 00 00 00 00 
"
"2016-11-21 14:41:07ID: BB  Data: 00 00 00 AA 00 00 00 00 
"
"2016-11-21 14:41:07ID: BC  Data: 00 00 00 AA 00 00 00 00 
"
"2016-11-21 14:41:07ID: BB  Data: 00 00 00 AA 00 00 00 00 
"
"2016-11-21 14:41:07ID: BC  Data: 00 00 00 AA 00 00 00 00 
"
"2016-11-21 14:41:07ID: BB  Data: 00 00 00 AA 00 00 00 00 
"
"2016-11-21 14:41:07ID: BC  Data: 00 00 00 AA 00 00 00 00 
"
"2016-11-21 14:41:07ID: BB  Data: 00 00 00 AA 00 00 00 00 
"
"2016-11-21 14:41:07ID: BC  Data: 00 00 00 AA 00 00 00 00 
"
"2016-11-21 14:41:07ID: BB  Data: 00 00 00 AA 00 00 00 00 
"
"2016-11-21 14:41:07ID: BC  Data: 00 00 00 AA 00 00 00 00 
"
"2016-11-21 14:41:07ID: BB  Data: 00 00 00 AA 00 00 00 00 
"
"2016-11-21 14:41:07ID: BC  Data: 00 00 00 AA 00 00 00 00 
"
"2016-11-21 14:41:07ID: BB  Data: 00 00 00 AA 00 00 00 00 
"
"2016-11-21 14:41:07ID: BC  Data: 00 00 00 AA 00 00 00 00 
"
"2016-11-21 14:41:07ID: BB  Data: 00 00 00 AA 00 00 00 00 
"
"2016-11-21 14:41:07ID: BC  Data: 00 00 00 AA 00 00 00 00 
"
"2016-11-21 14:41:08ID: BB  Data: 00 00 00 AA 00 00 00 00 
"
"2016-11-21 14:41:08ID: BC  Data: 00 00 00 AA 00 00 00 00 
"
"2016-11-21 14:41:08ID: BB  Data: 00 00 00 AA 00 00 00 00 
"
"2016-11-21 14:41:08ID: BC  Data: 00 00 00 AA 00 00 00 00 
"
"2016-11-21 14:41:08ID: BB  Data: 00 00 00 AA 00 00 00 00 
"
"2016-11-21 14:41:08ID: BC  Data: 00 00 00 AA 00 00 00 00 
"
"2016-11-21 14:41:08ID: BB  Data: 00 00 00 AA 00 00 00 00 
"
"2016-11-21 14:41:08ID: BC  Data: 00 00 00 AA 00 00 00 00 
"
"2016-11-21 14:41:08ID: BB  Data: 00 00 00 AA 00 00 00 00 
"
"2016-11-21 14:41:08ID: BC  Data: 00 00 00 AA 00 00 00 00 
"
"2016-11-21 14:41:08ID: BB  Data: 00 00 00 AA 00 00 00 00 
"
"2016-11-21 14:41:08ID: BC  Data: 00 00 00 AA 00 00 00 00 
"
"2016-11-21 14:41:08ID: BB  Data: 00 00 00 AA 00 00 00 00 
"
"2016-11-21 14:41:08ID: BC  Data: 00 00 00 AA 00 00 00 00 
"
"2016-11-21 14:41:08ID: BB  Data: 00 00 00 AA 00 00 00 00 
"
"2016-11-21 14:41:08ID: BC  Data: 00 00 00 AA 00 00 00 00 
"
"2016-11-21 14:41:08ID: BB  Data: 00 00 00 AA 00 00 00 00 
"
"2016-11-21 14:41:08ID: BC  Data: 00 00 00 AA 00 00 00 00 
"
"2016-11-21 14:41:08ID: BB  Data: 00 00 00 AA 00 00 00 00 
"
"2016-11-21 14:41:08ID: BC  Data: 00 00 00 AA 00 00 00 00 
"
"2016-11-21 14:41:08ID: BB  Data: 00 00 00 AA 00 00 00 00 
"
"2016-11-21 14:41:08ID: BC  Data: 00 00 00 AA 00 00 00 00 
"
"2016-11-21 14:41:09ID: BB  Data: 00 00 00 AA 00 00 00 00 
"
"2016-11-21 14:41:09ID: BC  Data: 00 00 00 AA 00 00 00 00 
"
"2016-11-21 14:41:09ID: BB  Data: 00 00 00 AA 00 00 00 00 
"
"2016-11-21 14:41:09ID: BC  Data: 00 00 00 AA 00 00 00 00 
"
"2016-11-21 14:41:09ID: BB  Data: 00 00 00 AA 00 00 00 00 
"
"2016-11-21 14:41:09ID: BC  Data: 00 00 00 AA 00 00 00 00 
"
"2016-11-21 14:41:09ID: BB  Data: 00 00 00 AA 00 00 00 00 
"
"2016-11-21 14:41:09ID: BC  Data: 00 00 00 AA 00 00 00 00 
"
"2016-11-21 14:41:09ID: BB  Data: 00 00 00 AA 00 00 00 00 
"
"2016-11-21 14:41:09ID: BC  Data: 00 00 00 AA 00 00 00 00 
"
"2016-11-21 14:41:09ID: BB  Data: 00 00 00 AA 00 00 00 00 
"
"2016-11-21 14:41:09ID: BC  Data: 00 00 00 AA 00 00 00 00 
"
"2016-11-21 14:41:09ID: BB  Data: 00 00 00 AA 00 00 00 00 
"
"2016-11-21 14:41:09ID: BC  Data: 00 00 00 AA 00 00 00 00 
"
"2016-11-21 14:41:09ID: BB  Data: 00 00 00 AA 00 00 00 00 
"
"2016-11-21 14:41:09ID: BC  Data: 00 00 00 AA 00 00 00 00 
"
"2016-11-21 14:41:09ID: BB  Data: 00 00 00 AA 00 00 00 00 
"
"2016-11-21 14:41:09ID: BC  Data: 00 00 00 AA 00 00 00 00 
"
"2016-11-21 14:41:09ID: BB  Data: 00 00 00 AA 00 00 00 00 
"
"2016-11-21 14:41:09ID: BC  Data: 00 00 00 AA 00 00 00 00 
"
"2016-11-21 14:41:09ID: BB  Data: 00 00 00 AA 00 00 00 00 
"
"2016-11-21 14:41:09ID: BC  Data: 00 00 00 AA 00 00 00 00 
"
"2016-11-21 14:41:09ID: BB  Data: 00 00 00 AA 00 00 00 00 
"
"2016-11-21 14:41:10ID: BC  Data: 00 00 00 AA 00 00 00 00 
"
"2016-11-21 14:41:10ID: BB  Data: 00 00 00 AA 00 00 00 00 
"
"2016-11-21 14:41:10ID: BC  Data: 00 00 00 AA 00 00 00 00 
"
"2016-11-21 14:41:10ID: BB  Data: 00 00 00 AA 00 00 00 00 
"
"2016-11-21 14:41:10ID: BC  Data: 00 00 00 AA 00 00 00 00 
"
"2016-11-21 14:41:10ID: BB  Data: 00 00 00 AA 00 00 00 00 
"
"2016-11-21 14:41:10ID: BC  Data: 00 00 00 AA 00 00 00 00 
"
"2016-11-21 14:41:10ID: BB  Data: 00 00 00 AA 00 00 00 00 
"
"2016-11-21 14:41:10ID: BC  Data: 00 00 00 AA 00 00 00 00 
"
"2016-11-21 14:41:10ID: BB  Data: 00 00 00 AA 00 00 00 00 
"
"2016-11-21 14:41:10ID: BC  Data: 00 00 00 AA 00 00 00 00 
"
"2016-11-21 14:41:10ID: BB  Data: 00 00 00 AA 00 00 00 00 
"
"2016-11-21 14:41:10ID: BC  Data: 00 00 00 AA 00 00 00 00 
"
"2016-11-21 14:41:10ID: BB  Data: 00 00 00 AA 00 00 00 00 
"
"2016-11-21 14:41:10ID: BC  Data: 00 00 00 AA 00 00 00 00 
"
"2016-11-21 14:41:10ID: BB  Data: 00 00 00 AA 00 00 00 00 
"
"2016-11-21 14:41:10ID: BC  Data: 00 00 00 AA 00 00 00 00 
"
"2016-11-21 14:41:10ID: BB  Data: 00 00 00 AA 00 00 00 00 
"
"2016-11-21 14:41:10ID: BC  Data: 00 00 00 AA 00 00 00 00 
"
"2016-11-21 14:41:10ID: BB  Data: 00 00 00 AA 00 00 00 00 
"
"2016-11-21 14:41:10ID: BC  Data: 00 00 00 AA 00 00 00 00 
"
"2016-11-21 14:41:10ID: BB  Data: 00 00 00 AA 00 00 00 00 
"
"2016-11-21 14:41:10ID: BC  Data: 00 00 00 AA 00 00 00 00 
"
"2016-11-21 14:41:11ID: BB  Data: 00 00 00 AA 00 00 00 00 
"
"2016-11-21 14:41:11ID: BC  Data: 00 00 00 AA 00 00 00 00 
"
"2016-11-21 14:41:11ID: BB  Data: 00 00 00 AA 00 00 00 00 
"
"2016-11-21 14:41:11ID: BC  Data: 00 00 00 AA 00 00 00 00 
"
"2016-11-21 14:41:11ID: BB  Data: 00 00 00 AA 00 00 00 00 
"
"2016-11-21 14:41:11ID: BC  Data: 00 00 00 AA 00 00 00 00 
"
"2016-11-21 14:41:11ID: BB  Data: 00 00 00 AA 00 00 00 00 
"
"2016-11-21 14:41:11ID: BC  Data: 00 00 00 AA 00 00 00 00 
"
"2016-11-21 14:41:11ID: BB  Data: 00 00 00 AA 00 00 00 00 
"
"2016-11-21 14:41:11ID: BC  Data: 00 00 00 AA 00 00 00 00 
"
"2016-11-21 14:41:11ID: BB  Data: 00 00 00 AA 00 00 00 00 
"
"2016-11-21 14:41:11ID: BC  Data: 00 00 00 AA 00 00 00 00 
"
"2016-11-21 14:41:11ID: BB  Data: 00 00 00 AA 00 00 00 00 
"
"2016-11-21 14:41:11ID: BC  Data: 00 00 00 AA 00 00 00 00 
"
"2016-11-21 14:41:11ID: BB  Data: 00 00 00 AA 00 00 00 00 
"
"2016-11-21 14:41:11ID: BC  Data: 00 00 00 AA 00 00 00 00 
"
"2016-11-21 14:41:11ID: BB  Data: 00 00 00 AA 00 00 00 00 
"
"2016-11-21 14:41:11ID: BC  Data: 00 00 00 AA 00 00 00 00 
"
"2016-11-21 14:41:11ID: BB  Data: 00 00 00 AA 00 00 00 00 
"
"2016-11-21 14:41:11ID: BC  Data: 00 00 00 AA 00 00 00 00 
"
"2016-11-21 14:41:11ID: BB  Data: 00 00 00 AA 00 00 00 00 
"
"2016-11-21 14:41:11ID: BC  Data: 00 00 00 AA 00 00 00 00 
"
"2016-11-21 14:41:12ID: BB  Data: 00 00 00 AA 00 00 00 00 
"
"2016-11-21 14:41:12ID: BC  Data: 00 00 00 AA 00 00 00 00 
"
"2016-11-21 14:41:12ID: BB  Data: 00 00 00 AA 00 00 00 00 
"
"2016-11-21 14:41:12ID: BC  Data: 00 00 00 AA 00 00 00 00 
"
"2016-11-21 14:41:12ID: BB  Data: 00 00 00 AA 00 00 00 00 
"
"2016-11-21 14:41:12ID: BC  Data: 00 00 00 AA 00 00 00 00 
"
"2016-11-21 14:41:12ID: BB  Data: 00 00 00 AA 00 00 00 00 
"
"2016-11-21 14:41:12ID: BC  Data: 00 00 00 AA 00 00 00 00 
"
"2016-11-21 14:41:12ID: BB  Data: 00 00 00 AA 00 00 00 00 
"
"2016-11-21 14:41:12ID: BC  Data: 00 00 00 AA 00 00 00 00 
"
"2016-11-21 14:41:12ID: BB  Data: 00 00 00 AA 00 00 00 00 
"
"2016-11-21 14:41:12ID: BC  Data: 00 00 00 AA 00 00 00 00 
"
"2016-11-21 14:41:12ID: BB  Data: 00 00 00 AA 02 73 07 E6 
"
"2016-11-21 14:41:12ID: BC  Data: 00 00 00 AA FD 8C F8 1A 
"
"2016-11-21 14:41:12ID: BB  Data: 00 00 00 AA 04 3E 36 E5 
"
"2016-11-21 14:41:12ID: BC  Data: 00 00 00 AA FB C1 C9 1B 
"
"2016-11-21 14:41:12ID: BB  Data: 00 00 00 AA 08 A9 BA 19 
"
"2016-11-21 14:41:12ID: BC  Data: 00 00 00 AA F7 56 45 E7 
"
"2016-11-21 14:41:12ID: BB  Data: 00 00 00 AA 0B 57 36 88 
"
"2016-11-21 14:41:12ID: BC  Data: 00 00 00 AA F4 A8 C9 78 
"
"2016-11-21 14:41:12ID: BB  Data: 00 00 00 AA 0B A3 86 3A 
"
"2016-11-21 14:41:12ID: BC  Data: 00 00 00 AA F4 5C 79 C6 
"
"2016-11-21 14:41:12ID: BB  Data: 00 00 00 AA 0B D2 E3 D5 
"
"2016-11-21 14:41:12ID: BC  Data: 00 00 00 AA F4 2D 1C 2B 
"
"2016-11-21 14:41:13ID: BB  Data: 00 00 00 AA 0C 29 BA 1B 
"
"2016-11-21 14:41:13ID: BC  Data: 00 00 00 AA F3 D6 45 E5 
"
"2016-11-21 14:41:13ID: BB  Data: 00 00 00 AA 0D 45 EB BA 
"
"2016-11-21 14:41:13ID: BC  Data: 00 00 00 AA F2 BA 14 46 
"
"2016-11-21 14:41:13ID: BB  Data: 00 00 00 AA 0E 2A DA D0 
"
"2016-11-21 14:41:13ID: BC  Data: 00 00 00 AA F1 D5 25 30 
"
"2016-11-21 14:41:13ID: BB  Data: 00 00 00 AA 0E 8C 37 AB 
"
"2016-11-21 14:41:13ID: BC  Data: 00 00 00 AA F1 73 C8 55 
"
"2016-11-21 14:41:13ID: BB  Data: 00 00 00 AA 0E E7 00 68 
"
"2016-11-21 14:41:13ID: BC  Data: 00 00 00 AA F1 18 FF 98 
"
"2016-11-21 14:41:13ID: BB  Data: 00 00 00 AA 0E F8 1B 19 
"
"2016-11-21 14:41:13ID: BC  Data: 00 00 00 AA F1 07 E4 E7 
"
"2016-11-21 14:41:13ID: BB  Data: 00 00 00 AA 0E F9 6B EC 
"
"2016-11-21 14:41:13ID: BC  Data: 00 00 00 AA F1 07 E4 E7 
"
"2016-11-21 14:41:13ID: BB  Data: 00 00 00 AA 0E F9 6B EC 
"
"2016-11-21 14:41:13ID: BC  Data: 00 00 00 AA F1 06 94 14 
"
"2016-11-21 14:41:13ID: BB  Data: 00 00 00 AA 0E F9 6B EC 
"
"2016-11-21 14:41:13ID: BC  Data: 00 00 00 AA F1 06 94 14 
"
"2016-11-21 14:41:13ID: BB  Data: 00 00 00 AA 0E FA BC BE 
"
"2016-11-21 14:41:13ID: BC  Data: 00 00 00 AA F1 05 43 42 
"
"2016-11-21 14:41:13ID: BB  Data: 00 00 00 AA 0E F9 6B EC 
"
"2016-11-21 14:41:13ID: BC  Data: 00 00 00 AA F1 06 94 14 
"
"2016-11-21 14:41:14ID: BB  Data: 00 00 00 AA 0E F6 CA 46 
"
"2016-11-21 14:41:14ID: BC  Data: 00 00 00 AA F1 09 35 BA 
"
"2016-11-21 14:41:14ID: BB  Data: 00 00 00 AA 0E FA BC BE 
"
"2016-11-21 14:41:14ID: BC  Data: 00 00 00 AA F1 05 43 42 
"
"2016-11-21 14:41:14ID: BB  Data: 00 00 00 AA 0E FA BC BE 
"
"2016-11-21 14:41:14ID: BC  Data: 00 00 00 AA F1 05 43 42 
"
"2016-11-21 14:41:14ID: BB  Data: 00 00 00 AA 0E F9 6B EC 
"
"2016-11-21 14:41:14ID: BC  Data: 00 00 00 AA F1 06 94 14 
"
"2016-11-21 14:41:14ID: BB  Data: 00 00 00 AA 0E F9 6B EC 
"
"2016-11-21 14:41:14ID: BC  Data: 00 00 00 AA F1 06 94 14 
"
"2016-11-21 14:41:14ID: BB  Data: 00 00 00 AA 0E FA BC BE 
"
"2016-11-21 14:41:14ID: BC  Data: 00 00 00 AA F1 05 43 42 
"
"2016-11-21 14:41:14ID: BB  Data: 00 00 00 AA 0E F9 6B EC 
"
"2016-11-21 14:41:14ID: BC  Data: 00 00 00 AA F1 06 94 14 
"
"2016-11-21 14:41:14ID: BB  Data: 00 00 00 AA 0E F9 6B EC 
"
"2016-11-21 14:41:14ID: BC  Data: 00 00 00 AA F1 06 94 14 
"
"2016-11-21 14:41:14ID: BB  Data: 00 00 00 AA 0E F9 6B EC 
"
"2016-11-21 14:41:14ID: BC  Data: 00 00 00 AA F1 06 94 14 
"
"2016-11-21 14:41:14ID: BB  Data: 00 00 00 AA 0E F9 6B EC 
"
"2016-11-21 14:41:14ID: BC  Data: 00 00 00 AA F1 06 94 14 
"
"2016-11-21 14:41:14ID: BB  Data: 00 00 00 AA 0E F9 6B EC 
"
"2016-11-21 14:41:14ID: BC  Data: 00 00 00 AA F1 06 94 14 
"
"2016-11-21 14:41:15ID: BB  Data: 00 00 00 AA 0E F9 6B EC 
"
"2016-11-21 14:41:15ID: BC  Data: 00 00 00 AA F1 06 94 14 
"
"2016-11-21 14:41:15ID: BB  Data: 00 00 00 AA 0E F9 6B EC 
"
"2016-11-21 14:41:15ID: BC  Data: 00 00 00 AA F1 06 94 14 
"
"2016-11-21 14:41:15ID: BB  Data: 00 00 00 AA 0E F9 6B EC 
"
"2016-11-21 14:41:15ID: BC  Data: 00 00 00 AA F1 06 94 14 
"
"2016-11-21 14:41:15ID: BB  Data: 00 00 00 AA 0E F8 1B 19 
"
"2016-11-21 14:41:15ID: BC  Data: 00 00 00 AA F1 07 E4 E7 
"
"2016-11-21 14:41:15ID: BB  Data: 00 00 00 AA 0E F9 6B EC 
"
"2016-11-21 14:41:15ID: BC  Data: 00 00 00 AA F1 06 94 14 
"
"2016-11-21 14:41:15ID: BB  Data: 00 00 00 AA 0E FA BC BE 
"
"2016-11-21 14:41:15ID: BC  Data: 00 00 00 AA F1 05 43 42 
"
"2016-11-21 14:41:15ID: BB  Data: 00 00 00 AA 0E F8 1B 19 
"
"2016-11-21 14:41:15ID: BC  Data: 00 00 00 AA F1 07 E4 E7 
"
"2016-11-21 14:41:15ID: BB  Data: 00 00 00 AA 0E F8 1B 19 
"
"2016-11-21 14:41:15ID: BC  Data: 00 00 00 AA F1 07 E4 E7 
"
"2016-11-21 14:41:15ID: BB  Data: 00 00 00 AA 0E FA BC BE 
"
"2016-11-21 14:41:15ID: BC  Data: 00 00 00 AA F1 05 43 42 
"
"2016-11-21 14:41:15ID: BB  Data: 00 00 00 AA 0E FA BC BE 
"
"2016-11-21 14:41:15ID: BC  Data: 00 00 00 AA F1 05 43 42 
"
"2016-11-21 14:41:15ID: BB  Data: 00 00 00 AA 0E FA BC BE 
"
"2016-11-21 14:41:15ID: BC  Data: 00 00 00 AA F1 05 43 42 
"
"2016-11-21 14:41:15ID: BB  Data: 00 00 00 AA 0E F9 6B EC 
"
"2016-11-21 14:41:15ID: BC  Data: 00 00 00 AA F1 06 94 14 
"
"2016-11-21 14:41:16ID: BB  Data: 00 00 00 AA 0E F9 6B EC 
"
"2016-11-21 14:41:16ID: BC  Data: 00 00 00 AA F1 06 94 14 
"
"2016-11-21 14:41:16ID: BB  Data: 00 00 00 AA 0E F9 6B EC 
"
"2016-11-21 14:41:16ID: BC  Data: 00 00 00 AA F1 06 94 14 
"
"2016-11-21 14:41:16ID: BB  Data: 00 00 00 AA 0E FA BC BE 
"
"2016-11-21 14:41:16ID: BC  Data: 00 00 00 AA F1 05 43 42 
"
"2016-11-21 14:41:16ID: BB  Data: 00 00 00 AA 0E FA BC BE 
"
"2016-11-21 14:41:16ID: BC  Data: 00 00 00 AA F1 05 43 42 
"
"2016-11-21 14:41:16ID: BB  Data: 00 00 00 AA 0E FA BC BE 
"
"2016-11-21 14:41:16ID: BC  Data: 00 00 00 AA F1 05 43 42 
"
"2016-11-21 14:41:16ID: BB  Data: 00 00 00 AA 0E F9 6B EC 
"
"2016-11-21 14:41:16ID: BC  Data: 00 00 00 AA F1 06 94 14 
"
"2016-11-21 14:41:16ID: BB  Data: 00 00 00 AA 0E F9 6B EC 
"
"2016-11-21 14:41:16ID: BC  Data: 00 00 00 AA F1 06 94 14 
"
"2016-11-21 14:41:16ID: BB  Data: 00 00 00 AA 0E FA BC BE 
"
"2016-11-21 14:41:16ID: BC  Data: 00 00 00 AA F1 05 43 42 
"
"2016-11-21 14:41:16ID: BB  Data: 00 00 00 AA 0E F9 6B EC 
"
"2016-11-21 14:41:16ID: BC  Data: 00 00 00 AA F1 06 94 14 
"
"2016-11-21 14:41:16ID: BB  Data: 00 00 00 AA 0E FA BC BE 
"
"2016-11-21 14:41:16ID: BC  Data: 00 00 00 AA F1 05 43 42 
"
"2016-11-21 14:41:16ID: BB  Data: 00 00 00 AA 0E FC 0D 91 
"
"2016-11-21 14:41:16ID: BC  Data: 00 00 00 AA F1 03 F2 6F 
"
"2016-11-21 14:41:17ID: BB  Data: 00 00 00 AA 0E FA BC BE 
"
"2016-11-21 14:41:17ID: BC  Data: 00 00 00 AA F1 05 43 42 
"
"2016-11-21 14:41:17ID: BB  Data: 00 00 00 AA 0E F9 6B EC 
"
"2016-11-21 14:41:17ID: BC  Data: 00 00 00 AA F1 06 94 14 
"
"2016-11-21 14:41:17ID: BB  Data: 00 00 00 AA 0E F9 6B EC 
"
"2016-11-21 14:41:17ID: BC  Data: 00 00 00 AA F1 06 94 14 
"
"2016-11-21 14:41:17ID: BB  Data: 00 00 00 AA 0E FA BC BE 
"
"2016-11-21 14:41:17ID: BC  Data: 00 00 00 AA F1 05 43 42 
"
"2016-11-21 14:41:17ID: BB  Data: 00 00 00 AA 0E F9 6B EC 
"
"2016-11-21 14:41:17ID: BC  Data: 00 00 00 AA F1 06 94 14 
"
"2016-11-21 14:41:17ID: BB  Data: 00 00 00 AA 0E F9 6B EC 
"
"2016-11-21 14:41:17ID: BC  Data: 00 00 00 AA F1 06 94 14 
"
"2016-11-21 14:41:17ID: BB  Data: 00 00 00 AA 0E F9 6B EC 
"
"2016-11-21 14:41:17ID: BC  Data: 00 00 00 AA F1 06 94 14 
"
"2016-11-21 14:41:17ID: BB  Data: 00 00 00 AA 0E FA BC BE 
"
"2016-11-21 14:41:17ID: BC  Data: 00 00 00 AA F1 05 43 42 
"
"2016-11-21 14:41:17ID: BB  Data: 00 00 00 AA 0E FA BC BE 
"
"2016-11-21 14:41:17ID: BC  Data: 00 00 00 AA F1 05 43 42 
"
"2016-11-21 14:41:17ID: BB  Data: 00 00 00 AA 0E FA BC BE 
"
"2016-11-21 14:41:17ID: BC  Data: 00 00 00 AA F1 05 43 42 
"
"2016-11-21 14:41:17ID: BB  Data: 00 00 00 AA 0E F8 1B 19 
"
"2016-11-21 14:41:17ID: BC  Data: 00 00 00 AA F1 07 E4 E7 
"
"2016-11-21 14:41:17ID: BB  Data: 00 00 00 AA 0E F8 1B 19 
"
"2016-11-21 14:41:18ID: BC  Data: 00 00 00 AA F1 07 E4 E7 
"
"2016-11-21 14:41:18ID: BB  Data: 00 00 00 AA 0E FC 0D 91 
"
"2016-11-21 14:41:18ID: BC  Data: 00 00 00 AA F1 03 F2 6F 
"
"2016-11-21 14:41:18ID: BB  Data: 00 00 00 AA 0E F9 6B EC 
"
"2016-11-21 14:41:18ID: BC  Data: 00 00 00 AA F1 06 94 14 
"
"2016-11-21 14:41:18ID: BB  Data: 00 00 00 AA 0E FC 0D 91 
"
"2016-11-21 14:41:18ID: BC  Data: 00 00 00 AA F1 03 F2 6F 
"
"2016-11-21 14:41:18ID: BB  Data: 00 00 00 AA 0E FA BC BE 
"
"2016-11-21 14:41:18ID: BC  Data: 00 00 00 AA F1 05 43 42 
"
"2016-11-21 14:41:18ID: BB  Data: 00 00 00 AA 0E FA BC BE 
"
"2016-11-21 14:41:18ID: BC  Data: 00 00 00 AA F1 05 43 42 
"
"2016-11-21 14:41:18ID: BB  Data: 00 00 00 AA 0E F9 6B EC 
"
"2016-11-21 14:41:18ID: BC  Data: 00 00 00 AA F1 06 94 14 
"
"2016-11-21 14:41:18ID: BB  Data: 00 00 00 AA 0E FA BC BE 
"
"2016-11-21 14:41:18ID: BC  Data: 00 00 00 AA F1 05 43 42 
"
"2016-11-21 14:41:18ID: BB  Data: 00 00 00 AA 0E FA BC BE 
"
"2016-11-21 14:41:18ID: BC  Data: 00 00 00 AA F1 05 43 42 
"
"2016-11-21 14:41:18ID: BB  Data: 00 00 00 AA 0E F9 6B EC 
"
"2016-11-21 14:41:18ID: BC  Data: 00 00 00 AA F1 06 94 14 
"
"2016-11-21 14:41:18ID: BB  Data: 00 00 00 AA 0E F9 6B EC 
"
"2016-11-21 14:41:18ID: BC  Data: 00 00 00 AA F1 06 94 14 
"
"2016-11-21 14:41:18ID: BB  Data: 00 00 00 AA 0E F9 6B EC 
"
"2016-11-21 14:41:18ID: BC  Data: 00 00 00 AA F1 06 94 14 
"
"2016-11-21 14:41:19ID: BB  Data: 00 00 00 AA 0E FA BC BE 
"
"2016-11-21 14:41:19ID: BC  Data: 00 00 00 AA F1 05 43 42 
"
"2016-11-21 14:41:19ID: BB  Data: 00 00 00 AA 0E F8 1B 19 
"
"2016-11-21 14:41:19ID: BC  Data: 00 00 00 AA F1 07 E4 E7 
"
"2016-11-21 14:41:19ID: BB  Data: 00 00 00 AA 0E FA BC BE 
"
"2016-11-21 14:41:19ID: BC  Data: 00 00 00 AA F1 05 43 42 
"
"2016-11-21 14:41:19ID: BB  Data: 00 00 00 AA 0E FA BC BE 
"
"2016-11-21 14:41:19ID: BC  Data: 00 00 00 AA F1 05 43 42 
"
"2016-11-21 14:41:19ID: BB  Data: 00 00 00 AA 0E F9 6B EC 
"
"2016-11-21 14:41:19ID: BC  Data: 00 00 00 AA F1 06 94 14 
"
"2016-11-21 14:41:19ID: BB  Data: 00 00 00 AA 0E FA BC BE 
"
"2016-11-21 14:41:19ID: BC  Data: 00 00 00 AA F1 05 43 42 
"
"2016-11-21 14:41:19ID: BB  Data: 00 00 00 AA 0E FA BC BE 
"
"2016-11-21 14:41:19ID: BC  Data: 00 00 00 AA F1 05 43 42 
"
"2016-11-21 14:41:19ID: BB  Data: 00 00 00 AA 0E F9 6B EC 
"
"2016-11-21 14:41:19ID: BC  Data: 00 00 00 AA F1 06 94 14 
"
"2016-11-21 14:41:19ID: BB  Data: 00 00 00 AA 0E FA BC BE 
"
"2016-11-21 14:41:19ID: BC  Data: 00 00 00 AA F1 05 43 42 
"
"2016-11-21 14:41:19ID: BB  Data: 00 00 00 AA 0E FA BC BE 
"
"2016-11-21 14:41:19ID: BC  Data: 00 00 00 AA F1 05 43 42 
"
"2016-11-21 14:41:19ID: BB  Data: 00 00 00 AA 0E FA BC BE 
"
"2016-11-21 14:41:19ID: BC  Data: 00 00 00 AA F1 05 43 42 
"
"2016-11-21 14:41:20ID: BB  Data: 00 00 00 AA 0E F9 6B EC 
"
"2016-11-21 14:41:20ID: BC  Data: 00 00 00 AA F1 06 94 14 
"
"2016-11-21 14:41:20ID: BB  Data: 00 00 00 AA 0E FA BC BE 
"
"2016-11-21 14:41:20ID: BC  Data: 00 00 00 AA F1 05 43 42 
"
"2016-11-21 14:41:20ID: BB  Data: 00 00 00 AA 0E F9 6B EC 
"
"2016-11-21 14:41:20ID: BC  Data: 00 00 00 AA F1 06 94 14 
"
"2016-11-21 14:41:20ID: BB  Data: 00 00 00 AA 0E F9 6B EC 
"
"2016-11-21 14:41:20ID: BC  Data: 00 00 00 AA F1 06 94 14 
"
"2016-11-21 14:41:20ID: BB  Data: 00 00 00 AA 0E FA BC BE 
"
"2016-11-21 14:41:20ID: BC  Data: 00 00 00 AA F1 05 43 42 
"
"2016-11-21 14:41:20ID: BB  Data: 00 00 00 AA 0E F9 6B EC 
"
"2016-11-21 14:41:20ID: BC  Data: 00 00 00 AA F1 06 94 14 
"
"2016-11-21 14:41:20ID: BB  Data: 00 00 00 AA 0E F9 6B EC 
"
"2016-11-21 14:41:20ID: BC  Data: 00 00 00 AA F1 06 94 14 
"
"2016-11-21 14:41:20ID: BB  Data: 00 00 00 AA 0E F9 6B EC 
"
"2016-11-21 14:41:20ID: BC  Data: 00 00 00 AA F1 06 94 14 
"
"2016-11-21 14:41:20ID: BB  Data: 00 00 00 AA 0E F9 6B EC 
"
"2016-11-21 14:41:20ID: BC  Data: 00 00 00 AA F1 06 94 14 
"
"2016-11-21 14:41:20ID: BB  Data: 00 00 00 AA 0E FC 0D 91 
"
"2016-11-21 14:41:20ID: BC  Data: 00 00 00 AA F1 03 F2 6F 
"
"2016-11-21 14:41:20ID: BB  Data: 00 00 00 AA 0E FA BC BE 
"
"2016-11-21 14:41:20ID: BC  Data: 00 00 00 AA F1 05 43 42 
"
"2016-11-21 14:41:20ID: BB  Data: 00 00 00 AA 0E FA BC BE 
"
"2016-11-21 14:41:20ID: BC  Data: 00 00 00 AA F1 05 43 42 
"
"2016-11-21 14:41:21ID: BB  Data: 00 00 00 AA 0E FA BC BE 
"
"2016-11-21 14:41:21ID: BC  Data: 00 00 00 AA F1 05 43 42 
"
"2016-11-21 14:41:21ID: BB  Data: 00 00 00 AA 0E FD 5E 63 
"
"2016-11-21 14:41:21ID: BC  Data: 00 00 00 AA F1 02 A1 9D 
"
"2016-11-21 14:41:21ID: BB  Data: 00 00 00 AA 0E FA BC BE 
"
"2016-11-21 14:41:21ID: BC  Data: 00 00 00 AA F1 05 43 42 
"
"2016-11-21 14:41:21ID: BB  Data: 00 00 00 AA 0E FA BC BE 
"
"2016-11-21 14:41:21ID: BC  Data: 00 00 00 AA F1 05 43 42 
"
"2016-11-21 14:41:21ID: BB  Data: 00 00 00 AA 0E FC 0D 91 
"
"2016-11-21 14:41:21ID: BC  Data: 00 00 00 AA F1 03 F2 6F 
"
"2016-11-21 14:41:21ID: BB  Data: 00 00 00 AA 0E FA BC BE 
"
"2016-11-21 14:41:21ID: BC  Data: 00 00 00 AA F1 05 43 42 
"
"2016-11-21 14:41:21ID: BB  Data: 00 00 00 AA 0E FA BC BE 
"
"2016-11-21 14:41:21ID: BC  Data: 00 00 00 AA F1 05 43 42 
"
"2016-11-21 14:41:21ID: BB  Data: 00 00 00 AA 0E FA BC BE 
"
"2016-11-21 14:41:21ID: BC  Data: 00 00 00 AA F1 05 43 42 
"
"2016-11-21 14:41:21ID: BB  Data: 00 00 00 AA 0E 28 39 2B 
"
"2016-11-21 14:41:21ID: BC  Data: 00 00 00 AA F1 D7 C6 D5 
"
"2016-11-21 14:41:21ID: BB  Data: 00 00 00 AA 0B 2A 7A 93 
"
"2016-11-21 14:41:21ID: BC  Data: 00 00 00 AA F4 D5 85 6D 
"
"2016-11-21 14:41:21ID: BB  Data: 00 00 00 AA 0A B2 BF BE 
"
"2016-11-21 14:41:21ID: BC  Data: 00 00 00 AA F5 4D 40 42 
"
"2016-11-21 14:41:22ID: BB  Data: 00 00 00 AA 0A FB 1C F8 
"
"2016-11-21 14:41:22ID: BC  Data: 00 00 00 AA F5 04 E3 08 
"
"2016-11-21 14:41:22ID: BB  Data: 00 00 00 AA 0A EC A3 EC 
"
"2016-11-21 14:41:22ID: BC  Data: 00 00 00 AA F5 13 5C 14 
"
"2016-11-21 14:41:22ID: BB  Data: 00 00 00 AA 0A D8 E7 97 
"
"2016-11-21 14:41:22ID: BC  Data: 00 00 00 AA F5 27 18 69 
"
"2016-11-21 14:41:22ID: BB  Data: 00 00 00 AA 0A 7F 6F AB 
"
"2016-11-21 14:41:22ID: BC  Data: 00 00 00 AA F5 80 90 55 
"
"2016-11-21 14:41:22ID: BB  Data: 00 00 00 AA 09 E6 D0 48 
"
"2016-11-21 14:41:22ID: BC  Data: 00 00 00 AA F6 19 2F B8 
"
"2016-11-21 14:41:22ID: BB  Data: 00 00 00 AA 09 56 15 D3 
"
"2016-11-21 14:41:22ID: BC  Data: 00 00 00 AA F6 A9 EA 2D 
"
"2016-11-21 14:41:22ID: BB  Data: 00 00 00 AA 08 B4 40 AD 
"
"2016-11-21 14:41:22ID: BC  Data: 00 00 00 AA F7 4B BF 53 
"
"2016-11-21 14:41:22ID: BB  Data: 00 00 00 AA 08 4C 4F B6 
"
"2016-11-21 14:41:22ID: BC  Data: 00 00 00 AA F7 B3 B0 4A 
"
"2016-11-21 14:41:22ID: BB  Data: 00 00 00 AA 07 CE 00 C5 
"
"2016-11-21 14:41:22ID: BC  Data: 00 00 00 AA F8 31 FF 3B 
"
"2016-11-21 14:41:22ID: BB  Data: 00 00 00 AA 07 64 BE FB 
"
"2016-11-21 14:41:22ID: BC  Data: 00 00 00 AA F8 9B 41 05 
"
"2016-11-21 14:41:22ID: BB  Data: 00 00 00 AA 06 90 EA 96 
"
"2016-11-21 14:41:22ID: BC  Data: 00 00 00 AA F9 6F 15 6A 
"
"2016-11-21 14:41:23ID: BB  Data: 00 00 00 AA 06 33 80 33 
"
"2016-11-21 14:41:23ID: BC  Data: 00 00 00 AA F9 CC 7F CD 
"
"2016-11-21 14:41:23ID: BB  Data: 00 00 00 AA 05 FD 8E 7C 
"
"2016-11-21 14:41:23ID: BC  Data: 00 00 00 AA FA 02 71 84 
"
"2016-11-21 14:41:23ID: BB  Data: 00 00 00 AA 05 EF 15 71 
"
"2016-11-21 14:41:23ID: BC  Data: 00 00 00 AA FA 10 EA 8F 
"
"2016-11-21 14:41:23ID: BB  Data: 00 00 00 AA 05 B7 D2 E7 
"
"2016-11-21 14:41:23ID: BC  Data: 00 00 00 AA FA 48 2D 19 
"
"2016-11-21 14:41:23ID: BB  Data: 00 00 00 AA 05 A4 16 91 
"
"2016-11-21 14:41:23ID: BC  Data: 00 00 00 AA FA 5B E9 6F 
"
"2016-11-21 14:41:23ID: BB  Data: 00 00 00 AA 04 D9 77 EE 
"
"2016-11-21 14:41:23ID: BC  Data: 00 00 00 AA FB 26 88 12 
"
"2016-11-21 14:41:23ID: BB  Data: 00 00 00 AA 02 78 4B 30 
"
"2016-11-21 14:41:23ID: BC  Data: 00 00 00 AA FD 87 B4 D0 
"
"2016-11-21 14:41:23ID: BB  Data: 00 00 00 AA 01 EA 32 61 
"
"2016-11-21 14:41:23ID: BC  Data: 00 00 00 AA FE 15 CD 9F 
"
"2016-11-21 14:41:23ID: BB  Data: 00 00 00 AA 02 5C A9 EB 
"
"2016-11-21 14:41:23ID: BC  Data: 00 00 00 AA FD A3 56 15 
"
"2016-11-21 14:41:23ID: BB  Data: 00 00 00 AA 02 54 C4 FC 
"
"2016-11-21 14:41:23ID: BC  Data: 00 00 00 AA FD AB 3B 04 
"
"2016-11-21 14:41:23ID: BB  Data: 00 00 00 AA 01 E7 90 BB 
"
"2016-11-21 14:41:23ID: BC  Data: 00 00 00 AA FE 18 6F 45 
"
"2016-11-21 14:41:23ID: BB  Data: 00 00 00 AA 01 B4 40 A9 
"
"2016-11-21 14:41:23ID: BC  Data: 00 00 00 AA FE 4B BF 57 
"
"2016-11-21 14:41:24ID: BB  Data: 00 00 00 AA 00 00 00 00 
"
"2016-11-21 14:41:24ID: BC  Data: 00 00 00 AA 00 00 00 00 
"
"2016-11-21 14:41:24ID: BB  Data: 00 00 00 AA 00 00 00 00 
"
"2016-11-21 14:41:24ID: BC  Data: 00 00 00 AA 00 00 00 00 
"
"2016-11-21 14:41:24ID: BB  Data: 00 00 00 AA 00 00 00 00 
"
"2016-11-21 14:41:24ID: BC  Data: 00 00 00 AA 00 00 00 00 
"
"2016-11-21 14:41:24ID: BB  Data: 00 00 00 AA 00 00 00 00 
"
"2016-11-21 14:41:24ID: BC  Data: 00 00 00 AA 00 00 00 00 
"
"2016-11-21 14:41:24ID: BB  Data: 00 00 00 AA 00 00 00 00 
"
"2016-11-21 14:41:24ID: BC  Data: 00 00 00 AA 00 00 00 00 
"
"2016-11-21 14:41:24ID: BB  Data: 00 00 00 AA 00 00 00 00 
"
"2016-11-21 14:41:24ID: BC  Data: 00 00 00 AA 00 00 00 00 
"
"2016-11-21 14:41:24ID: BB  Data: 00 00 00 AA 00 00 00 00 
"
"2016-11-21 14:41:24ID: BC  Data: 00 00 00 AA 00 00 00 00 
"
"2016-11-21 14:41:24ID: BB  Data: 00 00 00 AA 00 00 00 00 
"
"2016-11-21 14:41:24ID: BC  Data: 00 00 00 AA 00 00 00 00 
"
"2016-11-21 14:41:24ID: BB  Data: 00 00 00 AA 00 00 00 00 
"
"2016-11-21 14:41:24ID: BC  Data: 00 00 00 AA 00 00 00 00 
"
"2016-11-21 14:41:24ID: BB  Data: 00 00 00 AA 00 00 00 00 
"
"2016-11-21 14:41:24ID: BC  Data: 00 00 00 AA 00 00 00 00 
"
"2016-11-21 14:41:24ID: BB  Data: 00 00 00 AA 00 00 00 00 
"
"2016-11-21 14:41:24ID: BC  Data: 00 00 00 AA 00 00 00 00 
"
"2016-11-21 14:41:25ID: BB  Data: 00 00 00 AA 00 00 00 00 
"
"2016-11-21 14:41:25ID: BC  Data: 00 00 00 AA 00 00 00 00 
"
"2016-11-21 14:41:25ID: BB  Data: 00 00 00 AA 00 00 00 00 
"
"2016-11-21 14:41:25ID: BC  Data: 00 00 00 AA 00 00 00 00 
"
"2016-11-21 14:41:25ID: BB  Data: 00 00 00 AA 00 00 00 00 
"
"2016-11-21 14:41:25ID: BC  Data: 00 00 00 AA 00 00 00 00 
"
"2016-11-21 14:41:25ID: BB  Data: 00 00 00 AA 00 00 00 00 
"
"2016-11-21 14:41:25ID: BC  Data: 00 00 00 AA 00 00 00 00 
"
"2016-11-21 14:41:25ID: BB  Data: 00 00 00 AA 00 00 00 00 
"
"2016-11-21 14:41:25ID: BC  Data: 00 00 00 AA 00 00 00 00 
"
"2016-11-21 14:41:25ID: BB  Data: 00 00 00 AA 00 00 00 00 
"
"2016-11-21 14:41:25ID: BC  Data: 00 00 00 AA 00 00 00 00 
"
"2016-11-21 14:41:25ID: BB  Data: 00 00 00 AA 00 00 00 00 
"
"2016-11-21 14:41:25ID: BC  Data: 00 00 00 AA 00 00 00 00 
"
"2016-11-21 14:41:25ID: BB  Data: 00 00 00 AA 00 00 00 00 
"
"2016-11-21 14:41:25ID: BC  Data: 00 00 00 AA 00 00 00 00 
"
"2016-11-21 14:41:25ID: BB  Data: 00 00 00 AA 00 00 00 00 
"
"2016-11-21 14:41:25ID: BC  Data: 00 00 00 AA 00 00 00 00 
"
"2016-11-21 14:41:25ID: BB  Data: 00 00 00 AA 00 00 00 00 
"
"2016-11-21 14:41:25ID: BC  Data: 00 00 00 AA 00 00 00 00 
"
"2016-11-21 14:41:25ID: BB  Data: 00 00 00 AA 00 00 00 00 
"
"2016-11-21 14:41:25ID: BC  Data: 00 00 00 AA 00 00 00 00 
"
"2016-11-21 14:41:26ID: BB  Data: 00 00 00 AA 00 00 00 00 
"
"2016-11-21 14:41:26ID: BC  Data: 00 00 00 AA 00 00 00 00 
"
"2016-11-21 14:41:26ID: BB  Data: 00 00 00 AA 00 00 00 00 
"
"2016-11-21 14:41:26ID: BC  Data: 00 00 00 AA 00 00 00 00 
"
"2016-11-21 14:41:26ID: BB  Data: 00 00 00 AA 00 00 00 00 
"
"2016-11-21 14:41:26ID: BC  Data: 00 00 00 AA 00 00 00 00 
"
"2016-11-21 14:41:26ID: BB  Data: 00 00 00 AA 00 00 00 00 
"
"2016-11-21 14:41:26ID: BC  Data: 00 00 00 AA 00 00 00 00 
"
"2016-11-21 14:41:26ID: BB  Data: 00 00 00 AA 00 00 00 00 
"
"2016-11-21 14:41:26ID: BC  Data: 00 00 00 AA 00 00 00 00 
"
"2016-11-21 14:41:26ID: BB  Data: 00 00 00 AA 00 00 00 00 
"
"2016-11-21 14:41:26ID: BC  Data: 00 00 00 AA 00 00 00 00 
"
"2016-11-21 14:41:26ID: BB  Data: 00 00 00 AA 00 00 00 00 
"
"2016-11-21 14:41:26ID: BC  Data: 00 00 00 AA 00 00 00 00 
"
"2016-11-21 14:41:26ID: BB  Data: 00 00 00 AA 00 00 00 00 
"
"2016-11-21 14:41:26ID: BC  Data: 00 00 00 AA 00 00 00 00 
"
"2016-11-21 14:41:26ID: BB  Data: 00 00 00 AA 00 00 00 00 
"
"2016-11-21 14:41:26ID: BC  Data: 00 00 00 AA 00 00 00 00 
"
"2016-11-21 14:41:26ID: BB  Data: 00 00 00 AA 00 00 00 00 
"
"2016-11-21 14:41:26ID: BC  Data: 00 00 00 AA 00 00 00 00 
"
"2016-11-21 14:41:26ID: BB  Data: 00 00 00 AA 00 00 00 00 
"
"2016-11-21 14:41:26ID: BC  Data: 00 00 00 AA 00 00 00 00 
"
"2016-11-21 14:41:26ID: BB  Data: 00 00 00 AA 00 00 00 00 
"
"2016-11-21 14:41:26ID: BC  Data: 00 00 00 AA 00 00 00 00 
"
"2016-11-21 14:41:27ID: BB  Data: 00 00 00 AA 00 00 00 00 
"
"2016-11-21 14:41:27ID: BC  Data: 00 00 00 AA 00 00 00 00 
"
"2016-11-21 14:41:27ID: BB  Data: 00 00 00 AA 00 00 00 00 
"
"2016-11-21 14:41:27ID: BC  Data: 00 00 00 AA 00 00 00 00 
"
"2016-11-21 14:41:27ID: BB  Data: 00 00 00 AA 00 00 00 00 
"
"2016-11-21 14:41:27ID: BC  Data: 00 00 00 AA 00 00 00 00 
"
"2016-11-21 14:41:27ID: BB  Data: 00 00 00 AA 00 00 00 00 
"
"2016-11-21 14:41:27ID: BC  Data: 00 00 00 AA 00 00 00 00 
"
"2016-11-21 14:41:27ID: BB  Data: 00 00 00 AA 00 00 00 00 
"
"2016-11-21 14:41:27ID: BC  Data: 00 00 00 AA 00 00 00 00 
"
"2016-11-21 14:41:27ID: BB  Data: 00 00 00 AA 00 00 00 00 
"
"2016-11-21 14:41:27ID: BC  Data: 00 00 00 AA 00 00 00 00 
"
"2016-11-21 14:41:27ID: BB  Data: 00 00 00 AA 00 00 00 00 
"
"2016-11-21 14:41:27ID: BC  Data: 00 00 00 AA 00 00 00 00 
"
"2016-11-21 14:41:27ID: BB  Data: 00 00 00 AA 00 00 00 00 
"
"2016-11-21 14:41:27ID: BC  Data: 00 00 00 AA 00 00 00 00 
"
"2016-11-21 14:41:27ID: BB  Data: 00 00 00 AA 00 00 00 00 
"
"2016-11-21 14:41:27ID: BC  Data: 00 00 00 AA 00 00 00 00 
"
"2016-11-21 14:41:27ID: BB  Data: 00 00 00 AA 00 00 00 00 
"
"2016-11-21 14:41:27ID: BC  Data: 00 00 00 AA 00 00 00 00 
"
"2016-11-21 14:41:27ID: BB  Data: 00 00 00 AA 00 00 00 00 
"
"2016-11-21 14:41:27ID: BC  Data: 00 00 00 AA 00 00 00 00 
"
"2016-11-21 14:41:28ID: BB  Data: 00 00 00 AA 00 00 00 00 
"
"2016-11-21 14:41:28ID: BC  Data: 00 00 00 AA 00 00 00 00 
"
"2016-11-21 14:41:28ID: BB  Data: 00 00 00 AA 00 00 00 00 
"
"2016-11-21 14:41:28ID: BC  Data: 00 00 00 AA 00 00 00 00 
"
"2016-11-21 14:41:28ID: BB  Data: 00 00 00 AA 00 00 00 00 
"
"2016-11-21 14:41:28ID: BC  Data: 00 00 00 AA 00 00 00 00 
"
"2016-11-21 14:41:28ID: BB  Data: 00 00 00 AA 02 09 C6 1D 
"
"2016-11-21 14:41:28ID: BC  Data: 00 00 00 AA FD F6 39 E3 
"
"2016-11-21 14:41:28ID: BB  Data: 00 00 00 AA 02 79 9C 03 
"
"2016-11-21 14:41:28ID: BC  Data: 00 00 00 AA FD 86 63 FD 
"
"2016-11-21 14:41:28ID: BB  Data: 00 00 00 AA 02 A5 07 26 
"
"2016-11-21 14:41:28ID: BC  Data: 00 00 00 AA FD 5A F8 DA 
"
"2016-11-21 14:41:28ID: BB  Data: 00 00 00 AA 02 AC EC 15 
"
"2016-11-21 14:41:28ID: BC  Data: 00 00 00 AA FD 53 13 EB 
"
"2016-11-21 14:41:28ID: BB  Data: 00 00 00 AA 02 9E 73 09 
"
"2016-11-21 14:41:28ID: BC  Data: 00 00 00 AA FD 61 8C F7 
"
"2016-11-21 14:41:28ID: BB  Data: 00 00 00 AA 02 9B D1 64 
"
"2016-11-21 14:41:28ID: BC  Data: 00 00 00 AA FD 64 2E 9C 
"
"2016-11-21 14:41:28ID: BB  Data: 00 00 00 AA 02 82 D1 C4 
"
"2016-11-21 14:41:28ID: BC  Data: 00 00 00 AA FD 7D 2E 3C 
"
"2016-11-21 14:41:28ID: BB  Data: 00 00 00 AA 02 7E DF 4D 
"
"2016-11-21 14:41:28ID: BC  Data: 00 00 00 AA FD 81 20 B3 
"
"2016-11-21 14:41:28ID: BB  Data: 00 00 00 AA 02 73 07 E6 
"
"2016-11-21 14:41:29ID: BC  Data: 00 00 00 AA FD 8C F8 1A 
"
"2016-11-21 14:41:29ID: BB  Data: 00 00 00 AA 02 70 66 41 
"
"2016-11-21 14:41:29ID: BC  Data: 00 00 00 AA FD 8F 99 BF 
"
"2016-11-21 14:41:29ID: BB  Data: 00 00 00 AA 02 61 ED 36 
"
"2016-11-21 14:41:29ID: BC  Data: 00 00 00 AA FD 9E 12 CA 
"
"2016-11-21 14:41:29ID: BB  Data: 00 00 00 AA 02 5C A9 EB 
"
"2016-11-21 14:41:29ID: BC  Data: 00 00 00 AA FD A3 56 15 
"
"2016-11-21 14:41:29ID: BB  Data: 00 00 00 AA 02 5D FA BE 
"
"2016-11-21 14:41:29ID: BC  Data: 00 00 00 AA FD A2 05 42 
"
"2016-11-21 14:41:29ID: BB  Data: 00 00 00 AA 02 60 9C 63 
"
"2016-11-21 14:41:29ID: BC  Data: 00 00 00 AA FD 9F 63 9D 
"
"2016-11-21 14:41:29ID: BB  Data: 00 00 00 AA 02 6C 73 CA 
"
"2016-11-21 14:41:29ID: BC  Data: 00 00 00 AA FD 93 8C 36 
"
"2016-11-21 14:41:29ID: BB  Data: 00 00 00 AA 02 71 B7 14 
"
"2016-11-21 14:41:29ID: BC  Data: 00 00 00 AA FD 8E 48 EC 
"
"2016-11-21 14:41:29ID: BB  Data: 00 00 00 AA 02 73 07 E6 
"
"2016-11-21 14:41:29ID: BC  Data: 00 00 00 AA FD 8C F8 1A 
"
"2016-11-21 14:41:29ID: BB  Data: 00 00 00 AA 02 63 3E 08 
"
"2016-11-21 14:41:29ID: BC  Data: 00 00 00 AA FD 9C C1 F8 
"
"2016-11-21 14:41:29ID: BB  Data: 00 00 00 AA 02 5C A9 EB 
"
"2016-11-21 14:41:29ID: BC  Data: 00 00 00 AA FD A3 56 15 
"
"2016-11-21 14:41:29ID: BB  Data: 00 00 00 AA 02 5B 59 19 
"
"2016-11-21 14:41:29ID: BC  Data: 00 00 00 AA FD A4 A6 E7 
"
"2016-11-21 14:41:30ID: BB  Data: 00 00 00 AA 01 EC D4 06 
"
"2016-11-21 14:41:30ID: BC  Data: 00 00 00 AA FE 13 2B FA 
"
"2016-11-21 14:41:30ID: BB  Data: 00 00 00 AA 01 DF AB CC 
"
"2016-11-21 14:41:30ID: BC  Data: 00 00 00 AA FE 20 54 34 
"
"2016-11-21 14:41:30ID: BB  Data: 00 00 00 AA 01 FD EE B6 
"
"2016-11-21 14:41:30ID: BC  Data: 00 00 00 AA FE 02 11 4A 
"
"2016-11-21 14:41:30ID: BB  Data: 00 00 00 AA 02 04 82 D3 
"
"2016-11-21 14:41:30ID: BC  Data: 00 00 00 AA FD FB 7D 2D 
"
"2016-11-21 14:41:30ID: BB  Data: 00 00 00 AA 02 2E 9D 23 
"
"2016-11-21 14:41:30ID: BC  Data: 00 00 00 AA FD D1 62 DD 
"
"2016-11-21 14:41:30ID: BB  Data: 00 00 00 AA 02 32 8F 9B 
"
"2016-11-21 14:41:30ID: BC  Data: 00 00 00 AA FD CD 70 65 
"
"2016-11-21 14:41:30ID: BB  Data: 00 00 00 AA 02 41 08 A7 
"
"2016-11-21 14:41:30ID: BC  Data: 00 00 00 AA FD BE F7 59 
"
"2016-11-21 14:41:30ID: BB  Data: 00 00 00 AA 02 91 4A D0 
"
"2016-11-21 14:41:30ID: BC  Data: 00 00 00 AA FD 6E B5 30 
"
"2016-11-21 14:41:30ID: BB  Data: 00 00 00 AA 03 D2 53 76 
"
"2016-11-21 14:41:30ID: BC  Data: 00 00 00 AA FC 2D AC 8A 
"
"2016-11-21 14:41:30ID: BB  Data: 00 00 00 AA 05 A2 C5 BF 
"
"2016-11-21 14:41:30ID: BC  Data: 00 00 00 AA FA 5D 3A 41 
"
"2016-11-21 14:41:30ID: BB  Data: 00 00 00 AA 07 7F 0F 6E 
"
"2016-11-21 14:41:30ID: BC  Data: 00 00 00 AA F8 80 F0 92 
"
"2016-11-21 14:41:31ID: BB  Data: 00 00 00 AA 08 DA 68 86 
"
"2016-11-21 14:41:31ID: BC  Data: 00 00 00 AA F7 25 97 7A 
"
"2016-11-21 14:41:31ID: BB  Data: 00 00 00 AA 09 76 FA 62 
"
"2016-11-21 14:41:31ID: BC  Data: 00 00 00 AA F6 89 05 9E 
"
"2016-11-21 14:41:31ID: BB  Data: 00 00 00 AA 0A 4A CE C7 
"
"2016-11-21 14:41:31ID: BC  Data: 00 00 00 AA F5 B5 31 39 
"
"2016-11-21 14:41:31ID: BB  Data: 00 00 00 AA 0B 14 1C 98 
"
"2016-11-21 14:41:31ID: BC  Data: 00 00 00 AA F4 EB E3 68 
"
"2016-11-21 14:41:31ID: BB  Data: 00 00 00 AA 0C B6 82 18 
"
"2016-11-21 14:41:31ID: BC  Data: 00 00 00 AA F3 49 7D E8 
"
"2016-11-21 14:41:31ID: BB  Data: 00 00 00 AA 0D C0 48 35 
"
"2016-11-21 14:41:31ID: BC  Data: 00 00 00 AA F2 3F B7 CB 
"
"2016-11-21 14:41:31ID: BB  Data: 00 00 00 AA 0E 15 CD A8 
"
"2016-11-21 14:41:31ID: BC  Data: 00 00 00 AA F1 EA 32 58 
"
"2016-11-21 14:41:31ID: BB  Data: 00 00 00 AA 0E 1F 03 6A 
"
"2016-11-21 14:41:31ID: BC  Data: 00 00 00 AA F1 E0 FC 96 
"
"2016-11-21 14:41:31ID: BB  Data: 00 00 00 AA 0E 7C 6D CC 
"
"2016-11-21 14:41:31ID: BC  Data: 00 00 00 AA F1 83 92 34 
"
"2016-11-21 14:41:31ID: BB  Data: 00 00 00 AA 0E F4 28 A1 
"
"2016-11-21 14:41:31ID: BC  Data: 00 00 00 AA F1 0B D7 5F 
"
"2016-11-21 14:41:31ID: BB  Data: 00 00 00 AA 0E F8 1B 19 
"
"2016-11-21 14:41:31ID: BC  Data: 00 00 00 AA F1 07 E4 E7 
"
"2016-11-21 14:41:31ID: BB  Data: 00 00 00 AA 0E F6 CA 46 
"
"2016-11-21 14:41:31ID: BC  Data: 00 00 00 AA F1 09 35 BA 
"
"2016-11-21 14:41:32ID: BB  Data: 00 00 00 AA 0E F9 6B EC 
"
"2016-11-21 14:41:32ID: BC  Data: 00 00 00 AA F1 06 94 14 
"
"2016-11-21 14:41:32ID: BB  Data: 00 00 00 AA 0E F8 1B 19 
"
"2016-11-21 14:41:32ID: BC  Data: 00 00 00 AA F1 07 E4 E7 
"
"2016-11-21 14:41:32ID: BB  Data: 00 00 00 AA 0E FA BC BE 
"
"2016-11-21 14:41:32ID: BC  Data: 00 00 00 AA F1 05 43 42 
"
"2016-11-21 14:41:32ID: BB  Data: 00 00 00 AA 0E F9 6B EC 
"
"2016-11-21 14:41:32ID: BC  Data: 00 00 00 AA F1 06 94 14 
"
"2016-11-21 14:41:32ID: BB  Data: 00 00 00 AA 0E F9 6B EC 
"
"2016-11-21 14:41:32ID: BC  Data: 00 00 00 AA F1 06 94 14 
"
"2016-11-21 14:41:32ID: BB  Data: 00 00 00 AA 0E F8 1B 19 
"
"2016-11-21 14:41:32ID: BC  Data: 00 00 00 AA F1 07 E4 E7 
"
"2016-11-21 14:41:32ID: BB  Data: 00 00 00 AA 0E F8 1B 19 
"
"2016-11-21 14:41:32ID: BC  Data: 00 00 00 AA F1 07 E4 E7 
"
"2016-11-21 14:41:32ID: BB  Data: 00 00 00 AA 0E F9 6B EC 
"
"2016-11-21 14:41:32ID: BC  Data: 00 00 00 AA F1 06 94 14 
"
"2016-11-21 14:41:32ID: BB  Data: 00 00 00 AA 0E FA BC BE 
"
"2016-11-21 14:41:32ID: BC  Data: 00 00 00 AA F1 05 43 42 
"
"2016-11-21 14:41:32ID: BB  Data: 00 00 00 AA 0E F8 1B 19 
"
"2016-11-21 14:41:32ID: BC  Data: 00 00 00 AA F1 07 E4 E7 
"
"2016-11-21 14:41:32ID: BB  Data: 00 00 00 AA 0E F8 1B 19 
"
"2016-11-21 14:41:32ID: BC  Data: 00 00 00 AA F1 07 E4 E7 
"
"2016-11-21 14:41:33ID: BB  Data: 00 00 00 AA 0E F9 6B EC 
"
"2016-11-21 14:41:33ID: BC  Data: 00 00 00 AA F1 06 94 14 
"
"2016-11-21 14:41:33ID: BB  Data: 00 00 00 AA 0E F9 6B EC 
"
"2016-11-21 14:41:33ID: BC  Data: 00 00 00 AA F1 06 94 14 
"
"2016-11-21 14:41:33ID: BB  Data: 00 00 00 AA 0E F9 6B EC 
"
"2016-11-21 14:41:33ID: BC  Data: 00 00 00 AA F1 06 94 14 
"
"2016-11-21 14:41:33ID: BB  Data: 00 00 00 AA 0E F9 6B EC 
"
"2016-11-21 14:41:33ID: BC  Data: 00 00 00 AA F1 06 94 14 
"
"2016-11-21 14:41:33ID: BB  Data: 00 00 00 AA 0E FA BC BE 
"
"2016-11-21 14:41:33ID: BC  Data: 00 00 00 AA F1 05 43 42 
"
"2016-11-21 14:41:33ID: BB  Data: 00 00 00 AA 0E FC 0D 91 
"
"2016-11-21 14:41:33ID: BC  Data: 00 00 00 AA F1 03 F2 6F 
"
"2016-11-21 14:41:33ID: BB  Data: 00 00 00 AA 0E F9 6B EC 
"
"2016-11-21 14:41:33ID: BC  Data: 00 00 00 AA F1 06 94 14 
"
"2016-11-21 14:41:33ID: BB  Data: 00 00 00 AA 0E F9 6B EC 
"
"2016-11-21 14:41:33ID: BC  Data: 00 00 00 AA F1 06 94 14 
"
"2016-11-21 14:41:33ID: BB  Data: 00 00 00 AA 0E F9 6B EC 
"
"2016-11-21 14:41:33ID: BC  Data: 00 00 00 AA F1 06 94 14 
"
"2016-11-21 14:41:33ID: BB  Data: 00 00 00 AA 0E F8 1B 19 
"
"2016-11-21 14:41:33ID: BC  Data: 00 00 00 AA F1 07 E4 E7 
"
"2016-11-21 14:41:33ID: BB  Data: 00 00 00 AA 0E F8 1B 19 
"
"2016-11-21 14:41:33ID: BC  Data: 00 00 00 AA F1 07 E4 E7 
"
"2016-11-21 14:41:34ID: BB  Data: 00 00 00 AA 0E F6 CA 46 
"
"2016-11-21 14:41:34ID: BC  Data: 00 00 00 AA F1 09 35 BA 
"
"2016-11-21 14:41:34ID: BB  Data: 00 00 00 AA 0E FA BC BE 
"
"2016-11-21 14:41:34ID: BC  Data: 00 00 00 AA F1 05 43 42 
"
"2016-11-21 14:41:34ID: BB  Data: 00 00 00 AA 0E F8 1B 19 
"
"2016-11-21 14:41:34ID: BC  Data: 00 00 00 AA F1 07 E4 E7 
"
"2016-11-21 14:41:34ID: BB  Data: 00 00 00 AA 0E F9 6B EC 
"
"2016-11-21 14:41:34ID: BC  Data: 00 00 00 AA F1 06 94 14 
"
"2016-11-21 14:41:34ID: BB  Data: 00 00 00 AA 0E F9 6B EC 
"
"2016-11-21 14:41:34ID: BC  Data: 00 00 00 AA F1 06 94 14 
"
"2016-11-21 14:41:34ID: BB  Data: 00 00 00 AA 0E F8 1B 19 
"
"2016-11-21 14:41:34ID: BC  Data: 00 00 00 AA F1 07 E4 E7 
"
"2016-11-21 14:41:34ID: BB  Data: 00 00 00 AA 0E F9 6B EC 
"
"2016-11-21 14:41:34ID: BC  Data: 00 00 00 AA F1 06 94 14 
"
"2016-11-21 14:41:34ID: BB  Data: 00 00 00 AA 0E FA BC BE 
"
"2016-11-21 14:41:34ID: BC  Data: 00 00 00 AA F1 05 43 42 
"
"2016-11-21 14:41:34ID: BB  Data: 00 00 00 AA 0E FA BC BE 
"
"2016-11-21 14:41:34ID: BC  Data: 00 00 00 AA F1 05 43 42 
"
"2016-11-21 14:41:34ID: BB  Data: 00 00 00 AA 0E FA BC BE 
"
"2016-11-21 14:41:34ID: BC  Data: 00 00 00 AA F1 05 43 42 
"
"2016-11-21 14:41:34ID: BB  Data: 00 00 00 AA 0E F8 1B 19 
"
"2016-11-21 14:41:34ID: BC  Data: 00 00 00 AA F1 07 E4 E7 
"
"2016-11-21 14:41:34ID: BB  Data: 00 00 00 AA 0E F6 CA 46 
"
"2016-11-21 14:41:34ID: BC  Data: 00 00 00 AA F1 09 35 BA 
"
"2016-11-21 14:41:35ID: BB  Data: 00 00 00 AA 0E FA BC BE 
"
"2016-11-21 14:41:35ID: BC  Data: 00 00 00 AA F1 05 43 42 
"
"2016-11-21 14:41:35ID: BB  Data: 00 00 00 AA 0E F9 6B EC 
"
"2016-11-21 14:41:35ID: BC  Data: 00 00 00 AA F1 06 94 14 
"
"2016-11-21 14:41:35ID: BB  Data: 00 00 00 AA 0E F9 6B EC 
"
"2016-11-21 14:41:35ID: BC  Data: 00 00 00 AA F1 06 94 14 
"
"2016-11-21 14:41:35ID: BB  Data: 00 00 00 AA 0E F9 6B EC 
"
"2016-11-21 14:41:35ID: BC  Data: 00 00 00 AA F1 06 94 14 
"
"2016-11-21 14:41:35ID: BB  Data: 00 00 00 AA 0E F9 6B EC 
"
"2016-11-21 14:41:35ID: BC  Data: 00 00 00 AA F1 06 94 14 
"
"2016-11-21 14:41:35ID: BB  Data: 00 00 00 AA 0E F9 6B EC 
"
"2016-11-21 14:41:35ID: BC  Data: 00 00 00 AA F1 06 94 14 
"
"2016-11-21 14:41:35ID: BB  Data: 00 00 00 AA 0E F8 1B 19 
"
"2016-11-21 14:41:35ID: BC  Data: 00 00 00 AA F1 07 E4 E7 
"
"2016-11-21 14:41:35ID: BB  Data: 00 00 00 AA 0E FA BC BE 
"
"2016-11-21 14:41:35ID: BC  Data: 00 00 00 AA F1 05 43 42 
"
"2016-11-21 14:41:35ID: BB  Data: 00 00 00 AA 0E F9 6B EC 
"
"2016-11-21 14:41:35ID: BC  Data: 00 00 00 AA F1 06 94 14 
"
"2016-11-21 14:41:35ID: BB  Data: 00 00 00 AA 0E FA BC BE 
"
"2016-11-21 14:41:35ID: BC  Data: 00 00 00 AA F1 05 43 42 
"
"2016-11-21 14:41:35ID: BB  Data: 00 00 00 AA 0E F8 1B 19 
"
"2016-11-21 14:41:35ID: BC  Data: 00 00 00 AA F1 07 E4 E7 
"
"2016-11-21 14:41:36ID: BB  Data: 00 00 00 AA 0E F9 6B EC 
"
"2016-11-21 14:41:36ID: BC  Data: 00 00 00 AA F1 06 94 14 
"
"2016-11-21 14:41:36ID: BB  Data: 00 00 00 AA 0E F9 6B EC 
"
"2016-11-21 14:41:36ID: BC  Data: 00 00 00 AA F1 06 94 14 
"
"2016-11-21 14:41:36ID: BB  Data: 00 00 00 AA 0E F9 6B EC 
"
"2016-11-21 14:41:36ID: BC  Data: 00 00 00 AA F1 06 94 14 
"
"2016-11-21 14:41:36ID: BB  Data: 00 00 00 AA 0E FA BC BE 
"
"2016-11-21 14:41:36ID: BC  Data: 00 00 00 AA F1 05 43 42 
"
"2016-11-21 14:41:36ID: BB  Data: 00 00 00 AA 0E F9 6B EC 
"
"2016-11-21 14:41:36ID: BC  Data: 00 00 00 AA F1 06 94 14 
"
"2016-11-21 14:41:36ID: BB  Data: 00 00 00 AA 0E F6 CA 46 
"
"2016-11-21 14:41:36ID: BC  Data: 00 00 00 AA F1 09 35 BA 
"
"2016-11-21 14:41:36ID: BB  Data: 00 00 00 AA 0E FA BC BE 
"
"2016-11-21 14:41:36ID: BC  Data: 00 00 00 AA F1 05 43 42 
"
"2016-11-21 14:41:36ID: BB  Data: 00 00 00 AA 0E F8 1B 19 
"
"2016-11-21 14:41:36ID: BC  Data: 00 00 00 AA F1 07 E4 E7 
"
"2016-11-21 14:41:36ID: BB  Data: 00 00 00 AA 0E F8 1B 19 
"
"2016-11-21 14:41:36ID: BC  Data: 00 00 00 AA F1 07 E4 E7 
"
"2016-11-21 14:41:36ID: BB  Data: 00 00 00 AA 0E F9 6B EC 
"
"2016-11-21 14:41:36ID: BC  Data: 00 00 00 AA F1 06 94 14 
"
"2016-11-21 14:41:36ID: BB  Data: 00 00 00 AA 0E FA BC BE 
"
"2016-11-21 14:41:36ID: BC  Data: 00 00 00 AA F1 05 43 42 
"
"2016-11-21 14:41:36ID: BB  Data: 00 00 00 AA 0E F9 6B EC 
"
"2016-11-21 14:41:37ID: BC  Data: 00 00 00 AA F1 06 94 14 
"
"2016-11-21 14:41:37ID: BB  Data: 00 00 00 AA 0E FA BC BE 
"
"2016-11-21 14:41:37ID: BC  Data: 00 00 00 AA F1 05 43 42 
"
"2016-11-21 14:41:37ID: BB  Data: 00 00 00 AA 0E FC 0D 91 
"
"2016-11-21 14:41:37ID: BC  Data: 00 00 00 AA F1 03 F2 6F 
"
"2016-11-21 14:41:37ID: BB  Data: 00 00 00 AA 0E F6 CA 46 
"
"2016-11-21 14:41:37ID: BC  Data: 00 00 00 AA F1 09 35 BA 
"
"2016-11-21 14:41:37ID: BB  Data: 00 00 00 AA 0E F9 6B EC 
"
"2016-11-21 14:41:37ID: BC  Data: 00 00 00 AA F1 06 94 14 
"
"2016-11-21 14:41:37ID: BB  Data: 00 00 00 AA 0E F9 6B EC 
"
"2016-11-21 14:41:37ID: BC  Data: 00 00 00 AA F1 06 94 14 
"
"2016-11-21 14:41:37ID: BB  Data: 00 00 00 AA 0E F9 6B EC 
"
"2016-11-21 14:41:37ID: BC  Data: 00 00 00 AA F1 06 94 14 
"
"2016-11-21 14:41:37ID: BB  Data: 00 00 00 AA 0E F9 6B EC 
"
"2016-11-21 14:41:37ID: BC  Data: 00 00 00 AA F1 06 94 14 
"
"2016-11-21 14:41:37ID: BB  Data: 00 00 00 AA 0E F9 6B EC 
"
"2016-11-21 14:41:37ID: BC  Data: 00 00 00 AA F1 06 94 14 
"
"2016-11-21 14:41:37ID: BB  Data: 00 00 00 AA 0E FA BC BE 
"
"2016-11-21 14:41:37ID: BC  Data: 00 00 00 AA F1 05 43 42 
"
"2016-11-21 14:41:37ID: BB  Data: 00 00 00 AA 0E FA BC BE 
"
"2016-11-21 14:41:37ID: BC  Data: 00 00 00 AA F1 05 43 42 
"
"2016-11-21 14:41:37ID: BB  Data: 00 00 00 AA 0E F9 6B EC 
"
"2016-11-21 14:41:37ID: BC  Data: 00 00 00 AA F1 06 94 14 
"
"2016-11-21 14:41:38ID: BB  Data: 00 00 00 AA 0E FA BC BE 
"
"2016-11-21 14:41:38ID: BC  Data: 00 00 00 AA F1 05 43 42 
"
"2016-11-21 14:41:38ID: BB  Data: 00 00 00 AA 0E F6 CA 46 
"
"2016-11-21 14:41:38ID: BC  Data: 00 00 00 AA F1 09 35 BA 
"
"2016-11-21 14:41:38ID: BB  Data: 00 00 00 AA 0E F9 6B EC 
"
"2016-11-21 14:41:38ID: BC  Data: 00 00 00 AA F1 06 94 14 
"
"2016-11-21 14:41:38ID: BB  Data: 00 00 00 AA 0E F6 CA 46 
"
"2016-11-21 14:41:38ID: BC  Data: 00 00 00 AA F1 09 35 BA 
"
"2016-11-21 14:41:38ID: BB  Data: 00 00 00 AA 0E F9 6B EC 
"
"2016-11-21 14:41:38ID: BC  Data: 00 00 00 AA F1 06 94 14 
"
"2016-11-21 14:41:38ID: BB  Data: 00 00 00 AA 0E FA BC BE 
"
"2016-11-21 14:41:38ID: BC  Data: 00 00 00 AA F1 05 43 42 
"
"2016-11-21 14:41:38ID: BB  Data: 00 00 00 AA 0E F8 1B 19 
"
"2016-11-21 14:41:38ID: BC  Data: 00 00 00 AA F1 07 E4 E7 
"
"2016-11-21 14:41:38ID: BB  Data: 00 00 00 AA 0E F9 6B EC 
"
"2016-11-21 14:41:38ID: BC  Data: 00 00 00 AA F1 06 94 14 
"
"2016-11-21 14:41:38ID: BB  Data: 00 00 00 AA 0E F9 6B EC 
"
"2016-11-21 14:41:38ID: BC  Data: 00 00 00 AA F1 06 94 14 
"
"2016-11-21 14:41:38ID: BB  Data: 00 00 00 AA 0E F9 6B EC 
"
"2016-11-21 14:41:38ID: BC  Data: 00 00 00 AA F1 06 94 14 
"
"2016-11-21 14:41:38ID: BB  Data: 00 00 00 AA 0E F8 1B 19 
"
"2016-11-21 14:41:38ID: BC  Data: 00 00 00 AA F1 07 E4 E7 
"
"2016-11-21 14:41:39ID: BB  Data: 00 00 00 AA 0E FA BC BE 
"
"2016-11-21 14:41:39ID: BC  Data: 00 00 00 AA F1 05 43 42 
"
"2016-11-21 14:41:39ID: BB  Data: 00 00 00 AA 0E F9 6B EC 
"
"2016-11-21 14:41:39ID: BC  Data: 00 00 00 AA F1 06 94 14 
"
"2016-11-21 14:41:39ID: BB  Data: 00 00 00 AA 0E FA BC BE 
"
"2016-11-21 14:41:39ID: BC  Data: 00 00 00 AA F1 05 43 42 
"
"2016-11-21 14:41:39ID: BB  Data: 00 00 00 AA 0E FA BC BE 
"
"2016-11-21 14:41:39ID: BC  Data: 00 00 00 AA F1 05 43 42 
"
"2016-11-21 14:41:39ID: BB  Data: 00 00 00 AA 0E FA BC BE 
"
"2016-11-21 14:41:39ID: BC  Data: 00 00 00 AA F1 05 43 42 
"
"2016-11-21 14:41:39ID: BB  Data: 00 00 00 AA 0E F8 1B 19 
"
"2016-11-21 14:41:39ID: BC  Data: 00 00 00 AA F1 07 E4 E7 
"
"2016-11-21 14:41:39ID: BB  Data: 00 00 00 AA 0E FA BC BE 
"
"2016-11-21 14:41:39ID: BC  Data: 00 00 00 AA F1 05 43 42 
"
"2016-11-21 14:41:39ID: BB  Data: 00 00 00 AA 0E F8 1B 19 
"
"2016-11-21 14:41:39ID: BC  Data: 00 00 00 AA F1 07 E4 E7 
"
"2016-11-21 14:41:39ID: BB  Data: 00 00 00 AA 0E F8 1B 19 
"
"2016-11-21 14:41:39ID: BC  Data: 00 00 00 AA F1 07 E4 E7 
"
"2016-11-21 14:41:39ID: BB  Data: 00 00 00 AA 0E FC 0D 91 
"
"2016-11-21 14:41:39ID: BC  Data: 00 00 00 AA F1 03 F2 6F 
"
"2016-11-21 14:41:39ID: BB  Data: 00 00 00 AA 0E FA BC BE 
"
"2016-11-21 14:41:39ID: BC  Data: 00 00 00 AA F1 05 43 42 
"
"2016-11-21 14:41:39ID: BB  Data: 00 00 00 AA 0E FA BC BE 
"
"2016-11-21 14:41:39ID: BC  Data: 00 00 00 AA F1 05 43 42 
"
"2016-11-21 14:41:40ID: BB  Data: 00 00 00 AA 0E F9 6B EC 
"
"2016-11-21 14:41:40ID: BC  Data: 00 00 00 AA F1 06 94 14 
"
"2016-11-21 14:41:40ID: BB  Data: 00 00 00 AA 0E 6D F4 C1 
"
"2016-11-21 14:41:40ID: BC  Data: 00 00 00 AA F1 92 0B 3F 
"
"2016-11-21 14:41:40ID: BB  Data: 00 00 00 AA 0D 54 64 C6 
"
"2016-11-21 14:41:40ID: BC  Data: 00 00 00 AA F2 AB 9B 3A 
"
"2016-11-21 14:41:40ID: BB  Data: 00 00 00 AA 0B D8 27 1F 
"
"2016-11-21 14:41:40ID: BC  Data: 00 00 00 AA F4 27 D8 E1 
"
"2016-11-21 14:41:40ID: BB  Data: 00 00 00 AA 0B 40 D8 8D 
"
"2016-11-21 14:41:40ID: BC  Data: 00 00 00 AA F4 BF 27 73 
"
"2016-11-21 14:41:40ID: BB  Data: 00 00 00 AA 0A 55 55 5B 
"
"2016-11-21 14:41:40ID: BC  Data: 00 00 00 AA F5 AA AA A5 
"
"2016-11-21 14:41:40ID: BB  Data: 00 00 00 AA 09 5F 4B 94 
"
"2016-11-21 14:41:40ID: BC  Data: 00 00 00 AA F6 A0 B4 6C 
"
"2016-11-21 14:41:40ID: BB  Data: 00 00 00 AA 08 71 26 BD 
"
"2016-11-21 14:41:40ID: BC  Data: 00 00 00 AA F7 8E D9 43 
"
"2016-11-21 14:41:40ID: BB  Data: 00 00 00 AA 08 52 E3 D3 
"
"2016-11-21 14:41:40ID: BC  Data: 00 00 00 AA F7 AD 1C 2D 
"
"2016-11-21 14:41:40ID: BB  Data: 00 00 00 AA 08 15 0D 2D 
"
"2016-11-21 14:41:40ID: BC  Data: 00 00 00 AA F7 EA F2 D3 
"
"2016-11-21 14:41:40ID: BB  Data: 00 00 00 AA 07 9C 01 85 
"
"2016-11-21 14:41:40ID: BC  Data: 00 00 00 AA F8 63 FE 7B 
"
"2016-11-21 14:41:41ID: BB  Data: 00 00 00 AA 07 7F 0F 6E 
"
"2016-11-21 14:41:41ID: BC  Data: 00 00 00 AA F8 80 F0 92 
"
"2016-11-21 14:41:41ID: BB  Data: 00 00 00 AA 07 3D 46 50 
"
"2016-11-21 14:41:41ID: BC  Data: 00 00 00 AA F8 C2 B9 B0 
"
"2016-11-21 14:41:41ID: BB  Data: 00 00 00 AA 07 0C 97 E3 
"
"2016-11-21 14:41:41ID: BC  Data: 00 00 00 AA F8 F3 68 1D 
"
"2016-11-21 14:41:41ID: BB  Data: 00 00 00 AA 06 E5 1F 37 
"
"2016-11-21 14:41:41ID: BC  Data: 00 00 00 AA F9 1A E0 C9 
"
"2016-11-21 14:41:41ID: BB  Data: 00 00 00 AA 06 9E 12 CF 
"
"2016-11-21 14:41:41ID: BC  Data: 00 00 00 AA F9 61 ED 31 
"
"2016-11-21 14:41:41ID: BB  Data: 00 00 00 AA 06 8A 56 7A 
"
"2016-11-21 14:41:41ID: BC  Data: 00 00 00 AA F9 75 A9 86 
"
"2016-11-21 14:41:41ID: BB  Data: 00 00 00 AA 06 50 72 4B 
"
"2016-11-21 14:41:41ID: BC  Data: 00 00 00 AA F9 AF 8D B5 
"
"2016-11-21 14:41:41ID: BB  Data: 00 00 00 AA 06 3A 14 50 
"
"2016-11-21 14:41:41ID: BC  Data: 00 00 00 AA F9 C5 EB B0 
"
"2016-11-21 14:41:41ID: BB  Data: 00 00 00 AA 06 1F C3 DE 
"
"2016-11-21 14:41:41ID: BC  Data: 00 00 00 AA F9 E0 3C 22 
"
"2016-11-21 14:41:41ID: BB  Data: 00 00 00 AA 06 1A 80 94 
"
"2016-11-21 14:41:41ID: BC  Data: 00 00 00 AA F9 E5 7F 6C 
"
"2016-11-21 14:41:41ID: BB  Data: 00 00 00 AA 06 02 D1 C6 
"
"2016-11-21 14:41:41ID: BC  Data: 00 00 00 AA F9 FD 2E 3A 
"
"2016-11-21 14:41:42ID: BB  Data: 00 00 00 AA 06 09 65 E3 
"
"2016-11-21 14:41:42ID: BC  Data: 00 00 00 AA F9 F6 9A 1D 
"
"2016-11-21 14:41:42ID: BB  Data: 00 00 00 AA 06 1E 73 0B 
"
"2016-11-21 14:41:42ID: BC  Data: 00 00 00 AA F9 E1 8C F5 
"
"2016-11-21 14:41:42ID: BB  Data: 00 00 00 AA 06 06 C4 3E 
"
"2016-11-21 14:41:42ID: BC  Data: 00 00 00 AA F9 F9 3B C2 
"
"2016-11-21 14:41:42ID: BB  Data: 00 00 00 AA 06 17 DE EF 
"
"2016-11-21 14:41:42ID: BC  Data: 00 00 00 AA F9 E8 21 11 
"
"2016-11-21 14:41:42ID: BB  Data: 00 00 00 AA 06 19 2F C1 
"
"2016-11-21 14:41:42ID: BC  Data: 00 00 00 AA F9 E6 D0 3F 
"
"2016-11-21 14:41:42ID: BB  Data: 00 00 00 AA 06 13 EC 77 
"
"2016-11-21 14:41:42ID: BC  Data: 00 00 00 AA F9 EC 13 89 
"
"2016-11-21 14:41:42ID: BB  Data: 00 00 00 AA 06 12 9B A5 
"
"2016-11-21 14:41:42ID: BC  Data: 00 00 00 AA F9 ED 64 5B 
"
"2016-11-21 14:41:42ID: BB  Data: 00 00 00 AA 05 FE DF 4F 
"
"2016-11-21 14:41:42ID: BC  Data: 00 00 00 AA FA 01 20 B1 
"
"2016-11-21 14:41:42ID: BB  Data: 00 00 00 AA 05 F5 A9 8D 
"
"2016-11-21 14:41:42ID: BC  Data: 00 00 00 AA FA 0A 56 73 
"
"2016-11-21 14:41:42ID: BB  Data: 00 00 00 AA 05 CE 30 E2 
"
"2016-11-21 14:41:42ID: BC  Data: 00 00 00 AA FA 31 CF 1E 
"
"2016-11-21 14:41:42ID: BB  Data: 00 00 00 AA 05 AA AA AE 
"
"2016-11-21 14:41:42ID: BC  Data: 00 00 00 AA FA 55 55 52 
"
"2016-11-21 14:41:42ID: BB  Data: 00 00 00 AA 05 AF ED F8 
"
"2016-11-21 14:41:42ID: BC  Data: 00 00 00 AA FA 50 12 08 
"
"2016-11-21 14:41:43ID: BB  Data: 00 00 00 AA 05 AD 4C 53 
"
"2016-11-21 14:41:43ID: BC  Data: 00 00 00 AA FA 52 B3 AD 
"
"2016-11-21 14:41:43ID: BB  Data: 00 00 00 AA 05 A1 74 EC 
"
"2016-11-21 14:41:43ID: BC  Data: 00 00 00 AA FA 5E 8B 14 
"
"2016-11-21 14:41:43ID: BB  Data: 00 00 00 AA 05 B3 E0 6F 
"
"2016-11-21 14:41:43ID: BC  Data: 00 00 00 AA FA 4C 1F 91 
"
"2016-11-21 14:41:43ID: BB  Data: 00 00 00 AA 05 6C D4 07 
"
"2016-11-21 14:41:43ID: BC  Data: 00 00 00 AA FA 93 2B F9 
"
"2016-11-21 14:41:43ID: BB  Data: 00 00 00 AA 05 74 B8 F7 
"
"2016-11-21 14:41:43ID: BC  Data: 00 00 00 AA FA 8B 47 09 
"
"2016-11-21 14:41:43ID: BB  Data: 00 00 00 AA 05 66 3F EB 
"
"2016-11-21 14:41:43ID: BC  Data: 00 00 00 AA FA 99 C0 15 
"
"2016-11-21 14:41:43ID: BB  Data: 00 00 00 AA 05 63 9E 46 
"
"2016-11-21 14:41:43ID: BC  Data: 00 00 00 AA FA 9C 61 BA 
"
"2016-11-21 14:41:43ID: BB  Data: 00 00 00 AA 05 52 83 95 
"
"2016-11-21 14:41:43ID: BC  Data: 00 00 00 AA FA AD 7C 6B 
"
"2016-11-21 14:41:43ID: BB  Data: 00 00 00 AA 05 41 68 E4 
"
"2016-11-21 14:41:43ID: BC  Data: 00 00 00 AA FA BE 97 1C 
"
"2016-11-21 14:41:43ID: BB  Data: 00 00 00 AA 05 17 4E 94 
"
"2016-11-21 14:41:43ID: BC  Data: 00 00 00 AA FA E8 B1 6C 
"
"2016-11-21 14:41:43ID: BB  Data: 00 00 00 AA 05 13 5C 1C 
"
"2016-11-21 14:41:43ID: BC  Data: 00 00 00 AA FA EC A3 E4 
"
"2016-11-21 14:41:44ID: BB  Data: 00 00 00 AA 04 CA FE E2 
"
"2016-11-21 14:41:44ID: BC  Data: 00 00 00 AA FB 35 01 1E 
"
"2016-11-21 14:41:44ID: BB  Data: 00 00 00 AA 04 2F BD D9 
"
"2016-11-21 14:41:44ID: BC  Data: 00 00 00 AA FB D0 42 27 
"
"2016-11-21 14:41:44ID: BB  Data: 00 00 00 AA 02 E2 DD CC 
"
"2016-11-21 14:41:44ID: BC  Data: 00 00 00 AA FD 1D 22 34 
"
"2016-11-21 14:41:44ID: BB  Data: 00 00 00 AA 00 00 00 00 
"
"2016-11-21 14:41:44ID: BC  Data: 00 00 00 AA 00 00 00 00 
"
"2016-11-21 14:41:44ID: BB  Data: 00 00 00 AA 00 00 00 00 
"
"2016-11-21 14:41:44ID: BC  Data: 00 00 00 AA 00 00 00 00 
"
"2016-11-21 14:41:44ID: BB  Data: 00 00 00 AA 00 00 00 00 
"
"2016-11-21 14:41:44ID: BC  Data: 00 00 00 AA 00 00 00 00 
"
"2016-11-21 14:41:44ID: BB  Data: 00 00 00 AA 00 00 00 00 
"
"2016-11-21 14:41:44ID: BC  Data: 00 00 00 AA 00 00 00 00 
"
"2016-11-21 14:41:44ID: BB  Data: 00 00 00 AA 00 00 00 00 
"
"2016-11-21 14:41:44ID: BC  Data: 00 00 00 AA 00 00 00 00 
"
"2016-11-21 14:41:44ID: BB  Data: 00 00 00 AA 00 00 00 00 
"
"2016-11-21 14:41:44ID: BC  Data: 00 00 00 AA 00 00 00 00 
"
"2016-11-21 14:41:44ID: BB  Data: 00 00 00 AA 00 00 00 00 
"
"2016-11-21 14:41:44ID: BC  Data: 00 00 00 AA 00 00 00 00 
"
"2016-11-21 14:41:44ID: BB  Data: 00 00 00 AA 00 00 00 00 
"
"2016-11-21 14:41:44ID: BC  Data: 00 00 00 AA 00 00 00 00 
"
"2016-11-21 14:41:44ID: BB  Data: 00 00 00 AA 00 00 00 00 
"
"2016-11-21 14:41:45ID: BC  Data: 00 00 00 AA 00 00 00 00 
"
"2016-11-21 14:41:45ID: BB  Data: 00 00 00 AA 00 00 00 00 
"
"2016-11-21 14:41:45ID: BC  Data: 00 00 00 AA 00 00 00 00 
"
"2016-11-21 14:41:45ID: BB  Data: 00 00 00 AA 00 00 00 00 
"
"2016-11-21 14:41:45ID: BC  Data: 00 00 00 AA 00 00 00 00 
"
"2016-11-21 14:41:45ID: BB  Data: 00 00 00 AA 00 00 00 00 
"
"2016-11-21 14:41:45ID: BC  Data: 00 00 00 AA 00 00 00 00 
"
"2016-11-21 14:41:45ID: BB  Data: 00 00 00 AA 00 00 00 00 
"
"2016-11-21 14:41:45ID: BC  Data: 00 00 00 AA 00 00 00 00 
"
"2016-11-21 14:41:45ID: BB  Data: 00 00 00 AA 00 00 00 00 
"
"2016-11-21 14:41:45ID: BC  Data: 00 00 00 AA 00 00 00 00 
"
"2016-11-21 14:41:45ID: BB  Data: 00 00 00 AA 00 00 00 00 
"
"2016-11-21 14:41:45ID: BC  Data: 00 00 00 AA 00 00 00 00 
"
"2016-11-21 14:41:45ID: BB  Data: 00 00 00 AA 00 00 00 00 
"
"2016-11-21 14:41:45ID: BC  Data: 00 00 00 AA 00 00 00 00 
"
"2016-11-21 14:41:45ID: BB  Data: 00 00 00 AA 00 00 00 00 
"
"2016-11-21 14:41:45ID: BC  Data: 00 00 00 AA 00 00 00 00 
"
"2016-11-21 14:41:45ID: BB  Data: 00 00 00 AA 00 00 00 00 
"
"2016-11-21 14:41:45ID: BC  Data: 00 00 00 AA 00 00 00 00 
"
"2016-11-21 14:41:45ID: BB  Data: 00 00 00 AA 00 00 00 00 
"
"2016-11-21 14:41:45ID: BC  Data: 00 00 00 AA 00 00 00 00 
"
"2016-11-21 14:41:45ID: BB  Data: 00 00 00 AA 00 00 00 00 
"
"2016-11-21 14:41:45ID: BC  Data: 00 00 00 AA 00 00 00 00 
"
"2016-11-21 14:41:46ID: BB  Data: 00 00 00 AA 00 00 00 00 
"
"2016-11-21 14:41:46ID: BC  Data: 00 00 00 AA 00 00 00 00 
"
"2016-11-21 14:41:46ID: BB  Data: 00 00 00 AA 00 00 00 00 
"
"2016-11-21 14:41:46ID: BC  Data: 00 00 00 AA 00 00 00 00 
"
"2016-11-21 14:41:46ID: BB  Data: 00 00 00 AA 00 00 00 00 
"
"2016-11-21 14:41:46ID: BC  Data: 00 00 00 AA 00 00 00 00 
"
"2016-11-21 14:41:46ID: BB  Data: 00 00 00 AA 00 00 00 00 
"
"2016-11-21 14:41:46ID: BC  Data: 00 00 00 AA 00 00 00 00 
"
"2016-11-21 14:41:46ID: BB  Data: 00 00 00 AA 00 00 00 00 
"
"2016-11-21 14:41:46ID: BC  Data: 00 00 00 AA 00 00 00 00 
"
"2016-11-21 14:41:46ID: BB  Data: 00 00 00 AA 00 00 00 00 
"
"2016-11-21 14:41:46ID: BC  Data: 00 00 00 AA 00 00 00 00 
"
"2016-11-21 14:41:46ID: BB  Data: 00 00 00 AA 00 00 00 00 
"
"2016-11-21 14:41:46ID: BC  Data: 00 00 00 AA 00 00 00 00 
"
"2016-11-21 14:41:46ID: BB  Data: 00 00 00 AA 00 00 00 00 
"
"2016-11-21 14:41:46ID: BC  Data: 00 00 00 AA 00 00 00 00 
"
"2016-11-21 14:41:46ID: BB  Data: 00 00 00 AA 00 00 00 00 
"
"2016-11-21 14:41:46ID: BC  Data: 00 00 00 AA 00 00 00 00 
"
"2016-11-21 14:41:46ID: BB  Data: 00 00 00 AA 00 00 00 00 
"
"2016-11-21 14:41:46ID: BC  Data: 00 00 00 AA 00 00 00 00 
"
"2016-11-21 14:41:46ID: BB  Data: 00 00 00 AA 00 00 00 00 
"
"2016-11-21 14:41:46ID: BC  Data: 00 00 00 AA 00 00 00 00 
"
"2016-11-21 14:41:47ID: BB  Data: 00 00 00 AA 00 00 00 00 
"
"2016-11-21 14:41:47ID: BC  Data: 00 00 00 AA 00 00 00 00 
"
"2016-11-21 14:41:47ID: BB  Data: 00 00 00 AA 00 00 00 00 
"
"2016-11-21 14:41:47ID: BC  Data: 00 00 00 AA 00 00 00 00 
"
"2016-11-21 14:41:47ID: BB  Data: 00 00 00 AA 00 00 00 00 
"
"2016-11-21 14:41:47ID: BC  Data: 00 00 00 AA 00 00 00 00 
"
"2016-11-21 14:41:47ID: BB  Data: 00 00 00 AA 00 00 00 00 
"
"2016-11-21 14:41:47ID: BC  Data: 00 00 00 AA 00 00 00 00 
"
"2016-11-21 14:41:47ID: BB  Data: 00 00 00 AA 00 00 00 00 
"
"2016-11-21 14:41:47ID: BC  Data: 00 00 00 AA 00 00 00 00 
"
"2016-11-21 14:41:47ID: BB  Data: 00 00 00 AA 01 B9 83 F3 
"
"2016-11-21 14:41:47ID: BC  Data: 00 00 00 AA FE 46 7C 0D 
"
"2016-11-21 14:41:47ID: BB  Data: 00 00 00 AA 01 F7 5A 9A 
"
"2016-11-21 14:41:47ID: BC  Data: 00 00 00 AA FE 08 A5 66 
"
"2016-11-21 14:41:47ID: BB  Data: 00 00 00 AA 02 D8 57 38 
"
"2016-11-21 14:41:47ID: BC  Data: 00 00 00 AA FD 27 A8 C8 
"
"2016-11-21 14:41:47ID: BB  Data: 00 00 00 AA 04 19 5F DE 
"
"2016-11-21 14:41:47ID: BC  Data: 00 00 00 AA FB E6 A0 22 
"
"2016-11-21 14:41:47ID: BB  Data: 00 00 00 AA 05 2D AC 8F 
"
"2016-11-21 14:41:47ID: BC  Data: 00 00 00 AA FA D2 53 71 
"
"2016-11-21 14:41:47ID: BB  Data: 00 00 00 AA 07 28 39 28 
"
"2016-11-21 14:41:47ID: BC  Data: 00 00 00 AA F8 D7 C6 D8 
"
"2016-11-21 14:41:47ID: BB  Data: 00 00 00 AA 08 EB 83 37 
"
"2016-11-21 14:41:47ID: BC  Data: 00 00 00 AA F7 14 7C C9 
"
"2016-11-21 14:41:48ID: BB  Data: 00 00 00 AA 0A 0B A7 4E 
"
"2016-11-21 14:41:48ID: BC  Data: 00 00 00 AA F5 F4 58 B2 
"
"2016-11-21 14:41:48ID: BB  Data: 00 00 00 AA 0A D6 45 F2 
"
"2016-11-21 14:41:48ID: BC  Data: 00 00 00 AA F5 29 BA 0E 
"
"2016-11-21 14:41:48ID: BB  Data: 00 00 00 AA 0A ED F4 BF 
"
"2016-11-21 14:41:48ID: BC  Data: 00 00 00 AA F5 12 0B 41 
"
"2016-11-21 14:41:48ID: BB  Data: 00 00 00 AA 0A 89 F6 40 
"
"2016-11-21 14:41:48ID: BC  Data: 00 00 00 AA F5 76 09 C0 
"
"2016-11-21 14:41:48ID: BB  Data: 00 00 00 AA 08 8E 18 D4 
"
"2016-11-21 14:41:48ID: BC  Data: 00 00 00 AA F7 71 E7 2C 
"
"2016-11-21 14:41:48ID: BB  Data: 00 00 00 AA 08 2A 1A 55 
"
"2016-11-21 14:41:48ID: BC  Data: 00 00 00 AA F7 D5 E5 AB 
"
"2016-11-21 14:41:48ID: BB  Data: 00 00 00 AA 07 B8 F3 9C 
"
"2016-11-21 14:41:48ID: BC  Data: 00 00 00 AA F8 47 0C 64 
"
"2016-11-21 14:41:48ID: BB  Data: 00 00 00 AA 07 88 45 2F 
"
"2016-11-21 14:41:48ID: BC  Data: 00 00 00 AA F8 77 BA D1 
"
"2016-11-21 14:41:48ID: BB  Data: 00 00 00 AA 07 70 96 62 
"
"2016-11-21 14:41:48ID: BC  Data: 00 00 00 AA F8 8F 69 9E 
"
"2016-11-21 14:41:48ID: BB  Data: 00 00 00 AA 07 41 38 C7 
"
"2016-11-21 14:41:48ID: BC  Data: 00 00 00 AA F8 BE C7 39 
"
"2016-11-21 14:41:48ID: BB  Data: 00 00 00 AA 07 62 1D 56 
"
"2016-11-21 14:41:48ID: BC  Data: 00 00 00 AA F8 9D E2 AA 
"
"2016-11-21 14:41:49ID: BB  Data: 00 00 00 AA 07 99 5F E0 
"
"2016-11-21 14:41:49ID: BC  Data: 00 00 00 AA F8 66 A0 20 
"
"2016-11-21 14:41:49ID: BB  Data: 00 00 00 AA 07 A2 95 A2 
"
"2016-11-21 14:41:49ID: BC  Data: 00 00 00 AA F8 5D 6A 5E 
"
"2016-11-21 14:41:49ID: BB  Data: 00 00 00 AA 07 BA 44 6F 
"
"2016-11-21 14:41:49ID: BC  Data: 00 00 00 AA F8 45 BB 91 
"
"2016-11-21 14:41:49ID: BB  Data: 00 00 00 AA 07 CA 0E 4D 
"
"2016-11-21 14:41:49ID: BC  Data: 00 00 00 AA F8 35 F1 B3 
"
"2016-11-21 14:41:49ID: BB  Data: 00 00 00 AA 07 DF 1B 75 
"
"2016-11-21 14:41:49ID: BC  Data: 00 00 00 AA F8 20 E4 8B 
"
"2016-11-21 14:41:49ID: BB  Data: 00 00 00 AA 07 E3 0D ED 
"
"2016-11-21 14:41:49ID: BC  Data: 00 00 00 AA F8 1C F2 13 
"
"2016-11-21 14:41:49ID: BB  Data: 00 00 00 AA 07 E5 AF 92 
"
"2016-11-21 14:41:49ID: BC  Data: 00 00 00 AA F8 1A 50 6E 
"
"2016-11-21 14:41:49ID: BB  Data: 00 00 00 AA 07 D4 94 E1 
"
"2016-11-21 14:41:49ID: BC  Data: 00 00 00 AA F8 2B 6B 1F 
"
"2016-11-21 14:41:49ID: BB  Data: 00 00 00 AA 07 CA 0E 4D 
"
"2016-11-21 14:41:49ID: BC  Data: 00 00 00 AA F8 35 F1 B3 
"
"2016-11-21 14:41:49ID: BB  Data: 00 00 00 AA 07 92 CB C3 
"
"2016-11-21 14:41:49ID: BC  Data: 00 00 00 AA F8 6D 34 3D 
"
"2016-11-21 14:41:49ID: BB  Data: 00 00 00 AA 07 6C A3 EA 
"
"2016-11-21 14:41:49ID: BC  Data: 00 00 00 AA F8 93 5C 16 
"
"2016-11-21 14:41:50ID: BB  Data: 00 00 00 AA 05 E8 81 54 
"
"2016-11-21 14:41:50ID: BC  Data: 00 00 00 AA FA 17 7E AC 
"
"2016-11-21 14:41:50ID: BB  Data: 00 00 00 AA 05 E0 9C 65 
"
"2016-11-21 14:41:50ID: BC  Data: 00 00 00 AA FA 1F 63 9B 
"
"2016-11-21 14:41:50ID: BB  Data: 00 00 00 AA 05 19 F0 39 
"
"2016-11-21 14:41:50ID: BC  Data: 00 00 00 AA FA E6 0F C7 
"
"2016-11-21 14:41:50ID: BB  Data: 00 00 00 AA 00 00 00 00 
"
"2016-11-21 14:41:50ID: BC  Data: 00 00 00 AA 00 00 00 00 
"
"2016-11-21 14:41:50ID: BB  Data: 00 00 00 AA 00 00 00 00 
"
"2016-11-21 14:41:50ID: BC  Data: 00 00 00 AA 00 00 00 00 
"
"2016-11-21 14:41:50ID: BB  Data: 00 00 00 AA 00 00 00 00 
"
"2016-11-21 14:41:50ID: BC  Data: 00 00 00 AA 00 00 00 00 
"
"2016-11-21 14:41:50ID: BB  Data: 00 00 00 AA 00 00 00 00 
"
"2016-11-21 14:41:50ID: BC  Data: 00 00 00 AA 00 00 00 00 
"
"2016-11-21 14:41:50ID: BB  Data: 00 00 00 AA 00 00 00 00 
"
"2016-11-21 14:41:50ID: BC  Data: 00 00 00 AA 00 00 00 00 
"
"2016-11-21 14:41:50ID: BB  Data: 00 00 00 AA 00 00 00 00 
"
"2016-11-21 14:41:50ID: BC  Data: 00 00 00 AA 00 00 00 00 
"
"2016-11-21 14:41:50ID: BB  Data: 00 00 00 AA 00 00 00 00 
"
"2016-11-21 14:41:50ID: BC  Data: 00 00 00 AA 00 00 00 00 
"
"2016-11-21 14:41:50ID: BB  Data: 00 00 00 AA 00 00 00 00 
"
"2016-11-21 14:41:50ID: BC  Data: 00 00 00 AA 00 00 00 00 
"
"2016-11-21 14:41:50ID: BB  Data: 00 00 00 AA 00 00 00 00 
"
"2016-11-21 14:41:50ID: BC  Data: 00 00 00 AA 00 00 00 00 
"
"2016-11-21 14:41:51ID: BB  Data: 00 00 00 AA 00 00 00 00 
"
"2016-11-21 14:41:51ID: BC  Data: 00 00 00 AA 00 00 00 00 
"
"2016-11-21 14:41:51ID: BB  Data: 00 00 00 AA 00 00 00 00 
"
"2016-11-21 14:41:51ID: BC  Data: 00 00 00 AA 00 00 00 00 
"
"2016-11-21 14:41:51ID: BB  Data: 00 00 00 AA 00 00 00 00 
"
"2016-11-21 14:41:51ID: BC  Data: 00 00 00 AA 00 00 00 00 
"
"2016-11-21 14:41:51ID: BB  Data: 00 00 00 AA 00 00 00 00 
"
"2016-11-21 14:41:51ID: BC  Data: 00 00 00 AA 00 00 00 00 
"
"2016-11-21 14:41:51ID: BB  Data: 00 00 00 AA 00 00 00 00 
"
"2016-11-21 14:41:51ID: BC  Data: 00 00 00 AA 00 00 00 00 
"
"2016-11-21 14:41:51ID: BB  Data: 00 00 00 AA 00 00 00 00 
"
"2016-11-21 14:41:51ID: BC  Data: 00 00 00 AA 00 00 00 00 
"
"2016-11-21 14:41:51ID: BB  Data: 00 00 00 AA 00 00 00 00 
"
"2016-11-21 14:41:51ID: BC  Data: 00 00 00 AA 00 00 00 00 
"
"2016-11-21 14:41:51ID: BB  Data: 00 00 00 AA 00 00 00 00 
"
"2016-11-21 14:41:51ID: BC  Data: 00 00 00 AA 00 00 00 00 
"
"2016-11-21 14:41:51ID: BB  Data: 00 00 00 AA 00 00 00 00 
"
"2016-11-21 14:41:51ID: BC  Data: 00 00 00 AA 00 00 00 00 
"
"2016-11-21 14:41:51ID: BB  Data: 00 00 00 AA 00 00 00 00 
"
"2016-11-21 14:41:51ID: BC  Data: 00 00 00 AA 00 00 00 00 
"
"2016-11-21 14:41:51ID: BB  Data: 00 00 00 AA 00 00 00 00 
"
"2016-11-21 14:41:51ID: BC  Data: 00 00 00 AA 00 00 00 00 
"
"2016-11-21 14:41:52ID: BB  Data: 00 00 00 AA 00 00 00 00 
"
"2016-11-21 14:41:52ID: BC  Data: 00 00 00 AA 00 00 00 00 
"
"2016-11-21 14:41:52ID: BB  Data: 00 00 00 AA 00 00 00 00 
"
"2016-11-21 14:41:52ID: BC  Data: 00 00 00 AA 00 00 00 00 
"
"2016-11-21 14:41:52ID: BB  Data: 00 00 00 AA 00 00 00 00 
"
"2016-11-21 14:41:52ID: BC  Data: 00 00 00 AA 00 00 00 00 
"
"2016-11-21 14:41:52ID: BB  Data: 00 00 00 AA 00 00 00 00 
"
"2016-11-21 14:41:52ID: BC  Data: 00 00 00 AA 00 00 00 00 
"
"2016-11-21 14:41:52ID: BB  Data: 00 00 00 AA 00 00 00 00 
"
"2016-11-21 14:41:52ID: BC  Data: 00 00 00 AA 00 00 00 00 
"
"2016-11-21 14:41:52ID: BB  Data: 00 00 00 AA 00 00 00 00 
"
"2016-11-21 14:41:52ID: BC  Data: 00 00 00 AA 00 00 00 00 
"
"2016-11-21 14:41:52ID: BB  Data: 00 00 00 AA 00 00 00 00 
"
"2016-11-21 14:41:52ID: BC  Data: 00 00 00 AA 00 00 00 00 
"
"2016-11-21 14:41:52ID: BB  Data: 00 00 00 AA 00 00 00 00 
"
"2016-11-21 14:41:52ID: BC  Data: 00 00 00 AA 00 00 00 00 
"
"2016-11-21 14:41:52ID: BB  Data: 00 00 00 AA 00 00 00 00 
"
"2016-11-21 14:41:52ID: BC  Data: 00 00 00 AA 00 00 00 00 
"
"2016-11-21 14:41:52ID: BB  Data: 00 00 00 AA 00 00 00 00 
"
"2016-11-21 14:41:52ID: BC  Data: 00 00 00 AA 00 00 00 00 
"
"2016-11-21 14:41:52ID: BB  Data: 00 00 00 AA 00 00 00 00 
"
"2016-11-21 14:41:52ID: BC  Data: 00 00 00 AA 00 00 00 00 
"
"2016-11-21 14:41:52ID: BB  Data: 00 00 00 AA 00 00 00 00 
"
"2016-11-21 14:41:53ID: BC  Data: 00 00 00 AA 00 00 00 00 
"
"2016-11-21 14:41:53ID: BB  Data: 00 00 00 AA 00 00 00 00 
"
"2016-11-21 14:41:53ID: BC  Data: 00 00 00 AA 00 00 00 00 
"
"2016-11-21 14:41:53ID: BB  Data: 00 00 00 AA 00 00 00 00 
"
"2016-11-21 14:41:53ID: BC  Data: 00 00 00 AA 00 00 00 00 
"
"2016-11-21 14:41:53ID: BB  Data: 00 00 00 AA 00 00 00 00 
"
"2016-11-21 14:41:53ID: BC  Data: 00 00 00 AA 00 00 00 00 
"
"2016-11-21 14:41:53ID: BB  Data: 00 00 00 AA 00 00 00 00 
"
"2016-11-21 14:41:53ID: BC  Data: 00 00 00 AA 00 00 00 00 
"
"2016-11-21 14:41:53ID: BB  Data: 00 00 00 AA 00 00 00 00 
"
"2016-11-21 14:41:53ID: BC  Data: 00 00 00 AA 00 00 00 00 
"
"2016-11-21 14:41:53ID: BB  Data: 00 00 00 AA 00 00 00 00 
"
"2016-11-21 14:41:53ID: BC  Data: 00 00 00 AA 00 00 00 00 
"
"2016-11-21 14:41:53ID: BB  Data: 00 00 00 AA 00 00 00 00 
"
"2016-11-21 14:41:53ID: BC  Data: 00 00 00 AA 00 00 00 00 
"
"2016-11-21 14:41:53ID: BB  Data: 00 00 00 AA 00 00 00 00 
"
"2016-11-21 14:41:53ID: BC  Data: 00 00 00 AA 00 00 00 00 
"
"2016-11-21 14:41:53ID: BB  Data: 00 00 00 AA 00 00 00 00 
"
"2016-11-21 14:41:53ID: BC  Data: 00 00 00 AA 00 00 00 00 
"
"2016-11-21 14:41:53ID: BB  Data: 00 00 00 AA 00 00 00 00 
"
"2016-11-21 14:41:53ID: BC  Data: 00 00 00 AA 00 00 00 00 
"
"2016-11-21 14:41:53ID: BB  Data: 00 00 00 AA 00 00 00 00 
"
"2016-11-21 14:41:53ID: BC  Data: 00 00 00 AA 00 00 00 00 
"
"2016-11-21 14:41:54ID: BB  Data: 00 00 00 AA 00 00 00 00 
"
"2016-11-21 14:41:54ID: BC  Data: 00 00 00 AA 00 00 00 00 
"
"2016-11-21 14:41:54ID: BB  Data: 00 00 00 AA 00 00 00 00 
"
"2016-11-21 14:41:54ID: BC  Data: 00 00 00 AA 00 00 00 00 
"
"2016-11-21 14:41:54ID: BB  Data: 00 00 00 AA 00 00 00 00 
"
"2016-11-21 14:41:54ID: BC  Data: 00 00 00 AA 00 00 00 00 
"
"2016-11-21 14:41:54ID: BB  Data: 00 00 00 AA 00 00 00 00 
"
"2016-11-21 14:41:54ID: BC  Data: 00 00 00 AA 00 00 00 00 
"
"2016-11-21 14:41:54ID: BB  Data: 00 00 00 AA 00 00 00 00 
"
"2016-11-21 14:41:54ID: BC  Data: 00 00 00 AA 00 00 00 00 
"
"2016-11-21 14:41:54ID: BB  Data: 00 00 00 AA 00 00 00 00 
"
"2016-11-21 14:41:54ID: BC  Data: 00 00 00 AA 00 00 00 00 
"
"2016-11-21 14:41:54ID: BB  Data: 00 00 00 AA 00 00 00 00 
"
"2016-11-21 14:41:54ID: BC  Data: 00 00 00 AA 00 00 00 00 
"
"2016-11-21 14:41:54ID: BB  Data: 00 00 00 AA 00 00 00 00 
"
"2016-11-21 14:41:54ID: BC  Data: 00 00 00 AA 00 00 00 00 
"
"2016-11-21 14:41:54ID: BB  Data: 00 00 00 AA 00 00 00 00 
"
"2016-11-21 14:41:54ID: BC  Data: 00 00 00 AA 00 00 00 00 
"
"2016-11-21 14:41:54ID: BB  Data: 00 00 00 AA 00 00 00 00 
"
"2016-11-21 14:41:54ID: BC  Data: 00 00 00 AA 00 00 00 00 
"
"2016-11-21 14:41:54ID: BB  Data: 00 00 00 AA 00 00 00 00 
"
"2016-11-21 14:41:54ID: BC  Data: 00 00 00 AA 00 00 00 00 
"
"2016-11-21 14:41:55ID: BB  Data: 00 00 00 AA 00 00 00 00 
"
"2016-11-21 14:41:55ID: BC  Data: 00 00 00 AA 00 00 00 00 
"
"2016-11-21 14:41:55ID: BB  Data: 00 00 00 AA 00 00 00 00 
"
"2016-11-21 14:41:55ID: BC  Data: 00 00 00 AA 00 00 00 00 
"
"2016-11-21 14:41:55ID: BB  Data: 00 00 00 AA 00 00 00 00 
"
"2016-11-21 14:41:55ID: BC  Data: 00 00 00 AA 00 00 00 00 
"
"2016-11-21 14:41:55ID: BB  Data: 00 00 00 AA 00 00 00 00 
"
"2016-11-21 14:41:55ID: BC  Data: 00 00 00 AA 00 00 00 00 
"
"2016-11-21 14:41:55ID: BB  Data: 00 00 00 AA 00 00 00 00 
"
"2016-11-21 14:41:55ID: BC  Data: 00 00 00 AA 00 00 00 00 
"
"2016-11-21 14:41:55ID: BB  Data: 00 00 00 AA 00 00 00 00 
"
"2016-11-21 14:41:55ID: BC  Data: 00 00 00 AA 00 00 00 00 
"
"2016-11-21 14:41:55ID: BB  Data: 00 00 00 AA 00 00 00 00 
"
"2016-11-21 14:41:55ID: BC  Data: 00 00 00 AA 00 00 00 00 
"
"2016-11-21 14:41:55ID: BB  Data: 00 00 00 AA 00 00 00 00 
"
"2016-11-21 14:41:55ID: BC  Data: 00 00 00 AA 00 00 00 00 
"
"2016-11-21 14:41:55ID: BB  Data: 00 00 00 AA 00 00 00 00 
"
"2016-11-21 14:41:55ID: BC  Data: 00 00 00 AA 00 00 00 00 
"
"2016-11-21 14:41:55ID: BB  Data: 00 00 00 AA 00 00 00 00 
"
"2016-11-21 14:41:55ID: BC  Data: 00 00 00 AA 00 00 00 00 
"
"2016-11-21 14:41:55ID: BB  Data: 00 00 00 AA 00 00 00 00 
"
"2016-11-21 14:41:55ID: BC  Data: 00 00 00 AA 00 00 00 00 
"
"2016-11-21 14:41:55ID: BB  Data: 00 00 00 AA 00 00 00 00 
"
"2016-11-21 14:41:55ID: BC  Data: 00 00 00 AA 00 00 00 00 
"
"2016-11-21 14:41:56ID: BB  Data: 00 00 00 AA 00 00 00 00 
"
"2016-11-21 14:41:56ID: BC  Data: 00 00 00 AA 00 00 00 00 
"
"2016-11-21 14:41:56ID: BB  Data: 00 00 00 AA 00 00 00 00 
"
"2016-11-21 14:41:56ID: BC  Data: 00 00 00 AA 00 00 00 00 
"
"2016-11-21 14:41:56ID: BB  Data: 00 00 00 AA 00 00 00 00 
"
"2016-11-21 14:41:56ID: BC  Data: 00 00 00 AA 00 00 00 00 
"
"2016-11-21 14:41:56ID: BB  Data: 00 00 00 AA 00 00 00 00 
"
"2016-11-21 14:41:56ID: BC  Data: 00 00 00 AA 00 00 00 00 
"
"2016-11-21 14:41:56ID: BB  Data: 00 00 00 AA 00 00 00 00 
"
"2016-11-21 14:41:56ID: BC  Data: 00 00 00 AA 00 00 00 00 
"
"2016-11-21 14:41:56ID: BB  Data: 00 00 00 AA 00 00 00 00 
"
"2016-11-21 14:41:56ID: BC  Data: 00 00 00 AA 00 00 00 00 
"
"2016-11-21 14:41:56ID: BB  Data: 00 00 00 AA 00 00 00 00 
"
"2016-11-21 14:41:56ID: BC  Data: 00 00 00 AA 00 00 00 00 
"
"2016-11-21 14:41:56ID: BB  Data: 00 00 00 AA 00 00 00 00 
"
"2016-11-21 14:41:56ID: BC  Data: 00 00 00 AA 00 00 00 00 
"
"2016-11-21 14:41:56ID: BB  Data: 00 00 00 AA 00 00 00 00 
"
"2016-11-21 14:41:56ID: BC  Data: 00 00 00 AA 00 00 00 00 
"
"2016-11-21 14:41:56ID: BB  Data: 00 00 00 AA 00 00 00 00 
"
"2016-11-21 14:41:56ID: BC  Data: 00 00 00 AA 00 00 00 00 
"
"2016-11-21 14:41:56ID: BB  Data: 00 00 00 AA 00 00 00 00 
"
"2016-11-21 14:41:56ID: BC  Data: 00 00 00 AA 00 00 00 00 
"
"2016-11-21 14:41:57ID: BB  Data: 00 00 00 AA 00 00 00 00 
"
"2016-11-21 14:41:57ID: BC  Data: 00 00 00 AA 00 00 00 00 
"
"2016-11-21 14:41:57ID: BB  Data: 00 00 00 AA 00 00 00 00 
"
"2016-11-21 14:41:57ID: BC  Data: 00 00 00 AA 00 00 00 00 
"
"2016-11-21 14:41:57ID: BB  Data: 00 00 00 AA 00 00 00 00 
"
"2016-11-21 14:41:57ID: BC  Data: 00 00 00 AA 00 00 00 00 
"
"2016-11-21 14:41:57ID: BB  Data: 00 00 00 AA 00 00 00 00 
"
"2016-11-21 14:41:57ID: BC  Data: 00 00 00 AA 00 00 00 00 
"
"2016-11-21 14:41:57ID: BB  Data: 00 00 00 AA 00 00 00 00 
"
"2016-11-21 14:41:57ID: BC  Data: 00 00 00 AA 00 00 00 00 
"
"2016-11-21 14:41:57ID: BB  Data: 00 00 00 AA 00 00 00 00 
"
"2016-11-21 14:41:57ID: BC  Data: 00 00 00 AA 00 00 00 00 
"
"2016-11-21 14:41:57ID: BB  Data: 00 00 00 AA 00 00 00 00 
"
"2016-11-21 14:41:57ID: BC  Data: 00 00 00 AA 00 00 00 00 
"
"2016-11-21 14:41:57ID: BB  Data: 00 00 00 AA 00 00 00 00 
"
"2016-11-21 14:41:57ID: BC  Data: 00 00 00 AA 00 00 00 00 
"
"2016-11-21 14:41:57ID: BB  Data: 00 00 00 AA 00 00 00 00 
"
"2016-11-21 14:41:57ID: BC  Data: 00 00 00 AA 00 00 00 00 
"
"2016-11-21 14:41:57ID: BB  Data: 00 00 00 AA 00 00 00 00 
"
"2016-11-21 14:41:57ID: BC  Data: 00 00 00 AA 00 00 00 00 
"
"2016-11-21 14:41:57ID: BB  Data: 00 00 00 AA 00 00 00 00 
"
"2016-11-21 14:41:57ID: BC  Data: 00 00 00 AA 00 00 00 00 
"
"2016-11-21 14:41:58ID: BB  Data: 00 00 00 AA 00 00 00 00 
"
"2016-11-21 14:41:58ID: BC  Data: 00 00 00 AA 00 00 00 00 
"
"2016-11-21 14:41:58ID: BB  Data: 00 00 00 AA 00 00 00 00 
"
"2016-11-21 14:41:58ID: BC  Data: 00 00 00 AA 00 00 00 00 
"
"2016-11-21 14:41:58ID: BB  Data: 00 00 00 AA 00 00 00 00 
"
"2016-11-21 14:41:58ID: BC  Data: 00 00 00 AA 00 00 00 00 
"
"2016-11-21 14:41:58ID: BB  Data: 00 00 00 AA 00 00 00 00 
"
"2016-11-21 14:41:58ID: BC  Data: 00 00 00 AA 00 00 00 00 
"
"2016-11-21 14:41:58ID: BB  Data: 00 00 00 AA 00 00 00 00 
"
"2016-11-21 14:41:58ID: BC  Data: 00 00 00 AA 00 00 00 00 
"
"2016-11-21 14:41:58ID: BB  Data: 00 00 00 AA 00 00 00 00 
"
"2016-11-21 14:41:58ID: BC  Data: 00 00 00 AA 00 00 00 00 
"
"2016-11-21 14:41:58ID: BB  Data: 00 00 00 AA 00 00 00 00 
"
"2016-11-21 14:41:58ID: BC  Data: 00 00 00 AA 00 00 00 00 
"
"2016-11-21 14:41:58ID: BB  Data: 00 00 00 AA 00 00 00 00 
"
"2016-11-21 14:41:58ID: BC  Data: 00 00 00 AA 00 00 00 00 
"
"2016-11-21 14:41:58ID: BB  Data: 00 00 00 AA 00 00 00 00 
"
"2016-11-21 14:41:58ID: BC  Data: 00 00 00 AA 00 00 00 00 
"
"2016-11-21 14:41:58ID: BB  Data: 00 00 00 AA 00 00 00 00 
"
"2016-11-21 14:41:58ID: BC  Data: 00 00 00 AA 00 00 00 00 
"
"2016-11-21 14:41:58ID: BB  Data: 00 00 00 AA 00 00 00 00 
"
"2016-11-21 14:41:58ID: BC  Data: 00 00 00 AA 00 00 00 00 
"
"2016-11-21 14:41:58ID: BB  Data: 00 00 00 AA 00 00 00 00 
"
"2016-11-21 14:41:58ID: BC  Data: 00 00 00 AA 00 00 00 00 
"
"2016-11-21 14:41:59ID: BB  Data: 00 00 00 AA 00 00 00 00 
"
"2016-11-21 14:41:59ID: BC  Data: 00 00 00 AA 00 00 00 00 
"
"2016-11-21 14:41:59ID: BB  Data: 00 00 00 AA 00 00 00 00 
"
"2016-11-21 14:41:59ID: BC  Data: 00 00 00 AA 00 00 00 00 
"
"2016-11-21 14:41:59ID: BB  Data: 00 00 00 AA 00 00 00 00 
"
"2016-11-21 14:41:59ID: BC  Data: 00 00 00 AA 00 00 00 00 
"
"2016-11-21 14:41:59ID: BB  Data: 00 00 00 AA 00 00 00 00 
"
"2016-11-21 14:41:59ID: BC  Data: 00 00 00 AA 00 00 00 00 
"
"2016-11-21 14:41:59ID: BB  Data: 00 00 00 AA 00 00 00 00 
"
"2016-11-21 14:41:59ID: BC  Data: 00 00 00 AA 00 00 00 00 
"
"2016-11-21 14:41:59ID: BB  Data: 00 00 00 AA 00 00 00 00 
"
"2016-11-21 14:41:59ID: BC  Data: 00 00 00 AA 00 00 00 00 
"
"2016-11-21 14:41:59ID: BB  Data: 00 00 00 AA 00 00 00 00 
"
"2016-11-21 14:41:59ID: BC  Data: 00 00 00 AA 00 00 00 00 
"
"2016-11-21 14:41:59ID: BB  Data: 00 00 00 AA 00 00 00 00 
"
"2016-11-21 14:41:59ID: BC  Data: 00 00 00 AA 00 00 00 00 
"
"2016-11-21 14:41:59ID: BB  Data: 00 00 00 AA 00 00 00 00 
"
"2016-11-21 14:41:59ID: BC  Data: 00 00 00 AA 00 00 00 00 
"
"2016-11-21 14:41:59ID: BB  Data: 00 00 00 AA 00 00 00 00 
"
"2016-11-21 14:41:59ID: BC  Data: 00 00 00 AA 00 00 00 00 
"
"2016-11-21 14:41:59ID: BB  Data: 00 00 00 AA 00 00 00 00 
"
"2016-11-21 14:41:59ID: BC  Data: 00 00 00 AA 00 00 00 00 
"
"2016-11-21 14:42:00ID: BB  Data: 00 00 00 AA 00 00 00 00 
"
"2016-11-21 14:42:00ID: BC  Data: 00 00 00 AA 00 00 00 00 
"
"2016-11-21 14:42:00ID: BB  Data: 00 00 00 AA 00 00 00 00 
"
"2016-11-21 14:42:00ID: BC  Data: 00 00 00 AA 00 00 00 00 
"
"2016-11-21 14:42:00ID: BB  Data: 00 00 00 AA 00 00 00 00 
"
"2016-11-21 14:42:00ID: BC  Data: 00 00 00 AA 00 00 00 00 
"
"2016-11-21 14:42:00ID: BB  Data: 00 00 00 AA 00 00 00 00 
"
"2016-11-21 14:42:00ID: BC  Data: 00 00 00 AA 00 00 00 00 
"
"2016-11-21 14:42:00ID: BB  Data: 00 00 00 AA 00 00 00 00 
"
"2016-11-21 14:42:00ID: BC  Data: 00 00 00 AA 00 00 00 00 
"
"2016-11-21 14:42:00ID: BB  Data: 00 00 00 AA 00 00 00 00 
"
"2016-11-21 14:42:00ID: BC  Data: 00 00 00 AA 00 00 00 00 
"
"2016-11-21 14:42:00ID: BB  Data: 00 00 00 AA 00 00 00 00 
"
"2016-11-21 14:42:00ID: BC  Data: 00 00 00 AA 00 00 00 00 
"
"2016-11-21 14:42:00ID: AA  Data: AA AA 00 00 00 00 00 00 
"
"2016-11-21 14:42:00ID: BB  Data: 00 00 00 AA 00 00 00 00 
"
"2016-11-21 14:42:00ID: BC  Data: 00 00 00 AA 00 00 00 00 
"
"2016-11-21 14:42:00ID: BB  Data: 00 00 00 AA 00 00 00 00 
"
"2016-11-21 14:42:00ID: BC  Data: 00 00 00 AA 00 00 00 00 
"
"2016-11-21 14:42:00ID: BB  Data: 00 00 00 AA 00 00 00 00 
"
"2016-11-21 14:42:00ID: BC  Data: 00 00 00 AA 00 00 00 00 
"
"2016-11-21 14:42:00ID: BB  Data: 00 00 00 AA 00 00 00 00 
"
"2016-11-21 14:42:00ID: BC  Data: 00 00 00 AA 00 00 00 00 
"
"2016-11-21 14:42:01ID: BB  Data: 00 00 00 AA 00 00 00 00 
"
"2016-11-21 14:42:01ID: BC  Data: 00 00 00 AA 00 00 00 00 
"
"2016-11-21 14:42:01ID: AA  Data: AA CC 00 00 00 00 00 00 
"
"2016-11-21 14:42:01ID: BB  Data: 00 00 00 AA 00 00 00 00 
"
"2016-11-21 14:42:01ID: BC  Data: 00 00 00 AA 00 00 00 00 
"
"2016-11-21 14:42:01ID: BB  Data: 00 00 00 AA 00 00 00 00 
"
"2016-11-21 14:42:01ID: BC  Data: 00 00 00 AA 00 00 00 00 
"
"2016-11-21 14:42:01ID: BB  Data: 00 00 00 AA 00 00 00 00 
"
"2016-11-21 14:42:01ID: BC  Data: 00 00 00 AA 00 00 00 00 
"
"2016-11-21 14:42:01ID: BB  Data: 00 00 00 AA 00 00 00 00 
"
"2016-11-21 14:42:01ID: BC  Data: 00 00 00 AA 00 00 00 00 
"
"2016-11-21 14:42:01ID: BB  Data: 00 00 00 AA 00 00 00 00 
"
"2016-11-21 14:42:01ID: BC  Data: 00 00 00 AA 00 00 00 00 
"
"2016-11-21 14:42:01ID: BB  Data: 00 00 00 AA 00 00 00 00 
"
"2016-11-21 14:42:01ID: BC  Data: 00 00 00 AA 00 00 00 00 
"
"2016-11-21 14:42:01ID: BB  Data: 00 00 00 AA 00 00 00 00 
"
"2016-11-21 14:42:01ID: BC  Data: 00 00 00 AA 00 00 00 00 
"
"2016-11-21 14:42:01ID: BB  Data: 00 00 00 AA 00 00 00 00 
"
"2016-11-21 14:42:01ID: BC  Data: 00 00 00 AA 00 00 00 00 
"
"2016-11-21 14:42:01ID: BB  Data: 00 00 00 AA 00 00 00 00 
"
"2016-11-21 14:42:01ID: BC  Data: 00 00 00 AA 00 00 00 00 
"
"2016-11-21 14:42:01ID: BB  Data: 00 00 00 AA FD 15 3D 45 
"
"2016-11-21 14:42:01ID: BC  Data: 00 00 00 AA 02 EA C2 BB 
"
"2016-11-21 14:42:01ID: BB  Data: 00 00 00 AA FA BE 97 1C 
"
"2016-11-21 14:42:01ID: BC  Data: 00 00 00 AA 05 41 68 E4 
"
"2016-11-21 14:42:02ID: BB  Data: 00 00 00 AA F9 9B D1 5F 
"
"2016-11-21 14:42:02ID: BC  Data: 00 00 00 AA 06 64 2E A1 
"
"2016-11-21 14:42:02ID: BB  Data: 00 00 00 AA F8 0F C9 DA 
"
"2016-11-21 14:42:02ID: BC  Data: 00 00 00 AA 07 F0 36 26 
"
"2016-11-21 14:42:02ID: BB  Data: 00 00 00 AA F7 3F E7 EC 
"
"2016-11-21 14:42:02ID: BC  Data: 00 00 00 AA 08 C0 18 14 
"
"2016-11-21 14:42:02ID: BB  Data: 00 00 00 AA F6 B7 12 66 
"
"2016-11-21 14:42:02ID: BC  Data: 00 00 00 AA 09 48 ED 9A 
"
"2016-11-21 14:42:02ID: BB  Data: 00 00 00 AA F6 A5 F7 B6 
"
"2016-11-21 14:42:02ID: BC  Data: 00 00 00 AA 09 5A 08 4A 
"
"2016-11-21 14:42:02ID: BB  Data: 00 00 00 AA F6 A0 B4 6C 
"
"2016-11-21 14:42:02ID: BC  Data: 00 00 00 AA 09 5F 4B 94 
"
"2016-11-21 14:42:02ID: BB  Data: 00 00 00 AA F6 9E 12 C7 
"
"2016-11-21 14:42:02ID: BC  Data: 00 00 00 AA 09 61 ED 39 
"
"2016-11-21 14:42:02ID: BB  Data: 00 00 00 AA F6 6E B5 2C 
"
"2016-11-21 14:42:02ID: BC  Data: 00 00 00 AA 09 91 4A D4 
"
"2016-11-21 14:42:02ID: BB  Data: 00 00 00 AA F5 A1 74 E3 
"
"2016-11-21 14:42:02ID: BC  Data: 00 00 00 AA 0A 5E 8B 1D 
"
"2016-11-21 14:42:02ID: BB  Data: 00 00 00 AA F5 03 92 35 
"
"2016-11-21 14:42:02ID: BC  Data: 00 00 00 AA 0A FC 6D CB 
"
"2016-11-21 14:42:02ID: BB  Data: 00 00 00 AA F4 A3 86 2E 
"
"2016-11-21 14:42:02ID: BC  Data: 00 00 00 AA 0B 5C 79 D2 
"
"2016-11-21 14:42:03ID: BB  Data: 00 00 00 AA F4 55 E5 A9 
"
"2016-11-21 14:42:03ID: BC  Data: 00 00 00 AA 0B AA 1A 57 
"
"2016-11-21 14:42:03ID: BB  Data: 00 00 00 AA F3 E8 B1 68 
"
"2016-11-21 14:42:03ID: BC  Data: 00 00 00 AA 0C 17 4E 98 
"
"2016-11-21 14:42:03ID: BB  Data: 00 00 00 AA F3 99 C0 11 
"
"2016-11-21 14:42:03ID: BC  Data: 00 00 00 AA 0C 66 3F EF 
"
"2016-11-21 14:42:03ID: BB  Data: 00 00 00 AA F3 29 EA 2B 
"
"2016-11-21 14:42:03ID: BC  Data: 00 00 00 AA 0C D6 15 D5 
"
"2016-11-21 14:42:03ID: BB  Data: 00 00 00 AA F2 E4 2E 96 
"
"2016-11-21 14:42:03ID: BC  Data: 00 00 00 AA 0D 1B D1 6A 
"
"2016-11-21 14:42:03ID: BB  Data: 00 00 00 AA F2 BF 57 90 
"
"2016-11-21 14:42:03ID: BC  Data: 00 00 00 AA 0D 40 A8 70 
"
"2016-11-21 14:42:03ID: BB  Data: 00 00 00 AA F2 BE 06 BD 
"
"2016-11-21 14:42:03ID: BC  Data: 00 00 00 AA 0D 41 F9 43 
"
"2016-11-21 14:42:03ID: BB  Data: 00 00 00 AA F2 BF 57 90 
"
"2016-11-21 14:42:03ID: BC  Data: 00 00 00 AA 0D 40 A8 70 
"
"2016-11-21 14:42:03ID: BB  Data: 00 00 00 AA F2 CB 2E F6 
"
"2016-11-21 14:42:03ID: BC  Data: 00 00 00 AA 0D 34 D1 0A 
"
"2016-11-21 14:42:03ID: BB  Data: 00 00 00 AA F2 D0 72 40 
"
"2016-11-21 14:42:03ID: BC  Data: 00 00 00 AA 0D 2F 8D C0 
"
"2016-11-21 14:42:03ID: BB  Data: 00 00 00 AA F2 C9 DE 24 
"
"2016-11-21 14:42:03ID: BC  Data: 00 00 00 AA 0D 36 21 DC 
"
"2016-11-21 14:42:03ID: BB  Data: 00 00 00 AA F2 B8 C3 73 
"
"2016-11-21 14:42:04ID: BC  Data: 00 00 00 AA 0D 47 3C 8D 
"
"2016-11-21 14:42:04ID: BB  Data: 00 00 00 AA F2 88 15 06 
"
"2016-11-21 14:42:04ID: BC  Data: 00 00 00 AA 0D 77 EA FA 
"
"2016-11-21 14:42:04ID: BB  Data: 00 00 00 AA F2 5B 59 10 
"
"2016-11-21 14:42:04ID: BC  Data: 00 00 00 AA 0D A4 A6 F0 
"
"2016-11-21 14:42:04ID: BB  Data: 00 00 00 AA F2 35 31 37 
"
"2016-11-21 14:42:04ID: BC  Data: 00 00 00 AA 0D CA CE C9 
"
"2016-11-21 14:42:04ID: BB  Data: 00 00 00 AA F2 2E 9D 1B 
"
"2016-11-21 14:42:04ID: BC  Data: 00 00 00 AA 0D D1 62 E5 
"
"2016-11-21 14:42:04ID: BB  Data: 00 00 00 AA F1 F7 5A 91 
"
"2016-11-21 14:42:04ID: BC  Data: 00 00 00 AA 0E 08 A5 6F 
"
"2016-11-21 14:42:04ID: BB  Data: 00 00 00 AA F1 EF 75 A2 
"
"2016-11-21 14:42:04ID: BC  Data: 00 00 00 AA 0E 10 8A 5E 
"
"2016-11-21 14:42:04ID: BB  Data: 00 00 00 AA F1 EF 75 A2 
"
"2016-11-21 14:42:04ID: BC  Data: 00 00 00 AA 0E 10 8A 5E 
"
"2016-11-21 14:42:04ID: BB  Data: 00 00 00 AA F1 EE 24 CF 
"
"2016-11-21 14:42:04ID: BC  Data: 00 00 00 AA 0E 11 DB 31 
"
"2016-11-21 14:42:04ID: BB  Data: 00 00 00 AA F1 C4 0A 7F 
"
"2016-11-21 14:42:04ID: BC  Data: 00 00 00 AA 0E 3B F5 81 
"
"2016-11-21 14:42:04ID: BB  Data: 00 00 00 AA F1 B6 E2 46 
"
"2016-11-21 14:42:04ID: BC  Data: 00 00 00 AA 0E 49 1D BA 
"
"2016-11-21 14:42:04ID: BB  Data: 00 00 00 AA F1 B6 E2 46 
"
"2016-11-21 14:42:04ID: BC  Data: 00 00 00 AA 0E 49 1D BA 
"
"2016-11-21 14:42:05ID: BB  Data: 00 00 00 AA F1 B4 40 A1 
"
"2016-11-21 14:42:05ID: BC  Data: 00 00 00 AA 0E 4B BF 5F 
"
"2016-11-21 14:42:05ID: BB  Data: 00 00 00 AA F1 B4 40 A1 
"
"2016-11-21 14:42:05ID: BC  Data: 00 00 00 AA 0E 4B BF 5F 
"
"2016-11-21 14:42:05ID: BB  Data: 00 00 00 AA F1 B1 9E FC 
"
"2016-11-21 14:42:05ID: BC  Data: 00 00 00 AA 0E 4E 61 04 
"
"2016-11-21 14:42:05ID: BB  Data: 00 00 00 AA F1 B1 9E FC 
"
"2016-11-21 14:42:05ID: BC  Data: 00 00 00 AA 0E 4E 61 04 
"
"2016-11-21 14:42:05ID: BB  Data: 00 00 00 AA F1 B4 40 A1 
"
"2016-11-21 14:42:05ID: BC  Data: 00 00 00 AA 0E 4B BF 5F 
"
"2016-11-21 14:42:05ID: BB  Data: 00 00 00 AA F1 AC 5B B2 
"
"2016-11-21 14:42:05ID: BC  Data: 00 00 00 AA 0E 53 A4 4E 
"
"2016-11-21 14:42:05ID: BB  Data: 00 00 00 AA F1 9F 33 78 
"
"2016-11-21 14:42:05ID: BC  Data: 00 00 00 AA 0E 60 CC 88 
"
"2016-11-21 14:42:05ID: BB  Data: 00 00 00 AA F1 33 50 0A 
"
"2016-11-21 14:42:05ID: BC  Data: 00 00 00 AA 0E CC AF F6 
"
"2016-11-21 14:42:05ID: BB  Data: 00 00 00 AA F1 09 35 BA 
"
"2016-11-21 14:42:05ID: BC  Data: 00 00 00 AA 0E F6 CA 46 
"
"2016-11-21 14:42:05ID: BB  Data: 00 00 00 AA F1 07 E4 E7 
"
"2016-11-21 14:42:05ID: BC  Data: 00 00 00 AA 0E F8 1B 19 
"
"2016-11-21 14:42:05ID: BB  Data: 00 00 00 AA F1 05 43 42 
"
"2016-11-21 14:42:05ID: BC  Data: 00 00 00 AA 0E FA BC BE 
"
"2016-11-21 14:42:06ID: BB  Data: 00 00 00 AA F1 06 94 14 
"
"2016-11-21 14:42:06ID: BC  Data: 00 00 00 AA 0E F9 6B EC 
"
"2016-11-21 14:42:06ID: BB  Data: 00 00 00 AA F1 3D D6 9E 
"
"2016-11-21 14:42:06ID: BC  Data: 00 00 00 AA 0E C2 29 62 
"
"2016-11-21 14:42:06ID: BB  Data: 00 00 00 AA F8 BE C7 39 
"
"2016-11-21 14:42:06ID: BC  Data: 00 00 00 AA 07 41 38 C7 
"
"2016-11-21 14:42:06ID: BB  Data: 00 00 00 AA FD F7 8A B6 
"
"2016-11-21 14:42:06ID: BC  Data: 00 00 00 AA 02 08 75 4A 
"
"2016-11-21 14:42:06ID: BB  Data: 00 00 00 AA FE 77 2A 7A 
"
"2016-11-21 14:42:06ID: BC  Data: 00 00 00 AA 01 88 D5 86 
"
"2016-11-21 14:42:06ID: BB  Data: 00 00 00 AA 00 00 00 00 
"
"2016-11-21 14:42:06ID: BC  Data: 00 00 00 AA 00 00 00 00 
"
"2016-11-21 14:42:06ID: BB  Data: 00 00 00 AA 00 00 00 00 
"
"2016-11-21 14:42:06ID: BC  Data: 00 00 00 AA 00 00 00 00 
"
"2016-11-21 14:42:06ID: BB  Data: 00 00 00 AA 00 00 00 00 
"
"2016-11-21 14:42:06ID: BC  Data: 00 00 00 AA 00 00 00 00 
"
"2016-11-21 14:42:06ID: BB  Data: 00 00 00 AA 00 00 00 00 
"
"2016-11-21 14:42:06ID: BC  Data: 00 00 00 AA 00 00 00 00 
"
"2016-11-21 14:42:06ID: BB  Data: 00 00 00 AA 00 00 00 00 
"
"2016-11-21 14:42:06ID: BC  Data: 00 00 00 AA 00 00 00 00 
"
"2016-11-21 14:42:06ID: BB  Data: 00 00 00 AA 00 00 00 00 
"
"2016-11-21 14:42:06ID: BC  Data: 00 00 00 AA 00 00 00 00 
"
"2016-11-21 14:42:06ID: BB  Data: 00 00 00 AA 00 00 00 00 
"
"2016-11-21 14:42:06ID: BC  Data: 00 00 00 AA 00 00 00 00 
"
"2016-11-21 14:42:07ID: BB  Data: 00 00 00 AA 00 00 00 00 
"
"2016-11-21 14:42:07ID: BC  Data: 00 00 00 AA 00 00 00 00 
"
"2016-11-21 14:42:07ID: BB  Data: 00 00 00 AA 00 00 00 00 
"
"2016-11-21 14:42:07ID: BC  Data: 00 00 00 AA 00 00 00 00 
"
"2016-11-21 14:42:07ID: BB  Data: 00 00 00 AA 00 00 00 00 
"
"2016-11-21 14:42:07ID: BC  Data: 00 00 00 AA 00 00 00 00 
"
"2016-11-21 14:42:07ID: AA  Data: AA AA 00 00 00 00 00 00 
"
"2016-11-21 14:42:07ID: BB  Data: 00 00 00 AA 00 00 00 00 
"
"2016-11-21 14:42:07ID: BC  Data: 00 00 00 AA 00 00 00 00 
"
"2016-11-21 14:42:07ID: BB  Data: 00 00 00 AA 00 00 00 00 
"
"2016-11-21 14:42:07ID: BC  Data: 00 00 00 AA 00 00 00 00 
"
"2016-11-21 14:42:07ID: BB  Data: 00 00 00 AA 00 00 00 00 
"
"2016-11-21 14:42:07ID: BC  Data: 00 00 00 AA 00 00 00 00 
"
"2016-11-21 14:42:07ID: BB  Data: 00 00 00 AA 00 00 00 00 
"
"2016-11-21 14:42:07ID: BC  Data: 00 00 00 AA 00 00 00 00 
"
"2016-11-21 14:42:07ID: BB  Data: 00 00 00 AA 00 00 00 00 
"
"2016-11-21 14:42:07ID: BC  Data: 00 00 00 AA 00 00 00 00 
"
"2016-11-21 14:42:07ID: AA  Data: AA BB 00 00 00 00 00 00 
"
"2016-11-21 14:42:07ID: BB  Data: 00 00 00 AA 00 00 00 00 
"
"2016-11-21 14:42:07ID: BC  Data: 00 00 00 AA 00 00 00 00 
"
"2016-11-21 14:42:07ID: BB  Data: 00 00 00 AA 00 00 00 00 
"
"2016-11-21 14:42:07ID: BC  Data: 00 00 00 AA 00 00 00 00 
"
"2016-11-21 14:42:07ID: BB  Data: 00 00 00 AA 00 00 00 00 
"
"2016-11-21 14:42:07ID: BC  Data: 00 00 00 AA 00 00 00 00 
"
"2016-11-21 14:42:08ID: BB  Data: 00 00 00 AA 00 00 00 00 
"
"2016-11-21 14:42:08ID: BC  Data: 00 00 00 AA 00 00 00 00 
"
"2016-11-21 14:42:08ID: BB  Data: 00 00 00 AA 00 00 00 00 
"
"2016-11-21 14:42:08ID: BC  Data: 00 00 00 AA 00 00 00 00 
"
"2016-11-21 14:42:08ID: BB  Data: 00 00 00 AA 00 00 00 00 
"
"2016-11-21 14:42:08ID: BC  Data: 00 00 00 AA 00 00 00 00 
"
"2016-11-21 14:42:08ID: BB  Data: 00 00 00 AA 04 C7 0C 6A 
"
"2016-11-21 14:42:08ID: BC  Data: 00 00 00 AA FB 38 F3 96 
"
"2016-11-21 14:42:08ID: BB  Data: 00 00 00 AA 07 DC 79 D0 
"
"2016-11-21 14:42:08ID: BC  Data: 00 00 00 AA F8 23 86 30 
"
"2016-11-21 14:42:08ID: BB  Data: 00 00 00 AA 08 CE 91 1F 
"
"2016-11-21 14:42:08ID: BC  Data: 00 00 00 AA F7 31 6E E1 
"
"2016-11-21 14:42:08ID: BB  Data: 00 00 00 AA 0A 5D 3A 4A 
"
"2016-11-21 14:42:08ID: BC  Data: 00 00 00 AA F5 A2 C5 B6 
"
"2016-11-21 14:42:08ID: BB  Data: 00 00 00 AA 0B A8 C9 84 
"
"2016-11-21 14:42:08ID: BC  Data: 00 00 00 AA F4 57 36 7C 
"
"2016-11-21 14:42:08ID: BB  Data: 00 00 00 AA 0C 24 76 D1 
"
"2016-11-21 14:42:08ID: BC  Data: 00 00 00 AA F3 DB 89 2F 
"
"2016-11-21 14:42:08ID: BB  Data: 00 00 00 AA 0C 2D AC 92 
"
"2016-11-21 14:42:08ID: BC  Data: 00 00 00 AA F3 D2 53 6E 
"
"2016-11-21 14:42:08ID: BB  Data: 00 00 00 AA 0C 6E 24 DE 
"
"2016-11-21 14:42:08ID: BC  Data: 00 00 00 AA F3 91 DB 22 
"
"2016-11-21 14:42:09ID: BB  Data: 00 00 00 AA 0C CB 8F 40 
"
"2016-11-21 14:42:09ID: BC  Data: 00 00 00 AA F3 34 70 C0 
"
"2016-11-21 14:42:09ID: BB  Data: 00 00 00 AA 0D 62 DD D2 
"
"2016-11-21 14:42:09ID: BC  Data: 00 00 00 AA F2 9D 22 2E 
"
"2016-11-21 14:42:09ID: BB  Data: 00 00 00 AA 0E 17 1E 7B 
"
"2016-11-21 14:42:09ID: BC  Data: 00 00 00 AA F1 E8 E1 85 
"
"2016-11-21 14:42:09ID: BB  Data: 00 00 00 AA 0E 7B 1C FA 
"
"2016-11-21 14:42:09ID: BC  Data: 00 00 00 AA F1 86 33 D9 
"
"2016-11-21 14:42:09ID: BB  Data: 00 00 00 AA 0E B6 51 FB 
"
"2016-11-21 14:42:09ID: BC  Data: 00 00 00 AA F1 49 AE 05 
"
"2016-11-21 14:42:09ID: BB  Data: 00 00 00 AA 0E D9 D8 2F 
"
"2016-11-21 14:42:09ID: BC  Data: 00 00 00 AA F1 26 27 D1 
"
"2016-11-21 14:42:09ID: BB  Data: 00 00 00 AA 0E F6 CA 46 
"
"2016-11-21 14:42:09ID: BC  Data: 00 00 00 AA F1 09 35 BA 
"
"2016-11-21 14:42:09ID: BB  Data: 00 00 00 AA 0E F9 6B EC 
"
"2016-11-21 14:42:09ID: BC  Data: 00 00 00 AA F1 06 94 14 
"
"2016-11-21 14:42:09ID: BB  Data: 00 00 00 AA 0E F9 6B EC 
"
"2016-11-21 14:42:09ID: BC  Data: 00 00 00 AA F1 06 94 14 
"
"2016-11-21 14:42:09ID: BB  Data: 00 00 00 AA 0E F8 1B 19 
"
"2016-11-21 14:42:09ID: BC  Data: 00 00 00 AA F1 07 E4 E7 
"
"2016-11-21 14:42:09ID: BB  Data: 00 00 00 AA 0E FA BC BE 
"
"2016-11-21 14:42:09ID: BC  Data: 00 00 00 AA F1 05 43 42 
"
"2016-11-21 14:42:09ID: BB  Data: 00 00 00 AA 0E FA BC BE 
"
"2016-11-21 14:42:09ID: BC  Data: 00 00 00 AA F1 05 43 42 
"
"2016-11-21 14:42:10ID: BB  Data: 00 00 00 AA 0E F9 6B EC 
"
"2016-11-21 14:42:10ID: BC  Data: 00 00 00 AA F1 06 94 14 
"
"2016-11-21 14:42:10ID: BB  Data: 00 00 00 AA 0E FA BC BE 
"
"2016-11-21 14:42:10ID: BC  Data: 00 00 00 AA F1 05 43 42 
"
"2016-11-21 14:42:10ID: BB  Data: 00 00 00 AA 0E F9 6B EC 
"
"2016-11-21 14:42:10ID: BC  Data: 00 00 00 AA F1 06 94 14 
"
"2016-11-21 14:42:10ID: BB  Data: 00 00 00 AA 0E FA BC BE 
"
"2016-11-21 14:42:10ID: BC  Data: 00 00 00 AA F1 05 43 42 
"
"2016-11-21 14:42:10ID: BB  Data: 00 00 00 AA 0E F9 6B EC 
"
"2016-11-21 14:42:10ID: BC  Data: 00 00 00 AA F1 06 94 14 
"
"2016-11-21 14:42:10ID: BB  Data: 00 00 00 AA 0E FD 5E 63 
"
"2016-11-21 14:42:10ID: BC  Data: 00 00 00 AA F1 02 A1 9D 
"
"2016-11-21 14:42:10ID: BB  Data: 00 00 00 AA 0E F9 6B EC 
"
"2016-11-21 14:42:10ID: BC  Data: 00 00 00 AA F1 06 94 14 
"
"2016-11-21 14:42:10ID: BB  Data: 00 00 00 AA 0E F9 6B EC 
"
"2016-11-21 14:42:10ID: BC  Data: 00 00 00 AA F1 06 94 14 
"
"2016-11-21 14:42:10ID: BB  Data: 00 00 00 AA 0E FA BC BE 
"
"2016-11-21 14:42:10ID: BC  Data: 00 00 00 AA F1 05 43 42 
"
"2016-11-21 14:42:10ID: BB  Data: 00 00 00 AA 0E F9 6B EC 
"
"2016-11-21 14:42:10ID: BC  Data: 00 00 00 AA F1 06 94 14 
"
"2016-11-21 14:42:10ID: BB  Data: 00 00 00 AA 0E F9 6B EC 
"
"2016-11-21 14:42:10ID: BC  Data: 00 00 00 AA F1 06 94 14 
"
"2016-11-21 14:42:11ID: BB  Data: 00 00 00 AA 0E F9 6B EC 
"
"2016-11-21 14:42:11ID: BC  Data: 00 00 00 AA F1 06 94 14 
"
"2016-11-21 14:42:11ID: BB  Data: 00 00 00 AA 0E F9 6B EC 
"
"2016-11-21 14:42:11ID: BC  Data: 00 00 00 AA F1 06 94 14 
"
"2016-11-21 14:42:11ID: BB  Data: 00 00 00 AA 0E FA BC BE 
"
"2016-11-21 14:42:11ID: BC  Data: 00 00 00 AA F1 05 43 42 
"
"2016-11-21 14:42:11ID: BB  Data: 00 00 00 AA 0E FA BC BE 
"
"2016-11-21 14:42:11ID: BC  Data: 00 00 00 AA F1 05 43 42 
"
"2016-11-21 14:42:11ID: BB  Data: 00 00 00 AA 0E FA BC BE 
"
"2016-11-21 14:42:11ID: BC  Data: 00 00 00 AA F1 05 43 42 
"
"2016-11-21 14:42:11ID: BB  Data: 00 00 00 AA 0E FC 0D 91 
"
"2016-11-21 14:42:11ID: BC  Data: 00 00 00 AA F1 03 F2 6F 
"
"2016-11-21 14:42:11ID: BB  Data: 00 00 00 AA 0E F9 6B EC 
"
"2016-11-21 14:42:11ID: BC  Data: 00 00 00 AA F1 06 94 14 
"
"2016-11-21 14:42:11ID: BB  Data: 00 00 00 AA 0E F9 6B EC 
"
"2016-11-21 14:42:11ID: BC  Data: 00 00 00 AA F1 06 94 14 
"
"2016-11-21 14:42:11ID: BB  Data: 00 00 00 AA 0E FA BC BE 
"
"2016-11-21 14:42:11ID: BC  Data: 00 00 00 AA F1 05 43 42 
"
"2016-11-21 14:42:11ID: BB  Data: 00 00 00 AA 0E F9 6B EC 
"
"2016-11-21 14:42:11ID: BC  Data: 00 00 00 AA F1 06 94 14 
"
"2016-11-21 14:42:11ID: BB  Data: 00 00 00 AA 0E FA BC BE 
"
"2016-11-21 14:42:11ID: BC  Data: 00 00 00 AA F1 05 43 42 
"
"2016-11-21 14:42:11ID: BB  Data: 00 00 00 AA 0E FA BC BE 
"
"2016-11-21 14:42:12ID: BC  Data: 00 00 00 AA F1 05 43 42 
"
"2016-11-21 14:42:12ID: BB  Data: 00 00 00 AA 0E FC 0D 91 
"
"2016-11-21 14:42:12ID: BC  Data: 00 00 00 AA F1 03 F2 6F 
"
"2016-11-21 14:42:12ID: BB  Data: 00 00 00 AA 0E FA BC BE 
"
"2016-11-21 14:42:12ID: BC  Data: 00 00 00 AA F1 05 43 42 
"
"2016-11-21 14:42:12ID: BB  Data: 00 00 00 AA 0E F9 6B EC 
"
"2016-11-21 14:42:12ID: BC  Data: 00 00 00 AA F1 06 94 14 
"
"2016-11-21 14:42:12ID: BB  Data: 00 00 00 AA 0E FC 0D 91 
"
"2016-11-21 14:42:12ID: BC  Data: 00 00 00 AA F1 03 F2 6F 
"
"2016-11-21 14:42:12ID: BB  Data: 00 00 00 AA 0E FA BC BE 
"
"2016-11-21 14:42:12ID: BC  Data: 00 00 00 AA F1 05 43 42 
"
"2016-11-21 14:42:12ID: BB  Data: 00 00 00 AA 0E FA BC BE 
"
"2016-11-21 14:42:12ID: BC  Data: 00 00 00 AA F1 05 43 42 
"
"2016-11-21 14:42:12ID: BB  Data: 00 00 00 AA 0E FA BC BE 
"
"2016-11-21 14:42:12ID: BC  Data: 00 00 00 AA F1 05 43 42 
"
"2016-11-21 14:42:12ID: BB  Data: 00 00 00 AA 0E F9 6B EC 
"
"2016-11-21 14:42:12ID: BC  Data: 00 00 00 AA F1 06 94 14 
"
"2016-11-21 14:42:12ID: BB  Data: 00 00 00 AA 0E F9 6B EC 
"
"2016-11-21 14:42:12ID: BC  Data: 00 00 00 AA F1 06 94 14 
"
"2016-11-21 14:42:12ID: BB  Data: 00 00 00 AA 0E FA BC BE 
"
"2016-11-21 14:42:12ID: BC  Data: 00 00 00 AA F1 05 43 42 
"
"2016-11-21 14:42:12ID: BB  Data: 00 00 00 AA 0E FC 0D 91 
"
"2016-11-21 14:42:12ID: BC  Data: 00 00 00 AA F1 03 F2 6F 
"
"2016-11-21 14:42:13ID: BB  Data: 00 00 00 AA 0E FC 0D 91 
"
"2016-11-21 14:42:13ID: BC  Data: 00 00 00 AA F1 03 F2 6F 
"
"2016-11-21 14:42:13ID: BB  Data: 00 00 00 AA 0E FC 0D 91 
"
"2016-11-21 14:42:13ID: BC  Data: 00 00 00 AA F1 03 F2 6F 
"
"2016-11-21 14:42:13ID: BB  Data: 00 00 00 AA 0E F9 6B EC 
"
"2016-11-21 14:42:13ID: BC  Data: 00 00 00 AA F1 06 94 14 
"
"2016-11-21 14:42:13ID: BB  Data: 00 00 00 AA 0E FA BC BE 
"
"2016-11-21 14:42:13ID: BC  Data: 00 00 00 AA F1 05 43 42 
"
"2016-11-21 14:42:13ID: BB  Data: 00 00 00 AA 0E F9 6B EC 
"
"2016-11-21 14:42:13ID: BC  Data: 00 00 00 AA F1 06 94 14 
"
"2016-11-21 14:42:13ID: BB  Data: 00 00 00 AA 0E FA BC BE 
"
"2016-11-21 14:42:13ID: BC  Data: 00 00 00 AA F1 05 43 42 
"
"2016-11-21 14:42:13ID: BB  Data: 00 00 00 AA 0E FA BC BE 
"
"2016-11-21 14:42:13ID: BC  Data: 00 00 00 AA F1 05 43 42 
"
"2016-11-21 14:42:13ID: BB  Data: 00 00 00 AA 0E FA BC BE 
"
"2016-11-21 14:42:13ID: BC  Data: 00 00 00 AA F1 05 43 42 
"
"2016-11-21 14:42:13ID: BB  Data: 00 00 00 AA 0E FA BC BE 
"
"2016-11-21 14:42:13ID: BC  Data: 00 00 00 AA F1 05 43 42 
"
"2016-11-21 14:42:13ID: BB  Data: 00 00 00 AA 0E FA BC BE 
"
"2016-11-21 14:42:13ID: BC  Data: 00 00 00 AA F1 05 43 42 
"
"2016-11-21 14:42:13ID: BB  Data: 00 00 00 AA 0E FC 0D 91 
"
"2016-11-21 14:42:13ID: BC  Data: 00 00 00 AA F1 03 F2 6F 
"
"2016-11-21 14:42:14ID: BB  Data: 00 00 00 AA 0E FA BC BE 
"
"2016-11-21 14:42:14ID: BC  Data: 00 00 00 AA F1 05 43 42 
"
"2016-11-21 14:42:14ID: BB  Data: 00 00 00 AA 0E FC 0D 91 
"
"2016-11-21 14:42:14ID: BC  Data: 00 00 00 AA F1 03 F2 6F 
"
"2016-11-21 14:42:14ID: BB  Data: 00 00 00 AA 0E FA BC BE 
"
"2016-11-21 14:42:14ID: BC  Data: 00 00 00 AA F1 05 43 42 
"
"2016-11-21 14:42:14ID: BB  Data: 00 00 00 AA 0E FC 0D 91 
"
"2016-11-21 14:42:14ID: BC  Data: 00 00 00 AA F1 03 F2 6F 
"
"2016-11-21 14:42:14ID: BB  Data: 00 00 00 AA 0E FC 0D 91 
"
"2016-11-21 14:42:14ID: BC  Data: 00 00 00 AA F1 03 F2 6F 
"
"2016-11-21 14:42:14ID: BB  Data: 00 00 00 AA 0E FA BC BE 
"
"2016-11-21 14:42:14ID: BC  Data: 00 00 00 AA F1 05 43 42 
"
"2016-11-21 14:42:14ID: BB  Data: 00 00 00 AA 0E FC 0D 91 
"
"2016-11-21 14:42:14ID: BC  Data: 00 00 00 AA F1 03 F2 6F 
"
"2016-11-21 14:42:14ID: BB  Data: 00 00 00 AA 0E F9 6B EC 
"
"2016-11-21 14:42:14ID: BC  Data: 00 00 00 AA F1 06 94 14 
"
"2016-11-21 14:42:14ID: BB  Data: 00 00 00 AA 0E F9 6B EC 
"
"2016-11-21 14:42:14ID: BC  Data: 00 00 00 AA F1 06 94 14 
"
"2016-11-21 14:42:14ID: BB  Data: 00 00 00 AA 0E FC 0D 91 
"
"2016-11-21 14:42:14ID: BC  Data: 00 00 00 AA F1 03 F2 6F 
"
"2016-11-21 14:42:14ID: BB  Data: 00 00 00 AA 0E FA BC BE 
"
"2016-11-21 14:42:14ID: BC  Data: 00 00 00 AA F1 05 43 42 
"
"2016-11-21 14:42:14ID: BB  Data: 00 00 00 AA 0E FA BC BE 
"
"2016-11-21 14:42:14ID: BC  Data: 00 00 00 AA F1 05 43 42 
"
"2016-11-21 14:42:15ID: BB  Data: 00 00 00 AA 0E FA BC BE 
"
"2016-11-21 14:42:15ID: BC  Data: 00 00 00 AA F1 05 43 42 
"
"2016-11-21 14:42:15ID: BB  Data: 00 00 00 AA 0E FC 0D 91 
"
"2016-11-21 14:42:15ID: BC  Data: 00 00 00 AA F1 03 F2 6F 
"
"2016-11-21 14:42:15ID: BB  Data: 00 00 00 AA 0E FA BC BE 
"
"2016-11-21 14:42:15ID: BC  Data: 00 00 00 AA F1 05 43 42 
"
"2016-11-21 14:42:15ID: BB  Data: 00 00 00 AA 0E FA BC BE 
"
"2016-11-21 14:42:15ID: BC  Data: 00 00 00 AA F1 05 43 42 
"
"2016-11-21 14:42:15ID: BB  Data: 00 00 00 AA 0E FE AF 36 
"
"2016-11-21 14:42:15ID: BC  Data: 00 00 00 AA F1 01 50 CA 
"
"2016-11-21 14:42:15ID: BB  Data: 00 00 00 AA 0E F9 6B EC 
"
"2016-11-21 14:42:15ID: BC  Data: 00 00 00 AA F1 06 94 14 
"
"2016-11-21 14:42:15ID: BB  Data: 00 00 00 AA 0E FC 0D 91 
"
"2016-11-21 14:42:15ID: BC  Data: 00 00 00 AA F1 03 F2 6F 
"
"2016-11-21 14:42:15ID: BB  Data: 00 00 00 AA 0E FA BC BE 
"
"2016-11-21 14:42:15ID: BC  Data: 00 00 00 AA F1 05 43 42 
"
"2016-11-21 14:42:15ID: BB  Data: 00 00 00 AA 0E FC 0D 91 
"
"2016-11-21 14:42:15ID: BC  Data: 00 00 00 AA F1 03 F2 6F 
"
"2016-11-21 14:42:15ID: BB  Data: 00 00 00 AA 0E FC 0D 91 
"
"2016-11-21 14:42:15ID: BC  Data: 00 00 00 AA F1 03 F2 6F 
"
"2016-11-21 14:42:15ID: BB  Data: 00 00 00 AA 0E FA BC BE 
"
"2016-11-21 14:42:15ID: BC  Data: 00 00 00 AA F1 05 43 42 
"
"2016-11-21 14:42:16ID: BB  Data: 00 00 00 AA 0E FA BC BE 
"
"2016-11-21 14:42:16ID: BC  Data: 00 00 00 AA F1 05 43 42 
"
"2016-11-21 14:42:16ID: BB  Data: 00 00 00 AA 0E FC 0D 91 
"
"2016-11-21 14:42:16ID: BC  Data: 00 00 00 AA F1 03 F2 6F 
"
"2016-11-21 14:42:16ID: BB  Data: 00 00 00 AA 0E FC 0D 91 
"
"2016-11-21 14:42:16ID: BC  Data: 00 00 00 AA F1 03 F2 6F 
"
"2016-11-21 14:42:16ID: BB  Data: 00 00 00 AA 0E FC 0D 91 
"
"2016-11-21 14:42:16ID: BC  Data: 00 00 00 AA F1 03 F2 6F 
"
"2016-11-21 14:42:16ID: BB  Data: 00 00 00 AA 0E FA BC BE 
"
"2016-11-21 14:42:16ID: BC  Data: 00 00 00 AA F1 05 43 42 
"
"2016-11-21 14:42:16ID: BB  Data: 00 00 00 AA 0E FA BC BE 
"
"2016-11-21 14:42:16ID: BC  Data: 00 00 00 AA F1 05 43 42 
"
"2016-11-21 14:42:16ID: BB  Data: 00 00 00 AA 0E FD 5E 63 
"
"2016-11-21 14:42:16ID: BC  Data: 00 00 00 AA F1 02 A1 9D 
"
"2016-11-21 14:42:16ID: BB  Data: 00 00 00 AA 0E FC 0D 91 
"
"2016-11-21 14:42:16ID: BC  Data: 00 00 00 AA F1 03 F2 6F 
"
"2016-11-21 14:42:16ID: BB  Data: 00 00 00 AA 0E FC 0D 91 
"
"2016-11-21 14:42:16ID: BC  Data: 00 00 00 AA F1 03 F2 6F 
"
"2016-11-21 14:42:16ID: BB  Data: 00 00 00 AA 0E F9 6B EC 
"
"2016-11-21 14:42:16ID: BC  Data: 00 00 00 AA F1 06 94 14 
"
"2016-11-21 14:42:16ID: BB  Data: 00 00 00 AA 0E FC 0D 91 
"
"2016-11-21 14:42:16ID: BC  Data: 00 00 00 AA F1 03 F2 6F 
"
"2016-11-21 14:42:17ID: BB  Data: 00 00 00 AA 0E FC 0D 91 
"
"2016-11-21 14:42:17ID: BC  Data: 00 00 00 AA F1 03 F2 6F 
"
"2016-11-21 14:42:17ID: BB  Data: 00 00 00 AA 0E FC 0D 91 
"
"2016-11-21 14:42:17ID: BC  Data: 00 00 00 AA F1 03 F2 6F 
"
"2016-11-21 14:42:17ID: BB  Data: 00 00 00 AA 0E FD 5E 63 
"
"2016-11-21 14:42:17ID: BC  Data: 00 00 00 AA F1 02 A1 9D 
"
"2016-11-21 14:42:17ID: BB  Data: 00 00 00 AA 0E FC 0D 91 
"
"2016-11-21 14:42:17ID: BC  Data: 00 00 00 AA F1 03 F2 6F 
"
"2016-11-21 14:42:17ID: BB  Data: 00 00 00 AA 0E FA BC BE 
"
"2016-11-21 14:42:17ID: BC  Data: 00 00 00 AA F1 05 43 42 
"
"2016-11-21 14:42:17ID: BB  Data: 00 00 00 AA 0E F9 6B EC 
"
"2016-11-21 14:42:17ID: BC  Data: 00 00 00 AA F1 06 94 14 
"
"2016-11-21 14:42:17ID: BB  Data: 00 00 00 AA 0E FC 0D 91 
"
"2016-11-21 14:42:17ID: BC  Data: 00 00 00 AA F1 03 F2 6F 
"
"2016-11-21 14:42:17ID: BB  Data: 00 00 00 AA 0E FC 0D 91 
"
"2016-11-21 14:42:17ID: BC  Data: 00 00 00 AA F1 03 F2 6F 
"
"2016-11-21 14:42:17ID: BB  Data: 00 00 00 AA 0E FC 0D 91 
"
"2016-11-21 14:42:17ID: BC  Data: 00 00 00 AA F1 03 F2 6F 
"
"2016-11-21 14:42:17ID: BB  Data: 00 00 00 AA 0E FC 0D 91 
"
"2016-11-21 14:42:17ID: BC  Data: 00 00 00 AA F1 03 F2 6F 
"
"2016-11-21 14:42:17ID: BB  Data: 00 00 00 AA 0E FA BC BE 
"
"2016-11-21 14:42:17ID: BC  Data: 00 00 00 AA F1 05 43 42 
"
"2016-11-21 14:42:17ID: BB  Data: 00 00 00 AA 0E F9 6B EC 
"
"2016-11-21 14:42:17ID: BC  Data: 00 00 00 AA F1 06 94 14 
"
"2016-11-21 14:42:18ID: BB  Data: 00 00 00 AA 0E FC 0D 91 
"
"2016-11-21 14:42:18ID: BC  Data: 00 00 00 AA F1 03 F2 6F 
"
"2016-11-21 14:42:18ID: BB  Data: 00 00 00 AA 0E F9 6B EC 
"
"2016-11-21 14:42:18ID: BC  Data: 00 00 00 AA F1 06 94 14 
"
"2016-11-21 14:42:18ID: BB  Data: 00 00 00 AA 0E FC 0D 91 
"
"2016-11-21 14:42:18ID: BC  Data: 00 00 00 AA F1 03 F2 6F 
"
"2016-11-21 14:42:18ID: BB  Data: 00 00 00 AA 0E FC 0D 91 
"
"2016-11-21 14:42:18ID: BC  Data: 00 00 00 AA F1 03 F2 6F 
"
"2016-11-21 14:42:18ID: BB  Data: 00 00 00 AA 0E FA BC BE 
"
"2016-11-21 14:42:18ID: BC  Data: 00 00 00 AA F1 05 43 42 
"
"2016-11-21 14:42:18ID: BB  Data: 00 00 00 AA 0E FA BC BE 
"
"2016-11-21 14:42:18ID: BC  Data: 00 00 00 AA F1 05 43 42 
"
"2016-11-21 14:42:18ID: BB  Data: 00 00 00 AA 0E FC 0D 91 
"
"2016-11-21 14:42:18ID: BC  Data: 00 00 00 AA F1 03 F2 6F 
"
"2016-11-21 14:42:18ID: BB  Data: 00 00 00 AA 0E FC 0D 91 
"
"2016-11-21 14:42:18ID: BC  Data: 00 00 00 AA F1 03 F2 6F 
"
"2016-11-21 14:42:18ID: BB  Data: 00 00 00 AA 0E FA BC BE 
"
"2016-11-21 14:42:18ID: BC  Data: 00 00 00 AA F1 05 43 42 
"
"2016-11-21 14:42:18ID: BB  Data: 00 00 00 AA 0E FC 0D 91 
"
"2016-11-21 14:42:18ID: BC  Data: 00 00 00 AA F1 03 F2 6F 
"
"2016-11-21 14:42:18ID: BB  Data: 00 00 00 AA 0E FA BC BE 
"
"2016-11-21 14:42:18ID: BC  Data: 00 00 00 AA F1 05 43 42 
"
"2016-11-21 14:42:19ID: BB  Data: 00 00 00 AA 0E F9 6B EC 
"
"2016-11-21 14:42:19ID: BC  Data: 00 00 00 AA F1 06 94 14 
"
"2016-11-21 14:42:19ID: BB  Data: 00 00 00 AA 0E FC 0D 91 
"
"2016-11-21 14:42:19ID: BC  Data: 00 00 00 AA F1 03 F2 6F 
"
"2016-11-21 14:42:19ID: BB  Data: 00 00 00 AA 0E FA BC BE 
"
"2016-11-21 14:42:19ID: BC  Data: 00 00 00 AA F1 05 43 42 
"
"2016-11-21 14:42:19ID: BB  Data: 00 00 00 AA 0E FA BC BE 
"
"2016-11-21 14:42:19ID: BC  Data: 00 00 00 AA F1 05 43 42 
"
"2016-11-21 14:42:19ID: BB  Data: 00 00 00 AA 0E FC 0D 91 
"
"2016-11-21 14:42:19ID: BC  Data: 00 00 00 AA F1 03 F2 6F 
"
"2016-11-21 14:42:19ID: BB  Data: 00 00 00 AA 0E FC 0D 91 
"
"2016-11-21 14:42:19ID: BC  Data: 00 00 00 AA F1 03 F2 6F 
"
"2016-11-21 14:42:19ID: BB  Data: 00 00 00 AA 0E FA BC BE 
"
"2016-11-21 14:42:19ID: BC  Data: 00 00 00 AA F1 05 43 42 
"
"2016-11-21 14:42:19ID: BB  Data: 00 00 00 AA 0E FC 0D 91 
"
"2016-11-21 14:42:19ID: BC  Data: 00 00 00 AA F1 03 F2 6F 
"
"2016-11-21 14:42:19ID: BB  Data: 00 00 00 AA 0E FC 0D 91 
"
"2016-11-21 14:42:19ID: BC  Data: 00 00 00 AA F1 03 F2 6F 
"
"2016-11-21 14:42:19ID: BB  Data: 00 00 00 AA 0E FD 5E 63 
"
"2016-11-21 14:42:19ID: BC  Data: 00 00 00 AA F1 02 A1 9D 
"
"2016-11-21 14:42:19ID: BB  Data: 00 00 00 AA 0E FC 0D 91 
"
"2016-11-21 14:42:19ID: BC  Data: 00 00 00 AA F1 03 F2 6F 
"
"2016-11-21 14:42:19ID: BB  Data: 00 00 00 AA 0E FA BC BE 
"
"2016-11-21 14:42:20ID: BC  Data: 00 00 00 AA F1 05 43 42 
"
"2016-11-21 14:42:20ID: BB  Data: 00 00 00 AA 0E FA BC BE 
"
"2016-11-21 14:42:20ID: BC  Data: 00 00 00 AA F1 05 43 42 
"
"2016-11-21 14:42:20ID: BB  Data: 00 00 00 AA 0E FA BC BE 
"
"2016-11-21 14:42:20ID: BC  Data: 00 00 00 AA F1 05 43 42 
"
"2016-11-21 14:42:20ID: BB  Data: 00 00 00 AA 0E FA BC BE 
"
"2016-11-21 14:42:20ID: BC  Data: 00 00 00 AA F1 05 43 42 
"
"2016-11-21 14:42:20ID: BB  Data: 00 00 00 AA 0E 3D 46 54 
"
"2016-11-21 14:42:20ID: BC  Data: 00 00 00 AA F1 C2 B9 AC 
"
"2016-11-21 14:42:20ID: BB  Data: 00 00 00 AA 0C 9E D3 4B 
"
"2016-11-21 14:42:20ID: BC  Data: 00 00 00 AA F3 61 2C B5 
"
"2016-11-21 14:42:20ID: BB  Data: 00 00 00 AA 0C 0E 18 D6 
"
"2016-11-21 14:42:20ID: BC  Data: 00 00 00 AA F3 F1 E7 2A 
"
"2016-11-21 14:42:20ID: BB  Data: 00 00 00 AA 0B EB E3 75 
"
"2016-11-21 14:42:20ID: BC  Data: 00 00 00 AA F4 14 1C 8B 
"
"2016-11-21 14:42:20ID: BB  Data: 00 00 00 AA 0B 68 51 39 
"
"2016-11-21 14:42:20ID: BC  Data: 00 00 00 AA F4 97 AE C7 
"
"2016-11-21 14:42:20ID: BB  Data: 00 00 00 AA 0A 76 39 EA 
"
"2016-11-21 14:42:20ID: BC  Data: 00 00 00 AA F5 89 C6 16 
"
"2016-11-21 14:42:20ID: BB  Data: 00 00 00 AA 09 8A B6 B7 
"
"2016-11-21 14:42:20ID: BC  Data: 00 00 00 AA F6 75 49 49 
"
"2016-11-21 14:42:20ID: BB  Data: 00 00 00 AA 08 F3 68 26 
"
"2016-11-21 14:42:20ID: BC  Data: 00 00 00 AA F7 0C 97 DA 
"
"2016-11-21 14:42:21ID: BB  Data: 00 00 00 AA 07 51 02 A6 
"
"2016-11-21 14:42:21ID: BC  Data: 00 00 00 AA F8 AE FD 5A 
"
"2016-11-21 14:42:21ID: BB  Data: 00 00 00 AA 06 79 3B C9 
"
"2016-11-21 14:42:21ID: BC  Data: 00 00 00 AA F9 86 C4 37 
"
"2016-11-21 14:42:21ID: BB  Data: 00 00 00 AA 06 89 05 A7 
"
"2016-11-21 14:42:21ID: BC  Data: 00 00 00 AA F9 76 FA 59 
"
"2016-11-21 14:42:21ID: BB  Data: 00 00 00 AA 06 55 B5 95 
"
"2016-11-21 14:42:21ID: BC  Data: 00 00 00 AA F9 AA 4A 6B 
"
"2016-11-21 14:42:21ID: BB  Data: 00 00 00 AA 06 61 8C FC 
"
"2016-11-21 14:42:21ID: BC  Data: 00 00 00 AA F9 9E 73 04 
"
"2016-11-21 14:42:21ID: BB  Data: 00 00 00 AA 06 5E EB 57 
"
"2016-11-21 14:42:21ID: BC  Data: 00 00 00 AA F9 A1 14 A9 
"
"2016-11-21 14:42:21ID: BB  Data: 00 00 00 AA 06 6E B5 35 
"
"2016-11-21 14:42:21ID: BC  Data: 00 00 00 AA F9 91 4A CB 
"
"2016-11-21 14:42:21ID: BB  Data: 00 00 00 AA 06 6E B5 35 
"
"2016-11-21 14:42:21ID: BC  Data: 00 00 00 AA F9 91 4A CB 
"
"2016-11-21 14:42:21ID: BB  Data: 00 00 00 AA 06 7B DD 6E 
"
"2016-11-21 14:42:21ID: BC  Data: 00 00 00 AA F9 84 22 92 
"
"2016-11-21 14:42:21ID: BB  Data: 00 00 00 AA 06 75 49 51 
"
"2016-11-21 14:42:21ID: BC  Data: 00 00 00 AA F9 8A B6 AF 
"
"2016-11-21 14:42:21ID: BB  Data: 00 00 00 AA 06 77 EA F6 
"
"2016-11-21 14:42:21ID: BC  Data: 00 00 00 AA F9 88 15 0A 
"
"2016-11-21 14:42:22ID: BB  Data: 00 00 00 AA 06 7D 2E 40 
"
"2016-11-21 14:42:22ID: BC  Data: 00 00 00 AA F9 82 D1 C0 
"
"2016-11-21 14:42:22ID: BB  Data: 00 00 00 AA 06 7A 8C 9B 
"
"2016-11-21 14:42:22ID: BC  Data: 00 00 00 AA F9 85 73 65 
"
"2016-11-21 14:42:22ID: BB  Data: 00 00 00 AA 06 7D 2E 40 
"
"2016-11-21 14:42:22ID: BC  Data: 00 00 00 AA F9 82 D1 C0 
"
"2016-11-21 14:42:22ID: BB  Data: 00 00 00 AA 06 81 20 B8 
"
"2016-11-21 14:42:22ID: BC  Data: 00 00 00 AA F9 7E DF 48 
"
"2016-11-21 14:42:22ID: BB  Data: 00 00 00 AA 06 8B A7 4C 
"
"2016-11-21 14:42:22ID: BC  Data: 00 00 00 AA F9 74 58 B4 
"
"2016-11-21 14:42:22ID: BB  Data: 00 00 00 AA 06 8B A7 4C 
"
"2016-11-21 14:42:22ID: BC  Data: 00 00 00 AA F9 74 58 B4 
"
"2016-11-21 14:42:22ID: BB  Data: 00 00 00 AA 06 8A 56 7A 
"
"2016-11-21 14:42:22ID: BC  Data: 00 00 00 AA F9 75 A9 86 
"
"2016-11-21 14:42:22ID: BB  Data: 00 00 00 AA 06 A5 F7 BE 
"
"2016-11-21 14:42:22ID: BC  Data: 00 00 00 AA F9 5A 08 42 
"
"2016-11-21 14:42:22ID: BB  Data: 00 00 00 AA 07 19 C0 1C 
"
"2016-11-21 14:42:22ID: BC  Data: 00 00 00 AA F8 E6 3F E4 
"
"2016-11-21 14:42:22ID: BB  Data: 00 00 00 AA 08 66 A0 29 
"
"2016-11-21 14:42:22ID: BC  Data: 00 00 00 AA F7 99 5F D7 
"
"2016-11-21 14:42:22ID: BB  Data: 00 00 00 AA 0A 18 CF 87 
"
"2016-11-21 14:42:22ID: BC  Data: 00 00 00 AA F5 E7 30 79 
"
"2016-11-21 14:42:22ID: BB  Data: 00 00 00 AA 0D 0F FA 03 
"
"2016-11-21 14:42:22ID: BC  Data: 00 00 00 AA F2 F0 05 FD 
"
"2016-11-21 14:42:23ID: BB  Data: 00 00 00 AA 0E E7 00 68 
"
"2016-11-21 14:42:23ID: BC  Data: 00 00 00 AA F1 18 FF 98 
"
"2016-11-21 14:42:23ID: BB  Data: 00 00 00 AA 0E F8 1B 19 
"
"2016-11-21 14:42:23ID: BC  Data: 00 00 00 AA F1 07 E4 E7 
"
"2016-11-21 14:42:23ID: BB  Data: 00 00 00 AA 0E F9 6B EC 
"
"2016-11-21 14:42:23ID: BC  Data: 00 00 00 AA F1 06 94 14 
"
"2016-11-21 14:42:23ID: BB  Data: 00 00 00 AA 0E FA BC BE 
"
"2016-11-21 14:42:23ID: BC  Data: 00 00 00 AA F1 05 43 42 
"
"2016-11-21 14:42:23ID: BB  Data: 00 00 00 AA 0E F9 6B EC 
"
"2016-11-21 14:42:23ID: BC  Data: 00 00 00 AA F1 06 94 14 
"
"2016-11-21 14:42:23ID: BB  Data: 00 00 00 AA 0E F9 6B EC 
"
"2016-11-21 14:42:23ID: BC  Data: 00 00 00 AA F1 06 94 14 
"
"2016-11-21 14:42:23ID: BB  Data: 00 00 00 AA 0E FC 0D 91 
"
"2016-11-21 14:42:23ID: BC  Data: 00 00 00 AA F1 03 F2 6F 
"
"2016-11-21 14:42:23ID: BB  Data: 00 00 00 AA 0E FA BC BE 
"
"2016-11-21 14:42:23ID: BC  Data: 00 00 00 AA F1 05 43 42 
"
"2016-11-21 14:42:23ID: BB  Data: 00 00 00 AA 0E FD 5E 63 
"
"2016-11-21 14:42:23ID: BC  Data: 00 00 00 AA F1 02 A1 9D 
"
"2016-11-21 14:42:23ID: BB  Data: 00 00 00 AA 0E FA BC BE 
"
"2016-11-21 14:42:23ID: BC  Data: 00 00 00 AA F1 05 43 42 
"
"2016-11-21 14:42:23ID: BB  Data: 00 00 00 AA 0E FC 0D 91 
"
"2016-11-21 14:42:23ID: BC  Data: 00 00 00 AA F1 03 F2 6F 
"
"2016-11-21 14:42:24ID: BB  Data: 00 00 00 AA 0E FC 0D 91 
"
"2016-11-21 14:42:24ID: BC  Data: 00 00 00 AA F1 03 F2 6F 
"
"2016-11-21 14:42:24ID: BB  Data: 00 00 00 AA 0E FD 5E 63 
"
"2016-11-21 14:42:24ID: BC  Data: 00 00 00 AA F1 02 A1 9D 
"
"2016-11-21 14:42:24ID: BB  Data: 00 00 00 AA 0E FA BC BE 
"
"2016-11-21 14:42:24ID: BC  Data: 00 00 00 AA F1 05 43 42 
"
"2016-11-21 14:42:24ID: BB  Data: 00 00 00 AA 0E FC 0D 91 
"
"2016-11-21 14:42:24ID: BC  Data: 00 00 00 AA F1 03 F2 6F 
"
"2016-11-21 14:42:24ID: BB  Data: 00 00 00 AA 0E FA BC BE 
"
"2016-11-21 14:42:24ID: BC  Data: 00 00 00 AA F1 05 43 42 
"
"2016-11-21 14:42:24ID: BB  Data: 00 00 00 AA 0E FC 0D 91 
"
"2016-11-21 14:42:24ID: BC  Data: 00 00 00 AA F1 03 F2 6F 
"
"2016-11-21 14:42:24ID: BB  Data: 00 00 00 AA 0E FD 5E 63 
"
"2016-11-21 14:42:24ID: BC  Data: 00 00 00 AA F1 02 A1 9D 
"
"2016-11-21 14:42:24ID: BB  Data: 00 00 00 AA 0E FA BC BE 
"
"2016-11-21 14:42:24ID: BC  Data: 00 00 00 AA F1 05 43 42 
"
"2016-11-21 14:42:24ID: BB  Data: 00 00 00 AA 0E FC 0D 91 
"
"2016-11-21 14:42:24ID: BC  Data: 00 00 00 AA F1 03 F2 6F 
"
"2016-11-21 14:42:24ID: BB  Data: 00 00 00 AA 0E FA BC BE 
"
"2016-11-21 14:42:24ID: BC  Data: 00 00 00 AA F1 05 43 42 
"
"2016-11-21 14:42:24ID: BB  Data: 00 00 00 AA 0E FC 0D 91 
"
"2016-11-21 14:42:24ID: BC  Data: 00 00 00 AA F1 03 F2 6F 
"
"2016-11-21 14:42:25ID: BB  Data: 00 00 00 AA 0E F9 6B EC 
"
"2016-11-21 14:42:25ID: BC  Data: 00 00 00 AA F1 06 94 14 
"
"2016-11-21 14:42:25ID: BB  Data: 00 00 00 AA 0E FA BC BE 
"
"2016-11-21 14:42:25ID: BC  Data: 00 00 00 AA F1 05 43 42 
"
"2016-11-21 14:42:25ID: BB  Data: 00 00 00 AA 0E FA BC BE 
"
"2016-11-21 14:42:25ID: BC  Data: 00 00 00 AA F1 05 43 42 
"
"2016-11-21 14:42:25ID: BB  Data: 00 00 00 AA 0E FD 5E 63 
"
"2016-11-21 14:42:25ID: BC  Data: 00 00 00 AA F1 02 A1 9D 
"
"2016-11-21 14:42:25ID: BB  Data: 00 00 00 AA 0E FC 0D 91 
"
"2016-11-21 14:42:25ID: BC  Data: 00 00 00 AA F1 03 F2 6F 
"
"2016-11-21 14:42:25ID: BB  Data: 00 00 00 AA 0E FC 0D 91 
"
"2016-11-21 14:42:25ID: BC  Data: 00 00 00 AA F1 03 F2 6F 
"
"2016-11-21 14:42:25ID: BB  Data: 00 00 00 AA 0E FC 0D 91 
"
"2016-11-21 14:42:25ID: BC  Data: 00 00 00 AA F1 03 F2 6F 
"
"2016-11-21 14:42:25ID: BB  Data: 00 00 00 AA 0E FC 0D 91 
"
"2016-11-21 14:42:25ID: BC  Data: 00 00 00 AA F1 03 F2 6F 
"
"2016-11-21 14:42:25ID: BB  Data: 00 00 00 AA 0E FA BC BE 
"
"2016-11-21 14:42:25ID: BC  Data: 00 00 00 AA F1 05 43 42 
"
"2016-11-21 14:42:25ID: BB  Data: 00 00 00 AA 0E FC 0D 91 
"
"2016-11-21 14:42:25ID: BC  Data: 00 00 00 AA F1 03 F2 6F 
"
"2016-11-21 14:42:25ID: BB  Data: 00 00 00 AA 0E FC 0D 91 
"
"2016-11-21 14:42:25ID: BC  Data: 00 00 00 AA F1 03 F2 6F 
"
"2016-11-21 14:42:25ID: BB  Data: 00 00 00 AA 0E F9 6B EC 
"
"2016-11-21 14:42:25ID: BC  Data: 00 00 00 AA F1 06 94 14 
"
"2016-11-21 14:42:26ID: BB  Data: 00 00 00 AA 0E FC 0D 91 
"
"2016-11-21 14:42:26ID: BC  Data: 00 00 00 AA F1 03 F2 6F 
"
"2016-11-21 14:42:26ID: BB  Data: 00 00 00 AA 0E FC 0D 91 
"
"2016-11-21 14:42:26ID: BC  Data: 00 00 00 AA F1 03 F2 6F 
"
"2016-11-21 14:42:26ID: BB  Data: 00 00 00 AA 0E FA BC BE 
"
"2016-11-21 14:42:26ID: BC  Data: 00 00 00 AA F1 05 43 42 
"
"2016-11-21 14:42:26ID: BB  Data: 00 00 00 AA 0E FA BC BE 
"
"2016-11-21 14:42:26ID: BC  Data: 00 00 00 AA F1 05 43 42 
"
"2016-11-21 14:42:26ID: BB  Data: 00 00 00 AA 0E FD 5E 63 
"
"2016-11-21 14:42:26ID: BC  Data: 00 00 00 AA F1 02 A1 9D 
"
"2016-11-21 14:42:26ID: BB  Data: 00 00 00 AA 0E FA BC BE 
"
"2016-11-21 14:42:26ID: BC  Data: 00 00 00 AA F1 05 43 42 
"
"2016-11-21 14:42:26ID: BB  Data: 00 00 00 AA 0E FC 0D 91 
"
"2016-11-21 14:42:26ID: BC  Data: 00 00 00 AA F1 03 F2 6F 
"
"2016-11-21 14:42:26ID: BB  Data: 00 00 00 AA 0E FA BC BE 
"
"2016-11-21 14:42:26ID: BC  Data: 00 00 00 AA F1 05 43 42 
"
"2016-11-21 14:42:26ID: BB  Data: 00 00 00 AA 0E FD 5E 63 
"
"2016-11-21 14:42:26ID: BC  Data: 00 00 00 AA F1 02 A1 9D 
"
"2016-11-21 14:42:26ID: BB  Data: 00 00 00 AA 0E FA BC BE 
"
"2016-11-21 14:42:26ID: BC  Data: 00 00 00 AA F1 05 43 42 
"
"2016-11-21 14:42:26ID: BB  Data: 00 00 00 AA 0E FA BC BE 
"
"2016-11-21 14:42:26ID: BC  Data: 00 00 00 AA F1 05 43 42 
"
"2016-11-21 14:42:27ID: BB  Data: 00 00 00 AA 0E FC 0D 91 
"
"2016-11-21 14:42:27ID: BC  Data: 00 00 00 AA F1 03 F2 6F 
"
"2016-11-21 14:42:27ID: BB  Data: 00 00 00 AA 0E FD 5E 63 
"
"2016-11-21 14:42:27ID: BC  Data: 00 00 00 AA F1 02 A1 9D 
"
"2016-11-21 14:42:27ID: BB  Data: 00 00 00 AA 0E F8 1B 19 
"
"2016-11-21 14:42:27ID: BC  Data: 00 00 00 AA F1 07 E4 E7 
"
"2016-11-21 14:42:27ID: BB  Data: 00 00 00 AA 0E FA BC BE 
"
"2016-11-21 14:42:27ID: BC  Data: 00 00 00 AA F1 05 43 42 
"
"2016-11-21 14:42:27ID: BB  Data: 00 00 00 AA 0E FC 0D 91 
"
"2016-11-21 14:42:27ID: BC  Data: 00 00 00 AA F1 03 F2 6F 
"
"2016-11-21 14:42:27ID: BB  Data: 00 00 00 AA 0E FA BC BE 
"
"2016-11-21 14:42:27ID: BC  Data: 00 00 00 AA F1 05 43 42 
"
"2016-11-21 14:42:27ID: BB  Data: 00 00 00 AA 0E FC 0D 91 
"
"2016-11-21 14:42:27ID: BC  Data: 00 00 00 AA F1 03 F2 6F 
"
"2016-11-21 14:42:27ID: BB  Data: 00 00 00 AA 0E F8 1B 19 
"
"2016-11-21 14:42:27ID: BC  Data: 00 00 00 AA F1 07 E4 E7 
"
"2016-11-21 14:42:27ID: BB  Data: 00 00 00 AA 0E FA BC BE 
"
"2016-11-21 14:42:27ID: BC  Data: 00 00 00 AA F1 05 43 42 
"
"2016-11-21 14:42:27ID: BB  Data: 00 00 00 AA 0E FC 0D 91 
"
"2016-11-21 14:42:27ID: BC  Data: 00 00 00 AA F1 03 F2 6F 
"
"2016-11-21 14:42:27ID: BB  Data: 00 00 00 AA 0E FC 0D 91 
"
"2016-11-21 14:42:27ID: BC  Data: 00 00 00 AA F1 03 F2 6F 
"
"2016-11-21 14:42:27ID: BB  Data: 00 00 00 AA 0E FC 0D 91 
"
"2016-11-21 14:42:28ID: BC  Data: 00 00 00 AA F1 03 F2 6F 
"
"2016-11-21 14:42:28ID: BB  Data: 00 00 00 AA 0E FD 5E 63 
"
"2016-11-21 14:42:28ID: BC  Data: 00 00 00 AA F1 02 A1 9D 
"
"2016-11-21 14:42:28ID: BB  Data: 00 00 00 AA 0E FA BC BE 
"
"2016-11-21 14:42:28ID: BC  Data: 00 00 00 AA F1 05 43 42 
"
"2016-11-21 14:42:28ID: BB  Data: 00 00 00 AA 0E FA BC BE 
"
"2016-11-21 14:42:28ID: BC  Data: 00 00 00 AA F1 05 43 42 
"
"2016-11-21 14:42:28ID: BB  Data: 00 00 00 AA 0E FA BC BE 
"
"2016-11-21 14:42:28ID: BC  Data: 00 00 00 AA F1 05 43 42 
"
"2016-11-21 14:42:28ID: BB  Data: 00 00 00 AA 0E FA BC BE 
"
"2016-11-21 14:42:28ID: BC  Data: 00 00 00 AA F1 05 43 42 
"
"2016-11-21 14:42:28ID: BB  Data: 00 00 00 AA 0E FC 0D 91 
"
"2016-11-21 14:42:28ID: BC  Data: 00 00 00 AA F1 03 F2 6F 
"
"2016-11-21 14:42:28ID: BB  Data: 00 00 00 AA 0E FC 0D 91 
"
"2016-11-21 14:42:28ID: BC  Data: 00 00 00 AA F1 03 F2 6F 
"
"2016-11-21 14:42:28ID: BB  Data: 00 00 00 AA 0E FA BC BE 
"
"2016-11-21 14:42:28ID: BC  Data: 00 00 00 AA F1 05 43 42 
"
"2016-11-21 14:42:28ID: BB  Data: 00 00 00 AA 0E F9 6B EC 
"
"2016-11-21 14:42:28ID: BC  Data: 00 00 00 AA F1 06 94 14 
"
"2016-11-21 14:42:28ID: BB  Data: 00 00 00 AA 0E FA BC BE 
"
"2016-11-21 14:42:28ID: BC  Data: 00 00 00 AA F1 05 43 42 
"
"2016-11-21 14:42:28ID: BB  Data: 00 00 00 AA 0E FC 0D 91 
"
"2016-11-21 14:42:28ID: BC  Data: 00 00 00 AA F1 03 F2 6F 
"
"2016-11-21 14:42:29ID: BB  Data: 00 00 00 AA 0E FC 0D 91 
"
"2016-11-21 14:42:29ID: BC  Data: 00 00 00 AA F1 03 F2 6F 
"
"2016-11-21 14:42:29ID: BB  Data: 00 00 00 AA 0E FC 0D 91 
"
"2016-11-21 14:42:29ID: BC  Data: 00 00 00 AA F1 03 F2 6F 
"
"2016-11-21 14:42:29ID: BB  Data: 00 00 00 AA 0E F9 6B EC 
"
"2016-11-21 14:42:29ID: BC  Data: 00 00 00 AA F1 06 94 14 
"
"2016-11-21 14:42:29ID: BB  Data: 00 00 00 AA 0E FA BC BE 
"
"2016-11-21 14:42:29ID: BC  Data: 00 00 00 AA F1 05 43 42 
"
"2016-11-21 14:42:29ID: BB  Data: 00 00 00 AA 0E FA BC BE 
"
"2016-11-21 14:42:29ID: BC  Data: 00 00 00 AA F1 05 43 42 
"
"2016-11-21 14:42:29ID: BB  Data: 00 00 00 AA 0E FA BC BE 
"
"2016-11-21 14:42:29ID: BC  Data: 00 00 00 AA F1 05 43 42 
"
"2016-11-21 14:42:29ID: BB  Data: 00 00 00 AA 0E FC 0D 91 
"
"2016-11-21 14:42:29ID: BC  Data: 00 00 00 AA F1 03 F2 6F 
"
"2016-11-21 14:42:29ID: BB  Data: 00 00 00 AA 0E FA BC BE 
"
"2016-11-21 14:42:29ID: BC  Data: 00 00 00 AA F1 05 43 42 
"
"2016-11-21 14:42:29ID: BB  Data: 00 00 00 AA 0E F9 6B EC 
"
"2016-11-21 14:42:29ID: BC  Data: 00 00 00 AA F1 06 94 14 
"
"2016-11-21 14:42:29ID: BB  Data: 00 00 00 AA 0E F9 6B EC 
"
"2016-11-21 14:42:29ID: BC  Data: 00 00 00 AA F1 06 94 14 
"
"2016-11-21 14:42:29ID: BB  Data: 00 00 00 AA 0E F9 6B EC 
"
"2016-11-21 14:42:29ID: BC  Data: 00 00 00 AA F1 06 94 14 
"
"2016-11-21 14:42:30ID: BB  Data: 00 00 00 AA 0E FC 0D 91 
"
"2016-11-21 14:42:30ID: BC  Data: 00 00 00 AA F1 03 F2 6F 
"
"2016-11-21 14:42:30ID: BB  Data: 00 00 00 AA 0E FC 0D 91 
"
"2016-11-21 14:42:30ID: BC  Data: 00 00 00 AA F1 03 F2 6F 
"
"2016-11-21 14:42:30ID: BB  Data: 00 00 00 AA 0E FC 0D 91 
"
"2016-11-21 14:42:30ID: BC  Data: 00 00 00 AA F1 03 F2 6F 
"
"2016-11-21 14:42:30ID: BB  Data: 00 00 00 AA 0E FD 5E 63 
"
"2016-11-21 14:42:30ID: BC  Data: 00 00 00 AA F1 02 A1 9D 
"
"2016-11-21 14:42:30ID: BB  Data: 00 00 00 AA 0E FA BC BE 
"
"2016-11-21 14:42:30ID: BC  Data: 00 00 00 AA F1 05 43 42 
"
"2016-11-21 14:42:30ID: BB  Data: 00 00 00 AA 0E FA BC BE 
"
"2016-11-21 14:42:30ID: BC  Data: 00 00 00 AA F1 05 43 42 
"
"2016-11-21 14:42:30ID: BB  Data: 00 00 00 AA 0E FD 5E 63 
"
"2016-11-21 14:42:30ID: BC  Data: 00 00 00 AA F1 02 A1 9D 
"
"2016-11-21 14:42:30ID: BB  Data: 00 00 00 AA 0E FA BC BE 
"
"2016-11-21 14:42:30ID: BC  Data: 00 00 00 AA F1 05 43 42 
"
"2016-11-21 14:42:30ID: BB  Data: 00 00 00 AA 0E FA BC BE 
"
"2016-11-21 14:42:30ID: BC  Data: 00 00 00 AA F1 05 43 42 
"
"2016-11-21 14:42:30ID: BB  Data: 00 00 00 AA 0E FA BC BE 
"
"2016-11-21 14:42:30ID: BC  Data: 00 00 00 AA F1 05 43 42 
"
"2016-11-21 14:42:30ID: BB  Data: 00 00 00 AA 0E FC 0D 91 
"
"2016-11-21 14:42:30ID: BC  Data: 00 00 00 AA F1 03 F2 6F 
"
"2016-11-21 14:42:30ID: BB  Data: 00 00 00 AA 0E FC 0D 91 
"
"2016-11-21 14:42:30ID: BC  Data: 00 00 00 AA F1 03 F2 6F 
"
"2016-11-21 14:42:31ID: BB  Data: 00 00 00 AA 0E F9 6B EC 
"
"2016-11-21 14:42:31ID: BC  Data: 00 00 00 AA F1 06 94 14 
"
"2016-11-21 14:42:31ID: BB  Data: 00 00 00 AA 0E FC 0D 91 
"
"2016-11-21 14:42:31ID: BC  Data: 00 00 00 AA F1 03 F2 6F 
"
"2016-11-21 14:42:31ID: BB  Data: 00 00 00 AA 0E FE AF 36 
"
"2016-11-21 14:42:31ID: BC  Data: 00 00 00 AA F1 01 50 CA 
"
"2016-11-21 14:42:31ID: BB  Data: 00 00 00 AA 0E FA BC BE 
"
"2016-11-21 14:42:31ID: BC  Data: 00 00 00 AA F1 05 43 42 
"
"2016-11-21 14:42:31ID: BB  Data: 00 00 00 AA 0E FD 5E 63 
"
"2016-11-21 14:42:31ID: BC  Data: 00 00 00 AA F1 02 A1 9D 
"
"2016-11-21 14:42:31ID: BB  Data: 00 00 00 AA 0E FA BC BE 
"
"2016-11-21 14:42:31ID: BC  Data: 00 00 00 AA F1 05 43 42 
"
"2016-11-21 14:42:31ID: BB  Data: 00 00 00 AA 0E FC 0D 91 
"
"2016-11-21 14:42:31ID: BC  Data: 00 00 00 AA F1 03 F2 6F 
"
"2016-11-21 14:42:31ID: BB  Data: 00 00 00 AA 0E FC 0D 91 
"
"2016-11-21 14:42:31ID: BC  Data: 00 00 00 AA F1 03 F2 6F 
"
"2016-11-21 14:42:31ID: BB  Data: 00 00 00 AA 0E FC 0D 91 
"
"2016-11-21 14:42:31ID: BC  Data: 00 00 00 AA F1 03 F2 6F 
"
"2016-11-21 14:42:31ID: BB  Data: 00 00 00 AA 0E FC 0D 91 
"
"2016-11-21 14:42:31ID: BC  Data: 00 00 00 AA F1 03 F2 6F 
"
"2016-11-21 14:42:31ID: BB  Data: 00 00 00 AA 0E FA BC BE 
"
"2016-11-21 14:42:31ID: BC  Data: 00 00 00 AA F1 05 43 42 
"
"2016-11-21 14:42:32ID: BB  Data: 00 00 00 AA 0E FC 0D 91 
"
"2016-11-21 14:42:32ID: BC  Data: 00 00 00 AA F1 03 F2 6F 
"
"2016-11-21 14:42:32ID: BB  Data: 00 00 00 AA 0E FA BC BE 
"
"2016-11-21 14:42:32ID: BC  Data: 00 00 00 AA F1 05 43 42 
"
"2016-11-21 14:42:32ID: BB  Data: 00 00 00 AA 0E FC 0D 91 
"
"2016-11-21 14:42:32ID: BC  Data: 00 00 00 AA F1 03 F2 6F 
"
"2016-11-21 14:42:32ID: BB  Data: 00 00 00 AA 0E FD 5E 63 
"
"2016-11-21 14:42:32ID: BC  Data: 00 00 00 AA F1 02 A1 9D 
"
"2016-11-21 14:42:32ID: BB  Data: 00 00 00 AA 0E FC 0D 91 
"
"2016-11-21 14:42:32ID: BC  Data: 00 00 00 AA F1 03 F2 6F 
"
"2016-11-21 14:42:32ID: BB  Data: 00 00 00 AA 0E FA BC BE 
"
"2016-11-21 14:42:32ID: BC  Data: 00 00 00 AA F1 05 43 42 
"
"2016-11-21 14:42:32ID: BB  Data: 00 00 00 AA 0E FC 0D 91 
"
"2016-11-21 14:42:32ID: BC  Data: 00 00 00 AA F1 03 F2 6F 
"
"2016-11-21 14:42:32ID: BB  Data: 00 00 00 AA 0E FA BC BE 
"
"2016-11-21 14:42:32ID: BC  Data: 00 00 00 AA F1 05 43 42 
"
"2016-11-21 14:42:32ID: BB  Data: 00 00 00 AA 0E FC 0D 91 
"
"2016-11-21 14:42:32ID: BC  Data: 00 00 00 AA F1 03 F2 6F 
"
"2016-11-21 14:42:32ID: BB  Data: 00 00 00 AA 0E FA BC BE 
"
"2016-11-21 14:42:32ID: BC  Data: 00 00 00 AA F1 05 43 42 
"
"2016-11-21 14:42:32ID: BB  Data: 00 00 00 AA 0E FA BC BE 
"
"2016-11-21 14:42:32ID: BC  Data: 00 00 00 AA F1 05 43 42 
"
"2016-11-21 14:42:33ID: BB  Data: 00 00 00 AA 0E F9 6B EC 
"
"2016-11-21 14:42:33ID: BC  Data: 00 00 00 AA F1 06 94 14 
"
"2016-11-21 14:42:33ID: BB  Data: 00 00 00 AA 0E FA BC BE 
"
"2016-11-21 14:42:33ID: BC  Data: 00 00 00 AA F1 05 43 42 
"
"2016-11-21 14:42:33ID: BB  Data: 00 00 00 AA 0E FC 0D 91 
"
"2016-11-21 14:42:33ID: BC  Data: 00 00 00 AA F1 03 F2 6F 
"
"2016-11-21 14:42:33ID: BB  Data: 00 00 00 AA 0E FD 5E 63 
"
"2016-11-21 14:42:33ID: BC  Data: 00 00 00 AA F1 02 A1 9D 
"
"2016-11-21 14:42:33ID: BB  Data: 00 00 00 AA 0E FC 0D 91 
"
"2016-11-21 14:42:33ID: BC  Data: 00 00 00 AA F1 03 F2 6F 
"
"2016-11-21 14:42:33ID: BB  Data: 00 00 00 AA 0E FC 0D 91 
"
"2016-11-21 14:42:33ID: BC  Data: 00 00 00 AA F1 03 F2 6F 
"
"2016-11-21 14:42:33ID: BB  Data: 00 00 00 AA 0E FD 5E 63 
"
"2016-11-21 14:42:33ID: BC  Data: 00 00 00 AA F1 02 A1 9D 
"
"2016-11-21 14:42:33ID: BB  Data: 00 00 00 AA 0E FD 5E 63 
"
"2016-11-21 14:42:33ID: BC  Data: 00 00 00 AA F1 02 A1 9D 
"
"2016-11-21 14:42:33ID: BB  Data: 00 00 00 AA 0E FC 0D 91 
"
"2016-11-21 14:42:33ID: BC  Data: 00 00 00 AA F1 03 F2 6F 
"
"2016-11-21 14:42:33ID: BB  Data: 00 00 00 AA 0E FD 5E 63 
"
"2016-11-21 14:42:33ID: BC  Data: 00 00 00 AA F1 02 A1 9D 
"
"2016-11-21 14:42:33ID: BB  Data: 00 00 00 AA 0E FD 5E 63 
"
"2016-11-21 14:42:33ID: BC  Data: 00 00 00 AA F1 02 A1 9D 
"
"2016-11-21 14:42:33ID: BB  Data: 00 00 00 AA 0E FD 5E 63 
"
"2016-11-21 14:42:33ID: BC  Data: 00 00 00 AA F1 02 A1 9D 
"
"2016-11-21 14:42:34ID: BB  Data: 00 00 00 AA 0E FD 5E 63 
"
"2016-11-21 14:42:34ID: BC  Data: 00 00 00 AA F1 02 A1 9D 
"
"2016-11-21 14:42:34ID: BB  Data: 00 00 00 AA 0E FD 5E 63 
"
"2016-11-21 14:42:34ID: BC  Data: 00 00 00 AA F1 02 A1 9D 
"
"2016-11-21 14:42:34ID: BB  Data: 00 00 00 AA 0E FD 5E 63 
"
"2016-11-21 14:42:34ID: BC  Data: 00 00 00 AA F1 02 A1 9D 
"
"2016-11-21 14:42:34ID: BB  Data: 00 00 00 AA 0E FD 5E 63 
"
"2016-11-21 14:42:34ID: BC  Data: 00 00 00 AA F1 02 A1 9D 
"
"2016-11-21 14:42:34ID: BB  Data: 00 00 00 AA 0E FA BC BE 
"
"2016-11-21 14:42:34ID: BC  Data: 00 00 00 AA F1 05 43 42 
"
"2016-11-21 14:42:34ID: BB  Data: 00 00 00 AA 0E FC 0D 91 
"
"2016-11-21 14:42:34ID: BC  Data: 00 00 00 AA F1 03 F2 6F 
"
"2016-11-21 14:42:34ID: BB  Data: 00 00 00 AA 0E FC 0D 91 
"
"2016-11-21 14:42:34ID: BC  Data: 00 00 00 AA F1 03 F2 6F 
"
"2016-11-21 14:42:34ID: BB  Data: 00 00 00 AA 0E FA BC BE 
"
"2016-11-21 14:42:34ID: BC  Data: 00 00 00 AA F1 05 43 42 
"
"2016-11-21 14:42:34ID: BB  Data: 00 00 00 AA 0E FA BC BE 
"
"2016-11-21 14:42:34ID: BC  Data: 00 00 00 AA F1 05 43 42 
"
"2016-11-21 14:42:34ID: BB  Data: 00 00 00 AA 0E FA BC BE 
"
"2016-11-21 14:42:34ID: BC  Data: 00 00 00 AA F1 05 43 42 
"
"2016-11-21 14:42:34ID: BB  Data: 00 00 00 AA 0E FC 0D 91 
"
"2016-11-21 14:42:34ID: BC  Data: 00 00 00 AA F1 03 F2 6F 
"
"2016-11-21 14:42:35ID: BB  Data: 00 00 00 AA 0E FA BC BE 
"
"2016-11-21 14:42:35ID: BC  Data: 00 00 00 AA F1 05 43 42 
"
"2016-11-21 14:42:35ID: BB  Data: 00 00 00 AA 0E FE AF 36 
"
"2016-11-21 14:42:35ID: BC  Data: 00 00 00 AA F1 01 50 CA 
"
"2016-11-21 14:42:35ID: BB  Data: 00 00 00 AA 0E FC 0D 91 
"
"2016-11-21 14:42:35ID: BC  Data: 00 00 00 AA F1 03 F2 6F 
"
"2016-11-21 14:42:35ID: BB  Data: 00 00 00 AA 0E FC 0D 91 
"
"2016-11-21 14:42:35ID: BC  Data: 00 00 00 AA F1 03 F2 6F 
"
"2016-11-21 14:42:35ID: BB  Data: 00 00 00 AA 0E FA BC BE 
"
"2016-11-21 14:42:35ID: BC  Data: 00 00 00 AA F1 05 43 42 
"
"2016-11-21 14:42:35ID: BB  Data: 00 00 00 AA 0E FA BC BE 
"
"2016-11-21 14:42:35ID: BC  Data: 00 00 00 AA F1 05 43 42 
"
"2016-11-21 14:42:35ID: BB  Data: 00 00 00 AA 0E FC 0D 91 
"
"2016-11-21 14:42:35ID: BC  Data: 00 00 00 AA F1 03 F2 6F 
"
"2016-11-21 14:42:35ID: BB  Data: 00 00 00 AA 0E FC 0D 91 
"
"2016-11-21 14:42:35ID: BC  Data: 00 00 00 AA F1 03 F2 6F 
"
"2016-11-21 14:42:35ID: BB  Data: 00 00 00 AA 0E F9 6B EC 
"
"2016-11-21 14:42:35ID: BC  Data: 00 00 00 AA F1 06 94 14 
"
"2016-11-21 14:42:35ID: BB  Data: 00 00 00 AA 0E FE AF 36 
"
"2016-11-21 14:42:35ID: BC  Data: 00 00 00 AA F1 01 50 CA 
"
"2016-11-21 14:42:35ID: BB  Data: 00 00 00 AA 0E FC 0D 91 
"
"2016-11-21 14:42:35ID: BC  Data: 00 00 00 AA F1 03 F2 6F 
"
"2016-11-21 14:42:35ID: BB  Data: 00 00 00 AA 0E FC 0D 91 
"
"2016-11-21 14:42:36ID: BC  Data: 00 00 00 AA F1 03 F2 6F 
"
"2016-11-21 14:42:36ID: BB  Data: 00 00 00 AA 0E FC 0D 91 
"
"2016-11-21 14:42:36ID: BC  Data: 00 00 00 AA F1 03 F2 6F 
"
"2016-11-21 14:42:36ID: BB  Data: 00 00 00 AA 0E FC 0D 91 
"
"2016-11-21 14:42:36ID: BC  Data: 00 00 00 AA F1 03 F2 6F 
"
"2016-11-21 14:42:36ID: BB  Data: 00 00 00 AA 0E FC 0D 91 
"
"2016-11-21 14:42:36ID: BC  Data: 00 00 00 AA F1 03 F2 6F 
"
"2016-11-21 14:42:36ID: BB  Data: 00 00 00 AA 0E FC 0D 91 
"
"2016-11-21 14:42:36ID: BC  Data: 00 00 00 AA F1 03 F2 6F 
"
"2016-11-21 14:42:36ID: BB  Data: 00 00 00 AA 0E 90 2A 22 
"
"2016-11-21 14:42:36ID: BC  Data: 00 00 00 AA F1 6F D5 DE 
"
"2016-11-21 14:42:36ID: BB  Data: 00 00 00 AA 0E 38 03 0A 
"
"2016-11-21 14:42:36ID: BC  Data: 00 00 00 AA F1 C7 FC F6 
"
"2016-11-21 14:42:36ID: BB  Data: 00 00 00 AA 0E 22 F5 E1 
"
"2016-11-21 14:42:36ID: BC  Data: 00 00 00 AA F1 DD 0A 1F 
"
"2016-11-21 14:42:36ID: BB  Data: 00 00 00 AA 0E 24 46 B4 
"
"2016-11-21 14:42:36ID: BC  Data: 00 00 00 AA F1 DB B9 4C 
"
"2016-11-21 14:42:36ID: BB  Data: 00 00 00 AA 0E 26 E8 59 
"
"2016-11-21 14:42:36ID: BC  Data: 00 00 00 AA F1 D9 17 A7 
"
"2016-11-21 14:42:36ID: BB  Data: 00 00 00 AA 0E 25 97 86 
"
"2016-11-21 14:42:36ID: BC  Data: 00 00 00 AA F1 DA 68 7A 
"
"2016-11-21 14:42:36ID: BB  Data: 00 00 00 AA 0E 18 6F 4D 
"
"2016-11-21 14:42:36ID: BC  Data: 00 00 00 AA F1 E7 90 B3 
"
"2016-11-21 14:42:37ID: BB  Data: 00 00 00 AA 0D AF 2D 84 
"
"2016-11-21 14:42:37ID: BC  Data: 00 00 00 AA F2 50 D2 7C 
"
"2016-11-21 14:42:37ID: BB  Data: 00 00 00 AA 0D 4D D0 AA 
"
"2016-11-21 14:42:37ID: BC  Data: 00 00 00 AA F2 B2 2F 56 
"
"2016-11-21 14:42:37ID: BB  Data: 00 00 00 AA 0D 21 14 B4 
"
"2016-11-21 14:42:37ID: BC  Data: 00 00 00 AA F2 DE EB 4C 
"
"2016-11-21 14:42:37ID: BB  Data: 00 00 00 AA 0D 19 2F C5 
"
"2016-11-21 14:42:37ID: BC  Data: 00 00 00 AA F2 E6 D0 3B 
"
"2016-11-21 14:42:37ID: BB  Data: 00 00 00 AA 0D 15 3D 4D 
"
"2016-11-21 14:42:37ID: BC  Data: 00 00 00 AA F2 EA C2 B3 
"
"2016-11-21 14:42:37ID: BB  Data: 00 00 00 AA 0D 1E 73 0F 
"
"2016-11-21 14:42:37ID: BC  Data: 00 00 00 AA F2 E1 8C F1 
"
"2016-11-21 14:42:37ID: BB  Data: 00 00 00 AA 0D 0C 07 8C 
"
"2016-11-21 14:42:37ID: BC  Data: 00 00 00 AA F2 F3 F8 74 
"
"2016-11-21 14:42:37ID: BB  Data: 00 00 00 AA 0C 4F E1 F4 
"
"2016-11-21 14:42:37ID: BC  Data: 00 00 00 AA F3 B0 1E 0C 
"
"2016-11-21 14:42:37ID: BB  Data: 00 00 00 AA 0B BB 35 07 
"
"2016-11-21 14:42:37ID: BC  Data: 00 00 00 AA F4 44 CA F9 
"
"2016-11-21 14:42:37ID: BB  Data: 00 00 00 AA 0B 4B 5F 22 
"
"2016-11-21 14:42:37ID: BC  Data: 00 00 00 AA F4 B4 A0 DE 
"
"2016-11-21 14:42:37ID: BB  Data: 00 00 00 AA 0B 0D 88 7B 
"
"2016-11-21 14:42:37ID: BC  Data: 00 00 00 AA F4 F2 77 85 
"
"2016-11-21 14:42:38ID: BB  Data: 00 00 00 AA 09 9F C3 E0 
"
"2016-11-21 14:42:38ID: BC  Data: 00 00 00 AA F6 60 3C 20 
"
"2016-11-21 14:42:38ID: BB  Data: 00 00 00 AA 04 8A 86 97 
"
"2016-11-21 14:42:38ID: BC  Data: 00 00 00 AA FB 75 79 69 
"
"2016-11-21 14:42:38ID: BB  Data: 00 00 00 AA 02 24 16 8F 
"
"2016-11-21 14:42:38ID: BC  Data: 00 00 00 AA FD DB E9 71 
"
"2016-11-21 14:42:38ID: BB  Data: 00 00 00 AA 01 B1 9F 04 
"
"2016-11-21 14:42:38ID: BC  Data: 00 00 00 AA FE 4E 60 FC 
"
"2016-11-21 14:42:38ID: BB  Data: 00 00 00 AA 00 00 00 00 
"
"2016-11-21 14:42:38ID: BC  Data: 00 00 00 AA 00 00 00 00 
"
"2016-11-21 14:42:38ID: BB  Data: 00 00 00 AA 00 00 00 00 
"
"2016-11-21 14:42:38ID: BC  Data: 00 00 00 AA 00 00 00 00 
"
"2016-11-21 14:42:38ID: BB  Data: 00 00 00 AA 00 00 00 00 
"
"2016-11-21 14:42:38ID: BC  Data: 00 00 00 AA 00 00 00 00 
"
"2016-11-21 14:42:38ID: BB  Data: 00 00 00 AA 00 00 00 00 
"
"2016-11-21 14:42:38ID: BC  Data: 00 00 00 AA 00 00 00 00 
"
"2016-11-21 14:42:38ID: BB  Data: 00 00 00 AA 00 00 00 00 
"
"2016-11-21 14:42:38ID: BC  Data: 00 00 00 AA 00 00 00 00 
"
"2016-11-21 14:42:38ID: BB  Data: 00 00 00 AA 00 00 00 00 
"
"2016-11-21 14:42:38ID: BC  Data: 00 00 00 AA 00 00 00 00 
"
"2016-11-21 14:42:38ID: BB  Data: 00 00 00 AA 00 00 00 00 
"
"2016-11-21 14:42:38ID: BC  Data: 00 00 00 AA 00 00 00 00 
"
"2016-11-21 14:42:38ID: BB  Data: 00 00 00 AA 00 00 00 00 
"
"2016-11-21 14:42:38ID: BC  Data: 00 00 00 AA 00 00 00 00 
"
"2016-11-21 14:42:39ID: BB  Data: 00 00 00 AA 00 00 00 00 
"
"2016-11-21 14:42:39ID: BC  Data: 00 00 00 AA 00 00 00 00 
"
"2016-11-21 14:42:39ID: BB  Data: 00 00 00 AA 00 00 00 00 
"
"2016-11-21 14:42:39ID: BC  Data: 00 00 00 AA 00 00 00 00 
"
"2016-11-21 14:42:39ID: BB  Data: 00 00 00 AA 00 00 00 00 
"
"2016-11-21 14:42:39ID: BC  Data: 00 00 00 AA 00 00 00 00 
"
"2016-11-21 14:42:39ID: BB  Data: 00 00 00 AA 00 00 00 00 
"
"2016-11-21 14:42:39ID: BC  Data: 00 00 00 AA 00 00 00 00 
"
"2016-11-21 14:42:39ID: BB  Data: 00 00 00 AA 00 00 00 00 
"
"2016-11-21 14:42:39ID: BC  Data: 00 00 00 AA 00 00 00 00 
"
"2016-11-21 14:42:39ID: BB  Data: 00 00 00 AA 00 00 00 00 
"
"2016-11-21 14:42:39ID: BC  Data: 00 00 00 AA 00 00 00 00 
"
"2016-11-21 14:42:39ID: BB  Data: 00 00 00 AA 00 00 00 00 
"
"2016-11-21 14:42:39ID: BC  Data: 00 00 00 AA 00 00 00 00 
"
"2016-11-21 14:42:39ID: BB  Data: 00 00 00 AA 00 00 00 00 
"
"2016-11-21 14:42:39ID: BC  Data: 00 00 00 AA 00 00 00 00 
"
"2016-11-21 14:42:39ID: BB  Data: 00 00 00 AA 00 00 00 00 
"
"2016-11-21 14:42:39ID: BC  Data: 00 00 00 AA 00 00 00 00 
"
"2016-11-21 14:42:39ID: BB  Data: 00 00 00 AA 00 00 00 00 
"
"2016-11-21 14:42:39ID: BC  Data: 00 00 00 AA 00 00 00 00 
"
"2016-11-21 14:42:39ID: BB  Data: 00 00 00 AA 00 00 00 00 
"
"2016-11-21 14:42:39ID: BC  Data: 00 00 00 AA 00 00 00 00 
"
"2016-11-21 14:42:40ID: BB  Data: 00 00 00 AA 00 00 00 00 
"
"2016-11-21 14:42:40ID: BC  Data: 00 00 00 AA 00 00 00 00 
"
"2016-11-21 14:42:40ID: BB  Data: 00 00 00 AA 00 00 00 00 
"
"2016-11-21 14:42:40ID: BC  Data: 00 00 00 AA 00 00 00 00 
"
"2016-11-21 14:42:40ID: BB  Data: 00 00 00 AA 00 00 00 00 
"
"2016-11-21 14:42:40ID: BC  Data: 00 00 00 AA 00 00 00 00 
"
"2016-11-21 14:42:40ID: BB  Data: 00 00 00 AA 00 00 00 00 
"
"2016-11-21 14:42:40ID: BC  Data: 00 00 00 AA 00 00 00 00 
"
"2016-11-21 14:42:40ID: BB  Data: 00 00 00 AA 00 00 00 00 
"
"2016-11-21 14:42:40ID: BC  Data: 00 00 00 AA 00 00 00 00 
"
"2016-11-21 14:42:40ID: BB  Data: 00 00 00 AA 00 00 00 00 
"
"2016-11-21 14:42:40ID: BC  Data: 00 00 00 AA 00 00 00 00 
"
"2016-11-21 14:42:40ID: BB  Data: 00 00 00 AA 00 00 00 00 
"
"2016-11-21 14:42:40ID: BC  Data: 00 00 00 AA 00 00 00 00 
"
"2016-11-21 14:42:40ID: BB  Data: 00 00 00 AA 00 00 00 00 
"
"2016-11-21 14:42:40ID: BC  Data: 00 00 00 AA 00 00 00 00 
"
"2016-11-21 14:42:40ID: BB  Data: 00 00 00 AA 00 00 00 00 
"
"2016-11-21 14:42:40ID: BC  Data: 00 00 00 AA 00 00 00 00 
"
"2016-11-21 14:42:40ID: BB  Data: 00 00 00 AA 00 00 00 00 
"
"2016-11-21 14:42:40ID: BC  Data: 00 00 00 AA 00 00 00 00 
"
"2016-11-21 14:42:40ID: BB  Data: 00 00 00 AA 00 00 00 00 
"
"2016-11-21 14:42:40ID: BC  Data: 00 00 00 AA 00 00 00 00 
"
"2016-11-21 14:42:41ID: BB  Data: 00 00 00 AA 00 00 00 00 
"
"2016-11-21 14:42:41ID: BC  Data: 00 00 00 AA 00 00 00 00 
"
"2016-11-21 14:42:41ID: BB  Data: 00 00 00 AA 00 00 00 00 
"
"2016-11-21 14:42:41ID: BC  Data: 00 00 00 AA 00 00 00 00 
"
"2016-11-21 14:42:41ID: BB  Data: 00 00 00 AA 00 00 00 00 
"
"2016-11-21 14:42:41ID: BC  Data: 00 00 00 AA 00 00 00 00 
"
"2016-11-21 14:42:41ID: BB  Data: 00 00 00 AA 00 00 00 00 
"
"2016-11-21 14:42:41ID: BC  Data: 00 00 00 AA 00 00 00 00 
"
"2016-11-21 14:42:41ID: BB  Data: 00 00 00 AA 00 00 00 00 
"
"2016-11-21 14:42:41ID: BC  Data: 00 00 00 AA 00 00 00 00 
"
"2016-11-21 14:42:41ID: BB  Data: 00 00 00 AA 00 00 00 00 
"
"2016-11-21 14:42:41ID: BC  Data: 00 00 00 AA 00 00 00 00 
"
"2016-11-21 14:42:41ID: BB  Data: 00 00 00 AA 00 00 00 00 
"
"2016-11-21 14:42:41ID: BC  Data: 00 00 00 AA 00 00 00 00 
"
"2016-11-21 14:42:41ID: BB  Data: 00 00 00 AA 00 00 00 00 
"
"2016-11-21 14:42:41ID: BC  Data: 00 00 00 AA 00 00 00 00 
"
"2016-11-21 14:42:41ID: BB  Data: 00 00 00 AA 00 00 00 00 
"
"2016-11-21 14:42:41ID: BC  Data: 00 00 00 AA 00 00 00 00 
"
"2016-11-21 14:42:41ID: BB  Data: 00 00 00 AA 00 00 00 00 
"
"2016-11-21 14:42:41ID: BC  Data: 00 00 00 AA 00 00 00 00 
"
"2016-11-21 14:42:41ID: BB  Data: 00 00 00 AA 00 00 00 00 
"
"2016-11-21 14:42:41ID: BC  Data: 00 00 00 AA 00 00 00 00 
"
"2016-11-21 14:42:41ID: BB  Data: 00 00 00 AA 00 00 00 00 
"
"2016-11-21 14:42:41ID: BC  Data: 00 00 00 AA 00 00 00 00 
"
"2016-11-21 14:42:42ID: BB  Data: 00 00 00 AA 00 00 00 00 
"
"2016-11-21 14:42:42ID: BC  Data: 00 00 00 AA 00 00 00 00 
"
"2016-11-21 14:42:42ID: BB  Data: 00 00 00 AA 00 00 00 00 
"
"2016-11-21 14:42:42ID: BC  Data: 00 00 00 AA 00 00 00 00 
"
"2016-11-21 14:42:42ID: BB  Data: 00 00 00 AA 00 00 00 00 
"
"2016-11-21 14:42:42ID: BC  Data: 00 00 00 AA 00 00 00 00 
"
"2016-11-21 14:42:42ID: BB  Data: 00 00 00 AA 00 00 00 00 
"
"2016-11-21 14:42:42ID: BC  Data: 00 00 00 AA 00 00 00 00 
"
"2016-11-21 14:42:42ID: BB  Data: 00 00 00 AA 00 00 00 00 
"
"2016-11-21 14:42:42ID: BC  Data: 00 00 00 AA 00 00 00 00 
"
"2016-11-21 14:42:42ID: BB  Data: 00 00 00 AA 00 00 00 00 
"
"2016-11-21 14:42:42ID: BC  Data: 00 00 00 AA 00 00 00 00 
"
"2016-11-21 14:42:42ID: BB  Data: 00 00 00 AA 00 00 00 00 
"
"2016-11-21 14:42:42ID: BC  Data: 00 00 00 AA 00 00 00 00 
"
"2016-11-21 14:42:42ID: BB  Data: 00 00 00 AA 00 00 00 00 
"
"2016-11-21 14:42:42ID: BC  Data: 00 00 00 AA 00 00 00 00 
"
"2016-11-21 14:42:42ID: BB  Data: 00 00 00 AA 00 00 00 00 
"
"2016-11-21 14:42:42ID: BC  Data: 00 00 00 AA 00 00 00 00 
"
"2016-11-21 14:42:42ID: BB  Data: 00 00 00 AA 00 00 00 00 
"
"2016-11-21 14:42:42ID: BC  Data: 00 00 00 AA 00 00 00 00 
"
"2016-11-21 14:42:42ID: BB  Data: 00 00 00 AA 00 00 00 00 
"
"2016-11-21 14:42:42ID: BC  Data: 00 00 00 AA 00 00 00 00 
"
"2016-11-21 14:42:43ID: BB  Data: 00 00 00 AA 00 00 00 00 
"
"2016-11-21 14:42:43ID: BC  Data: 00 00 00 AA 00 00 00 00 
"
"2016-11-21 14:42:43ID: BB  Data: 00 00 00 AA 00 00 00 00 
"
"2016-11-21 14:42:43ID: BC  Data: 00 00 00 AA 00 00 00 00 
"
"2016-11-21 14:42:43ID: BB  Data: 00 00 00 AA 00 00 00 00 
"
"2016-11-21 14:42:43ID: BC  Data: 00 00 00 AA 00 00 00 00 
"
"2016-11-21 14:42:43ID: BB  Data: 00 00 00 AA 04 46 1B D4 
"
"2016-11-21 14:42:43ID: BC  Data: 00 00 00 AA FB B9 E4 2C 
"
"2016-11-21 14:42:43ID: BB  Data: 00 00 00 AA 05 3D 76 6D 
"
"2016-11-21 14:42:43ID: BC  Data: 00 00 00 AA FA C2 89 93 
"
"2016-11-21 14:42:43ID: BB  Data: 00 00 00 AA 07 99 5F E0 
"
"2016-11-21 14:42:43ID: BC  Data: 00 00 00 AA F8 66 A0 20 
"
"2016-11-21 14:42:43ID: BB  Data: 00 00 00 AA 0A F3 38 09 
"
"2016-11-21 14:42:43ID: BC  Data: 00 00 00 AA F5 0C C7 F7 
"
"2016-11-21 14:42:43ID: BB  Data: 00 00 00 AA 0C 52 83 99 
"
"2016-11-21 14:42:43ID: BC  Data: 00 00 00 AA F3 AD 7C 67 
"
"2016-11-21 14:42:43ID: BB  Data: 00 00 00 AA 0D 3E 06 CB 
"
"2016-11-21 14:42:43ID: BC  Data: 00 00 00 AA F2 C1 F9 35 
"
"2016-11-21 14:42:43ID: BB  Data: 00 00 00 AA 0E 70 96 66 
"
"2016-11-21 14:42:43ID: BC  Data: 00 00 00 AA F1 8F 69 9A 
"
"2016-11-21 14:42:43ID: BB  Data: 00 00 00 AA 0E CB 5F 23 
"
"2016-11-21 14:42:43ID: BC  Data: 00 00 00 AA F1 34 A0 DD 
"
"2016-11-21 14:42:43ID: BB  Data: 00 00 00 AA 0E F8 1B 19 
"
"2016-11-21 14:42:44ID: BC  Data: 00 00 00 AA F1 07 E4 E7 
"
"2016-11-21 14:42:44ID: BB  Data: 00 00 00 AA 0E F9 6B EC 
"
"2016-11-21 14:42:44ID: BC  Data: 00 00 00 AA F1 06 94 14 
"
"2016-11-21 14:42:44ID: BB  Data: 00 00 00 AA 0E F9 6B EC 
"
"2016-11-21 14:42:44ID: BC  Data: 00 00 00 AA F1 06 94 14 
"
"2016-11-21 14:42:44ID: BB  Data: 00 00 00 AA 0E FC 0D 91 
"
"2016-11-21 14:42:44ID: BC  Data: 00 00 00 AA F1 03 F2 6F 
"
"2016-11-21 14:42:44ID: BB  Data: 00 00 00 AA 0E FA BC BE 
"
"2016-11-21 14:42:44ID: BC  Data: 00 00 00 AA F1 03 F2 6F 
"
"2016-11-21 14:42:44ID: BB  Data: 00 00 00 AA 0E FA BC BE 
"
"2016-11-21 14:42:44ID: BC  Data: 00 00 00 AA F1 05 43 42 
"
"2016-11-21 14:42:44ID: BB  Data: 00 00 00 AA 0E FC 0D 91 
"
"2016-11-21 14:42:44ID: BC  Data: 00 00 00 AA F1 03 F2 6F 
"
"2016-11-21 14:42:44ID: BB  Data: 00 00 00 AA 0E FC 0D 91 
"
"2016-11-21 14:42:44ID: BC  Data: 00 00 00 AA F1 03 F2 6F 
"
"2016-11-21 14:42:44ID: BB  Data: 00 00 00 AA 0E FC 0D 91 
"
"2016-11-21 14:42:44ID: BC  Data: 00 00 00 AA F1 03 F2 6F 
"
"2016-11-21 14:42:44ID: BB  Data: 00 00 00 AA 0E F9 6B EC 
"
"2016-11-21 14:42:44ID: BC  Data: 00 00 00 AA F1 06 94 14 
"
"2016-11-21 14:42:44ID: BB  Data: 00 00 00 AA 0E F9 6B EC 
"
"2016-11-21 14:42:44ID: BC  Data: 00 00 00 AA F1 06 94 14 
"
"2016-11-21 14:42:44ID: BB  Data: 00 00 00 AA 0E FD 5E 63 
"
"2016-11-21 14:42:44ID: BC  Data: 00 00 00 AA F1 02 A1 9D 
"
"2016-11-21 14:42:45ID: BB  Data: 00 00 00 AA 0E FA BC BE 
"
"2016-11-21 14:42:45ID: BC  Data: 00 00 00 AA F1 05 43 42 
"
"2016-11-21 14:42:45ID: BB  Data: 00 00 00 AA 0E FC 0D 91 
"
"2016-11-21 14:42:45ID: BC  Data: 00 00 00 AA F1 03 F2 6F 
"
"2016-11-21 14:42:45ID: BB  Data: 00 00 00 AA 0E FA BC BE 
"
"2016-11-21 14:42:45ID: BC  Data: 00 00 00 AA F1 05 43 42 
"
"2016-11-21 14:42:45ID: BB  Data: 00 00 00 AA 0E FA BC BE 
"
"2016-11-21 14:42:45ID: BC  Data: 00 00 00 AA F1 05 43 42 
"
"2016-11-21 14:42:45ID: BB  Data: 00 00 00 AA 0E FA BC BE 
"
"2016-11-21 14:42:45ID: BC  Data: 00 00 00 AA F1 05 43 42 
"
"2016-11-21 14:42:45ID: BB  Data: 00 00 00 AA 0E FA BC BE 
"
"2016-11-21 14:42:45ID: BC  Data: 00 00 00 AA F1 05 43 42 
"
"2016-11-21 14:42:45ID: BB  Data: 00 00 00 AA 0E F9 6B EC 
"
"2016-11-21 14:42:45ID: BC  Data: 00 00 00 AA F1 06 94 14 
"
"2016-11-21 14:42:45ID: BB  Data: 00 00 00 AA 0E FC 0D 91 
"
"2016-11-21 14:42:45ID: BC  Data: 00 00 00 AA F1 03 F2 6F 
"
"2016-11-21 14:42:45ID: BB  Data: 00 00 00 AA 0E FA BC BE 
"
"2016-11-21 14:42:45ID: BC  Data: 00 00 00 AA F1 05 43 42 
"
"2016-11-21 14:42:45ID: BB  Data: 00 00 00 AA 0E FA BC BE 
"
"2016-11-21 14:42:45ID: BC  Data: 00 00 00 AA F1 05 43 42 
"
"2016-11-21 14:42:45ID: BB  Data: 00 00 00 AA 0E FA BC BE 
"
"2016-11-21 14:42:45ID: BC  Data: 00 00 00 AA F1 05 43 42 
"
"2016-11-21 14:42:46ID: BB  Data: 00 00 00 AA 0E F9 6B EC 
"
"2016-11-21 14:42:46ID: BC  Data: 00 00 00 AA F1 06 94 14 
"
"2016-11-21 14:42:46ID: BB  Data: 00 00 00 AA 0E FA BC BE 
"
"2016-11-21 14:42:46ID: BC  Data: 00 00 00 AA F1 05 43 42 
"
"2016-11-21 14:42:46ID: BB  Data: 00 00 00 AA 0E FC 0D 91 
"
"2016-11-21 14:42:46ID: BC  Data: 00 00 00 AA F1 03 F2 6F 
"
"2016-11-21 14:42:46ID: BB  Data: 00 00 00 AA 0E FD 5E 63 
"
"2016-11-21 14:42:46ID: BC  Data: 00 00 00 AA F1 02 A1 9D 
"
"2016-11-21 14:42:46ID: BB  Data: 00 00 00 AA 0E FC 0D 91 
"
"2016-11-21 14:42:46ID: BC  Data: 00 00 00 AA F1 03 F2 6F 
"
"2016-11-21 14:42:46ID: BB  Data: 00 00 00 AA 0E FA BC BE 
"
"2016-11-21 14:42:46ID: BC  Data: 00 00 00 AA F1 05 43 42 
"
"2016-11-21 14:42:46ID: BC  Data: 00 00 00 AA F1 05 43 42 
"
"2016-11-21 14:42:46ID: BB  Data: 00 00 00 AA 0E F9 6B EC 
"
"2016-11-21 14:42:46ID: BC  Data: 00 00 00 AA F1 06 94 14 
"
"2016-11-21 14:42:46ID: BB  Data: 00 00 00 AA 0E F9 6B EC 
"
"2016-11-21 14:42:46ID: BC  Data: 00 00 00 AA F1 06 94 14 
"
"2016-11-21 14:42:46ID: BB  Data: 00 00 00 AA 09 E2 DD D0 
"
"2016-11-21 14:42:46ID: BC  Data: 00 00 00 AA F6 1D 22 30 
"
"2016-11-21 14:42:46ID: BB  Data: 00 00 00 AA 05 90 5A 3B 
"
"2016-11-21 14:42:46ID: BC  Data: 00 00 00 AA FA 6F A5 C5 
"
"2016-11-21 14:42:46ID: BB  Data: 00 00 00 AA 05 CA 3E 6A 
"
"2016-11-21 14:42:46ID: BC  Data: 00 00 00 AA FA 35 C1 96 
"
"2016-11-21 14:42:47ID: BB  Data: 00 00 00 AA 05 E0 9C 65 
"
"2016-11-21 14:42:47ID: BC  Data: 00 00 00 AA FA 1F 63 9B 
"
"2016-11-21 14:42:47ID: BB  Data: 00 00 00 AA 08 7E 4E F6 
"
"2016-11-21 14:42:47ID: BC  Data: 00 00 00 AA F7 81 B1 0A 
"
"2016-11-21 14:42:47ID: BB  Data: 00 00 00 AA 08 DD 0A 2B 
"
"2016-11-21 14:42:47ID: BC  Data: 00 00 00 AA F7 22 F5 D5 
"
"2016-11-21 14:42:47ID: BB  Data: 00 00 00 AA 08 E7 90 BF 
"
"2016-11-21 14:42:47ID: BC  Data: 00 00 00 AA F7 18 6F 41 
"
"2016-11-21 14:42:47ID: BB  Data: 00 00 00 AA 08 E8 E1 92 
"
"2016-11-21 14:42:47ID: BC  Data: 00 00 00 AA F7 17 1E 6E 
"
"2016-11-21 14:42:47ID: BB  Data: 00 00 00 AA 08 E7 90 BF 
"
"2016-11-21 14:42:47ID: BC  Data: 00 00 00 AA F7 18 6F 41 
"
"2016-11-21 14:42:47ID: BB  Data: 00 00 00 AA 08 DE 5A FE 
"
"2016-11-21 14:42:47ID: BC  Data: 00 00 00 AA F7 21 A5 02 
"
"2016-11-21 14:42:47ID: BB  Data: 00 00 00 AA 08 EA 32 64 
"
"2016-11-21 14:42:47ID: BC  Data: 00 00 00 AA F7 15 CD 9C 
"
"2016-11-21 14:42:47ID: BB  Data: 00 00 00 AA 08 F3 68 26 
"
"2016-11-21 14:42:47ID: BC  Data: 00 00 00 AA F7 0C 97 DA 
"
"2016-11-21 14:42:47ID: BB  Data: 00 00 00 AA 08 FC 9D E8 
"
"2016-11-21 14:42:47ID: BC  Data: 00 00 00 AA F7 03 62 18 
"
"2016-11-21 14:42:47ID: BB  Data: 00 00 00 AA 08 EA 32 64 
"
"2016-11-21 14:42:47ID: BC  Data: 00 00 00 AA F7 15 CD 9C 
"
"2016-11-21 14:42:48ID: BB  Data: 00 00 00 AA 08 EB 83 37 
"
"2016-11-21 14:42:48ID: BC  Data: 00 00 00 AA F7 14 7C C9 
"
"2016-11-21 14:42:48ID: BB  Data: 00 00 00 AA 08 F6 09 CB 
"
"2016-11-21 14:42:48ID: BC  Data: 00 00 00 AA F7 09 F6 35 
"
"2016-11-21 14:42:48ID: BB  Data: 00 00 00 AA 09 21 74 EE 
"
"2016-11-21 14:42:48ID: BC  Data: 00 00 00 AA F6 DE 8B 12 
"
"2016-11-21 14:42:48ID: BB  Data: 00 00 00 AA 0A 30 7E 54 
"
"2016-11-21 14:42:48ID: BC  Data: 00 00 00 AA F5 CF 81 AC 
"
"2016-11-21 14:42:48ID: BB  Data: 00 00 00 AA 0A B2 BF BE 
"
"2016-11-21 14:42:48ID: BC  Data: 00 00 00 AA F5 4D 40 42 
"
"2016-11-21 14:42:48ID: BB  Data: 00 00 00 AA 0B 01 B1 15 
"
"2016-11-21 14:42:48ID: BC  Data: 00 00 00 AA F4 FE 4E EB 
"
"2016-11-21 14:42:48ID: BB  Data: 00 00 00 AA 0B 60 6C 4A 
"
"2016-11-21 14:42:48ID: BC  Data: 00 00 00 AA F4 9F 93 B6 
"
"2016-11-21 14:42:48ID: BB  Data: 00 00 00 AA 0C 24 76 D1 
"
"2016-11-21 14:42:48ID: BC  Data: 00 00 00 AA F3 DB 89 2F 
"
"2016-11-21 14:42:48ID: BB  Data: 00 00 00 AA 0D 3E 06 CB 
"
"2016-11-21 14:42:48ID: BC  Data: 00 00 00 AA F2 C1 F9 35 
"
"2016-11-21 14:42:48ID: BB  Data: 00 00 00 AA 0E 81 B1 17 
"
"2016-11-21 14:42:48ID: BC  Data: 00 00 00 AA F1 7E 4E E9 
"
"2016-11-21 14:42:48ID: BB  Data: 00 00 00 AA 0E F4 28 A1 
"
"2016-11-21 14:42:48ID: BC  Data: 00 00 00 AA F1 0B D7 5F 
"
"2016-11-21 14:42:49ID: BB  Data: 00 00 00 AA 0E FA BC BE 
"
"2016-11-21 14:42:49ID: BC  Data: 00 00 00 AA F1 05 43 42 
"
"2016-11-21 14:42:49ID: BB  Data: 00 00 00 AA 0E FA BC BE 
"
"2016-11-21 14:42:49ID: BC  Data: 00 00 00 AA F1 05 43 42 
"
"2016-11-21 14:42:49ID: BB  Data: 00 00 00 AA 0E F9 6B EC 
"
"2016-11-21 14:42:49ID: BC  Data: 00 00 00 AA F1 06 94 14 
"
"2016-11-21 14:42:49ID: BB  Data: 00 00 00 AA 0E F9 6B EC 
"
"2016-11-21 14:42:49ID: BC  Data: 00 00 00 AA F1 06 94 14 
"
"2016-11-21 14:42:49ID: BB  Data: 00 00 00 AA 0E F8 1B 19 
"
"2016-11-21 14:42:49ID: BC  Data: 00 00 00 AA F1 07 E4 E7 
"
"2016-11-21 14:42:49ID: BB  Data: 00 00 00 AA 0E F9 6B EC 
"
"2016-11-21 14:42:49ID: BC  Data: 00 00 00 AA F1 06 94 14 
"
"2016-11-21 14:42:49ID: BB  Data: 00 00 00 AA 0E FA BC BE 
"
"2016-11-21 14:42:49ID: BC  Data: 00 00 00 AA F1 05 43 42 
"
"2016-11-21 14:42:49ID: BB  Data: 00 00 00 AA 0E FA BC BE 
"
"2016-11-21 14:42:49ID: BC  Data: 00 00 00 AA F1 05 43 42 
"
"2016-11-21 14:42:49ID: BB  Data: 00 00 00 AA 0E FA BC BE 
"
"2016-11-21 14:42:49ID: BC  Data: 00 00 00 AA F1 05 43 42 
"
"2016-11-21 14:42:49ID: BB  Data: 00 00 00 AA 0E FC 0D 91 
"
"2016-11-21 14:42:49ID: BC  Data: 00 00 00 AA F1 03 F2 6F 
"
"2016-11-21 14:42:49ID: BB  Data: 00 00 00 AA 0E FA BC BE 
"
"2016-11-21 14:42:49ID: BC  Data: 00 00 00 AA F1 05 43 42 
"
"2016-11-21 14:42:49ID: BB  Data: 00 00 00 AA 0E F9 6B EC 
"
"2016-11-21 14:42:49ID: BC  Data: 00 00 00 AA F1 06 94 14 
"
"2016-11-21 14:42:50ID: BB  Data: 00 00 00 AA 0E FA BC BE 
"
"2016-11-21 14:42:50ID: BC  Data: 00 00 00 AA F1 05 43 42 
"
"2016-11-21 14:42:50ID: BB  Data: 00 00 00 AA 0E F8 1B 19 
"
"2016-11-21 14:42:50ID: BC  Data: 00 00 00 AA F1 07 E4 E7 
"
"2016-11-21 14:42:50ID: BB  Data: 00 00 00 AA 0E FA BC BE 
"
"2016-11-21 14:42:50ID: BC  Data: 00 00 00 AA F1 05 43 42 
"
"2016-11-21 14:42:50ID: BB  Data: 00 00 00 AA 0E FA BC BE 
"
"2016-11-21 14:42:50ID: BC  Data: 00 00 00 AA F1 05 43 42 
"
"2016-11-21 14:42:50ID: BB  Data: 00 00 00 AA 0E FC 0D 91 
"
"2016-11-21 14:42:50ID: BC  Data: 00 00 00 AA F1 03 F2 6F 
"
"2016-11-21 14:42:50ID: BB  Data: 00 00 00 AA 0E FA BC BE 
"
"2016-11-21 14:42:50ID: BC  Data: 00 00 00 AA F1 05 43 42 
"
"2016-11-21 14:42:50ID: BB  Data: 00 00 00 AA 0E F9 6B EC 
"
"2016-11-21 14:42:50ID: BC  Data: 00 00 00 AA F1 06 94 14 
"
"2016-11-21 14:42:50ID: BB  Data: 00 00 00 AA 0E FC 0D 91 
"
"2016-11-21 14:42:50ID: BC  Data: 00 00 00 AA F1 03 F2 6F 
"
"2016-11-21 14:42:50ID: BB  Data: 00 00 00 AA 0E FA BC BE 
"
"2016-11-21 14:42:50ID: BC  Data: 00 00 00 AA F1 05 43 42 
"
"2016-11-21 14:42:50ID: BB  Data: 00 00 00 AA 0E FA BC BE 
"
"2016-11-21 14:42:50ID: BC  Data: 00 00 00 AA F1 05 43 42 
"
"2016-11-21 14:42:50ID: BB  Data: 00 00 00 AA 0E F8 1B 19 
"
"2016-11-21 14:42:50ID: BC  Data: 00 00 00 AA F1 07 E4 E7 
"
"2016-11-21 14:42:51ID: BB  Data: 00 00 00 AA 0E F9 6B EC 
"
"2016-11-21 14:42:51ID: BC  Data: 00 00 00 AA F1 06 94 14 
"
"2016-11-21 14:42:51ID: BB  Data: 00 00 00 AA 0E FA BC BE 
"
"2016-11-21 14:42:51ID: BC  Data: 00 00 00 AA F1 05 43 42 
"
"2016-11-21 14:42:51ID: BB  Data: 00 00 00 AA 0E F8 1B 19 
"
"2016-11-21 14:42:51ID: BC  Data: 00 00 00 AA F1 07 E4 E7 
"
"2016-11-21 14:42:51ID: BB  Data: 00 00 00 AA 0E FC 0D 91 
"
"2016-11-21 14:42:51ID: BC  Data: 00 00 00 AA F1 03 F2 6F 
"
"2016-11-21 14:42:51ID: BB  Data: 00 00 00 AA 0E F9 6B EC 
"
"2016-11-21 14:42:51ID: BC  Data: 00 00 00 AA F1 06 94 14 
"
"2016-11-21 14:42:51ID: BB  Data: 00 00 00 AA 0E F9 6B EC 
"
"2016-11-21 14:42:51ID: BC  Data: 00 00 00 AA F1 06 94 14 
"
"2016-11-21 14:42:51ID: BB  Data: 00 00 00 AA 0E F9 6B EC 
"
"2016-11-21 14:42:51ID: BC  Data: 00 00 00 AA F1 06 94 14 
"
"2016-11-21 14:42:51ID: BB  Data: 00 00 00 AA 0E FA BC BE 
"
"2016-11-21 14:42:51ID: BC  Data: 00 00 00 AA F1 05 43 42 
"
"2016-11-21 14:42:51ID: BB  Data: 00 00 00 AA 0E FA BC BE 
"
"2016-11-21 14:42:51ID: BC  Data: 00 00 00 AA F1 05 43 42 
"
"2016-11-21 14:42:51ID: BB  Data: 00 00 00 AA 0E F9 6B EC 
"
"2016-11-21 14:42:51ID: BC  Data: 00 00 00 AA F1 06 94 14 
"
"2016-11-21 14:42:51ID: BB  Data: 00 00 00 AA 0E F9 6B EC 
"
"2016-11-21 14:42:51ID: BC  Data: 00 00 00 AA F1 06 94 14 
"
"2016-11-21 14:42:51ID: BB  Data: 00 00 00 AA 0E F9 6B EC 
"
"2016-11-21 14:42:52ID: BC  Data: 00 00 00 AA F1 06 94 14 
"
"2016-11-21 14:42:52ID: BB  Data: 00 00 00 AA 0E FA BC BE 
"
"2016-11-21 14:42:52ID: BC  Data: 00 00 00 AA F1 05 43 42 
"
"2016-11-21 14:42:52ID: BB  Data: 00 00 00 AA 0E F8 1B 19 
"
"2016-11-21 14:42:52ID: BC  Data: 00 00 00 AA F1 07 E4 E7 
"
"2016-11-21 14:42:52ID: BB  Data: 00 00 00 AA 0E F8 1B 19 
"
"2016-11-21 14:42:52ID: BC  Data: 00 00 00 AA F1 07 E4 E7 
"
"2016-11-21 14:42:52ID: BB  Data: 00 00 00 AA 0E FA BC BE 
"
"2016-11-21 14:42:52ID: BC  Data: 00 00 00 AA F1 05 43 42 
"
"2016-11-21 14:42:52ID: BB  Data: 00 00 00 AA 0E FA BC BE 
"
"2016-11-21 14:42:52ID: BC  Data: 00 00 00 AA F1 05 43 42 
"
"2016-11-21 14:42:52ID: BB  Data: 00 00 00 AA 0E F8 1B 19 
"
"2016-11-21 14:42:52ID: BC  Data: 00 00 00 AA F1 07 E4 E7 
"
"2016-11-21 14:42:52ID: BB  Data: 00 00 00 AA 0E F9 6B EC 
"
"2016-11-21 14:42:52ID: BC  Data: 00 00 00 AA F1 06 94 14 
"
"2016-11-21 14:42:52ID: BB  Data: 00 00 00 AA 0E F9 6B EC 
"
"2016-11-21 14:42:52ID: BC  Data: 00 00 00 AA F1 06 94 14 
"
"2016-11-21 14:42:52ID: BB  Data: 00 00 00 AA 0E F9 6B EC 
"
"2016-11-21 14:42:52ID: BC  Data: 00 00 00 AA F1 06 94 14 
"
"2016-11-21 14:42:52ID: BB  Data: 00 00 00 AA 0E FA BC BE 
"
"2016-11-21 14:42:52ID: BC  Data: 00 00 00 AA F1 05 43 42 
"
"2016-11-21 14:42:52ID: BB  Data: 00 00 00 AA 0E F9 6B EC 
"
"2016-11-21 14:42:52ID: BC  Data: 00 00 00 AA F1 06 94 14 
"
"2016-11-21 14:42:53ID: BB  Data: 00 00 00 AA 0E F8 1B 19 
"
"2016-11-21 14:42:53ID: BC  Data: 00 00 00 AA F1 07 E4 E7 
"
"2016-11-21 14:42:53ID: BB  Data: 00 00 00 AA 0E F8 1B 19 
"
"2016-11-21 14:42:53ID: BC  Data: 00 00 00 AA F1 07 E4 E7 
"
"2016-11-21 14:42:53ID: BB  Data: 00 00 00 AA 0E F9 6B EC 
"
"2016-11-21 14:42:53ID: BC  Data: 00 00 00 AA F1 06 94 14 
"
"2016-11-21 14:42:53ID: BB  Data: 00 00 00 AA 0E F9 6B EC 
"
"2016-11-21 14:42:53ID: BC  Data: 00 00 00 AA F1 06 94 14 
"
"2016-11-21 14:42:53ID: BB  Data: 00 00 00 AA 0E FA BC BE 
"
"2016-11-21 14:42:53ID: BC  Data: 00 00 00 AA F1 05 43 42 
"
"2016-11-21 14:42:53ID: BB  Data: 00 00 00 AA 0E F6 CA 46 
"
"2016-11-21 14:42:53ID: BC  Data: 00 00 00 AA F1 09 35 BA 
"
"2016-11-21 14:42:53ID: BB  Data: 00 00 00 AA 0E F9 6B EC 
"
"2016-11-21 14:42:53ID: BC  Data: 00 00 00 AA F1 06 94 14 
"
"2016-11-21 14:42:53ID: BB  Data: 00 00 00 AA 0D 9C C2 01 
"
"2016-11-21 14:42:53ID: BC  Data: 00 00 00 AA F2 63 3D FF 
"
"2016-11-21 14:42:53ID: BB  Data: 00 00 00 AA 05 0A 26 5B 
"
"2016-11-21 14:42:53ID: BC  Data: 00 00 00 AA FA F5 D9 A5 
"
"2016-11-21 14:42:53ID: BB  Data: 00 00 00 AA 01 8E 18 D0 
"
"2016-11-21 14:42:53ID: BC  Data: 00 00 00 AA FE 71 E7 30 
"
"2016-11-21 14:42:53ID: BB  Data: 00 00 00 AA 00 00 00 00 
"
"2016-11-21 14:42:53ID: BC  Data: 00 00 00 AA 00 00 00 00 
"
"2016-11-21 14:42:54ID: BB  Data: 00 00 00 AA 00 00 00 00 
"
"2016-11-21 14:42:54ID: BC  Data: 00 00 00 AA 00 00 00 00 
"
"2016-11-21 14:42:54ID: BB  Data: 00 00 00 AA 00 00 00 00 
"
"2016-11-21 14:42:54ID: BC  Data: 00 00 00 AA 00 00 00 00 
"
"2016-11-21 14:42:54ID: BB  Data: 00 00 00 AA 00 00 00 00 
"
"2016-11-21 14:42:54ID: BC  Data: 00 00 00 AA 00 00 00 00 
"
"2016-11-21 14:42:54ID: BB  Data: 00 00 00 AA 00 00 00 00 
"
"2016-11-21 14:42:54ID: BC  Data: 00 00 00 AA 00 00 00 00 
"
"2016-11-21 14:42:54ID: BB  Data: 00 00 00 AA 00 00 00 00 
"
"2016-11-21 14:42:54ID: BC  Data: 00 00 00 AA 00 00 00 00 
"
"2016-11-21 14:42:54ID: BB  Data: 00 00 00 AA 00 00 00 00 
"
"2016-11-21 14:42:54ID: BC  Data: 00 00 00 AA 00 00 00 00 
"
"2016-11-21 14:42:54ID: BB  Data: 00 00 00 AA 00 00 00 00 
"
"2016-11-21 14:42:54ID: BC  Data: 00 00 00 AA 00 00 00 00 
"
"2016-11-21 14:42:54ID: BB  Data: 00 00 00 AA 00 00 00 00 
"
"2016-11-21 14:42:54ID: BC  Data: 00 00 00 AA 00 00 00 00 
"
"2016-11-21 14:42:54ID: BB  Data: 00 00 00 AA 00 00 00 00 
"
"2016-11-21 14:42:54ID: BC  Data: 00 00 00 AA 00 00 00 00 
"
"2016-11-21 14:42:54ID: BB  Data: 00 00 00 AA 00 00 00 00 
"
"2016-11-21 14:42:54ID: BC  Data: 00 00 00 AA 00 00 00 00 
"
"2016-11-21 14:42:54ID: BB  Data: 00 00 00 AA 00 00 00 00 
"
"2016-11-21 14:42:54ID: BC  Data: 00 00 00 AA 00 00 00 00 
"
"2016-11-21 14:42:54ID: BB  Data: 00 00 00 AA 00 00 00 00 
"
"2016-11-21 14:42:54ID: BC  Data: 00 00 00 AA 00 00 00 00 
"
"2016-11-21 14:42:55ID: BB  Data: 00 00 00 AA 00 00 00 00 
"
"2016-11-21 14:42:55ID: BC  Data: 00 00 00 AA 00 00 00 00 
"
"2016-11-21 14:42:55ID: BB  Data: 00 00 00 AA 00 00 00 00 
"
"2016-11-21 14:42:55ID: BC  Data: 00 00 00 AA 00 00 00 00 
"
"2016-11-21 14:42:55ID: BB  Data: 00 00 00 AA 00 00 00 00 
"
"2016-11-21 14:42:55ID: BC  Data: 00 00 00 AA 00 00 00 00 
"
"2016-11-21 14:42:55ID: BB  Data: 00 00 00 AA 00 00 00 00 
"
"2016-11-21 14:42:55ID: BC  Data: 00 00 00 AA 00 00 00 00 
"
"2016-11-21 14:42:55ID: BB  Data: 00 00 00 AA 00 00 00 00 
"
"2016-11-21 14:42:55ID: BC  Data: 00 00 00 AA 00 00 00 00 
"
"2016-11-21 14:42:55ID: BB  Data: 00 00 00 AA 00 00 00 00 
"
"2016-11-21 14:42:55ID: BC  Data: 00 00 00 AA 00 00 00 00 
"
"2016-11-21 14:42:55ID: BB  Data: 00 00 00 AA 01 D6 76 0B 
"
"2016-11-21 14:42:55ID: BC  Data: 00 00 00 AA FE 29 89 F5 
"
"2016-11-21 14:42:55ID: BB  Data: 00 00 00 AA 04 75 79 6E 
"
"2016-11-21 14:42:55ID: BC  Data: 00 00 00 AA FB 8A 86 92 
"
"2016-11-21 14:42:55ID: BB  Data: 00 00 00 AA 06 4C 7F D3 
"
"2016-11-21 14:42:55ID: BC  Data: 00 00 00 AA F9 B3 80 2D 
"
"2016-11-21 14:42:55ID: BB  Data: 00 00 00 AA 07 FE AF 32 
"
"2016-11-21 14:42:55ID: BC  Data: 00 00 00 AA F8 01 50 CE 
"
"2016-11-21 14:42:55ID: BB  Data: 00 00 00 AA 09 AF 8D BE 
"
"2016-11-21 14:42:55ID: BC  Data: 00 00 00 AA F6 50 72 42 
"
"2016-11-21 14:42:56ID: BB  Data: 00 00 00 AA 0B 79 6B EA 
"
"2016-11-21 14:42:56ID: BC  Data: 00 00 00 AA F4 86 94 16 
"
"2016-11-21 14:42:56ID: BB  Data: 00 00 00 AA 0C CC E0 13 
"
"2016-11-21 14:42:56ID: BC  Data: 00 00 00 AA F3 33 1F ED 
"
"2016-11-21 14:42:56ID: BB  Data: 00 00 00 AA 0D B3 1F FB 
"
"2016-11-21 14:42:56ID: BC  Data: 00 00 00 AA F2 4C E0 05 
"
"2016-11-21 14:42:56ID: BB  Data: 00 00 00 AA 0E A6 88 1D 
"
"2016-11-21 14:42:56ID: BC  Data: 00 00 00 AA F1 59 77 E3 
"
"2016-11-21 14:42:56ID: BB  Data: 00 00 00 AA 0E F2 D7 CF 
"
"2016-11-21 14:42:56ID: BC  Data: 00 00 00 AA F1 0D 28 31 
"
"2016-11-21 14:42:56ID: BB  Data: 00 00 00 AA 0E F6 CA 46 
"
"2016-11-21 14:42:56ID: BC  Data: 00 00 00 AA F1 09 35 BA 
"
"2016-11-21 14:42:56ID: BB  Data: 00 00 00 AA 0E F9 6B EC 
"
"2016-11-21 14:42:56ID: BC  Data: 00 00 00 AA F1 06 94 14 
"
"2016-11-21 14:42:56ID: BB  Data: 00 00 00 AA 0E F9 6B EC 
"
"2016-11-21 14:42:56ID: BC  Data: 00 00 00 AA F1 06 94 14 
"
"2016-11-21 14:42:56ID: BB  Data: 00 00 00 AA 0E F9 6B EC 
"
"2016-11-21 14:42:56ID: BC  Data: 00 00 00 AA F1 06 94 14 
"
"2016-11-21 14:42:56ID: BB  Data: 00 00 00 AA 0E FA BC BE 
"
"2016-11-21 14:42:56ID: BC  Data: 00 00 00 AA F1 05 43 42 
"
"2016-11-21 14:42:56ID: BB  Data: 00 00 00 AA 0E F9 6B EC 
"
"2016-11-21 14:42:56ID: BC  Data: 00 00 00 AA F1 06 94 14 
"
"2016-11-21 14:42:57ID: BB  Data: 00 00 00 AA 0E F8 1B 19 
"
"2016-11-21 14:42:57ID: BC  Data: 00 00 00 AA F1 07 E4 E7 
"
"2016-11-21 14:42:57ID: BB  Data: 00 00 00 AA 0E F6 CA 46 
"
"2016-11-21 14:42:57ID: BC  Data: 00 00 00 AA F1 09 35 BA 
"
"2016-11-21 14:42:57ID: BB  Data: 00 00 00 AA 0E F9 6B EC 
"
"2016-11-21 14:42:57ID: BC  Data: 00 00 00 AA F1 06 94 14 
"
"2016-11-21 14:42:57ID: BB  Data: 00 00 00 AA 0E F9 6B EC 
"
"2016-11-21 14:42:57ID: BC  Data: 00 00 00 AA F1 06 94 14 
"
"2016-11-21 14:42:57ID: BB  Data: 00 00 00 AA 0E F9 6B EC 
"
"2016-11-21 14:42:57ID: BC  Data: 00 00 00 AA F1 06 94 14 
"
"2016-11-21 14:42:57ID: BB  Data: 00 00 00 AA 0E FA BC BE 
"
"2016-11-21 14:42:57ID: BC  Data: 00 00 00 AA F1 05 43 42 
"
"2016-11-21 14:42:57ID: BB  Data: 00 00 00 AA 0E F9 6B EC 
"
"2016-11-21 14:42:57ID: BC  Data: 00 00 00 AA F1 06 94 14 
"
"2016-11-21 14:42:57ID: BB  Data: 00 00 00 AA 0E F9 6B EC 
"
"2016-11-21 14:42:57ID: BC  Data: 00 00 00 AA F1 06 94 14 
"
"2016-11-21 14:42:57ID: BB  Data: 00 00 00 AA 0E F9 6B EC 
"
"2016-11-21 14:42:57ID: BC  Data: 00 00 00 AA F1 06 94 14 
"
"2016-11-21 14:42:57ID: BB  Data: 00 00 00 AA 0E FA BC BE 
"
"2016-11-21 14:42:57ID: BC  Data: 00 00 00 AA F1 05 43 42 
"
"2016-11-21 14:42:57ID: BB  Data: 00 00 00 AA 0E FA BC BE 
"
"2016-11-21 14:42:57ID: BC  Data: 00 00 00 AA F1 05 43 42 
"
"2016-11-21 14:42:57ID: BB  Data: 00 00 00 AA 0E F9 6B EC 
"
"2016-11-21 14:42:57ID: BC  Data: 00 00 00 AA F1 06 94 14 
"
"2016-11-21 14:42:58ID: BB  Data: 00 00 00 AA 0E FA BC BE 
"
"2016-11-21 14:42:58ID: BC  Data: 00 00 00 AA F1 05 43 42 
"
"2016-11-21 14:42:58ID: BB  Data: 00 00 00 AA 0E F8 1B 19 
"
"2016-11-21 14:42:58ID: BC  Data: 00 00 00 AA F1 07 E4 E7 
"
"2016-11-21 14:42:58ID: BB  Data: 00 00 00 AA 0E FD 5E 63 
"
"2016-11-21 14:42:58ID: BC  Data: 00 00 00 AA F1 02 A1 9D 
"
"2016-11-21 14:42:58ID: BB  Data: 00 00 00 AA 0E FA BC BE 
"
"2016-11-21 14:42:58ID: BC  Data: 00 00 00 AA F1 05 43 42 
"
"2016-11-21 14:42:58ID: BB  Data: 00 00 00 AA 0E F9 6B EC 
"
"2016-11-21 14:42:58ID: BC  Data: 00 00 00 AA F1 06 94 14 
"
"2016-11-21 14:42:58ID: BB  Data: 00 00 00 AA 0E F9 6B EC 
"
"2016-11-21 14:42:58ID: BC  Data: 00 00 00 AA F1 06 94 14 
"
"2016-11-21 14:42:58ID: BB  Data: 00 00 00 AA 0E FA BC BE 
"
"2016-11-21 14:42:58ID: BC  Data: 00 00 00 AA F1 05 43 42 
"
"2016-11-21 14:42:58ID: BB  Data: 00 00 00 AA 0E F9 6B EC 
"
"2016-11-21 14:42:58ID: BC  Data: 00 00 00 AA F1 06 94 14 
"
"2016-11-21 14:42:58ID: BB  Data: 00 00 00 AA 0E F9 6B EC 
"
"2016-11-21 14:42:58ID: BC  Data: 00 00 00 AA F1 06 94 14 
"
"2016-11-21 14:42:58ID: BB  Data: 00 00 00 AA 0E FA BC BE 
"
"2016-11-21 14:42:58ID: BC  Data: 00 00 00 AA F1 05 43 42 
"
"2016-11-21 14:42:58ID: BB  Data: 00 00 00 AA 0E F9 6B EC 
"
"2016-11-21 14:42:58ID: BC  Data: 00 00 00 AA F1 06 94 14 
"
"2016-11-21 14:42:59ID: BB  Data: 00 00 00 AA 0E F9 6B EC 
"
"2016-11-21 14:42:59ID: BC  Data: 00 00 00 AA F1 06 94 14 
"
"2016-11-21 14:42:59ID: BB  Data: 00 00 00 AA 0E FC 0D 91 
"
"2016-11-21 14:42:59ID: BC  Data: 00 00 00 AA F1 03 F2 6F 
"
"2016-11-21 14:42:59ID: BB  Data: 00 00 00 AA 0E FA BC BE 
"
"2016-11-21 14:42:59ID: BC  Data: 00 00 00 AA F1 05 43 42 
"
"2016-11-21 14:42:59ID: BB  Data: 00 00 00 AA 0E FA BC BE 
"
"2016-11-21 14:42:59ID: BC  Data: 00 00 00 AA F1 05 43 42 
"
"2016-11-21 14:42:59ID: BB  Data: 00 00 00 AA 0E FC 0D 91 
"
"2016-11-21 14:42:59ID: BC  Data: 00 00 00 AA F1 03 F2 6F 
"
"2016-11-21 14:42:59ID: BB  Data: 00 00 00 AA 0E FA BC BE 
"
"2016-11-21 14:42:59ID: BC  Data: 00 00 00 AA F1 05 43 42 
"
"2016-11-21 14:42:59ID: BB  Data: 00 00 00 AA 0E F9 6B EC 
"
"2016-11-21 14:42:59ID: BC  Data: 00 00 00 AA F1 06 94 14 
"
"2016-11-21 14:42:59ID: BB  Data: 00 00 00 AA 0E F8 1B 19 
"
"2016-11-21 14:42:59ID: BC  Data: 00 00 00 AA F1 07 E4 E7 
"
"2016-11-21 14:42:59ID: BB  Data: 00 00 00 AA 0E F8 1B 19 
"
"2016-11-21 14:42:59ID: BC  Data: 00 00 00 AA F1 07 E4 E7 
"
"2016-11-21 14:42:59ID: BB  Data: 00 00 00 AA 0E FA BC BE 
"
"2016-11-21 14:42:59ID: BC  Data: 00 00 00 AA F1 05 43 42 
"
"2016-11-21 14:42:59ID: BB  Data: 00 00 00 AA 0E F9 6B EC 
"
"2016-11-21 14:42:59ID: BC  Data: 00 00 00 AA F1 06 94 14 
"
"2016-11-21 14:42:59ID: BB  Data: 00 00 00 AA 0E FA BC BE 
"
"2016-11-21 14:43:00ID: BC  Data: 00 00 00 AA F1 05 43 42 
"
"2016-11-21 14:43:00ID: BB  Data: 00 00 00 AA 0E FA BC BE 
"
"2016-11-21 14:43:00ID: BC  Data: 00 00 00 AA F1 05 43 42 
"
"2016-11-21 14:43:00ID: BB  Data: 00 00 00 AA 0E F9 6B EC 
"
"2016-11-21 14:43:00ID: BC  Data: 00 00 00 AA F1 06 94 14 
"
"2016-11-21 14:43:00ID: BB  Data: 00 00 00 AA 0E FA BC BE 
"
"2016-11-21 14:43:00ID: BC  Data: 00 00 00 AA F1 05 43 42 
"
"2016-11-21 14:43:00ID: BB  Data: 00 00 00 AA 0E FC 0D 91 
"
"2016-11-21 14:43:00ID: BC  Data: 00 00 00 AA F1 03 F2 6F 
"
"2016-11-21 14:43:00ID: BB  Data: 00 00 00 AA 0E F9 6B EC 
"
"2016-11-21 14:43:00ID: BC  Data: 00 00 00 AA F1 06 94 14 
"
"2016-11-21 14:43:00ID: BB  Data: 00 00 00 AA 0E F9 6B EC 
"
"2016-11-21 14:43:00ID: BC  Data: 00 00 00 AA F1 06 94 14 
"
"2016-11-21 14:43:00ID: BB  Data: 00 00 00 AA 0E F9 6B EC 
"
"2016-11-21 14:43:00ID: BC  Data: 00 00 00 AA F1 06 94 14 
"
"2016-11-21 14:43:00ID: BB  Data: 00 00 00 AA 0E F9 6B EC 
"
"2016-11-21 14:43:00ID: BC  Data: 00 00 00 AA F1 06 94 14 
"
"2016-11-21 14:43:00ID: BB  Data: 00 00 00 AA 0E F9 6B EC 
"
"2016-11-21 14:43:00ID: BC  Data: 00 00 00 AA F1 06 94 14 
"
"2016-11-21 14:43:00ID: BB  Data: 00 00 00 AA 0E FA BC BE 
"
"2016-11-21 14:43:00ID: BC  Data: 00 00 00 AA F1 05 43 42 
"
"2016-11-21 14:43:00ID: BB  Data: 00 00 00 AA 0E F9 6B EC 
"
"2016-11-21 14:43:00ID: BC  Data: 00 00 00 AA F1 06 94 14 
"
"2016-11-21 14:43:01ID: BB  Data: 00 00 00 AA 0E F9 6B EC 
"
"2016-11-21 14:43:01ID: BC  Data: 00 00 00 AA F1 06 94 14 
"
"2016-11-21 14:43:01ID: BB  Data: 00 00 00 AA 0E FA BC BE 
"
"2016-11-21 14:43:01ID: BC  Data: 00 00 00 AA F1 05 43 42 
"
"2016-11-21 14:43:01ID: BB  Data: 00 00 00 AA 0E FA BC BE 
"
"2016-11-21 14:43:01ID: BC  Data: 00 00 00 AA F1 05 43 42 
"
"2016-11-21 14:43:01ID: BB  Data: 00 00 00 AA 0E F9 6B EC 
"
"2016-11-21 14:43:01ID: BC  Data: 00 00 00 AA F1 06 94 14 
"
"2016-11-21 14:43:01ID: BB  Data: 00 00 00 AA 0E F9 6B EC 
"
"2016-11-21 14:43:01ID: BC  Data: 00 00 00 AA F1 06 94 14 
"
"2016-11-21 14:43:01ID: BB  Data: 00 00 00 AA 0E F9 6B EC 
"
"2016-11-21 14:43:01ID: BC  Data: 00 00 00 AA F1 06 94 14 
"
"2016-11-21 14:43:01ID: BB  Data: 00 00 00 AA 0E F9 6B EC 
"
"2016-11-21 14:43:01ID: BC  Data: 00 00 00 AA F1 06 94 14 
"
"2016-11-21 14:43:01ID: BB  Data: 00 00 00 AA 0E FA BC BE 
"
"2016-11-21 14:43:01ID: BC  Data: 00 00 00 AA F1 05 43 42 
"
"2016-11-21 14:43:01ID: BB  Data: 00 00 00 AA 0E F8 1B 19 
"
"2016-11-21 14:43:01ID: BC  Data: 00 00 00 AA F1 07 E4 E7 
"
"2016-11-21 14:43:01ID: BB  Data: 00 00 00 AA 0E F9 6B EC 
"
"2016-11-21 14:43:01ID: BC  Data: 00 00 00 AA F1 06 94 14 
"
"2016-11-21 14:43:01ID: BB  Data: 00 00 00 AA 0E FA BC BE 
"
"2016-11-21 14:43:01ID: BC  Data: 00 00 00 AA F1 05 43 42 
"
"2016-11-21 14:43:02ID: BB  Data: 00 00 00 AA 0E FA BC BE 
"
"2016-11-21 14:43:02ID: BC  Data: 00 00 00 AA F1 05 43 42 
"
"2016-11-21 14:43:02ID: BB  Data: 00 00 00 AA 0E FA BC BE 
"
"2016-11-21 14:43:02ID: BC  Data: 00 00 00 AA F1 05 43 42 
"
"2016-11-21 14:43:02ID: BB  Data: 00 00 00 AA 0E F8 1B 19 
"
"2016-11-21 14:43:02ID: BC  Data: 00 00 00 AA F1 07 E4 E7 
"
"2016-11-21 14:43:02ID: BB  Data: 00 00 00 AA 0E FA BC BE 
"
"2016-11-21 14:43:02ID: BC  Data: 00 00 00 AA F1 05 43 42 
"
"2016-11-21 14:43:02ID: BB  Data: 00 00 00 AA 0E FC 0D 91 
"
"2016-11-21 14:43:02ID: BC  Data: 00 00 00 AA F1 03 F2 6F 
"
"2016-11-21 14:43:02ID: BB  Data: 00 00 00 AA 0E FA BC BE 
"
"2016-11-21 14:43:02ID: BC  Data: 00 00 00 AA F1 05 43 42 
"
"2016-11-21 14:43:02ID: BB  Data: 00 00 00 AA 0E F8 1B 19 
"
"2016-11-21 14:43:02ID: BC  Data: 00 00 00 AA F1 07 E4 E7 
"
"2016-11-21 14:43:02ID: BB  Data: 00 00 00 AA 0E F9 6B EC 
"
"2016-11-21 14:43:02ID: BC  Data: 00 00 00 AA F1 06 94 14 
"
"2016-11-21 14:43:02ID: BB  Data: 00 00 00 AA 0E FA BC BE 
"
"2016-11-21 14:43:02ID: BC  Data: 00 00 00 AA F1 05 43 42 
"
"2016-11-21 14:43:02ID: BB  Data: 00 00 00 AA 0E FA BC BE 
"
"2016-11-21 14:43:02ID: BC  Data: 00 00 00 AA F1 05 43 42 
"
"2016-11-21 14:43:02ID: BB  Data: 00 00 00 AA 0E FA BC BE 
"
"2016-11-21 14:43:02ID: BC  Data: 00 00 00 AA F1 05 43 42 
"
"2016-11-21 14:43:02ID: BB  Data: 00 00 00 AA 0E FA BC BE 
"
"2016-11-21 14:43:02ID: BC  Data: 00 00 00 AA F1 05 43 42 
"
"2016-11-21 14:43:03ID: BB  Data: 00 00 00 AA 0E FA BC BE 
"
"2016-11-21 14:43:03ID: BC  Data: 00 00 00 AA F1 05 43 42 
"
"2016-11-21 14:43:03ID: BB  Data: 00 00 00 AA 0E F9 6B EC 
"
"2016-11-21 14:43:03ID: BC  Data: 00 00 00 AA F1 06 94 14 
"
"2016-11-21 14:43:03ID: BB  Data: 00 00 00 AA 0E FA BC BE 
"
"2016-11-21 14:43:03ID: BC  Data: 00 00 00 AA F1 05 43 42 
"
"2016-11-21 14:43:03ID: BB  Data: 00 00 00 AA 0E FC 0D 91 
"
"2016-11-21 14:43:03ID: BC  Data: 00 00 00 AA F1 03 F2 6F 
"
"2016-11-21 14:43:03ID: BB  Data: 00 00 00 AA 0E FA BC BE 
"
"2016-11-21 14:43:03ID: BC  Data: 00 00 00 AA F1 05 43 42 
"
"2016-11-21 14:43:03ID: BB  Data: 00 00 00 AA 0E FA BC BE 
"
"2016-11-21 14:43:03ID: BC  Data: 00 00 00 AA F1 05 43 42 
"
"2016-11-21 14:43:03ID: BB  Data: 00 00 00 AA 0E FA BC BE 
"
"2016-11-21 14:43:03ID: BC  Data: 00 00 00 AA F1 05 43 42 
"
"2016-11-21 14:43:03ID: BB  Data: 00 00 00 AA 0E F9 6B EC 
"
"2016-11-21 14:43:03ID: BC  Data: 00 00 00 AA F1 06 94 14 
"
"2016-11-21 14:43:03ID: BB  Data: 00 00 00 AA 0E F9 6B EC 
"
"2016-11-21 14:43:03ID: BC  Data: 00 00 00 AA F1 06 94 14 
"
"2016-11-21 14:43:03ID: BB  Data: 00 00 00 AA 0E FA BC BE 
"
"2016-11-21 14:43:03ID: BC  Data: 00 00 00 AA F1 05 43 42 
"
"2016-11-21 14:43:03ID: BB  Data: 00 00 00 AA 0E FA BC BE 
"
"2016-11-21 14:43:03ID: BC  Data: 00 00 00 AA F1 05 43 42 
"
"2016-11-21 14:43:04ID: BB  Data: 00 00 00 AA 0E FA BC BE 
"
"2016-11-21 14:43:04ID: BC  Data: 00 00 00 AA F1 05 43 42 
"
"2016-11-21 14:43:04ID: BB  Data: 00 00 00 AA 0E F9 6B EC 
"
"2016-11-21 14:43:04ID: BC  Data: 00 00 00 AA F1 06 94 14 
"
"2016-11-21 14:43:04ID: BB  Data: 00 00 00 AA 0E F9 6B EC 
"
"2016-11-21 14:43:04ID: BC  Data: 00 00 00 AA F1 06 94 14 
"
"2016-11-21 14:43:04ID: BB  Data: 00 00 00 AA 0E FA BC BE 
"
"2016-11-21 14:43:04ID: BC  Data: 00 00 00 AA F1 05 43 42 
"
"2016-11-21 14:43:04ID: BB  Data: 00 00 00 AA 0E F9 6B EC 
"
"2016-11-21 14:43:04ID: BC  Data: 00 00 00 AA F1 06 94 14 
"
"2016-11-21 14:43:04ID: BB  Data: 00 00 00 AA 0E F9 6B EC 
"
"2016-11-21 14:43:04ID: BC  Data: 00 00 00 AA F1 06 94 14 
"
"2016-11-21 14:43:04ID: BB  Data: 00 00 00 AA 0E FA BC BE 
"
"2016-11-21 14:43:04ID: BC  Data: 00 00 00 AA F1 05 43 42 
"
"2016-11-21 14:43:04ID: BB  Data: 00 00 00 AA 0E F9 6B EC 
"
"2016-11-21 14:43:04ID: BC  Data: 00 00 00 AA F1 06 94 14 
"
"2016-11-21 14:43:04ID: BB  Data: 00 00 00 AA 0E F9 6B EC 
"
"2016-11-21 14:43:04ID: BC  Data: 00 00 00 AA F1 06 94 14 
"
"2016-11-21 14:43:04ID: BB  Data: 00 00 00 AA 0E F8 1B 19 
"
"2016-11-21 14:43:04ID: BC  Data: 00 00 00 AA F1 07 E4 E7 
"
"2016-11-21 14:43:04ID: BB  Data: 00 00 00 AA 0E F9 6B EC 
"
"2016-11-21 14:43:04ID: BC  Data: 00 00 00 AA F1 06 94 14 
"
"2016-11-21 14:43:05ID: BB  Data: 00 00 00 AA 0E FA BC BE 
"
"2016-11-21 14:43:05ID: BC  Data: 00 00 00 AA F1 05 43 42 
"
"2016-11-21 14:43:05ID: BB  Data: 00 00 00 AA 0E 08 A5 6F 
"
"2016-11-21 14:43:05ID: BC  Data: 00 00 00 AA F1 F7 5A 91 
"
"2016-11-21 14:43:05ID: BB  Data: 00 00 00 AA 0D 48 8D 60 
"
"2016-11-21 14:43:05ID: BC  Data: 00 00 00 AA F2 B7 72 A0 
"
"2016-11-21 14:43:05ID: BB  Data: 00 00 00 AA 0C 3A D4 CC 
"
"2016-11-21 14:43:05ID: BC  Data: 00 00 00 AA F3 C5 2B 34 
"
"2016-11-21 14:43:05ID: BB  Data: 00 00 00 AA 0B 8F C9 E4 
"
"2016-11-21 14:43:05ID: BC  Data: 00 00 00 AA F4 70 36 1C 
"
"2016-11-21 14:43:05ID: BB  Data: 00 00 00 AA 0B 3B 95 43 
"
"2016-11-21 14:43:05ID: BC  Data: 00 00 00 AA F4 C4 6A BD 
"
"2016-11-21 14:43:05ID: BB  Data: 00 00 00 AA 0A 76 39 EA 
"
"2016-11-21 14:43:05ID: BC  Data: 00 00 00 AA F5 89 C6 16 
"
"2016-11-21 14:43:05ID: BB  Data: 00 00 00 AA 09 71 B7 18 
"
"2016-11-21 14:43:05ID: BC  Data: 00 00 00 AA F6 8E 48 E8 
"
"2016-11-21 14:43:05ID: BB  Data: 00 00 00 AA 04 D4 34 A4 
"
"2016-11-21 14:43:05ID: BC  Data: 00 00 00 AA FB 2B CB 5C 
"
"2016-11-21 14:43:05ID: BB  Data: 00 00 00 AA 02 39 23 B8 
"
"2016-11-21 14:43:05ID: BC  Data: 00 00 00 AA FD C6 DC 48 
"
"2016-11-21 14:43:05ID: BB  Data: 00 00 00 AA 01 C1 68 E3 
"
"2016-11-21 14:43:05ID: BC  Data: 00 00 00 AA FE 3E 97 1D 
"
"2016-11-21 14:43:05ID: BB  Data: 00 00 00 AA 00 00 00 00 
"
"2016-11-21 14:43:05ID: BC  Data: 00 00 00 AA 00 00 00 00 
"
"2016-11-21 14:43:06ID: BB  Data: 00 00 00 AA 00 00 00 00 
"
"2016-11-21 14:43:06ID: BC  Data: 00 00 00 AA 00 00 00 00 
"
"2016-11-21 14:43:06ID: BB  Data: 00 00 00 AA 00 00 00 00 
"
"2016-11-21 14:43:06ID: BC  Data: 00 00 00 AA 00 00 00 00 
"
"2016-11-21 14:43:06ID: BB  Data: 00 00 00 AA 00 00 00 00 
"
"2016-11-21 14:43:06ID: BC  Data: 00 00 00 AA 00 00 00 00 
"
"2016-11-21 14:43:06ID: BB  Data: 00 00 00 AA 00 00 00 00 
"
"2016-11-21 14:43:06ID: BC  Data: 00 00 00 AA 00 00 00 00 
"
"2016-11-21 14:43:06ID: BB  Data: 00 00 00 AA 00 00 00 00 
"
"2016-11-21 14:43:06ID: BC  Data: 00 00 00 AA 00 00 00 00 
"
"2016-11-21 14:43:06ID: BB  Data: 00 00 00 AA 00 00 00 00 
"
"2016-11-21 14:43:06ID: BC  Data: 00 00 00 AA 00 00 00 00 
"
"2016-11-21 14:43:06ID: BB  Data: 00 00 00 AA 00 00 00 00 
"
"2016-11-21 14:43:06ID: BC  Data: 00 00 00 AA 00 00 00 00 
"
"2016-11-21 14:43:06ID: BB  Data: 00 00 00 AA 00 00 00 00 
"
"2016-11-21 14:43:06ID: BC  Data: 00 00 00 AA 00 00 00 00 
"
"2016-11-21 14:43:06ID: BB  Data: 00 00 00 AA 00 00 00 00 
"
"2016-11-21 14:43:06ID: BC  Data: 00 00 00 AA 00 00 00 00 
"
"2016-11-21 14:43:06ID: BB  Data: 00 00 00 AA 00 00 00 00 
"
"2016-11-21 14:43:06ID: BC  Data: 00 00 00 AA 00 00 00 00 
"
"2016-11-21 14:43:06ID: BB  Data: 00 00 00 AA 00 00 00 00 
"
"2016-11-21 14:43:06ID: BC  Data: 00 00 00 AA 00 00 00 00 
"
"2016-11-21 14:43:07ID: BB  Data: 00 00 00 AA 00 00 00 00 
"
"2016-11-21 14:43:07ID: BC  Data: 00 00 00 AA 00 00 00 00 
"
"2016-11-21 14:43:07ID: BB  Data: 00 00 00 AA 00 00 00 00 
"
"2016-11-21 14:43:07ID: BC  Data: 00 00 00 AA 00 00 00 00 
"
"2016-11-21 14:43:07ID: BB  Data: 00 00 00 AA 00 00 00 00 
"
"2016-11-21 14:43:07ID: BC  Data: 00 00 00 AA 00 00 00 00 
"
"2016-11-21 14:43:07ID: BB  Data: 00 00 00 AA 00 00 00 00 
"
"2016-11-21 14:43:07ID: BC  Data: 00 00 00 AA 00 00 00 00 
"
"2016-11-21 14:43:07ID: BB  Data: 00 00 00 AA 00 00 00 00 
"
"2016-11-21 14:43:07ID: BC  Data: 00 00 00 AA 00 00 00 00 
"
"2016-11-21 14:43:07ID: BB  Data: 00 00 00 AA 00 00 00 00 
"
"2016-11-21 14:43:07ID: BC  Data: 00 00 00 AA 00 00 00 00 
"
"2016-11-21 14:43:07ID: BB  Data: 00 00 00 AA 00 00 00 00 
"
"2016-11-21 14:43:07ID: BC  Data: 00 00 00 AA 00 00 00 00 
"
"2016-11-21 14:43:07ID: BB  Data: 00 00 00 AA 00 00 00 00 
"
"2016-11-21 14:43:07ID: BC  Data: 00 00 00 AA 00 00 00 00 
"
"2016-11-21 14:43:07ID: BB  Data: 00 00 00 AA 00 00 00 00 
"
"2016-11-21 14:43:07ID: BC  Data: 00 00 00 AA 00 00 00 00 
"
"2016-11-21 14:43:07ID: BB  Data: 00 00 00 AA 00 00 00 00 
"
"2016-11-21 14:43:07ID: BC  Data: 00 00 00 AA 00 00 00 00 
"
"2016-11-21 14:43:07ID: BB  Data: 00 00 00 AA 00 00 00 00 
"
"2016-11-21 14:43:07ID: BC  Data: 00 00 00 AA 00 00 00 00 
"
"2016-11-21 14:43:07ID: BB  Data: 00 00 00 AA 00 00 00 00 
"
"2016-11-21 14:43:08ID: BC  Data: 00 00 00 AA 00 00 00 00 
"
"2016-11-21 14:43:08ID: BB  Data: 00 00 00 AA 00 00 00 00 
"
"2016-11-21 14:43:08ID: BC  Data: 00 00 00 AA 00 00 00 00 
"
"2016-11-21 14:43:08ID: BB  Data: 00 00 00 AA 00 00 00 00 
"
"2016-11-21 14:43:08ID: BC  Data: 00 00 00 AA 00 00 00 00 
"
"2016-11-21 14:43:08ID: BB  Data: 00 00 00 AA 00 00 00 00 
"
"2016-11-21 14:43:08ID: BC  Data: 00 00 00 AA 00 00 00 00 
"
"2016-11-21 14:43:08ID: BB  Data: 00 00 00 AA 00 00 00 00 
"
"2016-11-21 14:43:08ID: BC  Data: 00 00 00 AA 00 00 00 00 
"
"2016-11-21 14:43:08ID: BB  Data: 00 00 00 AA 00 00 00 00 
"
"2016-11-21 14:43:08ID: BC  Data: 00 00 00 AA 00 00 00 00 
"
"2016-11-21 14:43:08ID: BB  Data: 00 00 00 AA 00 00 00 00 
"
"2016-11-21 14:43:08ID: BC  Data: 00 00 00 AA 00 00 00 00 
"
"2016-11-21 14:43:08ID: BB  Data: 00 00 00 AA 06 47 3C 89 
"
"2016-11-21 14:43:08ID: BC  Data: 00 00 00 AA F9 B8 C3 77 
"
"2016-11-21 14:43:08ID: BB  Data: 00 00 00 AA 08 CF E1 F2 
"
"2016-11-21 14:43:08ID: BC  Data: 00 00 00 AA F7 30 1E 0E 
"
"2016-11-21 14:43:08ID: BB  Data: 00 00 00 AA 0A 94 7C D4 
"
"2016-11-21 14:43:08ID: BC  Data: 00 00 00 AA F5 6B 83 2C 
"
"2016-11-21 14:43:08ID: BB  Data: 00 00 00 AA 0C E7 30 85 
"
"2016-11-21 14:43:08ID: BC  Data: 00 00 00 AA F3 18 CF 7B 
"
"2016-11-21 14:43:08ID: BB  Data: 00 00 00 AA 0E E7 00 68 
"
"2016-11-21 14:43:08ID: BC  Data: 00 00 00 AA F1 18 FF 98 
"
"2016-11-21 14:43:09ID: BB  Data: 00 00 00 AA 0E F5 79 74 
"
"2016-11-21 14:43:09ID: BC  Data: 00 00 00 AA F1 0A 86 8C 
"
"2016-11-21 14:43:09ID: BB  Data: 00 00 00 AA 0E F9 6B EC 
"
"2016-11-21 14:43:09ID: BC  Data: 00 00 00 AA F1 06 94 14 
"
"2016-11-21 14:43:09ID: BB  Data: 00 00 00 AA 0E F6 CA 46 
"
"2016-11-21 14:43:09ID: BC  Data: 00 00 00 AA F1 09 35 BA 
"
"2016-11-21 14:43:09ID: BB  Data: 00 00 00 AA 0E F6 CA 46 
"
"2016-11-21 14:43:09ID: BC  Data: 00 00 00 AA F1 09 35 BA 
"
"2016-11-21 14:43:09ID: BB  Data: 00 00 00 AA 0E FA BC BE 
"
"2016-11-21 14:43:09ID: BC  Data: 00 00 00 AA F1 05 43 42 
"
"2016-11-21 14:43:09ID: BB  Data: 00 00 00 AA 0E F9 6B EC 
"
"2016-11-21 14:43:09ID: BC  Data: 00 00 00 AA F1 06 94 14 
"
"2016-11-21 14:43:09ID: BB  Data: 00 00 00 AA 0E FA BC BE 
"
"2016-11-21 14:43:09ID: BC  Data: 00 00 00 AA F1 05 43 42 
"
"2016-11-21 14:43:09ID: BB  Data: 00 00 00 AA 0E FA BC BE 
"
"2016-11-21 14:43:09ID: BC  Data: 00 00 00 AA F1 05 43 42 
"
"2016-11-21 14:43:09ID: BB  Data: 00 00 00 AA 0E FA BC BE 
"
"2016-11-21 14:43:09ID: BC  Data: 00 00 00 AA F1 05 43 42 
"
"2016-11-21 14:43:09ID: BB  Data: 00 00 00 AA 0E F9 6B EC 
"
"2016-11-21 14:43:09ID: BC  Data: 00 00 00 AA F1 06 94 14 
"
"2016-11-21 14:43:09ID: BB  Data: 00 00 00 AA 0E F8 1B 19 
"
"2016-11-21 14:43:09ID: BC  Data: 00 00 00 AA F1 07 E4 E7 
"
"2016-11-21 14:43:10ID: BB  Data: 00 00 00 AA 0E FC 0D 91 
"
"2016-11-21 14:43:10ID: BC  Data: 00 00 00 AA F1 03 F2 6F 
"
"2016-11-21 14:43:10ID: BB  Data: 00 00 00 AA 0E F8 1B 19 
"
"2016-11-21 14:43:10ID: BC  Data: 00 00 00 AA F1 07 E4 E7 
"
"2016-11-21 14:43:10ID: BB  Data: 00 00 00 AA 0E FD 5E 63 
"
"2016-11-21 14:43:10ID: BC  Data: 00 00 00 AA F1 02 A1 9D 
"
"2016-11-21 14:43:10ID: BB  Data: 00 00 00 AA 0E FA BC BE 
"
"2016-11-21 14:43:10ID: BC  Data: 00 00 00 AA F1 05 43 42 
"
"2016-11-21 14:43:10ID: BB  Data: 00 00 00 AA 0E F9 6B EC 
"
"2016-11-21 14:43:10ID: BC  Data: 00 00 00 AA F1 06 94 14 
"
"2016-11-21 14:43:10ID: BB  Data: 00 00 00 AA 0E F9 6B EC 
"
"2016-11-21 14:43:10ID: BC  Data: 00 00 00 AA F1 06 94 14 
"
"2016-11-21 14:43:10ID: BB  Data: 00 00 00 AA 0E FA BC BE 
"
"2016-11-21 14:43:10ID: BC  Data: 00 00 00 AA F1 05 43 42 
"
"2016-11-21 14:43:10ID: BB  Data: 00 00 00 AA 0E F9 6B EC 
"
"2016-11-21 14:43:10ID: BC  Data: 00 00 00 AA F1 06 94 14 
"
"2016-11-21 14:43:10ID: BB  Data: 00 00 00 AA 0E FC 0D 91 
"
"2016-11-21 14:43:10ID: BC  Data: 00 00 00 AA F1 03 F2 6F 
"
"2016-11-21 14:43:10ID: BB  Data: 00 00 00 AA 0E F9 6B EC 
"
"2016-11-21 14:43:10ID: BC  Data: 00 00 00 AA F1 06 94 14 
"
"2016-11-21 14:43:10ID: BB  Data: 00 00 00 AA 0E F9 6B EC 
"
"2016-11-21 14:43:10ID: BC  Data: 00 00 00 AA F1 06 94 14 
"
"2016-11-21 14:43:10ID: BB  Data: 00 00 00 AA 0E FA BC BE 
"
"2016-11-21 14:43:10ID: BC  Data: 00 00 00 AA F1 05 43 42 
"
"2016-11-21 14:43:11ID: BB  Data: 00 00 00 AA 0E FC 0D 91 
"
"2016-11-21 14:43:11ID: BC  Data: 00 00 00 AA F1 03 F2 6F 
"
"2016-11-21 14:43:11ID: BB  Data: 00 00 00 AA 0E F9 6B EC 
"
"2016-11-21 14:43:11ID: BC  Data: 00 00 00 AA F1 06 94 14 
"
"2016-11-21 14:43:11ID: BB  Data: 00 00 00 AA 0E F9 6B EC 
"
"2016-11-21 14:43:11ID: BC  Data: 00 00 00 AA F1 06 94 14 
"
"2016-11-21 14:43:11ID: BB  Data: 00 00 00 AA 0E FC 0D 91 
"
"2016-11-21 14:43:11ID: BC  Data: 00 00 00 AA F1 03 F2 6F 
"
"2016-11-21 14:43:11ID: BB  Data: 00 00 00 AA 0E FC 0D 91 
"
"2016-11-21 14:43:11ID: BC  Data: 00 00 00 AA F1 03 F2 6F 
"
"2016-11-21 14:43:11ID: BB  Data: 00 00 00 AA 0E FA BC BE 
"
"2016-11-21 14:43:11ID: BC  Data: 00 00 00 AA F1 05 43 42 
"
"2016-11-21 14:43:11ID: BB  Data: 00 00 00 AA 0E F9 6B EC 
"
"2016-11-21 14:43:11ID: BC  Data: 00 00 00 AA F1 06 94 14 
"
"2016-11-21 14:43:11ID: BB  Data: 00 00 00 AA 0E F9 6B EC 
"
"2016-11-21 14:43:11ID: BC  Data: 00 00 00 AA F1 06 94 14 
"
"2016-11-21 14:43:11ID: BB  Data: 00 00 00 AA 0E F9 6B EC 
"
"2016-11-21 14:43:11ID: BC  Data: 00 00 00 AA F1 06 94 14 
"
"2016-11-21 14:43:11ID: BB  Data: 00 00 00 AA 0E F9 6B EC 
"
"2016-11-21 14:43:11ID: BC  Data: 00 00 00 AA F1 06 94 14 
"
"2016-11-21 14:43:11ID: BB  Data: 00 00 00 AA 0E F9 6B EC 
"
"2016-11-21 14:43:11ID: BC  Data: 00 00 00 AA F1 06 94 14 
"
"2016-11-21 14:43:12ID: BB  Data: 00 00 00 AA 0E FA BC BE 
"
"2016-11-21 14:43:12ID: BC  Data: 00 00 00 AA F1 05 43 42 
"
"2016-11-21 14:43:12ID: BB  Data: 00 00 00 AA 0E FA BC BE 
"
"2016-11-21 14:43:12ID: BC  Data: 00 00 00 AA F1 05 43 42 
"
"2016-11-21 14:43:12ID: BB  Data: 00 00 00 AA 0E F9 6B EC 
"
"2016-11-21 14:43:12ID: BC  Data: 00 00 00 AA F1 06 94 14 
"
"2016-11-21 14:43:12ID: BB  Data: 00 00 00 AA 0E FA BC BE 
"
"2016-11-21 14:43:12ID: BC  Data: 00 00 00 AA F1 05 43 42 
"
"2016-11-21 14:43:12ID: BB  Data: 00 00 00 AA 0E FA BC BE 
"
"2016-11-21 14:43:12ID: BC  Data: 00 00 00 AA F1 05 43 42 
"
"2016-11-21 14:43:12ID: BB  Data: 00 00 00 AA 0E F9 6B EC 
"
"2016-11-21 14:43:12ID: BC  Data: 00 00 00 AA F1 06 94 14 
"
"2016-11-21 14:43:12ID: BB  Data: 00 00 00 AA 0E FA BC BE 
"
"2016-11-21 14:43:12ID: BC  Data: 00 00 00 AA F1 05 43 42 
"
"2016-11-21 14:43:12ID: BB  Data: 00 00 00 AA 0E FA BC BE 
"
"2016-11-21 14:43:12ID: BC  Data: 00 00 00 AA F1 05 43 42 
"
"2016-11-21 14:43:12ID: BB  Data: 00 00 00 AA 0E F9 6B EC 
"
"2016-11-21 14:43:12ID: BC  Data: 00 00 00 AA F1 06 94 14 
"
"2016-11-21 14:43:12ID: BB  Data: 00 00 00 AA 0E FA BC BE 
"
"2016-11-21 14:43:12ID: BC  Data: 00 00 00 AA F1 05 43 42 
"
"2016-11-21 14:43:12ID: BB  Data: 00 00 00 AA 0E F6 CA 46 
"
"2016-11-21 14:43:12ID: BC  Data: 00 00 00 AA F1 09 35 BA 
"
"2016-11-21 14:43:13ID: BB  Data: 00 00 00 AA 0E F9 6B EC 
"
"2016-11-21 14:43:13ID: BC  Data: 00 00 00 AA F1 06 94 14 
"
"2016-11-21 14:43:13ID: BB  Data: 00 00 00 AA 0E FA BC BE 
"
"2016-11-21 14:43:13ID: BC  Data: 00 00 00 AA F1 05 43 42 
"
"2016-11-21 14:43:13ID: BB  Data: 00 00 00 AA 0E FC 0D 91 
"
"2016-11-21 14:43:13ID: BC  Data: 00 00 00 AA F1 03 F2 6F 
"
"2016-11-21 14:43:13ID: BB  Data: 00 00 00 AA 0E F9 6B EC 
"
"2016-11-21 14:43:13ID: BC  Data: 00 00 00 AA F1 06 94 14 
"
"2016-11-21 14:43:13ID: BB  Data: 00 00 00 AA 0E FA BC BE 
"
"2016-11-21 14:43:13ID: BC  Data: 00 00 00 AA F1 05 43 42 
"
"2016-11-21 14:43:13ID: BB  Data: 00 00 00 AA 0E FA BC BE 
"
"2016-11-21 14:43:13ID: BC  Data: 00 00 00 AA F1 05 43 42 
"
"2016-11-21 14:43:13ID: BB  Data: 00 00 00 AA 0E F9 6B EC 
"
"2016-11-21 14:43:13ID: BC  Data: 00 00 00 AA F1 06 94 14 
"
"2016-11-21 14:43:13ID: BB  Data: 00 00 00 AA 0E F8 1B 19 
"
"2016-11-21 14:43:13ID: BC  Data: 00 00 00 AA F1 07 E4 E7 
"
"2016-11-21 14:43:13ID: BB  Data: 00 00 00 AA 0E FA BC BE 
"
"2016-11-21 14:43:13ID: BC  Data: 00 00 00 AA F1 05 43 42 
"
"2016-11-21 14:43:13ID: BB  Data: 00 00 00 AA 0D 04 22 9D 
"
"2016-11-21 14:43:13ID: BC  Data: 00 00 00 AA F2 FB DD 63 
"
"2016-11-21 14:43:13ID: BB  Data: 00 00 00 AA 07 21 A5 0B 
"
"2016-11-21 14:43:13ID: BC  Data: 00 00 00 AA F8 DE 5A F5 
"
"2016-11-21 14:43:13ID: BB  Data: 00 00 00 AA 05 13 5C 1C 
"
"2016-11-21 14:43:13ID: BC  Data: 00 00 00 AA FA EC A3 E4 
"
"2016-11-21 14:43:14ID: BB  Data: 00 00 00 AA 05 E5 DF AF 
"
"2016-11-21 14:43:14ID: BC  Data: 00 00 00 AA FA 1A 20 51 
"
"2016-11-21 14:43:14ID: BB  Data: 00 00 00 AA 0C 32 EF DC 
"
"2016-11-21 14:43:14ID: BC  Data: 00 00 00 AA F3 CD 10 24 
"
"2016-11-21 14:43:14ID: BB  Data: 00 00 00 AA 0D 30 DE 92 
"
"2016-11-21 14:43:14ID: BC  Data: 00 00 00 AA F2 CF 21 6E 
"
"2016-11-21 14:43:14ID: BB  Data: 00 00 00 AA 0E 03 62 25 
"
"2016-11-21 14:43:14ID: BC  Data: 00 00 00 AA F1 FC 9D DB 
"
"2016-11-21 14:43:14ID: BB  Data: 00 00 00 AA 0E F4 28 A1 
"
"2016-11-21 14:43:14ID: BC  Data: 00 00 00 AA F1 0B D7 5F 
"
"2016-11-21 14:43:14ID: BB  Data: 00 00 00 AA 0E FA BC BE 
"
"2016-11-21 14:43:14ID: BC  Data: 00 00 00 AA F1 05 43 42 
"
"2016-11-21 14:43:14ID: BB  Data: 00 00 00 AA 0E F8 1B 19 
"
"2016-11-21 14:43:14ID: BC  Data: 00 00 00 AA F1 07 E4 E7 
"
"2016-11-21 14:43:14ID: BB  Data: 00 00 00 AA 0E F9 6B EC 
"
"2016-11-21 14:43:14ID: BC  Data: 00 00 00 AA F1 06 94 14 
"
"2016-11-21 14:43:14ID: BB  Data: 00 00 00 AA 0E F9 6B EC 
"
"2016-11-21 14:43:14ID: BC  Data: 00 00 00 AA F1 06 94 14 
"
"2016-11-21 14:43:14ID: BB  Data: 00 00 00 AA 0E F9 6B EC 
"
"2016-11-21 14:43:14ID: BC  Data: 00 00 00 AA F1 06 94 14 
"
"2016-11-21 14:43:14ID: BB  Data: 00 00 00 AA 0E FA BC BE 
"
"2016-11-21 14:43:14ID: BC  Data: 00 00 00 AA F1 05 43 42 
"
"2016-11-21 14:43:15ID: BB  Data: 00 00 00 AA 0E F9 6B EC 
"
"2016-11-21 14:43:15ID: BC  Data: 00 00 00 AA F1 06 94 14 
"
"2016-11-21 14:43:15ID: BB  Data: 00 00 00 AA 0E F9 6B EC 
"
"2016-11-21 14:43:15ID: BC  Data: 00 00 00 AA F1 06 94 14 
"
"2016-11-21 14:43:15ID: BB  Data: 00 00 00 AA 0E FD 5E 63 
"
"2016-11-21 14:43:15ID: BC  Data: 00 00 00 AA F1 02 A1 9D 
"
"2016-11-21 14:43:15ID: BB  Data: 00 00 00 AA 0E FA BC BE 
"
"2016-11-21 14:43:15ID: BC  Data: 00 00 00 AA F1 05 43 42 
"
"2016-11-21 14:43:15ID: BB  Data: 00 00 00 AA 0E FC 0D 91 
"
"2016-11-21 14:43:15ID: BC  Data: 00 00 00 AA F1 03 F2 6F 
"
"2016-11-21 14:43:15ID: BB  Data: 00 00 00 AA 0E F9 6B EC 
"
"2016-11-21 14:43:15ID: BC  Data: 00 00 00 AA F1 06 94 14 
"
"2016-11-21 14:43:15ID: BB  Data: 00 00 00 AA 0E F9 6B EC 
"
"2016-11-21 14:43:15ID: BC  Data: 00 00 00 AA F1 06 94 14 
"
"2016-11-21 14:43:15ID: BB  Data: 00 00 00 AA 0E F9 6B EC 
"
"2016-11-21 14:43:15ID: BC  Data: 00 00 00 AA F1 06 94 14 
"
"2016-11-21 14:43:15ID: BB  Data: 00 00 00 AA 0E F9 6B EC 
"
"2016-11-21 14:43:15ID: BC  Data: 00 00 00 AA F1 06 94 14 
"
"2016-11-21 14:43:15ID: BB  Data: 00 00 00 AA 0E FC 0D 91 
"
"2016-11-21 14:43:15ID: BC  Data: 00 00 00 AA F1 03 F2 6F 
"
"2016-11-21 14:43:15ID: BB  Data: 00 00 00 AA 0E F8 1B 19 
"
"2016-11-21 14:43:15ID: BC  Data: 00 00 00 AA F1 07 E4 E7 
"
"2016-11-21 14:43:16ID: BB  Data: 00 00 00 AA 0E FA BC BE 
"
"2016-11-21 14:43:16ID: BC  Data: 00 00 00 AA F1 05 43 42 
"
"2016-11-21 14:43:16ID: BB  Data: 00 00 00 AA 0E FA BC BE 
"
"2016-11-21 14:43:16ID: BC  Data: 00 00 00 AA F1 05 43 42 
"
"2016-11-21 14:43:16ID: BB  Data: 00 00 00 AA 0E FC 0D 91 
"
"2016-11-21 14:43:16ID: BC  Data: 00 00 00 AA F1 03 F2 6F 
"
"2016-11-21 14:43:16ID: BB  Data: 00 00 00 AA 0E F9 6B EC 
"
"2016-11-21 14:43:16ID: BC  Data: 00 00 00 AA F1 06 94 14 
"
"2016-11-21 14:43:16ID: BB  Data: 00 00 00 AA 0E FD 5E 63 
"
"2016-11-21 14:43:16ID: BC  Data: 00 00 00 AA F1 02 A1 9D 
"
"2016-11-21 14:43:16ID: BB  Data: 00 00 00 AA 0E FC 0D 91 
"
"2016-11-21 14:43:16ID: BC  Data: 00 00 00 AA F1 03 F2 6F 
"
"2016-11-21 14:43:16ID: BB  Data: 00 00 00 AA 0E F8 1B 19 
"
"2016-11-21 14:43:16ID: BC  Data: 00 00 00 AA F1 07 E4 E7 
"
"2016-11-21 14:43:16ID: BB  Data: 00 00 00 AA 0E FC 0D 91 
"
"2016-11-21 14:43:16ID: BC  Data: 00 00 00 AA F1 03 F2 6F 
"
"2016-11-21 14:43:16ID: BB  Data: 00 00 00 AA 0E FA BC BE 
"
"2016-11-21 14:43:16ID: BC  Data: 00 00 00 AA F1 05 43 42 
"
"2016-11-21 14:43:16ID: BB  Data: 00 00 00 AA 0E FC 0D 91 
"
"2016-11-21 14:43:16ID: BC  Data: 00 00 00 AA F1 03 F2 6F 
"
"2016-11-21 14:43:16ID: BB  Data: 00 00 00 AA 0E FA BC BE 
"
"2016-11-21 14:43:16ID: BC  Data: 00 00 00 AA F1 05 43 42 
"
"2016-11-21 14:43:16ID: BB  Data: 00 00 00 AA 0E F9 6B EC 
"
"2016-11-21 14:43:16ID: BC  Data: 00 00 00 AA F1 06 94 14 
"
"2016-11-21 14:43:17ID: BB  Data: 00 00 00 AA 0E FC 0D 91 
"
"2016-11-21 14:43:17ID: BC  Data: 00 00 00 AA F1 03 F2 6F 
"
"2016-11-21 14:43:17ID: BB  Data: 00 00 00 AA 0E FC 0D 91 
"
"2016-11-21 14:43:17ID: BC  Data: 00 00 00 AA F1 03 F2 6F 
"
"2016-11-21 14:43:17ID: BB  Data: 00 00 00 AA 0E FA BC BE 
"
"2016-11-21 14:43:17ID: BC  Data: 00 00 00 AA F1 05 43 42 
"
"2016-11-21 14:43:17ID: BB  Data: 00 00 00 AA 0E FA BC BE 
"
"2016-11-21 14:43:17ID: BC  Data: 00 00 00 AA F1 05 43 42 
"
"2016-11-21 14:43:17ID: BB  Data: 00 00 00 AA 0E F9 6B EC 
"
"2016-11-21 14:43:17ID: BC  Data: 00 00 00 AA F1 06 94 14 
"
"2016-11-21 14:43:17ID: BB  Data: 00 00 00 AA 0E FD 5E 63 
"
"2016-11-21 14:43:17ID: BC  Data: 00 00 00 AA F1 02 A1 9D 
"
"2016-11-21 14:43:17ID: BB  Data: 00 00 00 AA 0E FA BC BE 
"
"2016-11-21 14:43:17ID: BC  Data: 00 00 00 AA F1 05 43 42 
"
"2016-11-21 14:43:17ID: BB  Data: 00 00 00 AA 0E FA BC BE 
"
"2016-11-21 14:43:17ID: BC  Data: 00 00 00 AA F1 05 43 42 
"
"2016-11-21 14:43:17ID: BB  Data: 00 00 00 AA 0E F9 6B EC 
"
"2016-11-21 14:43:17ID: BC  Data: 00 00 00 AA F1 06 94 14 
"
"2016-11-21 14:43:17ID: BB  Data: 00 00 00 AA 0E F9 6B EC 
"
"2016-11-21 14:43:17ID: BC  Data: 00 00 00 AA F1 06 94 14 
"
"2016-11-21 14:43:17ID: BB  Data: 00 00 00 AA 0E FA BC BE 
"
"2016-11-21 14:43:17ID: BC  Data: 00 00 00 AA F1 05 43 42 
"
"2016-11-21 14:43:18ID: BB  Data: 00 00 00 AA 0E F9 6B EC 
"
"2016-11-21 14:43:18ID: BC  Data: 00 00 00 AA F1 06 94 14 
"
"2016-11-21 14:43:18ID: BB  Data: 00 00 00 AA 0E F9 6B EC 
"
"2016-11-21 14:43:18ID: BC  Data: 00 00 00 AA F1 06 94 14 
"
"2016-11-21 14:43:18ID: BB  Data: 00 00 00 AA 0E F9 6B EC 
"
"2016-11-21 14:43:18ID: BC  Data: 00 00 00 AA F1 06 94 14 
"
"2016-11-21 14:43:18ID: BB  Data: 00 00 00 AA 0E F9 6B EC 
"
"2016-11-21 14:43:18ID: BC  Data: 00 00 00 AA F1 06 94 14 
"
"2016-11-21 14:43:18ID: BB  Data: 00 00 00 AA 0E FC 0D 91 
"
"2016-11-21 14:43:18ID: BC  Data: 00 00 00 AA F1 03 F2 6F 
"
"2016-11-21 14:43:18ID: BB  Data: 00 00 00 AA 0E FA BC BE 
"
"2016-11-21 14:43:18ID: BC  Data: 00 00 00 AA F1 05 43 42 
"
"2016-11-21 14:43:18ID: BB  Data: 00 00 00 AA 0E F9 6B EC 
"
"2016-11-21 14:43:18ID: BC  Data: 00 00 00 AA F1 06 94 14 
"
"2016-11-21 14:43:18ID: BB  Data: 00 00 00 AA 0E FA BC BE 
"
"2016-11-21 14:43:18ID: BC  Data: 00 00 00 AA F1 05 43 42 
"
"2016-11-21 14:43:18ID: BB  Data: 00 00 00 AA 0E F9 6B EC 
"
"2016-11-21 14:43:18ID: BC  Data: 00 00 00 AA F1 06 94 14 
"
"2016-11-21 14:43:18ID: BB  Data: 00 00 00 AA 0E FA BC BE 
"
"2016-11-21 14:43:18ID: BC  Data: 00 00 00 AA F1 05 43 42 
"
"2016-11-21 14:43:18ID: BB  Data: 00 00 00 AA 0E F8 1B 19 
"
"2016-11-21 14:43:18ID: BC  Data: 00 00 00 AA F1 07 E4 E7 
"
"2016-11-21 14:43:18ID: BB  Data: 00 00 00 AA 0E F9 6B EC 
"
"2016-11-21 14:43:18ID: BC  Data: 00 00 00 AA F1 06 94 14 
"
"2016-11-21 14:43:19ID: BB  Data: 00 00 00 AA 0E FA BC BE 
"
"2016-11-21 14:43:19ID: BC  Data: 00 00 00 AA F1 05 43 42 
"
"2016-11-21 14:43:19ID: BB  Data: 00 00 00 AA 0E FA BC BE 
"
"2016-11-21 14:43:19ID: BC  Data: 00 00 00 AA F1 05 43 42 
"
"2016-11-21 14:43:19ID: BB  Data: 00 00 00 AA 0E FA BC BE 
"
"2016-11-21 14:43:19ID: BC  Data: 00 00 00 AA F1 05 43 42 
"
"2016-11-21 14:43:19ID: BB  Data: 00 00 00 AA 0E F9 6B EC 
"
"2016-11-21 14:43:19ID: BC  Data: 00 00 00 AA F1 06 94 14 
"
"2016-11-21 14:43:19ID: BB  Data: 00 00 00 AA 0E F9 6B EC 
"
"2016-11-21 14:43:19ID: BC  Data: 00 00 00 AA F1 06 94 14 
"
"2016-11-21 14:43:19ID: BB  Data: 00 00 00 AA 0E F8 1B 19 
"
"2016-11-21 14:43:19ID: BC  Data: 00 00 00 AA F1 07 E4 E7 
"
"2016-11-21 14:43:19ID: BB  Data: 00 00 00 AA 0E FA BC BE 
"
"2016-11-21 14:43:19ID: BC  Data: 00 00 00 AA F1 05 43 42 
"
"2016-11-21 14:43:19ID: BB  Data: 00 00 00 AA 0E F9 6B EC 
"
"2016-11-21 14:43:19ID: BC  Data: 00 00 00 AA F1 06 94 14 
"
"2016-11-21 14:43:19ID: BB  Data: 00 00 00 AA 0E FC 0D 91 
"
"2016-11-21 14:43:19ID: BC  Data: 00 00 00 AA F1 03 F2 6F 
"
"2016-11-21 14:43:19ID: BB  Data: 00 00 00 AA 0E F9 6B EC 
"
"2016-11-21 14:43:19ID: BC  Data: 00 00 00 AA F1 06 94 14 
"
"2016-11-21 14:43:19ID: BB  Data: 00 00 00 AA 0E FA BC BE 
"
"2016-11-21 14:43:19ID: BC  Data: 00 00 00 AA F1 05 43 42 
"
"2016-11-21 14:43:20ID: BB  Data: 00 00 00 AA 0E FC 0D 91 
"
"2016-11-21 14:43:20ID: BC  Data: 00 00 00 AA F1 03 F2 6F 
"
"2016-11-21 14:43:20ID: BB  Data: 00 00 00 AA 0E FA BC BE 
"
"2016-11-21 14:43:20ID: BC  Data: 00 00 00 AA F1 05 43 42 
"
"2016-11-21 14:43:20ID: BB  Data: 00 00 00 AA 0E FA BC BE 
"
"2016-11-21 14:43:20ID: BC  Data: 00 00 00 AA F1 05 43 42 
"
"2016-11-21 14:43:20ID: BB  Data: 00 00 00 AA 0E FA BC BE 
"
"2016-11-21 14:43:20ID: BC  Data: 00 00 00 AA F1 05 43 42 
"
"2016-11-21 14:43:20ID: BB  Data: 00 00 00 AA 0E FA BC BE 
"
"2016-11-21 14:43:20ID: BC  Data: 00 00 00 AA F1 05 43 42 
"
"2016-11-21 14:43:20ID: BB  Data: 00 00 00 AA 0E FC 0D 91 
"
"2016-11-21 14:43:20ID: BC  Data: 00 00 00 AA F1 03 F2 6F 
"
"2016-11-21 14:43:20ID: BB  Data: 00 00 00 AA 0E F8 1B 19 
"
"2016-11-21 14:43:20ID: BC  Data: 00 00 00 AA F1 07 E4 E7 
"
"2016-11-21 14:43:20ID: BB  Data: 00 00 00 AA 0E FC 0D 91 
"
"2016-11-21 14:43:20ID: BC  Data: 00 00 00 AA F1 03 F2 6F 
"
"2016-11-21 14:43:20ID: BB  Data: 00 00 00 AA 0E F9 6B EC 
"
"2016-11-21 14:43:20ID: BC  Data: 00 00 00 AA F1 06 94 14 
"
"2016-11-21 14:43:20ID: BB  Data: 00 00 00 AA 0E FA BC BE 
"
"2016-11-21 14:43:20ID: BC  Data: 00 00 00 AA F1 05 43 42 
"
"2016-11-21 14:43:20ID: BB  Data: 00 00 00 AA 0E FA BC BE 
"
"2016-11-21 14:43:20ID: BC  Data: 00 00 00 AA F1 05 43 42 
"
"2016-11-21 14:43:21ID: BB  Data: 00 00 00 AA 0E FC 0D 91 
"
"2016-11-21 14:43:21ID: BC  Data: 00 00 00 AA F1 03 F2 6F 
"
"2016-11-21 14:43:21ID: BB  Data: 00 00 00 AA 0E FA BC BE 
"
"2016-11-21 14:43:21ID: BC  Data: 00 00 00 AA F1 05 43 42 
"
"2016-11-21 14:43:21ID: BB  Data: 00 00 00 AA 0E FC 0D 91 
"
"2016-11-21 14:43:21ID: BC  Data: 00 00 00 AA F1 03 F2 6F 
"
"2016-11-21 14:43:21ID: BB  Data: 00 00 00 AA 0E FA BC BE 
"
"2016-11-21 14:43:21ID: BC  Data: 00 00 00 AA F1 05 43 42 
"
"2016-11-21 14:43:21ID: BB  Data: 00 00 00 AA 0E FA BC BE 
"
"2016-11-21 14:43:21ID: BC  Data: 00 00 00 AA F1 05 43 42 
"
"2016-11-21 14:43:21ID: BB  Data: 00 00 00 AA 0E FA BC BE 
"
"2016-11-21 14:43:21ID: BC  Data: 00 00 00 AA F1 05 43 42 
"
"2016-11-21 14:43:21ID: BB  Data: 00 00 00 AA 0E FA BC BE 
"
"2016-11-21 14:43:21ID: BC  Data: 00 00 00 AA F1 05 43 42 
"
"2016-11-21 14:43:21ID: BB  Data: 00 00 00 AA 0E FA BC BE 
"
"2016-11-21 14:43:21ID: BC  Data: 00 00 00 AA F1 05 43 42 
"
"2016-11-21 14:43:21ID: BB  Data: 00 00 00 AA 0E FA BC BE 
"
"2016-11-21 14:43:21ID: BC  Data: 00 00 00 AA F1 05 43 42 
"
"2016-11-21 14:43:21ID: BB  Data: 00 00 00 AA 0E FA BC BE 
"
"2016-11-21 14:43:21ID: BC  Data: 00 00 00 AA F1 05 43 42 
"
"2016-11-21 14:43:21ID: BB  Data: 00 00 00 AA 0E F9 6B EC 
"
"2016-11-21 14:43:21ID: BC  Data: 00 00 00 AA F1 06 94 14 
"
"2016-11-21 14:43:21ID: BB  Data: 00 00 00 AA 0E FA BC BE 
"
"2016-11-21 14:43:21ID: BC  Data: 00 00 00 AA F1 05 43 42 
"
"2016-11-21 14:43:22ID: BB  Data: 00 00 00 AA 0E FA BC BE 
"
"2016-11-21 14:43:22ID: BC  Data: 00 00 00 AA F1 05 43 42 
"
"2016-11-21 14:43:22ID: BB  Data: 00 00 00 AA 0E FA BC BE 
"
"2016-11-21 14:43:22ID: BC  Data: 00 00 00 AA F1 05 43 42 
"
"2016-11-21 14:43:22ID: BB  Data: 00 00 00 AA 0E FC 0D 91 
"
"2016-11-21 14:43:22ID: BC  Data: 00 00 00 AA F1 03 F2 6F 
"
"2016-11-21 14:43:22ID: BB  Data: 00 00 00 AA 0E F9 6B EC 
"
"2016-11-21 14:43:22ID: BC  Data: 00 00 00 AA F1 06 94 14 
"
"2016-11-21 14:43:22ID: BB  Data: 00 00 00 AA 0E FA BC BE 
"
"2016-11-21 14:43:22ID: BC  Data: 00 00 00 AA F1 05 43 42 
"
"2016-11-21 14:43:22ID: BB  Data: 00 00 00 AA 0E FD 5E 63 
"
"2016-11-21 14:43:22ID: BC  Data: 00 00 00 AA F1 02 A1 9D 
"
"2016-11-21 14:43:22ID: BB  Data: 00 00 00 AA 0E FC 0D 91 
"
"2016-11-21 14:43:22ID: BC  Data: 00 00 00 AA F1 03 F2 6F 
"
"2016-11-21 14:43:22ID: BB  Data: 00 00 00 AA 0E FA BC BE 
"
"2016-11-21 14:43:22ID: BC  Data: 00 00 00 AA F1 05 43 42 
"
"2016-11-21 14:43:22ID: BB  Data: 00 00 00 AA 0E FC 0D 91 
"
"2016-11-21 14:43:22ID: BC  Data: 00 00 00 AA F1 03 F2 6F 
"
"2016-11-21 14:43:22ID: BB  Data: 00 00 00 AA 0E FA BC BE 
"
"2016-11-21 14:43:22ID: BC  Data: 00 00 00 AA F1 05 43 42 
"
"2016-11-21 14:43:22ID: BB  Data: 00 00 00 AA 0E FA BC BE 
"
"2016-11-21 14:43:22ID: BC  Data: 00 00 00 AA F1 05 43 42 
"
"2016-11-21 14:43:23ID: BB  Data: 00 00 00 AA 0E F9 6B EC 
"
"2016-11-21 14:43:23ID: BC  Data: 00 00 00 AA F1 06 94 14 
"
"2016-11-21 14:43:23ID: BB  Data: 00 00 00 AA 0E F9 6B EC 
"
"2016-11-21 14:43:23ID: BC  Data: 00 00 00 AA F1 06 94 14 
"
"2016-11-21 14:43:23ID: BB  Data: 00 00 00 AA 0E FA BC BE 
"
"2016-11-21 14:43:23ID: BC  Data: 00 00 00 AA F1 05 43 42 
"
"2016-11-21 14:43:23ID: BB  Data: 00 00 00 AA 0E FA BC BE 
"
"2016-11-21 14:43:23ID: BC  Data: 00 00 00 AA F1 05 43 42 
"
"2016-11-21 14:43:23ID: BB  Data: 00 00 00 AA 0E FA BC BE 
"
"2016-11-21 14:43:23ID: BC  Data: 00 00 00 AA F1 05 43 42 
"
"2016-11-21 14:43:23ID: BB  Data: 00 00 00 AA 0E FA BC BE 
"
"2016-11-21 14:43:23ID: BC  Data: 00 00 00 AA F1 05 43 42 
"
"2016-11-21 14:43:23ID: BB  Data: 00 00 00 AA 0E F9 6B EC 
"
"2016-11-21 14:43:23ID: BC  Data: 00 00 00 AA F1 06 94 14 
"
"2016-11-21 14:43:23ID: BB  Data: 00 00 00 AA 0E FA BC BE 
"
"2016-11-21 14:43:23ID: BC  Data: 00 00 00 AA F1 05 43 42 
"
"2016-11-21 14:43:23ID: BB  Data: 00 00 00 AA 0E D0 A2 6E 
"
"2016-11-21 14:43:23ID: BC  Data: 00 00 00 AA F1 2F 5D 92 
"
"2016-11-21 14:43:23ID: BB  Data: 00 00 00 AA 0E 9D 52 5B 
"
"2016-11-21 14:43:23ID: BC  Data: 00 00 00 AA F1 62 AD A5 
"
"2016-11-21 14:43:23ID: BB  Data: 00 00 00 AA 0E 1D B2 97 
"
"2016-11-21 14:43:23ID: BC  Data: 00 00 00 AA F1 E2 4D 69 
"
"2016-11-21 14:43:24ID: BB  Data: 00 00 00 AA 0D DD 3A 4C 
"
"2016-11-21 14:43:24ID: BC  Data: 00 00 00 AA F2 22 C5 B4 
"
"2016-11-21 14:43:24ID: BB  Data: 00 00 00 AA 0D 7D 2E 44 
"
"2016-11-21 14:43:24ID: BC  Data: 00 00 00 AA F2 82 D1 BC 
"
"2016-11-21 14:43:24ID: BB  Data: 00 00 00 AA 0D 68 21 1C 
"
"2016-11-21 14:43:24ID: BC  Data: 00 00 00 AA F2 97 DE E4 
"
"2016-11-21 14:43:24ID: BB  Data: 00 00 00 AA 0D 61 8C FF 
"
"2016-11-21 14:43:24ID: BC  Data: 00 00 00 AA F2 9E 73 01 
"
"2016-11-21 14:43:24ID: BB  Data: 00 00 00 AA 0D 68 21 1C 
"
"2016-11-21 14:43:24ID: BC  Data: 00 00 00 AA F2 97 DE E4 
"
"2016-11-21 14:43:24ID: BB  Data: 00 00 00 AA 0D 64 2E A4 
"
"2016-11-21 14:43:24ID: BC  Data: 00 00 00 AA F2 9B D1 5C 
"
"2016-11-21 14:43:24ID: BB  Data: 00 00 00 AA 0D 13 EC 7B 
"
"2016-11-21 14:43:24ID: BC  Data: 00 00 00 AA F2 EC 13 85 
"
"2016-11-21 14:43:24ID: BB  Data: 00 00 00 AA 0C D6 15 D5 
"
"2016-11-21 14:43:24ID: BC  Data: 00 00 00 AA F3 29 EA 2B 
"
"2016-11-21 14:43:24ID: BB  Data: 00 00 00 AA 0C 81 E1 33 
"
"2016-11-21 14:43:24ID: BC  Data: 00 00 00 AA F3 7E 1E CD 
"
"2016-11-21 14:43:24ID: BB  Data: 00 00 00 AA 0C 6A 32 66 
"
"2016-11-21 14:43:24ID: BC  Data: 00 00 00 AA F3 95 CD 9A 
"
"2016-11-21 14:43:24ID: BB  Data: 00 00 00 AA 0C 13 5C 20 
"
"2016-11-21 14:43:24ID: BC  Data: 00 00 00 AA F3 EC A3 E0 
"
"2016-11-21 14:43:24ID: BB  Data: 00 00 00 AA 0C 08 D5 8C 
"
"2016-11-21 14:43:24ID: BC  Data: 00 00 00 AA F3 F7 2A 74 
"
"2016-11-21 14:43:25ID: BB  Data: 00 00 00 AA 0B F6 6A 09 
"
"2016-11-21 14:43:25ID: BC  Data: 00 00 00 AA F4 09 95 F7 
"
"2016-11-21 14:43:25ID: BB  Data: 00 00 00 AA 0B F5 19 36 
"
"2016-11-21 14:43:25ID: BC  Data: 00 00 00 AA F4 0A E6 CA 
"
"2016-11-21 14:43:25ID: BB  Data: 00 00 00 AA 0B ED 34 47 
"
"2016-11-21 14:43:25ID: BC  Data: 00 00 00 AA F4 12 CB B9 
"
"2016-11-21 14:43:25ID: BB  Data: 00 00 00 AA 0B 37 A2 CC 
"
"2016-11-21 14:43:25ID: BC  Data: 00 00 00 AA F4 C8 5D 34 
"
"2016-11-21 14:43:25ID: BB  Data: 00 00 00 AA 09 39 23 BB 
"
"2016-11-21 14:43:25ID: BC  Data: 00 00 00 AA F6 C6 DC 45 
"
"2016-11-21 14:43:25ID: BB  Data: 00 00 00 AA 04 A3 86 36 
"
"2016-11-21 14:43:25ID: BC  Data: 00 00 00 AA FB 5C 79 CA 
"
"2016-11-21 14:43:25ID: BB  Data: 00 00 00 AA 02 57 66 A1 
"
"2016-11-21 14:43:25ID: BC  Data: 00 00 00 AA FD A8 99 5F 
"
"2016-11-21 14:43:25ID: BB  Data: 00 00 00 AA 01 D2 83 93 
"
"2016-11-21 14:43:25ID: BC  Data: 00 00 00 AA FE 2D 7C 6D 
"
"2016-11-21 14:43:25ID: BB  Data: 00 00 00 AA 00 00 00 00 
"
"2016-11-21 14:43:25ID: BC  Data: 00 00 00 AA 00 00 00 00 
"
"2016-11-21 14:43:25ID: BB  Data: 00 00 00 AA 00 00 00 00 
"
"2016-11-21 14:43:25ID: BC  Data: 00 00 00 AA 00 00 00 00 
"
"2016-11-21 14:43:25ID: BB  Data: 00 00 00 AA 00 00 00 00 
"
"2016-11-21 14:43:25ID: BC  Data: 00 00 00 AA 00 00 00 00 
"
"2016-11-21 14:43:26ID: BB  Data: 00 00 00 AA 00 00 00 00 
"
"2016-11-21 14:43:26ID: BC  Data: 00 00 00 AA 00 00 00 00 
"
"2016-11-21 14:43:26ID: BB  Data: 00 00 00 AA 00 00 00 00 
"
"2016-11-21 14:43:26ID: BC  Data: 00 00 00 AA 00 00 00 00 
"
"2016-11-21 14:43:26ID: BB  Data: 00 00 00 AA 00 00 00 00 
"
"2016-11-21 14:43:26ID: BC  Data: 00 00 00 AA 00 00 00 00 
"
"2016-11-21 14:43:26ID: BB  Data: 00 00 00 AA 00 00 00 00 
"
"2016-11-21 14:43:26ID: BC  Data: 00 00 00 AA 00 00 00 00 
"
"2016-11-21 14:43:26ID: BB  Data: 00 00 00 AA 00 00 00 00 
"
"2016-11-21 14:43:26ID: BC  Data: 00 00 00 AA 00 00 00 00 
"
"2016-11-21 14:43:26ID: BB  Data: 00 00 00 AA 00 00 00 00 
"
"2016-11-21 14:43:26ID: BC  Data: 00 00 00 AA 00 00 00 00 
"
"2016-11-21 14:43:26ID: BB  Data: 00 00 00 AA 00 00 00 00 
"
"2016-11-21 14:43:26ID: BC  Data: 00 00 00 AA 00 00 00 00 
"
"2016-11-21 14:43:26ID: BB  Data: 00 00 00 AA 00 00 00 00 
"
"2016-11-21 14:43:26ID: BC  Data: 00 00 00 AA 00 00 00 00 
"
"2016-11-21 14:43:26ID: BB  Data: 00 00 00 AA 00 00 00 00 
"
"2016-11-21 14:43:26ID: BC  Data: 00 00 00 AA 00 00 00 00 
"
"2016-11-21 14:43:26ID: BB  Data: 00 00 00 AA 00 00 00 00 
"
"2016-11-21 14:43:26ID: BC  Data: 00 00 00 AA 00 00 00 00 
"
"2016-11-21 14:43:26ID: BB  Data: 00 00 00 AA 00 00 00 00 
"
"2016-11-21 14:43:26ID: BC  Data: 00 00 00 AA 00 00 00 00 
"
"2016-11-21 14:43:26ID: BB  Data: 00 00 00 AA 00 00 00 00 
"
"2016-11-21 14:43:27ID: BC  Data: 00 00 00 AA 00 00 00 00 
"
"2016-11-21 14:43:27ID: BB  Data: 00 00 00 AA 00 00 00 00 
"
"2016-11-21 14:43:27ID: BC  Data: 00 00 00 AA 00 00 00 00 
"
"2016-11-21 14:43:27ID: BB  Data: 00 00 00 AA 00 00 00 00 
"
"2016-11-21 14:43:27ID: BC  Data: 00 00 00 AA 00 00 00 00 
"
"2016-11-21 14:43:27ID: BB  Data: 00 00 00 AA 00 00 00 00 
"
"2016-11-21 14:43:27ID: BC  Data: 00 00 00 AA 00 00 00 00 
"
"2016-11-21 14:43:27ID: BB  Data: 00 00 00 AA 00 00 00 00 
"
"2016-11-21 14:43:27ID: BC  Data: 00 00 00 AA 00 00 00 00 
"
"2016-11-21 14:43:27ID: BB  Data: 00 00 00 AA 00 00 00 00 
"
"2016-11-21 14:43:27ID: BC  Data: 00 00 00 AA 00 00 00 00 
"
"2016-11-21 14:43:27ID: BB  Data: 00 00 00 AA 00 00 00 00 
"
"2016-11-21 14:43:27ID: BC  Data: 00 00 00 AA 00 00 00 00 
"
"2016-11-21 14:43:27ID: BB  Data: 00 00 00 AA 00 00 00 00 
"
"2016-11-21 14:43:27ID: BC  Data: 00 00 00 AA 00 00 00 00 
"
"2016-11-21 14:43:27ID: BB  Data: 00 00 00 AA 00 00 00 00 
"
"2016-11-21 14:43:27ID: BC  Data: 00 00 00 AA 00 00 00 00 
"
"2016-11-21 14:43:27ID: BB  Data: 00 00 00 AA 00 00 00 00 
"
"2016-11-21 14:43:27ID: BC  Data: 00 00 00 AA 00 00 00 00 
"
"2016-11-21 14:43:27ID: BB  Data: 00 00 00 AA 00 00 00 00 
"
"2016-11-21 14:43:27ID: BC  Data: 00 00 00 AA 00 00 00 00 
"
"2016-11-21 14:43:27ID: BB  Data: 00 00 00 AA 00 00 00 00 
"
"2016-11-21 14:43:27ID: BC  Data: 00 00 00 AA 00 00 00 00 
"
"2016-11-21 14:43:28ID: BB  Data: 00 00 00 AA 00 00 00 00 
"
"2016-11-21 14:43:28ID: BC  Data: 00 00 00 AA 00 00 00 00 
"
"2016-11-21 14:43:28ID: BB  Data: 00 00 00 AA 00 00 00 00 
"
"2016-11-21 14:43:28ID: BC  Data: 00 00 00 AA 00 00 00 00 
"
"2016-11-21 14:43:28ID: BB  Data: 00 00 00 AA 00 00 00 00 
"
"2016-11-21 14:43:28ID: BC  Data: 00 00 00 AA 00 00 00 00 
"
"2016-11-21 14:43:28ID: BB  Data: 00 00 00 AA 00 00 00 00 
"
"2016-11-21 14:43:28ID: BC  Data: 00 00 00 AA 00 00 00 00 
"
"2016-11-21 14:43:28ID: BB  Data: 00 00 00 AA 00 00 00 00 
"
"2016-11-21 14:43:28ID: BC  Data: 00 00 00 AA 00 00 00 00 
"
"2016-11-21 14:43:28ID: BB  Data: 00 00 00 AA 00 00 00 00 
"
"2016-11-21 14:43:28ID: BC  Data: 00 00 00 AA 00 00 00 00 
"
"2016-11-21 14:43:28ID: BB  Data: 00 00 00 AA 00 00 00 00 
"
"2016-11-21 14:43:28ID: BC  Data: 00 00 00 AA 00 00 00 00 
"
"2016-11-21 14:43:28ID: BB  Data: 00 00 00 AA 02 14 4C B1 
"
"2016-11-21 14:43:28ID: BC  Data: 00 00 00 AA FD EB B3 4F 
"
"2016-11-21 14:43:28ID: BB  Data: 00 00 00 AA 08 45 BB 9A 
"
"2016-11-21 14:43:28ID: BC  Data: 00 00 00 AA F7 BA 44 66 
"
"2016-11-21 14:43:28ID: BB  Data: 00 00 00 AA 0C 9E D3 4B 
"
"2016-11-21 14:43:28ID: BC  Data: 00 00 00 AA F3 61 2C B5 
"
"2016-11-21 14:43:28ID: BB  Data: 00 00 00 AA 0E D8 87 5D 
"
"2016-11-21 14:43:28ID: BC  Data: 00 00 00 AA F1 27 78 A3 
"
"2016-11-21 14:43:29ID: BB  Data: 00 00 00 AA 0E F1 86 FC 
"
"2016-11-21 14:43:29ID: BC  Data: 00 00 00 AA F1 0E 79 04 
"
"2016-11-21 14:43:29ID: BB  Data: 00 00 00 AA 0E F4 28 A1 
"
"2016-11-21 14:43:29ID: BC  Data: 00 00 00 AA F1 0B D7 5F 
"
"2016-11-21 14:43:29ID: BB  Data: 00 00 00 AA 0E F8 1B 19 
"
"2016-11-21 14:43:29ID: BC  Data: 00 00 00 AA F1 07 E4 E7 
"
"2016-11-21 14:43:29ID: BB  Data: 00 00 00 AA 0E F8 1B 19 
"
"2016-11-21 14:43:29ID: BC  Data: 00 00 00 AA F1 07 E4 E7 
"
"2016-11-21 14:43:29ID: BB  Data: 00 00 00 AA 0E F9 6B EC 
"
"2016-11-21 14:43:29ID: BC  Data: 00 00 00 AA F1 06 94 14 
"
"2016-11-21 14:43:29ID: BB  Data: 00 00 00 AA 0E F8 1B 19 
"
"2016-11-21 14:43:29ID: BC  Data: 00 00 00 AA F1 07 E4 E7 
"
"2016-11-21 14:43:29ID: BB  Data: 00 00 00 AA 0E F9 6B EC 
"
"2016-11-21 14:43:29ID: BC  Data: 00 00 00 AA F1 06 94 14 
"
"2016-11-21 14:43:29ID: BB  Data: 00 00 00 AA 0E F9 6B EC 
"
"2016-11-21 14:43:29ID: BC  Data: 00 00 00 AA F1 06 94 14 
"
"2016-11-21 14:43:29ID: BB  Data: 00 00 00 AA 0E F9 6B EC 
"
"2016-11-21 14:43:29ID: BC  Data: 00 00 00 AA F1 06 94 14 
"
"2016-11-21 14:43:29ID: BB  Data: 00 00 00 AA 0E F9 6B EC 
"
"2016-11-21 14:43:29ID: BC  Data: 00 00 00 AA F1 06 94 14 
"
"2016-11-21 14:43:29ID: BB  Data: 00 00 00 AA 0E F8 1B 19 
"
"2016-11-21 14:43:29ID: BC  Data: 00 00 00 AA F1 07 E4 E7 
"
"2016-11-21 14:43:29ID: BB  Data: 00 00 00 AA 0E FA BC BE 
"
"2016-11-21 14:43:29ID: BC  Data: 00 00 00 AA F1 05 43 42 
"
"2016-11-21 14:43:30ID: BB  Data: 00 00 00 AA 0E F9 6B EC 
"
"2016-11-21 14:43:30ID: BC  Data: 00 00 00 AA F1 06 94 14 
"
"2016-11-21 14:43:30ID: BB  Data: 00 00 00 AA 0E FA BC BE 
"
"2016-11-21 14:43:30ID: BC  Data: 00 00 00 AA F1 05 43 42 
"
"2016-11-21 14:43:30ID: BB  Data: 00 00 00 AA 0E FC 0D 91 
"
"2016-11-21 14:43:30ID: BC  Data: 00 00 00 AA F1 03 F2 6F 
"
"2016-11-21 14:43:30ID: BB  Data: 00 00 00 AA 0E FA BC BE 
"
"2016-11-21 14:43:30ID: BC  Data: 00 00 00 AA F1 05 43 42 
"
"2016-11-21 14:43:30ID: BB  Data: 00 00 00 AA 0E F8 1B 19 
"
"2016-11-21 14:43:30ID: BC  Data: 00 00 00 AA F1 07 E4 E7 
"
"2016-11-21 14:43:30ID: BB  Data: 00 00 00 AA 0E FA BC BE 
"
"2016-11-21 14:43:30ID: BC  Data: 00 00 00 AA F1 05 43 42 
"
"2016-11-21 14:43:30ID: BB  Data: 00 00 00 AA 0E F8 1B 19 
"
"2016-11-21 14:43:30ID: BC  Data: 00 00 00 AA F1 07 E4 E7 
"
"2016-11-21 14:43:30ID: BB  Data: 00 00 00 AA 0E F9 6B EC 
"
"2016-11-21 14:43:30ID: BC  Data: 00 00 00 AA F1 06 94 14 
"
"2016-11-21 14:43:30ID: BB  Data: 00 00 00 AA 0E FA BC BE 
"
"2016-11-21 14:43:30ID: BC  Data: 00 00 00 AA F1 05 43 42 
"
"2016-11-21 14:43:30ID: BB  Data: 00 00 00 AA 0E F8 1B 19 
"
"2016-11-21 14:43:30ID: BC  Data: 00 00 00 AA F1 07 E4 E7 
"
"2016-11-21 14:43:30ID: BB  Data: 00 00 00 AA 0E FA BC BE 
"
"2016-11-21 14:43:30ID: BC  Data: 00 00 00 AA F1 05 43 42 
"
"2016-11-21 14:43:31ID: BB  Data: 00 00 00 AA 0E F9 6B EC 
"
"2016-11-21 14:43:31ID: BC  Data: 00 00 00 AA F1 06 94 14 
"
"2016-11-21 14:43:31ID: BB  Data: 00 00 00 AA 0E FA BC BE 
"
"2016-11-21 14:43:31ID: BC  Data: 00 00 00 AA F1 05 43 42 
"
"2016-11-21 14:43:31ID: BB  Data: 00 00 00 AA 0E FA BC BE 
"
"2016-11-21 14:43:31ID: BC  Data: 00 00 00 AA F1 05 43 42 
"
"2016-11-21 14:43:31ID: BB  Data: 00 00 00 AA 0E FC 0D 91 
"
"2016-11-21 14:43:31ID: BC  Data: 00 00 00 AA F1 03 F2 6F 
"
"2016-11-21 14:43:31ID: BB  Data: 00 00 00 AA 0E FA BC BE 
"
"2016-11-21 14:43:31ID: BC  Data: 00 00 00 AA F1 05 43 42 
"
"2016-11-21 14:43:31ID: BB  Data: 00 00 00 AA 0E FA BC BE 
"
"2016-11-21 14:43:31ID: BC  Data: 00 00 00 AA F1 05 43 42 
"
"2016-11-21 14:43:31ID: BB  Data: 00 00 00 AA 0E F9 6B EC 
"
"2016-11-21 14:43:31ID: BC  Data: 00 00 00 AA F1 06 94 14 
"
"2016-11-21 14:43:31ID: BB  Data: 00 00 00 AA 0D 2F 8D C0 
"
"2016-11-21 14:43:31ID: BC  Data: 00 00 00 AA F2 D0 72 40 
"
"2016-11-21 14:43:31ID: BB  Data: 00 00 00 AA 06 D0 12 0F 
"
"2016-11-21 14:43:31ID: BC  Data: 00 00 00 AA F9 2F ED F1 
"
"2016-11-21 14:43:31ID: BB  Data: 00 00 00 AA 04 1F F3 FB 
"
"2016-11-21 14:43:31ID: BC  Data: 00 00 00 AA FB E0 0C 05 
"
"2016-11-21 14:43:31ID: BB  Data: 00 00 00 AA 02 19 8F FB 
"
"2016-11-21 14:43:31ID: BC  Data: 00 00 00 AA FD E6 70 05 
"
"2016-11-21 14:43:32ID: BB  Data: 00 00 00 AA 01 A0 84 54 
"
"2016-11-21 14:43:32ID: BC  Data: 00 00 00 AA FE 5F 7B AC 
"
"2016-11-21 14:43:32ID: BB  Data: 00 00 00 AA 00 00 00 00 
"
"2016-11-21 14:43:32ID: BC  Data: 00 00 00 AA 00 00 00 00 
"
"2016-11-21 14:43:32ID: BB  Data: 00 00 00 AA 00 00 00 00 
"
"2016-11-21 14:43:32ID: BC  Data: 00 00 00 AA 00 00 00 00 
"
"2016-11-21 14:43:32ID: BB  Data: 00 00 00 AA 00 00 00 00 
"
"2016-11-21 14:43:32ID: BC  Data: 00 00 00 AA 00 00 00 00 
"
"2016-11-21 14:43:32ID: BB  Data: 00 00 00 AA 00 00 00 00 
"
"2016-11-21 14:43:32ID: BC  Data: 00 00 00 AA 00 00 00 00 
"
"2016-11-21 14:43:32ID: BB  Data: 00 00 00 AA 00 00 00 00 
"
"2016-11-21 14:43:32ID: BC  Data: 00 00 00 AA 00 00 00 00 
"
"2016-11-21 14:43:32ID: BB  Data: 00 00 00 AA 00 00 00 00 
"
"2016-11-21 14:43:32ID: BC  Data: 00 00 00 AA 00 00 00 00 
"
"2016-11-21 14:43:32ID: BB  Data: 00 00 00 AA 00 00 00 00 
"
"2016-11-21 14:43:32ID: BC  Data: 00 00 00 AA 00 00 00 00 
"
"2016-11-21 14:43:32ID: BB  Data: 00 00 00 AA 00 00 00 00 
"
"2016-11-21 14:43:32ID: BC  Data: 00 00 00 AA 00 00 00 00 
"
"2016-11-21 14:43:32ID: BB  Data: 00 00 00 AA 00 00 00 00 
"
"2016-11-21 14:43:32ID: BC  Data: 00 00 00 AA 00 00 00 00 
"
"2016-11-21 14:43:32ID: BB  Data: 00 00 00 AA 00 00 00 00 
"
"2016-11-21 14:43:32ID: BC  Data: 00 00 00 AA 00 00 00 00 
"
"2016-11-21 14:43:32ID: BB  Data: 00 00 00 AA 00 00 00 00 
"
"2016-11-21 14:43:32ID: BC  Data: 00 00 00 AA 00 00 00 00 
"
"2016-11-21 14:43:33ID: BB  Data: 00 00 00 AA 00 00 00 00 
"
"2016-11-21 14:43:33ID: BC  Data: 00 00 00 AA 00 00 00 00 
"
"2016-11-21 14:43:33ID: BB  Data: 00 00 00 AA 00 00 00 00 
"
"2016-11-21 14:43:33ID: BC  Data: 00 00 00 AA 00 00 00 00 
"
"2016-11-21 14:43:33ID: BB  Data: 00 00 00 AA 00 00 00 00 
"
"2016-11-21 14:43:33ID: BC  Data: 00 00 00 AA 00 00 00 00 
"
"2016-11-21 14:43:33ID: BB  Data: 00 00 00 AA 00 00 00 00 
"
"2016-11-21 14:43:33ID: BC  Data: 00 00 00 AA 00 00 00 00 
"
"2016-11-21 14:43:33ID: BB  Data: 00 00 00 AA 00 00 00 00 
"
"2016-11-21 14:43:33ID: BC  Data: 00 00 00 AA 00 00 00 00 
"
"2016-11-21 14:43:33ID: BB  Data: 00 00 00 AA 00 00 00 00 
"
"2016-11-21 14:43:33ID: BC  Data: 00 00 00 AA 00 00 00 00 
"
"2016-11-21 14:43:33ID: BB  Data: 00 00 00 AA 00 00 00 00 
"
"2016-11-21 14:43:33ID: BC  Data: 00 00 00 AA 00 00 00 00 
"
"2016-11-21 14:43:33ID: BB  Data: 00 00 00 AA 00 00 00 00 
"
"2016-11-21 14:43:33ID: BC  Data: 00 00 00 AA 00 00 00 00 
"
"2016-11-21 14:43:33ID: BB  Data: 00 00 00 AA 07 E0 6C 48 
"
"2016-11-21 14:43:33ID: BC  Data: 00 00 00 AA F8 1F 93 B8 
"
"2016-11-21 14:43:33ID: BB  Data: 00 00 00 AA 0E 4A 6E 8D 
"
"2016-11-21 14:43:33ID: BC  Data: 00 00 00 AA F1 B5 91 73 
"
"2016-11-21 14:43:33ID: BB  Data: 00 00 00 AA 0E EA F2 E0 
"
"2016-11-21 14:43:33ID: BC  Data: 00 00 00 AA F1 15 0D 20 
"
"2016-11-21 14:43:34ID: BB  Data: 00 00 00 AA 0E F2 D7 CF 
"
"2016-11-21 14:43:34ID: BC  Data: 00 00 00 AA F1 0D 28 31 
"
"2016-11-21 14:43:34ID: BB  Data: 00 00 00 AA 0E F4 28 A1 
"
"2016-11-21 14:43:34ID: BC  Data: 00 00 00 AA F1 0B D7 5F 
"
"2016-11-21 14:43:34ID: BB  Data: 00 00 00 AA 0E F6 CA 46 
"
"2016-11-21 14:43:34ID: BC  Data: 00 00 00 AA F1 09 35 BA 
"
"2016-11-21 14:43:34ID: BB  Data: 00 00 00 AA 0E F5 79 74 
"
"2016-11-21 14:43:34ID: BC  Data: 00 00 00 AA F1 0A 86 8C 
"
"2016-11-21 14:43:34ID: BB  Data: 00 00 00 AA 0E F8 1B 19 
"
"2016-11-21 14:43:34ID: BC  Data: 00 00 00 AA F1 07 E4 E7 
"
"2016-11-21 14:43:34ID: BB  Data: 00 00 00 AA 0E F8 1B 19 
"
"2016-11-21 14:43:34ID: BC  Data: 00 00 00 AA F1 07 E4 E7 
"
"2016-11-21 14:43:34ID: BB  Data: 00 00 00 AA 0E F6 CA 46 
"
"2016-11-21 14:43:34ID: BC  Data: 00 00 00 AA F1 09 35 BA 
"
"2016-11-21 14:43:34ID: BB  Data: 00 00 00 AA 0E FA BC BE 
"
"2016-11-21 14:43:34ID: BC  Data: 00 00 00 AA F1 05 43 42 
"
"2016-11-21 14:43:34ID: BB  Data: 00 00 00 AA 0E FA BC BE 
"
"2016-11-21 14:43:34ID: BC  Data: 00 00 00 AA F1 05 43 42 
"
"2016-11-21 14:43:34ID: BB  Data: 00 00 00 AA 0E F8 1B 19 
"
"2016-11-21 14:43:34ID: BC  Data: 00 00 00 AA F1 07 E4 E7 
"
"2016-11-21 14:43:34ID: BB  Data: 00 00 00 AA 0E F8 1B 19 
"
"2016-11-21 14:43:34ID: BC  Data: 00 00 00 AA F1 07 E4 E7 
"
"2016-11-21 14:43:34ID: BB  Data: 00 00 00 AA 0E F9 6B EC 
"
"2016-11-21 14:43:35ID: BC  Data: 00 00 00 AA F1 06 94 14 
"
"2016-11-21 14:43:35ID: BB  Data: 00 00 00 AA 0E F8 1B 19 
"
"2016-11-21 14:43:35ID: BC  Data: 00 00 00 AA F1 07 E4 E7 
"
"2016-11-21 14:43:35ID: BB  Data: 00 00 00 AA 0E F9 6B EC 
"
"2016-11-21 14:43:35ID: BC  Data: 00 00 00 AA F1 06 94 14 
"
"2016-11-21 14:43:35ID: BB  Data: 00 00 00 AA 0E F8 1B 19 
"
"2016-11-21 14:43:35ID: BC  Data: 00 00 00 AA F1 07 E4 E7 
"
"2016-11-21 14:43:35ID: BB  Data: 00 00 00 AA 0E F9 6B EC 
"
"2016-11-21 14:43:35ID: BC  Data: 00 00 00 AA F1 06 94 14 
"
"2016-11-21 14:43:35ID: BB  Data: 00 00 00 AA 0E F6 CA 46 
"
"2016-11-21 14:43:35ID: BC  Data: 00 00 00 AA F1 07 E4 E7 
"
"2016-11-21 14:43:35ID: BB  Data: 00 00 00 AA 0E FA BC BE 
"
"2016-11-21 14:43:35ID: BC  Data: 00 00 00 AA F1 05 43 42 
"
"2016-11-21 14:43:35ID: BB  Data: 00 00 00 AA 0E F8 1B 19 
"
"2016-11-21 14:43:35ID: BC  Data: 00 00 00 AA F1 07 E4 E7 
"
"2016-11-21 14:43:35ID: BB  Data: 00 00 00 AA 0E F8 1B 19 
"
"2016-11-21 14:43:35ID: BC  Data: 00 00 00 AA F1 07 E4 E7 
"
"2016-11-21 14:43:35ID: BB  Data: 00 00 00 AA 0E F8 1B 19 
"
"2016-11-21 14:43:35ID: BC  Data: 00 00 00 AA F1 07 E4 E7 
"
"2016-11-21 14:43:35ID: BB  Data: 00 00 00 AA 0E F9 6B EC 
"
"2016-11-21 14:43:35ID: BC  Data: 00 00 00 AA F1 06 94 14 
"
"2016-11-21 14:43:35ID: BB  Data: 00 00 00 AA 0E F8 1B 19 
"
"2016-11-21 14:43:35ID: BC  Data: 00 00 00 AA F1 07 E4 E7 
"
"2016-11-21 14:43:36ID: BB  Data: 00 00 00 AA 0E F8 1B 19 
"
"2016-11-21 14:43:36ID: BC  Data: 00 00 00 AA F1 07 E4 E7 
"
"2016-11-21 14:43:36ID: BB  Data: 00 00 00 AA 0E F8 1B 19 
"
"2016-11-21 14:43:36ID: BC  Data: 00 00 00 AA F1 07 E4 E7 
"
"2016-11-21 14:43:36ID: BB  Data: 00 00 00 AA 0E F8 1B 19 
"
"2016-11-21 14:43:36ID: BC  Data: 00 00 00 AA F1 07 E4 E7 
"
"2016-11-21 14:43:36ID: BB  Data: 00 00 00 AA 0E F9 6B EC 
"
"2016-11-21 14:43:36ID: BC  Data: 00 00 00 AA F1 06 94 14 
"
"2016-11-21 14:43:36ID: BB  Data: 00 00 00 AA 0E FA BC BE 
"
"2016-11-21 14:43:36ID: BC  Data: 00 00 00 AA F1 05 43 42 
"
"2016-11-21 14:43:36ID: BB  Data: 00 00 00 AA 0E F8 1B 19 
"
"2016-11-21 14:43:36ID: BC  Data: 00 00 00 AA F1 07 E4 E7 
"
"2016-11-21 14:43:36ID: BB  Data: 00 00 00 AA 0E F8 1B 19 
"
"2016-11-21 14:43:36ID: BC  Data: 00 00 00 AA F1 07 E4 E7 
"
"2016-11-21 14:43:36ID: BB  Data: 00 00 00 AA 0E F8 1B 19 
"
"2016-11-21 14:43:36ID: BC  Data: 00 00 00 AA F1 07 E4 E7 
"
"2016-11-21 14:43:36ID: BB  Data: 00 00 00 AA 0E F8 1B 19 
"
"2016-11-21 14:43:36ID: BC  Data: 00 00 00 AA F1 07 E4 E7 
"
"2016-11-21 14:43:36ID: BB  Data: 00 00 00 AA 0E F8 1B 19 
"
"2016-11-21 14:43:36ID: BC  Data: 00 00 00 AA F1 07 E4 E7 
"
"2016-11-21 14:43:36ID: BB  Data: 00 00 00 AA 0E F9 6B EC 
"
"2016-11-21 14:43:36ID: BC  Data: 00 00 00 AA F1 06 94 14 
"
"2016-11-21 14:43:37ID: BB  Data: 00 00 00 AA 0E F9 6B EC 
"
"2016-11-21 14:43:37ID: BC  Data: 00 00 00 AA F1 06 94 14 
"
"2016-11-21 14:43:37ID: BB  Data: 00 00 00 AA 0E F9 6B EC 
"
"2016-11-21 14:43:37ID: BC  Data: 00 00 00 AA F1 06 94 14 
"
"2016-11-21 14:43:37ID: BB  Data: 00 00 00 AA 0E F6 CA 46 
"
"2016-11-21 14:43:37ID: BC  Data: 00 00 00 AA F1 09 35 BA 
"
"2016-11-21 14:43:37ID: BB  Data: 00 00 00 AA 0E F6 CA 46 
"
"2016-11-21 14:43:37ID: BC  Data: 00 00 00 AA F1 09 35 BA 
"
"2016-11-21 14:43:37ID: BB  Data: 00 00 00 AA 0E F9 6B EC 
"
"2016-11-21 14:43:37ID: BC  Data: 00 00 00 AA F1 06 94 14 
"
"2016-11-21 14:43:37ID: BB  Data: 00 00 00 AA 0E F8 1B 19 
"
"2016-11-21 14:43:37ID: BC  Data: 00 00 00 AA F1 07 E4 E7 
"
"2016-11-21 14:43:37ID: BB  Data: 00 00 00 AA 0E F9 6B EC 
"
"2016-11-21 14:43:37ID: BC  Data: 00 00 00 AA F1 06 94 14 
"
"2016-11-21 14:43:37ID: BB  Data: 00 00 00 AA 0E F8 1B 19 
"
"2016-11-21 14:43:37ID: BC  Data: 00 00 00 AA F1 07 E4 E7 
"
"2016-11-21 14:43:37ID: BB  Data: 00 00 00 AA 0E F9 6B EC 
"
"2016-11-21 14:43:37ID: BC  Data: 00 00 00 AA F1 06 94 14 
"
"2016-11-21 14:43:37ID: BB  Data: 00 00 00 AA 0E F8 1B 19 
"
"2016-11-21 14:43:37ID: BC  Data: 00 00 00 AA F1 07 E4 E7 
"
"2016-11-21 14:43:37ID: BB  Data: 00 00 00 AA 0E F8 1B 19 
"
"2016-11-21 14:43:37ID: BC  Data: 00 00 00 AA F1 07 E4 E7 
"
"2016-11-21 14:43:37ID: BB  Data: 00 00 00 AA 0E F8 1B 19 
"
"2016-11-21 14:43:37ID: BC  Data: 00 00 00 AA F1 07 E4 E7 
"
"2016-11-21 14:43:38ID: BB  Data: 00 00 00 AA 0E F9 6B EC 
"
"2016-11-21 14:43:38ID: BC  Data: 00 00 00 AA F1 06 94 14 
"
"2016-11-21 14:43:38ID: BB  Data: 00 00 00 AA 0E F8 1B 19 
"
"2016-11-21 14:43:38ID: BC  Data: 00 00 00 AA F1 07 E4 E7 
"
"2016-11-21 14:43:38ID: BB  Data: 00 00 00 AA 0E F6 CA 46 
"
"2016-11-21 14:43:38ID: BC  Data: 00 00 00 AA F1 09 35 BA 
"
"2016-11-21 14:43:38ID: BB  Data: 00 00 00 AA 0E F9 6B EC 
"
"2016-11-21 14:43:38ID: BC  Data: 00 00 00 AA F1 06 94 14 
"
"2016-11-21 14:43:38ID: BB  Data: 00 00 00 AA 0E F8 1B 19 
"
"2016-11-21 14:43:38ID: BC  Data: 00 00 00 AA F1 07 E4 E7 
"
"2016-11-21 14:43:38ID: BB  Data: 00 00 00 AA 0E F8 1B 19 
"
"2016-11-21 14:43:38ID: BC  Data: 00 00 00 AA F1 07 E4 E7 
"
"2016-11-21 14:43:38ID: BB  Data: 00 00 00 AA 0E F8 1B 19 
"
"2016-11-21 14:43:38ID: BC  Data: 00 00 00 AA F1 07 E4 E7 
"
"2016-11-21 14:43:38ID: BB  Data: 00 00 00 AA 0E F8 1B 19 
"
"2016-11-21 14:43:38ID: BC  Data: 00 00 00 AA F1 07 E4 E7 
"
"2016-11-21 14:43:38ID: BB  Data: 00 00 00 AA 0E F9 6B EC 
"
"2016-11-21 14:43:38ID: BC  Data: 00 00 00 AA F1 06 94 14 
"
"2016-11-21 14:43:38ID: BB  Data: 00 00 00 AA 0E F8 1B 19 
"
"2016-11-21 14:43:38ID: BC  Data: 00 00 00 AA F1 07 E4 E7 
"
"2016-11-21 14:43:38ID: BB  Data: 00 00 00 AA 0E F6 CA 46 
"
"2016-11-21 14:43:38ID: BC  Data: 00 00 00 AA F1 09 35 BA 
"
"2016-11-21 14:43:39ID: BB  Data: 00 00 00 AA 0E F9 6B EC 
"
"2016-11-21 14:43:39ID: BC  Data: 00 00 00 AA F1 06 94 14 
"
"2016-11-21 14:43:39ID: BB  Data: 00 00 00 AA 0E F9 6B EC 
"
"2016-11-21 14:43:39ID: BC  Data: 00 00 00 AA F1 06 94 14 
"
"2016-11-21 14:43:39ID: BB  Data: 00 00 00 AA 0E F9 6B EC 
"
"2016-11-21 14:43:39ID: BC  Data: 00 00 00 AA F1 06 94 14 
"
"2016-11-21 14:43:39ID: BB  Data: 00 00 00 AA 0E F9 6B EC 
"
"2016-11-21 14:43:39ID: BC  Data: 00 00 00 AA F1 06 94 14 
"
"2016-11-21 14:43:39ID: BB  Data: 00 00 00 AA 0E F9 6B EC 
"
"2016-11-21 14:43:39ID: BC  Data: 00 00 00 AA F1 06 94 14 
"
"2016-11-21 14:43:39ID: BB  Data: 00 00 00 AA 0E F8 1B 19 
"
"2016-11-21 14:43:39ID: BC  Data: 00 00 00 AA F1 07 E4 E7 
"
"2016-11-21 14:43:39ID: BB  Data: 00 00 00 AA 0E F9 6B EC 
"
"2016-11-21 14:43:39ID: BC  Data: 00 00 00 AA F1 06 94 14 
"
"2016-11-21 14:43:39ID: BB  Data: 00 00 00 AA 0E F6 CA 46 
"
"2016-11-21 14:43:39ID: BC  Data: 00 00 00 AA F1 09 35 BA 
"
"2016-11-21 14:43:39ID: BB  Data: 00 00 00 AA 0E F9 6B EC 
"
"2016-11-21 14:43:39ID: BC  Data: 00 00 00 AA F1 06 94 14 
"
"2016-11-21 14:43:39ID: BB  Data: 00 00 00 AA 0E F6 CA 46 
"
"2016-11-21 14:43:39ID: BC  Data: 00 00 00 AA F1 09 35 BA 
"
"2016-11-21 14:43:39ID: BB  Data: 00 00 00 AA 0E F9 6B EC 
"
"2016-11-21 14:43:39ID: BC  Data: 00 00 00 AA F1 06 94 14 
"
"2016-11-21 14:43:40ID: BB  Data: 00 00 00 AA 0E F9 6B EC 
"
"2016-11-21 14:43:40ID: BC  Data: 00 00 00 AA F1 06 94 14 
"
"2016-11-21 14:43:40ID: BB  Data: 00 00 00 AA 0E F9 6B EC 
"
"2016-11-21 14:43:40ID: BC  Data: 00 00 00 AA F1 06 94 14 
"
"2016-11-21 14:43:40ID: BB  Data: 00 00 00 AA 0E F9 6B EC 
"
"2016-11-21 14:43:40ID: BC  Data: 00 00 00 AA F1 06 94 14 
"
"2016-11-21 14:43:40ID: BB  Data: 00 00 00 AA 0E F6 CA 46 
"
"2016-11-21 14:43:40ID: BC  Data: 00 00 00 AA F1 09 35 BA 
"
"2016-11-21 14:43:40ID: BB  Data: 00 00 00 AA 0E FA BC BE 
"
"2016-11-21 14:43:40ID: BC  Data: 00 00 00 AA F1 05 43 42 
"
"2016-11-21 14:43:40ID: BB  Data: 00 00 00 AA 0E F8 1B 19 
"
"2016-11-21 14:43:40ID: BC  Data: 00 00 00 AA F1 07 E4 E7 
"
"2016-11-21 14:43:40ID: BB  Data: 00 00 00 AA 0E FA BC BE 
"
"2016-11-21 14:43:40ID: BC  Data: 00 00 00 AA F1 05 43 42 
"
"2016-11-21 14:43:40ID: BB  Data: 00 00 00 AA 0E F9 6B EC 
"
"2016-11-21 14:43:40ID: BC  Data: 00 00 00 AA F1 06 94 14 
"
"2016-11-21 14:43:40ID: BB  Data: 00 00 00 AA 0E F8 1B 19 
"
"2016-11-21 14:43:40ID: BC  Data: 00 00 00 AA F1 07 E4 E7 
"
"2016-11-21 14:43:40ID: BB  Data: 00 00 00 AA 0E F6 CA 46 
"
"2016-11-21 14:43:40ID: BC  Data: 00 00 00 AA F1 09 35 BA 
"
"2016-11-21 14:43:40ID: BB  Data: 00 00 00 AA 0E F9 6B EC 
"
"2016-11-21 14:43:40ID: BC  Data: 00 00 00 AA F1 06 94 14 
"
"2016-11-21 14:43:40ID: BB  Data: 00 00 00 AA 0E F9 6B EC 
"
"2016-11-21 14:43:40ID: BC  Data: 00 00 00 AA F1 06 94 14 
"
"2016-11-21 14:43:41ID: BB  Data: 00 00 00 AA 0E F8 1B 19 
"
"2016-11-21 14:43:41ID: BC  Data: 00 00 00 AA F1 07 E4 E7 
"
"2016-11-21 14:43:41ID: BB  Data: 00 00 00 AA 0E F8 1B 19 
"
"2016-11-21 14:43:41ID: BC  Data: 00 00 00 AA F1 07 E4 E7 
"
"2016-11-21 14:43:41ID: BB  Data: 00 00 00 AA 0E F9 6B EC 
"
"2016-11-21 14:43:41ID: BC  Data: 00 00 00 AA F1 06 94 14 
"
"2016-11-21 14:43:41ID: BB  Data: 00 00 00 AA 0E F8 1B 19 
"
"2016-11-21 14:43:41ID: BC  Data: 00 00 00 AA F1 07 E4 E7 
"
"2016-11-21 14:43:41ID: BB  Data: 00 00 00 AA 0E F9 6B EC 
"
"2016-11-21 14:43:41ID: BC  Data: 00 00 00 AA F1 06 94 14 
"
"2016-11-21 14:43:41ID: BB  Data: 00 00 00 AA 0E D5 E5 B8 
"
"2016-11-21 14:43:41ID: BC  Data: 00 00 00 AA F1 2A 1A 48 
"
"2016-11-21 14:43:41ID: BB  Data: 00 00 00 AA 0E 41 38 CB 
"
"2016-11-21 14:43:41ID: BC  Data: 00 00 00 AA F1 BE C7 35 
"
"2016-11-21 14:43:41ID: BB  Data: 00 00 00 AA 0D E1 2C C3 
"
"2016-11-21 14:43:41ID: BC  Data: 00 00 00 AA F2 1E D3 3D 
"
"2016-11-21 14:43:41ID: BB  Data: 00 00 00 AA 0D B4 70 CE 
"
"2016-11-21 14:43:41ID: BC  Data: 00 00 00 AA F2 4B 8F 32 
"
"2016-11-21 14:43:41ID: BB  Data: 00 00 00 AA 0D 8F 99 C7 
"
"2016-11-21 14:43:41ID: BC  Data: 00 00 00 AA F2 70 66 39 
"
"2016-11-21 14:43:41ID: BB  Data: 00 00 00 AA 0D 05 73 6F 
"
"2016-11-21 14:43:41ID: BC  Data: 00 00 00 AA F2 FA 8C 91 
"
"2016-11-21 14:43:42ID: BB  Data: 00 00 00 AA 0C 40 18 16 
"
"2016-11-21 14:43:42ID: BC  Data: 00 00 00 AA F3 BF E7 EA 
"
"2016-11-21 14:43:42ID: BB  Data: 00 00 00 AA 0B 8A 86 9A 
"
"2016-11-21 14:43:42ID: BC  Data: 00 00 00 AA F4 75 79 66 
"
"2016-11-21 14:43:42ID: BB  Data: 00 00 00 AA 09 68 81 56 
"
"2016-11-21 14:43:42ID: BC  Data: 00 00 00 AA F6 97 7E AA 
"
"2016-11-21 14:43:42ID: BB  Data: 00 00 00 AA 04 46 1B D4 
"
"2016-11-21 14:43:42ID: BC  Data: 00 00 00 AA FB B9 E4 2C 
"
"2016-11-21 14:43:42ID: BB  Data: 00 00 00 AA 02 11 AB 0C 
"
"2016-11-21 14:43:42ID: BC  Data: 00 00 00 AA FD EE 54 F4 
"
"2016-11-21 14:43:42ID: BB  Data: 00 00 00 AA 01 9C 91 DC 
"
"2016-11-21 14:43:42ID: BC  Data: 00 00 00 AA FE 63 6E 24 
"
"2016-11-21 14:43:42ID: BB  Data: 00 00 00 AA 00 00 00 00 
"
"2016-11-21 14:43:42ID: BC  Data: 00 00 00 AA 00 00 00 00 
"
"2016-11-21 14:43:42ID: BB  Data: 00 00 00 AA 00 00 00 00 
"
"2016-11-21 14:43:42ID: BC  Data: 00 00 00 AA 00 00 00 00 
"
"2016-11-21 14:43:42ID: BB  Data: 00 00 00 AA 00 00 00 00 
"
"2016-11-21 14:43:42ID: BC  Data: 00 00 00 AA 00 00 00 00 
"
"2016-11-21 14:43:42ID: BB  Data: 00 00 00 AA 00 00 00 00 
"
"2016-11-21 14:43:42ID: BC  Data: 00 00 00 AA 00 00 00 00 
"
"2016-11-21 14:43:42ID: BB  Data: 00 00 00 AA 00 00 00 00 
"
"2016-11-21 14:43:42ID: BC  Data: 00 00 00 AA 00 00 00 00 
"
"2016-11-21 14:43:42ID: BB  Data: 00 00 00 AA 00 00 00 00 
"
"2016-11-21 14:43:43ID: BC  Data: 00 00 00 AA 00 00 00 00 
"
"2016-11-21 14:43:43ID: BB  Data: 00 00 00 AA 00 00 00 00 
"
"2016-11-21 14:43:43ID: BC  Data: 00 00 00 AA 00 00 00 00 
"
"2016-11-21 14:43:43ID: BB  Data: 00 00 00 AA 00 00 00 00 
"
"2016-11-21 14:43:43ID: BC  Data: 00 00 00 AA 00 00 00 00 
"
"2016-11-21 14:43:43ID: BB  Data: 00 00 00 AA 00 00 00 00 
"
"2016-11-21 14:43:43ID: BC  Data: 00 00 00 AA 00 00 00 00 
"
"2016-11-21 14:43:43ID: BB  Data: 00 00 00 AA 00 00 00 00 
"
"2016-11-21 14:43:43ID: BC  Data: 00 00 00 AA 00 00 00 00 
"
"2016-11-21 14:43:43ID: BB  Data: 00 00 00 AA 00 00 00 00 
"
"2016-11-21 14:43:43ID: BC  Data: 00 00 00 AA 00 00 00 00 
"
"2016-11-21 14:43:43ID: BB  Data: 00 00 00 AA 00 00 00 00 
"
"2016-11-21 14:43:43ID: BC  Data: 00 00 00 AA 00 00 00 00 
"
"2016-11-21 14:43:43ID: BB  Data: 00 00 00 AA 00 00 00 00 
"
"2016-11-21 14:43:43ID: BC  Data: 00 00 00 AA 00 00 00 00 
"
"2016-11-21 14:43:43ID: BB  Data: 00 00 00 AA 00 00 00 00 
"
"2016-11-21 14:43:43ID: BC  Data: 00 00 00 AA 00 00 00 00 
"
"2016-11-21 14:43:43ID: BB  Data: 00 00 00 AA 00 00 00 00 
"
"2016-11-21 14:43:43ID: BC  Data: 00 00 00 AA 00 00 00 00 
"
"2016-11-21 14:43:43ID: BB  Data: 00 00 00 AA 00 00 00 00 
"
"2016-11-21 14:43:43ID: BC  Data: 00 00 00 AA 00 00 00 00 
"
"2016-11-21 14:43:43ID: BB  Data: 00 00 00 AA 00 00 00 00 
"
"2016-11-21 14:43:43ID: BC  Data: 00 00 00 AA 00 00 00 00 
"
"2016-11-21 14:43:44ID: BB  Data: 00 00 00 AA 00 00 00 00 
"
"2016-11-21 14:43:44ID: BC  Data: 00 00 00 AA 00 00 00 00 
"
"2016-11-21 14:43:44ID: BB  Data: 00 00 00 AA 00 00 00 00 
"
"2016-11-21 14:43:44ID: BC  Data: 00 00 00 AA 00 00 00 00 
"
"2016-11-21 14:43:44ID: BB  Data: 00 00 00 AA 00 00 00 00 
"
"2016-11-21 14:43:44ID: BC  Data: 00 00 00 AA 00 00 00 00 
"
"2016-11-21 14:43:44ID: BB  Data: 00 00 00 AA 00 00 00 00 
"
"2016-11-21 14:43:44ID: BC  Data: 00 00 00 AA 00 00 00 00 
"
"2016-11-21 14:43:44ID: BB  Data: 00 00 00 AA 00 00 00 00 
"
"2016-11-21 14:43:44ID: BC  Data: 00 00 00 AA 00 00 00 00 
"
"2016-11-21 14:43:44ID: BB  Data: 00 00 00 AA 00 00 00 00 
"
"2016-11-21 14:43:44ID: BC  Data: 00 00 00 AA 00 00 00 00 
"
"2016-11-21 14:43:44ID: BB  Data: 00 00 00 AA 00 00 00 00 
"
"2016-11-21 14:43:44ID: BC  Data: 00 00 00 AA 00 00 00 00 
"
"2016-11-21 14:43:44ID: BB  Data: 00 00 00 AA 00 00 00 00 
"
"2016-11-21 14:43:44ID: BC  Data: 00 00 00 AA 00 00 00 00 
"
"2016-11-21 14:43:44ID: BB  Data: 00 00 00 AA 00 00 00 00 
"
"2016-11-21 14:43:44ID: BC  Data: 00 00 00 AA 00 00 00 00 
"
"2016-11-21 14:43:44ID: BB  Data: 00 00 00 AA 00 00 00 00 
"
"2016-11-21 14:43:44ID: BC  Data: 00 00 00 AA 00 00 00 00 
"
"2016-11-21 14:43:44ID: BB  Data: 00 00 00 AA 00 00 00 00 
"
"2016-11-21 14:43:44ID: BC  Data: 00 00 00 AA 00 00 00 00 
"
"2016-11-21 14:43:45ID: BB  Data: 00 00 00 AA 00 00 00 00 
"
"2016-11-21 14:43:45ID: BC  Data: 00 00 00 AA 00 00 00 00 
"
"2016-11-21 14:43:45ID: BB  Data: 00 00 00 AA 00 00 00 00 
"
"2016-11-21 14:43:45ID: BC  Data: 00 00 00 AA 00 00 00 00 
"
"2016-11-21 14:43:45ID: BB  Data: 00 00 00 AA 00 00 00 00 
"
"2016-11-21 14:43:45ID: BC  Data: 00 00 00 AA 00 00 00 00 
"
"2016-11-21 14:43:45ID: BB  Data: 00 00 00 AA 00 00 00 00 
"
"2016-11-21 14:43:45ID: BC  Data: 00 00 00 AA 00 00 00 00 
"
"2016-11-21 14:43:45ID: BB  Data: 00 00 00 AA 00 00 00 00 
"
"2016-11-21 14:43:45ID: BC  Data: 00 00 00 AA 00 00 00 00 
"
"2016-11-21 14:43:45ID: BB  Data: 00 00 00 AA 00 00 00 00 
"
"2016-11-21 14:43:45ID: BC  Data: 00 00 00 AA 00 00 00 00 
"
"2016-11-21 14:43:45ID: BB  Data: 00 00 00 AA 00 00 00 00 
"
"2016-11-21 14:43:45ID: BC  Data: 00 00 00 AA 00 00 00 00 
"
"2016-11-21 14:43:45ID: BB  Data: 00 00 00 AA 00 00 00 00 
"
"2016-11-21 14:43:45ID: BC  Data: 00 00 00 AA 00 00 00 00 
"
"2016-11-21 14:43:45ID: BB  Data: 00 00 00 AA 00 00 00 00 
"
"2016-11-21 14:43:45ID: BC  Data: 00 00 00 AA 00 00 00 00 
"
"2016-11-21 14:43:45ID: BB  Data: 00 00 00 AA 00 00 00 00 
"
"2016-11-21 14:43:45ID: BC  Data: 00 00 00 AA 00 00 00 00 
"
"2016-11-21 14:43:45ID: BB  Data: 00 00 00 AA 00 00 00 00 
"
"2016-11-21 14:43:45ID: BC  Data: 00 00 00 AA 00 00 00 00 
"
"2016-11-21 14:43:45ID: BB  Data: 00 00 00 AA 00 00 00 00 
"
"2016-11-21 14:43:45ID: BC  Data: 00 00 00 AA 00 00 00 00 
"
"2016-11-21 14:43:46ID: BB  Data: 00 00 00 AA 00 00 00 00 
"
"2016-11-21 14:43:46ID: BC  Data: 00 00 00 AA 00 00 00 00 
"
"2016-11-21 14:43:46ID: BB  Data: 00 00 00 AA 00 00 00 00 
"
"2016-11-21 14:43:46ID: BC  Data: 00 00 00 AA 00 00 00 00 
"
"2016-11-21 14:43:46ID: BB  Data: 00 00 00 AA 00 00 00 00 
"
"2016-11-21 14:43:46ID: BC  Data: 00 00 00 AA 00 00 00 00 
"
"2016-11-21 14:43:46ID: BB  Data: 00 00 00 AA 00 00 00 00 
"
"2016-11-21 14:43:46ID: BC  Data: 00 00 00 AA 00 00 00 00 
"
"2016-11-21 14:43:46ID: BB  Data: 00 00 00 AA 00 00 00 00 
"
"2016-11-21 14:43:46ID: BC  Data: 00 00 00 AA 00 00 00 00 
"
"2016-11-21 14:43:46ID: BB  Data: 00 00 00 AA 00 00 00 00 
"
"2016-11-21 14:43:46ID: BC  Data: 00 00 00 AA 00 00 00 00 
"
"2016-11-21 14:43:46ID: BB  Data: 00 00 00 AA 00 00 00 00 
"
"2016-11-21 14:43:46ID: BC  Data: 00 00 00 AA 00 00 00 00 
"
"2016-11-21 14:43:46ID: BB  Data: 00 00 00 AA 00 00 00 00 
"
"2016-11-21 14:43:46ID: BC  Data: 00 00 00 AA 00 00 00 00 
"
"2016-11-21 14:43:46ID: BB  Data: 00 00 00 AA 00 00 00 00 
"
"2016-11-21 14:43:46ID: BC  Data: 00 00 00 AA 00 00 00 00 
"
"2016-11-21 14:43:46ID: BB  Data: 00 00 00 AA 00 00 00 00 
"
"2016-11-21 14:43:46ID: BC  Data: 00 00 00 AA 00 00 00 00 
"
"2016-11-21 14:43:46ID: BB  Data: 00 00 00 AA 00 00 00 00 
"
"2016-11-21 14:43:46ID: BC  Data: 00 00 00 AA 00 00 00 00 
"
"2016-11-21 14:43:47ID: BB  Data: 00 00 00 AA 00 00 00 00 
"
"2016-11-21 14:43:47ID: BC  Data: 00 00 00 AA 00 00 00 00 
"
"2016-11-21 14:43:47ID: BB  Data: 00 00 00 AA 00 00 00 00 
"
"2016-11-21 14:43:47ID: BC  Data: 00 00 00 AA 00 00 00 00 
"
"2016-11-21 14:43:47ID: BB  Data: 00 00 00 AA 00 00 00 00 
"
"2016-11-21 14:43:47ID: BC  Data: 00 00 00 AA 00 00 00 00 
"
"2016-11-21 14:43:47ID: BB  Data: 00 00 00 AA 00 00 00 00 
"
"2016-11-21 14:43:47ID: BC  Data: 00 00 00 AA 00 00 00 00 
"
"2016-11-21 14:43:47ID: BB  Data: 00 00 00 AA 00 00 00 00 
"
"2016-11-21 14:43:47ID: BC  Data: 00 00 00 AA 00 00 00 00 
"
"2016-11-21 14:43:47ID: BB  Data: 00 00 00 AA 00 00 00 00 
"
"2016-11-21 14:43:47ID: BC  Data: 00 00 00 AA 00 00 00 00 
"
"2016-11-21 14:43:47ID: BB  Data: 00 00 00 AA 00 00 00 00 
"
"2016-11-21 14:43:47ID: BC  Data: 00 00 00 AA 00 00 00 00 
"
"2016-11-21 14:43:47ID: BB  Data: 00 00 00 AA 00 00 00 00 
"
"2016-11-21 14:43:47ID: BC  Data: 00 00 00 AA 00 00 00 00 
"
"2016-11-21 14:43:47ID: BB  Data: 00 00 00 AA 00 00 00 00 
"
"2016-11-21 14:43:47ID: BC  Data: 00 00 00 AA 00 00 00 00 
"
"2016-11-21 14:43:47ID: BB  Data: 00 00 00 AA 00 00 00 00 
"
"2016-11-21 14:43:47ID: BC  Data: 00 00 00 AA 00 00 00 00 
"
"2016-11-21 14:43:47ID: BB  Data: 00 00 00 AA 00 00 00 00 
"
"2016-11-21 14:43:47ID: BC  Data: 00 00 00 AA 00 00 00 00 
"
"2016-11-21 14:43:48ID: BB  Data: 00 00 00 AA 00 00 00 00 
"
"2016-11-21 14:43:48ID: BC  Data: 00 00 00 AA 00 00 00 00 
"
"2016-11-21 14:43:48ID: BB  Data: 00 00 00 AA 00 00 00 00 
"
"2016-11-21 14:43:48ID: BC  Data: 00 00 00 AA 00 00 00 00 
"
"2016-11-21 14:43:48ID: BB  Data: 00 00 00 AA 00 00 00 00 
"
"2016-11-21 14:43:48ID: BC  Data: 00 00 00 AA 00 00 00 00 
"
"2016-11-21 14:43:48ID: BB  Data: 00 00 00 AA 00 00 00 00 
"
"2016-11-21 14:43:48ID: BC  Data: 00 00 00 AA 00 00 00 00 
"
"2016-11-21 14:43:48ID: BB  Data: 00 00 00 AA 00 00 00 00 
"
"2016-11-21 14:43:48ID: BC  Data: 00 00 00 AA 00 00 00 00 
"
"2016-11-21 14:43:48ID: BB  Data: 00 00 00 AA 00 00 00 00 
"
"2016-11-21 14:43:48ID: BC  Data: 00 00 00 AA 00 00 00 00 
"
"2016-11-21 14:43:48ID: BB  Data: 00 00 00 AA 00 00 00 00 
"
"2016-11-21 14:43:48ID: BC  Data: 00 00 00 AA 00 00 00 00 
"
"2016-11-21 14:43:48ID: BB  Data: 00 00 00 AA 00 00 00 00 
"
"2016-11-21 14:43:48ID: BC  Data: 00 00 00 AA 00 00 00 00 
"
"2016-11-21 14:43:48ID: BB  Data: 00 00 00 AA 00 00 00 00 
"
"2016-11-21 14:43:48ID: BC  Data: 00 00 00 AA 00 00 00 00 
"
"2016-11-21 14:43:48ID: BB  Data: 00 00 00 AA 00 00 00 00 
"
"2016-11-21 14:43:48ID: BC  Data: 00 00 00 AA 00 00 00 00 
"
"2016-11-21 14:43:48ID: BB  Data: 00 00 00 AA 00 00 00 00 
"
"2016-11-21 14:43:48ID: BC  Data: 00 00 00 AA 00 00 00 00 
"
"2016-11-21 14:43:48ID: BB  Data: 00 00 00 AA 00 00 00 00 
"
"2016-11-21 14:43:48ID: BC  Data: 00 00 00 AA 00 00 00 00 
"
"2016-11-21 14:43:49ID: BB  Data: 00 00 00 AA 00 00 00 00 
"
"2016-11-21 14:43:49ID: BC  Data: 00 00 00 AA 00 00 00 00 
"
"2016-11-21 14:43:49ID: BB  Data: 00 00 00 AA 00 00 00 00 
"
"2016-11-21 14:43:49ID: BC  Data: 00 00 00 AA 00 00 00 00 
"
"2016-11-21 14:43:49ID: BB  Data: 00 00 00 AA 00 00 00 00 
"
"2016-11-21 14:43:49ID: BC  Data: 00 00 00 AA 00 00 00 00 
"
"2016-11-21 14:43:49ID: BB  Data: 00 00 00 AA 00 00 00 00 
"
"2016-11-21 14:43:49ID: BC  Data: 00 00 00 AA 00 00 00 00 
"
"2016-11-21 14:43:49ID: BB  Data: 00 00 00 AA 00 00 00 00 
"
"2016-11-21 14:43:49ID: BC  Data: 00 00 00 AA 00 00 00 00 
"
"2016-11-21 14:43:49ID: BB  Data: 00 00 00 AA 00 00 00 00 
"
"2016-11-21 14:43:49ID: BC  Data: 00 00 00 AA 00 00 00 00 
"
"2016-11-21 14:43:49ID: BB  Data: 00 00 00 AA 00 00 00 00 
"
"2016-11-21 14:43:49ID: BC  Data: 00 00 00 AA 00 00 00 00 
"
"2016-11-21 14:43:49ID: BB  Data: 00 00 00 AA 00 00 00 00 
"
"2016-11-21 14:43:49ID: BC  Data: 00 00 00 AA 00 00 00 00 
"
"2016-11-21 14:43:49ID: BB  Data: 00 00 00 AA 00 00 00 00 
"
"2016-11-21 14:43:49ID: BC  Data: 00 00 00 AA 00 00 00 00 
"
"2016-11-21 14:43:49ID: BB  Data: 00 00 00 AA 00 00 00 00 
"
"2016-11-21 14:43:49ID: BC  Data: 00 00 00 AA 00 00 00 00 
"
"2016-11-21 14:43:49ID: BB  Data: 00 00 00 AA 00 00 00 00 
"
"2016-11-21 14:43:49ID: BC  Data: 00 00 00 AA 00 00 00 00 
"
"2016-11-21 14:43:50ID: BB  Data: 00 00 00 AA 05 E7 30 82 
"
"2016-11-21 14:43:50ID: BC  Data: 00 00 00 AA FA 18 CF 7E 
"
"2016-11-21 14:43:50ID: BB  Data: 00 00 00 AA 0A 4C 1F 99 
"
"2016-11-21 14:43:50ID: BC  Data: 00 00 00 AA F5 B3 E0 67 
"
"2016-11-21 14:43:50ID: BB  Data: 00 00 00 AA 0E BA 44 73 
"
"2016-11-21 14:43:50ID: BC  Data: 00 00 00 AA F1 45 BB 8D 
"
"2016-11-21 14:43:50ID: BB  Data: 00 00 00 AA 0E F0 36 2A 
"
"2016-11-21 14:43:50ID: BC  Data: 00 00 00 AA F1 0F C9 D6 
"
"2016-11-21 14:43:50ID: BB  Data: 00 00 00 AA 0E F2 D7 CF 
"
"2016-11-21 14:43:50ID: BC  Data: 00 00 00 AA F1 0D 28 31 
"
"2016-11-21 14:43:50ID: BB  Data: 00 00 00 AA 0E F4 28 A1 
"
"2016-11-21 14:43:50ID: BC  Data: 00 00 00 AA F1 0B D7 5F 
"
"2016-11-21 14:43:50ID: BB  Data: 00 00 00 AA 0E F6 CA 46 
"
"2016-11-21 14:43:50ID: BC  Data: 00 00 00 AA F1 09 35 BA 
"
"2016-11-21 14:43:50ID: BB  Data: 00 00 00 AA 0E F5 79 74 
"
"2016-11-21 14:43:50ID: BC  Data: 00 00 00 AA F1 0A 86 8C 
"
"2016-11-21 14:43:50ID: BB  Data: 00 00 00 AA 0E F8 1B 19 
"
"2016-11-21 14:43:50ID: BC  Data: 00 00 00 AA F1 07 E4 E7 
"
"2016-11-21 14:43:50ID: BB  Data: 00 00 00 AA 0E F8 1B 19 
"
"2016-11-21 14:43:50ID: BC  Data: 00 00 00 AA F1 07 E4 E7 
"
"2016-11-21 14:43:50ID: BB  Data: 00 00 00 AA 0E F6 CA 46 
"
"2016-11-21 14:43:50ID: BC  Data: 00 00 00 AA F1 09 35 BA 
"
"2016-11-21 14:43:51ID: BB  Data: 00 00 00 AA 0E F9 6B EC 
"
"2016-11-21 14:43:51ID: BC  Data: 00 00 00 AA F1 06 94 14 
"
"2016-11-21 14:43:51ID: BB  Data: 00 00 00 AA 0E F9 6B EC 
"
"2016-11-21 14:43:51ID: BC  Data: 00 00 00 AA F1 06 94 14 
"
"2016-11-21 14:43:51ID: BB  Data: 00 00 00 AA 0E F6 CA 46 
"
"2016-11-21 14:43:51ID: BC  Data: 00 00 00 AA F1 09 35 BA 
"
"2016-11-21 14:43:51ID: BB  Data: 00 00 00 AA 0E F9 6B EC 
"
"2016-11-21 14:43:51ID: BC  Data: 00 00 00 AA F1 06 94 14 
"
"2016-11-21 14:43:51ID: BB  Data: 00 00 00 AA 0E F6 CA 46 
"
"2016-11-21 14:43:51ID: BC  Data: 00 00 00 AA F1 09 35 BA 
"
"2016-11-21 14:43:51ID: BB  Data: 00 00 00 AA 0E F9 6B EC 
"
"2016-11-21 14:43:51ID: BC  Data: 00 00 00 AA F1 06 94 14 
"
"2016-11-21 14:43:51ID: BB  Data: 00 00 00 AA 0E F8 1B 19 
"
"2016-11-21 14:43:51ID: BC  Data: 00 00 00 AA F1 07 E4 E7 
"
"2016-11-21 14:43:51ID: BB  Data: 00 00 00 AA 0E FA BC BE 
"
"2016-11-21 14:43:51ID: BC  Data: 00 00 00 AA F1 05 43 42 
"
"2016-11-21 14:43:51ID: BB  Data: 00 00 00 AA 0E F6 CA 46 
"
"2016-11-21 14:43:51ID: BC  Data: 00 00 00 AA F1 09 35 BA 
"
"2016-11-21 14:43:51ID: BB  Data: 00 00 00 AA 0E F8 1B 19 
"
"2016-11-21 14:43:51ID: BC  Data: 00 00 00 AA F1 07 E4 E7 
"
"2016-11-21 14:43:51ID: BB  Data: 00 00 00 AA 0E F9 6B EC 
"
"2016-11-21 14:43:51ID: BC  Data: 00 00 00 AA F1 06 94 14 
"
"2016-11-21 14:43:51ID: BB  Data: 00 00 00 AA 0E FA BC BE 
"
"2016-11-21 14:43:51ID: BC  Data: 00 00 00 AA F1 05 43 42 
"
"2016-11-21 14:43:52ID: BB  Data: 00 00 00 AA 0E F8 1B 19 
"
"2016-11-21 14:43:52ID: BC  Data: 00 00 00 AA F1 07 E4 E7 
"
"2016-11-21 14:43:52ID: BB  Data: 00 00 00 AA 0E F8 1B 19 
"
"2016-11-21 14:43:52ID: BC  Data: 00 00 00 AA F1 07 E4 E7 
"
"2016-11-21 14:43:52ID: BB  Data: 00 00 00 AA 0E F8 1B 19 
"
"2016-11-21 14:43:52ID: BC  Data: 00 00 00 AA F1 07 E4 E7 
"
"2016-11-21 14:43:52ID: BB  Data: 00 00 00 AA 0E F8 1B 19 
"
"2016-11-21 14:43:52ID: BC  Data: 00 00 00 AA F1 07 E4 E7 
"
"2016-11-21 14:43:52ID: BB  Data: 00 00 00 AA 0E F8 1B 19 
"
"2016-11-21 14:43:52ID: BC  Data: 00 00 00 AA F1 07 E4 E7 
"
"2016-11-21 14:43:52ID: BB  Data: 00 00 00 AA 0E F6 CA 46 
"
"2016-11-21 14:43:52ID: BC  Data: 00 00 00 AA F1 09 35 BA 
"
"2016-11-21 14:43:52ID: BB  Data: 00 00 00 AA 0E F8 1B 19 
"
"2016-11-21 14:43:52ID: BC  Data: 00 00 00 AA F1 07 E4 E7 
"
"2016-11-21 14:43:52ID: BB  Data: 00 00 00 AA 0E F6 CA 46 
"
"2016-11-21 14:43:52ID: BC  Data: 00 00 00 AA F1 09 35 BA 
"
"2016-11-21 14:43:52ID: BB  Data: 00 00 00 AA 0E F6 CA 46 
"
"2016-11-21 14:43:52ID: BC  Data: 00 00 00 AA F1 09 35 BA 
"
"2016-11-21 14:43:52ID: BB  Data: 00 00 00 AA 0E F8 1B 19 
"
"2016-11-21 14:43:52ID: BC  Data: 00 00 00 AA F1 07 E4 E7 
"
"2016-11-21 14:43:52ID: BB  Data: 00 00 00 AA 0E F9 6B EC 
"
"2016-11-21 14:43:52ID: BC  Data: 00 00 00 AA F1 06 94 14 
"
"2016-11-21 14:43:53ID: BB  Data: 00 00 00 AA 0E F8 1B 19 
"
"2016-11-21 14:43:53ID: BC  Data: 00 00 00 AA F1 07 E4 E7 
"
"2016-11-21 14:43:53ID: BB  Data: 00 00 00 AA 0E F8 1B 19 
"
"2016-11-21 14:43:53ID: BC  Data: 00 00 00 AA F1 07 E4 E7 
"
"2016-11-21 14:43:53ID: BB  Data: 00 00 00 AA 0E F8 1B 19 
"
"2016-11-21 14:43:53ID: BC  Data: 00 00 00 AA F1 07 E4 E7 
"
"2016-11-21 14:43:53ID: BB  Data: 00 00 00 AA 0E F8 1B 19 
"
"2016-11-21 14:43:53ID: BC  Data: 00 00 00 AA F1 07 E4 E7 
"
"2016-11-21 14:43:53ID: BB  Data: 00 00 00 AA 0E F9 6B EC 
"
"2016-11-21 14:43:53ID: BC  Data: 00 00 00 AA F1 06 94 14 
"
"2016-11-21 14:43:53ID: BB  Data: 00 00 00 AA 0E F8 1B 19 
"
"2016-11-21 14:43:53ID: BC  Data: 00 00 00 AA F1 07 E4 E7 
"
"2016-11-21 14:43:53ID: BB  Data: 00 00 00 AA 0E FA BC BE 
"
"2016-11-21 14:43:53ID: BC  Data: 00 00 00 AA F1 05 43 42 
"
"2016-11-21 14:43:53ID: BB  Data: 00 00 00 AA 0E F8 1B 19 
"
"2016-11-21 14:43:53ID: BC  Data: 00 00 00 AA F1 07 E4 E7 
"
"2016-11-21 14:43:53ID: BB  Data: 00 00 00 AA 0E F8 1B 19 
"
"2016-11-21 14:43:53ID: BC  Data: 00 00 00 AA F1 07 E4 E7 
"
"2016-11-21 14:43:53ID: BB  Data: 00 00 00 AA 0E F8 1B 19 
"
"2016-11-21 14:43:53ID: BC  Data: 00 00 00 AA F1 07 E4 E7 
"
"2016-11-21 14:43:53ID: BB  Data: 00 00 00 AA 0E F9 6B EC 
"
"2016-11-21 14:43:53ID: BC  Data: 00 00 00 AA F1 06 94 14 
"
"2016-11-21 14:43:53ID: BB  Data: 00 00 00 AA 0E F9 6B EC 
"
"2016-11-21 14:43:54ID: BC  Data: 00 00 00 AA F1 06 94 14 
"
"2016-11-21 14:43:54ID: BB  Data: 00 00 00 AA 0E F9 6B EC 
"
"2016-11-21 14:43:54ID: BC  Data: 00 00 00 AA F1 06 94 14 
"
"2016-11-21 14:43:54ID: BB  Data: 00 00 00 AA 0E F8 1B 19 
"
"2016-11-21 14:43:54ID: BC  Data: 00 00 00 AA F1 07 E4 E7 
"
"2016-11-21 14:43:54ID: BB  Data: 00 00 00 AA 0E F9 6B EC 
"
"2016-11-21 14:43:54ID: BC  Data: 00 00 00 AA F1 06 94 14 
"
"2016-11-21 14:43:54ID: BB  Data: 00 00 00 AA 0E F6 CA 46 
"
"2016-11-21 14:43:54ID: BC  Data: 00 00 00 AA F1 09 35 BA 
"
"2016-11-21 14:43:54ID: BB  Data: 00 00 00 AA 0E F9 6B EC 
"
"2016-11-21 14:43:54ID: BC  Data: 00 00 00 AA F1 06 94 14 
"
"2016-11-21 14:43:54ID: BB  Data: 00 00 00 AA 0E F8 1B 19 
"
"2016-11-21 14:43:54ID: BC  Data: 00 00 00 AA F1 07 E4 E7 
"
"2016-11-21 14:43:54ID: BB  Data: 00 00 00 AA 0E F9 6B EC 
"
"2016-11-21 14:43:54ID: BC  Data: 00 00 00 AA F1 06 94 14 
"
"2016-11-21 14:43:54ID: BB  Data: 00 00 00 AA 0E F8 1B 19 
"
"2016-11-21 14:43:54ID: BC  Data: 00 00 00 AA F1 07 E4 E7 
"
"2016-11-21 14:43:54ID: BB  Data: 00 00 00 AA 0E F9 6B EC 
"
"2016-11-21 14:43:54ID: BC  Data: 00 00 00 AA F1 06 94 14 
"
"2016-11-21 14:43:54ID: BB  Data: 00 00 00 AA 0E F8 1B 19 
"
"2016-11-21 14:43:54ID: BC  Data: 00 00 00 AA F1 07 E4 E7 
"
"2016-11-21 14:43:54ID: BB  Data: 00 00 00 AA 0E F8 1B 19 
"
"2016-11-21 14:43:54ID: BC  Data: 00 00 00 AA F1 07 E4 E7 
"
"2016-11-21 14:43:55ID: BB  Data: 00 00 00 AA 0E F8 1B 19 
"
"2016-11-21 14:43:55ID: BC  Data: 00 00 00 AA F1 07 E4 E7 
"
"2016-11-21 14:43:55ID: BB  Data: 00 00 00 AA 0E F9 6B EC 
"
"2016-11-21 14:43:55ID: BC  Data: 00 00 00 AA F1 06 94 14 
"
"2016-11-21 14:43:55ID: BB  Data: 00 00 00 AA 0E F8 1B 19 
"
"2016-11-21 14:43:55ID: BC  Data: 00 00 00 AA F1 07 E4 E7 
"
"2016-11-21 14:43:55ID: BB  Data: 00 00 00 AA 0E F6 CA 46 
"
"2016-11-21 14:43:55ID: BC  Data: 00 00 00 AA F1 09 35 BA 
"
"2016-11-21 14:43:55ID: BB  Data: 00 00 00 AA 0E F9 6B EC 
"
"2016-11-21 14:43:55ID: BC  Data: 00 00 00 AA F1 06 94 14 
"
"2016-11-21 14:43:55ID: BB  Data: 00 00 00 AA 0E FA BC BE 
"
"2016-11-21 14:43:55ID: BC  Data: 00 00 00 AA F1 05 43 42 
"
"2016-11-21 14:43:55ID: BB  Data: 00 00 00 AA 0E F9 6B EC 
"
"2016-11-21 14:43:55ID: BC  Data: 00 00 00 AA F1 06 94 14 
"
"2016-11-21 14:43:55ID: BB  Data: 00 00 00 AA 0E F8 1B 19 
"
"2016-11-21 14:43:55ID: BC  Data: 00 00 00 AA F1 07 E4 E7 
"
"2016-11-21 14:43:55ID: BB  Data: 00 00 00 AA 0E F8 1B 19 
"
"2016-11-21 14:43:55ID: BC  Data: 00 00 00 AA F1 07 E4 E7 
"
"2016-11-21 14:43:55ID: BB  Data: 00 00 00 AA 0E F8 1B 19 
"
"2016-11-21 14:43:55ID: BC  Data: 00 00 00 AA F1 07 E4 E7 
"
"2016-11-21 14:43:55ID: BB  Data: 00 00 00 AA 0E F9 6B EC 
"
"2016-11-21 14:43:55ID: BC  Data: 00 00 00 AA F1 06 94 14 
"
"2016-11-21 14:43:56ID: BB  Data: 00 00 00 AA 0E F8 1B 19 
"
"2016-11-21 14:43:56ID: BC  Data: 00 00 00 AA F1 07 E4 E7 
"
"2016-11-21 14:43:56ID: BB  Data: 00 00 00 AA 0E F9 6B EC 
"
"2016-11-21 14:43:56ID: BC  Data: 00 00 00 AA F1 06 94 14 
"
"2016-11-21 14:43:56ID: BB  Data: 00 00 00 AA 0E F8 1B 19 
"
"2016-11-21 14:43:56ID: BC  Data: 00 00 00 AA F1 07 E4 E7 
"
"2016-11-21 14:43:56ID: BB  Data: 00 00 00 AA 0E F8 1B 19 
"
"2016-11-21 14:43:56ID: BC  Data: 00 00 00 AA F1 07 E4 E7 
"
"2016-11-21 14:43:56ID: BB  Data: 00 00 00 AA 0E F9 6B EC 
"
"2016-11-21 14:43:56ID: BC  Data: 00 00 00 AA F1 06 94 14 
"
"2016-11-21 14:43:56ID: BB  Data: 00 00 00 AA 0E F8 1B 19 
"
"2016-11-21 14:43:56ID: BC  Data: 00 00 00 AA F1 07 E4 E7 
"
"2016-11-21 14:43:56ID: BB  Data: 00 00 00 AA 0E F9 6B EC 
"
"2016-11-21 14:43:56ID: BC  Data: 00 00 00 AA F1 06 94 14 
"
"2016-11-21 14:43:56ID: BB  Data: 00 00 00 AA 0E F8 1B 19 
"
"2016-11-21 14:43:56ID: BC  Data: 00 00 00 AA F1 07 E4 E7 
"
"2016-11-21 14:43:56ID: BB  Data: 00 00 00 AA 0E F8 1B 19 
"
"2016-11-21 14:43:56ID: BC  Data: 00 00 00 AA F1 07 E4 E7 
"
"2016-11-21 14:43:56ID: BB  Data: 00 00 00 AA 0E F8 1B 19 
"
"2016-11-21 14:43:56ID: BC  Data: 00 00 00 AA F1 07 E4 E7 
"
"2016-11-21 14:43:56ID: BB  Data: 00 00 00 AA 0E F9 6B EC 
"
"2016-11-21 14:43:56ID: BC  Data: 00 00 00 AA F1 06 94 14 
"
"2016-11-21 14:43:56ID: BB  Data: 00 00 00 AA 0E F8 1B 19 
"
"2016-11-21 14:43:56ID: BC  Data: 00 00 00 AA F1 07 E4 E7 
"
"2016-11-21 14:43:57ID: BB  Data: 00 00 00 AA 0E F9 6B EC 
"
"2016-11-21 14:43:57ID: BC  Data: 00 00 00 AA F1 06 94 14 
"
"2016-11-21 14:43:57ID: BB  Data: 00 00 00 AA 0E F9 6B EC 
"
"2016-11-21 14:43:57ID: BC  Data: 00 00 00 AA F1 06 94 14 
"
"2016-11-21 14:43:57ID: BB  Data: 00 00 00 AA 0E F8 1B 19 
"
"2016-11-21 14:43:57ID: BC  Data: 00 00 00 AA F1 07 E4 E7 
"
"2016-11-21 14:43:57ID: BB  Data: 00 00 00 AA 0E FA BC BE 
"
"2016-11-21 14:43:57ID: BC  Data: 00 00 00 AA F1 05 43 42 
"
"2016-11-21 14:43:57ID: BB  Data: 00 00 00 AA 0E FC 0D 91 
"
"2016-11-21 14:43:57ID: BC  Data: 00 00 00 AA F1 03 F2 6F 
"
"2016-11-21 14:43:57ID: BB  Data: 00 00 00 AA 0E F9 6B EC 
"
"2016-11-21 14:43:57ID: BC  Data: 00 00 00 AA F1 06 94 14 
"
"2016-11-21 14:43:57ID: BB  Data: 00 00 00 AA 0E F9 6B EC 
"
"2016-11-21 14:43:57ID: BC  Data: 00 00 00 AA F1 06 94 14 
"
"2016-11-21 14:43:57ID: BB  Data: 00 00 00 AA 0E F6 CA 46 
"
"2016-11-21 14:43:57ID: BC  Data: 00 00 00 AA F1 09 35 BA 
"
"2016-11-21 14:43:57ID: BB  Data: 00 00 00 AA 0E F6 CA 46 
"
"2016-11-21 14:43:57ID: BC  Data: 00 00 00 AA F1 09 35 BA 
"
"2016-11-21 14:43:57ID: BB  Data: 00 00 00 AA 0E F8 1B 19 
"
"2016-11-21 14:43:57ID: BC  Data: 00 00 00 AA F1 07 E4 E7 
"
"2016-11-21 14:43:57ID: BB  Data: 00 00 00 AA 0E F9 6B EC 
"
"2016-11-21 14:43:57ID: BC  Data: 00 00 00 AA F1 06 94 14 
"
"2016-11-21 14:43:58ID: BB  Data: 00 00 00 AA 0E F9 6B EC 
"
"2016-11-21 14:43:58ID: BC  Data: 00 00 00 AA F1 06 94 14 
"
"2016-11-21 14:43:58ID: BB  Data: 00 00 00 AA 0E F8 1B 19 
"
"2016-11-21 14:43:58ID: BC  Data: 00 00 00 AA F1 07 E4 E7 
"
"2016-11-21 14:43:58ID: BB  Data: 00 00 00 AA 0E F9 6B EC 
"
"2016-11-21 14:43:58ID: BC  Data: 00 00 00 AA F1 06 94 14 
"
"2016-11-21 14:43:58ID: BB  Data: 00 00 00 AA 0E F9 6B EC 
"
"2016-11-21 14:43:58ID: BC  Data: 00 00 00 AA F1 06 94 14 
"
"2016-11-21 14:43:58ID: BB  Data: 00 00 00 AA 0E F9 6B EC 
"
"2016-11-21 14:43:58ID: BC  Data: 00 00 00 AA F1 06 94 14 
"
"2016-11-21 14:43:58ID: BB  Data: 00 00 00 AA 0E F9 6B EC 
"
"2016-11-21 14:43:58ID: BC  Data: 00 00 00 AA F1 06 94 14 
"
"2016-11-21 14:43:58ID: BB  Data: 00 00 00 AA 0E F8 1B 19 
"
"2016-11-21 14:43:58ID: BC  Data: 00 00 00 AA F1 07 E4 E7 
"
"2016-11-21 14:43:58ID: BB  Data: 00 00 00 AA 0E F9 6B EC 
"
"2016-11-21 14:43:58ID: BC  Data: 00 00 00 AA F1 06 94 14 
"
"2016-11-21 14:43:58ID: BB  Data: 00 00 00 AA 0E F9 6B EC 
"
"2016-11-21 14:43:58ID: BC  Data: 00 00 00 AA F1 06 94 14 
"
"2016-11-21 14:43:58ID: BB  Data: 00 00 00 AA 0E F8 1B 19 
"
"2016-11-21 14:43:58ID: BC  Data: 00 00 00 AA F1 07 E4 E7 
"
"2016-11-21 14:43:58ID: BB  Data: 00 00 00 AA 0E F9 6B EC 
"
"2016-11-21 14:43:58ID: BC  Data: 00 00 00 AA F1 06 94 14 
"
"2016-11-21 14:43:59ID: BB  Data: 00 00 00 AA 0E FA BC BE 
"
"2016-11-21 14:43:59ID: BC  Data: 00 00 00 AA F1 05 43 42 
"
"2016-11-21 14:43:59ID: BB  Data: 00 00 00 AA 0E F9 6B EC 
"
"2016-11-21 14:43:59ID: BC  Data: 00 00 00 AA F1 06 94 14 
"
"2016-11-21 14:43:59ID: BB  Data: 00 00 00 AA 0E F9 6B EC 
"
"2016-11-21 14:43:59ID: BC  Data: 00 00 00 AA F1 06 94 14 
"
"2016-11-21 14:43:59ID: BB  Data: 00 00 00 AA 0E FA BC BE 
"
"2016-11-21 14:43:59ID: BC  Data: 00 00 00 AA F1 05 43 42 
"
"2016-11-21 14:43:59ID: BB  Data: 00 00 00 AA 0E F8 1B 19 
"
"2016-11-21 14:43:59ID: BC  Data: 00 00 00 AA F1 07 E4 E7 
"
"2016-11-21 14:43:59ID: BB  Data: 00 00 00 AA 0E F8 1B 19 
"
"2016-11-21 14:43:59ID: BC  Data: 00 00 00 AA F1 07 E4 E7 
"
"2016-11-21 14:43:59ID: BB  Data: 00 00 00 AA 0E F9 6B EC 
"
"2016-11-21 14:43:59ID: BC  Data: 00 00 00 AA F1 06 94 14 
"
"2016-11-21 14:43:59ID: BB  Data: 00 00 00 AA 0E F9 6B EC 
"
"2016-11-21 14:43:59ID: BC  Data: 00 00 00 AA F1 06 94 14 
"
"2016-11-21 14:43:59ID: BB  Data: 00 00 00 AA 0E FA BC BE 
"
"2016-11-21 14:43:59ID: BC  Data: 00 00 00 AA F1 05 43 42 
"
"2016-11-21 14:43:59ID: BB  Data: 00 00 00 AA 0E F9 6B EC 
"
"2016-11-21 14:43:59ID: BC  Data: 00 00 00 AA F1 06 94 14 
"
"2016-11-21 14:43:59ID: BB  Data: 00 00 00 AA 0E F6 CA 46 
"
"2016-11-21 14:43:59ID: BC  Data: 00 00 00 AA F1 09 35 BA 
"
"2016-11-21 14:43:59ID: BB  Data: 00 00 00 AA 0E F9 6B EC 
"
"2016-11-21 14:43:59ID: BC  Data: 00 00 00 AA F1 06 94 14 
"
"2016-11-21 14:44:00ID: BB  Data: 00 00 00 AA 0E F9 6B EC 
"
"2016-11-21 14:44:00ID: BC  Data: 00 00 00 AA F1 06 94 14 
"
"2016-11-21 14:44:00ID: BB  Data: 00 00 00 AA 0E F8 1B 19 
"
"2016-11-21 14:44:00ID: BC  Data: 00 00 00 AA F1 07 E4 E7 
"
"2016-11-21 14:44:00ID: BB  Data: 00 00 00 AA 0E F8 1B 19 
"
"2016-11-21 14:44:00ID: BC  Data: 00 00 00 AA F1 07 E4 E7 
"
"2016-11-21 14:44:00ID: BB  Data: 00 00 00 AA 0E F8 1B 19 
"
"2016-11-21 14:44:00ID: BC  Data: 00 00 00 AA F1 07 E4 E7 
"
"2016-11-21 14:44:00ID: BB  Data: 00 00 00 AA 0E F8 1B 19 
"
"2016-11-21 14:44:00ID: BC  Data: 00 00 00 AA F1 07 E4 E7 
"
"2016-11-21 14:44:00ID: BB  Data: 00 00 00 AA 0E FA BC BE 
"
"2016-11-21 14:44:00ID: BC  Data: 00 00 00 AA F1 05 43 42 
"
"2016-11-21 14:44:00ID: BB  Data: 00 00 00 AA 0E F8 1B 19 
"
"2016-11-21 14:44:00ID: BC  Data: 00 00 00 AA F1 07 E4 E7 
"
"2016-11-21 14:44:00ID: BB  Data: 00 00 00 AA 0E F8 1B 19 
"
"2016-11-21 14:44:00ID: BC  Data: 00 00 00 AA F1 07 E4 E7 
"
"2016-11-21 14:44:00ID: BB  Data: 00 00 00 AA 0E F9 6B EC 
"
"2016-11-21 14:44:00ID: BC  Data: 00 00 00 AA F1 06 94 14 
"
"2016-11-21 14:44:00ID: BB  Data: 00 00 00 AA 0E F9 6B EC 
"
"2016-11-21 14:44:00ID: BC  Data: 00 00 00 AA F1 06 94 14 
"
"2016-11-21 14:44:00ID: BB  Data: 00 00 00 AA 0E FA BC BE 
"
"2016-11-21 14:44:00ID: BC  Data: 00 00 00 AA F1 05 43 42 
"
"2016-11-21 14:44:01ID: BB  Data: 00 00 00 AA 0E F9 6B EC 
"
"2016-11-21 14:44:01ID: BC  Data: 00 00 00 AA F1 06 94 14 
"
"2016-11-21 14:44:01ID: BB  Data: 00 00 00 AA 0E F9 6B EC 
"
"2016-11-21 14:44:01ID: BC  Data: 00 00 00 AA F1 06 94 14 
"
"2016-11-21 14:44:01ID: BB  Data: 00 00 00 AA 0E F8 1B 19 
"
"2016-11-21 14:44:01ID: BC  Data: 00 00 00 AA F1 07 E4 E7 
"
"2016-11-21 14:44:01ID: BB  Data: 00 00 00 AA 0E F9 6B EC 
"
"2016-11-21 14:44:01ID: BC  Data: 00 00 00 AA F1 06 94 14 
"
"2016-11-21 14:44:01ID: BB  Data: 00 00 00 AA 0E F9 6B EC 
"
"2016-11-21 14:44:01ID: BC  Data: 00 00 00 AA F1 06 94 14 
"
"2016-11-21 14:44:01ID: BB  Data: 00 00 00 AA 0E F9 6B EC 
"
"2016-11-21 14:44:01ID: BC  Data: 00 00 00 AA F1 06 94 14 
"
"2016-11-21 14:44:01ID: BB  Data: 00 00 00 AA 0E F6 CA 46 
"
"2016-11-21 14:44:01ID: BC  Data: 00 00 00 AA F1 09 35 BA 
"
"2016-11-21 14:44:01ID: BB  Data: 00 00 00 AA 0E F6 CA 46 
"
"2016-11-21 14:44:01ID: BC  Data: 00 00 00 AA F1 09 35 BA 
"
"2016-11-21 14:44:01ID: BB  Data: 00 00 00 AA 0E F8 1B 19 
"
"2016-11-21 14:44:01ID: BC  Data: 00 00 00 AA F1 07 E4 E7 
"
"2016-11-21 14:44:01ID: BB  Data: 00 00 00 AA 0E F9 6B EC 
"
"2016-11-21 14:44:01ID: BC  Data: 00 00 00 AA F1 06 94 14 
"
"2016-11-21 14:44:01ID: BB  Data: 00 00 00 AA 0E F9 6B EC 
"
"2016-11-21 14:44:01ID: BC  Data: 00 00 00 AA F1 06 94 14 
"
"2016-11-21 14:44:01ID: BB  Data: 00 00 00 AA 0E FA BC BE 
"
"2016-11-21 14:44:02ID: BC  Data: 00 00 00 AA F1 05 43 42 
"
"2016-11-21 14:44:02ID: BB  Data: 00 00 00 AA 0E F8 1B 19 
"
"2016-11-21 14:44:02ID: BC  Data: 00 00 00 AA F1 07 E4 E7 
"
"2016-11-21 14:44:02ID: BB  Data: 00 00 00 AA 0E FA BC BE 
"
"2016-11-21 14:44:02ID: BC  Data: 00 00 00 AA F1 05 43 42 
"
"2016-11-21 14:44:02ID: BB  Data: 00 00 00 AA 0E F8 1B 19 
"
"2016-11-21 14:44:02ID: BC  Data: 00 00 00 AA F1 07 E4 E7 
"
"2016-11-21 14:44:02ID: BB  Data: 00 00 00 AA 0E F9 6B EC 
"
"2016-11-21 14:44:02ID: BC  Data: 00 00 00 AA F1 06 94 14 
"
"2016-11-21 14:44:02ID: BB  Data: 00 00 00 AA 0E F9 6B EC 
"
"2016-11-21 14:44:02ID: BC  Data: 00 00 00 AA F1 06 94 14 
"
"2016-11-21 14:44:02ID: BB  Data: 00 00 00 AA 0E F9 6B EC 
"
"2016-11-21 14:44:02ID: BC  Data: 00 00 00 AA F1 06 94 14 
"
"2016-11-21 14:44:02ID: BB  Data: 00 00 00 AA 0E F9 6B EC 
"
"2016-11-21 14:44:02ID: BC  Data: 00 00 00 AA F1 06 94 14 
"
"2016-11-21 14:44:02ID: BB  Data: 00 00 00 AA 0E F9 6B EC 
"
"2016-11-21 14:44:02ID: BC  Data: 00 00 00 AA F1 06 94 14 
"
"2016-11-21 14:44:02ID: BB  Data: 00 00 00 AA 0E F9 6B EC 
"
"2016-11-21 14:44:02ID: BC  Data: 00 00 00 AA F1 06 94 14 
"
"2016-11-21 14:44:02ID: BB  Data: 00 00 00 AA 0E F9 6B EC 
"
"2016-11-21 14:44:02ID: BC  Data: 00 00 00 AA F1 06 94 14 
"
"2016-11-21 14:44:02ID: BB  Data: 00 00 00 AA 0E F9 6B EC 
"
"2016-11-21 14:44:02ID: BC  Data: 00 00 00 AA F1 06 94 14 
"
"2016-11-21 14:44:03ID: BB  Data: 00 00 00 AA 0E F9 6B EC 
"
"2016-11-21 14:44:03ID: BC  Data: 00 00 00 AA F1 06 94 14 
"
"2016-11-21 14:44:03ID: BB  Data: 00 00 00 AA 0E F8 1B 19 
"
"2016-11-21 14:44:03ID: BC  Data: 00 00 00 AA F1 07 E4 E7 
"
"2016-11-21 14:44:03ID: BB  Data: 00 00 00 AA 0E F9 6B EC 
"
"2016-11-21 14:44:03ID: BC  Data: 00 00 00 AA F1 06 94 14 
"
"2016-11-21 14:44:03ID: BB  Data: 00 00 00 AA 0E F8 1B 19 
"
"2016-11-21 14:44:03ID: BC  Data: 00 00 00 AA F1 07 E4 E7 
"
"2016-11-21 14:44:03ID: BB  Data: 00 00 00 AA 0E F9 6B EC 
"
"2016-11-21 14:44:03ID: BC  Data: 00 00 00 AA F1 06 94 14 
"
"2016-11-21 14:44:03ID: BB  Data: 00 00 00 AA 0E F9 6B EC 
"
"2016-11-21 14:44:03ID: BC  Data: 00 00 00 AA F1 06 94 14 
"
"2016-11-21 14:44:03ID: BB  Data: 00 00 00 AA 0E F9 6B EC 
"
"2016-11-21 14:44:03ID: BC  Data: 00 00 00 AA F1 06 94 14 
"
"2016-11-21 14:44:03ID: BB  Data: 00 00 00 AA 0E F9 6B EC 
"
"2016-11-21 14:44:03ID: BC  Data: 00 00 00 AA F1 06 94 14 
"
"2016-11-21 14:44:03ID: BB  Data: 00 00 00 AA 0E F9 6B EC 
"
"2016-11-21 14:44:03ID: BC  Data: 00 00 00 AA F1 06 94 14 
"
"2016-11-21 14:44:03ID: BB  Data: 00 00 00 AA 0E F9 6B EC 
"
"2016-11-21 14:44:03ID: BC  Data: 00 00 00 AA F1 06 94 14 
"
"2016-11-21 14:44:03ID: BB  Data: 00 00 00 AA 0E F6 CA 46 
"
"2016-11-21 14:44:03ID: BC  Data: 00 00 00 AA F1 09 35 BA 
"
"2016-11-21 14:44:04ID: BB  Data: 00 00 00 AA 0E F9 6B EC 
"
"2016-11-21 14:44:04ID: BC  Data: 00 00 00 AA F1 06 94 14 
"
"2016-11-21 14:44:04ID: BB  Data: 00 00 00 AA 0E F9 6B EC 
"
"2016-11-21 14:44:04ID: BC  Data: 00 00 00 AA F1 06 94 14 
"
"2016-11-21 14:44:04ID: BB  Data: 00 00 00 AA 0E F8 1B 19 
"
"2016-11-21 14:44:04ID: BC  Data: 00 00 00 AA F1 07 E4 E7 
"
"2016-11-21 14:44:04ID: BB  Data: 00 00 00 AA 0E F9 6B EC 
"
"2016-11-21 14:44:04ID: BC  Data: 00 00 00 AA F1 06 94 14 
"
"2016-11-21 14:44:04ID: BB  Data: 00 00 00 AA 0E F9 6B EC 
"
"2016-11-21 14:44:04ID: BC  Data: 00 00 00 AA F1 06 94 14 
"
"2016-11-21 14:44:04ID: BB  Data: 00 00 00 AA 0E F6 CA 46 
"
"2016-11-21 14:44:04ID: BC  Data: 00 00 00 AA F1 09 35 BA 
"
"2016-11-21 14:44:04ID: BB  Data: 00 00 00 AA 0E F9 6B EC 
"
"2016-11-21 14:44:04ID: BC  Data: 00 00 00 AA F1 06 94 14 
"
"2016-11-21 14:44:04ID: BB  Data: 00 00 00 AA 0E FA BC BE 
"
"2016-11-21 14:44:04ID: BC  Data: 00 00 00 AA F1 05 43 42 
"
"2016-11-21 14:44:04ID: BB  Data: 00 00 00 AA 0E F9 6B EC 
"
"2016-11-21 14:44:04ID: BC  Data: 00 00 00 AA F1 06 94 14 
"
"2016-11-21 14:44:04ID: BB  Data: 00 00 00 AA 0E F8 1B 19 
"
"2016-11-21 14:44:04ID: BC  Data: 00 00 00 AA F1 07 E4 E7 
"
"2016-11-21 14:44:04ID: BB  Data: 00 00 00 AA 0E FA BC BE 
"
"2016-11-21 14:44:04ID: BC  Data: 00 00 00 AA F1 05 43 42 
"
"2016-11-21 14:44:04ID: BB  Data: 00 00 00 AA 0E F9 6B EC 
"
"2016-11-21 14:44:04ID: BC  Data: 00 00 00 AA F1 06 94 14 
"
"2016-11-21 14:44:05ID: BB  Data: 00 00 00 AA 0E FA BC BE 
"
"2016-11-21 14:44:05ID: BC  Data: 00 00 00 AA F1 05 43 42 
"
"2016-11-21 14:44:05ID: BB  Data: 00 00 00 AA 0E FA BC BE 
"
"2016-11-21 14:44:05ID: BC  Data: 00 00 00 AA F1 05 43 42 
"
"2016-11-21 14:44:05ID: BB  Data: 00 00 00 AA 0E F9 6B EC 
"
"2016-11-21 14:44:05ID: BC  Data: 00 00 00 AA F1 06 94 14 
"
"2016-11-21 14:44:05ID: BB  Data: 00 00 00 AA 0E F8 1B 19 
"
"2016-11-21 14:44:05ID: BC  Data: 00 00 00 AA F1 07 E4 E7 
"
"2016-11-21 14:44:05ID: BB  Data: 00 00 00 AA 0E F9 6B EC 
"
"2016-11-21 14:44:05ID: BC  Data: 00 00 00 AA F1 06 94 14 
"
"2016-11-21 14:44:05ID: BB  Data: 00 00 00 AA 0E F8 1B 19 
"
"2016-11-21 14:44:05ID: BC  Data: 00 00 00 AA F1 07 E4 E7 
"
"2016-11-21 14:44:05ID: BB  Data: 00 00 00 AA 0E F9 6B EC 
"
"2016-11-21 14:44:05ID: BC  Data: 00 00 00 AA F1 06 94 14 
"
"2016-11-21 14:44:05ID: BB  Data: 00 00 00 AA 0E FA BC BE 
"
"2016-11-21 14:44:05ID: BC  Data: 00 00 00 AA F1 05 43 42 
"
"2016-11-21 14:44:05ID: BB  Data: 00 00 00 AA 0E F9 6B EC 
"
"2016-11-21 14:44:05ID: BC  Data: 00 00 00 AA F1 06 94 14 
"
"2016-11-21 14:44:05ID: BB  Data: 00 00 00 AA 0E F9 6B EC 
"
"2016-11-21 14:44:05ID: BC  Data: 00 00 00 AA F1 06 94 14 
"
"2016-11-21 14:44:05ID: BB  Data: 00 00 00 AA 0E F8 1B 19 
"
"2016-11-21 14:44:05ID: BC  Data: 00 00 00 AA F1 07 E4 E7 
"
"2016-11-21 14:44:06ID: BB  Data: 00 00 00 AA 0E F8 1B 19 
"
"2016-11-21 14:44:06ID: BC  Data: 00 00 00 AA F1 07 E4 E7 
"
"2016-11-21 14:44:06ID: BB  Data: 00 00 00 AA 0E F9 6B EC 
"
"2016-11-21 14:44:06ID: BC  Data: 00 00 00 AA F1 06 94 14 
"
"2016-11-21 14:44:06ID: BB  Data: 00 00 00 AA 0E F9 6B EC 
"
"2016-11-21 14:44:06ID: BC  Data: 00 00 00 AA F1 06 94 14 
"
"2016-11-21 14:44:06ID: BB  Data: 00 00 00 AA 0E F8 1B 19 
"
"2016-11-21 14:44:06ID: BC  Data: 00 00 00 AA F1 07 E4 E7 
"
"2016-11-21 14:44:06ID: BB  Data: 00 00 00 AA 0E F9 6B EC 
"
"2016-11-21 14:44:06ID: BC  Data: 00 00 00 AA F1 06 94 14 
"
"2016-11-21 14:44:06ID: BB  Data: 00 00 00 AA 0E F8 1B 19 
"
"2016-11-21 14:44:06ID: BC  Data: 00 00 00 AA F1 07 E4 E7 
"
"2016-11-21 14:44:06ID: BB  Data: 00 00 00 AA 0E FA BC BE 
"
"2016-11-21 14:44:06ID: BC  Data: 00 00 00 AA F1 05 43 42 
"
"2016-11-21 14:44:06ID: BB  Data: 00 00 00 AA 0E 6B 53 1C 
"
"2016-11-21 14:44:06ID: BC  Data: 00 00 00 AA F1 94 AC E4 
"
"2016-11-21 14:44:06ID: BB  Data: 00 00 00 AA 09 1A E0 D1 
"
"2016-11-21 14:44:06ID: BC  Data: 00 00 00 AA F6 E5 1F 2F 
"
"2016-11-21 14:44:06ID: BB  Data: 00 00 00 AA 04 C4 6A C5 
"
"2016-11-21 14:44:06ID: BC  Data: 00 00 00 AA FB 3B 95 3B 
"
"2016-11-21 14:44:06ID: BB  Data: 00 00 00 AA 02 1D 82 73 
"
"2016-11-21 14:44:06ID: BC  Data: 00 00 00 AA FD E2 7D 8D 
"
"2016-11-21 14:44:07ID: BB  Data: 00 00 00 AA 01 AB 0A E8 
"
"2016-11-21 14:44:07ID: BC  Data: 00 00 00 AA FE 54 F5 18 
"
"2016-11-21 14:44:07ID: BB  Data: 00 00 00 AA 00 00 00 00 
"
"2016-11-21 14:44:07ID: BC  Data: 00 00 00 AA 00 00 00 00 
"
"2016-11-21 14:44:07ID: BB  Data: 00 00 00 AA 00 00 00 00 
"
"2016-11-21 14:44:07ID: BC  Data: 00 00 00 AA 00 00 00 00 
"
"2016-11-21 14:44:07ID: BB  Data: 00 00 00 AA 00 00 00 00 
"
"2016-11-21 14:44:07ID: BC  Data: 00 00 00 AA 00 00 00 00 
"
"2016-11-21 14:44:07ID: BB  Data: 00 00 00 AA 00 00 00 00 
"
"2016-11-21 14:44:07ID: BC  Data: 00 00 00 AA 00 00 00 00 
"
"2016-11-21 14:44:07ID: BB  Data: 00 00 00 AA 00 00 00 00 
"
"2016-11-21 14:44:07ID: BC  Data: 00 00 00 AA 00 00 00 00 
"
"2016-11-21 14:44:07ID: BB  Data: 00 00 00 AA 00 00 00 00 
"
"2016-11-21 14:44:07ID: BC  Data: 00 00 00 AA 00 00 00 00 
"
"2016-11-21 14:44:07ID: BB  Data: 00 00 00 AA 00 00 00 00 
"
"2016-11-21 14:44:07ID: BC  Data: 00 00 00 AA 00 00 00 00 
"
"2016-11-21 14:44:07ID: BB  Data: 00 00 00 AA 00 00 00 00 
"
"2016-11-21 14:44:07ID: BC  Data: 00 00 00 AA 00 00 00 00 
"
"2016-11-21 14:44:07ID: BB  Data: 00 00 00 AA 00 00 00 00 
"
"2016-11-21 14:44:07ID: BC  Data: 00 00 00 AA 00 00 00 00 
"
"2016-11-21 14:44:07ID: BB  Data: 00 00 00 AA 00 00 00 00 
"
"2016-11-21 14:44:07ID: BC  Data: 00 00 00 AA 00 00 00 00 
"
"2016-11-21 14:44:07ID: BB  Data: 00 00 00 AA 00 00 00 00 
"
"2016-11-21 14:44:07ID: BC  Data: 00 00 00 AA 00 00 00 00 
"
"2016-11-21 14:44:08ID: BB  Data: 00 00 00 AA 00 00 00 00 
"
"2016-11-21 14:44:08ID: BC  Data: 00 00 00 AA 00 00 00 00 
"
"2016-11-21 14:44:08ID: BB  Data: 00 00 00 AA 00 00 00 00 
"
"2016-11-21 14:44:08ID: BC  Data: 00 00 00 AA 00 00 00 00 
"
"2016-11-21 14:44:08ID: BB  Data: 00 00 00 AA 00 00 00 00 
"
"2016-11-21 14:44:08ID: BC  Data: 00 00 00 AA 00 00 00 00 
"
"2016-11-21 14:44:08ID: BB  Data: 00 00 00 AA 00 00 00 00 
"
"2016-11-21 14:44:08ID: BC  Data: 00 00 00 AA 00 00 00 00 
"
"2016-11-21 14:44:08ID: BB  Data: 00 00 00 AA 00 00 00 00 
"
"2016-11-21 14:44:08ID: BC  Data: 00 00 00 AA 00 00 00 00 
"
"2016-11-21 14:44:08ID: BB  Data: 00 00 00 AA 00 00 00 00 
"
"2016-11-21 14:44:08ID: BC  Data: 00 00 00 AA 00 00 00 00 
"
"2016-11-21 14:44:08ID: BB  Data: 00 00 00 AA 00 00 00 00 
"
"2016-11-21 14:44:08ID: BC  Data: 00 00 00 AA 00 00 00 00 
"
"2016-11-21 14:44:08ID: BB  Data: 00 00 00 AA 00 00 00 00 
"
"2016-11-21 14:44:08ID: BC  Data: 00 00 00 AA 00 00 00 00 
"
"2016-11-21 14:44:08ID: BB  Data: 00 00 00 AA 00 00 00 00 
"
"2016-11-21 14:44:08ID: BC  Data: 00 00 00 AA 00 00 00 00 
"
"2016-11-21 14:44:08ID: BB  Data: 00 00 00 AA 00 00 00 00 
"
"2016-11-21 14:44:08ID: BC  Data: 00 00 00 AA 00 00 00 00 
"
"2016-11-21 14:44:08ID: BB  Data: 00 00 00 AA 00 00 00 00 
"
"2016-11-21 14:44:08ID: BC  Data: 00 00 00 AA 00 00 00 00 
"
"2016-11-21 14:44:09ID: BB  Data: 00 00 00 AA 00 00 00 00 
"
"2016-11-21 14:44:09ID: BC  Data: 00 00 00 AA 00 00 00 00 
"
"2016-11-21 14:44:09ID: BB  Data: 00 00 00 AA 00 00 00 00 
"
"2016-11-21 14:44:09ID: BC  Data: 00 00 00 AA 00 00 00 00 
"
"2016-11-21 14:44:09ID: BB  Data: 00 00 00 AA 01 B2 EF D7 
"
"2016-11-21 14:44:09ID: BC  Data: 00 00 00 AA FE 4D 10 29 
"
"2016-11-21 14:44:09ID: BB  Data: 00 00 00 AA 0A 7F 6F AB 
"
"2016-11-21 14:44:09ID: BC  Data: 00 00 00 AA F5 80 90 55 
"
"2016-11-21 14:44:09ID: BB  Data: 00 00 00 AA 0E 5F 7B B5 
"
"2016-11-21 14:44:09ID: BC  Data: 00 00 00 AA F1 A0 84 4B 
"
"2016-11-21 14:44:09ID: BB  Data: 00 00 00 AA 0E ED 94 85 
"
"2016-11-21 14:44:09ID: BC  Data: 00 00 00 AA F1 12 6B 7B 
"
"2016-11-21 14:44:09ID: BB  Data: 00 00 00 AA 0E F2 D7 CF 
"
"2016-11-21 14:44:09ID: BC  Data: 00 00 00 AA F1 0D 28 31 
"
"2016-11-21 14:44:09ID: BB  Data: 00 00 00 AA 0E F6 CA 46 
"
"2016-11-21 14:44:09ID: BC  Data: 00 00 00 AA F1 09 35 BA 
"
"2016-11-21 14:44:09ID: BB  Data: 00 00 00 AA 0E F8 1B 19 
"
"2016-11-21 14:44:09ID: BC  Data: 00 00 00 AA F1 07 E4 E7 
"
"2016-11-21 14:44:09ID: BB  Data: 00 00 00 AA 0E F8 1B 19 
"
"2016-11-21 14:44:09ID: BC  Data: 00 00 00 AA F1 07 E4 E7 
"
"2016-11-21 14:44:09ID: BB  Data: 00 00 00 AA 0E F5 79 74 
"
"2016-11-21 14:44:09ID: BC  Data: 00 00 00 AA F1 0A 86 8C 
"
"2016-11-21 14:44:09ID: BB  Data: 00 00 00 AA 0E F5 79 74 
"
"2016-11-21 14:44:10ID: BC  Data: 00 00 00 AA F1 0A 86 8C 
"
"2016-11-21 14:44:10ID: BB  Data: 00 00 00 AA 0E F9 6B EC 
"
"2016-11-21 14:44:10ID: BC  Data: 00 00 00 AA F1 06 94 14 
"
"2016-11-21 14:44:10ID: BB  Data: 00 00 00 AA 0E F9 6B EC 
"
"2016-11-21 14:44:10ID: BC  Data: 00 00 00 AA F1 06 94 14 
"
"2016-11-21 14:44:10ID: BB  Data: 00 00 00 AA 0E F9 6B EC 
"
"2016-11-21 14:44:10ID: BC  Data: 00 00 00 AA F1 06 94 14 
"
"2016-11-21 14:44:10ID: BB  Data: 00 00 00 AA 0E F6 CA 46 
"
"2016-11-21 14:44:10ID: BC  Data: 00 00 00 AA F1 09 35 BA 
"
"2016-11-21 14:44:10ID: BB  Data: 00 00 00 AA 0E F8 1B 19 
"
"2016-11-21 14:44:10ID: BC  Data: 00 00 00 AA F1 07 E4 E7 
"
"2016-11-21 14:44:10ID: BB  Data: 00 00 00 AA 0E F9 6B EC 
"
"2016-11-21 14:44:10ID: BC  Data: 00 00 00 AA F1 06 94 14 
"
"2016-11-21 14:44:10ID: BB  Data: 00 00 00 AA 0E F9 6B EC 
"
"2016-11-21 14:44:10ID: BC  Data: 00 00 00 AA F1 06 94 14 
"
"2016-11-21 14:44:10ID: BB  Data: 00 00 00 AA 0E F8 1B 19 
"
"2016-11-21 14:44:10ID: BC  Data: 00 00 00 AA F1 07 E4 E7 
"
"2016-11-21 14:44:10ID: BB  Data: 00 00 00 AA 0E F9 6B EC 
"
"2016-11-21 14:44:10ID: BC  Data: 00 00 00 AA F1 06 94 14 
"
"2016-11-21 14:44:10ID: BB  Data: 00 00 00 AA 0E F9 6B EC 
"
"2016-11-21 14:44:10ID: BC  Data: 00 00 00 AA F1 06 94 14 
"
"2016-11-21 14:44:10ID: BB  Data: 00 00 00 AA 0E F6 CA 46 
"
"2016-11-21 14:44:10ID: BC  Data: 00 00 00 AA F1 09 35 BA 
"
"2016-11-21 14:44:11ID: BB  Data: 00 00 00 AA 0E F8 1B 19 
"
"2016-11-21 14:44:11ID: BC  Data: 00 00 00 AA F1 07 E4 E7 
"
"2016-11-21 14:44:11ID: BB  Data: 00 00 00 AA 0E F9 6B EC 
"
"2016-11-21 14:44:11ID: BC  Data: 00 00 00 AA F1 06 94 14 
"
"2016-11-21 14:44:11ID: BB  Data: 00 00 00 AA 0E F9 6B EC 
"
"2016-11-21 14:44:11ID: BC  Data: 00 00 00 AA F1 06 94 14 
"
"2016-11-21 14:44:11ID: BB  Data: 00 00 00 AA 0E F9 6B EC 
"
"2016-11-21 14:44:11ID: BC  Data: 00 00 00 AA F1 06 94 14 
"
"2016-11-21 14:44:11ID: BB  Data: 00 00 00 AA 0E F9 6B EC 
"
"2016-11-21 14:44:11ID: BC  Data: 00 00 00 AA F1 06 94 14 
"
"2016-11-21 14:44:11ID: BB  Data: 00 00 00 AA 0E F9 6B EC 
"
"2016-11-21 14:44:11ID: BC  Data: 00 00 00 AA F1 06 94 14 
"
"2016-11-21 14:44:11ID: BB  Data: 00 00 00 AA 0E F8 1B 19 
"
"2016-11-21 14:44:11ID: BC  Data: 00 00 00 AA F1 07 E4 E7 
"
"2016-11-21 14:44:11ID: BB  Data: 00 00 00 AA 0E F9 6B EC 
"
"2016-11-21 14:44:11ID: BC  Data: 00 00 00 AA F1 06 94 14 
"
"2016-11-21 14:44:11ID: BB  Data: 00 00 00 AA 0E F9 6B EC 
"
"2016-11-21 14:44:11ID: BC  Data: 00 00 00 AA F1 06 94 14 
"
"2016-11-21 14:44:11ID: BB  Data: 00 00 00 AA 0E F9 6B EC 
"
"2016-11-21 14:44:11ID: BC  Data: 00 00 00 AA F1 06 94 14 
"
"2016-11-21 14:44:11ID: BB  Data: 00 00 00 AA 0E F8 1B 19 
"
"2016-11-21 14:44:11ID: BC  Data: 00 00 00 AA F1 07 E4 E7 
"
"2016-11-21 14:44:12ID: BB  Data: 00 00 00 AA 0E FA BC BE 
"
"2016-11-21 14:44:12ID: BC  Data: 00 00 00 AA F1 05 43 42 
"
"2016-11-21 14:44:12ID: BB  Data: 00 00 00 AA 0E F9 6B EC 
"
"2016-11-21 14:44:12ID: BC  Data: 00 00 00 AA F1 06 94 14 
"
"2016-11-21 14:44:12ID: BB  Data: 00 00 00 AA 0E F8 1B 19 
"
"2016-11-21 14:44:12ID: BC  Data: 00 00 00 AA F1 07 E4 E7 
"
"2016-11-21 14:44:12ID: BB  Data: 00 00 00 AA 0E F6 CA 46 
"
"2016-11-21 14:44:12ID: BC  Data: 00 00 00 AA F1 09 35 BA 
"
"2016-11-21 14:44:12ID: BB  Data: 00 00 00 AA 0E F6 CA 46 
"
"2016-11-21 14:44:12ID: BC  Data: 00 00 00 AA F1 09 35 BA 
"
"2016-11-21 14:44:12ID: BB  Data: 00 00 00 AA 0E F8 1B 19 
"
"2016-11-21 14:44:12ID: BC  Data: 00 00 00 AA F1 07 E4 E7 
"
"2016-11-21 14:44:12ID: BB  Data: 00 00 00 AA 0E F8 1B 19 
"
"2016-11-21 14:44:12ID: BC  Data: 00 00 00 AA F1 07 E4 E7 
"
"2016-11-21 14:44:12ID: BB  Data: 00 00 00 AA 0E F6 CA 46 
"
"2016-11-21 14:44:12ID: BC  Data: 00 00 00 AA F1 09 35 BA 
"
"2016-11-21 14:44:12ID: BB  Data: 00 00 00 AA 0D FE 1E DB 
"
"2016-11-21 14:44:12ID: BC  Data: 00 00 00 AA F2 01 E1 25 
"
"2016-11-21 14:44:12ID: BB  Data: 00 00 00 AA 0C 56 76 10 
"
"2016-11-21 14:44:12ID: BC  Data: 00 00 00 AA F3 A9 89 F0 
"
"2016-11-21 14:44:12ID: BB  Data: 00 00 00 AA 0B E3 FE 85 
"
"2016-11-21 14:44:12ID: BC  Data: 00 00 00 AA F4 1C 01 7B 
"
"2016-11-21 14:44:12ID: BB  Data: 00 00 00 AA 0B C0 78 52 
"
"2016-11-21 14:44:12ID: BC  Data: 00 00 00 AA F4 3F 87 AE 
"
"2016-11-21 14:44:13ID: BB  Data: 00 00 00 AA 0B CC 4F B8 
"
"2016-11-21 14:44:13ID: BC  Data: 00 00 00 AA F4 33 B0 48 
"
"2016-11-21 14:44:13ID: BB  Data: 00 00 00 AA 0B D0 42 30 
"
"2016-11-21 14:44:13ID: BC  Data: 00 00 00 AA F4 2F BD D0 
"
"2016-11-21 14:44:13ID: BB  Data: 00 00 00 AA 0B B9 E4 35 
"
"2016-11-21 14:44:13ID: BC  Data: 00 00 00 AA F4 46 1B CB 
"
"2016-11-21 14:44:13ID: BB  Data: 00 00 00 AA 0B 4C AF F4 
"
"2016-11-21 14:44:13ID: BC  Data: 00 00 00 AA F4 B3 50 0C 
"
"2016-11-21 14:44:13ID: BB  Data: 00 00 00 AA 0A D7 96 C4 
"
"2016-11-21 14:44:13ID: BC  Data: 00 00 00 AA F5 28 69 3C 
"
"2016-11-21 14:44:13ID: BB  Data: 00 00 00 AA 0A A1 A5 0D 
"
"2016-11-21 14:44:13ID: BC  Data: 00 00 00 AA F5 5E 5A F3 
"
"2016-11-21 14:44:13ID: BB  Data: 00 00 00 AA 06 81 20 B8 
"
"2016-11-21 14:44:13ID: BC  Data: 00 00 00 AA F9 7E DF 48 
"
"2016-11-21 14:44:13ID: BB  Data: 00 00 00 AA 04 0C 37 A5 
"
"2016-11-21 14:44:13ID: BC  Data: 00 00 00 AA FB F3 C8 5B 
"
"2016-11-21 14:44:13ID: BB  Data: 00 00 00 AA 02 8C 07 86 
"
"2016-11-21 14:44:13ID: BC  Data: 00 00 00 AA FD 73 F8 7A 
"
"2016-11-21 14:44:13ID: BB  Data: 00 00 00 AA 01 B4 40 A9 
"
"2016-11-21 14:44:13ID: BC  Data: 00 00 00 AA FE 4B BF 57 
"
"2016-11-21 14:44:13ID: BB  Data: 00 00 00 AA 00 00 00 00 
"
"2016-11-21 14:44:13ID: BC  Data: 00 00 00 AA 00 00 00 00 
"
"2016-11-21 14:44:14ID: BB  Data: 00 00 00 AA 00 00 00 00 
"
"2016-11-21 14:44:14ID: BC  Data: 00 00 00 AA 00 00 00 00 
"
"2016-11-21 14:44:14ID: BB  Data: 00 00 00 AA 00 00 00 00 
"
"2016-11-21 14:44:14ID: BC  Data: 00 00 00 AA 00 00 00 00 
"
"2016-11-21 14:44:14ID: BB  Data: 00 00 00 AA 00 00 00 00 
"
"2016-11-21 14:44:14ID: BC  Data: 00 00 00 AA 00 00 00 00 
"
"2016-11-21 14:44:14ID: BB  Data: 00 00 00 AA 00 00 00 00 
"
"2016-11-21 14:44:14ID: BC  Data: 00 00 00 AA 00 00 00 00 
"
"2016-11-21 14:44:14ID: BB  Data: 00 00 00 AA 00 00 00 00 
"
"2016-11-21 14:44:14ID: BC  Data: 00 00 00 AA 00 00 00 00 
"
"2016-11-21 14:44:14ID: BB  Data: 00 00 00 AA 00 00 00 00 
"
"2016-11-21 14:44:14ID: BC  Data: 00 00 00 AA 00 00 00 00 
"
"2016-11-21 14:44:14ID: BB  Data: 00 00 00 AA 00 00 00 00 
"
"2016-11-21 14:44:14ID: BC  Data: 00 00 00 AA 00 00 00 00 
"
"2016-11-21 14:44:14ID: BB  Data: 00 00 00 AA 00 00 00 00 
"
"2016-11-21 14:44:14ID: BC  Data: 00 00 00 AA 00 00 00 00 
"
"2016-11-21 14:44:14ID: BB  Data: 00 00 00 AA 00 00 00 00 
"
"2016-11-21 14:44:14ID: BC  Data: 00 00 00 AA 00 00 00 00 
"
"2016-11-21 14:44:14ID: BB  Data: 00 00 00 AA 00 00 00 00 
"
"2016-11-21 14:44:14ID: BC  Data: 00 00 00 AA 00 00 00 00 
"
"2016-11-21 14:44:14ID: BB  Data: 00 00 00 AA 04 C3 19 F3 
"
"2016-11-21 14:44:14ID: BC  Data: 00 00 00 AA FB 3C E6 0D 
"
"2016-11-21 14:44:15ID: BB  Data: 00 00 00 AA 09 31 3E CC 
"
"2016-11-21 14:44:15ID: BC  Data: 00 00 00 AA F6 CE C1 34 
"
"2016-11-21 14:44:15ID: BB  Data: 00 00 00 AA 0C 46 AC 32 
"
"2016-11-21 14:44:15ID: BC  Data: 00 00 00 AA F3 B9 53 CE 
"
"2016-11-21 14:44:15ID: BB  Data: 00 00 00 AA 0D F7 8A BE 
"
"2016-11-21 14:44:15ID: BC  Data: 00 00 00 AA F2 08 75 42 
"
"2016-11-21 14:44:15ID: BB  Data: 00 00 00 AA 0E EE E5 57 
"
"2016-11-21 14:44:15ID: BC  Data: 00 00 00 AA F1 11 1A A9 
"
"2016-11-21 14:44:15ID: BB  Data: 00 00 00 AA 0E F4 28 A1 
"
"2016-11-21 14:44:15ID: BC  Data: 00 00 00 AA F1 0B D7 5F 
"
"2016-11-21 14:44:15ID: BB  Data: 00 00 00 AA 0E F5 79 74 
"
"2016-11-21 14:44:15ID: BC  Data: 00 00 00 AA F1 0A 86 8C 
"
"2016-11-21 14:44:15ID: BB  Data: 00 00 00 AA 0E F6 CA 46 
"
"2016-11-21 14:44:15ID: BC  Data: 00 00 00 AA F1 09 35 BA 
"
"2016-11-21 14:44:15ID: BB  Data: 00 00 00 AA 0E F6 CA 46 
"
"2016-11-21 14:44:15ID: BC  Data: 00 00 00 AA F1 09 35 BA 
"
"2016-11-21 14:44:15ID: BB  Data: 00 00 00 AA 0E F8 1B 19 
"
"2016-11-21 14:44:15ID: BC  Data: 00 00 00 AA F1 07 E4 E7 
"
"2016-11-21 14:44:15ID: BB  Data: 00 00 00 AA 0E F6 CA 46 
"
"2016-11-21 14:44:15ID: BC  Data: 00 00 00 AA F1 09 35 BA 
"
"2016-11-21 14:44:15ID: BB  Data: 00 00 00 AA 0E F6 CA 46 
"
"2016-11-21 14:44:15ID: BC  Data: 00 00 00 AA F1 09 35 BA 
"
"2016-11-21 14:44:15ID: BB  Data: 00 00 00 AA 0E F4 28 A1 
"
"2016-11-21 14:44:15ID: BC  Data: 00 00 00 AA F1 0B D7 5F 
"
"2016-11-21 14:44:16ID: BB  Data: 00 00 00 AA 0E F6 CA 46 
"
"2016-11-21 14:44:16ID: BC  Data: 00 00 00 AA F1 09 35 BA 
"
"2016-11-21 14:44:16ID: BB  Data: 00 00 00 AA 0E F6 CA 46 
"
"2016-11-21 14:44:16ID: BC  Data: 00 00 00 AA F1 09 35 BA 
"
"2016-11-21 14:44:16ID: BB  Data: 00 00 00 AA 0E F9 6B EC 
"
"2016-11-21 14:44:16ID: BC  Data: 00 00 00 AA F1 06 94 14 
"
"2016-11-21 14:44:16ID: BB  Data: 00 00 00 AA 0E F5 79 74 
"
"2016-11-21 14:44:16ID: BC  Data: 00 00 00 AA F1 0A 86 8C 
"
"2016-11-21 14:44:16ID: BB  Data: 00 00 00 AA 0E F8 1B 19 
"
"2016-11-21 14:44:16ID: BC  Data: 00 00 00 AA F1 07 E4 E7 
"
"2016-11-21 14:44:16ID: BB  Data: 00 00 00 AA 0E F9 6B EC 
"
"2016-11-21 14:44:16ID: BC  Data: 00 00 00 AA F1 06 94 14 
"
"2016-11-21 14:44:16ID: BB  Data: 00 00 00 AA 0E F8 1B 19 
"
"2016-11-21 14:44:16ID: BC  Data: 00 00 00 AA F1 07 E4 E7 
"
"2016-11-21 14:44:16ID: BB  Data: 00 00 00 AA 0E F5 79 74 
"
"2016-11-21 14:44:16ID: BC  Data: 00 00 00 AA F1 0A 86 8C 
"
"2016-11-21 14:44:16ID: BB  Data: 00 00 00 AA 0E F5 79 74 
"
"2016-11-21 14:44:16ID: BC  Data: 00 00 00 AA F1 0A 86 8C 
"
"2016-11-21 14:44:16ID: BB  Data: 00 00 00 AA 0E F6 CA 46 
"
"2016-11-21 14:44:16ID: BC  Data: 00 00 00 AA F1 09 35 BA 
"
"2016-11-21 14:44:16ID: BB  Data: 00 00 00 AA 0E F6 CA 46 
"
"2016-11-21 14:44:16ID: BC  Data: 00 00 00 AA F1 09 35 BA 
"
"2016-11-21 14:44:17ID: BB  Data: 00 00 00 AA 0E F8 1B 19 
"
"2016-11-21 14:44:17ID: BC  Data: 00 00 00 AA F1 07 E4 E7 
"
"2016-11-21 14:44:17ID: BB  Data: 00 00 00 AA 0E F5 79 74 
"
"2016-11-21 14:44:17ID: BC  Data: 00 00 00 AA F1 0A 86 8C 
"
"2016-11-21 14:44:17ID: BB  Data: 00 00 00 AA 0E F6 CA 46 
"
"2016-11-21 14:44:17ID: BC  Data: 00 00 00 AA F1 09 35 BA 
"
"2016-11-21 14:44:17ID: BB  Data: 00 00 00 AA 0E F8 1B 19 
"
"2016-11-21 14:44:17ID: BC  Data: 00 00 00 AA F1 07 E4 E7 
"
"2016-11-21 14:44:17ID: BB  Data: 00 00 00 AA 0E F9 6B EC 
"
"2016-11-21 14:44:17ID: BC  Data: 00 00 00 AA F1 06 94 14 
"
"2016-11-21 14:44:17ID: BB  Data: 00 00 00 AA 0E F8 1B 19 
"
"2016-11-21 14:44:17ID: BC  Data: 00 00 00 AA F1 07 E4 E7 
"
"2016-11-21 14:44:17ID: BB  Data: 00 00 00 AA 0E F5 79 74 
"
"2016-11-21 14:44:17ID: BC  Data: 00 00 00 AA F1 0A 86 8C 
"
"2016-11-21 14:44:17ID: BB  Data: 00 00 00 AA 0E F8 1B 19 
"
"2016-11-21 14:44:17ID: BC  Data: 00 00 00 AA F1 07 E4 E7 
"
"2016-11-21 14:44:17ID: BB  Data: 00 00 00 AA 0E F8 1B 19 
"
"2016-11-21 14:44:17ID: BC  Data: 00 00 00 AA F1 07 E4 E7 
"
"2016-11-21 14:44:17ID: BB  Data: 00 00 00 AA 0E F8 1B 19 
"
"2016-11-21 14:44:17ID: BC  Data: 00 00 00 AA F1 07 E4 E7 
"
"2016-11-21 14:44:17ID: BB  Data: 00 00 00 AA 0E F8 1B 19 
"
"2016-11-21 14:44:17ID: BC  Data: 00 00 00 AA F1 07 E4 E7 
"
"2016-11-21 14:44:18ID: BB  Data: 00 00 00 AA 0E F4 28 A1 
"
"2016-11-21 14:44:18ID: BC  Data: 00 00 00 AA F1 0B D7 5F 
"
"2016-11-21 14:44:18ID: BB  Data: 00 00 00 AA 0E F6 CA 46 
"
"2016-11-21 14:44:18ID: BC  Data: 00 00 00 AA F1 09 35 BA 
"
"2016-11-21 14:44:18ID: BB  Data: 00 00 00 AA 0E F6 CA 46 
"
"2016-11-21 14:44:18ID: BC  Data: 00 00 00 AA F1 09 35 BA 
"
"2016-11-21 14:44:18ID: BB  Data: 00 00 00 AA 0E F6 CA 46 
"
"2016-11-21 14:44:18ID: BC  Data: 00 00 00 AA F1 09 35 BA 
"
"2016-11-21 14:44:18ID: BB  Data: 00 00 00 AA 0E F6 CA 46 
"
"2016-11-21 14:44:18ID: BC  Data: 00 00 00 AA F1 09 35 BA 
"
"2016-11-21 14:44:18ID: BB  Data: 00 00 00 AA 0E F8 1B 19 
"
"2016-11-21 14:44:18ID: BC  Data: 00 00 00 AA F1 07 E4 E7 
"
"2016-11-21 14:44:18ID: BB  Data: 00 00 00 AA 0E F6 CA 46 
"
"2016-11-21 14:44:18ID: BC  Data: 00 00 00 AA F1 09 35 BA 
"
"2016-11-21 14:44:18ID: BB  Data: 00 00 00 AA 0E F9 6B EC 
"
"2016-11-21 14:44:18ID: BC  Data: 00 00 00 AA F1 06 94 14 
"
"2016-11-21 14:44:18ID: BB  Data: 00 00 00 AA 0E F8 1B 19 
"
"2016-11-21 14:44:18ID: BC  Data: 00 00 00 AA F1 07 E4 E7 
"
"2016-11-21 14:44:18ID: BB  Data: 00 00 00 AA 0E F6 CA 46 
"
"2016-11-21 14:44:18ID: BC  Data: 00 00 00 AA F1 09 35 BA 
"
"2016-11-21 14:44:18ID: BB  Data: 00 00 00 AA 0E F8 1B 19 
"
"2016-11-21 14:44:18ID: BC  Data: 00 00 00 AA F1 07 E4 E7 
"
"2016-11-21 14:44:18ID: BB  Data: 00 00 00 AA 0E F8 1B 19 
"
"2016-11-21 14:44:18ID: BC  Data: 00 00 00 AA F1 07 E4 E7 
"
"2016-11-21 14:44:19ID: BB  Data: 00 00 00 AA 0E F9 6B EC 
"
"2016-11-21 14:44:19ID: BC  Data: 00 00 00 AA F1 06 94 14 
"
"2016-11-21 14:44:19ID: BB  Data: 00 00 00 AA 0E F8 1B 19 
"
"2016-11-21 14:44:19ID: BC  Data: 00 00 00 AA F1 07 E4 E7 
"
"2016-11-21 14:44:19ID: BB  Data: 00 00 00 AA 0E F8 1B 19 
"
"2016-11-21 14:44:19ID: BC  Data: 00 00 00 AA F1 07 E4 E7 
"
"2016-11-21 14:44:19ID: BB  Data: 00 00 00 AA 0E F9 6B EC 
"
"2016-11-21 14:44:19ID: BC  Data: 00 00 00 AA F1 06 94 14 
"
"2016-11-21 14:44:19ID: BB  Data: 00 00 00 AA 0E F9 6B EC 
"
"2016-11-21 14:44:19ID: BC  Data: 00 00 00 AA F1 06 94 14 
"
"2016-11-21 14:44:19ID: BB  Data: 00 00 00 AA 0E F6 CA 46 
"
"2016-11-21 14:44:19ID: BC  Data: 00 00 00 AA F1 09 35 BA 
"
"2016-11-21 14:44:19ID: BB  Data: 00 00 00 AA 0E F8 1B 19 
"
"2016-11-21 14:44:19ID: BC  Data: 00 00 00 AA F1 07 E4 E7 
"
"2016-11-21 14:44:19ID: BB  Data: 00 00 00 AA 0E F6 CA 46 
"
"2016-11-21 14:44:19ID: BC  Data: 00 00 00 AA F1 09 35 BA 
"
"2016-11-21 14:44:19ID: BB  Data: 00 00 00 AA 0E F8 1B 19 
"
"2016-11-21 14:44:19ID: BC  Data: 00 00 00 AA F1 07 E4 E7 
"
"2016-11-21 14:44:19ID: BB  Data: 00 00 00 AA 0E F8 1B 19 
"
"2016-11-21 14:44:19ID: BC  Data: 00 00 00 AA F1 07 E4 E7 
"
"2016-11-21 14:44:19ID: BB  Data: 00 00 00 AA 0E F8 1B 19 
"
"2016-11-21 14:44:19ID: BC  Data: 00 00 00 AA F1 07 E4 E7 
"
"2016-11-21 14:44:20ID: BB  Data: 00 00 00 AA 0E F9 6B EC 
"
"2016-11-21 14:44:20ID: BC  Data: 00 00 00 AA F1 06 94 14 
"
"2016-11-21 14:44:20ID: BB  Data: 00 00 00 AA 0E F6 CA 46 
"
"2016-11-21 14:44:20ID: BC  Data: 00 00 00 AA F1 09 35 BA 
"
"2016-11-21 14:44:20ID: BB  Data: 00 00 00 AA 0E F6 CA 46 
"
"2016-11-21 14:44:20ID: BC  Data: 00 00 00 AA F1 09 35 BA 
"
"2016-11-21 14:44:20ID: BB  Data: 00 00 00 AA 0E 94 1C 9A 
"
"2016-11-21 14:44:20ID: BC  Data: 00 00 00 AA F1 6B E3 66 
"
"2016-11-21 14:44:20ID: BB  Data: 00 00 00 AA 0D 92 3B 6C 
"
"2016-11-21 14:44:20ID: BC  Data: 00 00 00 AA F2 6D C4 94 
"
"2016-11-21 14:44:20ID: BB  Data: 00 00 00 AA 0C 79 FC 44 
"
"2016-11-21 14:44:20ID: BC  Data: 00 00 00 AA F3 86 03 BC 
"
"2016-11-21 14:44:20ID: BB  Data: 00 00 00 AA 0B ED 34 47 
"
"2016-11-21 14:44:20ID: BC  Data: 00 00 00 AA F4 12 CB B9 
"
"2016-11-21 14:44:20ID: BB  Data: 00 00 00 AA 0B 5C 79 D2 
"
"2016-11-21 14:44:20ID: BC  Data: 00 00 00 AA F4 A3 86 2E 
"
"2016-11-21 14:44:20ID: BB  Data: 00 00 00 AA 0A 61 2C C2 
"
"2016-11-21 14:44:20ID: BC  Data: 00 00 00 AA F5 9E D3 3E 
"
"2016-11-21 14:44:20ID: BB  Data: 00 00 00 AA 05 F4 58 BB 
"
"2016-11-21 14:44:20ID: BC  Data: 00 00 00 AA FA 0B A7 45 
"
"2016-11-21 14:44:20ID: BB  Data: 00 00 00 AA 02 61 ED 36 
"
"2016-11-21 14:44:20ID: BC  Data: 00 00 00 AA FD 9E 12 CA 
"
"2016-11-21 14:44:20ID: BB  Data: 00 00 00 AA 01 C2 B9 B5 
"
"2016-11-21 14:44:21ID: BC  Data: 00 00 00 AA FE 3D 46 4B 
"
"2016-11-21 14:44:21ID: BB  Data: 00 00 00 AA 00 00 00 00 
"
"2016-11-21 14:44:21ID: BC  Data: 00 00 00 AA 00 00 00 00 
"
"2016-11-21 14:44:21ID: BB  Data: 00 00 00 AA 00 00 00 00 
"
"2016-11-21 14:44:21ID: BC  Data: 00 00 00 AA 00 00 00 00 
"
"2016-11-21 14:44:21ID: BB  Data: 00 00 00 AA 00 00 00 00 
"
"2016-11-21 14:44:21ID: BC  Data: 00 00 00 AA 00 00 00 00 
"
"2016-11-21 14:44:21ID: BB  Data: 00 00 00 AA 00 00 00 00 
"
"2016-11-21 14:44:21ID: BC  Data: 00 00 00 AA 00 00 00 00 
"
"2016-11-21 14:44:21ID: BB  Data: 00 00 00 AA 00 00 00 00 
"
"2016-11-21 14:44:21ID: BC  Data: 00 00 00 AA 00 00 00 00 
"
"2016-11-21 14:44:21ID: BB  Data: 00 00 00 AA 00 00 00 00 
"
"2016-11-21 14:44:21ID: BC  Data: 00 00 00 AA 00 00 00 00 
"
"2016-11-21 14:44:21ID: BB  Data: 00 00 00 AA 00 00 00 00 
"
"2016-11-21 14:44:21ID: BC  Data: 00 00 00 AA 00 00 00 00 
"
"2016-11-21 14:44:21ID: BB  Data: 00 00 00 AA 00 00 00 00 
"
"2016-11-21 14:44:21ID: BC  Data: 00 00 00 AA 00 00 00 00 
"
"2016-11-21 14:44:21ID: BB  Data: 00 00 00 AA 00 00 00 00 
"
"2016-11-21 14:44:21ID: BC  Data: 00 00 00 AA 00 00 00 00 
"
"2016-11-21 14:44:21ID: BB  Data: 00 00 00 AA 00 00 00 00 
"
"2016-11-21 14:44:21ID: BC  Data: 00 00 00 AA 00 00 00 00 
"
"2016-11-21 14:44:21ID: BB  Data: 00 00 00 AA 00 00 00 00 
"
"2016-11-21 14:44:21ID: BC  Data: 00 00 00 AA 00 00 00 00 
"
"2016-11-21 14:44:22ID: BB  Data: 00 00 00 AA 00 00 00 00 
"
"2016-11-21 14:44:22ID: BC  Data: 00 00 00 AA 00 00 00 00 
"
"2016-11-21 14:44:22ID: BB  Data: 00 00 00 AA 00 00 00 00 
"
"2016-11-21 14:44:22ID: BC  Data: 00 00 00 AA 00 00 00 00 
"
"2016-11-21 14:44:22ID: BB  Data: 00 00 00 AA 00 00 00 00 
"
"2016-11-21 14:44:22ID: BC  Data: 00 00 00 AA 00 00 00 00 
"
"2016-11-21 14:44:22ID: BB  Data: 00 00 00 AA 00 00 00 00 
"
"2016-11-21 14:44:22ID: BC  Data: 00 00 00 AA 00 00 00 00 
"
"2016-11-21 14:44:22ID: BB  Data: 00 00 00 AA 00 00 00 00 
"
"2016-11-21 14:44:22ID: BC  Data: 00 00 00 AA 00 00 00 00 
"
"2016-11-21 14:44:22ID: BB  Data: 00 00 00 AA 00 00 00 00 
"
"2016-11-21 14:44:22ID: BC  Data: 00 00 00 AA 00 00 00 00 
"
"2016-11-21 14:44:22ID: BB  Data: 00 00 00 AA 00 00 00 00 
"
"2016-11-21 14:44:22ID: BC  Data: 00 00 00 AA 00 00 00 00 
"
"2016-11-21 14:44:22ID: BB  Data: 00 00 00 AA 00 00 00 00 
"
"2016-11-21 14:44:22ID: BC  Data: 00 00 00 AA 00 00 00 00 
"
"2016-11-21 14:44:22ID: BB  Data: 00 00 00 AA 00 00 00 00 
"
"2016-11-21 14:44:22ID: BC  Data: 00 00 00 AA 00 00 00 00 
"
"2016-11-21 14:44:22ID: BB  Data: 00 00 00 AA 00 00 00 00 
"
"2016-11-21 14:44:22ID: BC  Data: 00 00 00 AA 00 00 00 00 
"
"2016-11-21 14:44:22ID: BB  Data: 00 00 00 AA 00 00 00 00 
"
"2016-11-21 14:44:22ID: BC  Data: 00 00 00 AA 00 00 00 00 
"
"2016-11-21 14:44:23ID: BB  Data: 00 00 00 AA 00 00 00 00 
"
"2016-11-21 14:44:23ID: BC  Data: 00 00 00 AA 00 00 00 00 
"
"2016-11-21 14:44:23ID: BB  Data: 00 00 00 AA 00 00 00 00 
"
"2016-11-21 14:44:23ID: BC  Data: 00 00 00 AA 00 00 00 00 
"
"2016-11-21 14:44:23ID: BB  Data: 00 00 00 AA 00 00 00 00 
"
"2016-11-21 14:44:23ID: BC  Data: 00 00 00 AA 00 00 00 00 
"
"2016-11-21 14:44:23ID: BB  Data: 00 00 00 AA 00 00 00 00 
"
"2016-11-21 14:44:23ID: BC  Data: 00 00 00 AA 00 00 00 00 
"
"2016-11-21 14:44:23ID: BB  Data: 00 00 00 AA 00 00 00 00 
"
"2016-11-21 14:44:23ID: BC  Data: 00 00 00 AA 00 00 00 00 
"
"2016-11-21 14:44:23ID: BB  Data: 00 00 00 AA 00 00 00 00 
"
"2016-11-21 14:44:23ID: BC  Data: 00 00 00 AA 00 00 00 00 
"
"2016-11-21 14:44:23ID: BB  Data: 00 00 00 AA 00 00 00 00 
"
"2016-11-21 14:44:23ID: BC  Data: 00 00 00 AA 00 00 00 00 
"
"2016-11-21 14:44:23ID: BB  Data: 00 00 00 AA 00 00 00 00 
"
"2016-11-21 14:44:23ID: BC  Data: 00 00 00 AA 00 00 00 00 
"
"2016-11-21 14:44:23ID: BB  Data: 00 00 00 AA 00 00 00 00 
"
"2016-11-21 14:44:23ID: BC  Data: 00 00 00 AA 00 00 00 00 
"
"2016-11-21 14:44:23ID: BB  Data: 00 00 00 AA 00 00 00 00 
"
"2016-11-21 14:44:23ID: BC  Data: 00 00 00 AA 00 00 00 00 
"
"2016-11-21 14:44:23ID: BB  Data: 00 00 00 AA 00 00 00 00 
"
"2016-11-21 14:44:23ID: BC  Data: 00 00 00 AA 00 00 00 00 
"
"2016-11-21 14:44:23ID: BB  Data: 00 00 00 AA 00 00 00 00 
"
"2016-11-21 14:44:23ID: BC  Data: 00 00 00 AA 00 00 00 00 
"
"2016-11-21 14:44:24ID: BB  Data: 00 00 00 AA 00 00 00 00 
"
"2016-11-21 14:44:24ID: BC  Data: 00 00 00 AA 00 00 00 00 
"
"2016-11-21 14:44:24ID: BB  Data: 00 00 00 AA 00 00 00 00 
"
"2016-11-21 14:44:24ID: BC  Data: 00 00 00 AA 00 00 00 00 
"
"2016-11-21 14:44:24ID: BB  Data: 00 00 00 AA 00 00 00 00 
"
"2016-11-21 14:44:24ID: BC  Data: 00 00 00 AA 00 00 00 00 
"
"2016-11-21 14:44:24ID: BB  Data: 00 00 00 AA 00 00 00 00 
"
"2016-11-21 14:44:24ID: BC  Data: 00 00 00 AA 00 00 00 00 
"
"2016-11-21 14:44:24ID: BB  Data: 00 00 00 AA 00 00 00 00 
"
"2016-11-21 14:44:24ID: BC  Data: 00 00 00 AA 00 00 00 00 
"
"2016-11-21 14:44:24ID: BB  Data: 00 00 00 AA 00 00 00 00 
"
"2016-11-21 14:44:24ID: BC  Data: 00 00 00 AA 00 00 00 00 
"
"2016-11-21 14:44:24ID: BB  Data: 00 00 00 AA 00 00 00 00 
"
"2016-11-21 14:44:24ID: BC  Data: 00 00 00 AA 00 00 00 00 
"
"2016-11-21 14:44:24ID: BB  Data: 00 00 00 AA 00 00 00 00 
"
"2016-11-21 14:44:24ID: BC  Data: 00 00 00 AA 00 00 00 00 
"
"2016-11-21 14:44:24ID: BB  Data: 00 00 00 AA 00 00 00 00 
"
"2016-11-21 14:44:24ID: BC  Data: 00 00 00 AA 00 00 00 00 
"
"2016-11-21 14:44:24ID: BB  Data: 00 00 00 AA 00 00 00 00 
"
"2016-11-21 14:44:24ID: BC  Data: 00 00 00 AA 00 00 00 00 
"
"2016-11-21 14:44:24ID: BB  Data: 00 00 00 AA 00 00 00 00 
"
"2016-11-21 14:44:24ID: BC  Data: 00 00 00 AA 00 00 00 00 
"
"2016-11-21 14:44:25ID: BB  Data: 00 00 00 AA 00 00 00 00 
"
"2016-11-21 14:44:25ID: BC  Data: 00 00 00 AA 00 00 00 00 
"
"2016-11-21 14:44:25ID: BB  Data: 00 00 00 AA 00 00 00 00 
"
"2016-11-21 14:44:25ID: BC  Data: 00 00 00 AA 00 00 00 00 
"
"2016-11-21 14:44:25ID: BB  Data: 00 00 00 AA 00 00 00 00 
"
"2016-11-21 14:44:25ID: BC  Data: 00 00 00 AA 00 00 00 00 
"
"2016-11-21 14:44:25ID: BB  Data: 00 00 00 AA 00 00 00 00 
"
"2016-11-21 14:44:25ID: BC  Data: 00 00 00 AA 00 00 00 00 
"
"2016-11-21 14:44:25ID: BB  Data: 00 00 00 AA 00 00 00 00 
"
"2016-11-21 14:44:25ID: BC  Data: 00 00 00 AA 00 00 00 00 
"
"2016-11-21 14:44:25ID: BB  Data: 00 00 00 AA 00 00 00 00 
"
"2016-11-21 14:44:25ID: BC  Data: 00 00 00 AA 00 00 00 00 
"
"2016-11-21 14:44:25ID: BB  Data: 00 00 00 AA 00 00 00 00 
"
"2016-11-21 14:44:25ID: BC  Data: 00 00 00 AA 00 00 00 00 
"
"2016-11-21 14:44:25ID: BB  Data: 00 00 00 AA 00 00 00 00 
"
"2016-11-21 14:44:25ID: BC  Data: 00 00 00 AA 00 00 00 00 
"
"2016-11-21 14:44:25ID: BB  Data: 00 00 00 AA 00 00 00 00 
"
"2016-11-21 14:44:25ID: BC  Data: 00 00 00 AA 00 00 00 00 
"
"2016-11-21 14:44:25ID: BB  Data: 00 00 00 AA 00 00 00 00 
"
"2016-11-21 14:44:25ID: BC  Data: 00 00 00 AA 00 00 00 00 
"
"2016-11-21 14:44:25ID: BB  Data: 00 00 00 AA 00 00 00 00 
"
"2016-11-21 14:44:25ID: BC  Data: 00 00 00 AA 00 00 00 00 
"
"2016-11-21 14:44:26ID: BB  Data: 00 00 00 AA 00 00 00 00 
"
"2016-11-21 14:44:26ID: BC  Data: 00 00 00 AA 00 00 00 00 
"
"2016-11-21 14:44:26ID: BB  Data: 00 00 00 AA 00 00 00 00 
"
"2016-11-21 14:44:26ID: BC  Data: 00 00 00 AA 00 00 00 00 
"
"2016-11-21 14:44:26ID: BB  Data: 00 00 00 AA 00 00 00 00 
"
"2016-11-21 14:44:26ID: BC  Data: 00 00 00 AA 00 00 00 00 
"
"2016-11-21 14:44:26ID: BB  Data: 00 00 00 AA 00 00 00 00 
"
"2016-11-21 14:44:26ID: BC  Data: 00 00 00 AA 00 00 00 00 
"
"2016-11-21 14:44:26ID: BB  Data: 00 00 00 AA 00 00 00 00 
"
"2016-11-21 14:44:26ID: BC  Data: 00 00 00 AA 00 00 00 00 
"
"2016-11-21 14:44:26ID: BB  Data: 00 00 00 AA 00 00 00 00 
"
"2016-11-21 14:44:26ID: BC  Data: 00 00 00 AA 00 00 00 00 
"
"2016-11-21 14:44:26ID: BB  Data: 00 00 00 AA 00 00 00 00 
"
"2016-11-21 14:44:26ID: BC  Data: 00 00 00 AA 00 00 00 00 
"
"2016-11-21 14:44:26ID: BB  Data: 00 00 00 AA 00 00 00 00 
"
"2016-11-21 14:44:26ID: BC  Data: 00 00 00 AA 00 00 00 00 
"
"2016-11-21 14:44:26ID: BB  Data: 00 00 00 AA 00 00 00 00 
"
"2016-11-21 14:44:26ID: BC  Data: 00 00 00 AA 00 00 00 00 
"
"2016-11-21 14:44:26ID: BB  Data: 00 00 00 AA 00 00 00 00 
"
"2016-11-21 14:44:26ID: BC  Data: 00 00 00 AA 00 00 00 00 
"
"2016-11-21 14:44:26ID: BB  Data: 00 00 00 AA 00 00 00 00 
"
"2016-11-21 14:44:26ID: BC  Data: 00 00 00 AA 00 00 00 00 
"
"2016-11-21 14:44:26ID: BB  Data: 00 00 00 AA 00 00 00 00 
"
"2016-11-21 14:44:26ID: BC  Data: 00 00 00 AA 00 00 00 00 
"
"2016-11-21 14:44:27ID: BB  Data: 00 00 00 AA 00 00 00 00 
"
"2016-11-21 14:44:27ID: BC  Data: 00 00 00 AA 00 00 00 00 
"
"2016-11-21 14:44:27ID: BB  Data: 00 00 00 AA 00 00 00 00 
"
"2016-11-21 14:44:27ID: BC  Data: 00 00 00 AA 00 00 00 00 
"
"2016-11-21 14:44:27ID: BB  Data: 00 00 00 AA 00 00 00 00 
"
"2016-11-21 14:44:27ID: BC  Data: 00 00 00 AA 00 00 00 00 
"
"2016-11-21 14:44:27ID: BB  Data: 00 00 00 AA 00 00 00 00 
"
"2016-11-21 14:44:27ID: BC  Data: 00 00 00 AA 00 00 00 00 
"
"2016-11-21 14:44:27ID: BB  Data: 00 00 00 AA 00 00 00 00 
"
"2016-11-21 14:44:27ID: BC  Data: 00 00 00 AA 00 00 00 00 
"
"2016-11-21 14:44:27ID: BB  Data: 00 00 00 AA 00 00 00 00 
"
"2016-11-21 14:44:27ID: BC  Data: 00 00 00 AA 00 00 00 00 
"
"2016-11-21 14:44:27ID: BB  Data: 00 00 00 AA 00 00 00 00 
"
"2016-11-21 14:44:27ID: BC  Data: 00 00 00 AA 00 00 00 00 
"
"2016-11-21 14:44:27ID: BB  Data: 00 00 00 AA 00 00 00 00 
"
"2016-11-21 14:44:27ID: BC  Data: 00 00 00 AA 00 00 00 00 
"
"2016-11-21 14:44:27ID: BB  Data: 00 00 00 AA 00 00 00 00 
"
"2016-11-21 14:44:27ID: BC  Data: 00 00 00 AA 00 00 00 00 
"
"2016-11-21 14:44:27ID: BB  Data: 00 00 00 AA 00 00 00 00 
"
"2016-11-21 14:44:27ID: BC  Data: 00 00 00 AA 00 00 00 00 
"
"2016-11-21 14:44:27ID: BB  Data: 00 00 00 AA 00 00 00 00 
"
"2016-11-21 14:44:27ID: BC  Data: 00 00 00 AA 00 00 00 00 
"
"2016-11-21 14:44:28ID: BB  Data: 00 00 00 AA 00 00 00 00 
"
"2016-11-21 14:44:28ID: BC  Data: 00 00 00 AA 00 00 00 00 
"
"2016-11-21 14:44:28ID: BB  Data: 00 00 00 AA 00 00 00 00 
"
"2016-11-21 14:44:28ID: BC  Data: 00 00 00 AA 00 00 00 00 
"
"2016-11-21 14:44:28ID: BB  Data: 00 00 00 AA 00 00 00 00 
"
"2016-11-21 14:44:28ID: BC  Data: 00 00 00 AA 00 00 00 00 
"
"2016-11-21 14:44:28ID: BB  Data: 00 00 00 AA 00 00 00 00 
"
"2016-11-21 14:44:28ID: BC  Data: 00 00 00 AA 00 00 00 00 
"
"2016-11-21 14:44:28ID: BB  Data: 00 00 00 AA 00 00 00 00 
"
"2016-11-21 14:44:28ID: BC  Data: 00 00 00 AA 00 00 00 00 
"
"2016-11-21 14:44:28ID: BB  Data: 00 00 00 AA 00 00 00 00 
"
"2016-11-21 14:44:28ID: BC  Data: 00 00 00 AA 00 00 00 00 
"
"2016-11-21 14:44:28ID: BB  Data: 00 00 00 AA 00 00 00 00 
"
"2016-11-21 14:44:28ID: BC  Data: 00 00 00 AA 00 00 00 00 
"
"2016-11-21 14:44:28ID: BB  Data: 00 00 00 AA 00 00 00 00 
"
"2016-11-21 14:44:28ID: BC  Data: 00 00 00 AA 00 00 00 00 
"
"2016-11-21 14:44:28ID: BB  Data: 00 00 00 AA 00 00 00 00 
"
"2016-11-21 14:44:28ID: BC  Data: 00 00 00 AA 00 00 00 00 
"
"2016-11-21 14:44:28ID: BB  Data: 00 00 00 AA 00 00 00 00 
"
"2016-11-21 14:44:28ID: BC  Data: 00 00 00 AA 00 00 00 00 
"
"2016-11-21 14:44:28ID: BB  Data: 00 00 00 AA 00 00 00 00 
"
"2016-11-21 14:44:28ID: BC  Data: 00 00 00 AA 00 00 00 00 
"
"2016-11-21 14:44:28ID: BB  Data: 00 00 00 AA 00 00 00 00 
"
"2016-11-21 14:44:29ID: BC  Data: 00 00 00 AA 00 00 00 00 
"
"2016-11-21 14:44:29ID: BB  Data: 00 00 00 AA 00 00 00 00 
"
"2016-11-21 14:44:29ID: BC  Data: 00 00 00 AA 00 00 00 00 
"
"2016-11-21 14:44:29ID: BB  Data: 00 00 00 AA 00 00 00 00 
"
"2016-11-21 14:44:29ID: BC  Data: 00 00 00 AA 00 00 00 00 
"
"2016-11-21 14:44:29ID: BB  Data: 00 00 00 AA 00 00 00 00 
"
"2016-11-21 14:44:29ID: BC  Data: 00 00 00 AA 00 00 00 00 
"
"2016-11-21 14:44:29ID: BB  Data: 00 00 00 AA 00 00 00 00 
"
"2016-11-21 14:44:29ID: BC  Data: 00 00 00 AA 00 00 00 00 
"
"2016-11-21 14:44:29ID: BB  Data: 00 00 00 AA 00 00 00 00 
"
"2016-11-21 14:44:29ID: BC  Data: 00 00 00 AA 00 00 00 00 
"
"2016-11-21 14:44:29ID: BB  Data: 00 00 00 AA 00 00 00 00 
"
"2016-11-21 14:44:29ID: BC  Data: 00 00 00 AA 00 00 00 00 
"
"2016-11-21 14:44:29ID: BB  Data: 00 00 00 AA 00 00 00 00 
"
"2016-11-21 14:44:29ID: BC  Data: 00 00 00 AA 00 00 00 00 
"
"2016-11-21 14:44:29ID: BB  Data: 00 00 00 AA 00 00 00 00 
"
"2016-11-21 14:44:29ID: BC  Data: 00 00 00 AA 00 00 00 00 
"
"2016-11-21 14:44:29ID: BB  Data: 00 00 00 AA 00 00 00 00 
"
"2016-11-21 14:44:29ID: BC  Data: 00 00 00 AA 00 00 00 00 
"
"2016-11-21 14:44:29ID: BB  Data: 00 00 00 AA 00 00 00 00 
"
"2016-11-21 14:44:29ID: BC  Data: 00 00 00 AA 00 00 00 00 
"
"2016-11-21 14:44:29ID: BB  Data: 00 00 00 AA 00 00 00 00 
"
"2016-11-21 14:44:29ID: BC  Data: 00 00 00 AA 00 00 00 00 
"
"2016-11-21 14:44:30ID: BB  Data: 00 00 00 AA 00 00 00 00 
"
"2016-11-21 14:44:30ID: BC  Data: 00 00 00 AA 00 00 00 00 
"
"2016-11-21 14:44:30ID: BB  Data: 00 00 00 AA 00 00 00 00 
"
"2016-11-21 14:44:30ID: BC  Data: 00 00 00 AA 00 00 00 00 
"
"2016-11-21 14:44:30ID: BB  Data: 00 00 00 AA 00 00 00 00 
"
"2016-11-21 14:44:30ID: BC  Data: 00 00 00 AA 00 00 00 00 
"
"2016-11-21 14:44:30ID: BB  Data: 00 00 00 AA 00 00 00 00 
"
"2016-11-21 14:44:30ID: BC  Data: 00 00 00 AA 00 00 00 00 
"
"2016-11-21 14:44:30ID: BB  Data: 00 00 00 AA 00 00 00 00 
"
"2016-11-21 14:44:30ID: BC  Data: 00 00 00 AA 00 00 00 00 
"
"2016-11-21 14:44:30ID: BB  Data: 00 00 00 AA 00 00 00 00 
"
"2016-11-21 14:44:30ID: BC  Data: 00 00 00 AA 00 00 00 00 
"
"2016-11-21 14:44:30ID: BB  Data: 00 00 00 AA 00 00 00 00 
"
"2016-11-21 14:44:30ID: BC  Data: 00 00 00 AA 00 00 00 00 
"
"2016-11-21 14:44:30ID: BB  Data: 00 00 00 AA 00 00 00 00 
"
"2016-11-21 14:44:30ID: BC  Data: 00 00 00 AA 00 00 00 00 
"
"2016-11-21 14:44:30ID: BB  Data: 00 00 00 AA 00 00 00 00 
"
"2016-11-21 14:44:30ID: BC  Data: 00 00 00 AA 00 00 00 00 
"
"2016-11-21 14:44:30ID: BB  Data: 00 00 00 AA 00 00 00 00 
"
"2016-11-21 14:44:30ID: BC  Data: 00 00 00 AA 00 00 00 00 
"
"2016-11-21 14:44:30ID: BB  Data: 00 00 00 AA 00 00 00 00 
"
"2016-11-21 14:44:30ID: BC  Data: 00 00 00 AA 00 00 00 00 
"
"2016-11-21 14:44:31ID: BB  Data: 00 00 00 AA 00 00 00 00 
"
"2016-11-21 14:44:31ID: BC  Data: 00 00 00 AA 00 00 00 00 
"
"2016-11-21 14:44:31ID: BB  Data: 00 00 00 AA 00 00 00 00 
"
"2016-11-21 14:44:31ID: BC  Data: 00 00 00 AA 00 00 00 00 
"
"2016-11-21 14:44:31ID: BB  Data: 00 00 00 AA 00 00 00 00 
"
"2016-11-21 14:44:31ID: BC  Data: 00 00 00 AA 00 00 00 00 
"
"2016-11-21 14:44:31ID: BB  Data: 00 00 00 AA 00 00 00 00 
"
"2016-11-21 14:44:31ID: BC  Data: 00 00 00 AA 00 00 00 00 
"
"2016-11-21 14:44:31ID: BB  Data: 00 00 00 AA 00 00 00 00 
"
"2016-11-21 14:44:31ID: BC  Data: 00 00 00 AA 00 00 00 00 
"
"2016-11-21 14:44:31ID: BB  Data: 00 00 00 AA 00 00 00 00 
"
"2016-11-21 14:44:31ID: BC  Data: 00 00 00 AA 00 00 00 00 
"
"2016-11-21 14:44:31ID: BB  Data: 00 00 00 AA 00 00 00 00 
"
"2016-11-21 14:44:31ID: BC  Data: 00 00 00 AA 00 00 00 00 
"
"2016-11-21 14:44:31ID: BB  Data: 00 00 00 AA 00 00 00 00 
"
"2016-11-21 14:44:31ID: BC  Data: 00 00 00 AA 00 00 00 00 
"
"2016-11-21 14:44:31ID: BB  Data: 00 00 00 AA 01 88 D5 86 
"
"2016-11-21 14:44:31ID: BC  Data: 00 00 00 AA FE 77 2A 7A 
"
"2016-11-21 14:44:31ID: BB  Data: 00 00 00 AA 03 3D A6 8A 
"
"2016-11-21 14:44:31ID: BC  Data: 00 00 00 AA FC C2 59 76 
"
"2016-11-21 14:44:31ID: BB  Data: 00 00 00 AA 04 67 00 63 
"
"2016-11-21 14:44:31ID: BC  Data: 00 00 00 AA FB 98 FF 9D 
"
"2016-11-21 14:44:31ID: BB  Data: 00 00 00 AA 05 E3 3E 0A 
"
"2016-11-21 14:44:31ID: BC  Data: 00 00 00 AA FA 1C C1 F6 
"
"2016-11-21 14:44:32ID: BB  Data: 00 00 00 AA 06 C0 48 31 
"
"2016-11-21 14:44:32ID: BC  Data: 00 00 00 AA F9 3F B7 CF 
"
"2016-11-21 14:44:32ID: BB  Data: 00 00 00 AA 07 17 1E 77 
"
"2016-11-21 14:44:32ID: BC  Data: 00 00 00 AA F8 E8 E1 89 
"
"2016-11-21 14:44:32ID: BB  Data: 00 00 00 AA 07 64 BE FB 
"
"2016-11-21 14:44:32ID: BC  Data: 00 00 00 AA F8 9B 41 05 
"
"2016-11-21 14:44:32ID: BB  Data: 00 00 00 AA 07 83 01 E5 
"
"2016-11-21 14:44:32ID: BC  Data: 00 00 00 AA F8 7C FE 1B 
"
"2016-11-21 14:44:32ID: BB  Data: 00 00 00 AA 07 6D F4 BD 
"
"2016-11-21 14:44:32ID: BC  Data: 00 00 00 AA F8 92 0B 43 
"
"2016-11-21 14:44:32ID: BB  Data: 00 00 00 AA 07 6A 02 45 
"
"2016-11-21 14:44:32ID: BC  Data: 00 00 00 AA F8 95 FD BB 
"
"2016-11-21 14:44:32ID: BB  Data: 00 00 00 AA 07 60 CC 84 
"
"2016-11-21 14:44:32ID: BC  Data: 00 00 00 AA F8 9F 33 7C 
"
"2016-11-21 14:44:32ID: BB  Data: 00 00 00 AA 07 5C DA 0C 
"
"2016-11-21 14:44:32ID: BC  Data: 00 00 00 AA F8 A3 25 F4 
"
"2016-11-21 14:44:32ID: BB  Data: 00 00 00 AA 07 5C DA 0C 
"
"2016-11-21 14:44:32ID: BC  Data: 00 00 00 AA F8 A3 25 F4 
"
"2016-11-21 14:44:32ID: BB  Data: 00 00 00 AA 07 4F B1 D3 
"
"2016-11-21 14:44:32ID: BC  Data: 00 00 00 AA F8 B0 4E 2D 
"
"2016-11-21 14:44:32ID: BB  Data: 00 00 00 AA 07 4B BF 5C 
"
"2016-11-21 14:44:32ID: BC  Data: 00 00 00 AA F8 B4 40 A4 
"
"2016-11-21 14:44:33ID: BB  Data: 00 00 00 AA 07 42 89 9A 
"
"2016-11-21 14:44:33ID: BC  Data: 00 00 00 AA F8 BD 76 66 
"
"2016-11-21 14:44:33ID: BB  Data: 00 00 00 AA 07 3E 97 22 
"
"2016-11-21 14:44:33ID: BC  Data: 00 00 00 AA F8 C1 68 DE 
"
"2016-11-21 14:44:33ID: BB  Data: 00 00 00 AA 07 38 03 06 
"
"2016-11-21 14:44:33ID: BC  Data: 00 00 00 AA F8 C7 FC FA 
"
"2016-11-21 14:44:33ID: BB  Data: 00 00 00 AA 07 35 61 61 
"
"2016-11-21 14:44:33ID: BC  Data: 00 00 00 AA F8 CA 9E 9F 
"
"2016-11-21 14:44:33ID: BB  Data: 00 00 00 AA 07 36 B2 33 
"
"2016-11-21 14:44:33ID: BC  Data: 00 00 00 AA F8 C9 4D CD 
"
"2016-11-21 14:44:33ID: BB  Data: 00 00 00 AA 07 21 A5 0B 
"
"2016-11-21 14:44:33ID: BC  Data: 00 00 00 AA F8 DE 5A F5 
"
"2016-11-21 14:44:33ID: BB  Data: 00 00 00 AA 07 19 C0 1C 
"
"2016-11-21 14:44:33ID: BC  Data: 00 00 00 AA F8 E6 3F E4 
"
"2016-11-21 14:44:33ID: BB  Data: 00 00 00 AA 06 C4 3A A8 
"
"2016-11-21 14:44:33ID: BC  Data: 00 00 00 AA F9 3B C5 58 
"
"2016-11-21 14:44:33ID: BB  Data: 00 00 00 AA 02 7E DF 4D 
"
"2016-11-21 14:44:33ID: BC  Data: 00 00 00 AA FD 81 20 B3 
"
"2016-11-21 14:44:33ID: BB  Data: 00 00 00 AA 00 00 00 00 
"
"2016-11-21 14:44:33ID: BC  Data: 00 00 00 AA 00 00 00 00 
"
"2016-11-21 14:44:33ID: BB  Data: 00 00 00 AA 00 00 00 00 
"
"2016-11-21 14:44:33ID: BC  Data: 00 00 00 AA 00 00 00 00 
"
"2016-11-21 14:44:34ID: BB  Data: 00 00 00 AA 00 00 00 00 
"
"2016-11-21 14:44:34ID: BC  Data: 00 00 00 AA 00 00 00 00 
"
"2016-11-21 14:44:34ID: BB  Data: 00 00 00 AA 00 00 00 00 
"
"2016-11-21 14:44:34ID: BC  Data: 00 00 00 AA 00 00 00 00 
"
"2016-11-21 14:44:34ID: BB  Data: 00 00 00 AA 00 00 00 00 
"
"2016-11-21 14:44:34ID: BC  Data: 00 00 00 AA 00 00 00 00 
"
"2016-11-21 14:44:34ID: BB  Data: 00 00 00 AA 00 00 00 00 
"
"2016-11-21 14:44:34ID: BC  Data: 00 00 00 AA 00 00 00 00 
"
"2016-11-21 14:44:34ID: BB  Data: 00 00 00 AA 00 00 00 00 
"
"2016-11-21 14:44:34ID: BC  Data: 00 00 00 AA 00 00 00 00 
"
"2016-11-21 14:44:34ID: BB  Data: 00 00 00 AA 00 00 00 00 
"
"2016-11-21 14:44:34ID: BC  Data: 00 00 00 AA 00 00 00 00 
"
"2016-11-21 14:44:34ID: BB  Data: 00 00 00 AA 00 00 00 00 
"
"2016-11-21 14:44:34ID: BC  Data: 00 00 00 AA 00 00 00 00 
"
"2016-11-21 14:44:34ID: BB  Data: 00 00 00 AA 00 00 00 00 
"
"2016-11-21 14:44:34ID: BC  Data: 00 00 00 AA 00 00 00 00 
"
"2016-11-21 14:44:34ID: BB  Data: 00 00 00 AA 00 00 00 00 
"
"2016-11-21 14:44:34ID: BC  Data: 00 00 00 AA 00 00 00 00 
"
"2016-11-21 14:44:34ID: BB  Data: 00 00 00 AA 00 00 00 00 
"
"2016-11-21 14:44:34ID: BC  Data: 00 00 00 AA 00 00 00 00 
"
"2016-11-21 14:44:34ID: BB  Data: 00 00 00 AA 00 00 00 00 
"
"2016-11-21 14:44:34ID: BC  Data: 00 00 00 AA 00 00 00 00 
"
"2016-11-21 14:44:34ID: BB  Data: 00 00 00 AA 00 00 00 00 
"
"2016-11-21 14:44:34ID: BC  Data: 00 00 00 AA 00 00 00 00 
"
"2016-11-21 14:44:35ID: BB  Data: 00 00 00 AA 00 00 00 00 
"
"2016-11-21 14:44:35ID: BC  Data: 00 00 00 AA 00 00 00 00 
"
"2016-11-21 14:44:35ID: BB  Data: 00 00 00 AA 00 00 00 00 
"
"2016-11-21 14:44:35ID: BC  Data: 00 00 00 AA 00 00 00 00 
"
"2016-11-21 14:44:35ID: BB  Data: 00 00 00 AA 00 00 00 00 
"
"2016-11-21 14:44:35ID: BC  Data: 00 00 00 AA 00 00 00 00 
"
"2016-11-21 14:44:35ID: BB  Data: 00 00 00 AA 00 00 00 00 
"
"2016-11-21 14:44:35ID: BC  Data: 00 00 00 AA 00 00 00 00 
"
"2016-11-21 14:44:35ID: BB  Data: 00 00 00 AA 00 00 00 00 
"
"2016-11-21 14:44:35ID: BC  Data: 00 00 00 AA 00 00 00 00 
"
"2016-11-21 14:44:35ID: BB  Data: 00 00 00 AA 00 00 00 00 
"
"2016-11-21 14:44:35ID: BC  Data: 00 00 00 AA 00 00 00 00 
"
"2016-11-21 14:44:35ID: BB  Data: 00 00 00 AA 00 00 00 00 
"
"2016-11-21 14:44:35ID: BC  Data: 00 00 00 AA 00 00 00 00 
"
"2016-11-21 14:44:35ID: BB  Data: 00 00 00 AA 00 00 00 00 
"
"2016-11-21 14:44:35ID: BC  Data: 00 00 00 AA 00 00 00 00 
"
"2016-11-21 14:44:35ID: BB  Data: 00 00 00 AA 00 00 00 00 
"
"2016-11-21 14:44:35ID: BC  Data: 00 00 00 AA 00 00 00 00 
"
"2016-11-21 14:44:35ID: BB  Data: 00 00 00 AA 00 00 00 00 
"
"2016-11-21 14:44:35ID: BC  Data: 00 00 00 AA 00 00 00 00 
"
"2016-11-21 14:44:35ID: BB  Data: 00 00 00 AA 00 00 00 00 
"
"2016-11-21 14:44:35ID: BC  Data: 00 00 00 AA 00 00 00 00 
"
"2016-11-21 14:44:36ID: BB  Data: 00 00 00 AA 00 00 00 00 
"
"2016-11-21 14:44:36ID: BC  Data: 00 00 00 AA 00 00 00 00 
"
"2016-11-21 14:44:36ID: BB  Data: 00 00 00 AA 00 00 00 00 
"
"2016-11-21 14:44:36ID: BC  Data: 00 00 00 AA 00 00 00 00 
"
"2016-11-21 14:44:36ID: BB  Data: 00 00 00 AA 01 8A 26 59 
"
"2016-11-21 14:44:36ID: BC  Data: 00 00 00 AA FE 75 D9 A7 
"
"2016-11-21 14:44:36ID: BB  Data: 00 00 00 AA 03 61 2C BE 
"
"2016-11-21 14:44:36ID: BC  Data: 00 00 00 AA FC 9E D3 42 
"
"2016-11-21 14:44:36ID: BB  Data: 00 00 00 AA 04 A3 86 36 
"
"2016-11-21 14:44:36ID: BC  Data: 00 00 00 AA FB 5C 79 CA 
"
"2016-11-21 14:44:36ID: BB  Data: 00 00 00 AA 05 EC 73 CC 
"
"2016-11-21 14:44:36ID: BC  Data: 00 00 00 AA FA 13 8C 34 
"
"2016-11-21 14:44:36ID: BB  Data: 00 00 00 AA 06 B3 1F F8 
"
"2016-11-21 14:44:36ID: BC  Data: 00 00 00 AA F9 4C E0 08 
"
"2016-11-21 14:44:36ID: BB  Data: 00 00 00 AA 07 26 E8 55 
"
"2016-11-21 14:44:36ID: BC  Data: 00 00 00 AA F8 D9 17 AB 
"
"2016-11-21 14:44:36ID: BB  Data: 00 00 00 AA 07 95 6D 68 
"
"2016-11-21 14:44:36ID: BC  Data: 00 00 00 AA F8 6A 92 98 
"
"2016-11-21 14:44:36ID: BB  Data: 00 00 00 AA 07 E3 0D ED 
"
"2016-11-21 14:44:36ID: BC  Data: 00 00 00 AA F8 1C F2 13 
"
"2016-11-21 14:44:36ID: BB  Data: 00 00 00 AA 08 30 AE 71 
"
"2016-11-21 14:44:36ID: BC  Data: 00 00 00 AA F7 CF 51 8F 
"
"2016-11-21 14:44:37ID: BB  Data: 00 00 00 AA 08 66 A0 29 
"
"2016-11-21 14:44:37ID: BC  Data: 00 00 00 AA F7 99 5F D7 
"
"2016-11-21 14:44:37ID: BB  Data: 00 00 00 AA 08 9B 41 0D 
"
"2016-11-21 14:44:37ID: BC  Data: 00 00 00 AA F7 64 BE F3 
"
"2016-11-21 14:44:37ID: BB  Data: 00 00 00 AA 08 C1 68 E6 
"
"2016-11-21 14:44:37ID: BC  Data: 00 00 00 AA F7 3E 97 1A 
"
"2016-11-21 14:44:37ID: BB  Data: 00 00 00 AA 08 DF AB D0 
"
"2016-11-21 14:44:37ID: BC  Data: 00 00 00 AA F7 20 54 30 
"
"2016-11-21 14:44:37ID: BB  Data: 00 00 00 AA 08 E6 3F ED 
"
"2016-11-21 14:44:37ID: BC  Data: 00 00 00 AA F7 19 C0 13 
"
"2016-11-21 14:44:37ID: BB  Data: 00 00 00 AA 08 EA 32 64 
"
"2016-11-21 14:44:37ID: BC  Data: 00 00 00 AA F7 15 CD 9C 
"
"2016-11-21 14:44:37ID: BB  Data: 00 00 00 AA 08 E7 90 BF 
"
"2016-11-21 14:44:37ID: BC  Data: 00 00 00 AA F7 18 6F 41 
"
"2016-11-21 14:44:37ID: BB  Data: 00 00 00 AA 08 E0 FC A3 
"
"2016-11-21 14:44:37ID: BC  Data: 00 00 00 AA F7 1F 03 5D 
"
"2016-11-21 14:44:37ID: BB  Data: 00 00 00 AA 08 DD 0A 2B 
"
"2016-11-21 14:44:37ID: BC  Data: 00 00 00 AA F7 22 F5 D5 
"
"2016-11-21 14:44:37ID: BB  Data: 00 00 00 AA 08 CA 9E A8 
"
"2016-11-21 14:44:37ID: BC  Data: 00 00 00 AA F7 35 61 58 
"
"2016-11-21 14:44:37ID: BB  Data: 00 00 00 AA 08 C5 5B 5E 
"
"2016-11-21 14:44:37ID: BC  Data: 00 00 00 AA F7 3A A4 A2 
"
"2016-11-21 14:44:37ID: BB  Data: 00 00 00 AA 08 AD AC 91 
"
"2016-11-21 14:44:37ID: BC  Data: 00 00 00 AA F7 52 53 6F 
"
"2016-11-21 14:44:38ID: BB  Data: 00 00 00 AA 08 A5 C7 A1 
"
"2016-11-21 14:44:38ID: BC  Data: 00 00 00 AA F7 5A 38 5F 
"
"2016-11-21 14:44:38ID: BB  Data: 00 00 00 AA 08 9B 41 0D 
"
"2016-11-21 14:44:38ID: BC  Data: 00 00 00 AA F7 64 BE F3 
"
"2016-11-21 14:44:38ID: BB  Data: 00 00 00 AA 08 93 5C 1E 
"
"2016-11-21 14:44:38ID: BC  Data: 00 00 00 AA F7 6C A3 E2 
"
"2016-11-21 14:44:38ID: BB  Data: 00 00 00 AA 08 82 41 6D 
"
"2016-11-21 14:44:38ID: BC  Data: 00 00 00 AA F7 7D BE 93 
"
"2016-11-21 14:44:38ID: BB  Data: 00 00 00 AA 08 87 84 B8 
"
"2016-11-21 14:44:38ID: BC  Data: 00 00 00 AA F7 78 7B 48 
"
"2016-11-21 14:44:38ID: BB  Data: 00 00 00 AA 08 6B E3 73 
"
"2016-11-21 14:44:38ID: BC  Data: 00 00 00 AA F7 94 1C 8D 
"
"2016-11-21 14:44:38ID: BB  Data: 00 00 00 AA 08 6B E3 73 
"
"2016-11-21 14:44:38ID: BC  Data: 00 00 00 AA F7 94 1C 8D 
"
"2016-11-21 14:44:38ID: BB  Data: 00 00 00 AA 08 5A C8 C2 
"
"2016-11-21 14:44:38ID: BC  Data: 00 00 00 AA F7 A5 37 3E 
"
"2016-11-21 14:44:38ID: BB  Data: 00 00 00 AA 08 54 34 A5 
"
"2016-11-21 14:44:38ID: BC  Data: 00 00 00 AA F7 AB CB 5B 
"
"2016-11-21 14:44:38ID: BB  Data: 00 00 00 AA 08 2A 1A 55 
"
"2016-11-21 14:44:38ID: BC  Data: 00 00 00 AA F7 D5 E5 AB 
"
"2016-11-21 14:44:38ID: BB  Data: 00 00 00 AA 08 11 1A B5 
"
"2016-11-21 14:44:38ID: BC  Data: 00 00 00 AA F7 EE E5 4B 
"
"2016-11-21 14:44:39ID: BB  Data: 00 00 00 AA 07 E8 51 37 
"
"2016-11-21 14:44:39ID: BC  Data: 00 00 00 AA F8 17 AE C9 
"
"2016-11-21 14:44:39ID: BB  Data: 00 00 00 AA 07 D4 94 E1 
"
"2016-11-21 14:44:39ID: BC  Data: 00 00 00 AA F8 2B 6B 1F 
"
"2016-11-21 14:44:39ID: BB  Data: 00 00 00 AA 07 D1 F3 3C 
"
"2016-11-21 14:44:39ID: BC  Data: 00 00 00 AA F8 2E 0C C4 
"
"2016-11-21 14:44:39ID: BB  Data: 00 00 00 AA 07 C6 1B D6 
"
"2016-11-21 14:44:39ID: BC  Data: 00 00 00 AA F8 39 E4 2A 
"
"2016-11-21 14:44:39ID: BB  Data: 00 00 00 AA 07 B2 5F 80 
"
"2016-11-21 14:44:39ID: BC  Data: 00 00 00 AA F8 4D A0 80 
"
"2016-11-21 14:44:39ID: BB  Data: 00 00 00 AA 07 A3 E6 74 
"
"2016-11-21 14:44:39ID: BC  Data: 00 00 00 AA F8 5C 19 8C 
"
"2016-11-21 14:44:39ID: BB  Data: 00 00 00 AA 07 7B 1C F6 
"
"2016-11-21 14:44:39ID: BC  Data: 00 00 00 AA F8 84 E3 0A 
"
"2016-11-21 14:44:39ID: BB  Data: 00 00 00 AA 07 6F 45 8F 
"
"2016-11-21 14:44:39ID: BC  Data: 00 00 00 AA F8 90 BA 71 
"
"2016-11-21 14:44:39ID: BB  Data: 00 00 00 AA 05 13 5C 1C 
"
"2016-11-21 14:44:39ID: BC  Data: 00 00 00 AA FA EC A3 E4 
"
"2016-11-21 14:44:39ID: BB  Data: 00 00 00 AA 01 C6 AC 2D 
"
"2016-11-21 14:44:39ID: BC  Data: 00 00 00 AA FE 39 53 D3 
"
"2016-11-21 14:44:39ID: BB  Data: 00 00 00 AA 00 00 00 00 
"
"2016-11-21 14:44:39ID: BC  Data: 00 00 00 AA 00 00 00 00 
"
"2016-11-21 14:44:39ID: BB  Data: 00 00 00 AA 00 00 00 00 
"
"2016-11-21 14:44:40ID: BC  Data: 00 00 00 AA 00 00 00 00 
"
"2016-11-21 14:44:40ID: BB  Data: 00 00 00 AA 00 00 00 00 
"
"2016-11-21 14:44:40ID: BC  Data: 00 00 00 AA 00 00 00 00 
"
"2016-11-21 14:44:40ID: BB  Data: 00 00 00 AA 00 00 00 00 
"
"2016-11-21 14:44:40ID: BC  Data: 00 00 00 AA 00 00 00 00 
"
"2016-11-21 14:44:40ID: BB  Data: 00 00 00 AA 00 00 00 00 
"
"2016-11-21 14:44:40ID: BC  Data: 00 00 00 AA 00 00 00 00 
"
"2016-11-21 14:44:40ID: BB  Data: 00 00 00 AA 00 00 00 00 
"
"2016-11-21 14:44:40ID: BC  Data: 00 00 00 AA 00 00 00 00 
"
"2016-11-21 14:44:40ID: BB  Data: 00 00 00 AA 00 00 00 00 
"
"2016-11-21 14:44:40ID: BC  Data: 00 00 00 AA 00 00 00 00 
"
"2016-11-21 14:44:40ID: BB  Data: 00 00 00 AA 00 00 00 00 
"
"2016-11-21 14:44:40ID: BC  Data: 00 00 00 AA 00 00 00 00 
"
"2016-11-21 14:44:40ID: BB  Data: 00 00 00 AA 00 00 00 00 
"
"2016-11-21 14:44:40ID: BC  Data: 00 00 00 AA 00 00 00 00 
"
"2016-11-21 14:44:40ID: BB  Data: 00 00 00 AA 00 00 00 00 
"
"2016-11-21 14:44:40ID: BC  Data: 00 00 00 AA 00 00 00 00 
"
"2016-11-21 14:44:40ID: BB  Data: 00 00 00 AA 00 00 00 00 
"
"2016-11-21 14:44:40ID: BC  Data: 00 00 00 AA 00 00 00 00 
"
"2016-11-21 14:44:40ID: BB  Data: 00 00 00 AA 00 00 00 00 
"
"2016-11-21 14:44:40ID: BC  Data: 00 00 00 AA 00 00 00 00 
"
"2016-11-21 14:44:40ID: BB  Data: 00 00 00 AA 00 00 00 00 
"
"2016-11-21 14:44:40ID: BC  Data: 00 00 00 AA 00 00 00 00 
"
"2016-11-21 14:44:41ID: BB  Data: 00 00 00 AA 00 00 00 00 
"
"2016-11-21 14:44:41ID: BC  Data: 00 00 00 AA 00 00 00 00 
"
"2016-11-21 14:44:41ID: BB  Data: 00 00 00 AA 00 00 00 00 
"
"2016-11-21 14:44:41ID: BC  Data: 00 00 00 AA 00 00 00 00 
"
"2016-11-21 14:44:41ID: BB  Data: 00 00 00 AA 00 00 00 00 
"
"2016-11-21 14:44:41ID: BC  Data: 00 00 00 AA 00 00 00 00 
"
"2016-11-21 14:44:41ID: BB  Data: 00 00 00 AA 00 00 00 00 
"
"2016-11-21 14:44:41ID: BC  Data: 00 00 00 AA 00 00 00 00 
"
"2016-11-21 14:44:41ID: BB  Data: 00 00 00 AA 00 00 00 00 
"
"2016-11-21 14:44:41ID: BC  Data: 00 00 00 AA 00 00 00 00 
"
"2016-11-21 14:44:41ID: BB  Data: 00 00 00 AA 00 00 00 00 
"
"2016-11-21 14:44:41ID: BC  Data: 00 00 00 AA 00 00 00 00 
"
"2016-11-21 14:44:41ID: BB  Data: 00 00 00 AA 00 00 00 00 
"
"2016-11-21 14:44:41ID: BC  Data: 00 00 00 AA 00 00 00 00 
"
"2016-11-21 14:44:41ID: BB  Data: 00 00 00 AA 00 00 00 00 
"
"2016-11-21 14:44:41ID: BC  Data: 00 00 00 AA 00 00 00 00 
"
"2016-11-21 14:44:41ID: BB  Data: 00 00 00 AA 00 00 00 00 
"
"2016-11-21 14:44:41ID: BC  Data: 00 00 00 AA 00 00 00 00 
"
"2016-11-21 14:44:41ID: BB  Data: 00 00 00 AA 00 00 00 00 
"
"2016-11-21 14:44:41ID: BC  Data: 00 00 00 AA 00 00 00 00 
"
"2016-11-21 14:44:41ID: BB  Data: 00 00 00 AA 00 00 00 00 
"
"2016-11-21 14:44:41ID: BC  Data: 00 00 00 AA 00 00 00 00 
"
"2016-11-21 14:44:42ID: BB  Data: 00 00 00 AA 00 00 00 00 
"
"2016-11-21 14:44:42ID: BC  Data: 00 00 00 AA 00 00 00 00 
"
"2016-11-21 14:44:42ID: BB  Data: 00 00 00 AA 00 00 00 00 
"
"2016-11-21 14:44:42ID: BC  Data: 00 00 00 AA 00 00 00 00 
"
"2016-11-21 14:44:42ID: BB  Data: 00 00 00 AA 00 00 00 00 
"
"2016-11-21 14:44:42ID: BC  Data: 00 00 00 AA 00 00 00 00 
"
"2016-11-21 14:44:42ID: BB  Data: 00 00 00 AA 00 00 00 00 
"
"2016-11-21 14:44:42ID: BC  Data: 00 00 00 AA 00 00 00 00 
"
"2016-11-21 14:44:42ID: BB  Data: 00 00 00 AA 00 00 00 00 
"
"2016-11-21 14:44:42ID: BC  Data: 00 00 00 AA 00 00 00 00 
"
"2016-11-21 14:44:42ID: BB  Data: 00 00 00 AA 00 00 00 00 
"
"2016-11-21 14:44:42ID: BC  Data: 00 00 00 AA 00 00 00 00 
"
"2016-11-21 14:44:42ID: BB  Data: 00 00 00 AA 00 00 00 00 
"
"2016-11-21 14:44:42ID: BC  Data: 00 00 00 AA 00 00 00 00 
"
"2016-11-21 14:44:42ID: BB  Data: 00 00 00 AA 00 00 00 00 
"
"2016-11-21 14:44:42ID: BC  Data: 00 00 00 AA 00 00 00 00 
"
"2016-11-21 14:44:42ID: BB  Data: 00 00 00 AA 00 00 00 00 
"
"2016-11-21 14:44:42ID: BC  Data: 00 00 00 AA 00 00 00 00 
"
"2016-11-21 14:44:42ID: BB  Data: 00 00 00 AA 00 00 00 00 
"
"2016-11-21 14:44:42ID: BC  Data: 00 00 00 AA 00 00 00 00 
"
"2016-11-21 14:44:42ID: BB  Data: 00 00 00 AA 00 00 00 00 
"
"2016-11-21 14:44:42ID: BC  Data: 00 00 00 AA 00 00 00 00 
"
"2016-11-21 14:44:42ID: BB  Data: 00 00 00 AA 00 00 00 00 
"
"2016-11-21 14:44:42ID: BC  Data: 00 00 00 AA 00 00 00 00 
"
"2016-11-21 14:44:43ID: BB  Data: 00 00 00 AA 00 00 00 00 
"
"2016-11-21 14:44:43ID: BC  Data: 00 00 00 AA 00 00 00 00 
"
"2016-11-21 14:44:43ID: BB  Data: 00 00 00 AA 00 00 00 00 
"
"2016-11-21 14:44:43ID: BC  Data: 00 00 00 AA 00 00 00 00 
"
"2016-11-21 14:44:43ID: BB  Data: 00 00 00 AA 00 00 00 00 
"
"2016-11-21 14:44:43ID: BC  Data: 00 00 00 AA 00 00 00 00 
"
"2016-11-21 14:44:43ID: BB  Data: 00 00 00 AA 00 00 00 00 
"
"2016-11-21 14:44:43ID: BC  Data: 00 00 00 AA 00 00 00 00 
"
"2016-11-21 14:44:43ID: BB  Data: 00 00 00 AA 00 00 00 00 
"
"2016-11-21 14:44:43ID: BC  Data: 00 00 00 AA 00 00 00 00 
"
"2016-11-21 14:44:43ID: BB  Data: 00 00 00 AA 00 00 00 00 
"
"2016-11-21 14:44:43ID: BC  Data: 00 00 00 AA 00 00 00 00 
"
"2016-11-21 14:44:43ID: BB  Data: 00 00 00 AA 00 00 00 00 
"
"2016-11-21 14:44:43ID: BC  Data: 00 00 00 AA 00 00 00 00 
"
"2016-11-21 14:44:43ID: BB  Data: 00 00 00 AA 00 00 00 00 
"
"2016-11-21 14:44:43ID: BC  Data: 00 00 00 AA 00 00 00 00 
"
"2016-11-21 14:44:43ID: BB  Data: 00 00 00 AA 00 00 00 00 
"
"2016-11-21 14:44:43ID: BC  Data: 00 00 00 AA 00 00 00 00 
"
"2016-11-21 14:44:43ID: BB  Data: 00 00 00 AA 00 00 00 00 
"
"2016-11-21 14:44:43ID: BC  Data: 00 00 00 AA 00 00 00 00 
"
"2016-11-21 14:44:43ID: BB  Data: 00 00 00 AA 00 00 00 00 
"
"2016-11-21 14:44:43ID: BC  Data: 00 00 00 AA 00 00 00 00 
"
"2016-11-21 14:44:44ID: BB  Data: 00 00 00 AA 00 00 00 00 
"
"2016-11-21 14:44:44ID: BC  Data: 00 00 00 AA 00 00 00 00 
"
"2016-11-21 14:44:44ID: BB  Data: 00 00 00 AA 00 00 00 00 
"
"2016-11-21 14:44:44ID: BC  Data: 00 00 00 AA 00 00 00 00 
"
"2016-11-21 14:44:44ID: BB  Data: 00 00 00 AA 00 00 00 00 
"
"2016-11-21 14:44:44ID: BC  Data: 00 00 00 AA 00 00 00 00 
"
"2016-11-21 14:44:44ID: BB  Data: 00 00 00 AA 00 00 00 00 
"
"2016-11-21 14:44:44ID: BC  Data: 00 00 00 AA 00 00 00 00 
"
"2016-11-21 14:44:44ID: BB  Data: 00 00 00 AA 00 00 00 00 
"
"2016-11-21 14:44:44ID: BC  Data: 00 00 00 AA 00 00 00 00 
"
"2016-11-21 14:44:44ID: BB  Data: 00 00 00 AA 00 00 00 00 
"
"2016-11-21 14:44:44ID: BC  Data: 00 00 00 AA 00 00 00 00 
"
"2016-11-21 14:44:44ID: BB  Data: 00 00 00 AA 00 00 00 00 
"
"2016-11-21 14:44:44ID: BC  Data: 00 00 00 AA 00 00 00 00 
"
"2016-11-21 14:44:44ID: BB  Data: 00 00 00 AA 00 00 00 00 
"
"2016-11-21 14:44:44ID: BC  Data: 00 00 00 AA 00 00 00 00 
"
"2016-11-21 14:44:44ID: BB  Data: 00 00 00 AA 00 00 00 00 
"
"2016-11-21 14:44:44ID: BC  Data: 00 00 00 AA 00 00 00 00 
"
"2016-11-21 14:44:44ID: AA  Data: AA AA 00 00 00 00 00 00 
"
"2016-11-21 14:44:44ID: BB  Data: 00 00 00 AA 00 00 00 00 
"
"2016-11-21 14:44:44ID: BC  Data: 00 00 00 AA 00 00 00 00 
"
"2016-11-21 14:44:44ID: BB  Data: 00 00 00 AA 00 00 00 00 
"
"2016-11-21 14:44:44ID: BC  Data: 00 00 00 AA 00 00 00 00 
"
"2016-11-21 14:44:45ID: BB  Data: 00 00 00 AA 00 00 00 00 
"
"2016-11-21 14:44:45ID: BC  Data: 00 00 00 AA 00 00 00 00 
"
"2016-11-21 14:44:45ID: BB  Data: 00 00 00 AA 00 00 00 00 
"
"2016-11-21 14:44:45ID: BC  Data: 00 00 00 AA 00 00 00 00 
"
"2016-11-21 14:44:45ID: BB  Data: 00 00 00 AA 00 00 00 00 
"
"2016-11-21 14:44:45ID: BC  Data: 00 00 00 AA 00 00 00 00 
"
"2016-11-21 14:44:45ID: AA  Data: AA CC 00 00 00 00 00 00 
"
"2016-11-21 14:44:45ID: BB  Data: 00 00 00 AA 00 00 00 00 
"
"2016-11-21 14:44:45ID: BC  Data: 00 00 00 AA 00 00 00 00 
"
"2016-11-21 14:44:45ID: BB  Data: 00 00 00 AA 00 00 00 00 
"
"2016-11-21 14:44:45ID: BC  Data: 00 00 00 AA 00 00 00 00 
"
"2016-11-21 14:44:45ID: BB  Data: 00 00 00 AA 00 00 00 00 
"
"2016-11-21 14:44:45ID: BC  Data: 00 00 00 AA 00 00 00 00 
"
"2016-11-21 14:44:45ID: BB  Data: 00 00 00 AA 00 00 00 00 
"
"2016-11-21 14:44:45ID: BC  Data: 00 00 00 AA 00 00 00 00 
"
"2016-11-21 14:44:45ID: BB  Data: 00 00 00 AA 00 00 00 00 
"
"2016-11-21 14:44:45ID: BC  Data: 00 00 00 AA 00 00 00 00 
"
"2016-11-21 14:44:45ID: BB  Data: 00 00 00 AA 00 00 00 00 
"
"2016-11-21 14:44:45ID: BC  Data: 00 00 00 AA 00 00 00 00 
"
"2016-11-21 14:44:45ID: BB  Data: 00 00 00 AA 00 00 00 00 
"
"2016-11-21 14:44:45ID: BC  Data: 00 00 00 AA 00 00 00 00 
"
"2016-11-21 14:44:45ID: BB  Data: 00 00 00 AA 00 00 00 00 
"
"2016-11-21 14:44:45ID: BC  Data: 00 00 00 AA 00 00 00 00 
"
"2016-11-21 14:44:45ID: BB  Data: 00 00 00 AA 00 00 00 00 
"
"2016-11-21 14:44:45ID: BC  Data: 00 00 00 AA 00 00 00 00 
"
"2016-11-21 14:44:46ID: BB  Data: 00 00 00 AA 00 00 00 00 
"
"2016-11-21 14:44:46ID: BC  Data: 00 00 00 AA 00 00 00 00 
"
"2016-11-21 14:44:46ID: BB  Data: 00 00 00 AA 00 00 00 00 
"
"2016-11-21 14:44:46ID: BC  Data: 00 00 00 AA 00 00 00 00 
"
"2016-11-21 14:44:46ID: BB  Data: 00 00 00 AA 00 00 00 00 
"
"2016-11-21 14:44:46ID: BC  Data: 00 00 00 AA 00 00 00 00 
"
"2016-11-21 14:44:46ID: BB  Data: 00 00 00 AA 00 00 00 00 
"
"2016-11-21 14:44:46ID: BC  Data: 00 00 00 AA 00 00 00 00 
"
"2016-11-21 14:44:46ID: BB  Data: 00 00 00 AA 00 00 00 00 
"
"2016-11-21 14:44:46ID: BC  Data: 00 00 00 AA 00 00 00 00 
"
"2016-11-21 14:44:46ID: BB  Data: 00 00 00 AA 00 00 00 00 
"
"2016-11-21 14:44:46ID: BC  Data: 00 00 00 AA 00 00 00 00 
"
"2016-11-21 14:44:46ID: BB  Data: 00 00 00 AA 00 00 00 00 
"
"2016-11-21 14:44:46ID: BC  Data: 00 00 00 AA 00 00 00 00 
"
"2016-11-21 14:44:46ID: BB  Data: 00 00 00 AA 00 00 00 00 
"
"2016-11-21 14:44:46ID: BC  Data: 00 00 00 AA 00 00 00 00 
"
"2016-11-21 14:44:46ID: BB  Data: 00 00 00 AA 00 00 00 00 
"
"2016-11-21 14:44:46ID: BC  Data: 00 00 00 AA 00 00 00 00 
"
"2016-11-21 14:44:46ID: BB  Data: 00 00 00 AA 00 00 00 00 
"
"2016-11-21 14:44:46ID: BC  Data: 00 00 00 AA 00 00 00 00 
"
"2016-11-21 14:44:46ID: BB  Data: 00 00 00 AA 00 00 00 00 
"
"2016-11-21 14:44:46ID: BC  Data: 00 00 00 AA 00 00 00 00 
"
"2016-11-21 14:44:47ID: BB  Data: 00 00 00 AA 00 00 00 00 
"
"2016-11-21 14:44:47ID: BC  Data: 00 00 00 AA 00 00 00 00 
"
"2016-11-21 14:44:47ID: BB  Data: 00 00 00 AA 00 00 00 00 
"
"2016-11-21 14:44:47ID: BC  Data: 00 00 00 AA 00 00 00 00 
"
"2016-11-21 14:44:47ID: BB  Data: 00 00 00 AA 00 00 00 00 
"
"2016-11-21 14:44:47ID: BC  Data: 00 00 00 AA 00 00 00 00 
"
"2016-11-21 14:44:47ID: BB  Data: 00 00 00 AA 00 00 00 00 
"
"2016-11-21 14:44:47ID: BC  Data: 00 00 00 AA 00 00 00 00 
"
"2016-11-21 14:44:47ID: BB  Data: 00 00 00 AA 00 00 00 00 
"
"2016-11-21 14:44:47ID: BC  Data: 00 00 00 AA 00 00 00 00 
"
"2016-11-21 14:44:47ID: BB  Data: 00 00 00 AA 00 00 00 00 
"
"2016-11-21 14:44:47ID: BC  Data: 00 00 00 AA 00 00 00 00 
"
"2016-11-21 14:44:47ID: BB  Data: 00 00 00 AA 00 00 00 00 
"
"2016-11-21 14:44:47ID: BC  Data: 00 00 00 AA 00 00 00 00 
"
"2016-11-21 14:44:47ID: BB  Data: 00 00 00 AA 00 00 00 00 
"
"2016-11-21 14:44:47ID: BC  Data: 00 00 00 AA 00 00 00 00 
"
"2016-11-21 14:44:47ID: BB  Data: 00 00 00 AA 00 00 00 00 
"
"2016-11-21 14:44:47ID: BC  Data: 00 00 00 AA 00 00 00 00 
"
"2016-11-21 14:44:47ID: BB  Data: 00 00 00 AA 00 00 00 00 
"
"2016-11-21 14:44:47ID: BC  Data: 00 00 00 AA 00 00 00 00 
"
"2016-11-21 14:44:47ID: BB  Data: 00 00 00 AA 00 00 00 00 
"
"2016-11-21 14:44:47ID: BC  Data: 00 00 00 AA 00 00 00 00 
"
"2016-11-21 14:44:47ID: BB  Data: 00 00 00 AA 00 00 00 00 
"
"2016-11-21 14:44:48ID: BC  Data: 00 00 00 AA 00 00 00 00 
"
"2016-11-21 14:44:48ID: BB  Data: 00 00 00 AA 00 00 00 00 
"
"2016-11-21 14:44:48ID: BC  Data: 00 00 00 AA 00 00 00 00 
"
"2016-11-21 14:44:48ID: BB  Data: 00 00 00 AA 00 00 00 00 
"
"2016-11-21 14:44:48ID: BC  Data: 00 00 00 AA 00 00 00 00 
"
"2016-11-21 14:44:48ID: BB  Data: 00 00 00 AA 00 00 00 00 
"
"2016-11-21 14:44:48ID: BC  Data: 00 00 00 AA 00 00 00 00 
"
"2016-11-21 14:44:48ID: BB  Data: 00 00 00 AA 00 00 00 00 
"
"2016-11-21 14:44:48ID: BC  Data: 00 00 00 AA 00 00 00 00 
"
"2016-11-21 14:44:48ID: BB  Data: 00 00 00 AA 00 00 00 00 
"
"2016-11-21 14:44:48ID: BC  Data: 00 00 00 AA 00 00 00 00 
"
"2016-11-21 14:44:48ID: BB  Data: 00 00 00 AA 00 00 00 00 
"
"2016-11-21 14:44:48ID: BC  Data: 00 00 00 AA 00 00 00 00 
"
"2016-11-21 14:44:48ID: BB  Data: 00 00 00 AA 00 00 00 00 
"
"2016-11-21 14:44:48ID: BC  Data: 00 00 00 AA 00 00 00 00 
"
"2016-11-21 14:44:48ID: BB  Data: 00 00 00 AA 00 00 00 00 
"
"2016-11-21 14:44:48ID: BC  Data: 00 00 00 AA 00 00 00 00 
"
"2016-11-21 14:44:48ID: BB  Data: 00 00 00 AA 00 00 00 00 
"
"2016-11-21 14:44:48ID: BC  Data: 00 00 00 AA 00 00 00 00 
"
"2016-11-21 14:44:48ID: BB  Data: 00 00 00 AA 00 00 00 00 
"
"2016-11-21 14:44:48ID: BC  Data: 00 00 00 AA 00 00 00 00 
"
"2016-11-21 14:44:48ID: BB  Data: 00 00 00 AA 00 00 00 00 
"
"2016-11-21 14:44:48ID: BC  Data: 00 00 00 AA 00 00 00 00 
"
"2016-11-21 14:44:49ID: BB  Data: 00 00 00 AA 00 00 00 00 
"
"2016-11-21 14:44:49ID: BC  Data: 00 00 00 AA 00 00 00 00 
"
"2016-11-21 14:44:49ID: BB  Data: 00 00 00 AA 00 00 00 00 
"
"2016-11-21 14:44:49ID: BC  Data: 00 00 00 AA 00 00 00 00 
"
"2016-11-21 14:44:49ID: BB  Data: 00 00 00 AA 00 00 00 00 
"
"2016-11-21 14:44:49ID: BC  Data: 00 00 00 AA 00 00 00 00 
"
"2016-11-21 14:44:49ID: BB  Data: 00 00 00 AA 00 00 00 00 
"
"2016-11-21 14:44:49ID: BC  Data: 00 00 00 AA 00 00 00 00 
"
"2016-11-21 14:44:49ID: BB  Data: 00 00 00 AA 00 00 00 00 
"
"2016-11-21 14:44:49ID: BC  Data: 00 00 00 AA 00 00 00 00 
"
"2016-11-21 14:44:49ID: BB  Data: 00 00 00 AA 00 00 00 00 
"
"2016-11-21 14:44:49ID: BC  Data: 00 00 00 AA 00 00 00 00 
"
"2016-11-21 14:44:49ID: BB  Data: 00 00 00 AA 00 00 00 00 
"
"2016-11-21 14:44:49ID: BC  Data: 00 00 00 AA 00 00 00 00 
"
"2016-11-21 14:44:49ID: BB  Data: 00 00 00 AA 00 00 00 00 
"
"2016-11-21 14:44:49ID: BC  Data: 00 00 00 AA 00 00 00 00 
"
"2016-11-21 14:44:49ID: BB  Data: 00 00 00 AA 00 00 00 00 
"
"2016-11-21 14:44:49ID: BC  Data: 00 00 00 AA 00 00 00 00 
"
"2016-11-21 14:44:49ID: BB  Data: 00 00 00 AA 00 00 00 00 
"
"2016-11-21 14:44:49ID: BC  Data: 00 00 00 AA 00 00 00 00 
"
"2016-11-21 14:44:49ID: BB  Data: 00 00 00 AA 00 00 00 00 
"
"2016-11-21 14:44:49ID: BC  Data: 00 00 00 AA 00 00 00 00 
"
"2016-11-21 14:44:50ID: BB  Data: 00 00 00 AA 00 00 00 00 
"
"2016-11-21 14:44:50ID: BC  Data: 00 00 00 AA 00 00 00 00 
"
"2016-11-21 14:44:50ID: BB  Data: 00 00 00 AA 00 00 00 00 
"
"2016-11-21 14:44:50ID: BC  Data: 00 00 00 AA 00 00 00 00 
"
"2016-11-21 14:44:50ID: BB  Data: 00 00 00 AA 00 00 00 00 
"
"2016-11-21 14:44:50ID: BC  Data: 00 00 00 AA 00 00 00 00 
"
"2016-11-21 14:44:50ID: BB  Data: 00 00 00 AA 00 00 00 00 
"
"2016-11-21 14:44:50ID: BC  Data: 00 00 00 AA 00 00 00 00 
"
"2016-11-21 14:44:50ID: BB  Data: 00 00 00 AA 00 00 00 00 
"
"2016-11-21 14:44:50ID: BC  Data: 00 00 00 AA 00 00 00 00 
"
"2016-11-21 14:44:50ID: BB  Data: 00 00 00 AA 00 00 00 00 
"
"2016-11-21 14:44:50ID: BC  Data: 00 00 00 AA 00 00 00 00 
"
"2016-11-21 14:44:50ID: BB  Data: 00 00 00 AA 00 00 00 00 
"
"2016-11-21 14:44:50ID: BC  Data: 00 00 00 AA 00 00 00 00 
"
"2016-11-21 14:44:50ID: BB  Data: 00 00 00 AA 00 00 00 00 
"
"2016-11-21 14:44:50ID: BC  Data: 00 00 00 AA 00 00 00 00 
"
"2016-11-21 14:44:50ID: BB  Data: 00 00 00 AA 00 00 00 00 
"
"2016-11-21 14:44:50ID: BC  Data: 00 00 00 AA 00 00 00 00 
"
"2016-11-21 14:44:50ID: BB  Data: 00 00 00 AA 00 00 00 00 
"
"2016-11-21 14:44:50ID: BC  Data: 00 00 00 AA 00 00 00 00 
"
"2016-11-21 14:44:50ID: BB  Data: 00 00 00 AA 00 00 00 00 
"
"2016-11-21 14:44:50ID: BC  Data: 00 00 00 AA 00 00 00 00 
"
"2016-11-21 14:44:50ID: BB  Data: 00 00 00 AA 00 00 00 00 
"
"2016-11-21 14:44:50ID: BC  Data: 00 00 00 AA 00 00 00 00 
"
"2016-11-21 14:44:51ID: BB  Data: 00 00 00 AA 00 00 00 00 
"
"2016-11-21 14:44:51ID: BC  Data: 00 00 00 AA 00 00 00 00 
"
"2016-11-21 14:44:51ID: BB  Data: 00 00 00 AA 00 00 00 00 
"
"2016-11-21 14:44:51ID: BC  Data: 00 00 00 AA 00 00 00 00 
"
"2016-11-21 14:44:51ID: BB  Data: 00 00 00 AA 00 00 00 00 
"
"2016-11-21 14:44:51ID: BC  Data: 00 00 00 AA 00 00 00 00 
"
"2016-11-21 14:44:51ID: BB  Data: 00 00 00 AA 00 00 00 00 
"
"2016-11-21 14:44:51ID: BC  Data: 00 00 00 AA 00 00 00 00 
"
"2016-11-21 14:44:51ID: BB  Data: 00 00 00 AA 00 00 00 00 
"
"2016-11-21 14:44:51ID: BC  Data: 00 00 00 AA 00 00 00 00 
"
"2016-11-21 14:44:51ID: BB  Data: 00 00 00 AA 00 00 00 00 
"
"2016-11-21 14:44:51ID: BC  Data: 00 00 00 AA 00 00 00 00 
"
"2016-11-21 14:44:51ID: BB  Data: 00 00 00 AA 00 00 00 00 
"
"2016-11-21 14:44:51ID: BC  Data: 00 00 00 AA 00 00 00 00 
"
"2016-11-21 14:44:51ID: BB  Data: 00 00 00 AA 00 00 00 00 
"
"2016-11-21 14:44:51ID: BC  Data: 00 00 00 AA 00 00 00 00 
"
"2016-11-21 14:44:51ID: BB  Data: 00 00 00 AA 00 00 00 00 
"
"2016-11-21 14:44:51ID: BC  Data: 00 00 00 AA 00 00 00 00 
"
"2016-11-21 14:44:51ID: BB  Data: 00 00 00 AA 00 00 00 00 
"
"2016-11-21 14:44:51ID: BC  Data: 00 00 00 AA 00 00 00 00 
"
"2016-11-21 14:44:51ID: BB  Data: 00 00 00 AA 00 00 00 00 
"
"2016-11-21 14:44:51ID: BC  Data: 00 00 00 AA 00 00 00 00 
"
"2016-11-21 14:44:52ID: BB  Data: 00 00 00 AA 00 00 00 00 
"
"2016-11-21 14:44:52ID: BC  Data: 00 00 00 AA 00 00 00 00 
"
"2016-11-21 14:44:52ID: BB  Data: 00 00 00 AA 00 00 00 00 
"
"2016-11-21 14:44:52ID: BC  Data: 00 00 00 AA 00 00 00 00 
"
"2016-11-21 14:44:52ID: BB  Data: 00 00 00 AA 00 00 00 00 
"
"2016-11-21 14:44:52ID: BC  Data: 00 00 00 AA 00 00 00 00 
"
"2016-11-21 14:44:52ID: BB  Data: 00 00 00 AA 00 00 00 00 
"
"2016-11-21 14:44:52ID: BC  Data: 00 00 00 AA 00 00 00 00 
"
"2016-11-21 14:44:52ID: BB  Data: 00 00 00 AA 00 00 00 00 
"
"2016-11-21 14:44:52ID: BC  Data: 00 00 00 AA 00 00 00 00 
"
"2016-11-21 14:44:52ID: BB  Data: 00 00 00 AA 00 00 00 00 
"
"2016-11-21 14:44:52ID: BC  Data: 00 00 00 AA 00 00 00 00 
"
"2016-11-21 14:44:52ID: BB  Data: 00 00 00 AA 00 00 00 00 
"
"2016-11-21 14:44:52ID: BC  Data: 00 00 00 AA 00 00 00 00 
"
"2016-11-21 14:44:52ID: BB  Data: 00 00 00 AA 00 00 00 00 
"
"2016-11-21 14:44:52ID: BC  Data: 00 00 00 AA 00 00 00 00 
"
"2016-11-21 14:44:52ID: BB  Data: 00 00 00 AA 00 00 00 00 
"
"2016-11-21 14:44:52ID: BC  Data: 00 00 00 AA 00 00 00 00 
"
"2016-11-21 14:44:52ID: BB  Data: 00 00 00 AA 00 00 00 00 
"
"2016-11-21 14:44:52ID: BC  Data: 00 00 00 AA 00 00 00 00 
"
"2016-11-21 14:44:52ID: BB  Data: 00 00 00 AA 00 00 00 00 
"
"2016-11-21 14:44:52ID: BC  Data: 00 00 00 AA 00 00 00 00 
"
"2016-11-21 14:44:53ID: BB  Data: 00 00 00 AA 00 00 00 00 
"
"2016-11-21 14:44:53ID: BC  Data: 00 00 00 AA 00 00 00 00 
"
"2016-11-21 14:44:53ID: BB  Data: 00 00 00 AA 00 00 00 00 
"
"2016-11-21 14:44:53ID: BC  Data: 00 00 00 AA 00 00 00 00 
"
"2016-11-21 14:44:53ID: BB  Data: 00 00 00 AA 00 00 00 00 
"
"2016-11-21 14:44:53ID: BC  Data: 00 00 00 AA 00 00 00 00 
"
"2016-11-21 14:44:53ID: BB  Data: 00 00 00 AA 00 00 00 00 
"
"2016-11-21 14:44:53ID: BC  Data: 00 00 00 AA 00 00 00 00 
"
"2016-11-21 14:44:53ID: BB  Data: 00 00 00 AA 00 00 00 00 
"
"2016-11-21 14:44:53ID: BC  Data: 00 00 00 AA 00 00 00 00 
"
"2016-11-21 14:44:53ID: BB  Data: 00 00 00 AA 00 00 00 00 
"
"2016-11-21 14:44:53ID: BC  Data: 00 00 00 AA 00 00 00 00 
"
"2016-11-21 14:44:53ID: BB  Data: 00 00 00 AA 00 00 00 00 
"
"2016-11-21 14:44:53ID: BC  Data: 00 00 00 AA 00 00 00 00 
"
"2016-11-21 14:44:53ID: BB  Data: 00 00 00 AA 00 00 00 00 
"
"2016-11-21 14:44:53ID: BC  Data: 00 00 00 AA 00 00 00 00 
"
"2016-11-21 14:44:53ID: BB  Data: 00 00 00 AA 00 00 00 00 
"
"2016-11-21 14:44:53ID: BC  Data: 00 00 00 AA 00 00 00 00 
"
"2016-11-21 14:44:53ID: BB  Data: 00 00 00 AA 00 00 00 00 
"
"2016-11-21 14:44:53ID: BC  Data: 00 00 00 AA 00 00 00 00 
"
"2016-11-21 14:44:53ID: BB  Data: 00 00 00 AA 00 00 00 00 
"
"2016-11-21 14:44:53ID: BC  Data: 00 00 00 AA 00 00 00 00 
"
"2016-11-21 14:44:53ID: BB  Data: 00 00 00 AA 00 00 00 00 
"
"2016-11-21 14:44:53ID: BC  Data: 00 00 00 AA 00 00 00 00 
"
"2016-11-21 14:44:54ID: BB  Data: 00 00 00 AA 00 00 00 00 
"
"2016-11-21 14:44:54ID: BC  Data: 00 00 00 AA 00 00 00 00 
"
"2016-11-21 14:44:54ID: BB  Data: 00 00 00 AA 00 00 00 00 
"
"2016-11-21 14:44:54ID: BC  Data: 00 00 00 AA 00 00 00 00 
"
"2016-11-21 14:44:54ID: BB  Data: 00 00 00 AA 00 00 00 00 
"
"2016-11-21 14:44:54ID: BC  Data: 00 00 00 AA 00 00 00 00 
"
"2016-11-21 14:44:54ID: BB  Data: 00 00 00 AA 00 00 00 00 
"
"2016-11-21 14:44:54ID: BC  Data: 00 00 00 AA 00 00 00 00 
"
"2016-11-21 14:44:54ID: BB  Data: 00 00 00 AA 00 00 00 00 
"
"2016-11-21 14:44:54ID: BC  Data: 00 00 00 AA 00 00 00 00 
"
"2016-11-21 14:44:54ID: BB  Data: 00 00 00 AA 00 00 00 00 
"
"2016-11-21 14:44:54ID: BC  Data: 00 00 00 AA 00 00 00 00 
"
"2016-11-21 14:44:54ID: BB  Data: 00 00 00 AA 00 00 00 00 
"
"2016-11-21 14:44:54ID: BC  Data: 00 00 00 AA 00 00 00 00 
"
"2016-11-21 14:44:54ID: BB  Data: 00 00 00 AA 00 00 00 00 
"
"2016-11-21 14:44:54ID: BC  Data: 00 00 00 AA 00 00 00 00 
"
"2016-11-21 14:44:54ID: BB  Data: 00 00 00 AA 00 00 00 00 
"
"2016-11-21 14:44:54ID: BC  Data: 00 00 00 AA 00 00 00 00 
"
"2016-11-21 14:44:54ID: BB  Data: 00 00 00 AA 00 00 00 00 
"
"2016-11-21 14:44:54ID: BC  Data: 00 00 00 AA 00 00 00 00 
"
"2016-11-21 14:44:54ID: BB  Data: 00 00 00 AA 00 00 00 00 
"
"2016-11-21 14:44:54ID: BC  Data: 00 00 00 AA 00 00 00 00 
"
"2016-11-21 14:44:55ID: BB  Data: 00 00 00 AA 00 00 00 00 
"
"2016-11-21 14:44:55ID: BC  Data: 00 00 00 AA 00 00 00 00 
"
"2016-11-21 14:44:55ID: BB  Data: 00 00 00 AA 00 00 00 00 
"
"2016-11-21 14:44:55ID: BC  Data: 00 00 00 AA 00 00 00 00 
"
"2016-11-21 14:44:55ID: BB  Data: 00 00 00 AA 00 00 00 00 
"
"2016-11-21 14:44:55ID: BC  Data: 00 00 00 AA 00 00 00 00 
"
"2016-11-21 14:44:55ID: BB  Data: 00 00 00 AA 00 00 00 00 
"
"2016-11-21 14:44:55ID: BC  Data: 00 00 00 AA 00 00 00 00 
"
"2016-11-21 14:44:55ID: BB  Data: 00 00 00 AA 00 00 00 00 
"
"2016-11-21 14:44:55ID: BC  Data: 00 00 00 AA 00 00 00 00 
"
"2016-11-21 14:44:55ID: BB  Data: 00 00 00 AA 00 00 00 00 
"
"2016-11-21 14:44:55ID: BC  Data: 00 00 00 AA 00 00 00 00 
"
"2016-11-21 14:44:55ID: BB  Data: 00 00 00 AA 00 00 00 00 
"
"2016-11-21 14:44:55ID: BC  Data: 00 00 00 AA 00 00 00 00 
"
"2016-11-21 14:44:55ID: BB  Data: 00 00 00 AA 00 00 00 00 
"
"2016-11-21 14:44:55ID: BC  Data: 00 00 00 AA 00 00 00 00 
"
"2016-11-21 14:44:55ID: BB  Data: 00 00 00 AA 00 00 00 00 
"
"2016-11-21 14:44:55ID: BC  Data: 00 00 00 AA 00 00 00 00 
"
"2016-11-21 14:44:55ID: BB  Data: 00 00 00 AA 00 00 00 00 
"
"2016-11-21 14:44:55ID: BC  Data: 00 00 00 AA 00 00 00 00 
"
"2016-11-21 14:44:55ID: BB  Data: 00 00 00 AA 00 00 00 00 
"
"2016-11-21 14:44:55ID: BC  Data: 00 00 00 AA 00 00 00 00 
"
"2016-11-21 14:44:55ID: BB  Data: 00 00 00 AA 00 00 00 00 
"
"2016-11-21 14:44:56ID: BC  Data: 00 00 00 AA 00 00 00 00 
"
"2016-11-21 14:44:56ID: BB  Data: 00 00 00 AA 00 00 00 00 
"
"2016-11-21 14:44:56ID: BC  Data: 00 00 00 AA 00 00 00 00 
"
"2016-11-21 14:44:56ID: BB  Data: 00 00 00 AA 00 00 00 00 
"
"2016-11-21 14:44:56ID: BC  Data: 00 00 00 AA 00 00 00 00 
"
"2016-11-21 14:44:56ID: BB  Data: 00 00 00 AA 00 00 00 00 
"
"2016-11-21 14:44:56ID: BC  Data: 00 00 00 AA 00 00 00 00 
"
"2016-11-21 14:44:56ID: BB  Data: 00 00 00 AA 00 00 00 00 
"
"2016-11-21 14:44:56ID: BC  Data: 00 00 00 AA 00 00 00 00 
"
"2016-11-21 14:44:56ID: BB  Data: 00 00 00 AA 00 00 00 00 
"
"2016-11-21 14:44:56ID: BC  Data: 00 00 00 AA 00 00 00 00 
"
"2016-11-21 14:44:56ID: BB  Data: 00 00 00 AA 00 00 00 00 
"
"2016-11-21 14:44:56ID: BC  Data: 00 00 00 AA 00 00 00 00 
"
"2016-11-21 14:44:56ID: BB  Data: 00 00 00 AA 00 00 00 00 
"
"2016-11-21 14:44:56ID: BC  Data: 00 00 00 AA 00 00 00 00 
"
"2016-11-21 14:44:56ID: BB  Data: 00 00 00 AA 00 00 00 00 
"
"2016-11-21 14:44:56ID: BC  Data: 00 00 00 AA 00 00 00 00 
"
"2016-11-21 14:44:56ID: BB  Data: 00 00 00 AA 00 00 00 00 
"
"2016-11-21 14:44:56ID: BC  Data: 00 00 00 AA 00 00 00 00 
"
"2016-11-21 14:44:56ID: BB  Data: 00 00 00 AA 00 00 00 00 
"
"2016-11-21 14:44:56ID: BC  Data: 00 00 00 AA 00 00 00 00 
"
"2016-11-21 14:44:56ID: BB  Data: 00 00 00 AA 00 00 00 00 
"
"2016-11-21 14:44:56ID: BC  Data: 00 00 00 AA 00 00 00 00 
"
"2016-11-21 14:44:57ID: BB  Data: 00 00 00 AA 00 00 00 00 
"
"2016-11-21 14:44:57ID: BC  Data: 00 00 00 AA 00 00 00 00 
"
"2016-11-21 14:44:57ID: BB  Data: 00 00 00 AA 00 00 00 00 
"
"2016-11-21 14:44:57ID: BC  Data: 00 00 00 AA 00 00 00 00 
"
"2016-11-21 14:44:57ID: BB  Data: 00 00 00 AA 00 00 00 00 
"
"2016-11-21 14:44:57ID: BC  Data: 00 00 00 AA 00 00 00 00 
"
"2016-11-21 14:44:57ID: BB  Data: 00 00 00 AA 00 00 00 00 
"
"2016-11-21 14:44:57ID: BC  Data: 00 00 00 AA 00 00 00 00 
"
"2016-11-21 14:44:57ID: BB  Data: 00 00 00 AA 00 00 00 00 
"
"2016-11-21 14:44:57ID: BC  Data: 00 00 00 AA 00 00 00 00 
"
"2016-11-21 14:44:57ID: BB  Data: 00 00 00 AA 00 00 00 00 
"
"2016-11-21 14:44:57ID: BC  Data: 00 00 00 AA 00 00 00 00 
"
"2016-11-21 14:44:57ID: BB  Data: 00 00 00 AA 00 00 00 00 
"
"2016-11-21 14:44:57ID: BC  Data: 00 00 00 AA 00 00 00 00 
"
"2016-11-21 14:44:57ID: BB  Data: 00 00 00 AA 00 00 00 00 
"
"2016-11-21 14:44:57ID: BC  Data: 00 00 00 AA 00 00 00 00 
"
"2016-11-21 14:44:57ID: BB  Data: 00 00 00 AA 00 00 00 00 
"
"2016-11-21 14:44:57ID: BC  Data: 00 00 00 AA 00 00 00 00 
"
"2016-11-21 14:44:57ID: BB  Data: 00 00 00 AA 00 00 00 00 
"
"2016-11-21 14:44:57ID: BC  Data: 00 00 00 AA 00 00 00 00 
"
"2016-11-21 14:44:57ID: BB  Data: 00 00 00 AA 00 00 00 00 
"
"2016-11-21 14:44:57ID: BC  Data: 00 00 00 AA 00 00 00 00 
"
"2016-11-21 14:44:58ID: BB  Data: 00 00 00 AA 00 00 00 00 
"
"2016-11-21 14:44:58ID: BC  Data: 00 00 00 AA 00 00 00 00 
"
"2016-11-21 14:44:58ID: BB  Data: 00 00 00 AA 00 00 00 00 
"
"2016-11-21 14:44:58ID: BC  Data: 00 00 00 AA 00 00 00 00 
"
"2016-11-21 14:44:58ID: BB  Data: 00 00 00 AA 00 00 00 00 
"
"2016-11-21 14:44:58ID: BC  Data: 00 00 00 AA 00 00 00 00 
"
"2016-11-21 14:44:58ID: BB  Data: 00 00 00 AA 00 00 00 00 
"
"2016-11-21 14:44:58ID: BC  Data: 00 00 00 AA 00 00 00 00 
"
"2016-11-21 14:44:58ID: BB  Data: 00 00 00 AA 00 00 00 00 
"
"2016-11-21 14:44:58ID: BC  Data: 00 00 00 AA 00 00 00 00 
"
"2016-11-21 14:44:58ID: BB  Data: 00 00 00 AA 00 00 00 00 
"
"2016-11-21 14:44:58ID: BC  Data: 00 00 00 AA 00 00 00 00 
"
"2016-11-21 14:44:58ID: BB  Data: 00 00 00 AA 00 00 00 00 
"
"2016-11-21 14:44:58ID: BC  Data: 00 00 00 AA 00 00 00 00 
"
"2016-11-21 14:44:58ID: BB  Data: 00 00 00 AA 00 00 00 00 
"
"2016-11-21 14:44:58ID: BC  Data: 00 00 00 AA 00 00 00 00 
"
"2016-11-21 14:44:58ID: BB  Data: 00 00 00 AA 00 00 00 00 
"
"2016-11-21 14:44:58ID: BC  Data: 00 00 00 AA 00 00 00 00 
"
"2016-11-21 14:44:58ID: BB  Data: 00 00 00 AA 00 00 00 00 
"
"2016-11-21 14:44:58ID: BC  Data: 00 00 00 AA 00 00 00 00 
"
"2016-11-21 14:44:58ID: BB  Data: 00 00 00 AA 00 00 00 00 
"
"2016-11-21 14:44:58ID: BC  Data: 00 00 00 AA 00 00 00 00 
"
"2016-11-21 14:44:58ID: BB  Data: 00 00 00 AA 00 00 00 00 
"
"2016-11-21 14:44:58ID: BC  Data: 00 00 00 AA 00 00 00 00 
"
"2016-11-21 14:44:59ID: BB  Data: 00 00 00 AA 00 00 00 00 
"
"2016-11-21 14:44:59ID: BC  Data: 00 00 00 AA 00 00 00 00 
"
"2016-11-21 14:44:59ID: BB  Data: 00 00 00 AA 00 00 00 00 
"
"2016-11-21 14:44:59ID: BC  Data: 00 00 00 AA 00 00 00 00 
"
"2016-11-21 14:44:59ID: BB  Data: 00 00 00 AA 00 00 00 00 
"
"2016-11-21 14:44:59ID: BC  Data: 00 00 00 AA 00 00 00 00 
"
"2016-11-21 14:44:59ID: BB  Data: 00 00 00 AA 00 00 00 00 
"
"2016-11-21 14:44:59ID: BC  Data: 00 00 00 AA 00 00 00 00 
"
"2016-11-21 14:44:59ID: BB  Data: 00 00 00 AA 00 00 00 00 
"
"2016-11-21 14:44:59ID: BC  Data: 00 00 00 AA 00 00 00 00 
"
"2016-11-21 14:44:59ID: BB  Data: 00 00 00 AA 00 00 00 00 
"
"2016-11-21 14:44:59ID: BC  Data: 00 00 00 AA 00 00 00 00 
"
"2016-11-21 14:44:59ID: BB  Data: 00 00 00 AA 00 00 00 00 
"
"2016-11-21 14:44:59ID: BC  Data: 00 00 00 AA 00 00 00 00 
"
"2016-11-21 14:44:59ID: BB  Data: 00 00 00 AA 00 00 00 00 
"
"2016-11-21 14:44:59ID: BC  Data: 00 00 00 AA 00 00 00 00 
"
"2016-11-21 14:44:59ID: BB  Data: 00 00 00 AA 00 00 00 00 
"
"2016-11-21 14:44:59ID: BC  Data: 00 00 00 AA 00 00 00 00 
"
"2016-11-21 14:44:59ID: BB  Data: 00 00 00 AA 00 00 00 00 
"
"2016-11-21 14:44:59ID: BC  Data: 00 00 00 AA 00 00 00 00 
"
"2016-11-21 14:44:59ID: BB  Data: 00 00 00 AA 00 00 00 00 
"
"2016-11-21 14:44:59ID: BC  Data: 00 00 00 AA 00 00 00 00 
"
"2016-11-21 14:45:00ID: BB  Data: 00 00 00 AA 00 00 00 00 
"
"2016-11-21 14:45:00ID: BC  Data: 00 00 00 AA 00 00 00 00 
"
"2016-11-21 14:45:00ID: BB  Data: 00 00 00 AA 00 00 00 00 
"
"2016-11-21 14:45:00ID: BC  Data: 00 00 00 AA 00 00 00 00 
"
"2016-11-21 14:45:00ID: BB  Data: 00 00 00 AA 00 00 00 00 
"
"2016-11-21 14:45:00ID: BC  Data: 00 00 00 AA 00 00 00 00 
"
"2016-11-21 14:45:00ID: BB  Data: 00 00 00 AA 00 00 00 00 
"
"2016-11-21 14:45:00ID: BC  Data: 00 00 00 AA 00 00 00 00 
"
"2016-11-21 14:45:00ID: BB  Data: 00 00 00 AA 00 00 00 00 
"
"2016-11-21 14:45:00ID: BC  Data: 00 00 00 AA 00 00 00 00 
"
"2016-11-21 14:45:00ID: BB  Data: 00 00 00 AA 00 00 00 00 
"
"2016-11-21 14:45:00ID: BC  Data: 00 00 00 AA 00 00 00 00 
"
"2016-11-21 14:45:00ID: BB  Data: 00 00 00 AA 00 00 00 00 
"
"2016-11-21 14:45:00ID: BC  Data: 00 00 00 AA 00 00 00 00 
"
"2016-11-21 14:45:00ID: BB  Data: 00 00 00 AA 00 00 00 00 
"
"2016-11-21 14:45:00ID: BC  Data: 00 00 00 AA 00 00 00 00 
"
"2016-11-21 14:45:00ID: BB  Data: 00 00 00 AA 00 00 00 00 
"
"2016-11-21 14:45:00ID: BC  Data: 00 00 00 AA 00 00 00 00 
"
"2016-11-21 14:45:00ID: BB  Data: 00 00 00 AA 00 00 00 00 
"
"2016-11-21 14:45:00ID: BC  Data: 00 00 00 AA 00 00 00 00 
"
"2016-11-21 14:45:00ID: BB  Data: 00 00 00 AA 00 00 00 00 
"
"2016-11-21 14:45:00ID: BC  Data: 00 00 00 AA 00 00 00 00 
"
"2016-11-21 14:45:01ID: BB  Data: 00 00 00 AA 00 00 00 00 
"
"2016-11-21 14:45:01ID: BC  Data: 00 00 00 AA 00 00 00 00 
"
"2016-11-21 14:45:01ID: BB  Data: 00 00 00 AA 00 00 00 00 
"
"2016-11-21 14:45:01ID: BC  Data: 00 00 00 AA 00 00 00 00 
"
"2016-11-21 14:45:01ID: BB  Data: 00 00 00 AA 00 00 00 00 
"
"2016-11-21 14:45:01ID: BC  Data: 00 00 00 AA 00 00 00 00 
"
"2016-11-21 14:45:01ID: BB  Data: 00 00 00 AA 00 00 00 00 
"
"2016-11-21 14:45:01ID: BC  Data: 00 00 00 AA 00 00 00 00 
"
"2016-11-21 14:45:01ID: BB  Data: 00 00 00 AA 00 00 00 00 
"
"2016-11-21 14:45:01ID: BC  Data: 00 00 00 AA 00 00 00 00 
"
"2016-11-21 14:45:01ID: BB  Data: 00 00 00 AA 00 00 00 00 
"
"2016-11-21 14:45:01ID: BC  Data: 00 00 00 AA 00 00 00 00 
"
"2016-11-21 14:45:01ID: BB  Data: 00 00 00 AA 00 00 00 00 
"
"2016-11-21 14:45:01ID: BC  Data: 00 00 00 AA 00 00 00 00 
"
"2016-11-21 14:45:01ID: BB  Data: 00 00 00 AA 00 00 00 00 
"
"2016-11-21 14:45:01ID: BC  Data: 00 00 00 AA 00 00 00 00 
"
"2016-11-21 14:45:01ID: BB  Data: 00 00 00 AA 00 00 00 00 
"
"2016-11-21 14:45:01ID: BC  Data: 00 00 00 AA 00 00 00 00 
"
"2016-11-21 14:45:01ID: BB  Data: 00 00 00 AA 00 00 00 00 
"
"2016-11-21 14:45:01ID: BC  Data: 00 00 00 AA 00 00 00 00 
"
"2016-11-21 14:45:01ID: BB  Data: 00 00 00 AA 00 00 00 00 
"
"2016-11-21 14:45:01ID: BC  Data: 00 00 00 AA 00 00 00 00 
"
"2016-11-21 14:45:01ID: BB  Data: 00 00 00 AA 00 00 00 00 
"
"2016-11-21 14:45:01ID: BC  Data: 00 00 00 AA 00 00 00 00 
"
"2016-11-21 14:45:02ID: BB  Data: 00 00 00 AA 00 00 00 00 
"
"2016-11-21 14:45:02ID: BC  Data: 00 00 00 AA 00 00 00 00 
"
"2016-11-21 14:45:02ID: BB  Data: 00 00 00 AA 00 00 00 00 
"
"2016-11-21 14:45:02ID: BC  Data: 00 00 00 AA 00 00 00 00 
"
"2016-11-21 14:45:02ID: BB  Data: 00 00 00 AA 00 00 00 00 
"
"2016-11-21 14:45:02ID: BC  Data: 00 00 00 AA 00 00 00 00 
"
"2016-11-21 14:45:02ID: BB  Data: 00 00 00 AA 00 00 00 00 
"
"2016-11-21 14:45:02ID: BC  Data: 00 00 00 AA 00 00 00 00 
"
"2016-11-21 14:45:02ID: BB  Data: 00 00 00 AA 00 00 00 00 
"
"2016-11-21 14:45:02ID: BC  Data: 00 00 00 AA 00 00 00 00 
"
"2016-11-21 14:45:02ID: BB  Data: 00 00 00 AA 00 00 00 00 
"
"2016-11-21 14:45:02ID: BC  Data: 00 00 00 AA 00 00 00 00 
"
"2016-11-21 14:45:02ID: BB  Data: 00 00 00 AA 00 00 00 00 
"
"2016-11-21 14:45:02ID: BC  Data: 00 00 00 AA 00 00 00 00 
"
"2016-11-21 14:45:02ID: BB  Data: 00 00 00 AA 00 00 00 00 
"
"2016-11-21 14:45:02ID: BC  Data: 00 00 00 AA 00 00 00 00 
"
"2016-11-21 14:45:02ID: BB  Data: 00 00 00 AA 00 00 00 00 
"
"2016-11-21 14:45:02ID: BC  Data: 00 00 00 AA 00 00 00 00 
"
"2016-11-21 14:45:02ID: BB  Data: 00 00 00 AA 00 00 00 00 
"
"2016-11-21 14:45:02ID: BC  Data: 00 00 00 AA 00 00 00 00 
"
"2016-11-21 14:45:02ID: BB  Data: 00 00 00 AA 00 00 00 00 
"
"2016-11-21 14:45:02ID: BC  Data: 00 00 00 AA 00 00 00 00 
"
"2016-11-21 14:45:03ID: BB  Data: 00 00 00 AA 00 00 00 00 
"
"2016-11-21 14:45:03ID: BC  Data: 00 00 00 AA 00 00 00 00 
"
"2016-11-21 14:45:03ID: BB  Data: 00 00 00 AA 00 00 00 00 
"
"2016-11-21 14:45:03ID: BC  Data: 00 00 00 AA 00 00 00 00 
"
"2016-11-21 14:45:03ID: BB  Data: 00 00 00 AA 00 00 00 00 
"
"2016-11-21 14:45:03ID: BC  Data: 00 00 00 AA 00 00 00 00 
"
"2016-11-21 14:45:03ID: BB  Data: 00 00 00 AA 00 00 00 00 
"
"2016-11-21 14:45:03ID: BC  Data: 00 00 00 AA 00 00 00 00 
"
"2016-11-21 14:45:03ID: BB  Data: 00 00 00 AA 00 00 00 00 
"
"2016-11-21 14:45:03ID: BC  Data: 00 00 00 AA 00 00 00 00 
"
"2016-11-21 14:45:03ID: BB  Data: 00 00 00 AA 00 00 00 00 
"
"2016-11-21 14:45:03ID: BC  Data: 00 00 00 AA 00 00 00 00 
"
"2016-11-21 14:45:03ID: BB  Data: 00 00 00 AA 00 00 00 00 
"
"2016-11-21 14:45:03ID: BC  Data: 00 00 00 AA 00 00 00 00 
"
"2016-11-21 14:45:03ID: BB  Data: 00 00 00 AA 00 00 00 00 
"
"2016-11-21 14:45:03ID: BC  Data: 00 00 00 AA 00 00 00 00 
"
"2016-11-21 14:45:03ID: BB  Data: 00 00 00 AA 00 00 00 00 
"
"2016-11-21 14:45:03ID: BC  Data: 00 00 00 AA 00 00 00 00 
"
"2016-11-21 14:45:03ID: BB  Data: 00 00 00 AA 00 00 00 00 
"
"2016-11-21 14:45:03ID: BC  Data: 00 00 00 AA 00 00 00 00 
"
"2016-11-21 14:45:03ID: BB  Data: 00 00 00 AA 00 00 00 00 
"
"2016-11-21 14:45:03ID: BC  Data: 00 00 00 AA 00 00 00 00 
"
"2016-11-21 14:45:03ID: BB  Data: 00 00 00 AA 00 00 00 00 
"
"2016-11-21 14:45:04ID: BC  Data: 00 00 00 AA 00 00 00 00 
"
"2016-11-21 14:45:04ID: BB  Data: 00 00 00 AA 00 00 00 00 
"
"2016-11-21 14:45:04ID: BC  Data: 00 00 00 AA 00 00 00 00 
"
"2016-11-21 14:45:04ID: BB  Data: 00 00 00 AA 00 00 00 00 
"
"2016-11-21 14:45:04ID: BC  Data: 00 00 00 AA 00 00 00 00 
"
"2016-11-21 14:45:04ID: BB  Data: 00 00 00 AA 00 00 00 00 
"
"2016-11-21 14:45:04ID: BC  Data: 00 00 00 AA 00 00 00 00 
"
"2016-11-21 14:45:04ID: BB  Data: 00 00 00 AA 00 00 00 00 
"
"2016-11-21 14:45:04ID: BC  Data: 00 00 00 AA 00 00 00 00 
"
"2016-11-21 14:45:04ID: BB  Data: 00 00 00 AA 00 00 00 00 
"
"2016-11-21 14:45:04ID: BC  Data: 00 00 00 AA 00 00 00 00 
"
"2016-11-21 14:45:04ID: BB  Data: 00 00 00 AA 00 00 00 00 
"
"2016-11-21 14:45:04ID: BC  Data: 00 00 00 AA 00 00 00 00 
"
"2016-11-21 14:45:04ID: BB  Data: 00 00 00 AA 00 00 00 00 
"
"2016-11-21 14:45:04ID: BC  Data: 00 00 00 AA 00 00 00 00 
"
"2016-11-21 14:45:04ID: BB  Data: 00 00 00 AA 00 00 00 00 
"
"2016-11-21 14:45:04ID: BC  Data: 00 00 00 AA 00 00 00 00 
"
"2016-11-21 14:45:04ID: BB  Data: 00 00 00 AA 00 00 00 00 
"
"2016-11-21 14:45:04ID: BC  Data: 00 00 00 AA 00 00 00 00 
"
"2016-11-21 14:45:04ID: BB  Data: 00 00 00 AA 00 00 00 00 
"
"2016-11-21 14:45:04ID: BC  Data: 00 00 00 AA 00 00 00 00 
"
"2016-11-21 14:45:04ID: BB  Data: 00 00 00 AA 00 00 00 00 
"
"2016-11-21 14:45:04ID: BC  Data: 00 00 00 AA 00 00 00 00 
"
"2016-11-21 14:45:05ID: BB  Data: 00 00 00 AA 00 00 00 00 
"
"2016-11-21 14:45:05ID: BC  Data: 00 00 00 AA 00 00 00 00 
"
"2016-11-21 14:45:05ID: BB  Data: 00 00 00 AA 00 00 00 00 
"
"2016-11-21 14:45:05ID: BC  Data: 00 00 00 AA 00 00 00 00 
"
"2016-11-21 14:45:05ID: BB  Data: 00 00 00 AA 00 00 00 00 
"
"2016-11-21 14:45:05ID: BC  Data: 00 00 00 AA 00 00 00 00 
"
"2016-11-21 14:45:05ID: BB  Data: 00 00 00 AA 00 00 00 00 
"
"2016-11-21 14:45:05ID: BC  Data: 00 00 00 AA 00 00 00 00 
"
"2016-11-21 14:45:05ID: BB  Data: 00 00 00 AA 00 00 00 00 
"
"2016-11-21 14:45:05ID: BC  Data: 00 00 00 AA 00 00 00 00 
"
"2016-11-21 14:45:05ID: BB  Data: 00 00 00 AA 00 00 00 00 
"
"2016-11-21 14:45:05ID: BC  Data: 00 00 00 AA 00 00 00 00 
"
"2016-11-21 14:45:05ID: BB  Data: 00 00 00 AA 00 00 00 00 
"
"2016-11-21 14:45:05ID: BC  Data: 00 00 00 AA 00 00 00 00 
"
"2016-11-21 14:45:05ID: BB  Data: 00 00 00 AA 00 00 00 00 
"
"2016-11-21 14:45:05ID: BC  Data: 00 00 00 AA 00 00 00 00 
"
"2016-11-21 14:45:05ID: BB  Data: 00 00 00 AA 00 00 00 00 
"
"2016-11-21 14:45:05ID: BC  Data: 00 00 00 AA 00 00 00 00 
"
"2016-11-21 14:45:05ID: BB  Data: 00 00 00 AA 00 00 00 00 
"
"2016-11-21 14:45:05ID: BC  Data: 00 00 00 AA 00 00 00 00 
"
"2016-11-21 14:45:05ID: BB  Data: 00 00 00 AA 00 00 00 00 
"
"2016-11-21 14:45:05ID: BC  Data: 00 00 00 AA 00 00 00 00 
"
"2016-11-21 14:45:06ID: BB  Data: 00 00 00 AA 00 00 00 00 
"
"2016-11-21 14:45:06ID: BC  Data: 00 00 00 AA 00 00 00 00 
"
"2016-11-21 14:45:06ID: BB  Data: 00 00 00 AA 00 00 00 00 
"
"2016-11-21 14:45:06ID: BC  Data: 00 00 00 AA 00 00 00 00 
"
"2016-11-21 14:45:06ID: BB  Data: 00 00 00 AA 00 00 00 00 
"
"2016-11-21 14:45:06ID: BC  Data: 00 00 00 AA 00 00 00 00 
"
"2016-11-21 14:45:06ID: BB  Data: 00 00 00 AA 00 00 00 00 
"
"2016-11-21 14:45:06ID: BC  Data: 00 00 00 AA 00 00 00 00 
"
"2016-11-21 14:45:06ID: BB  Data: 00 00 00 AA 00 00 00 00 
"
"2016-11-21 14:45:06ID: BC  Data: 00 00 00 AA 00 00 00 00 
"
"2016-11-21 14:45:06ID: BB  Data: 00 00 00 AA 00 00 00 00 
"
"2016-11-21 14:45:06ID: BC  Data: 00 00 00 AA 00 00 00 00 
"
"2016-11-21 14:45:06ID: BB  Data: 00 00 00 AA 00 00 00 00 
"
"2016-11-21 14:45:06ID: BC  Data: 00 00 00 AA 00 00 00 00 
"
"2016-11-21 14:45:06ID: BB  Data: 00 00 00 AA 00 00 00 00 
"
"2016-11-21 14:45:06ID: BC  Data: 00 00 00 AA 00 00 00 00 
"
"2016-11-21 14:45:06ID: BB  Data: 00 00 00 AA 00 00 00 00 
"
"2016-11-21 14:45:06ID: BC  Data: 00 00 00 AA 00 00 00 00 
"
"2016-11-21 14:45:06ID: BB  Data: 00 00 00 AA 00 00 00 00 
"
"2016-11-21 14:45:06ID: BC  Data: 00 00 00 AA 00 00 00 00 
"
"2016-11-21 14:45:06ID: BB  Data: 00 00 00 AA 00 00 00 00 
"
"2016-11-21 14:45:06ID: BC  Data: 00 00 00 AA 00 00 00 00 
"
"2016-11-21 14:45:06ID: BB  Data: 00 00 00 AA 00 00 00 00 
"
"2016-11-21 14:45:06ID: BC  Data: 00 00 00 AA 00 00 00 00 
"
"2016-11-21 14:45:07ID: BB  Data: 00 00 00 AA 00 00 00 00 
"
"2016-11-21 14:45:07ID: BC  Data: 00 00 00 AA 00 00 00 00 
"
"2016-11-21 14:45:07ID: BB  Data: 00 00 00 AA 00 00 00 00 
"
"2016-11-21 14:45:07ID: BC  Data: 00 00 00 AA 00 00 00 00 
"
"2016-11-21 14:45:07ID: BB  Data: 00 00 00 AA 00 00 00 00 
"
"2016-11-21 14:45:07ID: BC  Data: 00 00 00 AA 00 00 00 00 
"
"2016-11-21 14:45:07ID: BB  Data: 00 00 00 AA 00 00 00 00 
"
"2016-11-21 14:45:07ID: BC  Data: 00 00 00 AA 00 00 00 00 
"
"2016-11-21 14:45:07ID: BB  Data: 00 00 00 AA 00 00 00 00 
"
"2016-11-21 14:45:07ID: BC  Data: 00 00 00 AA 00 00 00 00 
"
"2016-11-21 14:45:07ID: BB  Data: 00 00 00 AA 00 00 00 00 
"
"2016-11-21 14:45:07ID: BC  Data: 00 00 00 AA 00 00 00 00 
"
"2016-11-21 14:45:07ID: BB  Data: 00 00 00 AA 00 00 00 00 
"
"2016-11-21 14:45:07ID: BC  Data: 00 00 00 AA 00 00 00 00 
"
"2016-11-21 14:45:07ID: BB  Data: 00 00 00 AA 00 00 00 00 
"
"2016-11-21 14:45:07ID: BC  Data: 00 00 00 AA 00 00 00 00 
"
"2016-11-21 14:45:07ID: BB  Data: 00 00 00 AA 00 00 00 00 
"
"2016-11-21 14:45:07ID: BC  Data: 00 00 00 AA 00 00 00 00 
"
"2016-11-21 14:45:07ID: AA  Data: AA AA 00 00 00 00 00 00 
"
"2016-11-21 14:45:07ID: BB  Data: 00 00 00 AA 00 00 00 00 
"
"2016-11-21 14:45:07ID: BC  Data: 00 00 00 AA 00 00 00 00 
"
"2016-11-21 14:45:07ID: BB  Data: 00 00 00 AA 00 00 00 00 
"
"2016-11-21 14:45:07ID: BC  Data: 00 00 00 AA 00 00 00 00 
"
"2016-11-21 14:45:08ID: BB  Data: 00 00 00 AA 00 00 00 00 
"
"2016-11-21 14:45:08ID: BC  Data: 00 00 00 AA 00 00 00 00 
"
"2016-11-21 14:45:08ID: BB  Data: 00 00 00 AA 00 00 00 00 
"
"2016-11-21 14:45:08ID: BC  Data: 00 00 00 AA 00 00 00 00 
"
"2016-11-21 14:45:08ID: BB  Data: 00 00 00 AA 00 00 00 00 
"
"2016-11-21 14:45:08ID: AA  Data: AA BB 00 00 00 00 00 00 
"
"2016-11-21 14:45:08ID: BC  Data: 00 00 00 AA 00 00 00 00 
"
"2016-11-21 14:45:08ID: BB  Data: 00 00 00 AA 00 00 00 00 
"
"2016-11-21 14:45:08ID: BC  Data: 00 00 00 AA 00 00 00 00 
"
"2016-11-21 14:45:08ID: BB  Data: 00 00 00 AA 00 00 00 00 
"
"2016-11-21 14:45:08ID: BC  Data: 00 00 00 AA 00 00 00 00 
"
"2016-11-21 14:45:08ID: BB  Data: 00 00 00 AA 00 00 00 00 
"
"2016-11-21 14:45:08ID: BC  Data: 00 00 00 AA 00 00 00 00 
"
"2016-11-21 14:45:08ID: BB  Data: 00 00 00 AA 00 00 00 00 
"
"2016-11-21 14:45:08ID: BC  Data: 00 00 00 AA 00 00 00 00 
"
"2016-11-21 14:45:08ID: BB  Data: 00 00 00 AA 00 00 00 00 
"
"2016-11-21 14:45:08ID: BC  Data: 00 00 00 AA 00 00 00 00 
"
"2016-11-21 14:45:08ID: BB  Data: 00 00 00 AA 00 00 00 00 
"
"2016-11-21 14:45:08ID: BC  Data: 00 00 00 AA 00 00 00 00 
"
"2016-11-21 14:45:08ID: BB  Data: 00 00 00 AA 00 00 00 00 
"
"2016-11-21 14:45:08ID: BC  Data: 00 00 00 AA 00 00 00 00 
"
"2016-11-21 14:45:08ID: BB  Data: 00 00 00 AA 00 00 00 00 
"
"2016-11-21 14:45:08ID: BC  Data: 00 00 00 AA 00 00 00 00 
"
"2016-11-21 14:45:09ID: BB  Data: 00 00 00 AA 00 00 00 00 
"
"2016-11-21 14:45:09ID: BC  Data: 00 00 00 AA 00 00 00 00 
"
"2016-11-21 14:45:09ID: BB  Data: 00 00 00 AA 00 00 00 00 
"
"2016-11-21 14:45:09ID: BC  Data: 00 00 00 AA 00 00 00 00 
"
"2016-11-21 14:45:09ID: BB  Data: 00 00 00 AA 00 00 00 00 
"
"2016-11-21 14:45:09ID: BC  Data: 00 00 00 AA 00 00 00 00 
"
"2016-11-21 14:45:09ID: BB  Data: 00 00 00 AA 00 00 00 00 
"
"2016-11-21 14:45:09ID: BC  Data: 00 00 00 AA 00 00 00 00 
"
"2016-11-21 14:45:09ID: BB  Data: 00 00 00 AA 00 00 00 00 
"
"2016-11-21 14:45:09ID: BC  Data: 00 00 00 AA 00 00 00 00 
"
"2016-11-21 14:45:09ID: BB  Data: 00 00 00 AA 00 00 00 00 
"
"2016-11-21 14:45:09ID: BC  Data: 00 00 00 AA 00 00 00 00 
"
"2016-11-21 14:45:09ID: BB  Data: 00 00 00 AA 00 00 00 00 
"
"2016-11-21 14:45:09ID: BC  Data: 00 00 00 AA 00 00 00 00 
"
"2016-11-21 14:45:09ID: BB  Data: 00 00 00 AA 00 00 00 00 
"
"2016-11-21 14:45:09ID: BC  Data: 00 00 00 AA 00 00 00 00 
"
"2016-11-21 14:45:09ID: BB  Data: 00 00 00 AA 00 00 00 00 
"
"2016-11-21 14:45:09ID: BC  Data: 00 00 00 AA 00 00 00 00 
"
"2016-11-21 14:45:09ID: BB  Data: 00 00 00 AA 00 00 00 00 
"
"2016-11-21 14:45:09ID: BC  Data: 00 00 00 AA 00 00 00 00 
"
"2016-11-21 14:45:09ID: BB  Data: 00 00 00 AA 00 00 00 00 
"
"2016-11-21 14:45:09ID: BC  Data: 00 00 00 AA 00 00 00 00 
"
"2016-11-21 14:45:09ID: BB  Data: 00 00 00 AA 00 00 00 00 
"
"2016-11-21 14:45:09ID: BC  Data: 00 00 00 AA 00 00 00 00 
"
"2016-11-21 14:45:10ID: BB  Data: 00 00 00 AA 00 00 00 00 
"
"2016-11-21 14:45:10ID: BC  Data: 00 00 00 AA 00 00 00 00 
"
"2016-11-21 14:45:10ID: BB  Data: 00 00 00 AA 00 00 00 00 
"
"2016-11-21 14:45:10ID: BC  Data: 00 00 00 AA 00 00 00 00 
"
"2016-11-21 14:45:10ID: BB  Data: 00 00 00 AA 00 00 00 00 
"
"2016-11-21 14:45:10ID: BC  Data: 00 00 00 AA 00 00 00 00 
"
"2016-11-21 14:45:10ID: BB  Data: 00 00 00 AA 00 00 00 00 
"
"2016-11-21 14:45:10ID: BC  Data: 00 00 00 AA 00 00 00 00 
"
"2016-11-21 14:45:10ID: BB  Data: 00 00 00 AA 00 00 00 00 
"
"2016-11-21 14:45:10ID: BC  Data: 00 00 00 AA 00 00 00 00 
"
"2016-11-21 14:45:10ID: BB  Data: 00 00 00 AA 00 00 00 00 
"
"2016-11-21 14:45:10ID: BC  Data: 00 00 00 AA 00 00 00 00 
"
"2016-11-21 14:45:10ID: BB  Data: 00 00 00 AA 00 00 00 00 
"
"2016-11-21 14:45:10ID: BC  Data: 00 00 00 AA 00 00 00 00 
"
"2016-11-21 14:45:10ID: BB  Data: 00 00 00 AA 00 00 00 00 
"
"2016-11-21 14:45:10ID: BC  Data: 00 00 00 AA 00 00 00 00 
"
"2016-11-21 14:45:10ID: BB  Data: 00 00 00 AA 00 00 00 00 
"
"2016-11-21 14:45:10ID: BC  Data: 00 00 00 AA 00 00 00 00 
"
"2016-11-21 14:45:10ID: BB  Data: 00 00 00 AA 00 00 00 00 
"
"2016-11-21 14:45:10ID: BC  Data: 00 00 00 AA 00 00 00 00 
"
"2016-11-21 14:45:10ID: BB  Data: 00 00 00 AA 00 00 00 00 
"
"2016-11-21 14:45:10ID: BC  Data: 00 00 00 AA 00 00 00 00 
"
"2016-11-21 14:45:11ID: BB  Data: 00 00 00 AA 00 00 00 00 
"
"2016-11-21 14:45:11ID: BC  Data: 00 00 00 AA 00 00 00 00 
"
"2016-11-21 14:45:11ID: BB  Data: 00 00 00 AA 00 00 00 00 
"
"2016-11-21 14:45:11ID: BC  Data: 00 00 00 AA 00 00 00 00 
"
"2016-11-21 14:45:11ID: BB  Data: 00 00 00 AA 00 00 00 00 
"
"2016-11-21 14:45:11ID: BC  Data: 00 00 00 AA 00 00 00 00 
"
"2016-11-21 14:45:11ID: BB  Data: 00 00 00 AA 00 00 00 00 
"
"2016-11-21 14:45:11ID: BC  Data: 00 00 00 AA 00 00 00 00 
"
"2016-11-21 14:45:11ID: BB  Data: 00 00 00 AA 00 00 00 00 
"
"2016-11-21 14:45:11ID: BC  Data: 00 00 00 AA 00 00 00 00 
"
"2016-11-21 14:45:11ID: BB  Data: 00 00 00 AA 00 00 00 00 
"
"2016-11-21 14:45:11ID: BC  Data: 00 00 00 AA 00 00 00 00 
"
"2016-11-21 14:45:11ID: BB  Data: 00 00 00 AA 00 00 00 00 
"
"2016-11-21 14:45:11ID: BC  Data: 00 00 00 AA 00 00 00 00 
"
"2016-11-21 14:45:11ID: BB  Data: 00 00 00 AA 00 00 00 00 
"
"2016-11-21 14:45:11ID: BC  Data: 00 00 00 AA 00 00 00 00 
"
"2016-11-21 14:45:11ID: BB  Data: 00 00 00 AA 00 00 00 00 
"
"2016-11-21 14:45:11ID: BC  Data: 00 00 00 AA 00 00 00 00 
"
"2016-11-21 14:45:11ID: BB  Data: 00 00 00 AA 00 00 00 00 
"
"2016-11-21 14:45:11ID: BC  Data: 00 00 00 AA 00 00 00 00 
"
"2016-11-21 14:45:11ID: BB  Data: 00 00 00 AA 00 00 00 00 
"
"2016-11-21 14:45:11ID: BC  Data: 00 00 00 AA 00 00 00 00 
"
"2016-11-21 14:45:11ID: BB  Data: 00 00 00 AA 00 00 00 00 
"
"2016-11-21 14:45:12ID: BC  Data: 00 00 00 AA 00 00 00 00 
"
"2016-11-21 14:45:12ID: BB  Data: 00 00 00 AA 00 00 00 00 
"
"2016-11-21 14:45:12ID: BC  Data: 00 00 00 AA 00 00 00 00 
"
"2016-11-21 14:45:12ID: BB  Data: 00 00 00 AA 00 00 00 00 
"
"2016-11-21 14:45:12ID: BC  Data: 00 00 00 AA 00 00 00 00 
"
"2016-11-21 14:45:12ID: BB  Data: 00 00 00 AA 00 00 00 00 
"
"2016-11-21 14:45:12ID: BC  Data: 00 00 00 AA 00 00 00 00 
"
"2016-11-21 14:45:12ID: BB  Data: 00 00 00 AA 00 00 00 00 
"
"2016-11-21 14:45:12ID: BC  Data: 00 00 00 AA 00 00 00 00 
"
"2016-11-21 14:45:12ID: BB  Data: 00 00 00 AA 00 00 00 00 
"
"2016-11-21 14:45:12ID: BC  Data: 00 00 00 AA 00 00 00 00 
"
"2016-11-21 14:45:12ID: BB  Data: 00 00 00 AA 00 00 00 00 
"
"2016-11-21 14:45:12ID: BC  Data: 00 00 00 AA 00 00 00 00 
"
"2016-11-21 14:45:12ID: BB  Data: 00 00 00 AA 00 00 00 00 
"
"2016-11-21 14:45:12ID: BC  Data: 00 00 00 AA 00 00 00 00 
"
"2016-11-21 14:45:12ID: BB  Data: 00 00 00 AA 00 00 00 00 
"
"2016-11-21 14:45:12ID: BC  Data: 00 00 00 AA 00 00 00 00 
"
"2016-11-21 14:45:12ID: BB  Data: 00 00 00 AA 00 00 00 00 
"
"2016-11-21 14:45:12ID: BC  Data: 00 00 00 AA 00 00 00 00 
"
"2016-11-21 14:45:12ID: BB  Data: 00 00 00 AA 00 00 00 00 
"
"2016-11-21 14:45:12ID: BC  Data: 00 00 00 AA 00 00 00 00 
"
"2016-11-21 14:45:12ID: BB  Data: 00 00 00 AA 00 00 00 00 
"
"2016-11-21 14:45:12ID: BC  Data: 00 00 00 AA 00 00 00 00 
"
"2016-11-21 14:45:13ID: BB  Data: 00 00 00 AA 00 00 00 00 
"
"2016-11-21 14:45:13ID: BC  Data: 00 00 00 AA 00 00 00 00 
"
"2016-11-21 14:45:13ID: BB  Data: 00 00 00 AA 00 00 00 00 
"
"2016-11-21 14:45:13ID: BC  Data: 00 00 00 AA 00 00 00 00 
"
"2016-11-21 14:45:13ID: BB  Data: 00 00 00 AA 00 00 00 00 
"
"2016-11-21 14:45:13ID: BC  Data: 00 00 00 AA 00 00 00 00 
"
"2016-11-21 14:45:13ID: BB  Data: 00 00 00 AA 00 00 00 00 
"
"2016-11-21 14:45:13ID: BC  Data: 00 00 00 AA 00 00 00 00 
"
"2016-11-21 14:45:13ID: BB  Data: 00 00 00 AA 00 00 00 00 
"
"2016-11-21 14:45:13ID: BC  Data: 00 00 00 AA 00 00 00 00 
"
"2016-11-21 14:45:13ID: BB  Data: 00 00 00 AA 00 00 00 00 
"
"2016-11-21 14:45:13ID: BC  Data: 00 00 00 AA 00 00 00 00 
"
"2016-11-21 14:45:13ID: BB  Data: 00 00 00 AA 00 00 00 00 
"
"2016-11-21 14:45:13ID: BC  Data: 00 00 00 AA 00 00 00 00 
"
"2016-11-21 14:45:13ID: BB  Data: 00 00 00 AA 00 00 00 00 
"
"2016-11-21 14:45:13ID: BC  Data: 00 00 00 AA 00 00 00 00 
"
"2016-11-21 14:45:13ID: BB  Data: 00 00 00 AA 00 00 00 00 
"
"2016-11-21 14:45:13ID: BC  Data: 00 00 00 AA 00 00 00 00 
"
"2016-11-21 14:45:13ID: BB  Data: 00 00 00 AA 00 00 00 00 
"
"2016-11-21 14:45:13ID: BC  Data: 00 00 00 AA 00 00 00 00 
"
"2016-11-21 14:45:13ID: BB  Data: 00 00 00 AA 00 00 00 00 
"
"2016-11-21 14:45:13ID: BC  Data: 00 00 00 AA 00 00 00 00 
"
"2016-11-21 14:45:14ID: BB  Data: 00 00 00 AA 00 00 00 00 
"
"2016-11-21 14:45:14ID: BC  Data: 00 00 00 AA 00 00 00 00 
"
"2016-11-21 14:45:14ID: BB  Data: 00 00 00 AA 00 00 00 00 
"
"2016-11-21 14:45:14ID: BC  Data: 00 00 00 AA 00 00 00 00 
"
"2016-11-21 14:45:14ID: BB  Data: 00 00 00 AA 00 00 00 00 
"
"2016-11-21 14:45:14ID: BC  Data: 00 00 00 AA 00 00 00 00 
"
"2016-11-21 14:45:14ID: BB  Data: 00 00 00 AA 00 00 00 00 
"
"2016-11-21 14:45:14ID: BC  Data: 00 00 00 AA 00 00 00 00 
"
"2016-11-21 14:45:14ID: BB  Data: 00 00 00 AA 00 00 00 00 
"
"2016-11-21 14:45:14ID: BC  Data: 00 00 00 AA 00 00 00 00 
"
"2016-11-21 14:45:14ID: BB  Data: 00 00 00 AA 00 00 00 00 
"
"2016-11-21 14:45:14ID: BC  Data: 00 00 00 AA 00 00 00 00 
"
"2016-11-21 14:45:14ID: BB  Data: 00 00 00 AA 00 00 00 00 
"
"2016-11-21 14:45:14ID: BC  Data: 00 00 00 AA 00 00 00 00 
"
"2016-11-21 14:45:14ID: BB  Data: 00 00 00 AA 00 00 00 00 
"
"2016-11-21 14:45:14ID: BC  Data: 00 00 00 AA 00 00 00 00 
"
"2016-11-21 14:45:14ID: BB  Data: 00 00 00 AA 00 00 00 00 
"
"2016-11-21 14:45:14ID: BC  Data: 00 00 00 AA 00 00 00 00 
"
"2016-11-21 14:45:14ID: BB  Data: 00 00 00 AA 00 00 00 00 
"
"2016-11-21 14:45:14ID: BC  Data: 00 00 00 AA 00 00 00 00 
"
"2016-11-21 14:45:14ID: BB  Data: 00 00 00 AA 00 00 00 00 
"
"2016-11-21 14:45:14ID: BC  Data: 00 00 00 AA 00 00 00 00 
"
"2016-11-21 14:45:14ID: BB  Data: 00 00 00 AA 00 00 00 00 
"
"2016-11-21 14:45:14ID: BC  Data: 00 00 00 AA 00 00 00 00 
"
"2016-11-21 14:45:15ID: BB  Data: 00 00 00 AA 00 00 00 00 
"
"2016-11-21 14:45:15ID: BC  Data: 00 00 00 AA 00 00 00 00 
"
"2016-11-21 14:45:15ID: BB  Data: 00 00 00 AA 00 00 00 00 
"
"2016-11-21 14:45:15ID: BC  Data: 00 00 00 AA 00 00 00 00 
"
"2016-11-21 14:45:15ID: BB  Data: 00 00 00 AA 00 00 00 00 
"
"2016-11-21 14:45:15ID: BC  Data: 00 00 00 AA 00 00 00 00 
"
"2016-11-21 14:45:15ID: BB  Data: 00 00 00 AA 00 00 00 00 
"
"2016-11-21 14:45:15ID: BC  Data: 00 00 00 AA 00 00 00 00 
"
"2016-11-21 14:45:15ID: BB  Data: 00 00 00 AA 00 00 00 00 
"
"2016-11-21 14:45:15ID: BC  Data: 00 00 00 AA 00 00 00 00 
"
"2016-11-21 14:45:15ID: BB  Data: 00 00 00 AA 00 00 00 00 
"
"2016-11-21 14:45:15ID: BC  Data: 00 00 00 AA 00 00 00 00 
"
"2016-11-21 14:45:15ID: BB  Data: 00 00 00 AA 00 00 00 00 
"
"2016-11-21 14:45:15ID: BC  Data: 00 00 00 AA 00 00 00 00 
"
"2016-11-21 14:45:15ID: BB  Data: 00 00 00 AA 00 00 00 00 
"
"2016-11-21 14:45:15ID: BC  Data: 00 00 00 AA 00 00 00 00 
"
"2016-11-21 14:45:15ID: BB  Data: 00 00 00 AA 00 00 00 00 
"
"2016-11-21 14:45:15ID: BC  Data: 00 00 00 AA 00 00 00 00 
"
"2016-11-21 14:45:15ID: BB  Data: 00 00 00 AA 00 00 00 00 
"
"2016-11-21 14:45:15ID: BC  Data: 00 00 00 AA 00 00 00 00 
"
"2016-11-21 14:45:15ID: BB  Data: 00 00 00 AA 00 00 00 00 
"
"2016-11-21 14:45:15ID: BC  Data: 00 00 00 AA 00 00 00 00 
"
"2016-11-21 14:45:16ID: BB  Data: 00 00 00 AA 00 00 00 00 
"
"2016-11-21 14:45:16ID: BC  Data: 00 00 00 AA 00 00 00 00 
"
"2016-11-21 14:45:16ID: BB  Data: 00 00 00 AA 00 00 00 00 
"
"2016-11-21 14:45:16ID: BC  Data: 00 00 00 AA 00 00 00 00 
"
"2016-11-21 14:45:16ID: BB  Data: 00 00 00 AA 00 00 00 00 
"
"2016-11-21 14:45:16ID: BC  Data: 00 00 00 AA 00 00 00 00 
"
"2016-11-21 14:45:16ID: BB  Data: 00 00 00 AA 00 00 00 00 
"
"2016-11-21 14:45:16ID: BC  Data: 00 00 00 AA 00 00 00 00 
"
"2016-11-21 14:45:16ID: BB  Data: 00 00 00 AA 00 00 00 00 
"
"2016-11-21 14:45:16ID: BC  Data: 00 00 00 AA 00 00 00 00 
"
"2016-11-21 14:45:16ID: BB  Data: 00 00 00 AA 00 00 00 00 
"
"2016-11-21 14:45:16ID: BC  Data: 00 00 00 AA 00 00 00 00 
"
"2016-11-21 14:45:16ID: BB  Data: 00 00 00 AA 00 00 00 00 
"
"2016-11-21 14:45:16ID: BC  Data: 00 00 00 AA 00 00 00 00 
"
"2016-11-21 14:45:16ID: BB  Data: 00 00 00 AA 00 00 00 00 
"
"2016-11-21 14:45:16ID: BC  Data: 00 00 00 AA 00 00 00 00 
"
"2016-11-21 14:45:16ID: BB  Data: 00 00 00 AA 00 00 00 00 
"
"2016-11-21 14:45:16ID: BC  Data: 00 00 00 AA 00 00 00 00 
"
"2016-11-21 14:45:16ID: BB  Data: 00 00 00 AA 00 00 00 00 
"
"2016-11-21 14:45:16ID: BC  Data: 00 00 00 AA 00 00 00 00 
"
"2016-11-21 14:45:16ID: BB  Data: 00 00 00 AA 00 00 00 00 
"
"2016-11-21 14:45:16ID: BC  Data: 00 00 00 AA 00 00 00 00 
"
"2016-11-21 14:45:17ID: BB  Data: 00 00 00 AA 00 00 00 00 
"
"2016-11-21 14:45:17ID: BC  Data: 00 00 00 AA 00 00 00 00 
"
"2016-11-21 14:45:17ID: BB  Data: 00 00 00 AA 00 00 00 00 
"
"2016-11-21 14:45:17ID: BC  Data: 00 00 00 AA 00 00 00 00 
"
"2016-11-21 14:45:17ID: BB  Data: 00 00 00 AA 00 00 00 00 
"
"2016-11-21 14:45:17ID: BC  Data: 00 00 00 AA 00 00 00 00 
"
"2016-11-21 14:45:17ID: BB  Data: 00 00 00 AA 00 00 00 00 
"
"2016-11-21 14:45:17ID: BC  Data: 00 00 00 AA 00 00 00 00 
"
"2016-11-21 14:45:17ID: BB  Data: 00 00 00 AA 00 00 00 00 
"
"2016-11-21 14:45:17ID: BC  Data: 00 00 00 AA 00 00 00 00 
"
"2016-11-21 14:45:17ID: BB  Data: 00 00 00 AA 00 00 00 00 
"
"2016-11-21 14:45:17ID: BC  Data: 00 00 00 AA 00 00 00 00 
"
"2016-11-21 14:45:17ID: BB  Data: 00 00 00 AA 00 00 00 00 
"
"2016-11-21 14:45:17ID: BC  Data: 00 00 00 AA 00 00 00 00 
"
"2016-11-21 14:45:17ID: BB  Data: 00 00 00 AA 00 00 00 00 
"
"2016-11-21 14:45:17ID: BC  Data: 00 00 00 AA 00 00 00 00 
"
"2016-11-21 14:45:17ID: BB  Data: 00 00 00 AA 00 00 00 00 
"
"2016-11-21 14:45:17ID: BC  Data: 00 00 00 AA 00 00 00 00 
"
"2016-11-21 14:45:17ID: BB  Data: 00 00 00 AA 00 00 00 00 
"
"2016-11-21 14:45:17ID: BC  Data: 00 00 00 AA 00 00 00 00 
"
"2016-11-21 14:45:17ID: BB  Data: 00 00 00 AA 00 00 00 00 
"
"2016-11-21 14:45:17ID: BC  Data: 00 00 00 AA 00 00 00 00 
"
"2016-11-21 14:45:17ID: BB  Data: 00 00 00 AA 00 00 00 00 
"
"2016-11-21 14:45:17ID: BC  Data: 00 00 00 AA 00 00 00 00 
"
"2016-11-21 14:45:18ID: BB  Data: 00 00 00 AA 00 00 00 00 
"
"2016-11-21 14:45:18ID: BC  Data: 00 00 00 AA 00 00 00 00 
"
"2016-11-21 14:45:18ID: BB  Data: 00 00 00 AA 00 00 00 00 
"
"2016-11-21 14:45:18ID: BC  Data: 00 00 00 AA 00 00 00 00 
"
"2016-11-21 14:45:18ID: BB  Data: 00 00 00 AA 00 00 00 00 
"
"2016-11-21 14:45:18ID: BC  Data: 00 00 00 AA 00 00 00 00 
"
"2016-11-21 14:45:18ID: BB  Data: 00 00 00 AA 00 00 00 00 
"
"2016-11-21 14:45:18ID: BC  Data: 00 00 00 AA 00 00 00 00 
"
"2016-11-21 14:45:18ID: BB  Data: 00 00 00 AA 00 00 00 00 
"
"2016-11-21 14:45:18ID: BC  Data: 00 00 00 AA 00 00 00 00 
"
"2016-11-21 14:45:18ID: BB  Data: 00 00 00 AA 00 00 00 00 
"
"2016-11-21 14:45:18ID: BC  Data: 00 00 00 AA 00 00 00 00 
"
"2016-11-21 14:45:18ID: BB  Data: 00 00 00 AA 00 00 00 00 
"
"2016-11-21 14:45:18ID: BC  Data: 00 00 00 AA 00 00 00 00 
"
"2016-11-21 14:45:18ID: BB  Data: 00 00 00 AA 00 00 00 00 
"
"2016-11-21 14:45:18ID: BC  Data: 00 00 00 AA 00 00 00 00 
"
"2016-11-21 14:45:18ID: BB  Data: 00 00 00 AA 00 00 00 00 
"
"2016-11-21 14:45:18ID: BC  Data: 00 00 00 AA 00 00 00 00 
"
"2016-11-21 14:45:18ID: BB  Data: 00 00 00 AA 00 00 00 00 
"
"2016-11-21 14:45:18ID: BC  Data: 00 00 00 AA 00 00 00 00 
"
"2016-11-21 14:45:18ID: BB  Data: 00 00 00 AA 00 00 00 00 
"
"2016-11-21 14:45:18ID: BC  Data: 00 00 00 AA 00 00 00 00 
"
"2016-11-21 14:45:19ID: BB  Data: 00 00 00 AA 00 00 00 00 
"
"2016-11-21 14:45:19ID: BC  Data: 00 00 00 AA 00 00 00 00 
"
"2016-11-21 14:45:19ID: BB  Data: 00 00 00 AA 00 00 00 00 
"
"2016-11-21 14:45:19ID: BC  Data: 00 00 00 AA 00 00 00 00 
"
"2016-11-21 14:45:19ID: BB  Data: 00 00 00 AA 00 00 00 00 
"
"2016-11-21 14:45:19ID: BC  Data: 00 00 00 AA 00 00 00 00 
"
"2016-11-21 14:45:19ID: BB  Data: 00 00 00 AA 00 00 00 00 
"
"2016-11-21 14:45:19ID: BC  Data: 00 00 00 AA 00 00 00 00 
"
"2016-11-21 14:45:19ID: BB  Data: 00 00 00 AA 00 00 00 00 
"
"2016-11-21 14:45:19ID: BC  Data: 00 00 00 AA 00 00 00 00 
"
"2016-11-21 14:45:19ID: BB  Data: 00 00 00 AA 00 00 00 00 
"
"2016-11-21 14:45:19ID: BC  Data: 00 00 00 AA 00 00 00 00 
"
"2016-11-21 14:45:19ID: BB  Data: 00 00 00 AA 00 00 00 00 
"
"2016-11-21 14:45:19ID: BC  Data: 00 00 00 AA 00 00 00 00 
"
"2016-11-21 14:45:19ID: BB  Data: 00 00 00 AA 00 00 00 00 
"
"2016-11-21 14:45:19ID: BC  Data: 00 00 00 AA 00 00 00 00 
"
"2016-11-21 14:45:19ID: BB  Data: 00 00 00 AA 00 00 00 00 
"
"2016-11-21 14:45:19ID: BC  Data: 00 00 00 AA 00 00 00 00 
"
"2016-11-21 14:45:19ID: BB  Data: 00 00 00 AA 00 00 00 00 
"
"2016-11-21 14:45:19ID: BC  Data: 00 00 00 AA 00 00 00 00 
"
"2016-11-21 14:45:19ID: BB  Data: 00 00 00 AA 00 00 00 00 
"
"2016-11-21 14:45:19ID: BC  Data: 00 00 00 AA 00 00 00 00 
"
"2016-11-21 14:45:19ID: BB  Data: 00 00 00 AA 00 00 00 00 
"
"2016-11-21 14:45:20ID: BC  Data: 00 00 00 AA 00 00 00 00 
"
"2016-11-21 14:45:20ID: BB  Data: 00 00 00 AA 00 00 00 00 
"
"2016-11-21 14:45:20ID: BC  Data: 00 00 00 AA 00 00 00 00 
"
"2016-11-21 14:45:20ID: BB  Data: 00 00 00 AA 00 00 00 00 
"
"2016-11-21 14:45:20ID: BC  Data: 00 00 00 AA 00 00 00 00 
"
"2016-11-21 14:45:20ID: BB  Data: 00 00 00 AA 00 00 00 00 
"
"2016-11-21 14:45:20ID: BC  Data: 00 00 00 AA 00 00 00 00 
"
"2016-11-21 14:45:20ID: BB  Data: 00 00 00 AA 00 00 00 00 
"
"2016-11-21 14:45:20ID: BC  Data: 00 00 00 AA 00 00 00 00 
"
"2016-11-21 14:45:20ID: BB  Data: 00 00 00 AA 00 00 00 00 
"
"2016-11-21 14:45:20ID: BC  Data: 00 00 00 AA 00 00 00 00 
"
"2016-11-21 14:45:20ID: BB  Data: 00 00 00 AA 00 00 00 00 
"
"2016-11-21 14:45:20ID: BC  Data: 00 00 00 AA 00 00 00 00 
"
"2016-11-21 14:45:20ID: BB  Data: 00 00 00 AA 00 00 00 00 
"
"2016-11-21 14:45:20ID: BC  Data: 00 00 00 AA 00 00 00 00 
"
"2016-11-21 14:45:20ID: BB  Data: 00 00 00 AA 00 00 00 00 
"
"2016-11-21 14:45:20ID: BC  Data: 00 00 00 AA 00 00 00 00 
"
"2016-11-21 14:45:20ID: BB  Data: 00 00 00 AA 00 00 00 00 
"
"2016-11-21 14:45:20ID: BC  Data: 00 00 00 AA 00 00 00 00 
"
"2016-11-21 14:45:20ID: BB  Data: 00 00 00 AA 00 00 00 00 
"
"2016-11-21 14:45:20ID: BC  Data: 00 00 00 AA 00 00 00 00 
"
"2016-11-21 14:45:20ID: BB  Data: 00 00 00 AA 00 00 00 00 
"
"2016-11-21 14:45:20ID: BC  Data: 00 00 00 AA 00 00 00 00 
"
"2016-11-21 14:45:21ID: BB  Data: 00 00 00 AA 00 00 00 00 
"
"2016-11-21 14:45:21ID: BC  Data: 00 00 00 AA 00 00 00 00 
"
"2016-11-21 14:45:21ID: BB  Data: 00 00 00 AA 00 00 00 00 
"
"2016-11-21 14:45:21ID: BC  Data: 00 00 00 AA 00 00 00 00 
"
"2016-11-21 14:45:21ID: BB  Data: 00 00 00 AA 00 00 00 00 
"
"2016-11-21 14:45:21ID: BC  Data: 00 00 00 AA 00 00 00 00 
"
"2016-11-21 14:45:21ID: BB  Data: 00 00 00 AA 00 00 00 00 
"
"2016-11-21 14:45:21ID: BC  Data: 00 00 00 AA 00 00 00 00 
"
"2016-11-21 14:45:21ID: BB  Data: 00 00 00 AA 00 00 00 00 
"
"2016-11-21 14:45:21ID: BC  Data: 00 00 00 AA 00 00 00 00 
"
"2016-11-21 14:45:21ID: BB  Data: 00 00 00 AA 00 00 00 00 
"
"2016-11-21 14:45:21ID: BC  Data: 00 00 00 AA 00 00 00 00 
"
"2016-11-21 14:45:21ID: BB  Data: 00 00 00 AA 00 00 00 00 
"
"2016-11-21 14:45:21ID: BC  Data: 00 00 00 AA 00 00 00 00 
"
"2016-11-21 14:45:21ID: BB  Data: 00 00 00 AA 00 00 00 00 
"
"2016-11-21 14:45:21ID: BC  Data: 00 00 00 AA 00 00 00 00 
"
"2016-11-21 14:45:21ID: BB  Data: 00 00 00 AA 00 00 00 00 
"
"2016-11-21 14:45:21ID: BC  Data: 00 00 00 AA 00 00 00 00 
"
"2016-11-21 14:45:21ID: BB  Data: 00 00 00 AA 00 00 00 00 
"
"2016-11-21 14:45:21ID: BC  Data: 00 00 00 AA 00 00 00 00 
"
"2016-11-21 14:45:21ID: BB  Data: 00 00 00 AA 00 00 00 00 
"
"2016-11-21 14:45:21ID: BC  Data: 00 00 00 AA 00 00 00 00 
"
"2016-11-21 14:45:22ID: BB  Data: 00 00 00 AA 00 00 00 00 
"
"2016-11-21 14:45:22ID: BC  Data: 00 00 00 AA 00 00 00 00 
"
"2016-11-21 14:45:22ID: BB  Data: 00 00 00 AA 00 00 00 00 
"
"2016-11-21 14:45:22ID: BC  Data: 00 00 00 AA 00 00 00 00 
"
"2016-11-21 14:45:22ID: BB  Data: 00 00 00 AA 00 00 00 00 
"
"2016-11-21 14:45:22ID: BC  Data: 00 00 00 AA 00 00 00 00 
"
"2016-11-21 14:45:22ID: BB  Data: 00 00 00 AA 00 00 00 00 
"
"2016-11-21 14:45:22ID: BC  Data: 00 00 00 AA 00 00 00 00 
"
"2016-11-21 14:45:22ID: BB  Data: 00 00 00 AA 00 00 00 00 
"
"2016-11-21 14:45:22ID: BC  Data: 00 00 00 AA 00 00 00 00 
"
"2016-11-21 14:45:22ID: BB  Data: 00 00 00 AA 00 00 00 00 
"
"2016-11-21 14:45:22ID: BC  Data: 00 00 00 AA 00 00 00 00 
"
"2016-11-21 14:45:22ID: BB  Data: 00 00 00 AA 00 00 00 00 
"
"2016-11-21 14:45:22ID: BC  Data: 00 00 00 AA 00 00 00 00 
"
"2016-11-21 14:45:22ID: BB  Data: 00 00 00 AA 00 00 00 00 
"
"2016-11-21 14:45:22ID: BC  Data: 00 00 00 AA 00 00 00 00 
"
"2016-11-21 14:45:22ID: BB  Data: 00 00 00 AA 00 00 00 00 
"
"2016-11-21 14:45:22ID: BC  Data: 00 00 00 AA 00 00 00 00 
"
"2016-11-21 14:45:22ID: BB  Data: 00 00 00 AA 00 00 00 00 
"
"2016-11-21 14:45:22ID: BC  Data: 00 00 00 AA 00 00 00 00 
"
"2016-11-21 14:45:22ID: BB  Data: 00 00 00 AA 00 00 00 00 
"
"2016-11-21 14:45:22ID: BC  Data: 00 00 00 AA 00 00 00 00 
"
"2016-11-21 14:45:22ID: BB  Data: 00 00 00 AA 00 00 00 00 
"
"2016-11-21 14:45:22ID: BC  Data: 00 00 00 AA 00 00 00 00 
"
"2016-11-21 14:45:23ID: BB  Data: 00 00 00 AA 00 00 00 00 
"
"2016-11-21 14:45:23ID: BC  Data: 00 00 00 AA 00 00 00 00 
"
"2016-11-21 14:45:23ID: BB  Data: 00 00 00 AA 00 00 00 00 
"
"2016-11-21 14:45:23ID: BC  Data: 00 00 00 AA 00 00 00 00 
"
"2016-11-21 14:45:23ID: BB  Data: 00 00 00 AA 00 00 00 00 
"
"2016-11-21 14:45:23ID: BC  Data: 00 00 00 AA 00 00 00 00 
"
"2016-11-21 14:45:23ID: BB  Data: 00 00 00 AA 00 00 00 00 
"
"2016-11-21 14:45:23ID: BC  Data: 00 00 00 AA 00 00 00 00 
"
"2016-11-21 14:45:23ID: BB  Data: 00 00 00 AA 00 00 00 00 
"
"2016-11-21 14:45:23ID: BC  Data: 00 00 00 AA 00 00 00 00 
"
"2016-11-21 14:45:23ID: BB  Data: 00 00 00 AA 00 00 00 00 
"
"2016-11-21 14:45:23ID: BC  Data: 00 00 00 AA 00 00 00 00 
"
"2016-11-21 14:45:23ID: BB  Data: 00 00 00 AA 00 00 00 00 
"
"2016-11-21 14:45:23ID: BC  Data: 00 00 00 AA 00 00 00 00 
"
"2016-11-21 14:45:23ID: BB  Data: 00 00 00 AA 00 00 00 00 
"
"2016-11-21 14:45:23ID: BC  Data: 00 00 00 AA 00 00 00 00 
"
"2016-11-21 14:45:23ID: BB  Data: 00 00 00 AA 00 00 00 00 
"
"2016-11-21 14:45:23ID: BC  Data: 00 00 00 AA 00 00 00 00 
"
"2016-11-21 14:45:23ID: BB  Data: 00 00 00 AA 00 00 00 00 
"
"2016-11-21 14:45:23ID: BC  Data: 00 00 00 AA 00 00 00 00 
"
"2016-11-21 14:45:23ID: BB  Data: 00 00 00 AA 00 00 00 00 
"
"2016-11-21 14:45:23ID: BC  Data: 00 00 00 AA 00 00 00 00 
"
"2016-11-21 14:45:24ID: BB  Data: 00 00 00 AA 00 00 00 00 
"
"2016-11-21 14:45:24ID: BC  Data: 00 00 00 AA 00 00 00 00 
"
"2016-11-21 14:45:24ID: BB  Data: 00 00 00 AA 00 00 00 00 
"
"2016-11-21 14:45:24ID: BC  Data: 00 00 00 AA 00 00 00 00 
"
"2016-11-21 14:45:24ID: BB  Data: 00 00 00 AA 00 00 00 00 
"
"2016-11-21 14:45:24ID: BC  Data: 00 00 00 AA 00 00 00 00 
"
"2016-11-21 14:45:24ID: BB  Data: 00 00 00 AA 00 00 00 00 
"
"2016-11-21 14:45:24ID: BC  Data: 00 00 00 AA 00 00 00 00 
"
"2016-11-21 14:45:24ID: BB  Data: 00 00 00 AA 00 00 00 00 
"
"2016-11-21 14:45:24ID: BC  Data: 00 00 00 AA 00 00 00 00 
"
"2016-11-21 14:45:24ID: BB  Data: 00 00 00 AA 00 00 00 00 
"
"2016-11-21 14:45:24ID: BC  Data: 00 00 00 AA 00 00 00 00 
"
"2016-11-21 14:45:24ID: BB  Data: 00 00 00 AA 00 00 00 00 
"
"2016-11-21 14:45:24ID: BC  Data: 00 00 00 AA 00 00 00 00 
"
"2016-11-21 14:45:24ID: BB  Data: 00 00 00 AA 00 00 00 00 
"
"2016-11-21 14:45:24ID: BC  Data: 00 00 00 AA 00 00 00 00 
"
"2016-11-21 14:45:24ID: BB  Data: 00 00 00 AA 00 00 00 00 
"
"2016-11-21 14:45:24ID: BC  Data: 00 00 00 AA 00 00 00 00 
"
"2016-11-21 14:45:24ID: BB  Data: 00 00 00 AA 00 00 00 00 
"
"2016-11-21 14:45:24ID: BC  Data: 00 00 00 AA 00 00 00 00 
"
"2016-11-21 14:45:24ID: BB  Data: 00 00 00 AA 00 00 00 00 
"
"2016-11-21 14:45:24ID: BC  Data: 00 00 00 AA 00 00 00 00 
"
"2016-11-21 14:45:25ID: BB  Data: 00 00 00 AA 00 00 00 00 
"
"2016-11-21 14:45:25ID: BC  Data: 00 00 00 AA 00 00 00 00 
"
"2016-11-21 14:45:25ID: BB  Data: 00 00 00 AA 00 00 00 00 
"
"2016-11-21 14:45:25ID: BC  Data: 00 00 00 AA 00 00 00 00 
"
"2016-11-21 14:45:25ID: BB  Data: 00 00 00 AA 00 00 00 00 
"
"2016-11-21 14:45:25ID: BC  Data: 00 00 00 AA 00 00 00 00 
"
"2016-11-21 14:45:25ID: BB  Data: 00 00 00 AA 00 00 00 00 
"
"2016-11-21 14:45:25ID: BC  Data: 00 00 00 AA 00 00 00 00 
"
"2016-11-21 14:45:25ID: BB  Data: 00 00 00 AA 00 00 00 00 
"
"2016-11-21 14:45:25ID: BC  Data: 00 00 00 AA 00 00 00 00 
"
"2016-11-21 14:45:25ID: BB  Data: 00 00 00 AA 00 00 00 00 
"
"2016-11-21 14:45:25ID: BC  Data: 00 00 00 AA 00 00 00 00 
"
"2016-11-21 14:45:25ID: BB  Data: 00 00 00 AA 00 00 00 00 
"
"2016-11-21 14:45:25ID: BC  Data: 00 00 00 AA 00 00 00 00 
"
"2016-11-21 14:45:25ID: BB  Data: 00 00 00 AA 00 00 00 00 
"
"2016-11-21 14:45:25ID: BC  Data: 00 00 00 AA 00 00 00 00 
"
"2016-11-21 14:45:25ID: BB  Data: 00 00 00 AA 00 00 00 00 
"
"2016-11-21 14:45:25ID: BC  Data: 00 00 00 AA 00 00 00 00 
"
"2016-11-21 14:45:25ID: BB  Data: 00 00 00 AA 00 00 00 00 
"
"2016-11-21 14:45:25ID: BC  Data: 00 00 00 AA 00 00 00 00 
"
"2016-11-21 14:45:25ID: BB  Data: 00 00 00 AA 00 00 00 00 
"
"2016-11-21 14:45:25ID: BC  Data: 00 00 00 AA 00 00 00 00 
"
"2016-11-21 14:45:25ID: BB  Data: 00 00 00 AA 00 00 00 00 
"
"2016-11-21 14:45:25ID: BC  Data: 00 00 00 AA 00 00 00 00 
"
"2016-11-21 14:45:26ID: BB  Data: 00 00 00 AA 00 00 00 00 
"
"2016-11-21 14:45:26ID: BC  Data: 00 00 00 AA 00 00 00 00 
"
"2016-11-21 14:45:26ID: BB  Data: 00 00 00 AA 00 00 00 00 
"
"2016-11-21 14:45:26ID: BC  Data: 00 00 00 AA 00 00 00 00 
"
"2016-11-21 14:45:26ID: BB  Data: 00 00 00 AA 00 00 00 00 
"
"2016-11-21 14:45:26ID: BC  Data: 00 00 00 AA 00 00 00 00 
"
"2016-11-21 14:45:26ID: BB  Data: 00 00 00 AA 00 00 00 00 
"
"2016-11-21 14:45:26ID: BC  Data: 00 00 00 AA 00 00 00 00 
"
"2016-11-21 14:45:26ID: BB  Data: 00 00 00 AA 00 00 00 00 
"
"2016-11-21 14:45:26ID: BC  Data: 00 00 00 AA 00 00 00 00 
"
"2016-11-21 14:45:26ID: BB  Data: 00 00 00 AA 00 00 00 00 
"
"2016-11-21 14:45:26ID: BC  Data: 00 00 00 AA 00 00 00 00 
"
"2016-11-21 14:45:26ID: BB  Data: 00 00 00 AA 00 00 00 00 
"
"2016-11-21 14:45:26ID: BC  Data: 00 00 00 AA 00 00 00 00 
"
"2016-11-21 14:45:26ID: BB  Data: 00 00 00 AA 00 00 00 00 
"
"2016-11-21 14:45:26ID: BC  Data: 00 00 00 AA 00 00 00 00 
"
"2016-11-21 14:45:26ID: BB  Data: 00 00 00 AA 00 00 00 00 
"
"2016-11-21 14:45:26ID: BC  Data: 00 00 00 AA 00 00 00 00 
"
"2016-11-21 14:45:26ID: BB  Data: 00 00 00 AA 00 00 00 00 
"
"2016-11-21 14:45:26ID: BC  Data: 00 00 00 AA 00 00 00 00 
"
"2016-11-21 14:45:26ID: BB  Data: 00 00 00 AA 00 00 00 00 
"
"2016-11-21 14:45:26ID: BC  Data: 00 00 00 AA 00 00 00 00 
"
"2016-11-21 14:45:27ID: BB  Data: 00 00 00 AA 00 00 00 00 
"
"2016-11-21 14:45:27ID: BC  Data: 00 00 00 AA 00 00 00 00 
"
"2016-11-21 14:45:27ID: BB  Data: 00 00 00 AA 00 00 00 00 
"
"2016-11-21 14:45:27ID: BC  Data: 00 00 00 AA 00 00 00 00 
"
"2016-11-21 14:45:27ID: BB  Data: 00 00 00 AA 00 00 00 00 
"
"2016-11-21 14:45:27ID: BC  Data: 00 00 00 AA 00 00 00 00 
"
"2016-11-21 14:45:27ID: BB  Data: 00 00 00 AA 00 00 00 00 
"
"2016-11-21 14:45:27ID: BC  Data: 00 00 00 AA 00 00 00 00 
"
"2016-11-21 14:45:27ID: BB  Data: 00 00 00 AA 00 00 00 00 
"
"2016-11-21 14:45:27ID: BC  Data: 00 00 00 AA 00 00 00 00 
"
"2016-11-21 14:45:27ID: BB  Data: 00 00 00 AA 00 00 00 00 
"
"2016-11-21 14:45:27ID: BC  Data: 00 00 00 AA 00 00 00 00 
"
"2016-11-21 14:45:27ID: BB  Data: 00 00 00 AA 00 00 00 00 
"
"2016-11-21 14:45:27ID: BC  Data: 00 00 00 AA 00 00 00 00 
"
"2016-11-21 14:45:27ID: BB  Data: 00 00 00 AA 00 00 00 00 
"
"2016-11-21 14:45:27ID: BC  Data: 00 00 00 AA 00 00 00 00 
"
"2016-11-21 14:45:27ID: BB  Data: 00 00 00 AA 00 00 00 00 
"
"2016-11-21 14:45:27ID: BC  Data: 00 00 00 AA 00 00 00 00 
"
"2016-11-21 14:45:27ID: BB  Data: 00 00 00 AA 00 00 00 00 
"
"2016-11-21 14:45:27ID: BC  Data: 00 00 00 AA 00 00 00 00 
"
"2016-11-21 14:45:27ID: BB  Data: 00 00 00 AA 00 00 00 00 
"
"2016-11-21 14:45:27ID: BC  Data: 00 00 00 AA 00 00 00 00 
"
"2016-11-21 14:45:27ID: BB  Data: 00 00 00 AA 00 00 00 00 
"
"2016-11-21 14:45:27ID: BC  Data: 00 00 00 AA 00 00 00 00 
"
"2016-11-21 14:45:28ID: BB  Data: 00 00 00 AA 00 00 00 00 
"
"2016-11-21 14:45:28ID: BC  Data: 00 00 00 AA 00 00 00 00 
"
"2016-11-21 14:45:28ID: BB  Data: 00 00 00 AA 00 00 00 00 
"
"2016-11-21 14:45:28ID: BC  Data: 00 00 00 AA 00 00 00 00 
"
"2016-11-21 14:45:28ID: BB  Data: 00 00 00 AA 00 00 00 00 
"
"2016-11-21 14:45:28ID: BC  Data: 00 00 00 AA 00 00 00 00 
"
"2016-11-21 14:45:28ID: BB  Data: 00 00 00 AA 00 00 00 00 
"
"2016-11-21 14:45:28ID: BC  Data: 00 00 00 AA 00 00 00 00 
"
"2016-11-21 14:45:28ID: BB  Data: 00 00 00 AA 00 00 00 00 
"
"2016-11-21 14:45:28ID: BC  Data: 00 00 00 AA 00 00 00 00 
"
"2016-11-21 14:45:28ID: BB  Data: 00 00 00 AA 00 00 00 00 
"
"2016-11-21 14:45:28ID: BC  Data: 00 00 00 AA 00 00 00 00 
"
"2016-11-21 14:45:28ID: BB  Data: 00 00 00 AA 00 00 00 00 
"
"2016-11-21 14:45:28ID: BC  Data: 00 00 00 AA 00 00 00 00 
"
"2016-11-21 14:45:28ID: BB  Data: 00 00 00 AA 00 00 00 00 
"
"2016-11-21 14:45:28ID: BC  Data: 00 00 00 AA 00 00 00 00 
"
"2016-11-21 14:45:28ID: BB  Data: 00 00 00 AA 00 00 00 00 
"
"2016-11-21 14:45:28ID: BC  Data: 00 00 00 AA 00 00 00 00 
"
"2016-11-21 14:45:28ID: BB  Data: 00 00 00 AA 00 00 00 00 
"
"2016-11-21 14:45:28ID: BC  Data: 00 00 00 AA 00 00 00 00 
"
"2016-11-21 14:45:28ID: BB  Data: 00 00 00 AA 00 00 00 00 
"
"2016-11-21 14:45:28ID: BC  Data: 00 00 00 AA 00 00 00 00 
"
"2016-11-21 14:45:29ID: BB  Data: 00 00 00 AA 00 00 00 00 
"
"2016-11-21 14:45:29ID: BC  Data: 00 00 00 AA 00 00 00 00 
"
"2016-11-21 14:45:29ID: BB  Data: 00 00 00 AA 00 00 00 00 
"
"2016-11-21 14:45:29ID: BC  Data: 00 00 00 AA 00 00 00 00 
"
"2016-11-21 14:45:29ID: BB  Data: 00 00 00 AA 00 00 00 00 
"
"2016-11-21 14:45:29ID: BC  Data: 00 00 00 AA 00 00 00 00 
"
"2016-11-21 14:45:29ID: BB  Data: 00 00 00 AA 00 00 00 00 
"
"2016-11-21 14:45:29ID: BC  Data: 00 00 00 AA 00 00 00 00 
"
"2016-11-21 14:45:29ID: BB  Data: 00 00 00 AA 00 00 00 00 
"
"2016-11-21 14:45:29ID: BC  Data: 00 00 00 AA 00 00 00 00 
"
"2016-11-21 14:45:29ID: BB  Data: 00 00 00 AA 00 00 00 00 
"
"2016-11-21 14:45:29ID: BC  Data: 00 00 00 AA 00 00 00 00 
"
"2016-11-21 14:45:29ID: BB  Data: 00 00 00 AA 00 00 00 00 
"
"2016-11-21 14:45:29ID: BC  Data: 00 00 00 AA 00 00 00 00 
"
"2016-11-21 14:45:29ID: BB  Data: 00 00 00 AA 00 00 00 00 
"
"2016-11-21 14:45:29ID: BC  Data: 00 00 00 AA 00 00 00 00 
"
"2016-11-21 14:45:29ID: BB  Data: 00 00 00 AA 00 00 00 00 
"
"2016-11-21 14:45:29ID: BC  Data: 00 00 00 AA 00 00 00 00 
"
"2016-11-21 14:45:29ID: BB  Data: 00 00 00 AA 00 00 00 00 
"
"2016-11-21 14:45:29ID: BC  Data: 00 00 00 AA 00 00 00 00 
"
"2016-11-21 14:45:29ID: BB  Data: 00 00 00 AA 00 00 00 00 
"
"2016-11-21 14:45:29ID: BC  Data: 00 00 00 AA 00 00 00 00 
"
"2016-11-21 14:45:30ID: BB  Data: 00 00 00 AA 00 00 00 00 
"
"2016-11-21 14:45:30ID: BC  Data: 00 00 00 AA 00 00 00 00 
"
"2016-11-21 14:45:30ID: BB  Data: 00 00 00 AA 00 00 00 00 
"
"2016-11-21 14:45:30ID: BC  Data: 00 00 00 AA 00 00 00 00 
"
"2016-11-21 14:45:30ID: BB  Data: 00 00 00 AA 00 00 00 00 
"
"2016-11-21 14:45:30ID: BC  Data: 00 00 00 AA 00 00 00 00 
"
"2016-11-21 14:45:30ID: BB  Data: 00 00 00 AA 00 00 00 00 
"
"2016-11-21 14:45:30ID: BC  Data: 00 00 00 AA 00 00 00 00 
"
"2016-11-21 14:45:30ID: BB  Data: 00 00 00 AA 00 00 00 00 
"
"2016-11-21 14:45:30ID: BC  Data: 00 00 00 AA 00 00 00 00 
"
"2016-11-21 14:45:30ID: BB  Data: 00 00 00 AA 00 00 00 00 
"
"2016-11-21 14:45:30ID: BC  Data: 00 00 00 AA 00 00 00 00 
"
"2016-11-21 14:45:30ID: BB  Data: 00 00 00 AA 00 00 00 00 
"
"2016-11-21 14:45:30ID: BC  Data: 00 00 00 AA 00 00 00 00 
"
"2016-11-21 14:45:30ID: BB  Data: 00 00 00 AA 00 00 00 00 
"
"2016-11-21 14:45:30ID: BC  Data: 00 00 00 AA 00 00 00 00 
"
"2016-11-21 14:45:30ID: BB  Data: 00 00 00 AA 00 00 00 00 
"
"2016-11-21 14:45:30ID: BC  Data: 00 00 00 AA 00 00 00 00 
"
"2016-11-21 14:45:30ID: BB  Data: 00 00 00 AA 00 00 00 00 
"
"2016-11-21 14:45:30ID: BC  Data: 00 00 00 AA 00 00 00 00 
"
"2016-11-21 14:45:30ID: BB  Data: 00 00 00 AA 00 00 00 00 
"
"2016-11-21 14:45:30ID: BC  Data: 00 00 00 AA 00 00 00 00 
"
"2016-11-21 14:45:30ID: BB  Data: 00 00 00 AA 00 00 00 00 
"
"2016-11-21 14:45:30ID: BC  Data: 00 00 00 AA 00 00 00 00 
"
"2016-11-21 14:45:31ID: BB  Data: 00 00 00 AA 00 00 00 00 
"
"2016-11-21 14:45:31ID: BC  Data: 00 00 00 AA 00 00 00 00 
"
"2016-11-21 14:45:31ID: BB  Data: 00 00 00 AA 00 00 00 00 
"
"2016-11-21 14:45:31ID: BC  Data: 00 00 00 AA 00 00 00 00 
"
"2016-11-21 14:45:31ID: BB  Data: 00 00 00 AA 00 00 00 00 
"
"2016-11-21 14:45:31ID: BC  Data: 00 00 00 AA 00 00 00 00 
"
"2016-11-21 14:45:31ID: BB  Data: 00 00 00 AA 00 00 00 00 
"
"2016-11-21 14:45:31ID: BC  Data: 00 00 00 AA 00 00 00 00 
"
"2016-11-21 14:45:31ID: BB  Data: 00 00 00 AA 00 00 00 00 
"
"2016-11-21 14:45:31ID: BC  Data: 00 00 00 AA 00 00 00 00 
"
"2016-11-21 14:45:31ID: BB  Data: 00 00 00 AA 00 00 00 00 
"
"2016-11-21 14:45:31ID: BC  Data: 00 00 00 AA 00 00 00 00 
"
"2016-11-21 14:45:31ID: BB  Data: 00 00 00 AA 00 00 00 00 
"
"2016-11-21 14:45:31ID: BC  Data: 00 00 00 AA 00 00 00 00 
"
"2016-11-21 14:45:31ID: BB  Data: 00 00 00 AA 00 00 00 00 
"
"2016-11-21 14:45:31ID: BC  Data: 00 00 00 AA 00 00 00 00 
"
"2016-11-21 14:45:31ID: BB  Data: 00 00 00 AA 00 00 00 00 
"
"2016-11-21 14:45:31ID: BC  Data: 00 00 00 AA 00 00 00 00 
"
"2016-11-21 14:45:31ID: BB  Data: 00 00 00 AA 00 00 00 00 
"
"2016-11-21 14:45:31ID: BC  Data: 00 00 00 AA 00 00 00 00 
"
"2016-11-21 14:45:31ID: BB  Data: 00 00 00 AA 00 00 00 00 
"
"2016-11-21 14:45:31ID: BC  Data: 00 00 00 AA 00 00 00 00 
"
"2016-11-21 14:45:32ID: BB  Data: 00 00 00 AA 00 00 00 00 
"
"2016-11-21 14:45:32ID: BC  Data: 00 00 00 AA 00 00 00 00 
"
"2016-11-21 14:45:32ID: BB  Data: 00 00 00 AA 00 00 00 00 
"
"2016-11-21 14:45:32ID: BC  Data: 00 00 00 AA 00 00 00 00 
"
"2016-11-21 14:45:32ID: BB  Data: 00 00 00 AA 00 00 00 00 
"
"2016-11-21 14:45:32ID: BC  Data: 00 00 00 AA 00 00 00 00 
"
"2016-11-21 14:45:32ID: BB  Data: 00 00 00 AA 00 00 00 00 
"
"2016-11-21 14:45:32ID: BC  Data: 00 00 00 AA 00 00 00 00 
"
"2016-11-21 14:45:32ID: BB  Data: 00 00 00 AA 00 00 00 00 
"
"2016-11-21 14:45:32ID: BC  Data: 00 00 00 AA 00 00 00 00 
"
"2016-11-21 14:45:32ID: BB  Data: 00 00 00 AA 00 00 00 00 
"
"2016-11-21 14:45:32ID: BC  Data: 00 00 00 AA 00 00 00 00 
"
"2016-11-21 14:45:32ID: BB  Data: 00 00 00 AA 00 00 00 00 
"
"2016-11-21 14:45:32ID: BC  Data: 00 00 00 AA 00 00 00 00 
"
"2016-11-21 14:45:32ID: BB  Data: 00 00 00 AA 00 00 00 00 
"
"2016-11-21 14:45:32ID: BC  Data: 00 00 00 AA 00 00 00 00 
"
"2016-11-21 14:45:32ID: BB  Data: 00 00 00 AA 00 00 00 00 
"
"2016-11-21 14:45:32ID: BC  Data: 00 00 00 AA 00 00 00 00 
"
"2016-11-21 14:45:32ID: BB  Data: 00 00 00 AA 00 00 00 00 
"
"2016-11-21 14:45:32ID: BC  Data: 00 00 00 AA 00 00 00 00 
"
"2016-11-21 14:45:32ID: BB  Data: 00 00 00 AA 00 00 00 00 
"
"2016-11-21 14:45:32ID: BC  Data: 00 00 00 AA 00 00 00 00 
"
"2016-11-21 14:45:32ID: BB  Data: 00 00 00 AA 00 00 00 00 
"
"2016-11-21 14:45:33ID: BC  Data: 00 00 00 AA 00 00 00 00 
"
"2016-11-21 14:45:33ID: BB  Data: 00 00 00 AA 00 00 00 00 
"
"2016-11-21 14:45:33ID: BC  Data: 00 00 00 AA 00 00 00 00 
"
"2016-11-21 14:45:33ID: BB  Data: 00 00 00 AA 00 00 00 00 
"
"2016-11-21 14:45:33ID: BC  Data: 00 00 00 AA 00 00 00 00 
"
"2016-11-21 14:45:33ID: BB  Data: 00 00 00 AA 00 00 00 00 
"
"2016-11-21 14:45:33ID: BC  Data: 00 00 00 AA 00 00 00 00 
"
"2016-11-21 14:45:33ID: BB  Data: 00 00 00 AA 00 00 00 00 
"
"2016-11-21 14:45:33ID: BC  Data: 00 00 00 AA 00 00 00 00 
"
"2016-11-21 14:45:33ID: BB  Data: 00 00 00 AA 00 00 00 00 
"
"2016-11-21 14:45:33ID: BC  Data: 00 00 00 AA 00 00 00 00 
"
"2016-11-21 14:45:33ID: BB  Data: 00 00 00 AA 00 00 00 00 
"
"2016-11-21 14:45:33ID: BC  Data: 00 00 00 AA 00 00 00 00 
"
"2016-11-21 14:45:33ID: BB  Data: 00 00 00 AA 00 00 00 00 
"
"2016-11-21 14:45:33ID: BC  Data: 00 00 00 AA 00 00 00 00 
"
"2016-11-21 14:45:33ID: BB  Data: 00 00 00 AA 00 00 00 00 
"
"2016-11-21 14:45:33ID: BC  Data: 00 00 00 AA 00 00 00 00 
"
"2016-11-21 14:45:33ID: BB  Data: 00 00 00 AA 00 00 00 00 
"
"2016-11-21 14:45:33ID: BC  Data: 00 00 00 AA 00 00 00 00 
"
"2016-11-21 14:45:33ID: BB  Data: 00 00 00 AA 00 00 00 00 
"
"2016-11-21 14:45:33ID: BC  Data: 00 00 00 AA 00 00 00 00 
"
"2016-11-21 14:45:33ID: BB  Data: 00 00 00 AA 00 00 00 00 
"
"2016-11-21 14:45:33ID: BC  Data: 00 00 00 AA 00 00 00 00 
"
"2016-11-21 14:45:34ID: BB  Data: 00 00 00 AA 00 00 00 00 
"
"2016-11-21 14:45:34ID: BC  Data: 00 00 00 AA 00 00 00 00 
"
"2016-11-21 14:45:34ID: BB  Data: 00 00 00 AA 00 00 00 00 
"
"2016-11-21 14:45:34ID: BC  Data: 00 00 00 AA 00 00 00 00 
"
"2016-11-21 14:45:34ID: BB  Data: 00 00 00 AA 00 00 00 00 
"
"2016-11-21 14:45:34ID: BC  Data: 00 00 00 AA 00 00 00 00 
"
"2016-11-21 14:45:34ID: BB  Data: 00 00 00 AA 00 00 00 00 
"
"2016-11-21 14:45:34ID: BC  Data: 00 00 00 AA 00 00 00 00 
"
"2016-11-21 14:45:34ID: BB  Data: 00 00 00 AA 00 00 00 00 
"
"2016-11-21 14:45:34ID: BC  Data: 00 00 00 AA 00 00 00 00 
"
"2016-11-21 14:45:34ID: BB  Data: 00 00 00 AA 00 00 00 00 
"
"2016-11-21 14:45:34ID: BC  Data: 00 00 00 AA 00 00 00 00 
"
"2016-11-21 14:45:34ID: BB  Data: 00 00 00 AA 00 00 00 00 
"
"2016-11-21 14:45:34ID: BC  Data: 00 00 00 AA 00 00 00 00 
"
"2016-11-21 14:45:34ID: BB  Data: 00 00 00 AA 00 00 00 00 
"
"2016-11-21 14:45:34ID: BC  Data: 00 00 00 AA 00 00 00 00 
"
"2016-11-21 14:45:34ID: BB  Data: 00 00 00 AA 00 00 00 00 
"
"2016-11-21 14:45:34ID: BC  Data: 00 00 00 AA 00 00 00 00 
"
"2016-11-21 14:45:34ID: BB  Data: 00 00 00 AA 00 00 00 00 
"
"2016-11-21 14:45:34ID: BC  Data: 00 00 00 AA 00 00 00 00 
"
"2016-11-21 14:45:34ID: BB  Data: 00 00 00 AA 00 00 00 00 
"
"2016-11-21 14:45:34ID: BC  Data: 00 00 00 AA 00 00 00 00 
"
"2016-11-21 14:45:35ID: BB  Data: 00 00 00 AA 00 00 00 00 
"
"2016-11-21 14:45:35ID: BC  Data: 00 00 00 AA 00 00 00 00 
"
"2016-11-21 14:45:35ID: BB  Data: 00 00 00 AA 00 00 00 00 
"
"2016-11-21 14:45:35ID: BC  Data: 00 00 00 AA 00 00 00 00 
"
"2016-11-21 14:45:35ID: BB  Data: 00 00 00 AA 00 00 00 00 
"
"2016-11-21 14:45:35ID: BC  Data: 00 00 00 AA 00 00 00 00 
"
"2016-11-21 14:45:35ID: BB  Data: 00 00 00 AA 00 00 00 00 
"
"2016-11-21 14:45:35ID: BC  Data: 00 00 00 AA 00 00 00 00 
"
"2016-11-21 14:45:35ID: BB  Data: 00 00 00 AA 00 00 00 00 
"
"2016-11-21 14:45:35ID: BC  Data: 00 00 00 AA 00 00 00 00 
"
"2016-11-21 14:45:35ID: BB  Data: 00 00 00 AA 00 00 00 00 
"
"2016-11-21 14:45:35ID: BC  Data: 00 00 00 AA 00 00 00 00 
"
"2016-11-21 14:45:35ID: BB  Data: 00 00 00 AA 00 00 00 00 
"
"2016-11-21 14:45:35ID: BC  Data: 00 00 00 AA 00 00 00 00 
"
"2016-11-21 14:45:35ID: BB  Data: 00 00 00 AA 00 00 00 00 
"
"2016-11-21 14:45:35ID: BC  Data: 00 00 00 AA 00 00 00 00 
"
"2016-11-21 14:45:35ID: BB  Data: 00 00 00 AA 00 00 00 00 
"
"2016-11-21 14:45:35ID: BC  Data: 00 00 00 AA 00 00 00 00 
"
"2016-11-21 14:45:35ID: BB  Data: 00 00 00 AA 00 00 00 00 
"
"2016-11-21 14:45:35ID: BC  Data: 00 00 00 AA 00 00 00 00 
"
"2016-11-21 14:45:35ID: BB  Data: 00 00 00 AA 00 00 00 00 
"
"2016-11-21 14:45:35ID: BC  Data: 00 00 00 AA 00 00 00 00 
"
"2016-11-21 14:45:35ID: BB  Data: 00 00 00 AA 00 00 00 00 
"
"2016-11-21 14:45:35ID: BC  Data: 00 00 00 AA 00 00 00 00 
"
"2016-11-21 14:45:36ID: BB  Data: 00 00 00 AA 00 00 00 00 
"
"2016-11-21 14:45:36ID: BC  Data: 00 00 00 AA 00 00 00 00 
"
"2016-11-21 14:45:36ID: BB  Data: 00 00 00 AA 00 00 00 00 
"
"2016-11-21 14:45:36ID: BC  Data: 00 00 00 AA 00 00 00 00 
"
"2016-11-21 14:45:36ID: BB  Data: 00 00 00 AA 00 00 00 00 
"
"2016-11-21 14:45:36ID: BC  Data: 00 00 00 AA 00 00 00 00 
"
"2016-11-21 14:45:36ID: BB  Data: 00 00 00 AA 00 00 00 00 
"
"2016-11-21 14:45:36ID: BC  Data: 00 00 00 AA 00 00 00 00 
"
"2016-11-21 14:45:36ID: BB  Data: 00 00 00 AA 00 00 00 00 
"
"2016-11-21 14:45:36ID: BC  Data: 00 00 00 AA 00 00 00 00 
"
"2016-11-21 14:45:36ID: BB  Data: 00 00 00 AA 00 00 00 00 
"
"2016-11-21 14:45:36ID: BC  Data: 00 00 00 AA 00 00 00 00 
"
"2016-11-21 14:45:36ID: BB  Data: 00 00 00 AA 00 00 00 00 
"
"2016-11-21 14:45:36ID: BC  Data: 00 00 00 AA 00 00 00 00 
"
"2016-11-21 14:45:36ID: BB  Data: 00 00 00 AA 00 00 00 00 
"
"2016-11-21 14:45:36ID: BC  Data: 00 00 00 AA 00 00 00 00 
"
"2016-11-21 14:45:36ID: BB  Data: 00 00 00 AA 00 00 00 00 
"
"2016-11-21 14:45:36ID: BC  Data: 00 00 00 AA 00 00 00 00 
"
"2016-11-21 14:45:36ID: BB  Data: 00 00 00 AA 00 00 00 00 
"
"2016-11-21 14:45:36ID: BC  Data: 00 00 00 AA 00 00 00 00 
"
"2016-11-21 14:45:36ID: BB  Data: 00 00 00 AA 00 00 00 00 
"
"2016-11-21 14:45:36ID: BC  Data: 00 00 00 AA 00 00 00 00 
"
"2016-11-21 14:45:37ID: BB  Data: 00 00 00 AA 00 00 00 00 
"
"2016-11-21 14:45:37ID: BC  Data: 00 00 00 AA 00 00 00 00 
"
"2016-11-21 14:45:37ID: BB  Data: 00 00 00 AA 00 00 00 00 
"
"2016-11-21 14:45:37ID: BC  Data: 00 00 00 AA 00 00 00 00 
"
"2016-11-21 14:45:37ID: BB  Data: 00 00 00 AA 00 00 00 00 
"
"2016-11-21 14:45:37ID: BC  Data: 00 00 00 AA 00 00 00 00 
"
"2016-11-21 14:45:37ID: BB  Data: 00 00 00 AA 00 00 00 00 
"
"2016-11-21 14:45:37ID: BC  Data: 00 00 00 AA 00 00 00 00 
"
"2016-11-21 14:45:37ID: BB  Data: 00 00 00 AA 00 00 00 00 
"
"2016-11-21 14:45:37ID: BC  Data: 00 00 00 AA 00 00 00 00 
"
"2016-11-21 14:45:37ID: BB  Data: 00 00 00 AA 00 00 00 00 
"
"2016-11-21 14:45:37ID: BC  Data: 00 00 00 AA 00 00 00 00 
"
"2016-11-21 14:45:37ID: BB  Data: 00 00 00 AA 00 00 00 00 
"
"2016-11-21 14:45:37ID: BC  Data: 00 00 00 AA 00 00 00 00 
"
"2016-11-21 14:45:37ID: BB  Data: 00 00 00 AA 00 00 00 00 
"
"2016-11-21 14:45:37ID: BC  Data: 00 00 00 AA 00 00 00 00 
"
"2016-11-21 14:45:37ID: BB  Data: 00 00 00 AA 00 00 00 00 
"
"2016-11-21 14:45:37ID: BC  Data: 00 00 00 AA 00 00 00 00 
"
"2016-11-21 14:45:37ID: BB  Data: 00 00 00 AA 00 00 00 00 
"
"2016-11-21 14:45:37ID: BC  Data: 00 00 00 AA 00 00 00 00 
"
"2016-11-21 14:45:37ID: BB  Data: 00 00 00 AA 00 00 00 00 
"
"2016-11-21 14:45:37ID: BC  Data: 00 00 00 AA 00 00 00 00 
"
"2016-11-21 14:45:38ID: BB  Data: 00 00 00 AA 00 00 00 00 
"
"2016-11-21 14:45:38ID: BC  Data: 00 00 00 AA 00 00 00 00 
"
"2016-11-21 14:45:38ID: BB  Data: 00 00 00 AA 00 00 00 00 
"
"2016-11-21 14:45:38ID: BC  Data: 00 00 00 AA 00 00 00 00 
"
"2016-11-21 14:45:38ID: BB  Data: 00 00 00 AA 00 00 00 00 
"
"2016-11-21 14:45:38ID: BC  Data: 00 00 00 AA 00 00 00 00 
"
"2016-11-21 14:45:38ID: BB  Data: 00 00 00 AA 00 00 00 00 
"
"2016-11-21 14:45:38ID: BC  Data: 00 00 00 AA 00 00 00 00 
"
"2016-11-21 14:45:38ID: BB  Data: 00 00 00 AA 00 00 00 00 
"
"2016-11-21 14:45:38ID: BC  Data: 00 00 00 AA 00 00 00 00 
"
"2016-11-21 14:45:38ID: BB  Data: 00 00 00 AA 00 00 00 00 
"
"2016-11-21 14:45:38ID: BC  Data: 00 00 00 AA 00 00 00 00 
"
"2016-11-21 14:45:38ID: BB  Data: 00 00 00 AA 00 00 00 00 
"
"2016-11-21 14:45:38ID: BC  Data: 00 00 00 AA 00 00 00 00 
"
"2016-11-21 14:45:38ID: BB  Data: 00 00 00 AA 00 00 00 00 
"
"2016-11-21 14:45:38ID: BC  Data: 00 00 00 AA 00 00 00 00 
"
"2016-11-21 14:45:38ID: BB  Data: 00 00 00 AA 00 00 00 00 
"
"2016-11-21 14:45:38ID: BC  Data: 00 00 00 AA 00 00 00 00 
"
"2016-11-21 14:45:38ID: BB  Data: 00 00 00 AA 00 00 00 00 
"
"2016-11-21 14:45:38ID: BC  Data: 00 00 00 AA 00 00 00 00 
"
"2016-11-21 14:45:38ID: BB  Data: 00 00 00 AA 00 00 00 00 
"
"2016-11-21 14:45:38ID: BC  Data: 00 00 00 AA 00 00 00 00 
"
"2016-11-21 14:45:38ID: BB  Data: 00 00 00 AA 00 00 00 00 
"
"2016-11-21 14:45:38ID: BC  Data: 00 00 00 AA 00 00 00 00 
"
"2016-11-21 14:45:39ID: BB  Data: 00 00 00 AA 00 00 00 00 
"
"2016-11-21 14:45:39ID: BC  Data: 00 00 00 AA 00 00 00 00 
"
"2016-11-21 14:45:39ID: BB  Data: 00 00 00 AA 00 00 00 00 
"
"2016-11-21 14:45:39ID: BC  Data: 00 00 00 AA 00 00 00 00 
"
"2016-11-21 14:45:39ID: BB  Data: 00 00 00 AA 00 00 00 00 
"
"2016-11-21 14:45:39ID: BC  Data: 00 00 00 AA 00 00 00 00 
"
"2016-11-21 14:45:39ID: BB  Data: 00 00 00 AA 00 00 00 00 
"
"2016-11-21 14:45:39ID: BC  Data: 00 00 00 AA 00 00 00 00 
"
"2016-11-21 14:45:39ID: BB  Data: 00 00 00 AA 00 00 00 00 
"
"2016-11-21 14:45:39ID: BC  Data: 00 00 00 AA 00 00 00 00 
"
"2016-11-21 14:45:39ID: BB  Data: 00 00 00 AA 00 00 00 00 
"
"2016-11-21 14:45:39ID: BC  Data: 00 00 00 AA 00 00 00 00 
"
"2016-11-21 14:45:39ID: BB  Data: 00 00 00 AA 00 00 00 00 
"
"2016-11-21 14:45:39ID: BC  Data: 00 00 00 AA 00 00 00 00 
"
"2016-11-21 14:45:39ID: BB  Data: 00 00 00 AA 00 00 00 00 
"
"2016-11-21 14:45:39ID: BC  Data: 00 00 00 AA 00 00 00 00 
"
"2016-11-21 14:45:39ID: BB  Data: 00 00 00 AA 00 00 00 00 
"
"2016-11-21 14:45:39ID: BC  Data: 00 00 00 AA 00 00 00 00 
"
"2016-11-21 14:45:39ID: BB  Data: 00 00 00 AA 00 00 00 00 
"
"2016-11-21 14:45:39ID: BC  Data: 00 00 00 AA 00 00 00 00 
"
"2016-11-21 14:45:39ID: BB  Data: 00 00 00 AA 00 00 00 00 
"
"2016-11-21 14:45:39ID: BC  Data: 00 00 00 AA 00 00 00 00 
"
"2016-11-21 14:45:40ID: BB  Data: 00 00 00 AA 00 00 00 00 
"
"2016-11-21 14:45:40ID: BC  Data: 00 00 00 AA 00 00 00 00 
"
"2016-11-21 14:45:40ID: BB  Data: 00 00 00 AA 00 00 00 00 
"
"2016-11-21 14:45:40ID: BC  Data: 00 00 00 AA 00 00 00 00 
"
"2016-11-21 14:45:40ID: BB  Data: 00 00 00 AA 00 00 00 00 
"
"2016-11-21 14:45:40ID: BC  Data: 00 00 00 AA 00 00 00 00 
"
"2016-11-21 14:45:40ID: BB  Data: 00 00 00 AA 00 00 00 00 
"
"2016-11-21 14:45:40ID: BC  Data: 00 00 00 AA 00 00 00 00 
"
"2016-11-21 14:45:40ID: BB  Data: 00 00 00 AA 00 00 00 00 
"
"2016-11-21 14:45:40ID: BC  Data: 00 00 00 AA 00 00 00 00 
"
"2016-11-21 14:45:40ID: BB  Data: 00 00 00 AA 00 00 00 00 
"
"2016-11-21 14:45:40ID: BC  Data: 00 00 00 AA 00 00 00 00 
"
"2016-11-21 14:45:40ID: BB  Data: 00 00 00 AA 00 00 00 00 
"
"2016-11-21 14:45:40ID: BC  Data: 00 00 00 AA 00 00 00 00 
"
"2016-11-21 14:45:40ID: BB  Data: 00 00 00 AA 00 00 00 00 
"
"2016-11-21 14:45:40ID: BC  Data: 00 00 00 AA 00 00 00 00 
"
"2016-11-21 14:45:40ID: BB  Data: 00 00 00 AA 00 00 00 00 
"
"2016-11-21 14:45:40ID: BC  Data: 00 00 00 AA 00 00 00 00 
"
"2016-11-21 14:45:40ID: BB  Data: 00 00 00 AA 00 00 00 00 
"
"2016-11-21 14:45:40ID: BC  Data: 00 00 00 AA 00 00 00 00 
"
"2016-11-21 14:45:40ID: BB  Data: 00 00 00 AA 00 00 00 00 
"
"2016-11-21 14:45:40ID: BC  Data: 00 00 00 AA 00 00 00 00 
"
"2016-11-21 14:45:40ID: BB  Data: 00 00 00 AA 00 00 00 00 
"
"2016-11-21 14:45:41ID: BC  Data: 00 00 00 AA 00 00 00 00 
"
"2016-11-21 14:45:41ID: BB  Data: 00 00 00 AA 00 00 00 00 
"
"2016-11-21 14:45:41ID: BC  Data: 00 00 00 AA 00 00 00 00 
"
"2016-11-21 14:45:41ID: BB  Data: 00 00 00 AA 00 00 00 00 
"
"2016-11-21 14:45:41ID: BC  Data: 00 00 00 AA 00 00 00 00 
"
"2016-11-21 14:45:41ID: BB  Data: 00 00 00 AA 00 00 00 00 
"
"2016-11-21 14:45:41ID: BC  Data: 00 00 00 AA 00 00 00 00 
"
"2016-11-21 14:45:41ID: BB  Data: 00 00 00 AA 00 00 00 00 
"
"2016-11-21 14:45:41ID: BC  Data: 00 00 00 AA 00 00 00 00 
"
"2016-11-21 14:45:41ID: BB  Data: 00 00 00 AA 00 00 00 00 
"
"2016-11-21 14:45:41ID: BC  Data: 00 00 00 AA 00 00 00 00 
"
"2016-11-21 14:45:41ID: BB  Data: 00 00 00 AA 00 00 00 00 
"
"2016-11-21 14:45:41ID: BC  Data: 00 00 00 AA 00 00 00 00 
"
"2016-11-21 14:45:41ID: BB  Data: 00 00 00 AA 00 00 00 00 
"
"2016-11-21 14:45:41ID: BC  Data: 00 00 00 AA 00 00 00 00 
"
"2016-11-21 14:45:41ID: BB  Data: 00 00 00 AA 00 00 00 00 
"
"2016-11-21 14:45:41ID: BC  Data: 00 00 00 AA 00 00 00 00 
"
"2016-11-21 14:45:41ID: BB  Data: 00 00 00 AA 00 00 00 00 
"
"2016-11-21 14:45:41ID: BC  Data: 00 00 00 AA 00 00 00 00 
"
"2016-11-21 14:45:41ID: BB  Data: 00 00 00 AA 00 00 00 00 
"
"2016-11-21 14:45:41ID: BC  Data: 00 00 00 AA 00 00 00 00 
"
"2016-11-21 14:45:41ID: BB  Data: 00 00 00 AA 00 00 00 00 
"
"2016-11-21 14:45:41ID: BC  Data: 00 00 00 AA 00 00 00 00 
"
"2016-11-21 14:45:42ID: BB  Data: 00 00 00 AA 00 00 00 00 
"
"2016-11-21 14:45:42ID: BC  Data: 00 00 00 AA 00 00 00 00 
"
"2016-11-21 14:45:42ID: BB  Data: 00 00 00 AA 00 00 00 00 
"
"2016-11-21 14:45:42ID: BC  Data: 00 00 00 AA 00 00 00 00 
"
"2016-11-21 14:45:42ID: BB  Data: 00 00 00 AA 00 00 00 00 
"
"2016-11-21 14:45:42ID: BC  Data: 00 00 00 AA 00 00 00 00 
"
"2016-11-21 14:45:42ID: BB  Data: 00 00 00 AA 00 00 00 00 
"
"2016-11-21 14:45:42ID: BC  Data: 00 00 00 AA 00 00 00 00 
"
"2016-11-21 14:45:42ID: BB  Data: 00 00 00 AA 00 00 00 00 
"
"2016-11-21 14:45:42ID: BC  Data: 00 00 00 AA 00 00 00 00 
"
"2016-11-21 14:45:42ID: BB  Data: 00 00 00 AA 00 00 00 00 
"
"2016-11-21 14:45:42ID: BC  Data: 00 00 00 AA 00 00 00 00 
"
"2016-11-21 14:45:42ID: BB  Data: 00 00 00 AA 00 00 00 00 
"
"2016-11-21 14:45:42ID: BC  Data: 00 00 00 AA 00 00 00 00 
"
"2016-11-21 14:45:42ID: BB  Data: 00 00 00 AA 00 00 00 00 
"
"2016-11-21 14:45:42ID: BC  Data: 00 00 00 AA 00 00 00 00 
"
"2016-11-21 14:45:42ID: BB  Data: 00 00 00 AA 00 00 00 00 
"
"2016-11-21 14:45:42ID: BC  Data: 00 00 00 AA 00 00 00 00 
"
"2016-11-21 14:45:42ID: BB  Data: 00 00 00 AA 00 00 00 00 
"
"2016-11-21 14:45:42ID: BC  Data: 00 00 00 AA 00 00 00 00 
"
"2016-11-21 14:45:42ID: BB  Data: 00 00 00 AA 00 00 00 00 
"
"2016-11-21 14:45:42ID: BC  Data: 00 00 00 AA 00 00 00 00 
"
"2016-11-21 14:45:43ID: BB  Data: 00 00 00 AA 00 00 00 00 
"
"2016-11-21 14:45:43ID: BC  Data: 00 00 00 AA 00 00 00 00 
"
"2016-11-21 14:45:43ID: BB  Data: 00 00 00 AA 00 00 00 00 
"
"2016-11-21 14:45:43ID: BC  Data: 00 00 00 AA 00 00 00 00 
"
"2016-11-21 14:45:43ID: BB  Data: 00 00 00 AA 00 00 00 00 
"
"2016-11-21 14:45:43ID: BC  Data: 00 00 00 AA 00 00 00 00 
"
"2016-11-21 14:45:43ID: BB  Data: 00 00 00 AA 00 00 00 00 
"
"2016-11-21 14:45:43ID: BC  Data: 00 00 00 AA 00 00 00 00 
"
"2016-11-21 14:45:43ID: BB  Data: 00 00 00 AA 00 00 00 00 
"
"2016-11-21 14:45:43ID: BC  Data: 00 00 00 AA 00 00 00 00 
"
"2016-11-21 14:45:43ID: BB  Data: 00 00 00 AA 00 00 00 00 
"
"2016-11-21 14:45:43ID: BC  Data: 00 00 00 AA 00 00 00 00 
"
"2016-11-21 14:45:43ID: BB  Data: 00 00 00 AA 00 00 00 00 
"
"2016-11-21 14:45:43ID: BC  Data: 00 00 00 AA 00 00 00 00 
"
"2016-11-21 14:45:43ID: BB  Data: 00 00 00 AA 00 00 00 00 
"
"2016-11-21 14:45:43ID: BC  Data: 00 00 00 AA 00 00 00 00 
"
"2016-11-21 14:45:43ID: BB  Data: 00 00 00 AA 00 00 00 00 
"
"2016-11-21 14:45:43ID: BC  Data: 00 00 00 AA 00 00 00 00 
"
"2016-11-21 14:45:43ID: BB  Data: 00 00 00 AA 00 00 00 00 
"
"2016-11-21 14:45:43ID: BC  Data: 00 00 00 AA 00 00 00 00 
"
"2016-11-21 14:45:43ID: BB  Data: 00 00 00 AA 00 00 00 00 
"
"2016-11-21 14:45:43ID: BC  Data: 00 00 00 AA 00 00 00 00 
"
"2016-11-21 14:45:43ID: BB  Data: 00 00 00 AA 00 00 00 00 
"
"2016-11-21 14:45:43ID: BC  Data: 00 00 00 AA 00 00 00 00 
"
"2016-11-21 14:45:44ID: BB  Data: 00 00 00 AA 00 00 00 00 
"
"2016-11-21 14:45:44ID: BC  Data: 00 00 00 AA 00 00 00 00 
"
"2016-11-21 14:45:44ID: BB  Data: 00 00 00 AA 00 00 00 00 
"
"2016-11-21 14:45:44ID: BC  Data: 00 00 00 AA 00 00 00 00 
"
"2016-11-21 14:45:44ID: BB  Data: 00 00 00 AA 00 00 00 00 
"
"2016-11-21 14:45:44ID: BC  Data: 00 00 00 AA 00 00 00 00 
"
"2016-11-21 14:45:44ID: BB  Data: 00 00 00 AA 00 00 00 00 
"
"2016-11-21 14:45:44ID: BC  Data: 00 00 00 AA 00 00 00 00 
"
"2016-11-21 14:45:44ID: BB  Data: 00 00 00 AA 00 00 00 00 
"
"2016-11-21 14:45:44ID: BC  Data: 00 00 00 AA 00 00 00 00 
"
"2016-11-21 14:45:44ID: BB  Data: 00 00 00 AA 00 00 00 00 
"
"2016-11-21 14:45:44ID: BC  Data: 00 00 00 AA 00 00 00 00 
"
"2016-11-21 14:45:44ID: BB  Data: 00 00 00 AA 00 00 00 00 
"
"2016-11-21 14:45:44ID: BC  Data: 00 00 00 AA 00 00 00 00 
"
"2016-11-21 14:45:44ID: BB  Data: 00 00 00 AA 00 00 00 00 
"
"2016-11-21 14:45:44ID: BC  Data: 00 00 00 AA 00 00 00 00 
"
"2016-11-21 14:45:44ID: BB  Data: 00 00 00 AA 00 00 00 00 
"
"2016-11-21 14:45:44ID: BC  Data: 00 00 00 AA 00 00 00 00 
"
"2016-11-21 14:45:44ID: BB  Data: 00 00 00 AA 00 00 00 00 
"
"2016-11-21 14:45:44ID: BC  Data: 00 00 00 AA 00 00 00 00 
"
"2016-11-21 14:45:44ID: BB  Data: 00 00 00 AA 00 00 00 00 
"
"2016-11-21 14:45:44ID: BC  Data: 00 00 00 AA 00 00 00 00 
"
"2016-11-21 14:45:45ID: BB  Data: 00 00 00 AA 00 00 00 00 
"
"2016-11-21 14:45:45ID: BC  Data: 00 00 00 AA 00 00 00 00 
"
"2016-11-21 14:45:45ID: BB  Data: 00 00 00 AA 00 00 00 00 
"
"2016-11-21 14:45:45ID: BC  Data: 00 00 00 AA 00 00 00 00 
"
"2016-11-21 14:45:45ID: BB  Data: 00 00 00 AA 00 00 00 00 
"
"2016-11-21 14:45:45ID: BC  Data: 00 00 00 AA 00 00 00 00 
"
"2016-11-21 14:45:45ID: BB  Data: 00 00 00 AA 00 00 00 00 
"
"2016-11-21 14:45:45ID: BC  Data: 00 00 00 AA 00 00 00 00 
"
"2016-11-21 14:45:45ID: BB  Data: 00 00 00 AA 00 00 00 00 
"
"2016-11-21 14:45:45ID: BC  Data: 00 00 00 AA 00 00 00 00 
"
"2016-11-21 14:45:45ID: BB  Data: 00 00 00 AA 00 00 00 00 
"
"2016-11-21 14:45:45ID: BC  Data: 00 00 00 AA 00 00 00 00 
"
"2016-11-21 14:45:45ID: BB  Data: 00 00 00 AA 00 00 00 00 
"
"2016-11-21 14:45:45ID: BC  Data: 00 00 00 AA 00 00 00 00 
"
"2016-11-21 14:45:45ID: BB  Data: 00 00 00 AA 00 00 00 00 
"
"2016-11-21 14:45:45ID: BC  Data: 00 00 00 AA 00 00 00 00 
"
"2016-11-21 14:45:45ID: BB  Data: 00 00 00 AA 00 00 00 00 
"
"2016-11-21 14:45:45ID: BC  Data: 00 00 00 AA 00 00 00 00 
"
"2016-11-21 14:45:45ID: BB  Data: 00 00 00 AA 00 00 00 00 
"
"2016-11-21 14:45:45ID: BC  Data: 00 00 00 AA 00 00 00 00 
"
"2016-11-21 14:45:45ID: BB  Data: 00 00 00 AA 00 00 00 00 
"
"2016-11-21 14:45:45ID: BC  Data: 00 00 00 AA 00 00 00 00 
"
"2016-11-21 14:45:46ID: BB  Data: 00 00 00 AA 00 00 00 00 
"
"2016-11-21 14:45:46ID: BC  Data: 00 00 00 AA 00 00 00 00 
"
"2016-11-21 14:45:46ID: BB  Data: 00 00 00 AA 00 00 00 00 
"
"2016-11-21 14:45:46ID: BC  Data: 00 00 00 AA 00 00 00 00 
"
"2016-11-21 14:45:46ID: BB  Data: 00 00 00 AA 00 00 00 00 
"
"2016-11-21 14:45:46ID: BC  Data: 00 00 00 AA 00 00 00 00 
"
"2016-11-21 14:45:46ID: BB  Data: 00 00 00 AA 00 00 00 00 
"
"2016-11-21 14:45:46ID: BC  Data: 00 00 00 AA 00 00 00 00 
"
"2016-11-21 14:45:46ID: BB  Data: 00 00 00 AA 00 00 00 00 
"
"2016-11-21 14:45:46ID: BC  Data: 00 00 00 AA 00 00 00 00 
"
"2016-11-21 14:45:46ID: BB  Data: 00 00 00 AA 00 00 00 00 
"
"2016-11-21 14:45:46ID: BC  Data: 00 00 00 AA 00 00 00 00 
"
"2016-11-21 14:45:46ID: BB  Data: 00 00 00 AA 00 00 00 00 
"
"2016-11-21 14:45:46ID: BC  Data: 00 00 00 AA 00 00 00 00 
"
"2016-11-21 14:45:46ID: BB  Data: 00 00 00 AA 00 00 00 00 
"
"2016-11-21 14:45:46ID: BC  Data: 00 00 00 AA 00 00 00 00 
"
"2016-11-21 14:45:46ID: BB  Data: 00 00 00 AA 00 00 00 00 
"
"2016-11-21 14:45:46ID: BC  Data: 00 00 00 AA 00 00 00 00 
"
"2016-11-21 14:45:46ID: BB  Data: 00 00 00 AA 00 00 00 00 
"
"2016-11-21 14:45:46ID: BC  Data: 00 00 00 AA 00 00 00 00 
"
"2016-11-21 14:45:46ID: BB  Data: 00 00 00 AA 00 00 00 00 
"
"2016-11-21 14:45:46ID: BC  Data: 00 00 00 AA 00 00 00 00 
"
"2016-11-21 14:45:46ID: BB  Data: 00 00 00 AA 00 00 00 00 
"
"2016-11-21 14:45:46ID: BC  Data: 00 00 00 AA 00 00 00 00 
"
"2016-11-21 14:45:47ID: BB  Data: 00 00 00 AA 00 00 00 00 
"
"2016-11-21 14:45:47ID: BC  Data: 00 00 00 AA 00 00 00 00 
"
"2016-11-21 14:45:47ID: BB  Data: 00 00 00 AA 00 00 00 00 
"
"2016-11-21 14:45:47ID: BC  Data: 00 00 00 AA 00 00 00 00 
"
"2016-11-21 14:45:47ID: BB  Data: 00 00 00 AA 00 00 00 00 
"
"2016-11-21 14:45:47ID: BC  Data: 00 00 00 AA 00 00 00 00 
"
"2016-11-21 14:45:47ID: BB  Data: 00 00 00 AA 00 00 00 00 
"
"2016-11-21 14:45:47ID: BC  Data: 00 00 00 AA 00 00 00 00 
"
"2016-11-21 14:45:47ID: BB  Data: 00 00 00 AA 00 00 00 00 
"
"2016-11-21 14:45:47ID: BC  Data: 00 00 00 AA 00 00 00 00 
"
"2016-11-21 14:45:47ID: BB  Data: 00 00 00 AA 00 00 00 00 
"
"2016-11-21 14:45:47ID: BC  Data: 00 00 00 AA 00 00 00 00 
"
"2016-11-21 14:45:47ID: BB  Data: 00 00 00 AA 00 00 00 00 
"
"2016-11-21 14:45:47ID: BC  Data: 00 00 00 AA 00 00 00 00 
"
"2016-11-21 14:45:47ID: BB  Data: 00 00 00 AA 00 00 00 00 
"
"2016-11-21 14:45:47ID: BC  Data: 00 00 00 AA 00 00 00 00 
"
"2016-11-21 14:45:47ID: BB  Data: 00 00 00 AA 00 00 00 00 
"
"2016-11-21 14:45:47ID: BC  Data: 00 00 00 AA 00 00 00 00 
"
"2016-11-21 14:45:47ID: BB  Data: 00 00 00 AA 00 00 00 00 
"
"2016-11-21 14:45:47ID: BC  Data: 00 00 00 AA 00 00 00 00 
"
"2016-11-21 14:45:47ID: BB  Data: 00 00 00 AA 00 00 00 00 
"
"2016-11-21 14:45:47ID: BC  Data: 00 00 00 AA 00 00 00 00 
"
"2016-11-21 14:45:48ID: BB  Data: 00 00 00 AA 00 00 00 00 
"
"2016-11-21 14:45:48ID: BC  Data: 00 00 00 AA 00 00 00 00 
"
"2016-11-21 14:45:48ID: BB  Data: 00 00 00 AA 00 00 00 00 
"
"2016-11-21 14:45:48ID: BC  Data: 00 00 00 AA 00 00 00 00 
"
"2016-11-21 14:45:48ID: BB  Data: 00 00 00 AA 00 00 00 00 
"
"2016-11-21 14:45:48ID: BC  Data: 00 00 00 AA 00 00 00 00 
"
"2016-11-21 14:45:48ID: BB  Data: 00 00 00 AA 00 00 00 00 
"
"2016-11-21 14:45:48ID: BC  Data: 00 00 00 AA 00 00 00 00 
"
"2016-11-21 14:45:48ID: BB  Data: 00 00 00 AA 00 00 00 00 
"
"2016-11-21 14:45:48ID: BC  Data: 00 00 00 AA 00 00 00 00 
"
"2016-11-21 14:45:48ID: BB  Data: 00 00 00 AA 00 00 00 00 
"
"2016-11-21 14:45:48ID: BC  Data: 00 00 00 AA 00 00 00 00 
"
"2016-11-21 14:45:48ID: BB  Data: 00 00 00 AA 00 00 00 00 
"
"2016-11-21 14:45:48ID: BC  Data: 00 00 00 AA 00 00 00 00 
"
"2016-11-21 14:45:48ID: BB  Data: 00 00 00 AA 00 00 00 00 
"
"2016-11-21 14:45:48ID: BC  Data: 00 00 00 AA 00 00 00 00 
"
"2016-11-21 14:45:48ID: BB  Data: 00 00 00 AA 00 00 00 00 
"
"2016-11-21 14:45:48ID: BC  Data: 00 00 00 AA 00 00 00 00 
"
"2016-11-21 14:45:48ID: BB  Data: 00 00 00 AA 00 00 00 00 
"
"2016-11-21 14:45:48ID: BC  Data: 00 00 00 AA 00 00 00 00 
"
"2016-11-21 14:45:48ID: BB  Data: 00 00 00 AA 00 00 00 00 
"
"2016-11-21 14:45:48ID: BC  Data: 00 00 00 AA 00 00 00 00 
"
"2016-11-21 14:45:48ID: BB  Data: 00 00 00 AA 00 00 00 00 
"
"2016-11-21 14:45:49ID: BC  Data: 00 00 00 AA 00 00 00 00 
"
"2016-11-21 14:45:49ID: BB  Data: 00 00 00 AA 00 00 00 00 
"
"2016-11-21 14:45:49ID: BC  Data: 00 00 00 AA 00 00 00 00 
"
"2016-11-21 14:45:49ID: BB  Data: 00 00 00 AA 00 00 00 00 
"
"2016-11-21 14:45:49ID: BC  Data: 00 00 00 AA 00 00 00 00 
"
"2016-11-21 14:45:49ID: BB  Data: 00 00 00 AA 00 00 00 00 
"
"2016-11-21 14:45:49ID: BC  Data: 00 00 00 AA 00 00 00 00 
"
"2016-11-21 14:45:49ID: BB  Data: 00 00 00 AA 00 00 00 00 
"
"2016-11-21 14:45:49ID: BC  Data: 00 00 00 AA 00 00 00 00 
"
"2016-11-21 14:45:49ID: BB  Data: 00 00 00 AA 00 00 00 00 
"
"2016-11-21 14:45:49ID: BC  Data: 00 00 00 AA 00 00 00 00 
"
"2016-11-21 14:45:49ID: BB  Data: 00 00 00 AA 00 00 00 00 
"
"2016-11-21 14:45:49ID: BC  Data: 00 00 00 AA 00 00 00 00 
"
"2016-11-21 14:45:49ID: BB  Data: 00 00 00 AA 00 00 00 00 
"
"2016-11-21 14:45:49ID: BC  Data: 00 00 00 AA 00 00 00 00 
"
"2016-11-21 14:45:49ID: BB  Data: 00 00 00 AA 00 00 00 00 
"
"2016-11-21 14:45:49ID: BC  Data: 00 00 00 AA 00 00 00 00 
"
"2016-11-21 14:45:49ID: BB  Data: 00 00 00 AA 00 00 00 00 
"
"2016-11-21 14:45:49ID: BC  Data: 00 00 00 AA 00 00 00 00 
"
"2016-11-21 14:45:49ID: BB  Data: 00 00 00 AA 00 00 00 00 
"
"2016-11-21 14:45:49ID: BC  Data: 00 00 00 AA 00 00 00 00 
"
"2016-11-21 14:45:49ID: BB  Data: 00 00 00 AA 00 00 00 00 
"
"2016-11-21 14:45:49ID: BC  Data: 00 00 00 AA 00 00 00 00 
"
"2016-11-21 14:45:50ID: BB  Data: 00 00 00 AA 00 00 00 00 
"
"2016-11-21 14:45:50ID: BC  Data: 00 00 00 AA 00 00 00 00 
"
"2016-11-21 14:45:50ID: BB  Data: 00 00 00 AA 00 00 00 00 
"
"2016-11-21 14:45:50ID: BC  Data: 00 00 00 AA 00 00 00 00 
"
"2016-11-21 14:45:50ID: BB  Data: 00 00 00 AA 00 00 00 00 
"
"2016-11-21 14:45:50ID: BC  Data: 00 00 00 AA 00 00 00 00 
"
"2016-11-21 14:45:50ID: BB  Data: 00 00 00 AA 00 00 00 00 
"
"2016-11-21 14:45:50ID: BC  Data: 00 00 00 AA 00 00 00 00 
"
"2016-11-21 14:45:50ID: BB  Data: 00 00 00 AA 00 00 00 00 
"
"2016-11-21 14:45:50ID: BC  Data: 00 00 00 AA 00 00 00 00 
"
"2016-11-21 14:45:50ID: BB  Data: 00 00 00 AA 00 00 00 00 
"
"2016-11-21 14:45:50ID: BC  Data: 00 00 00 AA 00 00 00 00 
"
"2016-11-21 14:45:50ID: BB  Data: 00 00 00 AA 00 00 00 00 
"
"2016-11-21 14:45:50ID: BC  Data: 00 00 00 AA 00 00 00 00 
"
"2016-11-21 14:45:50ID: BB  Data: 00 00 00 AA 00 00 00 00 
"
"2016-11-21 14:45:50ID: BC  Data: 00 00 00 AA 00 00 00 00 
"
"2016-11-21 14:45:50ID: BB  Data: 00 00 00 AA 00 00 00 00 
"
"2016-11-21 14:45:50ID: BC  Data: 00 00 00 AA 00 00 00 00 
"
"2016-11-21 14:45:50ID: BB  Data: 00 00 00 AA 00 00 00 00 
"
"2016-11-21 14:45:50ID: BC  Data: 00 00 00 AA 00 00 00 00 
"
"2016-11-21 14:45:50ID: BB  Data: 00 00 00 AA 00 00 00 00 
"
"2016-11-21 14:45:50ID: BC  Data: 00 00 00 AA 00 00 00 00 
"
"2016-11-21 14:45:51ID: BB  Data: 00 00 00 AA 00 00 00 00 
"
"2016-11-21 14:45:51ID: BC  Data: 00 00 00 AA 00 00 00 00 
"
"2016-11-21 14:45:51ID: BB  Data: 00 00 00 AA 00 00 00 00 
"
"2016-11-21 14:45:51ID: BC  Data: 00 00 00 AA 00 00 00 00 
"
"2016-11-21 14:45:51ID: BB  Data: 00 00 00 AA 00 00 00 00 
"
"2016-11-21 14:45:51ID: BC  Data: 00 00 00 AA 00 00 00 00 
"
"2016-11-21 14:45:51ID: BB  Data: 00 00 00 AA 00 00 00 00 
"
"2016-11-21 14:45:51ID: BC  Data: 00 00 00 AA 00 00 00 00 
"
"2016-11-21 14:45:51ID: BB  Data: 00 00 00 AA 00 00 00 00 
"
"2016-11-21 14:45:51ID: BC  Data: 00 00 00 AA 00 00 00 00 
"
"2016-11-21 14:45:51ID: BB  Data: 00 00 00 AA 00 00 00 00 
"
"2016-11-21 14:45:51ID: BC  Data: 00 00 00 AA 00 00 00 00 
"
"2016-11-21 14:45:51ID: BB  Data: 00 00 00 AA 00 00 00 00 
"
"2016-11-21 14:45:51ID: BC  Data: 00 00 00 AA 00 00 00 00 
"
"2016-11-21 14:45:51ID: BB  Data: 00 00 00 AA 00 00 00 00 
"
"2016-11-21 14:45:51ID: BC  Data: 00 00 00 AA 00 00 00 00 
"
"2016-11-21 14:45:51ID: BB  Data: 00 00 00 AA 00 00 00 00 
"
"2016-11-21 14:45:51ID: BC  Data: 00 00 00 AA 00 00 00 00 
"
"2016-11-21 14:45:51ID: BB  Data: 00 00 00 AA 00 00 00 00 
"
"2016-11-21 14:45:51ID: BC  Data: 00 00 00 AA 00 00 00 00 
"
"2016-11-21 14:45:51ID: BB  Data: 00 00 00 AA 00 00 00 00 
"
"2016-11-21 14:45:51ID: BC  Data: 00 00 00 AA 00 00 00 00 
"
"2016-11-21 14:45:51ID: BB  Data: 00 00 00 AA 00 00 00 00 
"
"2016-11-21 14:45:51ID: BC  Data: 00 00 00 AA 00 00 00 00 
"
"2016-11-21 14:45:52ID: BB  Data: 00 00 00 AA 00 00 00 00 
"
"2016-11-21 14:45:52ID: BC  Data: 00 00 00 AA 00 00 00 00 
"
"2016-11-21 14:45:52ID: BB  Data: 00 00 00 AA 00 00 00 00 
"
"2016-11-21 14:45:52ID: BC  Data: 00 00 00 AA 00 00 00 00 
"
"2016-11-21 14:45:52ID: BB  Data: 00 00 00 AA 00 00 00 00 
"
"2016-11-21 14:45:52ID: BC  Data: 00 00 00 AA 00 00 00 00 
"
"2016-11-21 14:45:52ID: BB  Data: 00 00 00 AA 00 00 00 00 
"
"2016-11-21 14:45:52ID: BC  Data: 00 00 00 AA 00 00 00 00 
"
"2016-11-21 14:45:52ID: BB  Data: 00 00 00 AA 00 00 00 00 
"
"2016-11-21 14:45:52ID: BC  Data: 00 00 00 AA 00 00 00 00 
"
"2016-11-21 14:45:52ID: BB  Data: 00 00 00 AA 00 00 00 00 
"
"2016-11-21 14:45:52ID: BC  Data: 00 00 00 AA 00 00 00 00 
"
"2016-11-21 14:45:52ID: BB  Data: 00 00 00 AA 00 00 00 00 
"
"2016-11-21 14:45:52ID: BC  Data: 00 00 00 AA 00 00 00 00 
"
"2016-11-21 14:45:52ID: BB  Data: 00 00 00 AA 00 00 00 00 
"
"2016-11-21 14:45:52ID: BC  Data: 00 00 00 AA 00 00 00 00 
"
"2016-11-21 14:45:52ID: BB  Data: 00 00 00 AA 00 00 00 00 
"
"2016-11-21 14:45:52ID: BC  Data: 00 00 00 AA 00 00 00 00 
"
"2016-11-21 14:45:52ID: BB  Data: 00 00 00 AA 00 00 00 00 
"
"2016-11-21 14:45:52ID: BC  Data: 00 00 00 AA 00 00 00 00 
"
"2016-11-21 14:45:52ID: BB  Data: 00 00 00 AA 00 00 00 00 
"
"2016-11-21 14:45:52ID: BC  Data: 00 00 00 AA 00 00 00 00 
"
"2016-11-21 14:45:53ID: BB  Data: 00 00 00 AA 00 00 00 00 
"
"2016-11-21 14:45:53ID: BC  Data: 00 00 00 AA 00 00 00 00 
"
"2016-11-21 14:45:53ID: BB  Data: 00 00 00 AA 00 00 00 00 
"
"2016-11-21 14:45:53ID: BC  Data: 00 00 00 AA 00 00 00 00 
"
"2016-11-21 14:45:53ID: BB  Data: 00 00 00 AA 00 00 00 00 
"
"2016-11-21 14:45:53ID: BC  Data: 00 00 00 AA 00 00 00 00 
"
"2016-11-21 14:45:53ID: BB  Data: 00 00 00 AA 00 00 00 00 
"
"2016-11-21 14:45:53ID: BC  Data: 00 00 00 AA 00 00 00 00 
"
"2016-11-21 14:45:53ID: BB  Data: 00 00 00 AA 00 00 00 00 
"
"2016-11-21 14:45:53ID: BC  Data: 00 00 00 AA 00 00 00 00 
"
"2016-11-21 14:45:53ID: BB  Data: 00 00 00 AA 00 00 00 00 
"
"2016-11-21 14:45:53ID: BC  Data: 00 00 00 AA 00 00 00 00 
"
"2016-11-21 14:45:53ID: BB  Data: 00 00 00 AA 00 00 00 00 
"
"2016-11-21 14:45:53ID: BC  Data: 00 00 00 AA 00 00 00 00 
"
"2016-11-21 14:45:53ID: BB  Data: 00 00 00 AA 00 00 00 00 
"
"2016-11-21 14:45:53ID: BC  Data: 00 00 00 AA 00 00 00 00 
"
"2016-11-21 14:45:53ID: BB  Data: 00 00 00 AA 00 00 00 00 
"
"2016-11-21 14:45:53ID: BC  Data: 00 00 00 AA 00 00 00 00 
"
"2016-11-21 14:45:53ID: BB  Data: 00 00 00 AA 00 00 00 00 
"
"2016-11-21 14:45:53ID: BC  Data: 00 00 00 AA 00 00 00 00 
"
"2016-11-21 14:45:53ID: BB  Data: 00 00 00 AA 00 00 00 00 
"
"2016-11-21 14:45:53ID: BC  Data: 00 00 00 AA 00 00 00 00 
"
"2016-11-21 14:45:54ID: BB  Data: 00 00 00 AA 00 00 00 00 
"
"2016-11-21 14:45:54ID: BC  Data: 00 00 00 AA 00 00 00 00 
"
"2016-11-21 14:45:54ID: BB  Data: 00 00 00 AA 00 00 00 00 
"
"2016-11-21 14:45:54ID: BC  Data: 00 00 00 AA 00 00 00 00 
"
"2016-11-21 14:45:54ID: BB  Data: 00 00 00 AA 01 B4 40 A9 
"
"2016-11-21 14:45:54ID: BC  Data: 00 00 00 AA FE 4B BF 57 
"
"2016-11-21 14:45:54ID: BB  Data: 00 00 00 AA 01 F2 17 50 
"
"2016-11-21 14:45:54ID: BC  Data: 00 00 00 AA FE 0D E8 B0 
"
"2016-11-21 14:45:54ID: BB  Data: 00 00 00 AA 01 C9 4D D2 
"
"2016-11-21 14:45:54ID: BC  Data: 00 00 00 AA FE 36 B2 2E 
"
"2016-11-21 14:45:54ID: BB  Data: 00 00 00 AA 01 C1 68 E3 
"
"2016-11-21 14:45:54ID: BC  Data: 00 00 00 AA FE 3E 97 1D 
"
"2016-11-21 14:45:54ID: BB  Data: 00 00 00 AA 01 C2 B9 B5 
"
"2016-11-21 14:45:54ID: BC  Data: 00 00 00 AA FE 3D 46 4B 
"
"2016-11-21 14:45:54ID: BB  Data: 00 00 00 AA 00 00 00 00 
"
"2016-11-21 14:45:54ID: BC  Data: 00 00 00 AA 00 00 00 00 
"
"2016-11-21 14:45:54ID: BB  Data: 00 00 00 AA 00 00 00 00 
"
"2016-11-21 14:45:54ID: BC  Data: 00 00 00 AA 00 00 00 00 
"
"2016-11-21 14:45:54ID: BB  Data: 00 00 00 AA 00 00 00 00 
"
"2016-11-21 14:45:54ID: BC  Data: 00 00 00 AA 00 00 00 00 
"
"2016-11-21 14:45:54ID: BB  Data: 00 00 00 AA 00 00 00 00 
"
"2016-11-21 14:45:54ID: BC  Data: 00 00 00 AA 00 00 00 00 
"
"2016-11-21 14:45:54ID: BB  Data: 00 00 00 AA 00 00 00 00 
"
"2016-11-21 14:45:54ID: BC  Data: 00 00 00 AA 00 00 00 00 
"
"2016-11-21 14:45:55ID: BB  Data: 00 00 00 AA 00 00 00 00 
"
"2016-11-21 14:45:55ID: BC  Data: 00 00 00 AA 00 00 00 00 
"
"2016-11-21 14:45:55ID: BB  Data: 00 00 00 AA 00 00 00 00 
"
"2016-11-21 14:45:55ID: BC  Data: 00 00 00 AA 00 00 00 00 
"
"2016-11-21 14:45:55ID: BB  Data: 00 00 00 AA 00 00 00 00 
"
"2016-11-21 14:45:55ID: BC  Data: 00 00 00 AA 00 00 00 00 
"
"2016-11-21 14:45:55ID: BB  Data: 00 00 00 AA 00 00 00 00 
"
"2016-11-21 14:45:55ID: BC  Data: 00 00 00 AA 00 00 00 00 
"
"2016-11-21 14:45:55ID: BB  Data: 00 00 00 AA 00 00 00 00 
"
"2016-11-21 14:45:55ID: BC  Data: 00 00 00 AA 00 00 00 00 
"
"2016-11-21 14:45:55ID: BB  Data: 00 00 00 AA 00 00 00 00 
"
"2016-11-21 14:45:55ID: BC  Data: 00 00 00 AA 00 00 00 00 
"
"2016-11-21 14:45:55ID: BB  Data: 00 00 00 AA 00 00 00 00 
"
"2016-11-21 14:45:55ID: BC  Data: 00 00 00 AA 00 00 00 00 
"
"2016-11-21 14:45:55ID: BB  Data: 00 00 00 AA 00 00 00 00 
"
"2016-11-21 14:45:55ID: BC  Data: 00 00 00 AA 00 00 00 00 
"
"2016-11-21 14:45:55ID: BB  Data: 00 00 00 AA 00 00 00 00 
"
"2016-11-21 14:45:55ID: BC  Data: 00 00 00 AA 00 00 00 00 
"
"2016-11-21 14:45:55ID: BB  Data: 00 00 00 AA 00 00 00 00 
"
"2016-11-21 14:45:55ID: BC  Data: 00 00 00 AA 00 00 00 00 
"
"2016-11-21 14:45:55ID: BB  Data: 00 00 00 AA 00 00 00 00 
"
"2016-11-21 14:45:55ID: BC  Data: 00 00 00 AA 00 00 00 00 
"
"2016-11-21 14:45:56ID: BB  Data: 00 00 00 AA 00 00 00 00 
"
"2016-11-21 14:45:56ID: BC  Data: 00 00 00 AA 00 00 00 00 
"
"2016-11-21 14:45:56ID: BB  Data: 00 00 00 AA 00 00 00 00 
"
"2016-11-21 14:45:56ID: BC  Data: 00 00 00 AA 00 00 00 00 
"
"2016-11-21 14:45:56ID: BB  Data: 00 00 00 AA 00 00 00 00 
"
"2016-11-21 14:45:56ID: BC  Data: 00 00 00 AA 00 00 00 00 
"
"2016-11-21 14:45:56ID: BB  Data: 00 00 00 AA 00 00 00 00 
"
"2016-11-21 14:45:56ID: BC  Data: 00 00 00 AA 00 00 00 00 
"
"2016-11-21 14:45:56ID: BB  Data: 00 00 00 AA 00 00 00 00 
"
"2016-11-21 14:45:56ID: BC  Data: 00 00 00 AA 00 00 00 00 
"
"2016-11-21 14:45:56ID: BB  Data: 00 00 00 AA 00 00 00 00 
"
"2016-11-21 14:45:56ID: BC  Data: 00 00 00 AA 00 00 00 00 
"
"2016-11-21 14:45:56ID: BB  Data: 00 00 00 AA 00 00 00 00 
"
"2016-11-21 14:45:56ID: BC  Data: 00 00 00 AA 00 00 00 00 
"
"2016-11-21 14:45:56ID: BB  Data: 00 00 00 AA 00 00 00 00 
"
"2016-11-21 14:45:56ID: BC  Data: 00 00 00 AA 00 00 00 00 
"
"2016-11-21 14:45:56ID: BB  Data: 00 00 00 AA 00 00 00 00 
"
"2016-11-21 14:45:56ID: BC  Data: 00 00 00 AA 00 00 00 00 
"
"2016-11-21 14:45:56ID: BB  Data: 00 00 00 AA 00 00 00 00 
"
"2016-11-21 14:45:56ID: BC  Data: 00 00 00 AA 00 00 00 00 
"
"2016-11-21 14:45:56ID: BB  Data: 00 00 00 AA 00 00 00 00 
"
"2016-11-21 14:45:56ID: BC  Data: 00 00 00 AA 00 00 00 00 
"
"2016-11-21 14:45:56ID: BB  Data: 00 00 00 AA 00 00 00 00 
"
"2016-11-21 14:45:57ID: BC  Data: 00 00 00 AA 00 00 00 00 
"
"2016-11-21 14:45:57ID: BB  Data: 00 00 00 AA 00 00 00 00 
"
"2016-11-21 14:45:57ID: BC  Data: 00 00 00 AA 00 00 00 00 
"
"2016-11-21 14:45:57ID: BB  Data: 00 00 00 AA 00 00 00 00 
"
"2016-11-21 14:45:57ID: BC  Data: 00 00 00 AA 00 00 00 00 
"
"2016-11-21 14:45:57ID: BB  Data: 00 00 00 AA 00 00 00 00 
"
"2016-11-21 14:45:57ID: BC  Data: 00 00 00 AA 00 00 00 00 
"
"2016-11-21 14:45:57ID: BB  Data: 00 00 00 AA 00 00 00 00 
"
"2016-11-21 14:45:57ID: BC  Data: 00 00 00 AA 00 00 00 00 
"
"2016-11-21 14:45:57ID: BB  Data: 00 00 00 AA 00 00 00 00 
"
"2016-11-21 14:45:57ID: BC  Data: 00 00 00 AA 00 00 00 00 
"
"2016-11-21 14:45:57ID: BB  Data: 00 00 00 AA 00 00 00 00 
"
"2016-11-21 14:45:57ID: BC  Data: 00 00 00 AA 00 00 00 00 
"
"2016-11-21 14:45:57ID: BB  Data: 00 00 00 AA 00 00 00 00 
"
"2016-11-21 14:45:57ID: BC  Data: 00 00 00 AA 00 00 00 00 
"
"2016-11-21 14:45:57ID: BB  Data: 00 00 00 AA 00 00 00 00 
"
"2016-11-21 14:45:57ID: BC  Data: 00 00 00 AA 00 00 00 00 
"
"2016-11-21 14:45:57ID: BB  Data: 00 00 00 AA 00 00 00 00 
"
"2016-11-21 14:45:57ID: BC  Data: 00 00 00 AA 00 00 00 00 
"
"2016-11-21 14:45:57ID: BB  Data: 00 00 00 AA 00 00 00 00 
"
"2016-11-21 14:45:57ID: BC  Data: 00 00 00 AA 00 00 00 00 
"
"2016-11-21 14:45:57ID: BB  Data: 00 00 00 AA 00 00 00 00 
"
"2016-11-21 14:45:57ID: BC  Data: 00 00 00 AA 00 00 00 00 
"
"2016-11-21 14:45:58ID: BB  Data: 00 00 00 AA 00 00 00 00 
"
"2016-11-21 14:45:58ID: BC  Data: 00 00 00 AA 00 00 00 00 
"
"2016-11-21 14:45:58ID: BB  Data: 00 00 00 AA 00 00 00 00 
"
"2016-11-21 14:45:58ID: BC  Data: 00 00 00 AA 00 00 00 00 
"
"2016-11-21 14:45:58ID: BB  Data: 00 00 00 AA 00 00 00 00 
"
"2016-11-21 14:45:58ID: BC  Data: 00 00 00 AA 00 00 00 00 
"
"2016-11-21 14:45:58ID: BB  Data: 00 00 00 AA 00 00 00 00 
"
"2016-11-21 14:45:58ID: BC  Data: 00 00 00 AA 00 00 00 00 
"
"2016-11-21 14:45:58ID: BB  Data: 00 00 00 AA 00 00 00 00 
"
"2016-11-21 14:45:58ID: BC  Data: 00 00 00 AA 00 00 00 00 
"
"2016-11-21 14:45:58ID: BB  Data: 00 00 00 AA 00 00 00 00 
"
"2016-11-21 14:45:58ID: BC  Data: 00 00 00 AA 00 00 00 00 
"
"2016-11-21 14:45:58ID: BB  Data: 00 00 00 AA 00 00 00 00 
"
"2016-11-21 14:45:58ID: BC  Data: 00 00 00 AA 00 00 00 00 
"
"2016-11-21 14:45:58ID: BB  Data: 00 00 00 AA 00 00 00 00 
"
"2016-11-21 14:45:58ID: BC  Data: 00 00 00 AA 00 00 00 00 
"
"2016-11-21 14:45:58ID: BB  Data: 00 00 00 AA 00 00 00 00 
"
"2016-11-21 14:45:58ID: BC  Data: 00 00 00 AA 00 00 00 00 
"
"2016-11-21 14:45:58ID: BB  Data: 00 00 00 AA 00 00 00 00 
"
"2016-11-21 14:45:58ID: BC  Data: 00 00 00 AA 00 00 00 00 
"
"2016-11-21 14:45:58ID: BB  Data: 00 00 00 AA 00 00 00 00 
"
"2016-11-21 14:45:58ID: BC  Data: 00 00 00 AA 00 00 00 00 
"
"2016-11-21 14:45:59ID: BB  Data: 00 00 00 AA 00 00 00 00 
"
"2016-11-21 14:45:59ID: BC  Data: 00 00 00 AA 00 00 00 00 
"
"2016-11-21 14:45:59ID: BB  Data: 00 00 00 AA 00 00 00 00 
"
"2016-11-21 14:45:59ID: BC  Data: 00 00 00 AA 00 00 00 00 
"
"2016-11-21 14:45:59ID: BB  Data: 00 00 00 AA 00 00 00 00 
"
"2016-11-21 14:45:59ID: BC  Data: 00 00 00 AA 00 00 00 00 
"
"2016-11-21 14:45:59ID: BB  Data: 00 00 00 AA 00 00 00 00 
"
"2016-11-21 14:45:59ID: BC  Data: 00 00 00 AA 00 00 00 00 
"
"2016-11-21 14:45:59ID: BB  Data: 00 00 00 AA 00 00 00 00 
"
"2016-11-21 14:45:59ID: BC  Data: 00 00 00 AA 00 00 00 00 
"
"2016-11-21 14:45:59ID: BB  Data: 00 00 00 AA 00 00 00 00 
"
"2016-11-21 14:45:59ID: BC  Data: 00 00 00 AA 00 00 00 00 
"
"2016-11-21 14:45:59ID: BB  Data: 00 00 00 AA 00 00 00 00 
"
"2016-11-21 14:45:59ID: BC  Data: 00 00 00 AA 00 00 00 00 
"
"2016-11-21 14:45:59ID: BB  Data: 00 00 00 AA 00 00 00 00 
"
"2016-11-21 14:45:59ID: BC  Data: 00 00 00 AA 00 00 00 00 
"
"2016-11-21 14:45:59ID: BB  Data: 00 00 00 AA 00 00 00 00 
"
"2016-11-21 14:45:59ID: BC  Data: 00 00 00 AA 00 00 00 00 
"
"2016-11-21 14:45:59ID: BB  Data: 00 00 00 AA 00 00 00 00 
"
"2016-11-21 14:45:59ID: BC  Data: 00 00 00 AA 00 00 00 00 
"
"2016-11-21 14:45:59ID: BB  Data: 00 00 00 AA 00 00 00 00 
"
"2016-11-21 14:45:59ID: BC  Data: 00 00 00 AA 00 00 00 00 
"
"2016-11-21 14:45:59ID: BB  Data: 00 00 00 AA 00 00 00 00 
"
"2016-11-21 14:45:59ID: BC  Data: 00 00 00 AA 00 00 00 00 
"
"2016-11-21 14:46:00ID: BB  Data: 00 00 00 AA 00 00 00 00 
"
"2016-11-21 14:46:00ID: BC  Data: 00 00 00 AA 00 00 00 00 
"
"2016-11-21 14:46:00ID: BB  Data: 00 00 00 AA 00 00 00 00 
"
"2016-11-21 14:46:00ID: BC  Data: 00 00 00 AA 00 00 00 00 
"
"2016-11-21 14:46:00ID: BB  Data: 00 00 00 AA 00 00 00 00 
"
"2016-11-21 14:46:00ID: BC  Data: 00 00 00 AA 00 00 00 00 
"
"2016-11-21 14:46:00ID: BB  Data: 00 00 00 AA 00 00 00 00 
"
"2016-11-21 14:46:00ID: BC  Data: 00 00 00 AA 00 00 00 00 
"
"2016-11-21 14:46:00ID: BB  Data: 00 00 00 AA 00 00 00 00 
"
"2016-11-21 14:46:00ID: BC  Data: 00 00 00 AA 00 00 00 00 
"
"2016-11-21 14:46:00ID: BB  Data: 00 00 00 AA 00 00 00 00 
"
"2016-11-21 14:46:00ID: BC  Data: 00 00 00 AA 00 00 00 00 
"
"2016-11-21 14:46:00ID: BB  Data: 00 00 00 AA 00 00 00 00 
"
"2016-11-21 14:46:00ID: BC  Data: 00 00 00 AA 00 00 00 00 
"
"2016-11-21 14:46:00ID: BB  Data: 00 00 00 AA 00 00 00 00 
"
"2016-11-21 14:46:00ID: BC  Data: 00 00 00 AA 00 00 00 00 
"
"2016-11-21 14:46:00ID: BB  Data: 00 00 00 AA 00 00 00 00 
"
"2016-11-21 14:46:00ID: BC  Data: 00 00 00 AA 00 00 00 00 
"
"2016-11-21 14:46:00ID: BB  Data: 00 00 00 AA 00 00 00 00 
"
"2016-11-21 14:46:00ID: BC  Data: 00 00 00 AA 00 00 00 00 
"
"2016-11-21 14:46:00ID: BB  Data: 00 00 00 AA 00 00 00 00 
"
"2016-11-21 14:46:00ID: BC  Data: 00 00 00 AA 00 00 00 00 
"
"2016-11-21 14:46:01ID: BB  Data: 00 00 00 AA 00 00 00 00 
"
"2016-11-21 14:46:01ID: BC  Data: 00 00 00 AA 00 00 00 00 
"
"2016-11-21 14:46:01ID: BB  Data: 00 00 00 AA 00 00 00 00 
"
"2016-11-21 14:46:01ID: BC  Data: 00 00 00 AA 00 00 00 00 
"
"2016-11-21 14:46:01ID: BB  Data: 00 00 00 AA 00 00 00 00 
"
"2016-11-21 14:46:01ID: BC  Data: 00 00 00 AA 00 00 00 00 
"
"2016-11-21 14:46:01ID: BB  Data: 00 00 00 AA 00 00 00 00 
"
"2016-11-21 14:46:01ID: BC  Data: 00 00 00 AA 00 00 00 00 
"
"2016-11-21 14:46:01ID: BB  Data: 00 00 00 AA 00 00 00 00 
"
"2016-11-21 14:46:01ID: BC  Data: 00 00 00 AA 00 00 00 00 
"
"2016-11-21 14:46:01ID: BB  Data: 00 00 00 AA 00 00 00 00 
"
"2016-11-21 14:46:01ID: BC  Data: 00 00 00 AA 00 00 00 00 
"
"2016-11-21 14:46:01ID: BB  Data: 00 00 00 AA 00 00 00 00 
"
"2016-11-21 14:46:01ID: BC  Data: 00 00 00 AA 00 00 00 00 
"
"2016-11-21 14:46:01ID: BB  Data: 00 00 00 AA 01 E8 E1 8E 
"
"2016-11-21 14:46:01ID: BC  Data: 00 00 00 AA FE 17 1E 72 
"
"2016-11-21 14:46:01ID: BB  Data: 00 00 00 AA 02 46 4B F1 
"
"2016-11-21 14:46:01ID: BC  Data: 00 00 00 AA FD B9 B4 0F 
"
"2016-11-21 14:46:01ID: BB  Data: 00 00 00 AA 02 28 09 07 
"
"2016-11-21 14:46:01ID: BC  Data: 00 00 00 AA FD D7 F6 F9 
"
"2016-11-21 14:46:01ID: BB  Data: 00 00 00 AA 02 1E D3 45 
"
"2016-11-21 14:46:01ID: BC  Data: 00 00 00 AA FD E1 2C BB 
"
"2016-11-21 14:46:01ID: BB  Data: 00 00 00 AA 02 39 23 B8 
"
"2016-11-21 14:46:02ID: BC  Data: 00 00 00 AA FD C6 DC 48 
"
"2016-11-21 14:46:02ID: BB  Data: 00 00 00 AA 02 3B C5 5D 
"
"2016-11-21 14:46:02ID: BC  Data: 00 00 00 AA FD C4 3A A3 
"
"2016-11-21 14:46:02ID: BB  Data: 00 00 00 AA 02 3A 74 8A 
"
"2016-11-21 14:46:02ID: BC  Data: 00 00 00 AA FD C5 8B 76 
"
"2016-11-21 14:46:02ID: BB  Data: 00 00 00 AA 02 39 23 B8 
"
"2016-11-21 14:46:02ID: BC  Data: 00 00 00 AA FD C6 DC 48 
"
"2016-11-21 14:46:02ID: BB  Data: 00 00 00 AA 02 2E 9D 23 
"
"2016-11-21 14:46:02ID: BC  Data: 00 00 00 AA FD D1 62 DD 
"
"2016-11-21 14:46:02ID: BB  Data: 00 00 00 AA 02 24 16 8F 
"
"2016-11-21 14:46:02ID: BC  Data: 00 00 00 AA FD DB E9 71 
"
"2016-11-21 14:46:02ID: BB  Data: 00 00 00 AA 02 24 16 8F 
"
"2016-11-21 14:46:02ID: BC  Data: 00 00 00 AA FD DB E9 71 
"
"2016-11-21 14:46:02ID: BB  Data: 00 00 00 AA 01 EE 24 D8 
"
"2016-11-21 14:46:02ID: BC  Data: 00 00 00 AA FE 11 DB 28 
"
"2016-11-21 14:46:02ID: BB  Data: 00 00 00 AA 01 BC 25 98 
"
"2016-11-21 14:46:02ID: BC  Data: 00 00 00 AA FE 43 DA 68 
"
"2016-11-21 14:46:02ID: BB  Data: 00 00 00 AA 00 00 00 00 
"
"2016-11-21 14:46:02ID: BC  Data: 00 00 00 AA 00 00 00 00 
"
"2016-11-21 14:46:02ID: BB  Data: 00 00 00 AA 00 00 00 00 
"
"2016-11-21 14:46:02ID: BC  Data: 00 00 00 AA 00 00 00 00 
"
"2016-11-21 14:46:02ID: BB  Data: 00 00 00 AA 00 00 00 00 
"
"2016-11-21 14:46:02ID: BC  Data: 00 00 00 AA 00 00 00 00 
"
"2016-11-21 14:46:03ID: BB  Data: 00 00 00 AA 00 00 00 00 
"
"2016-11-21 14:46:03ID: BC  Data: 00 00 00 AA 00 00 00 00 
"
"2016-11-21 14:46:03ID: BB  Data: 00 00 00 AA 00 00 00 00 
"
"2016-11-21 14:46:03ID: BC  Data: 00 00 00 AA 00 00 00 00 
"
"2016-11-21 14:46:03ID: BB  Data: 00 00 00 AA 00 00 00 00 
"
"2016-11-21 14:46:03ID: BC  Data: 00 00 00 AA 00 00 00 00 
"
"2016-11-21 14:46:03ID: BB  Data: 00 00 00 AA 00 00 00 00 
"
"2016-11-21 14:46:03ID: BC  Data: 00 00 00 AA 00 00 00 00 
"
"2016-11-21 14:46:03ID: BB  Data: 00 00 00 AA 00 00 00 00 
"
"2016-11-21 14:46:03ID: BC  Data: 00 00 00 AA 00 00 00 00 
"
"2016-11-21 14:46:03ID: BB  Data: 00 00 00 AA 00 00 00 00 
"
"2016-11-21 14:46:03ID: BC  Data: 00 00 00 AA 00 00 00 00 
"
"2016-11-21 14:46:03ID: BB  Data: 00 00 00 AA 00 00 00 00 
"
"2016-11-21 14:46:03ID: BC  Data: 00 00 00 AA 00 00 00 00 
"
"2016-11-21 14:46:03ID: BB  Data: 00 00 00 AA 00 00 00 00 
"
"2016-11-21 14:46:03ID: BC  Data: 00 00 00 AA 00 00 00 00 
"
"2016-11-21 14:46:03ID: BB  Data: 00 00 00 AA 00 00 00 00 
"
"2016-11-21 14:46:03ID: BC  Data: 00 00 00 AA 00 00 00 00 
"
"2016-11-21 14:46:03ID: BB  Data: 00 00 00 AA 00 00 00 00 
"
"2016-11-21 14:46:03ID: BC  Data: 00 00 00 AA 00 00 00 00 
"
"2016-11-21 14:46:03ID: BB  Data: 00 00 00 AA 00 00 00 00 
"
"2016-11-21 14:46:03ID: BC  Data: 00 00 00 AA 00 00 00 00 
"
"2016-11-21 14:46:04ID: BB  Data: 00 00 00 AA 00 00 00 00 
"
"2016-11-21 14:46:04ID: BC  Data: 00 00 00 AA 00 00 00 00 
"
"2016-11-21 14:46:04ID: BB  Data: 00 00 00 AA 00 00 00 00 
"
"2016-11-21 14:46:04ID: BC  Data: 00 00 00 AA 00 00 00 00 
"
"2016-11-21 14:46:04ID: BB  Data: 00 00 00 AA 00 00 00 00 
"
"2016-11-21 14:46:04ID: BC  Data: 00 00 00 AA 00 00 00 00 
"
"2016-11-21 14:46:04ID: BB  Data: 00 00 00 AA 00 00 00 00 
"
"2016-11-21 14:46:04ID: BC  Data: 00 00 00 AA 00 00 00 00 
"
"2016-11-21 14:46:04ID: BB  Data: 00 00 00 AA 00 00 00 00 
"
"2016-11-21 14:46:04ID: BC  Data: 00 00 00 AA 00 00 00 00 
"
"2016-11-21 14:46:04ID: BB  Data: 00 00 00 AA 00 00 00 00 
"
"2016-11-21 14:46:04ID: BC  Data: 00 00 00 AA 00 00 00 00 
"
"2016-11-21 14:46:04ID: BB  Data: 00 00 00 AA 00 00 00 00 
"
"2016-11-21 14:46:04ID: BC  Data: 00 00 00 AA 00 00 00 00 
"
"2016-11-21 14:46:04ID: BB  Data: 00 00 00 AA 00 00 00 00 
"
"2016-11-21 14:46:04ID: BC  Data: 00 00 00 AA 00 00 00 00 
"
"2016-11-21 14:46:04ID: BB  Data: 00 00 00 AA 01 D2 83 93 
"
"2016-11-21 14:46:04ID: BC  Data: 00 00 00 AA FE 2D 7C 6D 
"
"2016-11-21 14:46:04ID: BB  Data: 00 00 00 AA 01 DA 68 82 
"
"2016-11-21 14:46:04ID: BC  Data: 00 00 00 AA FE 25 97 7E 
"
"2016-11-21 14:46:04ID: BB  Data: 00 00 00 AA 01 D1 32 C1 
"
"2016-11-21 14:46:04ID: BC  Data: 00 00 00 AA FE 2E CD 3F 
"
"2016-11-21 14:46:04ID: BB  Data: 00 00 00 AA 01 AE FD 5F 
"
"2016-11-21 14:46:04ID: BC  Data: 00 00 00 AA FE 51 02 A1 
"
"2016-11-21 14:46:05ID: BB  Data: 00 00 00 AA 01 A8 69 43 
"
"2016-11-21 14:46:05ID: BC  Data: 00 00 00 AA FE 57 96 BD 
"
"2016-11-21 14:46:05ID: BB  Data: 00 00 00 AA 01 A8 69 43 
"
"2016-11-21 14:46:05ID: BC  Data: 00 00 00 AA FE 57 96 BD 
"
"2016-11-21 14:46:05ID: BB  Data: 00 00 00 AA 01 A9 BA 15 
"
"2016-11-21 14:46:05ID: BC  Data: 00 00 00 AA FE 56 45 EB 
"
"2016-11-21 14:46:05ID: BB  Data: 00 00 00 AA 01 A7 18 70 
"
"2016-11-21 14:46:05ID: BC  Data: 00 00 00 AA FE 58 E7 90 
"
"2016-11-21 14:46:05ID: BB  Data: 00 00 00 AA 01 A7 18 70 
"
"2016-11-21 14:46:05ID: BC  Data: 00 00 00 AA FE 58 E7 90 
"
"2016-11-21 14:46:05ID: BB  Data: 00 00 00 AA 01 A8 69 43 
"
"2016-11-21 14:46:05ID: BC  Data: 00 00 00 AA FE 57 96 BD 
"
"2016-11-21 14:46:05ID: BB  Data: 00 00 00 AA 01 A5 C7 9E 
"
"2016-11-21 14:46:05ID: BC  Data: 00 00 00 AA FE 5A 38 62 
"
"2016-11-21 14:46:05ID: BB  Data: 00 00 00 AA 01 A8 69 43 
"
"2016-11-21 14:46:05ID: BC  Data: 00 00 00 AA FE 57 96 BD 
"
"2016-11-21 14:46:05ID: BB  Data: 00 00 00 AA 01 A9 BA 15 
"
"2016-11-21 14:46:05ID: BC  Data: 00 00 00 AA FE 56 45 EB 
"
"2016-11-21 14:46:05ID: BB  Data: 00 00 00 AA 01 B6 E2 4E 
"
"2016-11-21 14:46:05ID: BC  Data: 00 00 00 AA FE 49 1D B2 
"
"2016-11-21 14:46:05ID: BB  Data: 00 00 00 AA 01 D7 C6 DD 
"
"2016-11-21 14:46:05ID: BC  Data: 00 00 00 AA FE 28 39 23 
"
"2016-11-21 14:46:06ID: BB  Data: 00 00 00 AA 01 D9 17 B0 
"
"2016-11-21 14:46:06ID: BC  Data: 00 00 00 AA FE 26 E8 50 
"
"2016-11-21 14:46:06ID: BB  Data: 00 00 00 AA 01 9D E2 AF 
"
"2016-11-21 14:46:06ID: BC  Data: 00 00 00 AA FE 62 1D 51 
"
"2016-11-21 14:46:06ID: BB  Data: 00 00 00 AA 00 00 00 00 
"
"2016-11-21 14:46:06ID: BC  Data: 00 00 00 AA 00 00 00 00 
"
"2016-11-21 14:46:06ID: BB  Data: 00 00 00 AA 01 87 84 B4 
"
"2016-11-21 14:46:06ID: BC  Data: 00 00 00 AA FE 78 7B 4C 
"
"2016-11-21 14:46:06ID: BB  Data: 00 00 00 AA 01 90 BA 75 
"
"2016-11-21 14:46:06ID: BC  Data: 00 00 00 AA FE 6F 45 8B 
"
"2016-11-21 14:46:06ID: BB  Data: 00 00 00 AA 01 8C C7 FE 
"
"2016-11-21 14:46:06ID: BC  Data: 00 00 00 AA FE 73 38 02 
"
"2016-11-21 14:46:06ID: BB  Data: 00 00 00 AA 01 8F 69 A3 
"
"2016-11-21 14:46:06ID: BC  Data: 00 00 00 AA FE 70 96 5D 
"
"2016-11-21 14:46:06ID: BB  Data: 00 00 00 AA 01 92 0B 48 
"
"2016-11-21 14:46:06ID: BC  Data: 00 00 00 AA FE 6D F4 B8 
"
"2016-11-21 14:46:06ID: BB  Data: 00 00 00 AA 01 93 5C 1A 
"
"2016-11-21 14:46:06ID: BC  Data: 00 00 00 AA FE 6C A3 E6 
"
"2016-11-21 14:46:06ID: BB  Data: 00 00 00 AA 01 95 FD BF 
"
"2016-11-21 14:46:06ID: BC  Data: 00 00 00 AA FE 6A 02 41 
"
"2016-11-21 14:46:06ID: BB  Data: 00 00 00 AA 01 94 AC ED 
"
"2016-11-21 14:46:06ID: BC  Data: 00 00 00 AA FE 6B 53 13 
"
"2016-11-21 14:46:07ID: BB  Data: 00 00 00 AA 01 95 FD BF 
"
"2016-11-21 14:46:07ID: BC  Data: 00 00 00 AA FE 6A 02 41 
"
"2016-11-21 14:46:07ID: BB  Data: 00 00 00 AA 01 95 FD BF 
"
"2016-11-21 14:46:07ID: BC  Data: 00 00 00 AA FE 6A 02 41 
"
"2016-11-21 14:46:07ID: BB  Data: 00 00 00 AA 01 93 5C 1A 
"
"2016-11-21 14:46:07ID: BC  Data: 00 00 00 AA FE 6C A3 E6 
"
"2016-11-21 14:46:07ID: BB  Data: 00 00 00 AA 01 95 FD BF 
"
"2016-11-21 14:46:07ID: BC  Data: 00 00 00 AA FE 6A 02 41 
"
"2016-11-21 14:46:07ID: BB  Data: 00 00 00 AA 01 95 FD BF 
"
"2016-11-21 14:46:07ID: BC  Data: 00 00 00 AA FE 6A 02 41 
"
"2016-11-21 14:46:07ID: BB  Data: 00 00 00 AA 01 98 9F 64 
"
"2016-11-21 14:46:07ID: BC  Data: 00 00 00 AA FE 67 60 9C 
"
"2016-11-21 14:46:07ID: BB  Data: 00 00 00 AA 01 98 9F 64 
"
"2016-11-21 14:46:07ID: BC  Data: 00 00 00 AA FE 67 60 9C 
"
"2016-11-21 14:46:07ID: BB  Data: 00 00 00 AA 01 9F 33 81 
"
"2016-11-21 14:46:07ID: BC  Data: 00 00 00 AA FE 60 CC 7F 
"
"2016-11-21 14:46:07ID: BB  Data: 00 00 00 AA 01 9D E2 AF 
"
"2016-11-21 14:46:07ID: BC  Data: 00 00 00 AA FE 62 1D 51 
"
"2016-11-21 14:46:07ID: BB  Data: 00 00 00 AA 01 A0 84 54 
"
"2016-11-21 14:46:07ID: BC  Data: 00 00 00 AA FE 5F 7B AC 
"
"2016-11-21 14:46:07ID: BB  Data: 00 00 00 AA 01 A7 18 70 
"
"2016-11-21 14:46:07ID: BC  Data: 00 00 00 AA FE 58 E7 90 
"
"2016-11-21 14:46:07ID: BB  Data: 00 00 00 AA 01 A5 C7 9E 
"
"2016-11-21 14:46:07ID: BC  Data: 00 00 00 AA FE 5A 38 62 
"
"2016-11-21 14:46:08ID: BB  Data: 00 00 00 AA 01 A3 25 F9 
"
"2016-11-21 14:46:08ID: BC  Data: 00 00 00 AA FE 5C DA 07 
"
"2016-11-21 14:46:08ID: BB  Data: 00 00 00 AA 01 A3 25 F9 
"
"2016-11-21 14:46:08ID: BC  Data: 00 00 00 AA FE 5C DA 07 
"
"2016-11-21 14:46:08ID: BB  Data: 00 00 00 AA 01 A5 C7 9E 
"
"2016-11-21 14:46:08ID: BC  Data: 00 00 00 AA FE 5A 38 62 
"
"2016-11-21 14:46:08ID: BB  Data: 00 00 00 AA 01 A8 69 43 
"
"2016-11-21 14:46:08ID: BC  Data: 00 00 00 AA FE 57 96 BD 
"
"2016-11-21 14:46:08ID: BB  Data: 00 00 00 AA 01 AC 5B BA 
"
"2016-11-21 14:46:08ID: BC  Data: 00 00 00 AA FE 53 A4 46 
"
"2016-11-21 14:46:08ID: BB  Data: 00 00 00 AA 01 B0 4E 32 
"
"2016-11-21 14:46:08ID: BC  Data: 00 00 00 AA FE 4F B1 CE 
"
"2016-11-21 14:46:08ID: BB  Data: 00 00 00 AA 01 B0 4E 32 
"
"2016-11-21 14:46:08ID: BC  Data: 00 00 00 AA FE 4F B1 CE 
"
"2016-11-21 14:46:08ID: BB  Data: 00 00 00 AA 01 AE FD 5F 
"
"2016-11-21 14:46:08ID: BC  Data: 00 00 00 AA FE 51 02 A1 
"
"2016-11-21 14:46:08ID: BB  Data: 00 00 00 AA 01 B0 4E 32 
"
"2016-11-21 14:46:08ID: BC  Data: 00 00 00 AA FE 4F B1 CE 
"
"2016-11-21 14:46:08ID: BB  Data: 00 00 00 AA 01 AE FD 5F 
"
"2016-11-21 14:46:08ID: BC  Data: 00 00 00 AA FE 51 02 A1 
"
"2016-11-21 14:46:08ID: BB  Data: 00 00 00 AA 01 B1 9F 04 
"
"2016-11-21 14:46:08ID: BC  Data: 00 00 00 AA FE 4E 60 FC 
"
"2016-11-21 14:46:09ID: BB  Data: 00 00 00 AA 01 B0 4E 32 
"
"2016-11-21 14:46:09ID: BC  Data: 00 00 00 AA FE 4F B1 CE 
"
"2016-11-21 14:46:09ID: BB  Data: 00 00 00 AA 01 B1 9F 04 
"
"2016-11-21 14:46:09ID: BC  Data: 00 00 00 AA FE 4E 60 FC 
"
"2016-11-21 14:46:09ID: BB  Data: 00 00 00 AA 01 B1 9F 04 
"
"2016-11-21 14:46:09ID: BC  Data: 00 00 00 AA FE 4E 60 FC 
"
"2016-11-21 14:46:09ID: BB  Data: 00 00 00 AA 01 B1 9F 04 
"
"2016-11-21 14:46:09ID: BC  Data: 00 00 00 AA FE 4E 60 FC 
"
"2016-11-21 14:46:09ID: BB  Data: 00 00 00 AA 01 B1 9F 04 
"
"2016-11-21 14:46:09ID: BC  Data: 00 00 00 AA FE 4E 60 FC 
"
"2016-11-21 14:46:09ID: BB  Data: 00 00 00 AA 01 B1 9F 04 
"
"2016-11-21 14:46:09ID: BC  Data: 00 00 00 AA FE 4E 60 FC 
"
"2016-11-21 14:46:09ID: BB  Data: 00 00 00 AA 01 B5 91 7C 
"
"2016-11-21 14:46:09ID: BC  Data: 00 00 00 AA FE 4A 6E 84 
"
"2016-11-21 14:46:09ID: BB  Data: 00 00 00 AA 01 BC 25 98 
"
"2016-11-21 14:46:09ID: BC  Data: 00 00 00 AA FE 43 DA 68 
"
"2016-11-21 14:46:09ID: BB  Data: 00 00 00 AA 01 B8 33 21 
"
"2016-11-21 14:46:09ID: BC  Data: 00 00 00 AA FE 47 CC DF 
"
"2016-11-21 14:46:09ID: BB  Data: 00 00 00 AA 01 AC 5B BA 
"
"2016-11-21 14:46:09ID: BC  Data: 00 00 00 AA FE 53 A4 46 
"
"2016-11-21 14:46:09ID: BB  Data: 00 00 00 AA 01 A9 BA 15 
"
"2016-11-21 14:46:09ID: BC  Data: 00 00 00 AA FE 56 45 EB 
"
"2016-11-21 14:46:09ID: BB  Data: 00 00 00 AA 01 A9 BA 15 
"
"2016-11-21 14:46:10ID: BC  Data: 00 00 00 AA FE 56 45 EB 
"
"2016-11-21 14:46:10ID: BB  Data: 00 00 00 AA 01 AC 5B BA 
"
"2016-11-21 14:46:10ID: BC  Data: 00 00 00 AA FE 53 A4 46 
"
"2016-11-21 14:46:10ID: BB  Data: 00 00 00 AA 01 AD AC 8D 
"
"2016-11-21 14:46:10ID: BC  Data: 00 00 00 AA FE 52 53 73 
"
"2016-11-21 14:46:10ID: BB  Data: 00 00 00 AA 01 AD AC 8D 
"
"2016-11-21 14:46:10ID: BC  Data: 00 00 00 AA FE 52 53 73 
"
"2016-11-21 14:46:10ID: BB  Data: 00 00 00 AA 01 B0 4E 32 
"
"2016-11-21 14:46:10ID: BC  Data: 00 00 00 AA FE 4F B1 CE 
"
"2016-11-21 14:46:10ID: BB  Data: 00 00 00 AA 01 B0 4E 32 
"
"2016-11-21 14:46:10ID: BC  Data: 00 00 00 AA FE 4F B1 CE 
"
"2016-11-21 14:46:10ID: BB  Data: 00 00 00 AA 01 B2 EF D7 
"
"2016-11-21 14:46:10ID: BC  Data: 00 00 00 AA FE 4D 10 29 
"
"2016-11-21 14:46:10ID: BB  Data: 00 00 00 AA 01 B0 4E 32 
"
"2016-11-21 14:46:10ID: BC  Data: 00 00 00 AA FE 4F B1 CE 
"
"2016-11-21 14:46:10ID: BB  Data: 00 00 00 AA 01 B4 40 A9 
"
"2016-11-21 14:46:10ID: BC  Data: 00 00 00 AA FE 4B BF 57 
"
"2016-11-21 14:46:10ID: BB  Data: 00 00 00 AA 01 B4 40 A9 
"
"2016-11-21 14:46:10ID: BC  Data: 00 00 00 AA FE 4B BF 57 
"
"2016-11-21 14:46:10ID: BB  Data: 00 00 00 AA 01 B6 E2 4E 
"
"2016-11-21 14:46:10ID: BC  Data: 00 00 00 AA FE 49 1D B2 
"
"2016-11-21 14:46:10ID: BB  Data: 00 00 00 AA 01 B6 E2 4E 
"
"2016-11-21 14:46:10ID: BC  Data: 00 00 00 AA FE 49 1D B2 
"
"2016-11-21 14:46:11ID: BB  Data: 00 00 00 AA 01 B5 91 7C 
"
"2016-11-21 14:46:11ID: BC  Data: 00 00 00 AA FE 4A 6E 84 
"
"2016-11-21 14:46:11ID: BB  Data: 00 00 00 AA 01 B4 40 A9 
"
"2016-11-21 14:46:11ID: BC  Data: 00 00 00 AA FE 4B BF 57 
"
"2016-11-21 14:46:11ID: BB  Data: 00 00 00 AA 01 B6 E2 4E 
"
"2016-11-21 14:46:11ID: BC  Data: 00 00 00 AA FE 49 1D B2 
"
"2016-11-21 14:46:11ID: BB  Data: 00 00 00 AA 01 B4 40 A9 
"
"2016-11-21 14:46:11ID: BC  Data: 00 00 00 AA FE 4B BF 57 
"
"2016-11-21 14:46:11ID: BB  Data: 00 00 00 AA 01 B5 91 7C 
"
"2016-11-21 14:46:11ID: BC  Data: 00 00 00 AA FE 4A 6E 84 
"
"2016-11-21 14:46:11ID: BB  Data: 00 00 00 AA 01 BA D4 C6 
"
"2016-11-21 14:46:11ID: BC  Data: 00 00 00 AA FE 45 2B 3A 
"
"2016-11-21 14:46:11ID: BB  Data: 00 00 00 AA 01 C2 B9 B5 
"
"2016-11-21 14:46:11ID: BC  Data: 00 00 00 AA FE 3D 46 4B 
"
"2016-11-21 14:46:11ID: BB  Data: 00 00 00 AA 01 C9 4D D2 
"
"2016-11-21 14:46:11ID: BC  Data: 00 00 00 AA FE 36 B2 2E 
"
"2016-11-21 14:46:11ID: BB  Data: 00 00 00 AA 01 CD 40 49 
"
"2016-11-21 14:46:11ID: BC  Data: 00 00 00 AA FE 32 BF B7 
"
"2016-11-21 14:46:11ID: BB  Data: 00 00 00 AA 01 CE 91 1C 
"
"2016-11-21 14:46:11ID: BC  Data: 00 00 00 AA FE 31 6E E4 
"
"2016-11-21 14:46:11ID: BB  Data: 00 00 00 AA 01 CF E1 EE 
"
"2016-11-21 14:46:11ID: BC  Data: 00 00 00 AA FE 30 1E 12 
"
"2016-11-21 14:46:12ID: BB  Data: 00 00 00 AA 01 D3 D4 66 
"
"2016-11-21 14:46:12ID: BC  Data: 00 00 00 AA FE 2C 2B 9A 
"
"2016-11-21 14:46:12ID: BB  Data: 00 00 00 AA 01 D3 D4 66 
"
"2016-11-21 14:46:12ID: BC  Data: 00 00 00 AA FE 2C 2B 9A 
"
"2016-11-21 14:46:12ID: BB  Data: 00 00 00 AA 01 D5 25 38 
"
"2016-11-21 14:46:12ID: BC  Data: 00 00 00 AA FE 2A DA C8 
"
"2016-11-21 14:46:12ID: BB  Data: 00 00 00 AA 01 D5 25 38 
"
"2016-11-21 14:46:12ID: BC  Data: 00 00 00 AA FE 2A DA C8 
"
"2016-11-21 14:46:12ID: BB  Data: 00 00 00 AA 01 D6 76 0B 
"
"2016-11-21 14:46:12ID: BC  Data: 00 00 00 AA FE 29 89 F5 
"
"2016-11-21 14:46:12ID: BB  Data: 00 00 00 AA 01 D6 76 0B 
"
"2016-11-21 14:46:12ID: BC  Data: 00 00 00 AA FE 29 89 F5 
"
"2016-11-21 14:46:12ID: BB  Data: 00 00 00 AA 01 D6 76 0B 
"
"2016-11-21 14:46:12ID: BC  Data: 00 00 00 AA FE 29 89 F5 
"
"2016-11-21 14:46:12ID: BB  Data: 00 00 00 AA 01 D7 C6 DD 
"
"2016-11-21 14:46:12ID: BC  Data: 00 00 00 AA FE 28 39 23 
"
"2016-11-21 14:46:12ID: BB  Data: 00 00 00 AA 01 DD 0A 27 
"
"2016-11-21 14:46:12ID: BC  Data: 00 00 00 AA FE 22 F5 D9 
"
"2016-11-21 14:46:12ID: BB  Data: 00 00 00 AA 01 DA 68 82 
"
"2016-11-21 14:46:12ID: BC  Data: 00 00 00 AA FE 25 97 7E 
"
"2016-11-21 14:46:12ID: BB  Data: 00 00 00 AA 01 DB B9 55 
"
"2016-11-21 14:46:12ID: BC  Data: 00 00 00 AA FE 24 46 AB 
"
"2016-11-21 14:46:12ID: BB  Data: 00 00 00 AA 01 DB B9 55 
"
"2016-11-21 14:46:12ID: BC  Data: 00 00 00 AA FE 24 46 AB 
"
"2016-11-21 14:46:13ID: BB  Data: 00 00 00 AA 01 DB B9 55 
"
"2016-11-21 14:46:13ID: BC  Data: 00 00 00 AA FE 24 46 AB 
"
"2016-11-21 14:46:13ID: BB  Data: 00 00 00 AA 01 DE 5A FA 
"
"2016-11-21 14:46:13ID: BC  Data: 00 00 00 AA FE 21 A5 06 
"
"2016-11-21 14:46:13ID: BB  Data: 00 00 00 AA 01 E2 4D 71 
"
"2016-11-21 14:46:13ID: BC  Data: 00 00 00 AA FE 1D B2 8F 
"
"2016-11-21 14:46:13ID: BB  Data: 00 00 00 AA 01 E7 90 BB 
"
"2016-11-21 14:46:13ID: BC  Data: 00 00 00 AA FE 18 6F 45 
"
"2016-11-21 14:46:13ID: BB  Data: 00 00 00 AA 01 DF AB CC 
"
"2016-11-21 14:46:13ID: BC  Data: 00 00 00 AA FE 20 54 34 
"
"2016-11-21 14:46:13ID: BB  Data: 00 00 00 AA 01 D9 17 B0 
"
"2016-11-21 14:46:13ID: BC  Data: 00 00 00 AA FE 26 E8 50 
"
"2016-11-21 14:46:13ID: BB  Data: 00 00 00 AA 01 DA 68 82 
"
"2016-11-21 14:46:13ID: BC  Data: 00 00 00 AA FE 25 97 7E 
"
"2016-11-21 14:46:13ID: BB  Data: 00 00 00 AA 01 DB B9 55 
"
"2016-11-21 14:46:13ID: BC  Data: 00 00 00 AA FE 24 46 AB 
"
"2016-11-21 14:46:13ID: BB  Data: 00 00 00 AA 01 DF AB CC 
"
"2016-11-21 14:46:13ID: BC  Data: 00 00 00 AA FE 20 54 34 
"
"2016-11-21 14:46:13ID: BB  Data: 00 00 00 AA 01 DE 5A FA 
"
"2016-11-21 14:46:13ID: BC  Data: 00 00 00 AA FE 21 A5 06 
"
"2016-11-21 14:46:13ID: BB  Data: 00 00 00 AA 01 DF AB CC 
"
"2016-11-21 14:46:13ID: BC  Data: 00 00 00 AA FE 20 54 34 
"
"2016-11-21 14:46:14ID: BB  Data: 00 00 00 AA 01 E0 FC 9F 
"
"2016-11-21 14:46:14ID: BC  Data: 00 00 00 AA FE 1F 03 61 
"
"2016-11-21 14:46:14ID: BB  Data: 00 00 00 AA 01 E0 FC 9F 
"
"2016-11-21 14:46:14ID: BC  Data: 00 00 00 AA FE 1F 03 61 
"
"2016-11-21 14:46:14ID: BB  Data: 00 00 00 AA 01 DF AB CC 
"
"2016-11-21 14:46:14ID: BC  Data: 00 00 00 AA FE 20 54 34 
"
"2016-11-21 14:46:14ID: BB  Data: 00 00 00 AA 01 DE 5A FA 
"
"2016-11-21 14:46:14ID: BC  Data: 00 00 00 AA FE 21 A5 06 
"
"2016-11-21 14:46:14ID: BB  Data: 00 00 00 AA 01 DD 0A 27 
"
"2016-11-21 14:46:14ID: BC  Data: 00 00 00 AA FE 22 F5 D9 
"
"2016-11-21 14:46:14ID: BB  Data: 00 00 00 AA 01 DB B9 55 
"
"2016-11-21 14:46:14ID: BC  Data: 00 00 00 AA FE 24 46 AB 
"
"2016-11-21 14:46:14ID: BB  Data: 00 00 00 AA 01 DB B9 55 
"
"2016-11-21 14:46:14ID: BC  Data: 00 00 00 AA FE 24 46 AB 
"
"2016-11-21 14:46:14ID: BB  Data: 00 00 00 AA 01 DB B9 55 
"
"2016-11-21 14:46:14ID: BC  Data: 00 00 00 AA FE 24 46 AB 
"
"2016-11-21 14:46:14ID: BB  Data: 00 00 00 AA 01 DD 0A 27 
"
"2016-11-21 14:46:14ID: BC  Data: 00 00 00 AA FE 22 F5 D9 
"
"2016-11-21 14:46:14ID: BB  Data: 00 00 00 AA 01 DE 5A FA 
"
"2016-11-21 14:46:14ID: BC  Data: 00 00 00 AA FE 21 A5 06 
"
"2016-11-21 14:46:14ID: BB  Data: 00 00 00 AA 01 DE 5A FA 
"
"2016-11-21 14:46:14ID: BC  Data: 00 00 00 AA FE 21 A5 06 
"
"2016-11-21 14:46:15ID: BB  Data: 00 00 00 AA 01 E0 FC 9F 
"
"2016-11-21 14:46:15ID: BC  Data: 00 00 00 AA FE 1F 03 61 
"
"2016-11-21 14:46:15ID: BB  Data: 00 00 00 AA 01 DE 5A FA 
"
"2016-11-21 14:46:15ID: BC  Data: 00 00 00 AA FE 21 A5 06 
"
"2016-11-21 14:46:15ID: BB  Data: 00 00 00 AA 01 DE 5A FA 
"
"2016-11-21 14:46:15ID: BC  Data: 00 00 00 AA FE 21 A5 06 
"
"2016-11-21 14:46:15ID: BB  Data: 00 00 00 AA 01 DD 0A 27 
"
"2016-11-21 14:46:15ID: BC  Data: 00 00 00 AA FE 22 F5 D9 
"
"2016-11-21 14:46:15ID: BB  Data: 00 00 00 AA 01 E2 4D 71 
"
"2016-11-21 14:46:15ID: BC  Data: 00 00 00 AA FE 1D B2 8F 
"
"2016-11-21 14:46:15ID: BB  Data: 00 00 00 AA 01 F3 68 22 
"
"2016-11-21 14:46:15ID: BC  Data: 00 00 00 AA FE 0C 97 DE 
"
"2016-11-21 14:46:15ID: BB  Data: 00 00 00 AA 02 18 3F 29 
"
"2016-11-21 14:46:15ID: BC  Data: 00 00 00 AA FD E7 C0 D7 
"
"2016-11-21 14:46:15ID: BB  Data: 00 00 00 AA 02 32 8F 9B 
"
"2016-11-21 14:46:15ID: BC  Data: 00 00 00 AA FD CD 70 65 
"
"2016-11-21 14:46:15ID: BB  Data: 00 00 00 AA 02 2B FB 7E 
"
"2016-11-21 14:46:15ID: BC  Data: 00 00 00 AA FD D4 04 82 
"
"2016-11-21 14:46:15ID: BB  Data: 00 00 00 AA 02 28 09 07 
"
"2016-11-21 14:46:15ID: BC  Data: 00 00 00 AA FD D7 F6 F9 
"
"2016-11-21 14:46:15ID: BB  Data: 00 00 00 AA 02 2A AA AC 
"
"2016-11-21 14:46:15ID: BC  Data: 00 00 00 AA FD D5 55 54 
"
"2016-11-21 14:46:15ID: BB  Data: 00 00 00 AA 02 2B FB 7E 
"
"2016-11-21 14:46:15ID: BC  Data: 00 00 00 AA FD D4 04 82 
"
"2016-11-21 14:46:16ID: BB  Data: 00 00 00 AA 02 29 59 D9 
"
"2016-11-21 14:46:16ID: BC  Data: 00 00 00 AA FD D6 A6 27 
"
"2016-11-21 14:46:16ID: BB  Data: 00 00 00 AA 02 25 67 62 
"
"2016-11-21 14:46:16ID: BC  Data: 00 00 00 AA FD DA 98 9E 
"
"2016-11-21 14:46:16ID: BB  Data: 00 00 00 AA 02 26 B8 34 
"
"2016-11-21 14:46:16ID: BC  Data: 00 00 00 AA FD D9 47 CC 
"
"2016-11-21 14:46:16ID: BB  Data: 00 00 00 AA 02 28 09 07 
"
"2016-11-21 14:46:16ID: BC  Data: 00 00 00 AA FD D7 F6 F9 
"
"2016-11-21 14:46:16ID: BB  Data: 00 00 00 AA 02 26 B8 34 
"
"2016-11-21 14:46:16ID: BC  Data: 00 00 00 AA FD D9 47 CC 
"
"2016-11-21 14:46:16ID: BB  Data: 00 00 00 AA 02 24 16 8F 
"
"2016-11-21 14:46:16ID: BC  Data: 00 00 00 AA FD DB E9 71 
"
"2016-11-21 14:46:16ID: BB  Data: 00 00 00 AA 02 22 C5 BD 
"
"2016-11-21 14:46:16ID: BC  Data: 00 00 00 AA FD DD 3A 43 
"
"2016-11-21 14:46:16ID: BB  Data: 00 00 00 AA 02 24 16 8F 
"
"2016-11-21 14:46:16ID: BC  Data: 00 00 00 AA FD DB E9 71 
"
"2016-11-21 14:46:16ID: BB  Data: 00 00 00 AA 02 25 67 62 
"
"2016-11-21 14:46:16ID: BC  Data: 00 00 00 AA FD DA 98 9E 
"
"2016-11-21 14:46:16ID: BB  Data: 00 00 00 AA 02 28 09 07 
"
"2016-11-21 14:46:16ID: BC  Data: 00 00 00 AA FD D7 F6 F9 
"
"2016-11-21 14:46:16ID: BB  Data: 00 00 00 AA 02 22 C5 BD 
"
"2016-11-21 14:46:16ID: BC  Data: 00 00 00 AA FD DD 3A 43 
"
"2016-11-21 14:46:17ID: BB  Data: 00 00 00 AA 02 25 67 62 
"
"2016-11-21 14:46:17ID: BC  Data: 00 00 00 AA FD DA 98 9E 
"
"2016-11-21 14:46:17ID: BB  Data: 00 00 00 AA 02 20 24 18 
"
"2016-11-21 14:46:17ID: BC  Data: 00 00 00 AA FD DF DB E8 
"
"2016-11-21 14:46:17ID: BB  Data: 00 00 00 AA 02 1A E0 CE 
"
"2016-11-21 14:46:17ID: BC  Data: 00 00 00 AA FD E5 1F 32 
"
"2016-11-21 14:46:17ID: BB  Data: 00 00 00 AA 02 12 FB DF 
"
"2016-11-21 14:46:17ID: BC  Data: 00 00 00 AA FD ED 04 21 
"
"2016-11-21 14:46:17ID: BB  Data: 00 00 00 AA 02 14 4C B1 
"
"2016-11-21 14:46:17ID: BC  Data: 00 00 00 AA FD EB B3 4F 
"
"2016-11-21 14:46:17ID: BB  Data: 00 00 00 AA 02 12 FB DF 
"
"2016-11-21 14:46:17ID: BC  Data: 00 00 00 AA FD ED 04 21 
"
"2016-11-21 14:46:17ID: BB  Data: 00 00 00 AA 02 11 AB 0C 
"
"2016-11-21 14:46:17ID: BC  Data: 00 00 00 AA FD EE 54 F4 
"
"2016-11-21 14:46:17ID: BB  Data: 00 00 00 AA 02 10 5A 3A 
"
"2016-11-21 14:46:17ID: BC  Data: 00 00 00 AA FD EF A5 C6 
"
"2016-11-21 14:46:17ID: BB  Data: 00 00 00 AA 02 0B 16 EF 
"
"2016-11-21 14:46:17ID: BC  Data: 00 00 00 AA FD F4 E9 11 
"
"2016-11-21 14:46:17ID: BB  Data: 00 00 00 AA 01 F4 B8 F5 
"
"2016-11-21 14:46:17ID: BC  Data: 00 00 00 AA FE 0B 47 0B 
"
"2016-11-21 14:46:17ID: BB  Data: 00 00 00 AA 01 EF 75 AB 
"
"2016-11-21 14:46:17ID: BC  Data: 00 00 00 AA FE 10 8A 55 
"
"2016-11-21 14:46:17ID: BB  Data: 00 00 00 AA 01 EF 75 AB 
"
"2016-11-21 14:46:17ID: BC  Data: 00 00 00 AA FE 10 8A 55 
"
"2016-11-21 14:46:18ID: BB  Data: 00 00 00 AA 01 E2 4D 71 
"
"2016-11-21 14:46:18ID: BC  Data: 00 00 00 AA FE 1D B2 8F 
"
"2016-11-21 14:46:18ID: BB  Data: 00 00 00 AA 01 A9 BA 15 
"
"2016-11-21 14:46:18ID: BC  Data: 00 00 00 AA FE 56 45 EB 
"
"2016-11-21 14:46:18ID: BB  Data: 00 00 00 AA 00 00 00 00 
"
"2016-11-21 14:46:18ID: BC  Data: 00 00 00 AA 00 00 00 00 
"
"2016-11-21 14:46:18ID: BB  Data: 00 00 00 AA 00 00 00 00 
"
"2016-11-21 14:46:18ID: BC  Data: 00 00 00 AA 00 00 00 00 
"
"2016-11-21 14:46:18ID: BB  Data: 00 00 00 AA 00 00 00 00 
"
"2016-11-21 14:46:18ID: BC  Data: 00 00 00 AA 00 00 00 00 
"
"2016-11-21 14:46:18ID: BB  Data: 00 00 00 AA 00 00 00 00 
"
"2016-11-21 14:46:18ID: BC  Data: 00 00 00 AA 00 00 00 00 
"
"2016-11-21 14:46:18ID: BB  Data: 00 00 00 AA 00 00 00 00 
"
"2016-11-21 14:46:18ID: BC  Data: 00 00 00 AA 00 00 00 00 
"
"2016-11-21 14:46:18ID: BB  Data: 00 00 00 AA 00 00 00 00 
"
"2016-11-21 14:46:18ID: BC  Data: 00 00 00 AA 00 00 00 00 
"
"2016-11-21 14:46:18ID: BB  Data: 00 00 00 AA 00 00 00 00 
"
"2016-11-21 14:46:18ID: BC  Data: 00 00 00 AA 00 00 00 00 
"
"2016-11-21 14:46:18ID: BB  Data: 00 00 00 AA 00 00 00 00 
"
"2016-11-21 14:46:18ID: BC  Data: 00 00 00 AA 00 00 00 00 
"
"2016-11-21 14:46:18ID: BB  Data: 00 00 00 AA 00 00 00 00 
"
"2016-11-21 14:46:18ID: BC  Data: 00 00 00 AA 00 00 00 00 
"
"2016-11-21 14:46:19ID: BB  Data: 00 00 00 AA 00 00 00 00 
"
"2016-11-21 14:46:19ID: BC  Data: 00 00 00 AA 00 00 00 00 
"
"2016-11-21 14:46:19ID: BB  Data: 00 00 00 AA 00 00 00 00 
"
"2016-11-21 14:46:19ID: BC  Data: 00 00 00 AA 00 00 00 00 
"
"2016-11-21 14:46:19ID: BB  Data: 00 00 00 AA 00 00 00 00 
"
"2016-11-21 14:46:19ID: BC  Data: 00 00 00 AA 00 00 00 00 
"
"2016-11-21 14:46:19ID: BB  Data: 00 00 00 AA 00 00 00 00 
"
"2016-11-21 14:46:19ID: BC  Data: 00 00 00 AA 00 00 00 00 
"
"2016-11-21 14:46:19ID: BB  Data: 00 00 00 AA 00 00 00 00 
"
"2016-11-21 14:46:19ID: BC  Data: 00 00 00 AA 00 00 00 00 
"
"2016-11-21 14:46:19ID: BB  Data: 00 00 00 AA 00 00 00 00 
"
"2016-11-21 14:46:19ID: BC  Data: 00 00 00 AA 00 00 00 00 
"
"2016-11-21 14:46:19ID: BB  Data: 00 00 00 AA 00 00 00 00 
"
"2016-11-21 14:46:19ID: BC  Data: 00 00 00 AA 00 00 00 00 
"
"2016-11-21 14:46:19ID: BB  Data: 00 00 00 AA 00 00 00 00 
"
"2016-11-21 14:46:19ID: BC  Data: 00 00 00 AA 00 00 00 00 
"
"2016-11-21 14:46:19ID: BB  Data: 00 00 00 AA 00 00 00 00 
"
"2016-11-21 14:46:19ID: BC  Data: 00 00 00 AA 00 00 00 00 
"
"2016-11-21 14:46:19ID: BB  Data: 00 00 00 AA 00 00 00 00 
"
"2016-11-21 14:46:19ID: BC  Data: 00 00 00 AA 00 00 00 00 
"
"2016-11-21 14:46:19ID: BB  Data: 00 00 00 AA 00 00 00 00 
"
"2016-11-21 14:46:19ID: BC  Data: 00 00 00 AA 00 00 00 00 
"
"2016-11-21 14:46:20ID: BB  Data: 00 00 00 AA 00 00 00 00 
"
"2016-11-21 14:46:20ID: BC  Data: 00 00 00 AA 00 00 00 00 
"
"2016-11-21 14:46:20ID: BB  Data: 00 00 00 AA 00 00 00 00 
"
"2016-11-21 14:46:20ID: BC  Data: 00 00 00 AA 00 00 00 00 
"
"2016-11-21 14:46:20ID: BB  Data: 00 00 00 AA 00 00 00 00 
"
"2016-11-21 14:46:20ID: BC  Data: 00 00 00 AA 00 00 00 00 
"
"2016-11-21 14:46:20ID: BB  Data: 00 00 00 AA 00 00 00 00 
"
"2016-11-21 14:46:20ID: BC  Data: 00 00 00 AA 00 00 00 00 
"
"2016-11-21 14:46:20ID: BB  Data: 00 00 00 AA 00 00 00 00 
"
"2016-11-21 14:46:20ID: BC  Data: 00 00 00 AA 00 00 00 00 
"
"2016-11-21 14:46:20ID: BB  Data: 00 00 00 AA 00 00 00 00 
"
"2016-11-21 14:46:20ID: BC  Data: 00 00 00 AA 00 00 00 00 
"
"2016-11-21 14:46:20ID: BB  Data: 00 00 00 AA 00 00 00 00 
"
"2016-11-21 14:46:20ID: BC  Data: 00 00 00 AA 00 00 00 00 
"
"2016-11-21 14:46:20ID: BB  Data: 00 00 00 AA 00 00 00 00 
"
"2016-11-21 14:46:20ID: BC  Data: 00 00 00 AA 00 00 00 00 
"
"2016-11-21 14:46:20ID: BB  Data: 00 00 00 AA 00 00 00 00 
"
"2016-11-21 14:46:20ID: BC  Data: 00 00 00 AA 00 00 00 00 
"
"2016-11-21 14:46:20ID: BB  Data: 00 00 00 AA 00 00 00 00 
"
"2016-11-21 14:46:20ID: BC  Data: 00 00 00 AA 00 00 00 00 
"
"2016-11-21 14:46:20ID: BB  Data: 00 00 00 AA 00 00 00 00 
"
"2016-11-21 14:46:20ID: BC  Data: 00 00 00 AA 00 00 00 00 
"
"2016-11-21 14:46:20ID: BB  Data: 00 00 00 AA 00 00 00 00 
"
"2016-11-21 14:46:20ID: BC  Data: 00 00 00 AA 00 00 00 00 
"
"2016-11-21 14:46:21ID: BB  Data: 00 00 00 AA 00 00 00 00 
"
"2016-11-21 14:46:21ID: BC  Data: 00 00 00 AA 00 00 00 00 
"
"2016-11-21 14:46:21ID: BB  Data: 00 00 00 AA 00 00 00 00 
"
"2016-11-21 14:46:21ID: BC  Data: 00 00 00 AA 00 00 00 00 
"
"2016-11-21 14:46:21ID: BB  Data: 00 00 00 AA 00 00 00 00 
"
"2016-11-21 14:46:21ID: BC  Data: 00 00 00 AA 00 00 00 00 
"
"2016-11-21 14:46:21ID: BB  Data: 00 00 00 AA 00 00 00 00 
"
"2016-11-21 14:46:21ID: BC  Data: 00 00 00 AA 00 00 00 00 
"
"2016-11-21 14:46:21ID: BB  Data: 00 00 00 AA 00 00 00 00 
"
"2016-11-21 14:46:21ID: BC  Data: 00 00 00 AA 00 00 00 00 
"
"2016-11-21 14:46:21ID: BB  Data: 00 00 00 AA 00 00 00 00 
"
"2016-11-21 14:46:21ID: BC  Data: 00 00 00 AA 00 00 00 00 
"
"2016-11-21 14:46:21ID: BB  Data: 00 00 00 AA 00 00 00 00 
"
"2016-11-21 14:46:21ID: BC  Data: 00 00 00 AA 00 00 00 00 
"
"2016-11-21 14:46:21ID: BB  Data: 00 00 00 AA 00 00 00 00 
"
"2016-11-21 14:46:21ID: BC  Data: 00 00 00 AA 00 00 00 00 
"
"2016-11-21 14:46:21ID: AA  Data: AA AA 00 00 00 00 00 00 
"
"2016-11-21 14:46:21ID: BB  Data: 00 00 00 AA 00 00 00 00 
"
"2016-11-21 14:46:21ID: BC  Data: 00 00 00 AA 00 00 00 00 
"
"2016-11-21 14:46:21ID: BB  Data: 00 00 00 AA 00 00 00 00 
"
"2016-11-21 14:46:21ID: BC  Data: 00 00 00 AA 00 00 00 00 
"
"2016-11-21 14:46:21ID: BB  Data: 00 00 00 AA 00 00 00 00 
"
"2016-11-21 14:46:21ID: BC  Data: 00 00 00 AA 00 00 00 00 
"
"2016-11-21 14:46:22ID: BB  Data: 00 00 00 AA 00 00 00 00 
"
"2016-11-21 14:46:22ID: BC  Data: 00 00 00 AA 00 00 00 00 
"
"2016-11-21 14:46:22ID: BB  Data: 00 00 00 AA 00 00 00 00 
"
"2016-11-21 14:46:22ID: BC  Data: 00 00 00 AA 00 00 00 00 
"
"2016-11-21 14:46:22ID: BB  Data: 00 00 00 AA 00 00 00 00 
"
"2016-11-21 14:46:22ID: BC  Data: 00 00 00 AA 00 00 00 00 
"
"2016-11-21 14:46:22ID: BB  Data: 00 00 00 AA 00 00 00 00 
"
"2016-11-21 14:46:22ID: BC  Data: 00 00 00 AA 00 00 00 00 
"
"2016-11-21 14:46:22ID: BB  Data: 00 00 00 AA 00 00 00 00 
"
"2016-11-21 14:46:22ID: BC  Data: 00 00 00 AA 00 00 00 00 
"
"2016-11-21 14:46:22ID: BB  Data: 00 00 00 AA 00 00 00 00 
"
"2016-11-21 14:46:22ID: BC  Data: 00 00 00 AA 00 00 00 00 
"
"2016-11-21 14:46:22ID: BB  Data: 00 00 00 AA 00 00 00 00 
"
"2016-11-21 14:46:22ID: BC  Data: 00 00 00 AA 00 00 00 00 
"
"2016-11-21 14:46:22ID: BB  Data: 00 00 00 AA 00 00 00 00 
"
"2016-11-21 14:46:22ID: BC  Data: 00 00 00 AA 00 00 00 00 
"
"2016-11-21 14:46:22ID: BB  Data: 00 00 00 AA 00 00 00 00 
"
"2016-11-21 14:46:22ID: BC  Data: 00 00 00 AA 00 00 00 00 
"
"2016-11-21 14:46:22ID: BB  Data: 00 00 00 AA 00 00 00 00 
"
"2016-11-21 14:46:22ID: BC  Data: 00 00 00 AA 00 00 00 00 
"
"2016-11-21 14:46:22ID: BB  Data: 00 00 00 AA 00 00 00 00 
"
"2016-11-21 14:46:22ID: BC  Data: 00 00 00 AA 00 00 00 00 
"
"2016-11-21 14:46:22ID: BB  Data: 00 00 00 AA 00 00 00 00 
"
"2016-11-21 14:46:23ID: BC  Data: 00 00 00 AA 00 00 00 00 
"
"2016-11-21 14:46:23ID: BB  Data: 00 00 00 AA 00 00 00 00 
"
"2016-11-21 14:46:23ID: BC  Data: 00 00 00 AA 00 00 00 00 
"
"2016-11-21 14:46:23ID: BB  Data: 00 00 00 AA 00 00 00 00 
"
"2016-11-21 14:46:23ID: BC  Data: 00 00 00 AA 00 00 00 00 
"
"2016-11-21 14:46:23ID: BB  Data: 00 00 00 AA 00 00 00 00 
"
"2016-11-21 14:46:23ID: BC  Data: 00 00 00 AA 00 00 00 00 
"
"2016-11-21 14:46:23ID: BB  Data: 00 00 00 AA 00 00 00 00 
"
"2016-11-21 14:46:23ID: BC  Data: 00 00 00 AA 00 00 00 00 
"
"2016-11-21 14:46:23ID: BB  Data: 00 00 00 AA 00 00 00 00 
"
"2016-11-21 14:46:23ID: BC  Data: 00 00 00 AA 00 00 00 00 
"
"2016-11-21 14:46:23ID: BB  Data: 00 00 00 AA 00 00 00 00 
"
"2016-11-21 14:46:23ID: BC  Data: 00 00 00 AA 00 00 00 00 
"
"2016-11-21 14:46:23ID: BB  Data: 00 00 00 AA 00 00 00 00 
"
"2016-11-21 14:46:23ID: BC  Data: 00 00 00 AA 00 00 00 00 
"
"2016-11-21 14:46:23ID: BB  Data: 00 00 00 AA 00 00 00 00 
"
"2016-11-21 14:46:23ID: BC  Data: 00 00 00 AA 00 00 00 00 
"
"2016-11-21 14:46:23ID: BB  Data: 00 00 00 AA 00 00 00 00 
"
"2016-11-21 14:46:23ID: BC  Data: 00 00 00 AA 00 00 00 00 
"
"2016-11-21 14:46:23ID: BB  Data: 00 00 00 AA 00 00 00 00 
"
"2016-11-21 14:46:23ID: BC  Data: 00 00 00 AA 00 00 00 00 
"
"2016-11-21 14:46:23ID: BB  Data: 00 00 00 AA 00 00 00 00 
"
"2016-11-21 14:46:23ID: BC  Data: 00 00 00 AA 00 00 00 00 
"
"2016-11-21 14:46:24ID: BB  Data: 00 00 00 AA 00 00 00 00 
"
"2016-11-21 14:46:24ID: BC  Data: 00 00 00 AA 00 00 00 00 
"
"2016-11-21 14:46:24ID: BB  Data: 00 00 00 AA 00 00 00 00 
"
"2016-11-21 14:46:24ID: BC  Data: 00 00 00 AA 00 00 00 00 
"
"2016-11-21 14:46:24ID: BB  Data: 00 00 00 AA 00 00 00 00 
"
"2016-11-21 14:46:24ID: BC  Data: 00 00 00 AA 00 00 00 00 
"
"2016-11-21 14:46:24ID: BB  Data: 00 00 00 AA 00 00 00 00 
"
"2016-11-21 14:46:24ID: BC  Data: 00 00 00 AA 00 00 00 00 
"
"2016-11-21 14:46:24ID: BB  Data: 00 00 00 AA 00 00 00 00 
"
"2016-11-21 14:46:24ID: BC  Data: 00 00 00 AA 00 00 00 00 
"
"2016-11-21 14:46:24ID: BB  Data: 00 00 00 AA 00 00 00 00 
"
"2016-11-21 14:46:24ID: BC  Data: 00 00 00 AA 00 00 00 00 
"
"2016-11-21 14:46:24ID: BB  Data: 00 00 00 AA 00 00 00 00 
"
"2016-11-21 14:46:24ID: BC  Data: 00 00 00 AA 00 00 00 00 
"
"2016-11-21 14:46:24ID: BB  Data: 00 00 00 AA 00 00 00 00 
"
"2016-11-21 14:46:24ID: BC  Data: 00 00 00 AA 00 00 00 00 
"
"2016-11-21 14:46:24ID: BB  Data: 00 00 00 AA 00 00 00 00 
"
"2016-11-21 14:46:24ID: BC  Data: 00 00 00 AA 00 00 00 00 
"
"2016-11-21 14:46:24ID: BB  Data: 00 00 00 AA 00 00 00 00 
"
"2016-11-21 14:46:24ID: BC  Data: 00 00 00 AA 00 00 00 00 
"
"2016-11-21 14:46:24ID: BB  Data: 00 00 00 AA 00 00 00 00 
"
"2016-11-21 14:46:24ID: BC  Data: 00 00 00 AA 00 00 00 00 
"
"2016-11-21 14:46:25ID: BB  Data: 00 00 00 AA 00 00 00 00 
"
"2016-11-21 14:46:25ID: BC  Data: 00 00 00 AA 00 00 00 00 
"
"2016-11-21 14:46:25ID: BB  Data: 00 00 00 AA 00 00 00 00 
"
"2016-11-21 14:46:25ID: BC  Data: 00 00 00 AA 00 00 00 00 
"
"2016-11-21 14:46:25ID: BB  Data: 00 00 00 AA 00 00 00 00 
"
"2016-11-21 14:46:25ID: BC  Data: 00 00 00 AA 00 00 00 00 
"
"2016-11-21 14:46:25ID: BB  Data: 00 00 00 AA 00 00 00 00 
"
"2016-11-21 14:46:25ID: BC  Data: 00 00 00 AA 00 00 00 00 
"
"2016-11-21 14:46:25ID: BB  Data: 00 00 00 AA 00 00 00 00 
"
"2016-11-21 14:46:25ID: BC  Data: 00 00 00 AA 00 00 00 00 
"
"2016-11-21 14:46:25ID: BB  Data: 00 00 00 AA 00 00 00 00 
"
"2016-11-21 14:46:25ID: BC  Data: 00 00 00 AA 00 00 00 00 
"
"2016-11-21 14:46:25ID: BB  Data: 00 00 00 AA 00 00 00 00 
"
"2016-11-21 14:46:25ID: BC  Data: 00 00 00 AA 00 00 00 00 
"
"2016-11-21 14:46:25ID: BB  Data: 00 00 00 AA 00 00 00 00 
"
"2016-11-21 14:46:25ID: BC  Data: 00 00 00 AA 00 00 00 00 
"
"2016-11-21 14:46:25ID: BB  Data: 00 00 00 AA 00 00 00 00 
"
"2016-11-21 14:46:25ID: BC  Data: 00 00 00 AA 00 00 00 00 
"
"2016-11-21 14:46:25ID: BB  Data: 00 00 00 AA 00 00 00 00 
"
"2016-11-21 14:46:25ID: BC  Data: 00 00 00 AA 00 00 00 00 
"
"2016-11-21 14:46:25ID: BB  Data: 00 00 00 AA 00 00 00 00 
"
"2016-11-21 14:46:25ID: BC  Data: 00 00 00 AA 00 00 00 00 
"
"2016-11-21 14:46:25ID: BB  Data: 00 00 00 AA 00 00 00 00 
"
"2016-11-21 14:46:25ID: BC  Data: 00 00 00 AA 00 00 00 00 
"
"2016-11-21 14:46:26ID: BB  Data: 00 00 00 AA 00 00 00 00 
"
"2016-11-21 14:46:26ID: BC  Data: 00 00 00 AA 00 00 00 00 
"
"2016-11-21 14:46:26ID: BB  Data: 00 00 00 AA 00 00 00 00 
"
"2016-11-21 14:46:26ID: BC  Data: 00 00 00 AA 00 00 00 00 
"
"2016-11-21 14:46:26ID: BB  Data: 00 00 00 AA 00 00 00 00 
"
"2016-11-21 14:46:26ID: BC  Data: 00 00 00 AA 00 00 00 00 
"
"2016-11-21 14:46:26ID: BB  Data: 00 00 00 AA 00 00 00 00 
"
"2016-11-21 14:46:26ID: BC  Data: 00 00 00 AA 00 00 00 00 
"
"2016-11-21 14:46:26ID: BB  Data: 00 00 00 AA 00 00 00 00 
"
"2016-11-21 14:46:26ID: BC  Data: 00 00 00 AA 00 00 00 00 
"
"2016-11-21 14:46:26ID: BB  Data: 00 00 00 AA 00 00 00 00 
"
"2016-11-21 14:46:26ID: BC  Data: 00 00 00 AA 00 00 00 00 
"
"2016-11-21 14:46:26ID: BB  Data: 00 00 00 AA 00 00 00 00 
"
"2016-11-21 14:46:26ID: BC  Data: 00 00 00 AA 00 00 00 00 
"
"2016-11-21 14:46:26ID: BB  Data: 00 00 00 AA 00 00 00 00 
"
"2016-11-21 14:46:26ID: BC  Data: 00 00 00 AA 00 00 00 00 
"
"2016-11-21 14:46:26ID: BB  Data: 00 00 00 AA 00 00 00 00 
"
"2016-11-21 14:46:26ID: BC  Data: 00 00 00 AA 00 00 00 00 
"
"2016-11-21 14:46:26ID: BB  Data: 00 00 00 AA 00 00 00 00 
"
"2016-11-21 14:46:26ID: BC  Data: 00 00 00 AA 00 00 00 00 
"
"2016-11-21 14:46:26ID: BB  Data: 00 00 00 AA 00 00 00 00 
"
"2016-11-21 14:46:26ID: BC  Data: 00 00 00 AA 00 00 00 00 
"
"2016-11-21 14:46:27ID: BB  Data: 00 00 00 AA 00 00 00 00 
"
"2016-11-21 14:46:27ID: BC  Data: 00 00 00 AA 00 00 00 00 
"
"2016-11-21 14:46:27ID: BB  Data: 00 00 00 AA 00 00 00 00 
"
"2016-11-21 14:46:27ID: BC  Data: 00 00 00 AA 00 00 00 00 
"
"2016-11-21 14:46:27ID: BB  Data: 00 00 00 AA 00 00 00 00 
"
"2016-11-21 14:46:27ID: BC  Data: 00 00 00 AA 00 00 00 00 
"
"2016-11-21 14:46:27ID: BB  Data: 00 00 00 AA 00 00 00 00 
"
"2016-11-21 14:46:27ID: BC  Data: 00 00 00 AA 00 00 00 00 
"
"2016-11-21 14:46:27ID: BB  Data: 00 00 00 AA 00 00 00 00 
"
"2016-11-21 14:46:27ID: BC  Data: 00 00 00 AA 00 00 00 00 
"
"2016-11-21 14:46:27ID: BB  Data: 00 00 00 AA 00 00 00 00 
"
"2016-11-21 14:46:27ID: BC  Data: 00 00 00 AA 00 00 00 00 
"
"2016-11-21 14:46:27ID: BB  Data: 00 00 00 AA 00 00 00 00 
"
"2016-11-21 14:46:27ID: BC  Data: 00 00 00 AA 00 00 00 00 
"
"2016-11-21 14:46:27ID: BB  Data: 00 00 00 AA 00 00 00 00 
"
"2016-11-21 14:46:27ID: BC  Data: 00 00 00 AA 00 00 00 00 
"
"2016-11-21 14:46:27ID: BB  Data: 00 00 00 AA 00 00 00 00 
"
"2016-11-21 14:46:27ID: BC  Data: 00 00 00 AA 00 00 00 00 
"
"2016-11-21 14:46:27ID: BB  Data: 00 00 00 AA 00 00 00 00 
"
"2016-11-21 14:46:27ID: BC  Data: 00 00 00 AA 00 00 00 00 
"
"2016-11-21 14:46:27ID: BB  Data: 00 00 00 AA 00 00 00 00 
"
"2016-11-21 14:46:27ID: BC  Data: 00 00 00 AA 00 00 00 00 
"
"2016-11-21 14:46:28ID: BB  Data: 00 00 00 AA 00 00 00 00 
"
"2016-11-21 14:46:28ID: BC  Data: 00 00 00 AA 00 00 00 00 
"
"2016-11-21 14:46:28ID: BB  Data: 00 00 00 AA 00 00 00 00 
"
"2016-11-21 14:46:28ID: BC  Data: 00 00 00 AA 00 00 00 00 
"
"2016-11-21 14:46:28ID: BB  Data: 00 00 00 AA 00 00 00 00 
"
"2016-11-21 14:46:28ID: BC  Data: 00 00 00 AA 00 00 00 00 
"
"2016-11-21 14:46:28ID: BB  Data: 00 00 00 AA 00 00 00 00 
"
"2016-11-21 14:46:28ID: BC  Data: 00 00 00 AA 00 00 00 00 
"
"2016-11-21 14:46:28ID: BB  Data: 00 00 00 AA 00 00 00 00 
"
"2016-11-21 14:46:28ID: BC  Data: 00 00 00 AA 00 00 00 00 
"
"2016-11-21 14:46:28ID: BB  Data: 00 00 00 AA 00 00 00 00 
"
"2016-11-21 14:46:28ID: BC  Data: 00 00 00 AA 00 00 00 00 
"
"2016-11-21 14:46:28ID: BB  Data: 00 00 00 AA 00 00 00 00 
"
"2016-11-21 14:46:28ID: BC  Data: 00 00 00 AA 00 00 00 00 
"
"2016-11-21 14:46:28ID: BB  Data: 00 00 00 AA 00 00 00 00 
"
"2016-11-21 14:46:28ID: BC  Data: 00 00 00 AA 00 00 00 00 
"
"2016-11-21 14:46:28ID: BB  Data: 00 00 00 AA 00 00 00 00 
"
"2016-11-21 14:46:28ID: BC  Data: 00 00 00 AA 00 00 00 00 
"
"2016-11-21 14:46:28ID: BB  Data: 00 00 00 AA 00 00 00 00 
"
"2016-11-21 14:46:28ID: BC  Data: 00 00 00 AA 00 00 00 00 
"
"2016-11-21 14:46:28ID: BB  Data: 00 00 00 AA 00 00 00 00 
"
"2016-11-21 14:46:28ID: BC  Data: 00 00 00 AA 00 00 00 00 
"
"2016-11-21 14:46:28ID: BB  Data: 00 00 00 AA 00 00 00 00 
"
"2016-11-21 14:46:28ID: BC  Data: 00 00 00 AA 00 00 00 00 
"
"2016-11-21 14:46:29ID: BB  Data: 00 00 00 AA 00 00 00 00 
"
"2016-11-21 14:46:29ID: BC  Data: 00 00 00 AA 00 00 00 00 
"
"2016-11-21 14:46:29ID: BB  Data: 00 00 00 AA 00 00 00 00 
"
"2016-11-21 14:46:29ID: BC  Data: 00 00 00 AA 00 00 00 00 
"
"2016-11-21 14:46:29ID: BB  Data: 00 00 00 AA 00 00 00 00 
"
"2016-11-21 14:46:29ID: BC  Data: 00 00 00 AA 00 00 00 00 
"
"2016-11-21 14:46:29ID: BB  Data: 00 00 00 AA 00 00 00 00 
"
"2016-11-21 14:46:29ID: BC  Data: 00 00 00 AA 00 00 00 00 
"
"2016-11-21 14:46:29ID: BB  Data: 00 00 00 AA 00 00 00 00 
"
"2016-11-21 14:46:29ID: BC  Data: 00 00 00 AA 00 00 00 00 
"
"2016-11-21 14:46:29ID: BB  Data: 00 00 00 AA 00 00 00 00 
"
"2016-11-21 14:46:29ID: BC  Data: 00 00 00 AA 00 00 00 00 
"
"2016-11-21 14:46:29ID: BB  Data: 00 00 00 AA 00 00 00 00 
"
"2016-11-21 14:46:29ID: BC  Data: 00 00 00 AA 00 00 00 00 
"
"2016-11-21 14:46:29ID: BB  Data: 00 00 00 AA 00 00 00 00 
"
"2016-11-21 14:46:29ID: BC  Data: 00 00 00 AA 00 00 00 00 
"
"2016-11-21 14:46:29ID: BB  Data: 00 00 00 AA 00 00 00 00 
"
"2016-11-21 14:46:29ID: BC  Data: 00 00 00 AA 00 00 00 00 
"
"2016-11-21 14:46:29ID: BB  Data: 00 00 00 AA 00 00 00 00 
"
"2016-11-21 14:46:29ID: BC  Data: 00 00 00 AA 00 00 00 00 
"
"2016-11-21 14:46:29ID: BB  Data: 00 00 00 AA 00 00 00 00 
"
"2016-11-21 14:46:29ID: BC  Data: 00 00 00 AA 00 00 00 00 
"
"2016-11-21 14:46:30ID: BB  Data: 00 00 00 AA 00 00 00 00 
"
"2016-11-21 14:46:30ID: BC  Data: 00 00 00 AA 00 00 00 00 
"
"2016-11-21 14:46:30ID: BB  Data: 00 00 00 AA 00 00 00 00 
"
"2016-11-21 14:46:30ID: BC  Data: 00 00 00 AA 00 00 00 00 
"
"2016-11-21 14:46:30ID: BB  Data: 00 00 00 AA 00 00 00 00 
"
"2016-11-21 14:46:30ID: BC  Data: 00 00 00 AA 00 00 00 00 
"
"2016-11-21 14:46:30ID: BB  Data: 00 00 00 AA 00 00 00 00 
"
"2016-11-21 14:46:30ID: BC  Data: 00 00 00 AA 00 00 00 00 
"
"2016-11-21 14:46:30ID: BB  Data: 00 00 00 AA 00 00 00 00 
"
"2016-11-21 14:46:30ID: BC  Data: 00 00 00 AA 00 00 00 00 
"
"2016-11-21 14:46:30ID: BB  Data: 00 00 00 AA 00 00 00 00 
"
"2016-11-21 14:46:30ID: BC  Data: 00 00 00 AA 00 00 00 00 
"
"2016-11-21 14:46:30ID: BB  Data: 00 00 00 AA 00 00 00 00 
"
"2016-11-21 14:46:30ID: BC  Data: 00 00 00 AA 00 00 00 00 
"
"2016-11-21 14:46:30ID: BB  Data: 00 00 00 AA 00 00 00 00 
"
"2016-11-21 14:46:30ID: BC  Data: 00 00 00 AA 00 00 00 00 
"
"2016-11-21 14:46:30ID: BB  Data: 00 00 00 AA 00 00 00 00 
"
"2016-11-21 14:46:30ID: BC  Data: 00 00 00 AA 00 00 00 00 
"
"2016-11-21 14:46:30ID: BB  Data: 00 00 00 AA 00 00 00 00 
"
"2016-11-21 14:46:30ID: BC  Data: 00 00 00 AA 00 00 00 00 
"
"2016-11-21 14:46:30ID: BB  Data: 00 00 00 AA 00 00 00 00 
"
"2016-11-21 14:46:30ID: BC  Data: 00 00 00 AA 00 00 00 00 
"
"2016-11-21 14:46:30ID: BB  Data: 00 00 00 AA 00 00 00 00 
"
"2016-11-21 14:46:30ID: BC  Data: 00 00 00 AA 00 00 00 00 
"
"2016-11-21 14:46:31ID: BB  Data: 00 00 00 AA 00 00 00 00 
"
"2016-11-21 14:46:31ID: BC  Data: 00 00 00 AA 00 00 00 00 
"
"2016-11-21 14:46:31ID: BB  Data: 00 00 00 AA 00 00 00 00 
"
"2016-11-21 14:46:31ID: BC  Data: 00 00 00 AA 00 00 00 00 
"
"2016-11-21 14:46:31ID: BB  Data: 00 00 00 AA 00 00 00 00 
"
"2016-11-21 14:46:31ID: BC  Data: 00 00 00 AA 00 00 00 00 
"
"2016-11-21 14:46:31ID: BB  Data: 00 00 00 AA 00 00 00 00 
"
"2016-11-21 14:46:31ID: BC  Data: 00 00 00 AA 00 00 00 00 
"
"2016-11-21 14:46:31ID: BB  Data: 00 00 00 AA 00 00 00 00 
"
"2016-11-21 14:46:31ID: BC  Data: 00 00 00 AA 00 00 00 00 
"
"2016-11-21 14:46:31ID: BB  Data: 00 00 00 AA 00 00 00 00 
"
"2016-11-21 14:46:31ID: BC  Data: 00 00 00 AA 00 00 00 00 
"
"2016-11-21 14:46:31ID: BB  Data: 00 00 00 AA 00 00 00 00 
"
"2016-11-21 14:46:31ID: BC  Data: 00 00 00 AA 00 00 00 00 
"
"2016-11-21 14:46:31ID: BB  Data: 00 00 00 AA 00 00 00 00 
"
"2016-11-21 14:46:31ID: BC  Data: 00 00 00 AA 00 00 00 00 
"
"2016-11-21 14:46:31ID: BB  Data: 00 00 00 AA 00 00 00 00 
"
"2016-11-21 14:46:31ID: BC  Data: 00 00 00 AA 00 00 00 00 
"
"2016-11-21 14:46:31ID: BB  Data: 00 00 00 AA 00 00 00 00 
"
"2016-11-21 14:46:31ID: BC  Data: 00 00 00 AA 00 00 00 00 
"
"2016-11-21 14:46:31ID: BB  Data: 00 00 00 AA 00 00 00 00 
"
"2016-11-21 14:46:31ID: BC  Data: 00 00 00 AA 00 00 00 00 
"
"2016-11-21 14:46:32ID: BB  Data: 00 00 00 AA 00 00 00 00 
"
"2016-11-21 14:46:32ID: BC  Data: 00 00 00 AA 00 00 00 00 
"
"2016-11-21 14:46:32ID: BB  Data: 00 00 00 AA 00 00 00 00 
"
"2016-11-21 14:46:32ID: BC  Data: 00 00 00 AA 00 00 00 00 
"
"2016-11-21 14:46:32ID: BB  Data: 00 00 00 AA 00 00 00 00 
"
"2016-11-21 14:46:32ID: BC  Data: 00 00 00 AA 00 00 00 00 
"
"2016-11-21 14:46:32ID: BB  Data: 00 00 00 AA 00 00 00 00 
"
"2016-11-21 14:46:32ID: BC  Data: 00 00 00 AA 00 00 00 00 
"
"2016-11-21 14:46:32ID: BB  Data: 00 00 00 AA 00 00 00 00 
"
"2016-11-21 14:46:32ID: BC  Data: 00 00 00 AA 00 00 00 00 
"
"2016-11-21 14:46:32ID: BB  Data: 00 00 00 AA 00 00 00 00 
"
"2016-11-21 14:46:32ID: BC  Data: 00 00 00 AA 00 00 00 00 
"
"2016-11-21 14:46:32ID: BB  Data: 00 00 00 AA 00 00 00 00 
"
"2016-11-21 14:46:32ID: BC  Data: 00 00 00 AA 00 00 00 00 
"
"2016-11-21 14:46:32ID: BB  Data: 00 00 00 AA 00 00 00 00 
"
"2016-11-21 14:46:32ID: BC  Data: 00 00 00 AA 00 00 00 00 
"
"2016-11-21 14:46:32ID: BB  Data: 00 00 00 AA 00 00 00 00 
"
"2016-11-21 14:46:32ID: BC  Data: 00 00 00 AA 00 00 00 00 
"
"2016-11-21 14:46:32ID: BB  Data: 00 00 00 AA 00 00 00 00 
"
"2016-11-21 14:46:32ID: BC  Data: 00 00 00 AA 00 00 00 00 
"
"2016-11-21 14:46:32ID: BB  Data: 00 00 00 AA 00 00 00 00 
"
"2016-11-21 14:46:32ID: BC  Data: 00 00 00 AA 00 00 00 00 
"
"2016-11-21 14:46:33ID: BB  Data: 00 00 00 AA 00 00 00 00 
"
"2016-11-21 14:46:33ID: BC  Data: 00 00 00 AA 00 00 00 00 
"
"2016-11-21 14:46:33ID: BB  Data: 00 00 00 AA 00 00 00 00 
"
"2016-11-21 14:46:33ID: BC  Data: 00 00 00 AA 00 00 00 00 
"
"2016-11-21 14:46:33ID: BB  Data: 00 00 00 AA 00 00 00 00 
"
"2016-11-21 14:46:33ID: BC  Data: 00 00 00 AA 00 00 00 00 
"
"2016-11-21 14:46:33ID: BB  Data: 00 00 00 AA 00 00 00 00 
"
"2016-11-21 14:46:33ID: BC  Data: 00 00 00 AA 00 00 00 00 
"
"2016-11-21 14:46:33ID: BB  Data: 00 00 00 AA 00 00 00 00 
"
"2016-11-21 14:46:33ID: BC  Data: 00 00 00 AA 00 00 00 00 
"
"2016-11-21 14:46:33ID: BB  Data: 00 00 00 AA 00 00 00 00 
"
"2016-11-21 14:46:33ID: BC  Data: 00 00 00 AA 00 00 00 00 
"
"2016-11-21 14:46:33ID: BB  Data: 00 00 00 AA 00 00 00 00 
"
"2016-11-21 14:46:33ID: BC  Data: 00 00 00 AA 00 00 00 00 
"
"2016-11-21 14:46:33ID: BB  Data: 00 00 00 AA 00 00 00 00 
"
"2016-11-21 14:46:33ID: BC  Data: 00 00 00 AA 00 00 00 00 
"
"2016-11-21 14:46:33ID: BB  Data: 00 00 00 AA 00 00 00 00 
"
"2016-11-21 14:46:33ID: BC  Data: 00 00 00 AA 00 00 00 00 
"
"2016-11-21 14:46:33ID: BB  Data: 00 00 00 AA 00 00 00 00 
"
"2016-11-21 14:46:33ID: BC  Data: 00 00 00 AA 00 00 00 00 
"
"2016-11-21 14:46:33ID: BB  Data: 00 00 00 AA 00 00 00 00 
"
"2016-11-21 14:46:33ID: BC  Data: 00 00 00 AA 00 00 00 00 
"
"2016-11-21 14:46:33ID: BB  Data: 00 00 00 AA 00 00 00 00 
"
"2016-11-21 14:46:33ID: BC  Data: 00 00 00 AA 00 00 00 00 
"
"2016-11-21 14:46:34ID: BB  Data: 00 00 00 AA 00 00 00 00 
"
"2016-11-21 14:46:34ID: BC  Data: 00 00 00 AA 00 00 00 00 
"
"2016-11-21 14:46:34ID: BB  Data: 00 00 00 AA 00 00 00 00 
"
"2016-11-21 14:46:34ID: BC  Data: 00 00 00 AA 00 00 00 00 
"
"2016-11-21 14:46:34ID: BB  Data: 00 00 00 AA 00 00 00 00 
"
"2016-11-21 14:46:34ID: BC  Data: 00 00 00 AA 00 00 00 00 
"
"2016-11-21 14:46:34ID: BB  Data: 00 00 00 AA 00 00 00 00 
"
"2016-11-21 14:46:34ID: BC  Data: 00 00 00 AA 00 00 00 00 
"
"2016-11-21 14:46:34ID: BB  Data: 00 00 00 AA 00 00 00 00 
"
"2016-11-21 14:46:34ID: BC  Data: 00 00 00 AA 00 00 00 00 
"
"2016-11-21 14:46:34ID: BB  Data: 00 00 00 AA 00 00 00 00 
"
"2016-11-21 14:46:34ID: BC  Data: 00 00 00 AA 00 00 00 00 
"
"2016-11-21 14:46:34ID: BB  Data: 00 00 00 AA 00 00 00 00 
"
"2016-11-21 14:46:34ID: BC  Data: 00 00 00 AA 00 00 00 00 
"
"2016-11-21 14:46:34ID: BB  Data: 00 00 00 AA 00 00 00 00 
"
"2016-11-21 14:46:34ID: BC  Data: 00 00 00 AA 00 00 00 00 
"
"2016-11-21 14:46:34ID: BB  Data: 00 00 00 AA 00 00 00 00 
"
"2016-11-21 14:46:34ID: BC  Data: 00 00 00 AA 00 00 00 00 
"
"2016-11-21 14:46:34ID: BB  Data: 00 00 00 AA 00 00 00 00 
"
"2016-11-21 14:46:34ID: BC  Data: 00 00 00 AA 00 00 00 00 
"
"2016-11-21 14:46:34ID: BB  Data: 00 00 00 AA 00 00 00 00 
"
"2016-11-21 14:46:34ID: BC  Data: 00 00 00 AA 00 00 00 00 
"
"2016-11-21 14:46:35ID: BB  Data: 00 00 00 AA 00 00 00 00 
"
"2016-11-21 14:46:35ID: BC  Data: 00 00 00 AA 00 00 00 00 
"
"2016-11-21 14:46:35ID: BB  Data: 00 00 00 AA 00 00 00 00 
"
"2016-11-21 14:46:35ID: BC  Data: 00 00 00 AA 00 00 00 00 
"
"2016-11-21 14:46:35ID: BB  Data: 00 00 00 AA 00 00 00 00 
"
"2016-11-21 14:46:35ID: BC  Data: 00 00 00 AA 00 00 00 00 
"
"2016-11-21 14:46:35ID: BB  Data: 00 00 00 AA 00 00 00 00 
"
"2016-11-21 14:46:35ID: BC  Data: 00 00 00 AA 00 00 00 00 
"
"2016-11-21 14:46:35ID: BB  Data: 00 00 00 AA 00 00 00 00 
"
"2016-11-21 14:46:35ID: BC  Data: 00 00 00 AA 00 00 00 00 
"
"2016-11-21 14:46:35ID: BB  Data: 00 00 00 AA 00 00 00 00 
"
"2016-11-21 14:46:35ID: BC  Data: 00 00 00 AA 00 00 00 00 
"
"2016-11-21 14:46:35ID: BB  Data: 00 00 00 AA 00 00 00 00 
"
"2016-11-21 14:46:35ID: BC  Data: 00 00 00 AA 00 00 00 00 
"
"2016-11-21 14:46:35ID: BB  Data: 00 00 00 AA 00 00 00 00 
"
"2016-11-21 14:46:35ID: BC  Data: 00 00 00 AA 00 00 00 00 
"
"2016-11-21 14:46:35ID: BB  Data: 00 00 00 AA 00 00 00 00 
"
"2016-11-21 14:46:35ID: BC  Data: 00 00 00 AA 00 00 00 00 
"
"2016-11-21 14:46:35ID: BB  Data: 00 00 00 AA 00 00 00 00 
"
"2016-11-21 14:46:35ID: BC  Data: 00 00 00 AA 00 00 00 00 
"
"2016-11-21 14:46:35ID: BB  Data: 00 00 00 AA 00 00 00 00 
"
"2016-11-21 14:46:35ID: BC  Data: 00 00 00 AA 00 00 00 00 
"
"2016-11-21 14:46:35ID: BB  Data: 00 00 00 AA 00 00 00 00 
"
"2016-11-21 14:46:36ID: BC  Data: 00 00 00 AA 00 00 00 00 
"
"2016-11-21 14:46:36ID: BB  Data: 00 00 00 AA 00 00 00 00 
"
"2016-11-21 14:46:36ID: BC  Data: 00 00 00 AA 00 00 00 00 
"
"2016-11-21 14:46:36ID: BB  Data: 00 00 00 AA 00 00 00 00 
"
"2016-11-21 14:46:36ID: BC  Data: 00 00 00 AA 00 00 00 00 
"
"2016-11-21 14:46:36ID: BB  Data: 00 00 00 AA 00 00 00 00 
"
"2016-11-21 14:46:36ID: BC  Data: 00 00 00 AA 00 00 00 00 
"
"2016-11-21 14:46:36ID: BB  Data: 00 00 00 AA 00 00 00 00 
"
"2016-11-21 14:46:36ID: BC  Data: 00 00 00 AA 00 00 00 00 
"
"2016-11-21 14:46:36ID: BB  Data: 00 00 00 AA 00 00 00 00 
"
"2016-11-21 14:46:36ID: BC  Data: 00 00 00 AA 00 00 00 00 
"
"2016-11-21 14:46:36ID: BB  Data: 00 00 00 AA 00 00 00 00 
"
"2016-11-21 14:46:36ID: BC  Data: 00 00 00 AA 00 00 00 00 
"
"2016-11-21 14:46:36ID: BB  Data: 00 00 00 AA 00 00 00 00 
"
"2016-11-21 14:46:36ID: BC  Data: 00 00 00 AA 00 00 00 00 
"
"2016-11-21 14:46:36ID: BB  Data: 00 00 00 AA 00 00 00 00 
"
"2016-11-21 14:46:36ID: BC  Data: 00 00 00 AA 00 00 00 00 
"
"2016-11-21 14:46:36ID: BB  Data: 00 00 00 AA 00 00 00 00 
"
"2016-11-21 14:46:36ID: BC  Data: 00 00 00 AA 00 00 00 00 
"
"2016-11-21 14:46:36ID: BB  Data: 00 00 00 AA 00 00 00 00 
"
"2016-11-21 14:46:36ID: BC  Data: 00 00 00 AA 00 00 00 00 
"
"2016-11-21 14:46:36ID: BB  Data: 00 00 00 AA 00 00 00 00 
"
"2016-11-21 14:46:36ID: BC  Data: 00 00 00 AA 00 00 00 00 
"
"2016-11-21 14:46:37ID: BB  Data: 00 00 00 AA 00 00 00 00 
"
"2016-11-21 14:46:37ID: BC  Data: 00 00 00 AA 00 00 00 00 
"
"2016-11-21 14:46:37ID: BB  Data: 00 00 00 AA 00 00 00 00 
"
"2016-11-21 14:46:37ID: BC  Data: 00 00 00 AA 00 00 00 00 
"
"2016-11-21 14:46:37ID: BB  Data: 00 00 00 AA 00 00 00 00 
"
"2016-11-21 14:46:37ID: BC  Data: 00 00 00 AA 00 00 00 00 
"
"2016-11-21 14:46:37ID: BB  Data: 00 00 00 AA 00 00 00 00 
"
"2016-11-21 14:46:37ID: BC  Data: 00 00 00 AA 00 00 00 00 
"
"2016-11-21 14:46:37ID: BB  Data: 00 00 00 AA 00 00 00 00 
"
"2016-11-21 14:46:37ID: BC  Data: 00 00 00 AA 00 00 00 00 
"
"2016-11-21 14:46:37ID: BB  Data: 00 00 00 AA 00 00 00 00 
"
"2016-11-21 14:46:37ID: BC  Data: 00 00 00 AA 00 00 00 00 
"
"2016-11-21 14:46:37ID: BB  Data: 00 00 00 AA 00 00 00 00 
"
"2016-11-21 14:46:37ID: BC  Data: 00 00 00 AA 00 00 00 00 
"
"2016-11-21 14:46:37ID: BB  Data: 00 00 00 AA 00 00 00 00 
"
"2016-11-21 14:46:37ID: BC  Data: 00 00 00 AA 00 00 00 00 
"
"2016-11-21 14:46:37ID: BB  Data: 00 00 00 AA 00 00 00 00 
"
"2016-11-21 14:46:37ID: BC  Data: 00 00 00 AA 00 00 00 00 
"
"2016-11-21 14:46:37ID: BB  Data: 00 00 00 AA 00 00 00 00 
"
"2016-11-21 14:46:37ID: BC  Data: 00 00 00 AA 00 00 00 00 
"
"2016-11-21 14:46:37ID: BB  Data: 00 00 00 AA 00 00 00 00 
"
"2016-11-21 14:46:37ID: BC  Data: 00 00 00 AA 00 00 00 00 
"
"2016-11-21 14:46:38ID: BB  Data: 00 00 00 AA 00 00 00 00 
"
"2016-11-21 14:46:38ID: BC  Data: 00 00 00 AA 00 00 00 00 
"
"2016-11-21 14:46:38ID: BB  Data: 00 00 00 AA 00 00 00 00 
"
"2016-11-21 14:46:38ID: BC  Data: 00 00 00 AA 00 00 00 00 
"
"2016-11-21 14:46:38ID: BB  Data: 00 00 00 AA 00 00 00 00 
"
"2016-11-21 14:46:38ID: BC  Data: 00 00 00 AA 00 00 00 00 
"
"2016-11-21 14:46:38ID: BB  Data: 00 00 00 AA 00 00 00 00 
"
"2016-11-21 14:46:38ID: BC  Data: 00 00 00 AA 00 00 00 00 
"
"2016-11-21 14:46:38ID: BB  Data: 00 00 00 AA 00 00 00 00 
"
"2016-11-21 14:46:38ID: BC  Data: 00 00 00 AA 00 00 00 00 
"
"2016-11-21 14:46:38ID: BB  Data: 00 00 00 AA 00 00 00 00 
"
"2016-11-21 14:46:38ID: BC  Data: 00 00 00 AA 00 00 00 00 
"
"2016-11-21 14:46:38ID: BB  Data: 00 00 00 AA 00 00 00 00 
"
"2016-11-21 14:46:38ID: BC  Data: 00 00 00 AA 00 00 00 00 
"
"2016-11-21 14:46:38ID: BB  Data: 00 00 00 AA 00 00 00 00 
"
"2016-11-21 14:46:38ID: BC  Data: 00 00 00 AA 00 00 00 00 
"
"2016-11-21 14:46:38ID: BB  Data: 00 00 00 AA 00 00 00 00 
"
"2016-11-21 14:46:38ID: BC  Data: 00 00 00 AA 00 00 00 00 
"
"2016-11-21 14:46:38ID: BB  Data: 00 00 00 AA 00 00 00 00 
"
"2016-11-21 14:46:38ID: BC  Data: 00 00 00 AA 00 00 00 00 
"
"2016-11-21 14:46:38ID: BB  Data: 00 00 00 AA 00 00 00 00 
"
"2016-11-21 14:46:38ID: BC  Data: 00 00 00 AA 00 00 00 00 
"
"2016-11-21 14:46:38ID: BB  Data: 00 00 00 AA 00 00 00 00 
"
"2016-11-21 14:46:38ID: BC  Data: 00 00 00 AA 00 00 00 00 
"
"2016-11-21 14:46:39ID: BB  Data: 00 00 00 AA 00 00 00 00 
"
"2016-11-21 14:46:39ID: BC  Data: 00 00 00 AA 00 00 00 00 
"
"2016-11-21 14:46:39ID: BB  Data: 00 00 00 AA 00 00 00 00 
"
"2016-11-21 14:46:39ID: BC  Data: 00 00 00 AA 00 00 00 00 
"
"2016-11-21 14:46:39ID: BB  Data: 00 00 00 AA 00 00 00 00 
"
"2016-11-21 14:46:39ID: BC  Data: 00 00 00 AA 00 00 00 00 
"
"2016-11-21 14:46:39ID: BB  Data: 00 00 00 AA 00 00 00 00 
"
"2016-11-21 14:46:39ID: AA  Data: AA BB 00 00 00 00 00 00 
"
"2016-11-21 14:46:39ID: BC  Data: 00 00 00 AA 00 00 00 00 
"
"2016-11-21 14:46:39ID: BB  Data: 00 00 00 AA 00 00 00 00 
"
"2016-11-21 14:46:39ID: BC  Data: 00 00 00 AA 00 00 00 00 
"
"2016-11-21 14:46:39ID: BB  Data: 00 00 00 AA 00 00 00 00 
"
"2016-11-21 14:46:39ID: BC  Data: 00 00 00 AA 00 00 00 00 
"
"2016-11-21 14:46:39ID: BB  Data: 00 00 00 AA 00 00 00 00 
"
"2016-11-21 14:46:39ID: BC  Data: 00 00 00 AA 00 00 00 00 
"
"2016-11-21 14:46:39ID: BB  Data: 00 00 00 AA 00 00 00 00 
"
"2016-11-21 14:46:39ID: BC  Data: 00 00 00 AA 00 00 00 00 
"
"2016-11-21 14:46:39ID: BB  Data: 00 00 00 AA 00 00 00 00 
"
"2016-11-21 14:46:39ID: BC  Data: 00 00 00 AA 00 00 00 00 
"
"2016-11-21 14:46:39ID: BB  Data: 00 00 00 AA 00 00 00 00 
"
"2016-11-21 14:46:39ID: BC  Data: 00 00 00 AA 00 00 00 00 
"
"2016-11-21 14:46:39ID: BB  Data: 00 00 00 AA 00 00 00 00 
"
"2016-11-21 14:46:39ID: BC  Data: 00 00 00 AA 00 00 00 00 
"
"2016-11-21 14:46:40ID: BB  Data: 00 00 00 AA 00 00 00 00 
"
"2016-11-21 14:46:40ID: BC  Data: 00 00 00 AA 00 00 00 00 
"
"2016-11-21 14:46:40ID: BB  Data: 00 00 00 AA 00 00 00 00 
"
"2016-11-21 14:46:40ID: BC  Data: 00 00 00 AA 00 00 00 00 
"
"2016-11-21 14:46:40ID: BB  Data: 00 00 00 AA 00 00 00 00 
"
"2016-11-21 14:46:40ID: BC  Data: 00 00 00 AA 00 00 00 00 
"
"2016-11-21 14:46:40ID: BB  Data: 00 00 00 AA 00 00 00 00 
"
"2016-11-21 14:46:40ID: BC  Data: 00 00 00 AA 00 00 00 00 
"
"2016-11-21 14:46:40ID: BB  Data: 00 00 00 AA 00 00 00 00 
"
"2016-11-21 14:46:40ID: BC  Data: 00 00 00 AA 00 00 00 00 
"
"2016-11-21 14:46:40ID: BB  Data: 00 00 00 AA 00 00 00 00 
"
"2016-11-21 14:46:40ID: BC  Data: 00 00 00 AA 00 00 00 00 
"
"2016-11-21 14:46:40ID: BB  Data: 00 00 00 AA 00 00 00 00 
"
"2016-11-21 14:46:40ID: BC  Data: 00 00 00 AA 00 00 00 00 
"
"2016-11-21 14:46:40ID: BB  Data: 00 00 00 AA 00 00 00 00 
"
"2016-11-21 14:46:40ID: BC  Data: 00 00 00 AA 00 00 00 00 
"
"2016-11-21 14:46:40ID: BB  Data: 00 00 00 AA 00 00 00 00 
"
"2016-11-21 14:46:40ID: BC  Data: 00 00 00 AA 00 00 00 00 
"
"2016-11-21 14:46:40ID: BB  Data: 00 00 00 AA 00 00 00 00 
"
"2016-11-21 14:46:40ID: BC  Data: 00 00 00 AA 00 00 00 00 
"
"2016-11-21 14:46:40ID: BB  Data: 00 00 00 AA 00 00 00 00 
"
"2016-11-21 14:46:40ID: BC  Data: 00 00 00 AA 00 00 00 00 
"
"2016-11-21 14:46:41ID: BB  Data: 00 00 00 AA 00 00 00 00 
"
"2016-11-21 14:46:41ID: BC  Data: 00 00 00 AA 00 00 00 00 
"
"2016-11-21 14:46:41ID: BB  Data: 00 00 00 AA 00 00 00 00 
"
"2016-11-21 14:46:41ID: BC  Data: 00 00 00 AA 00 00 00 00 
"
"2016-11-21 14:46:41ID: BB  Data: 00 00 00 AA 00 00 00 00 
"
"2016-11-21 14:46:41ID: BC  Data: 00 00 00 AA 00 00 00 00 
"
"2016-11-21 14:46:41ID: BB  Data: 00 00 00 AA 00 00 00 00 
"
"2016-11-21 14:46:41ID: BC  Data: 00 00 00 AA 00 00 00 00 
"
"2016-11-21 14:46:41ID: BB  Data: 00 00 00 AA 00 00 00 00 
"
"2016-11-21 14:46:41ID: BC  Data: 00 00 00 AA 00 00 00 00 
"
"2016-11-21 14:46:41ID: BB  Data: 00 00 00 AA 03 EF 45 8E 
"
"2016-11-21 14:46:41ID: BC  Data: 00 00 00 AA FC 10 BA 72 
"
"2016-11-21 14:46:41ID: BB  Data: 00 00 00 AA 04 19 5F DE 
"
"2016-11-21 14:46:41ID: BC  Data: 00 00 00 AA FB E6 A0 22 
"
"2016-11-21 14:46:41ID: BB  Data: 00 00 00 AA 05 62 4D 73 
"
"2016-11-21 14:46:41ID: BC  Data: 00 00 00 AA FA 9D B2 8D 
"
"2016-11-21 14:46:41ID: BB  Data: 00 00 00 AA 05 D4 C4 FE 
"
"2016-11-21 14:46:41ID: BC  Data: 00 00 00 AA FA 2B 3B 02 
"
"2016-11-21 14:46:41ID: BB  Data: 00 00 00 AA 05 E0 9C 65 
"
"2016-11-21 14:46:41ID: BC  Data: 00 00 00 AA FA 1F 63 9B 
"
"2016-11-21 14:46:41ID: BB  Data: 00 00 00 AA 05 E9 D2 27 
"
"2016-11-21 14:46:41ID: BC  Data: 00 00 00 AA FA 16 2D D9 
"
"2016-11-21 14:46:41ID: BB  Data: 00 00 00 AA 06 75 49 51 
"
"2016-11-21 14:46:41ID: BC  Data: 00 00 00 AA F9 8A B6 AF 
"
"2016-11-21 14:46:42ID: BB  Data: 00 00 00 AA 07 C2 29 5E 
"
"2016-11-21 14:46:42ID: BC  Data: 00 00 00 AA F8 3D D6 A2 
"
"2016-11-21 14:46:42ID: BB  Data: 00 00 00 AA 09 76 FA 62 
"
"2016-11-21 14:46:42ID: BC  Data: 00 00 00 AA F6 89 05 9E 
"
"2016-11-21 14:46:42ID: BB  Data: 00 00 00 AA 0A 84 B2 F6 
"
"2016-11-21 14:46:42ID: BC  Data: 00 00 00 AA F5 7B 4D 0A 
"
"2016-11-21 14:46:42ID: BB  Data: 00 00 00 AA 0A 97 1E 79 
"
"2016-11-21 14:46:42ID: BC  Data: 00 00 00 AA F5 68 E1 87 
"
"2016-11-21 14:46:42ID: BB  Data: 00 00 00 AA 0A F9 CC 26 
"
"2016-11-21 14:46:42ID: BC  Data: 00 00 00 AA F5 06 33 DA 
"
"2016-11-21 14:46:42ID: BB  Data: 00 00 00 AA 0B 4A 0E 4F 
"
"2016-11-21 14:46:42ID: BC  Data: 00 00 00 AA F4 B5 F1 B1 
"
"2016-11-21 14:46:42ID: BB  Data: 00 00 00 AA 0B 57 36 88 
"
"2016-11-21 14:46:42ID: BC  Data: 00 00 00 AA F4 A8 C9 78 
"
"2016-11-21 14:46:42ID: BB  Data: 00 00 00 AA 0B D6 D6 4C 
"
"2016-11-21 14:46:42ID: BC  Data: 00 00 00 AA F4 29 29 B4 
"
"2016-11-21 14:46:42ID: BB  Data: 00 00 00 AA 0C 5B B9 5B 
"
"2016-11-21 14:46:42ID: BC  Data: 00 00 00 AA F3 A4 46 A5 
"
"2016-11-21 14:46:42ID: BB  Data: 00 00 00 AA 0C DB 59 1F 
"
"2016-11-21 14:46:42ID: BC  Data: 00 00 00 AA F3 24 A6 E1 
"
"2016-11-21 14:46:42ID: BB  Data: 00 00 00 AA 0D 7E 7F 17 
"
"2016-11-21 14:46:42ID: BC  Data: 00 00 00 AA F2 81 80 E9 
"
"2016-11-21 14:46:43ID: BB  Data: 00 00 00 AA 0E 41 38 CB 
"
"2016-11-21 14:46:43ID: BC  Data: 00 00 00 AA F1 BE C7 35 
"
"2016-11-21 14:46:43ID: BB  Data: 00 00 00 AA 0E B6 51 FB 
"
"2016-11-21 14:46:43ID: BC  Data: 00 00 00 AA F1 49 AE 05 
"
"2016-11-21 14:46:43ID: BB  Data: 00 00 00 AA 0E C2 29 62 
"
"2016-11-21 14:46:43ID: BC  Data: 00 00 00 AA F1 3D D6 9E 
"
"2016-11-21 14:46:43ID: BB  Data: 00 00 00 AA 0E C0 D8 8F 
"
"2016-11-21 14:46:43ID: BC  Data: 00 00 00 AA F1 3F 27 71 
"
"2016-11-21 14:46:43ID: BB  Data: 00 00 00 AA 0E BF 87 BD 
"
"2016-11-21 14:46:43ID: BC  Data: 00 00 00 AA F1 40 78 43 
"
"2016-11-21 14:46:43ID: BB  Data: 00 00 00 AA 0E BB 95 45 
"
"2016-11-21 14:46:43ID: BC  Data: 00 00 00 AA F1 44 6A BB 
"
"2016-11-21 14:46:43ID: BB  Data: 00 00 00 AA 0E B8 F3 A0 
"
"2016-11-21 14:46:43ID: BC  Data: 00 00 00 AA F1 47 0C 60 
"
"2016-11-21 14:46:43ID: BB  Data: 00 00 00 AA 0E C0 D8 8F 
"
"2016-11-21 14:46:43ID: BC  Data: 00 00 00 AA F1 3F 27 71 
"
"2016-11-21 14:46:43ID: BB  Data: 00 00 00 AA 0E F1 86 FC 
"
"2016-11-21 14:46:43ID: BC  Data: 00 00 00 AA F1 0E 79 04 
"
"2016-11-21 14:46:43ID: BB  Data: 00 00 00 AA 0E FD 5E 63 
"
"2016-11-21 14:46:43ID: BC  Data: 00 00 00 AA F1 02 A1 9D 
"
"2016-11-21 14:46:43ID: BB  Data: 00 00 00 AA 0E FE AF 36 
"
"2016-11-21 14:46:43ID: BC  Data: 00 00 00 AA F1 01 50 CA 
"
"2016-11-21 14:46:43ID: BB  Data: 00 00 00 AA 0F 00 00 08 
"
"2016-11-21 14:46:44ID: BC  Data: 00 00 00 AA F0 FF FF F8 
"
"2016-11-21 14:46:44ID: BB  Data: 00 00 00 AA 0F 00 00 08 
"
"2016-11-21 14:46:44ID: BC  Data: 00 00 00 AA F0 FF FF F8 
"
"2016-11-21 14:46:44ID: BB  Data: 00 00 00 AA 0F 00 00 08 
"
"2016-11-21 14:46:44ID: BC  Data: 00 00 00 AA F0 FF FF F8 
"
"2016-11-21 14:46:44ID: BB  Data: 00 00 00 AA 0F 00 00 08 
"
"2016-11-21 14:46:44ID: BC  Data: 00 00 00 AA F0 FF FF F8 
"
"2016-11-21 14:46:44ID: BB  Data: 00 00 00 AA 0F 02 A1 AD 
"
"2016-11-21 14:46:44ID: BC  Data: 00 00 00 AA F0 FD 5E 53 
"
"2016-11-21 14:46:44ID: BB  Data: 00 00 00 AA 0F 00 00 08 
"
"2016-11-21 14:46:44ID: BC  Data: 00 00 00 AA F0 FF FF F8 
"
"2016-11-21 14:46:44ID: BB  Data: 00 00 00 AA 0F 00 00 08 
"
"2016-11-21 14:46:44ID: BC  Data: 00 00 00 AA F0 FF FF F8 
"
"2016-11-21 14:46:44ID: BB  Data: 00 00 00 AA 0E FE AF 36 
"
"2016-11-21 14:46:44ID: BC  Data: 00 00 00 AA F1 01 50 CA 
"
"2016-11-21 14:46:44ID: BB  Data: 00 00 00 AA 0F 01 50 DB 
"
"2016-11-21 14:46:44ID: BC  Data: 00 00 00 AA F0 FE AF 25 
"
"2016-11-21 14:46:44ID: BB  Data: 00 00 00 AA 0F 00 00 08 
"
"2016-11-21 14:46:44ID: BC  Data: 00 00 00 AA F0 FF FF F8 
"
"2016-11-21 14:46:44ID: BB  Data: 00 00 00 AA 0E FE AF 36 
"
"2016-11-21 14:46:44ID: BC  Data: 00 00 00 AA F1 01 50 CA 
"
"2016-11-21 14:46:44ID: BB  Data: 00 00 00 AA 0F 00 00 08 
"
"2016-11-21 14:46:44ID: BC  Data: 00 00 00 AA F0 FF FF F8 
"
"2016-11-21 14:46:45ID: BB  Data: 00 00 00 AA 0F 01 50 DB 
"
"2016-11-21 14:46:45ID: BC  Data: 00 00 00 AA F0 FE AF 25 
"
"2016-11-21 14:46:45ID: BB  Data: 00 00 00 AA 0F 00 00 08 
"
"2016-11-21 14:46:45ID: BC  Data: 00 00 00 AA F0 FF FF F8 
"
"2016-11-21 14:46:45ID: BB  Data: 00 00 00 AA 0E FE AF 36 
"
"2016-11-21 14:46:45ID: BC  Data: 00 00 00 AA F1 01 50 CA 
"
"2016-11-21 14:46:45ID: BB  Data: 00 00 00 AA 0F 00 00 08 
"
"2016-11-21 14:46:45ID: BC  Data: 00 00 00 AA F0 FF FF F8 
"
"2016-11-21 14:46:45ID: BB  Data: 00 00 00 AA 0F 01 50 DB 
"
"2016-11-21 14:46:45ID: BC  Data: 00 00 00 AA F0 FE AF 25 
"
"2016-11-21 14:46:45ID: BB  Data: 00 00 00 AA 0E FE AF 36 
"
"2016-11-21 14:46:45ID: BC  Data: 00 00 00 AA F1 01 50 CA 
"
"2016-11-21 14:46:45ID: BB  Data: 00 00 00 AA 0F 00 00 08 
"
"2016-11-21 14:46:45ID: BC  Data: 00 00 00 AA F0 FF FF F8 
"
"2016-11-21 14:46:45ID: BB  Data: 00 00 00 AA 0F 00 00 08 
"
"2016-11-21 14:46:45ID: BC  Data: 00 00 00 AA F0 FF FF F8 
"
"2016-11-21 14:46:45ID: BB  Data: 00 00 00 AA 0F 00 00 08 
"
"2016-11-21 14:46:45ID: BC  Data: 00 00 00 AA F0 FF FF F8 
"
"2016-11-21 14:46:45ID: BB  Data: 00 00 00 AA 0E FE AF 36 
"
"2016-11-21 14:46:45ID: BC  Data: 00 00 00 AA F1 01 50 CA 
"
"2016-11-21 14:46:45ID: BB  Data: 00 00 00 AA 0F 00 00 08 
"
"2016-11-21 14:46:45ID: BC  Data: 00 00 00 AA F0 FF FF F8 
"
"2016-11-21 14:46:46ID: BB  Data: 00 00 00 AA 0E FE AF 36 
"
"2016-11-21 14:46:46ID: BC  Data: 00 00 00 AA F1 01 50 CA 
"
"2016-11-21 14:46:46ID: BB  Data: 00 00 00 AA 0F 00 00 08 
"
"2016-11-21 14:46:46ID: BC  Data: 00 00 00 AA F0 FF FF F8 
"
"2016-11-21 14:46:46ID: BB  Data: 00 00 00 AA 0F 00 00 08 
"
"2016-11-21 14:46:46ID: BC  Data: 00 00 00 AA F0 FF FF F8 
"
"2016-11-21 14:46:46ID: BB  Data: 00 00 00 AA 0F 00 00 08 
"
"2016-11-21 14:46:46ID: BC  Data: 00 00 00 AA F0 FF FF F8 
"
"2016-11-21 14:46:46ID: BB  Data: 00 00 00 AA 0F 00 00 08 
"
"2016-11-21 14:46:46ID: BC  Data: 00 00 00 AA F0 FF FF F8 
"
"2016-11-21 14:46:46ID: BB  Data: 00 00 00 AA 0E FE AF 36 
"
"2016-11-21 14:46:46ID: BC  Data: 00 00 00 AA F1 01 50 CA 
"
"2016-11-21 14:46:46ID: BB  Data: 00 00 00 AA 0F 00 00 08 
"
"2016-11-21 14:46:46ID: BC  Data: 00 00 00 AA F0 FF FF F8 
"
"2016-11-21 14:46:46ID: BB  Data: 00 00 00 AA 0F 01 50 DB 
"
"2016-11-21 14:46:46ID: BC  Data: 00 00 00 AA F0 FE AF 25 
"
"2016-11-21 14:46:46ID: BB  Data: 00 00 00 AA 0F 00 00 08 
"
"2016-11-21 14:46:46ID: BC  Data: 00 00 00 AA F0 FF FF F8 
"
"2016-11-21 14:46:46ID: BB  Data: 00 00 00 AA 0F 00 00 08 
"
"2016-11-21 14:46:46ID: BC  Data: 00 00 00 AA F0 FF FF F8 
"
"2016-11-21 14:46:46ID: BB  Data: 00 00 00 AA 0E FE AF 36 
"
"2016-11-21 14:46:46ID: BC  Data: 00 00 00 AA F1 01 50 CA 
"
"2016-11-21 14:46:46ID: BB  Data: 00 00 00 AA 0F 01 50 DB 
"
"2016-11-21 14:46:46ID: BC  Data: 00 00 00 AA F0 FE AF 25 
"
"2016-11-21 14:46:47ID: BB  Data: 00 00 00 AA 0F 01 50 DB 
"
"2016-11-21 14:46:47ID: BC  Data: 00 00 00 AA F0 FE AF 25 
"
"2016-11-21 14:46:47ID: BB  Data: 00 00 00 AA 0F 00 00 08 
"
"2016-11-21 14:46:47ID: BC  Data: 00 00 00 AA F0 FF FF F8 
"
"2016-11-21 14:46:47ID: BB  Data: 00 00 00 AA 0F 00 00 08 
"
"2016-11-21 14:46:47ID: BC  Data: 00 00 00 AA F0 FF FF F8 
"
"2016-11-21 14:46:47ID: BB  Data: 00 00 00 AA 0F 00 00 08 
"
"2016-11-21 14:46:47ID: BC  Data: 00 00 00 AA F0 FF FF F8 
"
"2016-11-21 14:46:47ID: BB  Data: 00 00 00 AA 0F 00 00 08 
"
"2016-11-21 14:46:47ID: BC  Data: 00 00 00 AA F0 FF FF F8 
"
"2016-11-21 14:46:47ID: BB  Data: 00 00 00 AA 0E FE AF 36 
"
"2016-11-21 14:46:47ID: BC  Data: 00 00 00 AA F1 01 50 CA 
"
"2016-11-21 14:46:47ID: BB  Data: 00 00 00 AA 0E FE AF 36 
"
"2016-11-21 14:46:47ID: BC  Data: 00 00 00 AA F1 01 50 CA 
"
"2016-11-21 14:46:47ID: BB  Data: 00 00 00 AA 0E FE AF 36 
"
"2016-11-21 14:46:47ID: BC  Data: 00 00 00 AA F1 01 50 CA 
"
"2016-11-21 14:46:47ID: BB  Data: 00 00 00 AA 0F 00 00 08 
"
"2016-11-21 14:46:47ID: BC  Data: 00 00 00 AA F0 FF FF F8 
"
"2016-11-21 14:46:47ID: BB  Data: 00 00 00 AA 0F 01 50 DB 
"
"2016-11-21 14:46:47ID: BC  Data: 00 00 00 AA F0 FE AF 25 
"
"2016-11-21 14:46:47ID: BB  Data: 00 00 00 AA 0F 00 00 08 
"
"2016-11-21 14:46:47ID: BC  Data: 00 00 00 AA F0 FF FF F8 
"
"2016-11-21 14:46:48ID: BB  Data: 00 00 00 AA 0E FE AF 36 
"
"2016-11-21 14:46:48ID: BC  Data: 00 00 00 AA F1 01 50 CA 
"
"2016-11-21 14:46:48ID: BB  Data: 00 00 00 AA 0F 02 A1 AD 
"
"2016-11-21 14:46:48ID: BC  Data: 00 00 00 AA F0 FD 5E 53 
"
"2016-11-21 14:46:48ID: BB  Data: 00 00 00 AA 0F 00 00 08 
"
"2016-11-21 14:46:48ID: BC  Data: 00 00 00 AA F0 FF FF F8 
"
"2016-11-21 14:46:48ID: BB  Data: 00 00 00 AA 0F 00 00 08 
"
"2016-11-21 14:46:48ID: BC  Data: 00 00 00 AA F0 FF FF F8 
"
"2016-11-21 14:46:48ID: BB  Data: 00 00 00 AA 0E FD 5E 63 
"
"2016-11-21 14:46:48ID: BC  Data: 00 00 00 AA F1 02 A1 9D 
"
"2016-11-21 14:46:48ID: BB  Data: 00 00 00 AA 0F 00 00 08 
"
"2016-11-21 14:46:48ID: BC  Data: 00 00 00 AA F0 FF FF F8 
"
"2016-11-21 14:46:48ID: BB  Data: 00 00 00 AA 0F 01 50 DB 
"
"2016-11-21 14:46:48ID: BC  Data: 00 00 00 AA F0 FE AF 25 
"
"2016-11-21 14:46:48ID: BB  Data: 00 00 00 AA 0F 02 A1 AD 
"
"2016-11-21 14:46:48ID: BC  Data: 00 00 00 AA F0 FD 5E 53 
"
"2016-11-21 14:46:48ID: BB  Data: 00 00 00 AA 0F 00 00 08 
"
"2016-11-21 14:46:48ID: BC  Data: 00 00 00 AA F0 FF FF F8 
"
"2016-11-21 14:46:48ID: BB  Data: 00 00 00 AA 0F 00 00 08 
"
"2016-11-21 14:46:48ID: BC  Data: 00 00 00 AA F0 FF FF F8 
"
"2016-11-21 14:46:48ID: BB  Data: 00 00 00 AA 0F 01 50 DB 
"
"2016-11-21 14:46:48ID: BC  Data: 00 00 00 AA F0 FE AF 25 
"
"2016-11-21 14:46:48ID: BB  Data: 00 00 00 AA 0E FE AF 36 
"
"2016-11-21 14:46:49ID: BC  Data: 00 00 00 AA F1 01 50 CA 
"
"2016-11-21 14:46:49ID: BB  Data: 00 00 00 AA 0F 02 A1 AD 
"
"2016-11-21 14:46:49ID: BC  Data: 00 00 00 AA F0 FD 5E 53 
"
"2016-11-21 14:46:49ID: BB  Data: 00 00 00 AA 0F 00 00 08 
"
"2016-11-21 14:46:49ID: BC  Data: 00 00 00 AA F0 FF FF F8 
"
"2016-11-21 14:46:49ID: BB  Data: 00 00 00 AA 0F 00 00 08 
"
"2016-11-21 14:46:49ID: BC  Data: 00 00 00 AA F0 FF FF F8 
"
"2016-11-21 14:46:49ID: BB  Data: 00 00 00 AA 0F 00 00 08 
"
"2016-11-21 14:46:49ID: BC  Data: 00 00 00 AA F0 FF FF F8 
"
"2016-11-21 14:46:49ID: BB  Data: 00 00 00 AA 0F 00 00 08 
"
"2016-11-21 14:46:49ID: BC  Data: 00 00 00 AA F0 FF FF F8 
"
"2016-11-21 14:46:49ID: BB  Data: 00 00 00 AA 0F 00 00 08 
"
"2016-11-21 14:46:49ID: BC  Data: 00 00 00 AA F0 FF FF F8 
"
"2016-11-21 14:46:49ID: BB  Data: 00 00 00 AA 0E FD 5E 63 
"
"2016-11-21 14:46:49ID: BC  Data: 00 00 00 AA F1 02 A1 9D 
"
"2016-11-21 14:46:49ID: BB  Data: 00 00 00 AA 0E FE AF 36 
"
"2016-11-21 14:46:49ID: BC  Data: 00 00 00 AA F1 01 50 CA 
"
"2016-11-21 14:46:49ID: BB  Data: 00 00 00 AA 0F 00 00 08 
"
"2016-11-21 14:46:49ID: BC  Data: 00 00 00 AA F0 FF FF F8 
"
"2016-11-21 14:46:49ID: BB  Data: 00 00 00 AA 0F 01 50 DB 
"
"2016-11-21 14:46:49ID: BC  Data: 00 00 00 AA F0 FE AF 25 
"
"2016-11-21 14:46:49ID: BB  Data: 00 00 00 AA 0F 00 00 08 
"
"2016-11-21 14:46:49ID: BC  Data: 00 00 00 AA F0 FF FF F8 
"
"2016-11-21 14:46:50ID: BB  Data: 00 00 00 AA 0F 00 00 08 
"
"2016-11-21 14:46:50ID: BC  Data: 00 00 00 AA F0 FF FF F8 
"
"2016-11-21 14:46:50ID: BB  Data: 00 00 00 AA 0E FD 5E 63 
"
"2016-11-21 14:46:50ID: BC  Data: 00 00 00 AA F1 02 A1 9D 
"
"2016-11-21 14:46:50ID: BB  Data: 00 00 00 AA 0F 00 00 08 
"
"2016-11-21 14:46:50ID: BC  Data: 00 00 00 AA F0 FF FF F8 
"
"2016-11-21 14:46:50ID: BB  Data: 00 00 00 AA 0F 00 00 08 
"
"2016-11-21 14:46:50ID: BC  Data: 00 00 00 AA F0 FF FF F8 
"
"2016-11-21 14:46:50ID: BB  Data: 00 00 00 AA 0F 00 00 08 
"
"2016-11-21 14:46:50ID: BC  Data: 00 00 00 AA F0 FF FF F8 
"
"2016-11-21 14:46:50ID: BB  Data: 00 00 00 AA 0F 00 00 08 
"
"2016-11-21 14:46:50ID: BC  Data: 00 00 00 AA F0 FF FF F8 
"
"2016-11-21 14:46:50ID: BB  Data: 00 00 00 AA 0F 00 00 08 
"
"2016-11-21 14:46:50ID: BC  Data: 00 00 00 AA F0 FF FF F8 
"
"2016-11-21 14:46:50ID: BB  Data: 00 00 00 AA 0F 01 50 DB 
"
"2016-11-21 14:46:50ID: BC  Data: 00 00 00 AA F0 FE AF 25 
"
"2016-11-21 14:46:50ID: BB  Data: 00 00 00 AA 0E FE AF 36 
"
"2016-11-21 14:46:50ID: BC  Data: 00 00 00 AA F1 01 50 CA 
"
"2016-11-21 14:46:50ID: BB  Data: 00 00 00 AA 0E FE AF 36 
"
"2016-11-21 14:46:50ID: BC  Data: 00 00 00 AA F1 01 50 CA 
"
"2016-11-21 14:46:50ID: BB  Data: 00 00 00 AA 0F 01 50 DB 
"
"2016-11-21 14:46:50ID: BC  Data: 00 00 00 AA F0 FE AF 25 
"
"2016-11-21 14:46:51ID: BB  Data: 00 00 00 AA 0E FE AF 36 
"
"2016-11-21 14:46:51ID: BC  Data: 00 00 00 AA F1 01 50 CA 
"
"2016-11-21 14:46:51ID: BB  Data: 00 00 00 AA 0F 00 00 08 
"
"2016-11-21 14:46:51ID: BC  Data: 00 00 00 AA F0 FF FF F8 
"
"2016-11-21 14:46:51ID: BB  Data: 00 00 00 AA 0F 00 00 08 
"
"2016-11-21 14:46:51ID: BC  Data: 00 00 00 AA F0 FF FF F8 
"
"2016-11-21 14:46:51ID: BB  Data: 00 00 00 AA 0F 01 50 DB 
"
"2016-11-21 14:46:51ID: BC  Data: 00 00 00 AA F0 FE AF 25 
"
"2016-11-21 14:46:51ID: BB  Data: 00 00 00 AA 0F 00 00 08 
"
"2016-11-21 14:46:51ID: BC  Data: 00 00 00 AA F0 FF FF F8 
"
"2016-11-21 14:46:51ID: BB  Data: 00 00 00 AA 0F 01 50 DB 
"
"2016-11-21 14:46:51ID: BC  Data: 00 00 00 AA F0 FE AF 25 
"
"2016-11-21 14:46:51ID: BB  Data: 00 00 00 AA 0F 01 50 DB 
"
"2016-11-21 14:46:51ID: BC  Data: 00 00 00 AA F0 FE AF 25 
"
"2016-11-21 14:46:51ID: BB  Data: 00 00 00 AA 0E FE AF 36 
"
"2016-11-21 14:46:51ID: BC  Data: 00 00 00 AA F1 01 50 CA 
"
"2016-11-21 14:46:51ID: BB  Data: 00 00 00 AA 0F 00 00 08 
"
"2016-11-21 14:46:51ID: BC  Data: 00 00 00 AA F0 FF FF F8 
"
"2016-11-21 14:46:51ID: BB  Data: 00 00 00 AA 0F 00 00 08 
"
"2016-11-21 14:46:51ID: BC  Data: 00 00 00 AA F0 FF FF F8 
"
"2016-11-21 14:46:51ID: BB  Data: 00 00 00 AA 0E FE AF 36 
"
"2016-11-21 14:46:51ID: BC  Data: 00 00 00 AA F1 01 50 CA 
"
"2016-11-21 14:46:51ID: BB  Data: 00 00 00 AA 0E FE AF 36 
"
"2016-11-21 14:46:51ID: BC  Data: 00 00 00 AA F1 01 50 CA 
"
"2016-11-21 14:46:52ID: BB  Data: 00 00 00 AA 0F 02 A1 AD 
"
"2016-11-21 14:46:52ID: BC  Data: 00 00 00 AA F0 FD 5E 53 
"
"2016-11-21 14:46:52ID: BB  Data: 00 00 00 AA 0F 01 50 DB 
"
"2016-11-21 14:46:52ID: BC  Data: 00 00 00 AA F0 FE AF 25 
"
"2016-11-21 14:46:52ID: BB  Data: 00 00 00 AA 0F 01 50 DB 
"
"2016-11-21 14:46:52ID: BC  Data: 00 00 00 AA F0 FE AF 25 
"
"2016-11-21 14:46:52ID: BB  Data: 00 00 00 AA 0F 00 00 08 
"
"2016-11-21 14:46:52ID: BC  Data: 00 00 00 AA F0 FF FF F8 
"
"2016-11-21 14:46:52ID: BB  Data: 00 00 00 AA 0F 00 00 08 
"
"2016-11-21 14:46:52ID: BC  Data: 00 00 00 AA F0 FF FF F8 
"
"2016-11-21 14:46:52ID: BB  Data: 00 00 00 AA 0F 00 00 08 
"
"2016-11-21 14:46:52ID: BC  Data: 00 00 00 AA F0 FF FF F8 
"
"2016-11-21 14:46:52ID: BB  Data: 00 00 00 AA 0F 01 50 DB 
"
"2016-11-21 14:46:52ID: BC  Data: 00 00 00 AA F0 FE AF 25 
"
"2016-11-21 14:46:52ID: BB  Data: 00 00 00 AA 0F 02 A1 AD 
"
"2016-11-21 14:46:52ID: BC  Data: 00 00 00 AA F0 FD 5E 53 
"
"2016-11-21 14:46:52ID: BB  Data: 00 00 00 AA 0F 01 50 DB 
"
"2016-11-21 14:46:52ID: BC  Data: 00 00 00 AA F0 FE AF 25 
"
"2016-11-21 14:46:52ID: BB  Data: 00 00 00 AA 0F 00 00 08 
"
"2016-11-21 14:46:52ID: BC  Data: 00 00 00 AA F0 FF FF F8 
"
"2016-11-21 14:46:52ID: BB  Data: 00 00 00 AA 0F 00 00 08 
"
"2016-11-21 14:46:52ID: BC  Data: 00 00 00 AA F0 FF FF F8 
"
"2016-11-21 14:46:53ID: BB  Data: 00 00 00 AA 0F 01 50 DB 
"
"2016-11-21 14:46:53ID: BC  Data: 00 00 00 AA F0 FE AF 25 
"
"2016-11-21 14:46:53ID: BB  Data: 00 00 00 AA 0F 00 00 08 
"
"2016-11-21 14:46:53ID: BC  Data: 00 00 00 AA F0 FF FF F8 
"
"2016-11-21 14:46:53ID: BB  Data: 00 00 00 AA 0F 00 00 08 
"
"2016-11-21 14:46:53ID: BC  Data: 00 00 00 AA F0 FF FF F8 
"
"2016-11-21 14:46:53ID: BB  Data: 00 00 00 AA 0F 01 50 DB 
"
"2016-11-21 14:46:53ID: BC  Data: 00 00 00 AA F0 FE AF 25 
"
"2016-11-21 14:46:53ID: BB  Data: 00 00 00 AA 0F 01 50 DB 
"
"2016-11-21 14:46:53ID: BC  Data: 00 00 00 AA F0 FE AF 25 
"
"2016-11-21 14:46:53ID: BB  Data: 00 00 00 AA 0F 00 00 08 
"
"2016-11-21 14:46:53ID: BC  Data: 00 00 00 AA F0 FF FF F8 
"
"2016-11-21 14:46:53ID: BB  Data: 00 00 00 AA 0F 01 50 DB 
"
"2016-11-21 14:46:53ID: BC  Data: 00 00 00 AA F0 FE AF 25 
"
"2016-11-21 14:46:53ID: BB  Data: 00 00 00 AA 0F 01 50 DB 
"
"2016-11-21 14:46:53ID: BC  Data: 00 00 00 AA F0 FE AF 25 
"
"2016-11-21 14:46:53ID: BB  Data: 00 00 00 AA 0F 00 00 08 
"
"2016-11-21 14:46:53ID: BC  Data: 00 00 00 AA F0 FF FF F8 
"
"2016-11-21 14:46:53ID: BB  Data: 00 00 00 AA 0F 00 00 08 
"
"2016-11-21 14:46:53ID: BC  Data: 00 00 00 AA F0 FF FF F8 
"
"2016-11-21 14:46:53ID: BB  Data: 00 00 00 AA 0F 00 00 08 
"
"2016-11-21 14:46:53ID: BC  Data: 00 00 00 AA F0 FF FF F8 
"
"2016-11-21 14:46:54ID: BB  Data: 00 00 00 AA 0F 00 00 08 
"
"2016-11-21 14:46:54ID: BC  Data: 00 00 00 AA F0 FF FF F8 
"
"2016-11-21 14:46:54ID: BB  Data: 00 00 00 AA 0F 00 00 08 
"
"2016-11-21 14:46:54ID: BC  Data: 00 00 00 AA F0 FF FF F8 
"
"2016-11-21 14:46:54ID: BB  Data: 00 00 00 AA 0E FE AF 36 
"
"2016-11-21 14:46:54ID: BC  Data: 00 00 00 AA F1 01 50 CA 
"
"2016-11-21 14:46:54ID: BB  Data: 00 00 00 AA 0F 01 50 DB 
"
"2016-11-21 14:46:54ID: BC  Data: 00 00 00 AA F0 FE AF 25 
"
"2016-11-21 14:46:54ID: BB  Data: 00 00 00 AA 0F 02 A1 AD 
"
"2016-11-21 14:46:54ID: BC  Data: 00 00 00 AA F0 FD 5E 53 
"
"2016-11-21 14:46:54ID: BB  Data: 00 00 00 AA 0F 01 50 DB 
"
"2016-11-21 14:46:54ID: BC  Data: 00 00 00 AA F0 FE AF 25 
"
"2016-11-21 14:46:54ID: BB  Data: 00 00 00 AA 0F 00 00 08 
"
"2016-11-21 14:46:54ID: BC  Data: 00 00 00 AA F0 FF FF F8 
"
"2016-11-21 14:46:54ID: BB  Data: 00 00 00 AA 0F 01 50 DB 
"
"2016-11-21 14:46:54ID: BC  Data: 00 00 00 AA F0 FE AF 25 
"
"2016-11-21 14:46:54ID: BB  Data: 00 00 00 AA 0E FE AF 36 
"
"2016-11-21 14:46:54ID: BC  Data: 00 00 00 AA F1 01 50 CA 
"
"2016-11-21 14:46:54ID: BB  Data: 00 00 00 AA 0F 00 00 08 
"
"2016-11-21 14:46:54ID: BC  Data: 00 00 00 AA F0 FF FF F8 
"
"2016-11-21 14:46:54ID: BB  Data: 00 00 00 AA 0E FD 5E 63 
"
"2016-11-21 14:46:54ID: BC  Data: 00 00 00 AA F1 02 A1 9D 
"
"2016-11-21 14:46:54ID: BB  Data: 00 00 00 AA 0F 00 00 08 
"
"2016-11-21 14:46:54ID: BC  Data: 00 00 00 AA F0 FF FF F8 
"
"2016-11-21 14:46:55ID: BB  Data: 00 00 00 AA 0F 01 50 DB 
"
"2016-11-21 14:46:55ID: BC  Data: 00 00 00 AA F0 FE AF 25 
"
"2016-11-21 14:46:55ID: BB  Data: 00 00 00 AA 0F 00 00 08 
"
"2016-11-21 14:46:55ID: BC  Data: 00 00 00 AA F0 FF FF F8 
"
"2016-11-21 14:46:55ID: BB  Data: 00 00 00 AA 0F 00 00 08 
"
"2016-11-21 14:46:55ID: BC  Data: 00 00 00 AA F0 FF FF F8 
"
"2016-11-21 14:46:55ID: BB  Data: 00 00 00 AA 0F 00 00 08 
"
"2016-11-21 14:46:55ID: BC  Data: 00 00 00 AA F0 FF FF F8 
"
"2016-11-21 14:46:55ID: BB  Data: 00 00 00 AA 0F 00 00 08 
"
"2016-11-21 14:46:55ID: BC  Data: 00 00 00 AA F0 FF FF F8 
"
"2016-11-21 14:46:55ID: BB  Data: 00 00 00 AA 0F 00 00 08 
"
"2016-11-21 14:46:55ID: BC  Data: 00 00 00 AA F0 FF FF F8 
"
"2016-11-21 14:46:55ID: BB  Data: 00 00 00 AA 0F 01 50 DB 
"
"2016-11-21 14:46:55ID: BC  Data: 00 00 00 AA F0 FE AF 25 
"
"2016-11-21 14:46:55ID: BB  Data: 00 00 00 AA 0F 00 00 08 
"
"2016-11-21 14:46:55ID: BC  Data: 00 00 00 AA F0 FF FF F8 
"
"2016-11-21 14:46:55ID: BB  Data: 00 00 00 AA 0F 00 00 08 
"
"2016-11-21 14:46:55ID: BC  Data: 00 00 00 AA F0 FF FF F8 
"
"2016-11-21 14:46:55ID: BB  Data: 00 00 00 AA 0F 00 00 08 
"
"2016-11-21 14:46:55ID: BC  Data: 00 00 00 AA F0 FF FF F8 
"
"2016-11-21 14:46:55ID: BB  Data: 00 00 00 AA 0F 01 50 DB 
"
"2016-11-21 14:46:55ID: BC  Data: 00 00 00 AA F0 FE AF 25 
"
"2016-11-21 14:46:56ID: BB  Data: 00 00 00 AA 0F 00 00 08 
"
"2016-11-21 14:46:56ID: BC  Data: 00 00 00 AA F0 FF FF F8 
"
"2016-11-21 14:46:56ID: BB  Data: 00 00 00 AA 0F 00 00 08 
"
"2016-11-21 14:46:56ID: BC  Data: 00 00 00 AA F0 FF FF F8 
"
"2016-11-21 14:46:56ID: BB  Data: 00 00 00 AA 0F 00 00 08 
"
"2016-11-21 14:46:56ID: BC  Data: 00 00 00 AA F0 FF FF F8 
"
"2016-11-21 14:46:56ID: BB  Data: 00 00 00 AA 0F 01 50 DB 
"
"2016-11-21 14:46:56ID: BC  Data: 00 00 00 AA F0 FE AF 25 
"
"2016-11-21 14:46:56ID: BB  Data: 00 00 00 AA 0F 01 50 DB 
"
"2016-11-21 14:46:56ID: BC  Data: 00 00 00 AA F0 FE AF 25 
"
"2016-11-21 14:46:56ID: BB  Data: 00 00 00 AA 0E FE AF 36 
"
"2016-11-21 14:46:56ID: BC  Data: 00 00 00 AA F1 01 50 CA 
"
"2016-11-21 14:46:56ID: BB  Data: 00 00 00 AA 0F 01 50 DB 
"
"2016-11-21 14:46:56ID: BC  Data: 00 00 00 AA F0 FE AF 25 
"
"2016-11-21 14:46:56ID: BB  Data: 00 00 00 AA 0F 01 50 DB 
"
"2016-11-21 14:46:56ID: BC  Data: 00 00 00 AA F0 FE AF 25 
"
"2016-11-21 14:46:56ID: BB  Data: 00 00 00 AA 0F 01 50 DB 
"
"2016-11-21 14:46:56ID: BC  Data: 00 00 00 AA F0 FE AF 25 
"
"2016-11-21 14:46:56ID: BB  Data: 00 00 00 AA 0F 00 00 08 
"
"2016-11-21 14:46:56ID: BC  Data: 00 00 00 AA F0 FF FF F8 
"
"2016-11-21 14:46:56ID: BB  Data: 00 00 00 AA 0F 00 00 08 
"
"2016-11-21 14:46:56ID: BC  Data: 00 00 00 AA F0 FF FF F8 
"
"2016-11-21 14:46:56ID: BB  Data: 00 00 00 AA 0F 01 50 DB 
"
"2016-11-21 14:46:57ID: BC  Data: 00 00 00 AA F0 FE AF 25 
"
"2016-11-21 14:46:57ID: BB  Data: 00 00 00 AA 0F 01 50 DB 
"
"2016-11-21 14:46:57ID: BC  Data: 00 00 00 AA F0 FE AF 25 
"
"2016-11-21 14:46:57ID: BB  Data: 00 00 00 AA 0F 00 00 08 
"
"2016-11-21 14:46:57ID: BC  Data: 00 00 00 AA F0 FF FF F8 
"
"2016-11-21 14:46:57ID: BB  Data: 00 00 00 AA 0E AF BD DF 
"
"2016-11-21 14:46:57ID: BC  Data: 00 00 00 AA F1 50 42 21 
"
"2016-11-21 14:46:57ID: BB  Data: 00 00 00 AA 0C 76 09 CD 
"
"2016-11-21 14:46:57ID: BC  Data: 00 00 00 AA F3 89 F6 33 
"
"2016-11-21 14:46:57ID: BB  Data: 00 00 00 AA 09 EE B5 37 
"
"2016-11-21 14:46:57ID: BC  Data: 00 00 00 AA F6 11 4A C9 
"
"2016-11-21 14:46:57ID: BB  Data: 00 00 00 AA 08 41 C9 22 
"
"2016-11-21 14:46:57ID: BC  Data: 00 00 00 AA F7 BE 36 DE 
"
"2016-11-21 14:46:57ID: BB  Data: 00 00 00 AA 07 35 61 61 
"
"2016-11-21 14:46:57ID: BC  Data: 00 00 00 AA F8 CA 9E 9F 
"
"2016-11-21 14:46:57ID: BB  Data: 00 00 00 AA 05 99 8F FD 
"
"2016-11-21 14:46:57ID: BC  Data: 00 00 00 AA FA 66 70 03 
"
"2016-11-21 14:46:57ID: BB  Data: 00 00 00 AA 04 54 94 DF 
"
"2016-11-21 14:46:57ID: BC  Data: 00 00 00 AA FB AB 6B 21 
"
"2016-11-21 14:46:57ID: BB  Data: 00 00 00 AA 04 1F F3 FB 
"
"2016-11-21 14:46:57ID: BC  Data: 00 00 00 AA FB E0 0C 05 
"
"2016-11-21 14:46:57ID: BB  Data: 00 00 00 AA 03 0C F8 1D 
"
"2016-11-21 14:46:57ID: BC  Data: 00 00 00 AA FC F3 07 E3 
"
"2016-11-21 14:46:58ID: BB  Data: 00 00 00 AA 02 78 4B 30 
"
"2016-11-21 14:46:58ID: BC  Data: 00 00 00 AA FD 87 B4 D0 
"
"2016-11-21 14:46:58ID: BB  Data: 00 00 00 AA 02 D3 13 EE 
"
"2016-11-21 14:46:58ID: BC  Data: 00 00 00 AA FD 2C EC 12 
"
"2016-11-21 14:46:58ID: BB  Data: 00 00 00 AA 03 76 39 E6 
"
"2016-11-21 14:46:58ID: BC  Data: 00 00 00 AA FC 89 C6 1A 
"
"2016-11-21 14:46:58ID: BB  Data: 00 00 00 AA 06 2E 3C E9 
"
"2016-11-21 14:46:58ID: BC  Data: 00 00 00 AA F9 D1 C3 17 
"
"2016-11-21 14:46:58ID: BB  Data: 00 00 00 AA 0A 3D A6 8E 
"
"2016-11-21 14:46:58ID: BC  Data: 00 00 00 AA F5 C2 59 72 
"
"2016-11-21 14:46:58ID: BB  Data: 00 00 00 AA 0A C1 38 C9 
"
"2016-11-21 14:46:58ID: BC  Data: 00 00 00 AA F5 3E C7 37 
"
"2016-11-21 14:46:58ID: BB  Data: 00 00 00 AA 07 AF BD DB 
"
"2016-11-21 14:46:58ID: BC  Data: 00 00 00 AA F8 50 42 25 
"
"2016-11-21 14:46:58ID: BB  Data: 00 00 00 AA 04 1A B0 B1 
"
"2016-11-21 14:46:58ID: BC  Data: 00 00 00 AA FB E5 4F 4F 
"
"2016-11-21 14:46:58ID: BB  Data: 00 00 00 AA 02 25 67 62 
"
"2016-11-21 14:46:58ID: BC  Data: 00 00 00 AA FD DA 98 9E 
"
"2016-11-21 14:46:58ID: BB  Data: 00 00 00 AA 01 B0 4E 32 
"
"2016-11-21 14:46:58ID: BC  Data: 00 00 00 AA FE 4F B1 CE 
"
"2016-11-21 14:46:58ID: BB  Data: 00 00 00 AA 01 80 F0 97 
"
"2016-11-21 14:46:58ID: BC  Data: 00 00 00 AA FE 7F 0F 69 
"
"2016-11-21 14:46:59ID: BB  Data: 00 00 00 AA 00 00 00 00 
"
"2016-11-21 14:46:59ID: BC  Data: 00 00 00 AA 00 00 00 00 
"
"2016-11-21 14:46:59ID: BB  Data: 00 00 00 AA 00 00 00 00 
"
"2016-11-21 14:46:59ID: BC  Data: 00 00 00 AA 00 00 00 00 
"
"2016-11-21 14:46:59ID: BB  Data: 00 00 00 AA 00 00 00 00 
"
"2016-11-21 14:46:59ID: BC  Data: 00 00 00 AA 00 00 00 00 
"
"2016-11-21 14:46:59ID: BB  Data: 00 00 00 AA 00 00 00 00 
"
"2016-11-21 14:46:59ID: BC  Data: 00 00 00 AA 00 00 00 00 
"
"2016-11-21 14:46:59ID: BB  Data: 00 00 00 AA 00 00 00 00 
"
"2016-11-21 14:46:59ID: BC  Data: 00 00 00 AA 00 00 00 00 
"
"2016-11-21 14:46:59ID: BB  Data: 00 00 00 AA 00 00 00 00 
"
"2016-11-21 14:46:59ID: BC  Data: 00 00 00 AA 00 00 00 00 
"
"2016-11-21 14:46:59ID: BB  Data: 00 00 00 AA 00 00 00 00 
"
"2016-11-21 14:46:59ID: BC  Data: 00 00 00 AA 00 00 00 00 
"
"2016-11-21 14:46:59ID: BB  Data: 00 00 00 AA 00 00 00 00 
"
"2016-11-21 14:46:59ID: BC  Data: 00 00 00 AA 00 00 00 00 
"
"2016-11-21 14:46:59ID: BB  Data: 00 00 00 AA 00 00 00 00 
"
"2016-11-21 14:46:59ID: BC  Data: 00 00 00 AA 00 00 00 00 
"
"2016-11-21 14:46:59ID: BB  Data: 00 00 00 AA 00 00 00 00 
"
"2016-11-21 14:46:59ID: BC  Data: 00 00 00 AA 00 00 00 00 
"
"2016-11-21 14:46:59ID: BB  Data: 00 00 00 AA 00 00 00 00 
"
"2016-11-21 14:46:59ID: BC  Data: 00 00 00 AA 00 00 00 00 
"
"2016-11-21 14:46:59ID: BB  Data: 00 00 00 AA 00 00 00 00 
"
"2016-11-21 14:46:59ID: BC  Data: 00 00 00 AA 00 00 00 00 
"
"2016-11-21 14:47:00ID: BB  Data: 00 00 00 AA 00 00 00 00 
"
"2016-11-21 14:47:00ID: BC  Data: 00 00 00 AA 00 00 00 00 
"
"2016-11-21 14:47:00ID: BB  Data: 00 00 00 AA 00 00 00 00 
"
"2016-11-21 14:47:00ID: BC  Data: 00 00 00 AA 00 00 00 00 
"
"2016-11-21 14:47:00ID: BB  Data: 00 00 00 AA 00 00 00 00 
"
"2016-11-21 14:47:00ID: BC  Data: 00 00 00 AA 00 00 00 00 
"
"2016-11-21 14:47:00ID: BB  Data: 00 00 00 AA 00 00 00 00 
"
"2016-11-21 14:47:00ID: BC  Data: 00 00 00 AA 00 00 00 00 
"
"2016-11-21 14:47:00ID: BB  Data: 00 00 00 AA 00 00 00 00 
"
"2016-11-21 14:47:00ID: BC  Data: 00 00 00 AA 00 00 00 00 
"
"2016-11-21 14:47:00ID: BB  Data: 00 00 00 AA 00 00 00 00 
"
"2016-11-21 14:47:00ID: BC  Data: 00 00 00 AA 00 00 00 00 
"
"2016-11-21 14:47:00ID: BB  Data: 00 00 00 AA 00 00 00 00 
"
"2016-11-21 14:47:00ID: BC  Data: 00 00 00 AA 00 00 00 00 
"
"2016-11-21 14:47:00ID: BB  Data: 00 00 00 AA 00 00 00 00 
"
"2016-11-21 14:47:00ID: BC  Data: 00 00 00 AA 00 00 00 00 
"
"2016-11-21 14:47:00ID: BB  Data: 00 00 00 AA 00 00 00 00 
"
"2016-11-21 14:47:00ID: BC  Data: 00 00 00 AA 00 00 00 00 
"
"2016-11-21 14:47:00ID: BB  Data: 00 00 00 AA 00 00 00 00 
"
"2016-11-21 14:47:00ID: BC  Data: 00 00 00 AA 00 00 00 00 
"
"2016-11-21 14:47:00ID: BB  Data: 00 00 00 AA 00 00 00 00 
"
"2016-11-21 14:47:00ID: BC  Data: 00 00 00 AA 00 00 00 00 
"
"2016-11-21 14:47:01ID: BB  Data: 00 00 00 AA 00 00 00 00 
"
"2016-11-21 14:47:01ID: BC  Data: 00 00 00 AA 00 00 00 00 
"
"2016-11-21 14:47:01ID: BB  Data: 00 00 00 AA 01 8E 18 D0 
"
"2016-11-21 14:47:01ID: BC  Data: 00 00 00 AA FE 71 E7 30 
"
"2016-11-21 14:47:01ID: BB  Data: 00 00 00 AA 07 11 DB 2D 
"
"2016-11-21 14:47:01ID: BC  Data: 00 00 00 AA F8 EE 24 D3 
"
"2016-11-21 14:47:01ID: BB  Data: 00 00 00 AA 09 E2 DD D0 
"
"2016-11-21 14:47:01ID: BC  Data: 00 00 00 AA F6 1D 22 30 
"
"2016-11-21 14:47:01ID: BB  Data: 00 00 00 AA 0A F9 CC 26 
"
"2016-11-21 14:47:01ID: BC  Data: 00 00 00 AA F5 06 33 DA 
"
"2016-11-21 14:47:01ID: BB  Data: 00 00 00 AA 0B B3 50 18 
"
"2016-11-21 14:47:01ID: BC  Data: 00 00 00 AA F4 4C AF E8 
"
"2016-11-21 14:47:01ID: BB  Data: 00 00 00 AA 0D 53 13 F4 
"
"2016-11-21 14:47:01ID: BC  Data: 00 00 00 AA F2 AC EC 0C 
"
"2016-11-21 14:47:01ID: BB  Data: 00 00 00 AA 0D E7 C0 E0 
"
"2016-11-21 14:47:01ID: BC  Data: 00 00 00 AA F2 18 3F 20 
"
"2016-11-21 14:47:01ID: BB  Data: 00 00 00 AA 0D EE 54 FD 
"
"2016-11-21 14:47:01ID: BC  Data: 00 00 00 AA F2 11 AB 03 
"
"2016-11-21 14:47:01ID: BB  Data: 00 00 00 AA 0E 20 54 3C 
"
"2016-11-21 14:47:01ID: BC  Data: 00 00 00 AA F1 DF AB C4 
"
"2016-11-21 14:47:01ID: BB  Data: 00 00 00 AA 0E BF 87 BD 
"
"2016-11-21 14:47:01ID: BC  Data: 00 00 00 AA F1 40 78 43 
"
"2016-11-21 14:47:01ID: BB  Data: 00 00 00 AA 0F 00 00 08 
"
"2016-11-21 14:47:02ID: BC  Data: 00 00 00 AA F0 FF FF F8 
"
"2016-11-21 14:47:02ID: BB  Data: 00 00 00 AA 0F 00 00 08 
"
"2016-11-21 14:47:02ID: BC  Data: 00 00 00 AA F0 FF FF F8 
"
"2016-11-21 14:47:02ID: BB  Data: 00 00 00 AA 0E FE AF 36 
"
"2016-11-21 14:47:02ID: BC  Data: 00 00 00 AA F1 01 50 CA 
"
"2016-11-21 14:47:02ID: BB  Data: 00 00 00 AA 0F 01 50 DB 
"
"2016-11-21 14:47:02ID: BC  Data: 00 00 00 AA F0 FE AF 25 
"
"2016-11-21 14:47:02ID: BB  Data: 00 00 00 AA 0F 01 50 DB 
"
"2016-11-21 14:47:02ID: BC  Data: 00 00 00 AA F0 FE AF 25 
"
"2016-11-21 14:47:02ID: BB  Data: 00 00 00 AA 0F 00 00 08 
"
"2016-11-21 14:47:02ID: BC  Data: 00 00 00 AA F0 FF FF F8 
"
"2016-11-21 14:47:02ID: BB  Data: 00 00 00 AA 0F 00 00 08 
"
"2016-11-21 14:47:02ID: BC  Data: 00 00 00 AA F0 FF FF F8 
"
"2016-11-21 14:47:02ID: BB  Data: 00 00 00 AA 0F 00 00 08 
"
"2016-11-21 14:47:02ID: BC  Data: 00 00 00 AA F0 FF FF F8 
"
"2016-11-21 14:47:02ID: BB  Data: 00 00 00 AA 0F 01 50 DB 
"
"2016-11-21 14:47:02ID: BC  Data: 00 00 00 AA F0 FE AF 25 
"
"2016-11-21 14:47:02ID: BB  Data: 00 00 00 AA 0F 00 00 08 
"
"2016-11-21 14:47:02ID: BC  Data: 00 00 00 AA F0 FF FF F8 
"
"2016-11-21 14:47:02ID: BB  Data: 00 00 00 AA 0F 00 00 08 
"
"2016-11-21 14:47:02ID: BC  Data: 00 00 00 AA F0 FF FF F8 
"
"2016-11-21 14:47:02ID: BB  Data: 00 00 00 AA 0F 00 00 08 
"
"2016-11-21 14:47:02ID: BC  Data: 00 00 00 AA F0 FF FF F8 
"
"2016-11-21 14:47:03ID: BB  Data: 00 00 00 AA 0F 00 00 08 
"
"2016-11-21 14:47:03ID: BC  Data: 00 00 00 AA F0 FF FF F8 
"
"2016-11-21 14:47:03ID: BB  Data: 00 00 00 AA 0F 01 50 DB 
"
"2016-11-21 14:47:03ID: BC  Data: 00 00 00 AA F0 FE AF 25 
"
"2016-11-21 14:47:03ID: BB  Data: 00 00 00 AA 0F 00 00 08 
"
"2016-11-21 14:47:03ID: BC  Data: 00 00 00 AA F0 FF FF F8 
"
"2016-11-21 14:47:03ID: BB  Data: 00 00 00 AA 0F 01 50 DB 
"
"2016-11-21 14:47:03ID: BC  Data: 00 00 00 AA F0 FE AF 25 
"
"2016-11-21 14:47:03ID: BB  Data: 00 00 00 AA 0E FE AF 36 
"
"2016-11-21 14:47:03ID: BC  Data: 00 00 00 AA F1 01 50 CA 
"
"2016-11-21 14:47:03ID: BB  Data: 00 00 00 AA 0F 00 00 08 
"
"2016-11-21 14:47:03ID: BC  Data: 00 00 00 AA F0 FF FF F8 
"
"2016-11-21 14:47:03ID: BB  Data: 00 00 00 AA 0F 00 00 08 
"
"2016-11-21 14:47:03ID: BC  Data: 00 00 00 AA F0 FF FF F8 
"
"2016-11-21 14:47:03ID: BB  Data: 00 00 00 AA 0F 02 A1 AD 
"
"2016-11-21 14:47:03ID: BC  Data: 00 00 00 AA F0 FD 5E 53 
"
"2016-11-21 14:47:03ID: BB  Data: 00 00 00 AA 0E FE AF 36 
"
"2016-11-21 14:47:03ID: BC  Data: 00 00 00 AA F1 01 50 CA 
"
"2016-11-21 14:47:03ID: BB  Data: 00 00 00 AA 0F 01 50 DB 
"
"2016-11-21 14:47:03ID: BC  Data: 00 00 00 AA F0 FE AF 25 
"
"2016-11-21 14:47:03ID: BB  Data: 00 00 00 AA 0F 00 00 08 
"
"2016-11-21 14:47:03ID: BC  Data: 00 00 00 AA F0 FF FF F8 
"
"2016-11-21 14:47:04ID: BB  Data: 00 00 00 AA 0F 00 00 08 
"
"2016-11-21 14:47:04ID: BC  Data: 00 00 00 AA F0 FF FF F8 
"
"2016-11-21 14:47:04ID: BB  Data: 00 00 00 AA 0E FE AF 36 
"
"2016-11-21 14:47:04ID: BC  Data: 00 00 00 AA F1 01 50 CA 
"
"2016-11-21 14:47:04ID: BB  Data: 00 00 00 AA 0E FE AF 36 
"
"2016-11-21 14:47:04ID: BC  Data: 00 00 00 AA F1 01 50 CA 
"
"2016-11-21 14:47:04ID: BB  Data: 00 00 00 AA 0F 00 00 08 
"
"2016-11-21 14:47:04ID: BC  Data: 00 00 00 AA F0 FF FF F8 
"
"2016-11-21 14:47:04ID: BB  Data: 00 00 00 AA 0F 00 00 08 
"
"2016-11-21 14:47:04ID: BC  Data: 00 00 00 AA F0 FF FF F8 
"
"2016-11-21 14:47:04ID: BB  Data: 00 00 00 AA 0F 00 00 08 
"
"2016-11-21 14:47:04ID: BC  Data: 00 00 00 AA F0 FF FF F8 
"
"2016-11-21 14:47:04ID: BB  Data: 00 00 00 AA 0F 01 50 DB 
"
"2016-11-21 14:47:04ID: BC  Data: 00 00 00 AA F0 FE AF 25 
"
"2016-11-21 14:47:04ID: BB  Data: 00 00 00 AA 0F 00 00 08 
"
"2016-11-21 14:47:04ID: BC  Data: 00 00 00 AA F0 FF FF F8 
"
"2016-11-21 14:47:04ID: BB  Data: 00 00 00 AA 0E FE AF 36 
"
"2016-11-21 14:47:04ID: BC  Data: 00 00 00 AA F1 01 50 CA 
"
"2016-11-21 14:47:04ID: BB  Data: 00 00 00 AA 0F 01 50 DB 
"
"2016-11-21 14:47:04ID: BC  Data: 00 00 00 AA F0 FE AF 25 
"
"2016-11-21 14:47:04ID: BB  Data: 00 00 00 AA 0F 01 50 DB 
"
"2016-11-21 14:47:04ID: BC  Data: 00 00 00 AA F0 FE AF 25 
"
"2016-11-21 14:47:04ID: BB  Data: 00 00 00 AA 0F 01 50 DB 
"
"2016-11-21 14:47:04ID: BC  Data: 00 00 00 AA F0 FE AF 25 
"
"2016-11-21 14:47:05ID: BB  Data: 00 00 00 AA 0F 00 00 08 
"
"2016-11-21 14:47:05ID: BC  Data: 00 00 00 AA F0 FF FF F8 
"
"2016-11-21 14:47:05ID: BB  Data: 00 00 00 AA 0F 01 50 DB 
"
"2016-11-21 14:47:05ID: BC  Data: 00 00 00 AA F0 FE AF 25 
"
"2016-11-21 14:47:05ID: BB  Data: 00 00 00 AA 0F 02 A1 AD 
"
"2016-11-21 14:47:05ID: BC  Data: 00 00 00 AA F0 FD 5E 53 
"
"2016-11-21 14:47:05ID: BB  Data: 00 00 00 AA 0F 00 00 08 
"
"2016-11-21 14:47:05ID: BC  Data: 00 00 00 AA F0 FF FF F8 
"
"2016-11-21 14:47:05ID: BB  Data: 00 00 00 AA 0F 00 00 08 
"
"2016-11-21 14:47:05ID: BC  Data: 00 00 00 AA F0 FF FF F8 
"
"2016-11-21 14:47:05ID: BB  Data: 00 00 00 AA 0F 01 50 DB 
"
"2016-11-21 14:47:05ID: BC  Data: 00 00 00 AA F0 FE AF 25 
"
"2016-11-21 14:47:05ID: BB  Data: 00 00 00 AA 0F 01 50 DB 
"
"2016-11-21 14:47:05ID: BC  Data: 00 00 00 AA F0 FE AF 25 
"
"2016-11-21 14:47:05ID: BB  Data: 00 00 00 AA 0F 01 50 DB 
"
"2016-11-21 14:47:05ID: BC  Data: 00 00 00 AA F0 FE AF 25 
"
"2016-11-21 14:47:05ID: BB  Data: 00 00 00 AA 0F 01 50 DB 
"
"2016-11-21 14:47:05ID: BC  Data: 00 00 00 AA F0 FE AF 25 
"
"2016-11-21 14:47:05ID: BB  Data: 00 00 00 AA 0F 00 00 08 
"
"2016-11-21 14:47:05ID: BC  Data: 00 00 00 AA F0 FF FF F8 
"
"2016-11-21 14:47:05ID: BB  Data: 00 00 00 AA 0F 01 50 DB 
"
"2016-11-21 14:47:05ID: BC  Data: 00 00 00 AA F0 FE AF 25 
"
"2016-11-21 14:47:06ID: BB  Data: 00 00 00 AA 0F 00 00 08 
"
"2016-11-21 14:47:06ID: BC  Data: 00 00 00 AA F0 FF FF F8 
"
"2016-11-21 14:47:06ID: BB  Data: 00 00 00 AA 0F 02 A1 AD 
"
"2016-11-21 14:47:06ID: BC  Data: 00 00 00 AA F0 FD 5E 53 
"
"2016-11-21 14:47:06ID: BB  Data: 00 00 00 AA 0F 01 50 DB 
"
"2016-11-21 14:47:06ID: BC  Data: 00 00 00 AA F0 FE AF 25 
"
"2016-11-21 14:47:06ID: BB  Data: 00 00 00 AA 0F 00 00 08 
"
"2016-11-21 14:47:06ID: BC  Data: 00 00 00 AA F0 FF FF F8 
"
"2016-11-21 14:47:06ID: BB  Data: 00 00 00 AA 0E FE AF 36 
"
"2016-11-21 14:47:06ID: BC  Data: 00 00 00 AA F1 01 50 CA 
"
"2016-11-21 14:47:06ID: BB  Data: 00 00 00 AA 0E 70 96 66 
"
"2016-11-21 14:47:06ID: BC  Data: 00 00 00 AA F1 8F 69 9A 
"
"2016-11-21 14:47:06ID: BB  Data: 00 00 00 AA 0D CD 70 6E 
"
"2016-11-21 14:47:06ID: BC  Data: 00 00 00 AA F2 32 8F 92 
"
"2016-11-21 14:47:06ID: BB  Data: 00 00 00 AA 09 64 8E DE 
"
"2016-11-21 14:47:06ID: BC  Data: 00 00 00 AA F6 9B 71 22 
"
"2016-11-21 14:47:06ID: BB  Data: 00 00 00 AA 06 6D 64 62 
"
"2016-11-21 14:47:06ID: BC  Data: 00 00 00 AA F9 92 9B 9E 
"
"2016-11-21 14:47:06ID: BB  Data: 00 00 00 AA 05 BD 16 31 
"
"2016-11-21 14:47:06ID: BC  Data: 00 00 00 AA FA 42 E9 CF 
"
"2016-11-21 14:47:06ID: BB  Data: 00 00 00 AA 04 A4 D7 09 
"
"2016-11-21 14:47:06ID: BC  Data: 00 00 00 AA FB 5B 28 F7 
"
"2016-11-21 14:47:07ID: BB  Data: 00 00 00 AA 04 5B 28 FC 
"
"2016-11-21 14:47:07ID: BC  Data: 00 00 00 AA FB A4 D7 04 
"
"2016-11-21 14:47:07ID: BB  Data: 00 00 00 AA 05 35 91 7E 
"
"2016-11-21 14:47:07ID: BC  Data: 00 00 00 AA FA CA 6E 82 
"
"2016-11-21 14:47:07ID: BB  Data: 00 00 00 AA 05 F3 07 E8 
"
"2016-11-21 14:47:07ID: BC  Data: 00 00 00 AA FA 0C F8 18 
"
"2016-11-21 14:47:07ID: BB  Data: 00 00 00 AA 04 44 CB 01 
"
"2016-11-21 14:47:07ID: BC  Data: 00 00 00 AA FB BB 34 FF 
"
"2016-11-21 14:47:07ID: BB  Data: 00 00 00 AA 02 42 59 79 
"
"2016-11-21 14:47:07ID: BC  Data: 00 00 00 AA FD BD A6 87 
"
"2016-11-21 14:47:07ID: BB  Data: 00 00 00 AA 02 2D 4C 51 
"
"2016-11-21 14:47:07ID: BC  Data: 00 00 00 AA FD D2 B3 AF 
"
"2016-11-21 14:47:07ID: BB  Data: 00 00 00 AA 02 32 8F 9B 
"
"2016-11-21 14:47:07ID: BC  Data: 00 00 00 AA FD CD 70 65 
"
"2016-11-21 14:47:07ID: BB  Data: 00 00 00 AA 02 16 EE 56 
"
"2016-11-21 14:47:07ID: BC  Data: 00 00 00 AA FD E9 11 AA 
"
"2016-11-21 14:47:07ID: BB  Data: 00 00 00 AA 00 00 00 00 
"
"2016-11-21 14:47:07ID: BC  Data: 00 00 00 AA 00 00 00 00 
"
"2016-11-21 14:47:07ID: BB  Data: 00 00 00 AA 00 00 00 00 
"
"2016-11-21 14:47:07ID: BC  Data: 00 00 00 AA 00 00 00 00 
"
"2016-11-21 14:47:07ID: BB  Data: 00 00 00 AA 00 00 00 00 
"
"2016-11-21 14:47:07ID: BC  Data: 00 00 00 AA 00 00 00 00 
"
"2016-11-21 14:47:07ID: BB  Data: 00 00 00 AA 00 00 00 00 
"
"2016-11-21 14:47:07ID: BC  Data: 00 00 00 AA 00 00 00 00 
"
"2016-11-21 14:47:08ID: BB  Data: 00 00 00 AA 00 00 00 00 
"
"2016-11-21 14:47:08ID: BC  Data: 00 00 00 AA 00 00 00 00 
"
"2016-11-21 14:47:08ID: BB  Data: 00 00 00 AA 00 00 00 00 
"
"2016-11-21 14:47:08ID: BC  Data: 00 00 00 AA 00 00 00 00 
"
"2016-11-21 14:47:08ID: BB  Data: 00 00 00 AA 00 00 00 00 
"
"2016-11-21 14:47:08ID: BC  Data: 00 00 00 AA 00 00 00 00 
"
"2016-11-21 14:47:08ID: BB  Data: 00 00 00 AA 00 00 00 00 
"
"2016-11-21 14:47:08ID: BC  Data: 00 00 00 AA 00 00 00 00 
"
"2016-11-21 14:47:08ID: BB  Data: 00 00 00 AA 00 00 00 00 
"
"2016-11-21 14:47:08ID: BC  Data: 00 00 00 AA 00 00 00 00 
"
"2016-11-21 14:47:08ID: BB  Data: 00 00 00 AA 00 00 00 00 
"
"2016-11-21 14:47:08ID: BC  Data: 00 00 00 AA 00 00 00 00 
"
"2016-11-21 14:47:08ID: BB  Data: 00 00 00 AA 00 00 00 00 
"
"2016-11-21 14:47:08ID: BC  Data: 00 00 00 AA 00 00 00 00 
"
"2016-11-21 14:47:08ID: BB  Data: 00 00 00 AA 00 00 00 00 
"
"2016-11-21 14:47:08ID: BC  Data: 00 00 00 AA 00 00 00 00 
"
"2016-11-21 14:47:08ID: BB  Data: 00 00 00 AA 00 00 00 00 
"
"2016-11-21 14:47:08ID: BC  Data: 00 00 00 AA 00 00 00 00 
"
"2016-11-21 14:47:08ID: BB  Data: 00 00 00 AA 00 00 00 00 
"
"2016-11-21 14:47:08ID: BC  Data: 00 00 00 AA 00 00 00 00 
"
"2016-11-21 14:47:08ID: BB  Data: 00 00 00 AA 00 00 00 00 
"
"2016-11-21 14:47:08ID: BC  Data: 00 00 00 AA 00 00 00 00 
"
"2016-11-21 14:47:09ID: BB  Data: 00 00 00 AA 00 00 00 00 
"
"2016-11-21 14:47:09ID: BC  Data: 00 00 00 AA 00 00 00 00 
"
"2016-11-21 14:47:09ID: BB  Data: 00 00 00 AA 00 00 00 00 
"
"2016-11-21 14:47:09ID: BC  Data: 00 00 00 AA 00 00 00 00 
"
"2016-11-21 14:47:09ID: BB  Data: 00 00 00 AA 00 00 00 00 
"
"2016-11-21 14:47:09ID: BC  Data: 00 00 00 AA 00 00 00 00 
"
"2016-11-21 14:47:09ID: BB  Data: 00 00 00 AA 00 00 00 00 
"
"2016-11-21 14:47:09ID: BC  Data: 00 00 00 AA 00 00 00 00 
"
"2016-11-21 14:47:09ID: BB  Data: 00 00 00 AA 00 00 00 00 
"
"2016-11-21 14:47:09ID: BC  Data: 00 00 00 AA 00 00 00 00 
"
"2016-11-21 14:47:09ID: BB  Data: 00 00 00 AA 00 00 00 00 
"
"2016-11-21 14:47:09ID: BC  Data: 00 00 00 AA 00 00 00 00 
"
"2016-11-21 14:47:09ID: BB  Data: 00 00 00 AA 00 00 00 00 
"
"2016-11-21 14:47:09ID: BC  Data: 00 00 00 AA 00 00 00 00 
"
"2016-11-21 14:47:09ID: BB  Data: 00 00 00 AA 00 00 00 00 
"
"2016-11-21 14:47:09ID: BC  Data: 00 00 00 AA 00 00 00 00 
"
"2016-11-21 14:47:09ID: BB  Data: 00 00 00 AA 00 00 00 00 
"
"2016-11-21 14:47:09ID: BC  Data: 00 00 00 AA 00 00 00 00 
"
"2016-11-21 14:47:09ID: BB  Data: 00 00 00 AA 00 00 00 00 
"
"2016-11-21 14:47:09ID: BC  Data: 00 00 00 AA 00 00 00 00 
"
"2016-11-21 14:47:09ID: BB  Data: 00 00 00 AA 00 00 00 00 
"
"2016-11-21 14:47:09ID: BC  Data: 00 00 00 AA 00 00 00 00 
"
"2016-11-21 14:47:09ID: BB  Data: 00 00 00 AA 00 00 00 00 
"
"2016-11-21 14:47:10ID: BC  Data: 00 00 00 AA 00 00 00 00 
"
"2016-11-21 14:47:10ID: BB  Data: 00 00 00 AA 00 00 00 00 
"
"2016-11-21 14:47:10ID: BC  Data: 00 00 00 AA 00 00 00 00 
"
"2016-11-21 14:47:10ID: BB  Data: 00 00 00 AA 03 5F DB EB 
"
"2016-11-21 14:47:10ID: BC  Data: 00 00 00 AA FC A0 24 15 
"
"2016-11-21 14:47:10ID: BB  Data: 00 00 00 AA 04 FF 9F C7 
"
"2016-11-21 14:47:10ID: BC  Data: 00 00 00 AA FB 00 60 39 
"
"2016-11-21 14:47:10ID: BB  Data: 00 00 00 AA 05 C3 AA 4E 
"
"2016-11-21 14:47:10ID: BC  Data: 00 00 00 AA FA 3C 55 B2 
"
"2016-11-21 14:47:10ID: BB  Data: 00 00 00 AA 08 05 43 4E 
"
"2016-11-21 14:47:10ID: BC  Data: 00 00 00 AA F7 FA BC B2 
"
"2016-11-21 14:47:10ID: BB  Data: 00 00 00 AA 0B 98 FF A6 
"
"2016-11-21 14:47:10ID: BC  Data: 00 00 00 AA F4 67 00 5A 
"
"2016-11-21 14:47:10ID: BB  Data: 00 00 00 AA 0C D3 74 30 
"
"2016-11-21 14:47:10ID: BC  Data: 00 00 00 AA F3 2C 8B D0 
"
"2016-11-21 14:47:10ID: BB  Data: 00 00 00 AA 0E 3A A4 AF 
"
"2016-11-21 14:47:10ID: BC  Data: 00 00 00 AA F1 C5 5B 51 
"
"2016-11-21 14:47:10ID: BB  Data: 00 00 00 AA 0E 6A 02 49 
"
"2016-11-21 14:47:10ID: BC  Data: 00 00 00 AA F1 95 FD B7 
"
"2016-11-21 14:47:10ID: BB  Data: 00 00 00 AA 0E EA F2 E0 
"
"2016-11-21 14:47:10ID: BC  Data: 00 00 00 AA F1 15 0D 20 
"
"2016-11-21 14:47:10ID: BB  Data: 00 00 00 AA 0E FE AF 36 
"
"2016-11-21 14:47:10ID: BC  Data: 00 00 00 AA F1 01 50 CA 
"
"2016-11-21 14:47:11ID: BB  Data: 00 00 00 AA 0E FC 0D 91 
"
"2016-11-21 14:47:11ID: BC  Data: 00 00 00 AA F1 03 F2 6F 
"
"2016-11-21 14:47:11ID: BB  Data: 00 00 00 AA 0E FD 5E 63 
"
"2016-11-21 14:47:11ID: BC  Data: 00 00 00 AA F1 02 A1 9D 
"
"2016-11-21 14:47:11ID: BB  Data: 00 00 00 AA 0E FD 5E 63 
"
"2016-11-21 14:47:11ID: BC  Data: 00 00 00 AA F1 02 A1 9D 
"
"2016-11-21 14:47:11ID: BB  Data: 00 00 00 AA 0E FE AF 36 
"
"2016-11-21 14:47:11ID: BC  Data: 00 00 00 AA F1 01 50 CA 
"
"2016-11-21 14:47:11ID: BB  Data: 00 00 00 AA 0E FD 5E 63 
"
"2016-11-21 14:47:11ID: BC  Data: 00 00 00 AA F1 02 A1 9D 
"
"2016-11-21 14:47:11ID: BB  Data: 00 00 00 AA 0E FE AF 36 
"
"2016-11-21 14:47:11ID: BC  Data: 00 00 00 AA F1 01 50 CA 
"
"2016-11-21 14:47:11ID: BB  Data: 00 00 00 AA 0E FE AF 36 
"
"2016-11-21 14:47:11ID: BC  Data: 00 00 00 AA F1 01 50 CA 
"
"2016-11-21 14:47:11ID: BB  Data: 00 00 00 AA 0E FE AF 36 
"
"2016-11-21 14:47:11ID: BC  Data: 00 00 00 AA F1 01 50 CA 
"
"2016-11-21 14:47:11ID: BB  Data: 00 00 00 AA 0E FE AF 36 
"
"2016-11-21 14:47:11ID: BC  Data: 00 00 00 AA F1 01 50 CA 
"
"2016-11-21 14:47:11ID: BB  Data: 00 00 00 AA 0E FE AF 36 
"
"2016-11-21 14:47:11ID: BC  Data: 00 00 00 AA F1 01 50 CA 
"
"2016-11-21 14:47:11ID: BB  Data: 00 00 00 AA 0E FE AF 36 
"
"2016-11-21 14:47:11ID: BC  Data: 00 00 00 AA F1 01 50 CA 
"
"2016-11-21 14:47:12ID: BB  Data: 00 00 00 AA 0F 00 00 08 
"
"2016-11-21 14:47:12ID: BC  Data: 00 00 00 AA F0 FF FF F8 
"
"2016-11-21 14:47:12ID: BB  Data: 00 00 00 AA 0E FD 5E 63 
"
"2016-11-21 14:47:12ID: BC  Data: 00 00 00 AA F1 02 A1 9D 
"
"2016-11-21 14:47:12ID: BB  Data: 00 00 00 AA 0E FE AF 36 
"
"2016-11-21 14:47:12ID: BC  Data: 00 00 00 AA F1 01 50 CA 
"
"2016-11-21 14:47:12ID: BB  Data: 00 00 00 AA 0E FE AF 36 
"
"2016-11-21 14:47:12ID: BC  Data: 00 00 00 AA F1 01 50 CA 
"
"2016-11-21 14:47:12ID: BB  Data: 00 00 00 AA 0E FE AF 36 
"
"2016-11-21 14:47:12ID: BC  Data: 00 00 00 AA F1 01 50 CA 
"
"2016-11-21 14:47:12ID: BB  Data: 00 00 00 AA 0E FD 5E 63 
"
"2016-11-21 14:47:12ID: BC  Data: 00 00 00 AA F1 02 A1 9D 
"
"2016-11-21 14:47:12ID: BB  Data: 00 00 00 AA 0E FE AF 36 
"
"2016-11-21 14:47:12ID: BC  Data: 00 00 00 AA F1 01 50 CA 
"
"2016-11-21 14:47:12ID: BB  Data: 00 00 00 AA 0F 00 00 08 
"
"2016-11-21 14:47:12ID: BC  Data: 00 00 00 AA F0 FF FF F8 
"
"2016-11-21 14:47:12ID: BB  Data: 00 00 00 AA 0F 00 00 08 
"
"2016-11-21 14:47:12ID: BC  Data: 00 00 00 AA F0 FF FF F8 
"
"2016-11-21 14:47:12ID: BB  Data: 00 00 00 AA 0F 00 00 08 
"
"2016-11-21 14:47:12ID: BC  Data: 00 00 00 AA F0 FF FF F8 
"
"2016-11-21 14:47:12ID: BB  Data: 00 00 00 AA 0E FE AF 36 
"
"2016-11-21 14:47:12ID: BC  Data: 00 00 00 AA F1 01 50 CA 
"
"2016-11-21 14:47:12ID: BB  Data: 00 00 00 AA 0F 00 00 08 
"
"2016-11-21 14:47:12ID: BC  Data: 00 00 00 AA F0 FF FF F8 
"
"2016-11-21 14:47:13ID: BB  Data: 00 00 00 AA 0E FE AF 36 
"
"2016-11-21 14:47:13ID: BC  Data: 00 00 00 AA F1 01 50 CA 
"
"2016-11-21 14:47:13ID: BB  Data: 00 00 00 AA 0E FE AF 36 
"
"2016-11-21 14:47:13ID: BC  Data: 00 00 00 AA F1 01 50 CA 
"
"2016-11-21 14:47:13ID: BB  Data: 00 00 00 AA 0E FD 5E 63 
"
"2016-11-21 14:47:13ID: BC  Data: 00 00 00 AA F1 02 A1 9D 
"
"2016-11-21 14:47:13ID: BB  Data: 00 00 00 AA 0E FC 0D 91 
"
"2016-11-21 14:47:13ID: BC  Data: 00 00 00 AA F1 03 F2 6F 
"
"2016-11-21 14:47:13ID: BB  Data: 00 00 00 AA 0F 00 00 08 
"
"2016-11-21 14:47:13ID: BC  Data: 00 00 00 AA F0 FF FF F8 
"
"2016-11-21 14:47:13ID: BB  Data: 00 00 00 AA 0E FE AF 36 
"
"2016-11-21 14:47:13ID: BC  Data: 00 00 00 AA F1 01 50 CA 
"
"2016-11-21 14:47:13ID: BB  Data: 00 00 00 AA 0E FD 5E 63 
"
"2016-11-21 14:47:13ID: BC  Data: 00 00 00 AA F1 02 A1 9D 
"
"2016-11-21 14:47:13ID: BB  Data: 00 00 00 AA 0E FD 5E 63 
"
"2016-11-21 14:47:13ID: BC  Data: 00 00 00 AA F1 02 A1 9D 
"
"2016-11-21 14:47:13ID: BB  Data: 00 00 00 AA 0E FE AF 36 
"
"2016-11-21 14:47:13ID: BC  Data: 00 00 00 AA F1 01 50 CA 
"
"2016-11-21 14:47:13ID: BB  Data: 00 00 00 AA 0E FE AF 36 
"
"2016-11-21 14:47:13ID: BC  Data: 00 00 00 AA F1 01 50 CA 
"
"2016-11-21 14:47:13ID: BB  Data: 00 00 00 AA 0F 00 00 08 
"
"2016-11-21 14:47:13ID: BC  Data: 00 00 00 AA F0 FF FF F8 
"
"2016-11-21 14:47:14ID: BB  Data: 00 00 00 AA 0F 00 00 08 
"
"2016-11-21 14:47:14ID: BC  Data: 00 00 00 AA F0 FF FF F8 
"
"2016-11-21 14:47:14ID: BB  Data: 00 00 00 AA 0F 00 00 08 
"
"2016-11-21 14:47:14ID: BC  Data: 00 00 00 AA F0 FF FF F8 
"
"2016-11-21 14:47:14ID: BB  Data: 00 00 00 AA 0E FD 5E 63 
"
"2016-11-21 14:47:14ID: BC  Data: 00 00 00 AA F1 02 A1 9D 
"
"2016-11-21 14:47:14ID: BB  Data: 00 00 00 AA 0E FE AF 36 
"
"2016-11-21 14:47:14ID: BC  Data: 00 00 00 AA F1 01 50 CA 
"
"2016-11-21 14:47:14ID: BB  Data: 00 00 00 AA 0F 00 00 08 
"
"2016-11-21 14:47:14ID: BC  Data: 00 00 00 AA F0 FF FF F8 
"
"2016-11-21 14:47:14ID: BB  Data: 00 00 00 AA 0E FE AF 36 
"
"2016-11-21 14:47:14ID: BC  Data: 00 00 00 AA F1 01 50 CA 
"
"2016-11-21 14:47:14ID: BB  Data: 00 00 00 AA 0F 00 00 08 
"
"2016-11-21 14:47:14ID: BC  Data: 00 00 00 AA F0 FF FF F8 
"
"2016-11-21 14:47:14ID: BB  Data: 00 00 00 AA 0E FE AF 36 
"
"2016-11-21 14:47:14ID: BC  Data: 00 00 00 AA F1 01 50 CA 
"
"2016-11-21 14:47:14ID: BB  Data: 00 00 00 AA 0E FE AF 36 
"
"2016-11-21 14:47:14ID: BC  Data: 00 00 00 AA F1 01 50 CA 
"
"2016-11-21 14:47:14ID: BB  Data: 00 00 00 AA 0E FE AF 36 
"
"2016-11-21 14:47:14ID: BC  Data: 00 00 00 AA F1 01 50 CA 
"
"2016-11-21 14:47:14ID: BB  Data: 00 00 00 AA 0E FD 5E 63 
"
"2016-11-21 14:47:14ID: BC  Data: 00 00 00 AA F1 02 A1 9D 
"
"2016-11-21 14:47:15ID: BB  Data: 00 00 00 AA 0E FC 0D 91 
"
"2016-11-21 14:47:15ID: BC  Data: 00 00 00 AA F1 03 F2 6F 
"
"2016-11-21 14:47:15ID: BB  Data: 00 00 00 AA 0E FD 5E 63 
"
"2016-11-21 14:47:15ID: BC  Data: 00 00 00 AA F1 02 A1 9D 
"
"2016-11-21 14:47:15ID: BB  Data: 00 00 00 AA 0F 01 50 DB 
"
"2016-11-21 14:47:15ID: BC  Data: 00 00 00 AA F0 FE AF 25 
"
"2016-11-21 14:47:15ID: BB  Data: 00 00 00 AA 0F 00 00 08 
"
"2016-11-21 14:47:15ID: BC  Data: 00 00 00 AA F0 FF FF F8 
"
"2016-11-21 14:47:15ID: BB  Data: 00 00 00 AA 0F 00 00 08 
"
"2016-11-21 14:47:15ID: BC  Data: 00 00 00 AA F0 FF FF F8 
"
"2016-11-21 14:47:15ID: BB  Data: 00 00 00 AA 0F 00 00 08 
"
"2016-11-21 14:47:15ID: BC  Data: 00 00 00 AA F0 FF FF F8 
"
"2016-11-21 14:47:15ID: BB  Data: 00 00 00 AA 0F 00 00 08 
"
"2016-11-21 14:47:15ID: BC  Data: 00 00 00 AA F0 FF FF F8 
"
"2016-11-21 14:47:15ID: BB  Data: 00 00 00 AA 0E FC 0D 91 
"
"2016-11-21 14:47:15ID: BC  Data: 00 00 00 AA F1 03 F2 6F 
"
"2016-11-21 14:47:15ID: BB  Data: 00 00 00 AA 0E FD 5E 63 
"
"2016-11-21 14:47:15ID: BC  Data: 00 00 00 AA F1 02 A1 9D 
"
"2016-11-21 14:47:15ID: BB  Data: 00 00 00 AA 0E FE AF 36 
"
"2016-11-21 14:47:15ID: BC  Data: 00 00 00 AA F1 01 50 CA 
"
"2016-11-21 14:47:15ID: BB  Data: 00 00 00 AA 0E FD 5E 63 
"
"2016-11-21 14:47:15ID: BC  Data: 00 00 00 AA F1 02 A1 9D 
"
"2016-11-21 14:47:15ID: BB  Data: 00 00 00 AA 0E FE AF 36 
"
"2016-11-21 14:47:15ID: BC  Data: 00 00 00 AA F1 01 50 CA 
"
"2016-11-21 14:47:16ID: BB  Data: 00 00 00 AA 0E FE AF 36 
"
"2016-11-21 14:47:16ID: BC  Data: 00 00 00 AA F1 01 50 CA 
"
"2016-11-21 14:47:16ID: BB  Data: 00 00 00 AA 0E FE AF 36 
"
"2016-11-21 14:47:16ID: BC  Data: 00 00 00 AA F1 01 50 CA 
"
"2016-11-21 14:47:16ID: BB  Data: 00 00 00 AA 0F 00 00 08 
"
"2016-11-21 14:47:16ID: BC  Data: 00 00 00 AA F0 FF FF F8 
"
"2016-11-21 14:47:16ID: BB  Data: 00 00 00 AA 0E FD 5E 63 
"
"2016-11-21 14:47:16ID: BC  Data: 00 00 00 AA F1 02 A1 9D 
"
"2016-11-21 14:47:16ID: BB  Data: 00 00 00 AA 0E FC 0D 91 
"
"2016-11-21 14:47:16ID: BC  Data: 00 00 00 AA F1 03 F2 6F 
"
"2016-11-21 14:47:16ID: BB  Data: 00 00 00 AA 0E FE AF 36 
"
"2016-11-21 14:47:16ID: BC  Data: 00 00 00 AA F1 01 50 CA 
"
"2016-11-21 14:47:16ID: BB  Data: 00 00 00 AA 0E FC 0D 91 
"
"2016-11-21 14:47:16ID: BC  Data: 00 00 00 AA F1 03 F2 6F 
"
"2016-11-21 14:47:16ID: BB  Data: 00 00 00 AA 0E FC 0D 91 
"
"2016-11-21 14:47:16ID: BC  Data: 00 00 00 AA F1 03 F2 6F 
"
"2016-11-21 14:47:16ID: BB  Data: 00 00 00 AA 0E FE AF 36 
"
"2016-11-21 14:47:16ID: BC  Data: 00 00 00 AA F1 01 50 CA 
"
"2016-11-21 14:47:16ID: BB  Data: 00 00 00 AA 0F 00 00 08 
"
"2016-11-21 14:47:16ID: BC  Data: 00 00 00 AA F0 FF FF F8 
"
"2016-11-21 14:47:16ID: BB  Data: 00 00 00 AA 0E FD 5E 63 
"
"2016-11-21 14:47:16ID: BC  Data: 00 00 00 AA F1 02 A1 9D 
"
"2016-11-21 14:47:17ID: BB  Data: 00 00 00 AA 0E FC 0D 91 
"
"2016-11-21 14:47:17ID: BC  Data: 00 00 00 AA F1 03 F2 6F 
"
"2016-11-21 14:47:17ID: BB  Data: 00 00 00 AA 0E FD 5E 63 
"
"2016-11-21 14:47:17ID: BC  Data: 00 00 00 AA F1 02 A1 9D 
"
"2016-11-21 14:47:17ID: BB  Data: 00 00 00 AA 0E FD 5E 63 
"
"2016-11-21 14:47:17ID: BC  Data: 00 00 00 AA F1 02 A1 9D 
"
"2016-11-21 14:47:17ID: BB  Data: 00 00 00 AA 0F 01 50 DB 
"
"2016-11-21 14:47:17ID: BC  Data: 00 00 00 AA F0 FE AF 25 
"
"2016-11-21 14:47:17ID: BB  Data: 00 00 00 AA 0E FD 5E 63 
"
"2016-11-21 14:47:17ID: BC  Data: 00 00 00 AA F1 02 A1 9D 
"
"2016-11-21 14:47:17ID: BB  Data: 00 00 00 AA 0F 00 00 08 
"
"2016-11-21 14:47:17ID: BC  Data: 00 00 00 AA F0 FF FF F8 
"
"2016-11-21 14:47:17ID: BB  Data: 00 00 00 AA 0E FD 5E 63 
"
"2016-11-21 14:47:17ID: BC  Data: 00 00 00 AA F1 02 A1 9D 
"
"2016-11-21 14:47:17ID: BB  Data: 00 00 00 AA 0E FE AF 36 
"
"2016-11-21 14:47:17ID: BC  Data: 00 00 00 AA F1 01 50 CA 
"
"2016-11-21 14:47:17ID: BB  Data: 00 00 00 AA 0E FC 0D 91 
"
"2016-11-21 14:47:17ID: BC  Data: 00 00 00 AA F1 03 F2 6F 
"
"2016-11-21 14:47:17ID: BB  Data: 00 00 00 AA 0F 00 00 08 
"
"2016-11-21 14:47:17ID: BC  Data: 00 00 00 AA F0 FF FF F8 
"
"2016-11-21 14:47:17ID: BB  Data: 00 00 00 AA 0E FA BC BE 
"
"2016-11-21 14:47:17ID: BC  Data: 00 00 00 AA F1 05 43 42 
"
"2016-11-21 14:47:17ID: BB  Data: 00 00 00 AA 0E FD 5E 63 
"
"2016-11-21 14:47:18ID: BC  Data: 00 00 00 AA F1 02 A1 9D 
"
"2016-11-21 14:47:18ID: BB  Data: 00 00 00 AA 0E FE AF 36 
"
"2016-11-21 14:47:18ID: BC  Data: 00 00 00 AA F1 01 50 CA 
"
"2016-11-21 14:47:18ID: BB  Data: 00 00 00 AA 0E FD 5E 63 
"
"2016-11-21 14:47:18ID: BC  Data: 00 00 00 AA F1 02 A1 9D 
"
"2016-11-21 14:47:18ID: BB  Data: 00 00 00 AA 0E FD 5E 63 
"
"2016-11-21 14:47:18ID: BC  Data: 00 00 00 AA F1 02 A1 9D 
"
"2016-11-21 14:47:18ID: BB  Data: 00 00 00 AA 0F 00 00 08 
"
"2016-11-21 14:47:18ID: BC  Data: 00 00 00 AA F0 FF FF F8 
"
"2016-11-21 14:47:18ID: BB  Data: 00 00 00 AA 0E FE AF 36 
"
"2016-11-21 14:47:18ID: BC  Data: 00 00 00 AA F1 01 50 CA 
"
"2016-11-21 14:47:18ID: BB  Data: 00 00 00 AA 0E FE AF 36 
"
"2016-11-21 14:47:18ID: BC  Data: 00 00 00 AA F1 01 50 CA 
"
"2016-11-21 14:47:18ID: BB  Data: 00 00 00 AA 0E FD 5E 63 
"
"2016-11-21 14:47:18ID: BC  Data: 00 00 00 AA F1 02 A1 9D 
"
"2016-11-21 14:47:18ID: BB  Data: 00 00 00 AA 0E FE AF 36 
"
"2016-11-21 14:47:18ID: BC  Data: 00 00 00 AA F1 01 50 CA 
"
"2016-11-21 14:47:18ID: BB  Data: 00 00 00 AA 0F 00 00 08 
"
"2016-11-21 14:47:18ID: BC  Data: 00 00 00 AA F0 FF FF F8 
"
"2016-11-21 14:47:18ID: BB  Data: 00 00 00 AA 0F 00 00 08 
"
"2016-11-21 14:47:18ID: BC  Data: 00 00 00 AA F0 FF FF F8 
"
"2016-11-21 14:47:18ID: BB  Data: 00 00 00 AA 0E FE AF 36 
"
"2016-11-21 14:47:18ID: BC  Data: 00 00 00 AA F1 01 50 CA 
"
"2016-11-21 14:47:19ID: BB  Data: 00 00 00 AA 0E FD 5E 63 
"
"2016-11-21 14:47:19ID: BC  Data: 00 00 00 AA F1 02 A1 9D 
"
"2016-11-21 14:47:19ID: BB  Data: 00 00 00 AA 0E FE AF 36 
"
"2016-11-21 14:47:19ID: BC  Data: 00 00 00 AA F1 01 50 CA 
"
"2016-11-21 14:47:19ID: BB  Data: 00 00 00 AA 0E FD 5E 63 
"
"2016-11-21 14:47:19ID: BC  Data: 00 00 00 AA F1 02 A1 9D 
"
"2016-11-21 14:47:19ID: BB  Data: 00 00 00 AA 0F 00 00 08 
"
"2016-11-21 14:47:19ID: BC  Data: 00 00 00 AA F0 FF FF F8 
"
"2016-11-21 14:47:19ID: BB  Data: 00 00 00 AA 0E FC 0D 91 
"
"2016-11-21 14:47:19ID: BC  Data: 00 00 00 AA F1 03 F2 6F 
"
"2016-11-21 14:47:19ID: BB  Data: 00 00 00 AA 0E FD 5E 63 
"
"2016-11-21 14:47:19ID: BC  Data: 00 00 00 AA F1 02 A1 9D 
"
"2016-11-21 14:47:19ID: BB  Data: 00 00 00 AA 0F 00 00 08 
"
"2016-11-21 14:47:19ID: BC  Data: 00 00 00 AA F0 FF FF F8 
"
"2016-11-21 14:47:19ID: BB  Data: 00 00 00 AA 0F 00 00 08 
"
"2016-11-21 14:47:19ID: BC  Data: 00 00 00 AA F0 FF FF F8 
"
"2016-11-21 14:47:19ID: BB  Data: 00 00 00 AA 0E FE AF 36 
"
"2016-11-21 14:47:19ID: BC  Data: 00 00 00 AA F1 01 50 CA 
"
"2016-11-21 14:47:19ID: BB  Data: 00 00 00 AA 0E FD 5E 63 
"
"2016-11-21 14:47:19ID: BC  Data: 00 00 00 AA F1 02 A1 9D 
"
"2016-11-21 14:47:19ID: BB  Data: 00 00 00 AA 0E FD 5E 63 
"
"2016-11-21 14:47:19ID: BC  Data: 00 00 00 AA F1 02 A1 9D 
"
"2016-11-21 14:47:20ID: BB  Data: 00 00 00 AA 0E FE AF 36 
"
"2016-11-21 14:47:20ID: BC  Data: 00 00 00 AA F1 01 50 CA 
"
"2016-11-21 14:47:20ID: BB  Data: 00 00 00 AA 0E FD 5E 63 
"
"2016-11-21 14:47:20ID: BC  Data: 00 00 00 AA F1 02 A1 9D 
"
"2016-11-21 14:47:20ID: BB  Data: 00 00 00 AA 0E FD 5E 63 
"
"2016-11-21 14:47:20ID: BC  Data: 00 00 00 AA F1 02 A1 9D 
"
"2016-11-21 14:47:20ID: BB  Data: 00 00 00 AA 0E FD 5E 63 
"
"2016-11-21 14:47:20ID: BC  Data: 00 00 00 AA F1 02 A1 9D 
"
"2016-11-21 14:47:20ID: BB  Data: 00 00 00 AA 0F 00 00 08 
"
"2016-11-21 14:47:20ID: BC  Data: 00 00 00 AA F0 FF FF F8 
"
"2016-11-21 14:47:20ID: BB  Data: 00 00 00 AA 0F 00 00 08 
"
"2016-11-21 14:47:20ID: BC  Data: 00 00 00 AA F0 FF FF F8 
"
"2016-11-21 14:47:20ID: BB  Data: 00 00 00 AA 0E FD 5E 63 
"
"2016-11-21 14:47:20ID: BC  Data: 00 00 00 AA F1 02 A1 9D 
"
"2016-11-21 14:47:20ID: BB  Data: 00 00 00 AA 0F 00 00 08 
"
"2016-11-21 14:47:20ID: BC  Data: 00 00 00 AA F0 FF FF F8 
"
"2016-11-21 14:47:20ID: BB  Data: 00 00 00 AA 0E FC 0D 91 
"
"2016-11-21 14:47:20ID: BC  Data: 00 00 00 AA F1 03 F2 6F 
"
"2016-11-21 14:47:20ID: BB  Data: 00 00 00 AA 0E FE AF 36 
"
"2016-11-21 14:47:20ID: BC  Data: 00 00 00 AA F1 01 50 CA 
"
"2016-11-21 14:47:20ID: BB  Data: 00 00 00 AA 0E FD 5E 63 
"
"2016-11-21 14:47:20ID: BC  Data: 00 00 00 AA F1 02 A1 9D 
"
"2016-11-21 14:47:20ID: BB  Data: 00 00 00 AA 0E FE AF 36 
"
"2016-11-21 14:47:20ID: BC  Data: 00 00 00 AA F1 01 50 CA 
"
"2016-11-21 14:47:21ID: BB  Data: 00 00 00 AA 0E FD 5E 63 
"
"2016-11-21 14:47:21ID: BC  Data: 00 00 00 AA F1 02 A1 9D 
"
"2016-11-21 14:47:21ID: BB  Data: 00 00 00 AA 0E FD 5E 63 
"
"2016-11-21 14:47:21ID: BC  Data: 00 00 00 AA F1 02 A1 9D 
"
"2016-11-21 14:47:21ID: BB  Data: 00 00 00 AA 0F 00 00 08 
"
"2016-11-21 14:47:21ID: BC  Data: 00 00 00 AA F0 FF FF F8 
"
"2016-11-21 14:47:21ID: BB  Data: 00 00 00 AA 0E FD 5E 63 
"
"2016-11-21 14:47:21ID: BC  Data: 00 00 00 AA F1 02 A1 9D 
"
"2016-11-21 14:47:21ID: BB  Data: 00 00 00 AA 0E FE AF 36 
"
"2016-11-21 14:47:21ID: BC  Data: 00 00 00 AA F1 01 50 CA 
"
"2016-11-21 14:47:21ID: BB  Data: 00 00 00 AA 0E FD 5E 63 
"
"2016-11-21 14:47:21ID: BC  Data: 00 00 00 AA F1 02 A1 9D 
"
"2016-11-21 14:47:21ID: BB  Data: 00 00 00 AA 0E FD 5E 63 
"
"2016-11-21 14:47:21ID: BC  Data: 00 00 00 AA F1 02 A1 9D 
"
"2016-11-21 14:47:21ID: BB  Data: 00 00 00 AA 0E 26 E8 59 
"
"2016-11-21 14:47:21ID: BC  Data: 00 00 00 AA F1 D9 17 A7 
"
"2016-11-21 14:47:21ID: BB  Data: 00 00 00 AA 09 41 08 AA 
"
"2016-11-21 14:47:21ID: BC  Data: 00 00 00 AA F6 BE F7 56 
"
"2016-11-21 14:47:21ID: BB  Data: 00 00 00 AA 05 B5 31 42 
"
"2016-11-21 14:47:21ID: BC  Data: 00 00 00 AA FA 4A CE BE 
"
"2016-11-21 14:47:21ID: BB  Data: 00 00 00 AA 05 4D 40 4B 
"
"2016-11-21 14:47:21ID: BC  Data: 00 00 00 AA FA B2 BF B5 
"
"2016-11-21 14:47:22ID: BB  Data: 00 00 00 AA 04 C1 C9 20 
"
"2016-11-21 14:47:22ID: BC  Data: 00 00 00 AA FB 3E 36 E0 
"
"2016-11-21 14:47:22ID: BB  Data: 00 00 00 AA 04 15 6D 67 
"
"2016-11-21 14:47:22ID: BC  Data: 00 00 00 AA FB EA 92 99 
"
"2016-11-21 14:47:22ID: BB  Data: 00 00 00 AA 03 50 12 0D 
"
"2016-11-21 14:47:22ID: BC  Data: 00 00 00 AA FC AF ED F3 
"
"2016-11-21 14:47:22ID: BB  Data: 00 00 00 AA 03 10 EA 94 
"
"2016-11-21 14:47:22ID: BC  Data: 00 00 00 AA FC EF 15 6C 
"
"2016-11-21 14:47:22ID: BB  Data: 00 00 00 AA 02 FD 2E 3F 
"
"2016-11-21 14:47:22ID: BC  Data: 00 00 00 AA FD 02 D1 C1 
"
"2016-11-21 14:47:22ID: BB  Data: 00 00 00 AA 03 17 7E B1 
"
"2016-11-21 14:47:22ID: BC  Data: 00 00 00 AA FC E8 81 4F 
"
"2016-11-21 14:47:22ID: BB  Data: 00 00 00 AA 05 87 24 7A 
"
"2016-11-21 14:47:22ID: BC  Data: 00 00 00 AA FA 78 DB 86 
"
"2016-11-21 14:47:22ID: BB  Data: 00 00 00 AA 07 8D 88 79 
"
"2016-11-21 14:47:22ID: BC  Data: 00 00 00 AA F8 72 77 87 
"
"2016-11-21 14:47:22ID: BB  Data: 00 00 00 AA 0A 54 04 88 
"
"2016-11-21 14:47:22ID: BC  Data: 00 00 00 AA F5 AB FB 78 
"
"2016-11-21 14:47:22ID: BB  Data: 00 00 00 AA 0A 0C F8 21 
"
"2016-11-21 14:47:22ID: BC  Data: 00 00 00 AA F5 F3 07 DF 
"
"2016-11-21 14:47:22ID: BB  Data: 00 00 00 AA 08 E8 E1 92 
"
"2016-11-21 14:47:22ID: BC  Data: 00 00 00 AA F7 17 1E 6E 
"
"2016-11-21 14:47:22ID: BB  Data: 00 00 00 AA 08 9B 41 0D 
"
"2016-11-21 14:47:23ID: BC  Data: 00 00 00 AA F7 64 BE F3 
"
"2016-11-21 14:47:23ID: BB  Data: 00 00 00 AA 08 5A C8 C2 
"
"2016-11-21 14:47:23ID: BC  Data: 00 00 00 AA F7 A5 37 3E 
"
"2016-11-21 14:47:23ID: BB  Data: 00 00 00 AA 08 3B 35 06 
"
"2016-11-21 14:47:23ID: BC  Data: 00 00 00 AA F7 C4 CA FA 
"
"2016-11-21 14:47:23ID: BB  Data: 00 00 00 AA 08 5E BB 3A 
"
"2016-11-21 14:47:23ID: BC  Data: 00 00 00 AA F7 A1 44 C6 
"
"2016-11-21 14:47:23ID: BB  Data: 00 00 00 AA 08 30 AE 71 
"
"2016-11-21 14:47:23ID: BC  Data: 00 00 00 AA F7 CF 51 8F 
"
"2016-11-21 14:47:23ID: BB  Data: 00 00 00 AA 08 2A 1A 55 
"
"2016-11-21 14:47:23ID: BC  Data: 00 00 00 AA F7 D5 E5 AB 
"
"2016-11-21 14:47:23ID: BB  Data: 00 00 00 AA 08 0D 28 3D 
"
"2016-11-21 14:47:23ID: BC  Data: 00 00 00 AA F7 F2 D7 C3 
"
"2016-11-21 14:47:23ID: BB  Data: 00 00 00 AA 08 00 00 04 
"
"2016-11-21 14:47:23ID: BC  Data: 00 00 00 AA F7 FF FF FC 
"
"2016-11-21 14:47:23ID: BB  Data: 00 00 00 AA 07 E1 BD 1A 
"
"2016-11-21 14:47:23ID: BC  Data: 00 00 00 AA F8 1E 42 E6 
"
"2016-11-21 14:47:23ID: BB  Data: 00 00 00 AA 07 63 6E 29 
"
"2016-11-21 14:47:23ID: BC  Data: 00 00 00 AA F8 9C 91 D7 
"
"2016-11-21 14:47:23ID: BB  Data: 00 00 00 AA 06 62 DD CE 
"
"2016-11-21 14:47:23ID: BC  Data: 00 00 00 AA F9 9D 22 32 
"
"2016-11-21 14:47:23ID: BB  Data: 00 00 00 AA 05 4E 91 1E 
"
"2016-11-21 14:47:23ID: BC  Data: 00 00 00 AA FA B1 6E E2 
"
"2016-11-21 14:47:24ID: BB  Data: 00 00 00 AA 03 A5 97 81 
"
"2016-11-21 14:47:24ID: BC  Data: 00 00 00 AA FC 5A 68 7F 
"
"2016-11-21 14:47:24ID: BB  Data: 00 00 00 AA 03 28 99 62 
"
"2016-11-21 14:47:24ID: BC  Data: 00 00 00 AA FC D7 66 9E 
"
"2016-11-21 14:47:24ID: BB  Data: 00 00 00 AA 02 C5 EB B5 
"
"2016-11-21 14:47:24ID: BC  Data: 00 00 00 AA FD 3A 14 4B 
"
"2016-11-21 14:47:24ID: BB  Data: 00 00 00 AA 00 00 00 00 
"
"2016-11-21 14:47:24ID: BC  Data: 00 00 00 AA 00 00 00 00 
"
"2016-11-21 14:47:24ID: BB  Data: 00 00 00 AA 00 00 00 00 
"
"2016-11-21 14:47:24ID: BC  Data: 00 00 00 AA 00 00 00 00 
"
"2016-11-21 14:47:24ID: BB  Data: 00 00 00 AA 00 00 00 00 
"
"2016-11-21 14:47:24ID: BC  Data: 00 00 00 AA 00 00 00 00 
"
"2016-11-21 14:47:24ID: BB  Data: 00 00 00 AA 00 00 00 00 
"
"2016-11-21 14:47:24ID: BC  Data: 00 00 00 AA 00 00 00 00 
"
"2016-11-21 14:47:24ID: BB  Data: 00 00 00 AA 00 00 00 00 
"
"2016-11-21 14:47:24ID: BC  Data: 00 00 00 AA 00 00 00 00 
"
"2016-11-21 14:47:24ID: BB  Data: 00 00 00 AA 00 00 00 00 
"
"2016-11-21 14:47:24ID: BC  Data: 00 00 00 AA 00 00 00 00 
"
"2016-11-21 14:47:24ID: BB  Data: 00 00 00 AA 00 00 00 00 
"
"2016-11-21 14:47:24ID: BC  Data: 00 00 00 AA 00 00 00 00 
"
"2016-11-21 14:47:24ID: BB  Data: 00 00 00 AA 00 00 00 00 
"
"2016-11-21 14:47:24ID: BC  Data: 00 00 00 AA 00 00 00 00 
"
"2016-11-21 14:47:25ID: BB  Data: 00 00 00 AA 00 00 00 00 
"
"2016-11-21 14:47:25ID: BC  Data: 00 00 00 AA 00 00 00 00 
"
"2016-11-21 14:47:25ID: BB  Data: 00 00 00 AA 00 00 00 00 
"
"2016-11-21 14:47:25ID: BC  Data: 00 00 00 AA 00 00 00 00 
"
"2016-11-21 14:47:25ID: BB  Data: 00 00 00 AA 00 00 00 00 
"
"2016-11-21 14:47:25ID: BC  Data: 00 00 00 AA 00 00 00 00 
"
"2016-11-21 14:47:25ID: BB  Data: 00 00 00 AA 00 00 00 00 
"
"2016-11-21 14:47:25ID: BC  Data: 00 00 00 AA 00 00 00 00 
"
"2016-11-21 14:47:25ID: BB  Data: 00 00 00 AA 00 00 00 00 
"
"2016-11-21 14:47:25ID: BC  Data: 00 00 00 AA 00 00 00 00 
"
"2016-11-21 14:47:25ID: BB  Data: 00 00 00 AA 00 00 00 00 
"
"2016-11-21 14:47:25ID: BC  Data: 00 00 00 AA 00 00 00 00 
"
"2016-11-21 14:47:25ID: BB  Data: 00 00 00 AA 00 00 00 00 
"
"2016-11-21 14:47:25ID: BC  Data: 00 00 00 AA 00 00 00 00 
"
"2016-11-21 14:47:25ID: BB  Data: 00 00 00 AA 00 00 00 00 
"
"2016-11-21 14:47:25ID: BC  Data: 00 00 00 AA 00 00 00 00 
"
"2016-11-21 14:47:25ID: BB  Data: 00 00 00 AA 00 00 00 00 
"
"2016-11-21 14:47:25ID: BC  Data: 00 00 00 AA 00 00 00 00 
"
"2016-11-21 14:47:25ID: BB  Data: 00 00 00 AA 00 00 00 00 
"
"2016-11-21 14:47:25ID: BC  Data: 00 00 00 AA 00 00 00 00 
"
"2016-11-21 14:47:25ID: BB  Data: 00 00 00 AA 00 00 00 00 
"
"2016-11-21 14:47:25ID: BC  Data: 00 00 00 AA 00 00 00 00 
"
"2016-11-21 14:47:25ID: BB  Data: 00 00 00 AA 00 00 00 00 
"
"2016-11-21 14:47:25ID: BC  Data: 00 00 00 AA 00 00 00 00 
"
"2016-11-21 14:47:26ID: BB  Data: 00 00 00 AA 00 00 00 00 
"
"2016-11-21 14:47:26ID: BC  Data: 00 00 00 AA 00 00 00 00 
"
"2016-11-21 14:47:26ID: BB  Data: 00 00 00 AA 00 00 00 00 
"
"2016-11-21 14:47:26ID: BC  Data: 00 00 00 AA 00 00 00 00 
"
"2016-11-21 14:47:26ID: BB  Data: 00 00 00 AA 00 00 00 00 
"
"2016-11-21 14:47:26ID: BC  Data: 00 00 00 AA 00 00 00 00 
"
"2016-11-21 14:47:26ID: BB  Data: 00 00 00 AA 00 00 00 00 
"
"2016-11-21 14:47:26ID: BC  Data: 00 00 00 AA 00 00 00 00 
"
"2016-11-21 14:47:26ID: BB  Data: 00 00 00 AA 00 00 00 00 
"
"2016-11-21 14:47:26ID: BC  Data: 00 00 00 AA 00 00 00 00 
"
"2016-11-21 14:47:26ID: BB  Data: 00 00 00 AA 00 00 00 00 
"
"2016-11-21 14:47:26ID: BC  Data: 00 00 00 AA 00 00 00 00 
"
"2016-11-21 14:47:26ID: BB  Data: 00 00 00 AA 00 00 00 00 
"
"2016-11-21 14:47:26ID: BC  Data: 00 00 00 AA 00 00 00 00 
"
"2016-11-21 14:47:26ID: BB  Data: 00 00 00 AA 00 00 00 00 
"
"2016-11-21 14:47:26ID: BC  Data: 00 00 00 AA 00 00 00 00 
"
"2016-11-21 14:47:26ID: BB  Data: 00 00 00 AA 00 00 00 00 
"
"2016-11-21 14:47:26ID: BC  Data: 00 00 00 AA 00 00 00 00 
"
"2016-11-21 14:47:26ID: BB  Data: 00 00 00 AA 00 00 00 00 
"
"2016-11-21 14:47:26ID: BC  Data: 00 00 00 AA 00 00 00 00 
"
"2016-11-21 14:47:26ID: BB  Data: 00 00 00 AA 00 00 00 00 
"
"2016-11-21 14:47:26ID: BC  Data: 00 00 00 AA 00 00 00 00 
"
"2016-11-21 14:47:27ID: BB  Data: 00 00 00 AA 00 00 00 00 
"
"2016-11-21 14:47:27ID: BC  Data: 00 00 00 AA 00 00 00 00 
"
"2016-11-21 14:47:27ID: BB  Data: 00 00 00 AA 00 00 00 00 
"
"2016-11-21 14:47:27ID: BC  Data: 00 00 00 AA 00 00 00 00 
"
"2016-11-21 14:47:27ID: BB  Data: 00 00 00 AA 00 00 00 00 
"
"2016-11-21 14:47:27ID: BC  Data: 00 00 00 AA 00 00 00 00 
"
"2016-11-21 14:47:27ID: BB  Data: 00 00 00 AA 00 00 00 00 
"
"2016-11-21 14:47:27ID: BC  Data: 00 00 00 AA 00 00 00 00 
"
"2016-11-21 14:47:27ID: BB  Data: 00 00 00 AA 00 00 00 00 
"
"2016-11-21 14:47:27ID: BC  Data: 00 00 00 AA 00 00 00 00 
"
"2016-11-21 14:47:27ID: BB  Data: 00 00 00 AA 00 00 00 00 
"
"2016-11-21 14:47:27ID: BC  Data: 00 00 00 AA 00 00 00 00 
"
"2016-11-21 14:47:27ID: BB  Data: 00 00 00 AA 00 00 00 00 
"
"2016-11-21 14:47:27ID: BC  Data: 00 00 00 AA 00 00 00 00 
"
"2016-11-21 14:47:27ID: BB  Data: 00 00 00 AA 00 00 00 00 
"
"2016-11-21 14:47:27ID: BC  Data: 00 00 00 AA 00 00 00 00 
"
"2016-11-21 14:47:27ID: BB  Data: 00 00 00 AA 00 00 00 00 
"
"2016-11-21 14:47:27ID: BC  Data: 00 00 00 AA 00 00 00 00 
"
"2016-11-21 14:47:27ID: BB  Data: 00 00 00 AA 00 00 00 00 
"
"2016-11-21 14:47:27ID: BC  Data: 00 00 00 AA 00 00 00 00 
"
"2016-11-21 14:47:27ID: BB  Data: 00 00 00 AA 00 00 00 00 
"
"2016-11-21 14:47:27ID: BC  Data: 00 00 00 AA 00 00 00 00 
"
"2016-11-21 14:47:28ID: BB  Data: 00 00 00 AA 00 00 00 00 
"
"2016-11-21 14:47:28ID: BC  Data: 00 00 00 AA 00 00 00 00 
"
"2016-11-21 14:47:28ID: BB  Data: 00 00 00 AA 00 00 00 00 
"
"2016-11-21 14:47:28ID: BC  Data: 00 00 00 AA 00 00 00 00 
"
"2016-11-21 14:47:28ID: BB  Data: 00 00 00 AA 00 00 00 00 
"
"2016-11-21 14:47:28ID: BC  Data: 00 00 00 AA 00 00 00 00 
"
"2016-11-21 14:47:28ID: BB  Data: 00 00 00 AA 00 00 00 00 
"
"2016-11-21 14:47:28ID: BC  Data: 00 00 00 AA 00 00 00 00 
"
"2016-11-21 14:47:28ID: BB  Data: 00 00 00 AA 00 00 00 00 
"
"2016-11-21 14:47:28ID: BC  Data: 00 00 00 AA 00 00 00 00 
"
"2016-11-21 14:47:28ID: BB  Data: 00 00 00 AA 00 00 00 00 
"
"2016-11-21 14:47:28ID: BC  Data: 00 00 00 AA 00 00 00 00 
"
"2016-11-21 14:47:28ID: BB  Data: 00 00 00 AA 00 00 00 00 
"
"2016-11-21 14:47:28ID: BC  Data: 00 00 00 AA 00 00 00 00 
"
"2016-11-21 14:47:28ID: BB  Data: 00 00 00 AA 00 00 00 00 
"
"2016-11-21 14:47:28ID: BC  Data: 00 00 00 AA 00 00 00 00 
"
"2016-11-21 14:47:28ID: BB  Data: 00 00 00 AA 00 00 00 00 
"
"2016-11-21 14:47:28ID: BC  Data: 00 00 00 AA 00 00 00 00 
"
"2016-11-21 14:47:28ID: BB  Data: 00 00 00 AA 00 00 00 00 
"
"2016-11-21 14:47:28ID: BC  Data: 00 00 00 AA 00 00 00 00 
"
"2016-11-21 14:47:28ID: BB  Data: 00 00 00 AA 00 00 00 00 
"
"2016-11-21 14:47:28ID: BC  Data: 00 00 00 AA 00 00 00 00 
"
"2016-11-21 14:47:28ID: BB  Data: 00 00 00 AA 00 00 00 00 
"
"2016-11-21 14:47:28ID: BC  Data: 00 00 00 AA 00 00 00 00 
"
"2016-11-21 14:47:29ID: BB  Data: 00 00 00 AA 00 00 00 00 
"
"2016-11-21 14:47:29ID: BC  Data: 00 00 00 AA 00 00 00 00 
"
"2016-11-21 14:47:29ID: BB  Data: 00 00 00 AA 00 00 00 00 
"
"2016-11-21 14:47:29ID: BC  Data: 00 00 00 AA 00 00 00 00 
"
"2016-11-21 14:47:29ID: BB  Data: 00 00 00 AA 00 00 00 00 
"
"2016-11-21 14:47:29ID: BC  Data: 00 00 00 AA 00 00 00 00 
"
"2016-11-21 14:47:29ID: BB  Data: 00 00 00 AA 00 00 00 00 
"
"2016-11-21 14:47:29ID: BC  Data: 00 00 00 AA 00 00 00 00 
"
"2016-11-21 14:47:29ID: BB  Data: 00 00 00 AA 00 00 00 00 
"
"2016-11-21 14:47:29ID: BC  Data: 00 00 00 AA 00 00 00 00 
"
"2016-11-21 14:47:29ID: BB  Data: 00 00 00 AA 01 97 4E 92 
"
"2016-11-21 14:47:29ID: BC  Data: 00 00 00 AA FE 68 B1 6E 
"
"2016-11-21 14:47:29ID: BB  Data: 00 00 00 AA 02 4C E0 0D 
"
"2016-11-21 14:47:29ID: BC  Data: 00 00 00 AA FD B4 70 C5 
"
"2016-11-21 14:47:29ID: BB  Data: 00 00 00 AA 03 1E 12 CD 
"
"2016-11-21 14:47:29ID: BC  Data: 00 00 00 AA FC E1 ED 33 
"
"2016-11-21 14:47:29ID: BB  Data: 00 00 00 AA 04 83 F2 7A 
"
"2016-11-21 14:47:29ID: BC  Data: 00 00 00 AA FB 7C 0D 86 
"
"2016-11-21 14:47:29ID: BB  Data: 00 00 00 AA 04 93 BC 58 
"
"2016-11-21 14:47:29ID: BC  Data: 00 00 00 AA FB 6C 43 A8 
"
"2016-11-21 14:47:29ID: BB  Data: 00 00 00 AA 04 AE 0C CB 
"
"2016-11-21 14:47:29ID: BC  Data: 00 00 00 AA FB 51 F3 35 
"
"2016-11-21 14:47:30ID: BB  Data: 00 00 00 AA 04 AF 5D 9D 
"
"2016-11-21 14:47:30ID: BC  Data: 00 00 00 AA FB 50 A2 63 
"
"2016-11-21 14:47:30ID: BB  Data: 00 00 00 AA 04 83 F2 7A 
"
"2016-11-21 14:47:30ID: BC  Data: 00 00 00 AA FB 7C 0D 86 
"
"2016-11-21 14:47:30ID: BB  Data: 00 00 00 AA 04 7D 5E 5D 
"
"2016-11-21 14:47:30ID: BC  Data: 00 00 00 AA FB 82 A1 A3 
"
"2016-11-21 14:47:30ID: BB  Data: 00 00 00 AA 04 6C 43 AD 
"
"2016-11-21 14:47:30ID: BC  Data: 00 00 00 AA FB 93 BC 53 
"
"2016-11-21 14:47:30ID: BB  Data: 00 00 00 AA 04 B1 FF 42 
"
"2016-11-21 14:47:30ID: BC  Data: 00 00 00 AA FB 4E 00 BE 
"
"2016-11-21 14:47:30ID: BB  Data: 00 00 00 AA 05 45 5B 5C 
"
"2016-11-21 14:47:30ID: BC  Data: 00 00 00 AA FA BA A4 A4 
"
"2016-11-21 14:47:30ID: BB  Data: 00 00 00 AA 08 11 1A B5 
"
"2016-11-21 14:47:30ID: BC  Data: 00 00 00 AA F7 EE E5 4B 
"
"2016-11-21 14:47:30ID: BB  Data: 00 00 00 AA 0A E0 CC 86 
"
"2016-11-21 14:47:30ID: BC  Data: 00 00 00 AA F5 1F 33 7A 
"
"2016-11-21 14:47:30ID: BB  Data: 00 00 00 AA 0A 66 70 0C 
"
"2016-11-21 14:47:30ID: BC  Data: 00 00 00 AA F5 99 8F F4 
"
"2016-11-21 14:47:30ID: BB  Data: 00 00 00 AA 0A 31 CF 27 
"
"2016-11-21 14:47:30ID: BC  Data: 00 00 00 AA F5 CE 30 D9 
"
"2016-11-21 14:47:30ID: BB  Data: 00 00 00 AA 09 5D FA C2 
"
"2016-11-21 14:47:30ID: BC  Data: 00 00 00 AA F6 A2 05 3E 
"
"2016-11-21 14:47:30ID: BB  Data: 00 00 00 AA 07 BE 36 E6 
"
"2016-11-21 14:47:31ID: BC  Data: 00 00 00 AA F8 41 C9 1A 
"
"2016-11-21 14:47:31ID: BB  Data: 00 00 00 AA 06 E1 2C C0 
"
"2016-11-21 14:47:31ID: BC  Data: 00 00 00 AA F9 1E D3 40 
"
"2016-11-21 14:47:31ID: BB  Data: 00 00 00 AA 06 06 C4 3E 
"
"2016-11-21 14:47:31ID: BC  Data: 00 00 00 AA F9 F9 3B C2 
"
"2016-11-21 14:47:31ID: BB  Data: 00 00 00 AA 04 25 37 45 
"
"2016-11-21 14:47:31ID: BC  Data: 00 00 00 AA FB DA C8 BB 
"
"2016-11-21 14:47:31ID: BB  Data: 00 00 00 AA 04 C8 5D 3D 
"
"2016-11-21 14:47:31ID: BC  Data: 00 00 00 AA FB 37 A2 C3 
"
"2016-11-21 14:47:31ID: BB  Data: 00 00 00 AA 02 E2 DD CC 
"
"2016-11-21 14:47:31ID: BC  Data: 00 00 00 AA FD 1D 22 34 
"
"2016-11-21 14:47:31ID: BB  Data: 00 00 00 AA 00 00 00 00 
"
"2016-11-21 14:47:31ID: BC  Data: 00 00 00 AA 00 00 00 00 
"
"2016-11-21 14:47:31ID: BB  Data: 00 00 00 AA 00 00 00 00 
"
"2016-11-21 14:47:31ID: BC  Data: 00 00 00 AA 00 00 00 00 
"
"2016-11-21 14:47:31ID: BB  Data: 00 00 00 AA 00 00 00 00 
"
"2016-11-21 14:47:31ID: BC  Data: 00 00 00 AA 00 00 00 00 
"
"2016-11-21 14:47:31ID: BB  Data: 00 00 00 AA 00 00 00 00 
"
"2016-11-21 14:47:31ID: BC  Data: 00 00 00 AA 00 00 00 00 
"
"2016-11-21 14:47:31ID: BB  Data: 00 00 00 AA 00 00 00 00 
"
"2016-11-21 14:47:31ID: BC  Data: 00 00 00 AA 00 00 00 00 
"
"2016-11-21 14:47:31ID: BB  Data: 00 00 00 AA 00 00 00 00 
"
"2016-11-21 14:47:31ID: BC  Data: 00 00 00 AA 00 00 00 00 
"
"2016-11-21 14:47:32ID: BB  Data: 00 00 00 AA 00 00 00 00 
"
"2016-11-21 14:47:32ID: BC  Data: 00 00 00 AA 00 00 00 00 
"
"2016-11-21 14:47:32ID: BB  Data: 00 00 00 AA 00 00 00 00 
"
"2016-11-21 14:47:32ID: BC  Data: 00 00 00 AA 00 00 00 00 
"
"2016-11-21 14:47:32ID: BB  Data: 00 00 00 AA 00 00 00 00 
"
"2016-11-21 14:47:32ID: BC  Data: 00 00 00 AA 00 00 00 00 
"
"2016-11-21 14:47:32ID: BB  Data: 00 00 00 AA 00 00 00 00 
"
"2016-11-21 14:47:32ID: BC  Data: 00 00 00 AA 00 00 00 00 
"
"2016-11-21 14:47:32ID: BB  Data: 00 00 00 AA 00 00 00 00 
"
"2016-11-21 14:47:32ID: BC  Data: 00 00 00 AA 00 00 00 00 
"
"2016-11-21 14:47:32ID: BB  Data: 00 00 00 AA 00 00 00 00 
"
"2016-11-21 14:47:32ID: BC  Data: 00 00 00 AA 00 00 00 00 
"
"2016-11-21 14:47:32ID: BB  Data: 00 00 00 AA 00 00 00 00 
"
"2016-11-21 14:47:32ID: BC  Data: 00 00 00 AA 00 00 00 00 
"
"2016-11-21 14:47:32ID: BB  Data: 00 00 00 AA 00 00 00 00 
"
"2016-11-21 14:47:32ID: BC  Data: 00 00 00 AA 00 00 00 00 
"
"2016-11-21 14:47:32ID: BB  Data: 00 00 00 AA 00 00 00 00 
"
"2016-11-21 14:47:32ID: BC  Data: 00 00 00 AA 00 00 00 00 
"
"2016-11-21 14:47:32ID: BB  Data: 00 00 00 AA 00 00 00 00 
"
"2016-11-21 14:47:32ID: BC  Data: 00 00 00 AA 00 00 00 00 
"
"2016-11-21 14:47:32ID: BB  Data: 00 00 00 AA 00 00 00 00 
"
"2016-11-21 14:47:32ID: BC  Data: 00 00 00 AA 00 00 00 00 
"
"2016-11-21 14:47:33ID: BB  Data: 00 00 00 AA 00 00 00 00 
"
"2016-11-21 14:47:33ID: BC  Data: 00 00 00 AA 00 00 00 00 
"
"2016-11-21 14:47:33ID: BB  Data: 00 00 00 AA 00 00 00 00 
"
"2016-11-21 14:47:33ID: BC  Data: 00 00 00 AA 00 00 00 00 
"
"2016-11-21 14:47:33ID: BB  Data: 00 00 00 AA 00 00 00 00 
"
"2016-11-21 14:47:33ID: BC  Data: 00 00 00 AA 00 00 00 00 
"
"2016-11-21 14:47:33ID: BB  Data: 00 00 00 AA 00 00 00 00 
"
"2016-11-21 14:47:33ID: BC  Data: 00 00 00 AA 00 00 00 00 
"
"2016-11-21 14:47:33ID: BB  Data: 00 00 00 AA 00 00 00 00 
"
"2016-11-21 14:47:33ID: BC  Data: 00 00 00 AA 00 00 00 00 
"
"2016-11-21 14:47:33ID: BB  Data: 00 00 00 AA 00 00 00 00 
"
"2016-11-21 14:47:33ID: BC  Data: 00 00 00 AA 00 00 00 00 
"
"2016-11-21 14:47:33ID: BB  Data: 00 00 00 AA 00 00 00 00 
"
"2016-11-21 14:47:33ID: BC  Data: 00 00 00 AA 00 00 00 00 
"
"2016-11-21 14:47:33ID: BB  Data: 00 00 00 AA 00 00 00 00 
"
"2016-11-21 14:47:33ID: BC  Data: 00 00 00 AA 00 00 00 00 
"
"2016-11-21 14:47:33ID: BB  Data: 00 00 00 AA 00 00 00 00 
"
"2016-11-21 14:47:33ID: BC  Data: 00 00 00 AA 00 00 00 00 
"
"2016-11-21 14:47:33ID: BB  Data: 00 00 00 AA 00 00 00 00 
"
"2016-11-21 14:47:33ID: BC  Data: 00 00 00 AA 00 00 00 00 
"
"2016-11-21 14:47:33ID: BB  Data: 00 00 00 AA 00 00 00 00 
"
"2016-11-21 14:47:33ID: BC  Data: 00 00 00 AA 00 00 00 00 
"
"2016-11-21 14:47:33ID: BB  Data: 00 00 00 AA 00 00 00 00 
"
"2016-11-21 14:47:33ID: BC  Data: 00 00 00 AA 00 00 00 00 
"
"2016-11-21 14:47:34ID: BB  Data: 00 00 00 AA 00 00 00 00 
"
"2016-11-21 14:47:34ID: BC  Data: 00 00 00 AA 00 00 00 00 
"
"2016-11-21 14:47:34ID: BB  Data: 00 00 00 AA 00 00 00 00 
"
"2016-11-21 14:47:34ID: BC  Data: 00 00 00 AA 00 00 00 00 
"
"2016-11-21 14:47:34ID: BB  Data: 00 00 00 AA 00 00 00 00 
"
"2016-11-21 14:47:34ID: BC  Data: 00 00 00 AA 00 00 00 00 
"
"2016-11-21 14:47:34ID: BB  Data: 00 00 00 AA 04 5D CA A1 
"
"2016-11-21 14:47:34ID: BC  Data: 00 00 00 AA FB A2 35 5F 
"
"2016-11-21 14:47:34ID: BB  Data: 00 00 00 AA 0D 26 57 FE 
"
"2016-11-21 14:47:34ID: BC  Data: 00 00 00 AA F2 D9 A8 02 
"
"2016-11-21 14:47:34ID: BB  Data: 00 00 00 AA 0E E9 A2 0D 
"
"2016-11-21 14:47:34ID: BC  Data: 00 00 00 AA F1 16 5D F3 
"
"2016-11-21 14:47:34ID: BB  Data: 00 00 00 AA 0E F6 CA 46 
"
"2016-11-21 14:47:34ID: BC  Data: 00 00 00 AA F1 09 35 BA 
"
"2016-11-21 14:47:34ID: BB  Data: 00 00 00 AA 0E F8 1B 19 
"
"2016-11-21 14:47:34ID: BC  Data: 00 00 00 AA F1 07 E4 E7 
"
"2016-11-21 14:47:34ID: BB  Data: 00 00 00 AA 0E F9 6B EC 
"
"2016-11-21 14:47:34ID: BC  Data: 00 00 00 AA F1 06 94 14 
"
"2016-11-21 14:47:34ID: BB  Data: 00 00 00 AA 0E FA BC BE 
"
"2016-11-21 14:47:34ID: BC  Data: 00 00 00 AA F1 05 43 42 
"
"2016-11-21 14:47:34ID: BB  Data: 00 00 00 AA 0E FA BC BE 
"
"2016-11-21 14:47:34ID: BC  Data: 00 00 00 AA F1 05 43 42 
"
"2016-11-21 14:47:35ID: BB  Data: 00 00 00 AA 0E FA BC BE 
"
"2016-11-21 14:47:35ID: BC  Data: 00 00 00 AA F1 05 43 42 
"
"2016-11-21 14:47:35ID: BB  Data: 00 00 00 AA 0E FC 0D 91 
"
"2016-11-21 14:47:35ID: BC  Data: 00 00 00 AA F1 03 F2 6F 
"
"2016-11-21 14:47:35ID: BB  Data: 00 00 00 AA 0E FC 0D 91 
"
"2016-11-21 14:47:35ID: BC  Data: 00 00 00 AA F1 03 F2 6F 
"
"2016-11-21 14:47:35ID: BB  Data: 00 00 00 AA 0E FA BC BE 
"
"2016-11-21 14:47:35ID: BC  Data: 00 00 00 AA F1 05 43 42 
"
"2016-11-21 14:47:35ID: BB  Data: 00 00 00 AA 0E FA BC BE 
"
"2016-11-21 14:47:35ID: BC  Data: 00 00 00 AA F1 05 43 42 
"
"2016-11-21 14:47:35ID: BB  Data: 00 00 00 AA 0E FA BC BE 
"
"2016-11-21 14:47:35ID: BC  Data: 00 00 00 AA F1 05 43 42 
"
"2016-11-21 14:47:35ID: BB  Data: 00 00 00 AA 0E FA BC BE 
"
"2016-11-21 14:47:35ID: BC  Data: 00 00 00 AA F1 05 43 42 
"
"2016-11-21 14:47:35ID: BB  Data: 00 00 00 AA 0E FC 0D 91 
"
"2016-11-21 14:47:35ID: BC  Data: 00 00 00 AA F1 03 F2 6F 
"
"2016-11-21 14:47:35ID: BB  Data: 00 00 00 AA 0E FA BC BE 
"
"2016-11-21 14:47:35ID: BC  Data: 00 00 00 AA F1 05 43 42 
"
"2016-11-21 14:47:35ID: BB  Data: 00 00 00 AA 0E FA BC BE 
"
"2016-11-21 14:47:35ID: BC  Data: 00 00 00 AA F1 05 43 42 
"
"2016-11-21 14:47:35ID: BB  Data: 00 00 00 AA 0E FC 0D 91 
"
"2016-11-21 14:47:35ID: BC  Data: 00 00 00 AA F1 03 F2 6F 
"
"2016-11-21 14:47:36ID: BB  Data: 00 00 00 AA 0E FA BC BE 
"
"2016-11-21 14:47:36ID: BC  Data: 00 00 00 AA F1 05 43 42 
"
"2016-11-21 14:47:36ID: BB  Data: 00 00 00 AA 0E FC 0D 91 
"
"2016-11-21 14:47:36ID: BC  Data: 00 00 00 AA F1 03 F2 6F 
"
"2016-11-21 14:47:36ID: BB  Data: 00 00 00 AA 0E FD 5E 63 
"
"2016-11-21 14:47:36ID: BC  Data: 00 00 00 AA F1 02 A1 9D 
"
"2016-11-21 14:47:36ID: BB  Data: 00 00 00 AA 0E FE AF 36 
"
"2016-11-21 14:47:36ID: BC  Data: 00 00 00 AA F1 01 50 CA 
"
"2016-11-21 14:47:36ID: BB  Data: 00 00 00 AA 0E FD 5E 63 
"
"2016-11-21 14:47:36ID: BC  Data: 00 00 00 AA F1 02 A1 9D 
"
"2016-11-21 14:47:36ID: BB  Data: 00 00 00 AA 0E FC 0D 91 
"
"2016-11-21 14:47:36ID: BC  Data: 00 00 00 AA F1 03 F2 6F 
"
"2016-11-21 14:47:36ID: BB  Data: 00 00 00 AA 0E FD 5E 63 
"
"2016-11-21 14:47:36ID: BC  Data: 00 00 00 AA F1 02 A1 9D 
"
"2016-11-21 14:47:36ID: BB  Data: 00 00 00 AA 0E FA BC BE 
"
"2016-11-21 14:47:36ID: BC  Data: 00 00 00 AA F1 05 43 42 
"
"2016-11-21 14:47:36ID: BB  Data: 00 00 00 AA 0E FD 5E 63 
"
"2016-11-21 14:47:36ID: BC  Data: 00 00 00 AA F1 02 A1 9D 
"
"2016-11-21 14:47:36ID: BB  Data: 00 00 00 AA 0E FC 0D 91 
"
"2016-11-21 14:47:36ID: BC  Data: 00 00 00 AA F1 03 F2 6F 
"
"2016-11-21 14:47:36ID: BB  Data: 00 00 00 AA 0E FC 0D 91 
"
"2016-11-21 14:47:36ID: BC  Data: 00 00 00 AA F1 03 F2 6F 
"
"2016-11-21 14:47:36ID: BB  Data: 00 00 00 AA 0E FE AF 36 
"
"2016-11-21 14:47:36ID: BC  Data: 00 00 00 AA F1 01 50 CA 
"
"2016-11-21 14:47:37ID: BB  Data: 00 00 00 AA 0E FA BC BE 
"
"2016-11-21 14:47:37ID: BC  Data: 00 00 00 AA F1 05 43 42 
"
"2016-11-21 14:47:37ID: BB  Data: 00 00 00 AA 0E FD 5E 63 
"
"2016-11-21 14:47:37ID: BC  Data: 00 00 00 AA F1 02 A1 9D 
"
"2016-11-21 14:47:37ID: BB  Data: 00 00 00 AA 0E FA BC BE 
"
"2016-11-21 14:47:37ID: BC  Data: 00 00 00 AA F1 05 43 42 
"
"2016-11-21 14:47:37ID: BB  Data: 00 00 00 AA 0E FD 5E 63 
"
"2016-11-21 14:47:37ID: BC  Data: 00 00 00 AA F1 02 A1 9D 
"
"2016-11-21 14:47:37ID: BB  Data: 00 00 00 AA 0E FD 5E 63 
"
"2016-11-21 14:47:37ID: BC  Data: 00 00 00 AA F1 02 A1 9D 
"
"2016-11-21 14:47:37ID: BB  Data: 00 00 00 AA 0E FD 5E 63 
"
"2016-11-21 14:47:37ID: BC  Data: 00 00 00 AA F1 02 A1 9D 
"
"2016-11-21 14:47:37ID: BB  Data: 00 00 00 AA 0E FA BC BE 
"
"2016-11-21 14:47:37ID: BC  Data: 00 00 00 AA F1 05 43 42 
"
"2016-11-21 14:47:37ID: BB  Data: 00 00 00 AA 0E FD 5E 63 
"
"2016-11-21 14:47:37ID: BC  Data: 00 00 00 AA F1 02 A1 9D 
"
"2016-11-21 14:47:37ID: BB  Data: 00 00 00 AA 0E FD 5E 63 
"
"2016-11-21 14:47:37ID: BC  Data: 00 00 00 AA F1 02 A1 9D 
"
"2016-11-21 14:47:37ID: BB  Data: 00 00 00 AA 0E FC 0D 91 
"
"2016-11-21 14:47:37ID: BC  Data: 00 00 00 AA F1 03 F2 6F 
"
"2016-11-21 14:47:37ID: BB  Data: 00 00 00 AA 0E FD 5E 63 
"
"2016-11-21 14:47:37ID: BC  Data: 00 00 00 AA F1 02 A1 9D 
"
"2016-11-21 14:47:38ID: BB  Data: 00 00 00 AA 0E FA BC BE 
"
"2016-11-21 14:47:38ID: BC  Data: 00 00 00 AA F1 05 43 42 
"
"2016-11-21 14:47:38ID: BB  Data: 00 00 00 AA 0E FC 0D 91 
"
"2016-11-21 14:47:38ID: BC  Data: 00 00 00 AA F1 03 F2 6F 
"
"2016-11-21 14:47:38ID: BB  Data: 00 00 00 AA 0E FC 0D 91 
"
"2016-11-21 14:47:38ID: BC  Data: 00 00 00 AA F1 03 F2 6F 
"
"2016-11-21 14:47:38ID: BB  Data: 00 00 00 AA 0E FC 0D 91 
"
"2016-11-21 14:47:38ID: BC  Data: 00 00 00 AA F1 03 F2 6F 
"
"2016-11-21 14:47:38ID: BB  Data: 00 00 00 AA 0E FC 0D 91 
"
"2016-11-21 14:47:38ID: BC  Data: 00 00 00 AA F1 03 F2 6F 
"
"2016-11-21 14:47:38ID: BB  Data: 00 00 00 AA 0E FC 0D 91 
"
"2016-11-21 14:47:38ID: BC  Data: 00 00 00 AA F1 03 F2 6F 
"
"2016-11-21 14:47:38ID: BB  Data: 00 00 00 AA 0E FC 0D 91 
"
"2016-11-21 14:47:38ID: BC  Data: 00 00 00 AA F1 03 F2 6F 
"
"2016-11-21 14:47:38ID: BB  Data: 00 00 00 AA 0E FE AF 36 
"
"2016-11-21 14:47:38ID: BC  Data: 00 00 00 AA F1 01 50 CA 
"
"2016-11-21 14:47:38ID: BB  Data: 00 00 00 AA 0E FC 0D 91 
"
"2016-11-21 14:47:38ID: BC  Data: 00 00 00 AA F1 03 F2 6F 
"
"2016-11-21 14:47:38ID: BB  Data: 00 00 00 AA 0E FC 0D 91 
"
"2016-11-21 14:47:38ID: BC  Data: 00 00 00 AA F1 03 F2 6F 
"
"2016-11-21 14:47:38ID: BB  Data: 00 00 00 AA 0E FD 5E 63 
"
"2016-11-21 14:47:38ID: BC  Data: 00 00 00 AA F1 02 A1 9D 
"
"2016-11-21 14:47:39ID: BB  Data: 00 00 00 AA 0E FC 0D 91 
"
"2016-11-21 14:47:39ID: BC  Data: 00 00 00 AA F1 03 F2 6F 
"
"2016-11-21 14:47:39ID: BB  Data: 00 00 00 AA 0E FE AF 36 
"
"2016-11-21 14:47:39ID: BC  Data: 00 00 00 AA F1 01 50 CA 
"
"2016-11-21 14:47:39ID: BB  Data: 00 00 00 AA 0E FA BC BE 
"
"2016-11-21 14:47:39ID: BC  Data: 00 00 00 AA F1 05 43 42 
"
"2016-11-21 14:47:39ID: BB  Data: 00 00 00 AA 0E FA BC BE 
"
"2016-11-21 14:47:39ID: BC  Data: 00 00 00 AA F1 05 43 42 
"
"2016-11-21 14:47:39ID: BB  Data: 00 00 00 AA 0E FE AF 36 
"
"2016-11-21 14:47:39ID: BC  Data: 00 00 00 AA F1 01 50 CA 
"
"2016-11-21 14:47:39ID: BB  Data: 00 00 00 AA 0E FC 0D 91 
"
"2016-11-21 14:47:39ID: BC  Data: 00 00 00 AA F1 03 F2 6F 
"
"2016-11-21 14:47:39ID: BB  Data: 00 00 00 AA 0E FC 0D 91 
"
"2016-11-21 14:47:39ID: BC  Data: 00 00 00 AA F1 03 F2 6F 
"
"2016-11-21 14:47:39ID: BB  Data: 00 00 00 AA 0E FC 0D 91 
"
"2016-11-21 14:47:39ID: BC  Data: 00 00 00 AA F1 03 F2 6F 
"
"2016-11-21 14:47:39ID: BB  Data: 00 00 00 AA 0E FD 5E 63 
"
"2016-11-21 14:47:39ID: BC  Data: 00 00 00 AA F1 02 A1 9D 
"
"2016-11-21 14:47:39ID: BB  Data: 00 00 00 AA 0E FA BC BE 
"
"2016-11-21 14:47:39ID: BC  Data: 00 00 00 AA F1 05 43 42 
"
"2016-11-21 14:47:39ID: BB  Data: 00 00 00 AA 0E FD 5E 63 
"
"2016-11-21 14:47:39ID: BC  Data: 00 00 00 AA F1 02 A1 9D 
"
"2016-11-21 14:47:39ID: BB  Data: 00 00 00 AA 0E FC 0D 91 
"
"2016-11-21 14:47:39ID: BC  Data: 00 00 00 AA F1 03 F2 6F 
"
"2016-11-21 14:47:40ID: BB  Data: 00 00 00 AA 0E FC 0D 91 
"
"2016-11-21 14:47:40ID: BC  Data: 00 00 00 AA F1 03 F2 6F 
"
"2016-11-21 14:47:40ID: BB  Data: 00 00 00 AA 0E FC 0D 91 
"
"2016-11-21 14:47:40ID: BC  Data: 00 00 00 AA F1 03 F2 6F 
"
"2016-11-21 14:47:40ID: BB  Data: 00 00 00 AA 0E FC 0D 91 
"
"2016-11-21 14:47:40ID: BC  Data: 00 00 00 AA F1 03 F2 6F 
"
"2016-11-21 14:47:40ID: BB  Data: 00 00 00 AA 0E FC 0D 91 
"
"2016-11-21 14:47:40ID: BC  Data: 00 00 00 AA F1 03 F2 6F 
"
"2016-11-21 14:47:40ID: BB  Data: 00 00 00 AA 0E FA BC BE 
"
"2016-11-21 14:47:40ID: BC  Data: 00 00 00 AA F1 05 43 42 
"
"2016-11-21 14:47:40ID: BB  Data: 00 00 00 AA 0E FD 5E 63 
"
"2016-11-21 14:47:40ID: BC  Data: 00 00 00 AA F1 02 A1 9D 
"
"2016-11-21 14:47:40ID: BB  Data: 00 00 00 AA 0E FC 0D 91 
"
"2016-11-21 14:47:40ID: BC  Data: 00 00 00 AA F1 03 F2 6F 
"
"2016-11-21 14:47:40ID: BB  Data: 00 00 00 AA 0E FA BC BE 
"
"2016-11-21 14:47:40ID: BC  Data: 00 00 00 AA F1 05 43 42 
"
"2016-11-21 14:47:40ID: BB  Data: 00 00 00 AA 0E FE AF 36 
"
"2016-11-21 14:47:40ID: BC  Data: 00 00 00 AA F1 01 50 CA 
"
"2016-11-21 14:47:40ID: BB  Data: 00 00 00 AA 0E FD 5E 63 
"
"2016-11-21 14:47:40ID: BC  Data: 00 00 00 AA F1 02 A1 9D 
"
"2016-11-21 14:47:40ID: BB  Data: 00 00 00 AA 0E FC 0D 91 
"
"2016-11-21 14:47:40ID: BC  Data: 00 00 00 AA F1 03 F2 6F 
"
"2016-11-21 14:47:41ID: BB  Data: 00 00 00 AA 0E FD 5E 63 
"
"2016-11-21 14:47:41ID: BC  Data: 00 00 00 AA F1 02 A1 9D 
"
"2016-11-21 14:47:41ID: BB  Data: 00 00 00 AA 0E FC 0D 91 
"
"2016-11-21 14:47:41ID: BC  Data: 00 00 00 AA F1 03 F2 6F 
"
"2016-11-21 14:47:41ID: BB  Data: 00 00 00 AA 0E FD 5E 63 
"
"2016-11-21 14:47:41ID: BC  Data: 00 00 00 AA F1 02 A1 9D 
"
"2016-11-21 14:47:41ID: BB  Data: 00 00 00 AA 0E FD 5E 63 
"
"2016-11-21 14:47:41ID: BC  Data: 00 00 00 AA F1 02 A1 9D 
"
"2016-11-21 14:47:41ID: BB  Data: 00 00 00 AA 0E FC 0D 91 
"
"2016-11-21 14:47:41ID: BC  Data: 00 00 00 AA F1 03 F2 6F 
"
"2016-11-21 14:47:41ID: BB  Data: 00 00 00 AA 0E FA BC BE 
"
"2016-11-21 14:47:41ID: BC  Data: 00 00 00 AA F1 05 43 42 
"
"2016-11-21 14:47:41ID: BB  Data: 00 00 00 AA 0E FD 5E 63 
"
"2016-11-21 14:47:41ID: BC  Data: 00 00 00 AA F1 02 A1 9D 
"
"2016-11-21 14:47:41ID: BB  Data: 00 00 00 AA 0E EC 43 B2 
"
"2016-11-21 14:47:41ID: BC  Data: 00 00 00 AA F1 13 BC 4E 
"
"2016-11-21 14:47:41ID: BB  Data: 00 00 00 AA 0E C6 1B D9 
"
"2016-11-21 14:47:41ID: BC  Data: 00 00 00 AA F1 39 E4 27 
"
"2016-11-21 14:47:41ID: BB  Data: 00 00 00 AA 0E FC 0D 91 
"
"2016-11-21 14:47:41ID: BC  Data: 00 00 00 AA F1 03 F2 6F 
"
"2016-11-21 14:47:41ID: BB  Data: 00 00 00 AA 0E FA BC BE 
"
"2016-11-21 14:47:41ID: BC  Data: 00 00 00 AA F1 05 43 42 
"
"2016-11-21 14:47:41ID: BB  Data: 00 00 00 AA 0E FC 0D 91 
"
"2016-11-21 14:47:41ID: BC  Data: 00 00 00 AA F1 03 F2 6F 
"
"2016-11-21 14:47:42ID: BB  Data: 00 00 00 AA 0E FC 0D 91 
"
"2016-11-21 14:47:42ID: BC  Data: 00 00 00 AA F1 03 F2 6F 
"
"2016-11-21 14:47:42ID: BB  Data: 00 00 00 AA 0E FE AF 36 
"
"2016-11-21 14:47:42ID: BC  Data: 00 00 00 AA F1 01 50 CA 
"
"2016-11-21 14:47:42ID: BB  Data: 00 00 00 AA 0E FC 0D 91 
"
"2016-11-21 14:47:42ID: BC  Data: 00 00 00 AA F1 03 F2 6F 
"
"2016-11-21 14:47:42ID: BB  Data: 00 00 00 AA 0E FA BC BE 
"
"2016-11-21 14:47:42ID: BC  Data: 00 00 00 AA F1 05 43 42 
"
"2016-11-21 14:47:42ID: BB  Data: 00 00 00 AA 0E FC 0D 91 
"
"2016-11-21 14:47:42ID: BC  Data: 00 00 00 AA F1 03 F2 6F 
"
"2016-11-21 14:47:42ID: BB  Data: 00 00 00 AA 0E FD 5E 63 
"
"2016-11-21 14:47:42ID: BC  Data: 00 00 00 AA F1 02 A1 9D 
"
"2016-11-21 14:47:42ID: BB  Data: 00 00 00 AA 0E F9 6B EC 
"
"2016-11-21 14:47:42ID: BC  Data: 00 00 00 AA F1 06 94 14 
"
"2016-11-21 14:47:42ID: BB  Data: 00 00 00 AA 0E FD 5E 63 
"
"2016-11-21 14:47:42ID: BC  Data: 00 00 00 AA F1 02 A1 9D 
"
"2016-11-21 14:47:42ID: BB  Data: 00 00 00 AA 0E E5 AF 96 
"
"2016-11-21 14:47:42ID: BC  Data: 00 00 00 AA F1 1A 50 6A 
"
"2016-11-21 14:47:42ID: BB  Data: 00 00 00 AA 0E 52 53 7C 
"
"2016-11-21 14:47:42ID: BC  Data: 00 00 00 AA F1 AD AC 84 
"
"2016-11-21 14:47:42ID: BB  Data: 00 00 00 AA 0D C8 2D 24 
"
"2016-11-21 14:47:42ID: BC  Data: 00 00 00 AA F2 37 D2 DC 
"
"2016-11-21 14:47:43ID: BB  Data: 00 00 00 AA 0D 23 B6 59 
"
"2016-11-21 14:47:43ID: BC  Data: 00 00 00 AA F2 DC 49 A7 
"
"2016-11-21 14:47:43ID: BB  Data: 00 00 00 AA 0B 4E 00 C7 
"
"2016-11-21 14:47:43ID: BC  Data: 00 00 00 AA F4 B1 FF 39 
"
"2016-11-21 14:47:43ID: BB  Data: 00 00 00 AA 0A 49 7D F4 
"
"2016-11-21 14:47:43ID: BC  Data: 00 00 00 AA F5 B6 82 0C 
"
"2016-11-21 14:47:43ID: BB  Data: 00 00 00 AA 09 CC 7F D5 
"
"2016-11-21 14:47:43ID: BC  Data: 00 00 00 AA F6 33 80 2B 
"
"2016-11-21 14:47:43ID: BB  Data: 00 00 00 AA 09 4A 3E 6C 
"
"2016-11-21 14:47:43ID: BC  Data: 00 00 00 AA F6 B5 C1 94 
"
"2016-11-21 14:47:43ID: BB  Data: 00 00 00 AA 09 CB 2F 03 
"
"2016-11-21 14:47:43ID: BC  Data: 00 00 00 AA F6 34 D0 FD 
"
"2016-11-21 14:47:43ID: BB  Data: 00 00 00 AA 0A C1 38 C9 
"
"2016-11-21 14:47:43ID: BC  Data: 00 00 00 AA F5 3E C7 37 
"
"2016-11-21 14:47:43ID: BB  Data: 00 00 00 AA 0D 86 64 06 
"
"2016-11-21 14:47:43ID: BC  Data: 00 00 00 AA F2 79 9B FA 
"
"2016-11-21 14:47:43ID: BB  Data: 00 00 00 AA 0E F1 86 FC 
"
"2016-11-21 14:47:43ID: BC  Data: 00 00 00 AA F1 0E 79 04 
"
"2016-11-21 14:47:43ID: BB  Data: 00 00 00 AA 0E F9 6B EC 
"
"2016-11-21 14:47:43ID: BC  Data: 00 00 00 AA F1 06 94 14 
"
"2016-11-21 14:47:43ID: BB  Data: 00 00 00 AA 0E FA BC BE 
"
"2016-11-21 14:47:43ID: BC  Data: 00 00 00 AA F1 05 43 42 
"
"2016-11-21 14:47:44ID: BB  Data: 00 00 00 AA 0E DF 1B 79 
"
"2016-11-21 14:47:44ID: BC  Data: 00 00 00 AA F1 20 E4 87 
"
"2016-11-21 14:47:44ID: BB  Data: 00 00 00 AA 0D A0 B4 78 
"
"2016-11-21 14:47:44ID: BC  Data: 00 00 00 AA F2 5F 4B 88 
"
"2016-11-21 14:47:44ID: BB  Data: 00 00 00 AA 0B C1 C9 24 
"
"2016-11-21 14:47:44ID: BC  Data: 00 00 00 AA F4 3E 36 DC 
"
"2016-11-21 14:47:44ID: BB  Data: 00 00 00 AA 09 F6 9A 26 
"
"2016-11-21 14:47:44ID: BC  Data: 00 00 00 AA F6 09 65 DA 
"
"2016-11-21 14:47:44ID: BB  Data: 00 00 00 AA 09 09 C6 21 
"
"2016-11-21 14:47:44ID: BC  Data: 00 00 00 AA F6 F6 39 DF 
"
"2016-11-21 14:47:44ID: BB  Data: 00 00 00 AA 07 8A E6 D4 
"
"2016-11-21 14:47:44ID: BC  Data: 00 00 00 AA F8 75 19 2C 
"
"2016-11-21 14:47:44ID: BB  Data: 00 00 00 AA 04 3A 44 6D 
"
"2016-11-21 14:47:44ID: BC  Data: 00 00 00 AA FB C5 BB 93 
"
"2016-11-21 14:47:44ID: BB  Data: 00 00 00 AA 01 EA 32 61 
"
"2016-11-21 14:47:44ID: BC  Data: 00 00 00 AA FE 15 CD 9F 
"
"2016-11-21 14:47:44ID: BB  Data: 00 00 00 AA 01 8C C7 FE 
"
"2016-11-21 14:47:44ID: BC  Data: 00 00 00 AA FE 73 38 02 
"
"2016-11-21 14:47:44ID: BB  Data: 00 00 00 AA 00 00 00 00 
"
"2016-11-21 14:47:44ID: BC  Data: 00 00 00 AA 00 00 00 00 
"
"2016-11-21 14:47:44ID: BB  Data: 00 00 00 AA 00 00 00 00 
"
"2016-11-21 14:47:44ID: BC  Data: 00 00 00 AA 00 00 00 00 
"
"2016-11-21 14:47:44ID: BB  Data: 00 00 00 AA 00 00 00 00 
"
"2016-11-21 14:47:44ID: BC  Data: 00 00 00 AA 00 00 00 00 
"
"2016-11-21 14:47:45ID: BB  Data: 00 00 00 AA 00 00 00 00 
"
"2016-11-21 14:47:45ID: BC  Data: 00 00 00 AA 00 00 00 00 
"
"2016-11-21 14:47:45ID: BB  Data: 00 00 00 AA 00 00 00 00 
"
"2016-11-21 14:47:45ID: BC  Data: 00 00 00 AA 00 00 00 00 
"
"2016-11-21 14:47:45ID: BB  Data: 00 00 00 AA 00 00 00 00 
"
"2016-11-21 14:47:45ID: BC  Data: 00 00 00 AA 00 00 00 00 
"
"2016-11-21 14:47:45ID: BB  Data: 00 00 00 AA 00 00 00 00 
"
"2016-11-21 14:47:45ID: BC  Data: 00 00 00 AA 00 00 00 00 
"
"2016-11-21 14:47:45ID: BB  Data: 00 00 00 AA 00 00 00 00 
"
"2016-11-21 14:47:45ID: BC  Data: 00 00 00 AA 00 00 00 00 
"
"2016-11-21 14:47:45ID: BB  Data: 00 00 00 AA 00 00 00 00 
"
"2016-11-21 14:47:45ID: BC  Data: 00 00 00 AA 00 00 00 00 
"
"2016-11-21 14:47:45ID: BB  Data: 00 00 00 AA 00 00 00 00 
"
"2016-11-21 14:47:45ID: BC  Data: 00 00 00 AA 00 00 00 00 
"
"2016-11-21 14:47:45ID: BB  Data: 00 00 00 AA 00 00 00 00 
"
"2016-11-21 14:47:45ID: BC  Data: 00 00 00 AA 00 00 00 00 
"
"2016-11-21 14:47:45ID: BB  Data: 00 00 00 AA 00 00 00 00 
"
"2016-11-21 14:47:45ID: BC  Data: 00 00 00 AA 00 00 00 00 
"
"2016-11-21 14:47:45ID: BB  Data: 00 00 00 AA 00 00 00 00 
"
"2016-11-21 14:47:45ID: BC  Data: 00 00 00 AA 00 00 00 00 
"
"2016-11-21 14:47:45ID: BB  Data: 00 00 00 AA 00 00 00 00 
"
"2016-11-21 14:47:45ID: BC  Data: 00 00 00 AA 00 00 00 00 
"
"2016-11-21 14:47:46ID: BB  Data: 00 00 00 AA 00 00 00 00 
"
"2016-11-21 14:47:46ID: BC  Data: 00 00 00 AA 00 00 00 00 
"
"2016-11-21 14:47:46ID: BB  Data: 00 00 00 AA 00 00 00 00 
"
"2016-11-21 14:47:46ID: BC  Data: 00 00 00 AA 00 00 00 00 
"
"2016-11-21 14:47:46ID: BB  Data: 00 00 00 AA 00 00 00 00 
"
"2016-11-21 14:47:46ID: BC  Data: 00 00 00 AA 00 00 00 00 
"
"2016-11-21 14:47:46ID: BB  Data: 00 00 00 AA 00 00 00 00 
"
"2016-11-21 14:47:46ID: BC  Data: 00 00 00 AA 00 00 00 00 
"
"2016-11-21 14:47:46ID: BB  Data: 00 00 00 AA 00 00 00 00 
"
"2016-11-21 14:47:46ID: BC  Data: 00 00 00 AA 00 00 00 00 
"
"2016-11-21 14:47:46ID: BB  Data: 00 00 00 AA 00 00 00 00 
"
"2016-11-21 14:47:46ID: BC  Data: 00 00 00 AA 00 00 00 00 
"
"2016-11-21 14:47:46ID: BB  Data: 00 00 00 AA 00 00 00 00 
"
"2016-11-21 14:47:46ID: BC  Data: 00 00 00 AA 00 00 00 00 
"
"2016-11-21 14:47:46ID: BB  Data: 00 00 00 AA 00 00 00 00 
"
"2016-11-21 14:47:46ID: BC  Data: 00 00 00 AA 00 00 00 00 
"
"2016-11-21 14:47:46ID: BB  Data: 00 00 00 AA 00 00 00 00 
"
"2016-11-21 14:47:46ID: BC  Data: 00 00 00 AA 00 00 00 00 
"
"2016-11-21 14:47:46ID: BB  Data: 00 00 00 AA 00 00 00 00 
"
"2016-11-21 14:47:46ID: BC  Data: 00 00 00 AA 00 00 00 00 
"
"2016-11-21 14:47:46ID: BB  Data: 00 00 00 AA 00 00 00 00 
"
"2016-11-21 14:47:46ID: BC  Data: 00 00 00 AA 00 00 00 00 
"
"2016-11-21 14:47:47ID: BB  Data: 00 00 00 AA 00 00 00 00 
"
"2016-11-21 14:47:47ID: BC  Data: 00 00 00 AA 00 00 00 00 
"
"2016-11-21 14:47:47ID: BB  Data: 00 00 00 AA 00 00 00 00 
"
"2016-11-21 14:47:47ID: BC  Data: 00 00 00 AA 00 00 00 00 
"
"2016-11-21 14:47:47ID: BB  Data: 00 00 00 AA 00 00 00 00 
"
"2016-11-21 14:47:47ID: BC  Data: 00 00 00 AA 00 00 00 00 
"
"2016-11-21 14:47:47ID: BB  Data: 00 00 00 AA 00 00 00 00 
"
"2016-11-21 14:47:47ID: BC  Data: 00 00 00 AA 00 00 00 00 
"
"2016-11-21 14:47:47ID: BB  Data: 00 00 00 AA 00 00 00 00 
"
"2016-11-21 14:47:47ID: BC  Data: 00 00 00 AA 00 00 00 00 
"
"2016-11-21 14:47:47ID: BB  Data: 00 00 00 AA 00 00 00 00 
"
"2016-11-21 14:47:47ID: BC  Data: 00 00 00 AA 00 00 00 00 
"
"2016-11-21 14:47:47ID: BB  Data: 00 00 00 AA 00 00 00 00 
"
"2016-11-21 14:47:47ID: BC  Data: 00 00 00 AA 00 00 00 00 
"
"2016-11-21 14:47:47ID: BB  Data: 00 00 00 AA 00 00 00 00 
"
"2016-11-21 14:47:47ID: BC  Data: 00 00 00 AA 00 00 00 00 
"
"2016-11-21 14:47:47ID: BB  Data: 00 00 00 AA 00 00 00 00 
"
"2016-11-21 14:47:47ID: BC  Data: 00 00 00 AA 00 00 00 00 
"
"2016-11-21 14:47:47ID: BB  Data: 00 00 00 AA 00 00 00 00 
"
"2016-11-21 14:47:47ID: BC  Data: 00 00 00 AA 00 00 00 00 
"
"2016-11-21 14:47:47ID: BB  Data: 00 00 00 AA 00 00 00 00 
"
"2016-11-21 14:47:47ID: BC  Data: 00 00 00 AA 00 00 00 00 
"
"2016-11-21 14:47:47ID: BB  Data: 00 00 00 AA 00 00 00 00 
"
"2016-11-21 14:47:47ID: BC  Data: 00 00 00 AA 00 00 00 00 
"
"2016-11-21 14:47:48ID: BB  Data: 00 00 00 AA 00 00 00 00 
"
"2016-11-21 14:47:48ID: BC  Data: 00 00 00 AA 00 00 00 00 
"
"2016-11-21 14:47:48ID: BB  Data: 00 00 00 AA 00 00 00 00 
"
"2016-11-21 14:47:48ID: BC  Data: 00 00 00 AA 00 00 00 00 
"
"2016-11-21 14:47:48ID: BB  Data: 00 00 00 AA 00 00 00 00 
"
"2016-11-21 14:47:48ID: BC  Data: 00 00 00 AA 00 00 00 00 
"
"2016-11-21 14:47:48ID: BB  Data: 00 00 00 AA 00 00 00 00 
"
"2016-11-21 14:47:48ID: BC  Data: 00 00 00 AA 00 00 00 00 
"
"2016-11-21 14:47:48ID: BB  Data: 00 00 00 AA 00 00 00 00 
"
"2016-11-21 14:47:48ID: BC  Data: 00 00 00 AA 00 00 00 00 
"
"2016-11-21 14:47:48ID: BB  Data: 00 00 00 AA 00 00 00 00 
"
"2016-11-21 14:47:48ID: BC  Data: 00 00 00 AA 00 00 00 00 
"
"2016-11-21 14:47:48ID: BB  Data: 00 00 00 AA 00 00 00 00 
"
"2016-11-21 14:47:48ID: BC  Data: 00 00 00 AA 00 00 00 00 
"
"2016-11-21 14:47:48ID: BB  Data: 00 00 00 AA 00 00 00 00 
"
"2016-11-21 14:47:48ID: BC  Data: 00 00 00 AA 00 00 00 00 
"
"2016-11-21 14:47:48ID: BB  Data: 00 00 00 AA 00 00 00 00 
"
"2016-11-21 14:47:48ID: BC  Data: 00 00 00 AA 00 00 00 00 
"
"2016-11-21 14:47:48ID: BB  Data: 00 00 00 AA 02 24 16 8F 
"
"2016-11-21 14:47:48ID: BC  Data: 00 00 00 AA FD DB E9 71 
"
"2016-11-21 14:47:48ID: BB  Data: 00 00 00 AA 04 00 60 3E 
"
"2016-11-21 14:47:48ID: BC  Data: 00 00 00 AA FB FF 9F C2 
"
"2016-11-21 14:47:49ID: BB  Data: 00 00 00 AA 05 47 FD 01 
"
"2016-11-21 14:47:49ID: BC  Data: 00 00 00 AA FA B8 02 FF 
"
"2016-11-21 14:47:49ID: BB  Data: 00 00 00 AA 06 B9 B4 14 
"
"2016-11-21 14:47:49ID: BC  Data: 00 00 00 AA F9 46 4B EC 
"
"2016-11-21 14:47:49ID: BB  Data: 00 00 00 AA 06 F0 F6 9E 
"
"2016-11-21 14:47:49ID: BC  Data: 00 00 00 AA F9 0F 09 62 
"
"2016-11-21 14:47:49ID: BB  Data: 00 00 00 AA 06 E5 1F 37 
"
"2016-11-21 14:47:49ID: BC  Data: 00 00 00 AA F9 1A E0 C9 
"
"2016-11-21 14:47:49ID: BB  Data: 00 00 00 AA 07 30 1E 17 
"
"2016-11-21 14:47:49ID: BC  Data: 00 00 00 AA F8 D1 32 BC 
"
"2016-11-21 14:47:49ID: BB  Data: 00 00 00 AA 07 B2 5F 80 
"
"2016-11-21 14:47:49ID: BC  Data: 00 00 00 AA F8 4D A0 80 
"
"2016-11-21 14:47:49ID: BB  Data: 00 00 00 AA 07 A7 D8 EC 
"
"2016-11-21 14:47:49ID: BC  Data: 00 00 00 AA F8 58 27 14 
"
"2016-11-21 14:47:49ID: BB  Data: 00 00 00 AA 07 E9 A2 0A 
"
"2016-11-21 14:47:49ID: BC  Data: 00 00 00 AA F8 16 5D F6 
"
"2016-11-21 14:47:49ID: BB  Data: 00 00 00 AA 08 48 5D 3F 
"
"2016-11-21 14:47:49ID: BC  Data: 00 00 00 AA F7 B7 A2 C1 
"
"2016-11-21 14:47:49ID: BB  Data: 00 00 00 AA 08 43 19 F5 
"
"2016-11-21 14:47:49ID: BC  Data: 00 00 00 AA F7 BC E6 0B 
"
"2016-11-21 14:47:49ID: BB  Data: 00 00 00 AA 09 14 4C B5 
"
"2016-11-21 14:47:49ID: BC  Data: 00 00 00 AA F6 EB B3 4B 
"
"2016-11-21 14:47:49ID: BB  Data: 00 00 00 AA 0A 97 1E 79 
"
"2016-11-21 14:47:49ID: BC  Data: 00 00 00 AA F5 68 E1 87 
"
"2016-11-21 14:47:50ID: BB  Data: 00 00 00 AA 0B 91 1A B7 
"
"2016-11-21 14:47:50ID: BC  Data: 00 00 00 AA F4 6E E5 49 
"
"2016-11-21 14:47:50ID: BB  Data: 00 00 00 AA 0C 6C D4 0B 
"
"2016-11-21 14:47:50ID: BC  Data: 00 00 00 AA F3 93 2B F5 
"
"2016-11-21 14:47:50ID: BB  Data: 00 00 00 AA 0E 58 E7 98 
"
"2016-11-21 14:47:50ID: BC  Data: 00 00 00 AA F1 A7 18 68 
"
"2016-11-21 14:47:50ID: BB  Data: 00 00 00 AA 0E F5 79 74 
"
"2016-11-21 14:47:50ID: BC  Data: 00 00 00 AA F1 0A 86 8C 
"
"2016-11-21 14:47:50ID: BB  Data: 00 00 00 AA 0E F9 6B EC 
"
"2016-11-21 14:47:50ID: BC  Data: 00 00 00 AA F1 06 94 14 
"
"2016-11-21 14:47:50ID: BB  Data: 00 00 00 AA 0E F8 1B 19 
"
"2016-11-21 14:47:50ID: BC  Data: 00 00 00 AA F1 07 E4 E7 
"
"2016-11-21 14:47:50ID: BB  Data: 00 00 00 AA 0E F9 6B EC 
"
"2016-11-21 14:47:50ID: BC  Data: 00 00 00 AA F1 06 94 14 
"
"2016-11-21 14:47:50ID: BB  Data: 00 00 00 AA 0E F9 6B EC 
"
"2016-11-21 14:47:50ID: BC  Data: 00 00 00 AA F1 06 94 14 
"
"2016-11-21 14:47:50ID: BB  Data: 00 00 00 AA 0E FA BC BE 
"
"2016-11-21 14:47:50ID: BC  Data: 00 00 00 AA F1 05 43 42 
"
"2016-11-21 14:47:50ID: BB  Data: 00 00 00 AA 0E FA BC BE 
"
"2016-11-21 14:47:50ID: BC  Data: 00 00 00 AA F1 05 43 42 
"
"2016-11-21 14:47:50ID: BB  Data: 00 00 00 AA 0E F9 6B EC 
"
"2016-11-21 14:47:50ID: BC  Data: 00 00 00 AA F1 06 94 14 
"
"2016-11-21 14:47:51ID: BB  Data: 00 00 00 AA 0E FA BC BE 
"
"2016-11-21 14:47:51ID: BC  Data: 00 00 00 AA F1 05 43 42 
"
"2016-11-21 14:47:51ID: BB  Data: 00 00 00 AA 0E FC 0D 91 
"
"2016-11-21 14:47:51ID: BC  Data: 00 00 00 AA F1 03 F2 6F 
"
"2016-11-21 14:47:51ID: BB  Data: 00 00 00 AA 0E F9 6B EC 
"
"2016-11-21 14:47:51ID: BC  Data: 00 00 00 AA F1 06 94 14 
"
"2016-11-21 14:47:51ID: BB  Data: 00 00 00 AA 0E FD 5E 63 
"
"2016-11-21 14:47:51ID: BC  Data: 00 00 00 AA F1 02 A1 9D 
"
"2016-11-21 14:47:51ID: BB  Data: 00 00 00 AA 0E F9 6B EC 
"
"2016-11-21 14:47:51ID: BC  Data: 00 00 00 AA F1 06 94 14 
"
"2016-11-21 14:47:51ID: BB  Data: 00 00 00 AA 0E FC 0D 91 
"
"2016-11-21 14:47:51ID: BC  Data: 00 00 00 AA F1 03 F2 6F 
"
"2016-11-21 14:47:51ID: BB  Data: 00 00 00 AA 0E FC 0D 91 
"
"2016-11-21 14:47:51ID: BC  Data: 00 00 00 AA F1 03 F2 6F 
"
"2016-11-21 14:47:51ID: BB  Data: 00 00 00 AA 0E FA BC BE 
"
"2016-11-21 14:47:51ID: BC  Data: 00 00 00 AA F1 05 43 42 
"
"2016-11-21 14:47:51ID: BB  Data: 00 00 00 AA 0E F9 6B EC 
"
"2016-11-21 14:47:51ID: BC  Data: 00 00 00 AA F1 06 94 14 
"
"2016-11-21 14:47:51ID: BB  Data: 00 00 00 AA 0E FC 0D 91 
"
"2016-11-21 14:47:51ID: BC  Data: 00 00 00 AA F1 03 F2 6F 
"
"2016-11-21 14:47:51ID: BB  Data: 00 00 00 AA 0E FA BC BE 
"
"2016-11-21 14:47:51ID: BC  Data: 00 00 00 AA F1 05 43 42 
"
"2016-11-21 14:47:52ID: BB  Data: 00 00 00 AA 0E FA BC BE 
"
"2016-11-21 14:47:52ID: BC  Data: 00 00 00 AA F1 05 43 42 
"
"2016-11-21 14:47:52ID: BB  Data: 00 00 00 AA 0E FA BC BE 
"
"2016-11-21 14:47:52ID: BC  Data: 00 00 00 AA F1 05 43 42 
"
"2016-11-21 14:47:52ID: BB  Data: 00 00 00 AA 0E FC 0D 91 
"
"2016-11-21 14:47:52ID: BC  Data: 00 00 00 AA F1 03 F2 6F 
"
"2016-11-21 14:47:52ID: BB  Data: 00 00 00 AA 0E FD 5E 63 
"
"2016-11-21 14:47:52ID: BC  Data: 00 00 00 AA F1 02 A1 9D 
"
"2016-11-21 14:47:52ID: BB  Data: 00 00 00 AA 0E FC 0D 91 
"
"2016-11-21 14:47:52ID: BC  Data: 00 00 00 AA F1 03 F2 6F 
"
"2016-11-21 14:47:52ID: BB  Data: 00 00 00 AA 0E F8 1B 19 
"
"2016-11-21 14:47:52ID: BC  Data: 00 00 00 AA F1 07 E4 E7 
"
"2016-11-21 14:47:52ID: BB  Data: 00 00 00 AA 0E FA BC BE 
"
"2016-11-21 14:47:52ID: BC  Data: 00 00 00 AA F1 05 43 42 
"
"2016-11-21 14:47:52ID: BB  Data: 00 00 00 AA 0E FC 0D 91 
"
"2016-11-21 14:47:52ID: BC  Data: 00 00 00 AA F1 03 F2 6F 
"
"2016-11-21 14:47:52ID: BB  Data: 00 00 00 AA 0E F9 6B EC 
"
"2016-11-21 14:47:52ID: BC  Data: 00 00 00 AA F1 06 94 14 
"
"2016-11-21 14:47:52ID: BB  Data: 00 00 00 AA 0E FA BC BE 
"
"2016-11-21 14:47:52ID: BC  Data: 00 00 00 AA F1 05 43 42 
"
"2016-11-21 14:47:52ID: BB  Data: 00 00 00 AA 0E FA BC BE 
"
"2016-11-21 14:47:52ID: BC  Data: 00 00 00 AA F1 05 43 42 
"
"2016-11-21 14:47:52ID: BB  Data: 00 00 00 AA 0E F9 6B EC 
"
"2016-11-21 14:47:52ID: BC  Data: 00 00 00 AA F1 06 94 14 
"
"2016-11-21 14:47:53ID: BB  Data: 00 00 00 AA 0E F9 6B EC 
"
"2016-11-21 14:47:53ID: BC  Data: 00 00 00 AA F1 06 94 14 
"
"2016-11-21 14:47:53ID: BB  Data: 00 00 00 AA 0E FA BC BE 
"
"2016-11-21 14:47:53ID: BC  Data: 00 00 00 AA F1 05 43 42 
"
"2016-11-21 14:47:53ID: BB  Data: 00 00 00 AA 0E F9 6B EC 
"
"2016-11-21 14:47:53ID: BC  Data: 00 00 00 AA F1 06 94 14 
"
"2016-11-21 14:47:53ID: BB  Data: 00 00 00 AA 0E FA BC BE 
"
"2016-11-21 14:47:53ID: BC  Data: 00 00 00 AA F1 05 43 42 
"
"2016-11-21 14:47:53ID: BB  Data: 00 00 00 AA 0E F8 1B 19 
"
"2016-11-21 14:47:53ID: BC  Data: 00 00 00 AA F1 07 E4 E7 
"
"2016-11-21 14:47:53ID: BB  Data: 00 00 00 AA 0E F9 6B EC 
"
"2016-11-21 14:47:53ID: BC  Data: 00 00 00 AA F1 06 94 14 
"
"2016-11-21 14:47:53ID: BB  Data: 00 00 00 AA 0E F9 6B EC 
"
"2016-11-21 14:47:53ID: BC  Data: 00 00 00 AA F1 06 94 14 
"
"2016-11-21 14:47:53ID: BB  Data: 00 00 00 AA 0E F9 6B EC 
"
"2016-11-21 14:47:53ID: BC  Data: 00 00 00 AA F1 06 94 14 
"
"2016-11-21 14:47:53ID: BB  Data: 00 00 00 AA 0E FA BC BE 
"
"2016-11-21 14:47:53ID: BC  Data: 00 00 00 AA F1 05 43 42 
"
"2016-11-21 14:47:53ID: BB  Data: 00 00 00 AA 0E FA BC BE 
"
"2016-11-21 14:47:53ID: BC  Data: 00 00 00 AA F1 05 43 42 
"
"2016-11-21 14:47:53ID: BB  Data: 00 00 00 AA 0E FA BC BE 
"
"2016-11-21 14:47:53ID: BC  Data: 00 00 00 AA F1 05 43 42 
"
"2016-11-21 14:47:54ID: BB  Data: 00 00 00 AA 0E FA BC BE 
"
"2016-11-21 14:47:54ID: BC  Data: 00 00 00 AA F1 05 43 42 
"
"2016-11-21 14:47:54ID: BB  Data: 00 00 00 AA 0E FA BC BE 
"
"2016-11-21 14:47:54ID: BC  Data: 00 00 00 AA F1 05 43 42 
"
"2016-11-21 14:47:54ID: BB  Data: 00 00 00 AA 0E F9 6B EC 
"
"2016-11-21 14:47:54ID: BC  Data: 00 00 00 AA F1 06 94 14 
"
"2016-11-21 14:47:54ID: BB  Data: 00 00 00 AA 0E FC 0D 91 
"
"2016-11-21 14:47:54ID: BC  Data: 00 00 00 AA F1 03 F2 6F 
"
"2016-11-21 14:47:54ID: BB  Data: 00 00 00 AA 0E FA BC BE 
"
"2016-11-21 14:47:54ID: BC  Data: 00 00 00 AA F1 05 43 42 
"
"2016-11-21 14:47:54ID: BB  Data: 00 00 00 AA 0E F9 6B EC 
"
"2016-11-21 14:47:54ID: BC  Data: 00 00 00 AA F1 06 94 14 
"
"2016-11-21 14:47:54ID: BB  Data: 00 00 00 AA 0E FA BC BE 
"
"2016-11-21 14:47:54ID: BC  Data: 00 00 00 AA F1 05 43 42 
"
"2016-11-21 14:47:54ID: BB  Data: 00 00 00 AA 0E FC 0D 91 
"
"2016-11-21 14:47:54ID: BC  Data: 00 00 00 AA F1 03 F2 6F 
"
"2016-11-21 14:47:54ID: BB  Data: 00 00 00 AA 0E FC 0D 91 
"
"2016-11-21 14:47:54ID: BC  Data: 00 00 00 AA F1 03 F2 6F 
"
"2016-11-21 14:47:54ID: BB  Data: 00 00 00 AA 0E FA BC BE 
"
"2016-11-21 14:47:54ID: BC  Data: 00 00 00 AA F1 05 43 42 
"
"2016-11-21 14:47:54ID: BB  Data: 00 00 00 AA 0E FA BC BE 
"
"2016-11-21 14:47:54ID: BC  Data: 00 00 00 AA F1 05 43 42 
"
"2016-11-21 14:47:55ID: BB  Data: 00 00 00 AA 0E FC 0D 91 
"
"2016-11-21 14:47:55ID: BC  Data: 00 00 00 AA F1 03 F2 6F 
"
"2016-11-21 14:47:55ID: BB  Data: 00 00 00 AA 0E F9 6B EC 
"
"2016-11-21 14:47:55ID: BC  Data: 00 00 00 AA F1 06 94 14 
"
"2016-11-21 14:47:55ID: BB  Data: 00 00 00 AA 0E FA BC BE 
"
"2016-11-21 14:47:55ID: BC  Data: 00 00 00 AA F1 05 43 42 
"
"2016-11-21 14:47:55ID: BB  Data: 00 00 00 AA 0E FC 0D 91 
"
"2016-11-21 14:47:55ID: BC  Data: 00 00 00 AA F1 03 F2 6F 
"
"2016-11-21 14:47:55ID: BB  Data: 00 00 00 AA 0E FC 0D 91 
"
"2016-11-21 14:47:55ID: BC  Data: 00 00 00 AA F1 03 F2 6F 
"
"2016-11-21 14:47:55ID: BB  Data: 00 00 00 AA 0E FC 0D 91 
"
"2016-11-21 14:47:55ID: BC  Data: 00 00 00 AA F1 03 F2 6F 
"
"2016-11-21 14:47:55ID: BB  Data: 00 00 00 AA 0E FA BC BE 
"
"2016-11-21 14:47:55ID: BC  Data: 00 00 00 AA F1 05 43 42 
"
"2016-11-21 14:47:55ID: BB  Data: 00 00 00 AA 0E F9 6B EC 
"
"2016-11-21 14:47:55ID: BC  Data: 00 00 00 AA F1 06 94 14 
"
"2016-11-21 14:47:55ID: BB  Data: 00 00 00 AA 0E FA BC BE 
"
"2016-11-21 14:47:55ID: BC  Data: 00 00 00 AA F1 05 43 42 
"
"2016-11-21 14:47:55ID: BB  Data: 00 00 00 AA 0E FC 0D 91 
"
"2016-11-21 14:47:55ID: BC  Data: 00 00 00 AA F1 03 F2 6F 
"
"2016-11-21 14:47:55ID: BB  Data: 00 00 00 AA 0E FA BC BE 
"
"2016-11-21 14:47:55ID: BC  Data: 00 00 00 AA F1 05 43 42 
"
"2016-11-21 14:47:55ID: BB  Data: 00 00 00 AA 0E F9 6B EC 
"
"2016-11-21 14:47:55ID: BC  Data: 00 00 00 AA F1 06 94 14 
"
"2016-11-21 14:47:56ID: BB  Data: 00 00 00 AA 0E FC 0D 91 
"
"2016-11-21 14:47:56ID: BC  Data: 00 00 00 AA F1 03 F2 6F 
"
"2016-11-21 14:47:56ID: BB  Data: 00 00 00 AA 0E FA BC BE 
"
"2016-11-21 14:47:56ID: BC  Data: 00 00 00 AA F1 05 43 42 
"
"2016-11-21 14:47:56ID: BB  Data: 00 00 00 AA 0E FA BC BE 
"
"2016-11-21 14:47:56ID: BC  Data: 00 00 00 AA F1 05 43 42 
"
"2016-11-21 14:47:56ID: BB  Data: 00 00 00 AA 0E FC 0D 91 
"
"2016-11-21 14:47:56ID: BC  Data: 00 00 00 AA F1 03 F2 6F 
"
"2016-11-21 14:47:56ID: BB  Data: 00 00 00 AA 0E FC 0D 91 
"
"2016-11-21 14:47:56ID: BC  Data: 00 00 00 AA F1 03 F2 6F 
"
"2016-11-21 14:47:56ID: BB  Data: 00 00 00 AA 0E FA BC BE 
"
"2016-11-21 14:47:56ID: BC  Data: 00 00 00 AA F1 05 43 42 
"
"2016-11-21 14:47:56ID: BB  Data: 00 00 00 AA 0E FA BC BE 
"
"2016-11-21 14:47:56ID: BC  Data: 00 00 00 AA F1 05 43 42 
"
"2016-11-21 14:47:56ID: BB  Data: 00 00 00 AA 0E FA BC BE 
"
"2016-11-21 14:47:56ID: BC  Data: 00 00 00 AA F1 05 43 42 
"
"2016-11-21 14:47:56ID: BB  Data: 00 00 00 AA 0E FA BC BE 
"
"2016-11-21 14:47:56ID: BC  Data: 00 00 00 AA F1 05 43 42 
"
"2016-11-21 14:47:56ID: BB  Data: 00 00 00 AA 0E F8 1B 19 
"
"2016-11-21 14:47:56ID: BC  Data: 00 00 00 AA F1 07 E4 E7 
"
"2016-11-21 14:47:56ID: BB  Data: 00 00 00 AA 0E F9 6B EC 
"
"2016-11-21 14:47:56ID: BC  Data: 00 00 00 AA F1 06 94 14 
"
"2016-11-21 14:47:57ID: BB  Data: 00 00 00 AA 0E FA BC BE 
"
"2016-11-21 14:47:57ID: BC  Data: 00 00 00 AA F1 05 43 42 
"
"2016-11-21 14:47:57ID: BB  Data: 00 00 00 AA 0E FA BC BE 
"
"2016-11-21 14:47:57ID: BC  Data: 00 00 00 AA F1 05 43 42 
"
"2016-11-21 14:47:57ID: BB  Data: 00 00 00 AA 0E FA BC BE 
"
"2016-11-21 14:47:57ID: BC  Data: 00 00 00 AA F1 05 43 42 
"
"2016-11-21 14:47:57ID: BB  Data: 00 00 00 AA 0E FA BC BE 
"
"2016-11-21 14:47:57ID: BC  Data: 00 00 00 AA F1 05 43 42 
"
"2016-11-21 14:47:57ID: BB  Data: 00 00 00 AA 0E FC 0D 91 
"
"2016-11-21 14:47:57ID: BC  Data: 00 00 00 AA F1 03 F2 6F 
"
"2016-11-21 14:47:57ID: BB  Data: 00 00 00 AA 0E FA BC BE 
"
"2016-11-21 14:47:57ID: BC  Data: 00 00 00 AA F1 05 43 42 
"
"2016-11-21 14:47:57ID: BB  Data: 00 00 00 AA 0E FA BC BE 
"
"2016-11-21 14:47:57ID: BC  Data: 00 00 00 AA F1 05 43 42 
"
"2016-11-21 14:47:57ID: BB  Data: 00 00 00 AA 0E FC 0D 91 
"
"2016-11-21 14:47:57ID: BC  Data: 00 00 00 AA F1 03 F2 6F 
"
"2016-11-21 14:47:57ID: BB  Data: 00 00 00 AA 0E FA BC BE 
"
"2016-11-21 14:47:57ID: BC  Data: 00 00 00 AA F1 05 43 42 
"
"2016-11-21 14:47:57ID: BB  Data: 00 00 00 AA 0E F8 1B 19 
"
"2016-11-21 14:47:57ID: BC  Data: 00 00 00 AA F1 07 E4 E7 
"
"2016-11-21 14:47:57ID: BB  Data: 00 00 00 AA 0E FC 0D 91 
"
"2016-11-21 14:47:57ID: BC  Data: 00 00 00 AA F1 03 F2 6F 
"
"2016-11-21 14:47:57ID: BB  Data: 00 00 00 AA 0E FA BC BE 
"
"2016-11-21 14:47:58ID: BC  Data: 00 00 00 AA F1 05 43 42 
"
"2016-11-21 14:47:58ID: BB  Data: 00 00 00 AA 0E F9 6B EC 
"
"2016-11-21 14:47:58ID: BC  Data: 00 00 00 AA F1 06 94 14 
"
"2016-11-21 14:47:58ID: BB  Data: 00 00 00 AA 0E FA BC BE 
"
"2016-11-21 14:47:58ID: BC  Data: 00 00 00 AA F1 05 43 42 
"
"2016-11-21 14:47:58ID: BB  Data: 00 00 00 AA 0E FA BC BE 
"
"2016-11-21 14:47:58ID: BC  Data: 00 00 00 AA F1 05 43 42 
"
"2016-11-21 14:47:58ID: BB  Data: 00 00 00 AA 0E FD 5E 63 
"
"2016-11-21 14:47:58ID: BC  Data: 00 00 00 AA F1 02 A1 9D 
"
"2016-11-21 14:47:58ID: BB  Data: 00 00 00 AA 0E FA BC BE 
"
"2016-11-21 14:47:58ID: BC  Data: 00 00 00 AA F1 05 43 42 
"
"2016-11-21 14:47:58ID: BB  Data: 00 00 00 AA 0E FA BC BE 
"
"2016-11-21 14:47:58ID: BC  Data: 00 00 00 AA F1 05 43 42 
"
"2016-11-21 14:47:58ID: BB  Data: 00 00 00 AA 0E FA BC BE 
"
"2016-11-21 14:47:58ID: BC  Data: 00 00 00 AA F1 05 43 42 
"
"2016-11-21 14:47:58ID: BB  Data: 00 00 00 AA 0E F9 6B EC 
"
"2016-11-21 14:47:58ID: BC  Data: 00 00 00 AA F1 06 94 14 
"
"2016-11-21 14:47:58ID: BB  Data: 00 00 00 AA 0E FC 0D 91 
"
"2016-11-21 14:47:58ID: BC  Data: 00 00 00 AA F1 03 F2 6F 
"
"2016-11-21 14:47:58ID: BB  Data: 00 00 00 AA 0E FA BC BE 
"
"2016-11-21 14:47:58ID: BC  Data: 00 00 00 AA F1 05 43 42 
"
"2016-11-21 14:47:58ID: BB  Data: 00 00 00 AA 0E F9 6B EC 
"
"2016-11-21 14:47:58ID: BC  Data: 00 00 00 AA F1 06 94 14 
"
"2016-11-21 14:47:59ID: BB  Data: 00 00 00 AA 0E F9 6B EC 
"
"2016-11-21 14:47:59ID: BC  Data: 00 00 00 AA F1 06 94 14 
"
"2016-11-21 14:47:59ID: BB  Data: 00 00 00 AA 0E F9 6B EC 
"
"2016-11-21 14:47:59ID: BC  Data: 00 00 00 AA F1 06 94 14 
"
"2016-11-21 14:47:59ID: BB  Data: 00 00 00 AA 0E F9 6B EC 
"
"2016-11-21 14:47:59ID: BC  Data: 00 00 00 AA F1 06 94 14 
"
"2016-11-21 14:47:59ID: BB  Data: 00 00 00 AA 0E FA BC BE 
"
"2016-11-21 14:47:59ID: BC  Data: 00 00 00 AA F1 05 43 42 
"
"2016-11-21 14:47:59ID: BB  Data: 00 00 00 AA 0E F9 6B EC 
"
"2016-11-21 14:47:59ID: BC  Data: 00 00 00 AA F1 06 94 14 
"
"2016-11-21 14:47:59ID: BB  Data: 00 00 00 AA 0E F9 6B EC 
"
"2016-11-21 14:47:59ID: BC  Data: 00 00 00 AA F1 06 94 14 
"
"2016-11-21 14:47:59ID: BB  Data: 00 00 00 AA 0E FA BC BE 
"
"2016-11-21 14:47:59ID: BC  Data: 00 00 00 AA F1 05 43 42 
"
"2016-11-21 14:47:59ID: BB  Data: 00 00 00 AA 0E FA BC BE 
"
"2016-11-21 14:47:59ID: BC  Data: 00 00 00 AA F1 05 43 42 
"
"2016-11-21 14:47:59ID: BB  Data: 00 00 00 AA 0E F9 6B EC 
"
"2016-11-21 14:47:59ID: BC  Data: 00 00 00 AA F1 06 94 14 
"
"2016-11-21 14:47:59ID: BB  Data: 00 00 00 AA 0E FA BC BE 
"
"2016-11-21 14:47:59ID: BC  Data: 00 00 00 AA F1 05 43 42 
"
"2016-11-21 14:47:59ID: BB  Data: 00 00 00 AA 0E FC 0D 91 
"
"2016-11-21 14:47:59ID: BC  Data: 00 00 00 AA F1 03 F2 6F 
"
"2016-11-21 14:48:00ID: BB  Data: 00 00 00 AA 0E FA BC BE 
"
"2016-11-21 14:48:00ID: BC  Data: 00 00 00 AA F1 05 43 42 
"
"2016-11-21 14:48:00ID: BB  Data: 00 00 00 AA 0E FA BC BE 
"
"2016-11-21 14:48:00ID: BC  Data: 00 00 00 AA F1 05 43 42 
"
"2016-11-21 14:48:00ID: BB  Data: 00 00 00 AA 0E FC 0D 91 
"
"2016-11-21 14:48:00ID: BC  Data: 00 00 00 AA F1 03 F2 6F 
"
"2016-11-21 14:48:00ID: BB  Data: 00 00 00 AA 0E F9 6B EC 
"
"2016-11-21 14:48:00ID: BC  Data: 00 00 00 AA F1 06 94 14 
"
"2016-11-21 14:48:00ID: BB  Data: 00 00 00 AA 0E F9 6B EC 
"
"2016-11-21 14:48:00ID: BC  Data: 00 00 00 AA F1 06 94 14 
"
"2016-11-21 14:48:00ID: BB  Data: 00 00 00 AA 0E F9 6B EC 
"
"2016-11-21 14:48:00ID: BC  Data: 00 00 00 AA F1 06 94 14 
"
"2016-11-21 14:48:00ID: BB  Data: 00 00 00 AA 0E F8 1B 19 
"
"2016-11-21 14:48:00ID: BC  Data: 00 00 00 AA F1 07 E4 E7 
"
"2016-11-21 14:48:00ID: BB  Data: 00 00 00 AA 0E 6B 53 1C 
"
"2016-11-21 14:48:00ID: BC  Data: 00 00 00 AA F1 94 AC E4 
"
"2016-11-21 14:48:00ID: BB  Data: 00 00 00 AA 0C DA 08 4C 
"
"2016-11-21 14:48:00ID: BC  Data: 00 00 00 AA F3 25 F7 B4 
"
"2016-11-21 14:48:00ID: BB  Data: 00 00 00 AA 0B 57 36 88 
"
"2016-11-21 14:48:00ID: BC  Data: 00 00 00 AA F4 A8 C9 78 
"
"2016-11-21 14:48:00ID: BB  Data: 00 00 00 AA 09 B0 DE 90 
"
"2016-11-21 14:48:00ID: BC  Data: 00 00 00 AA F6 4F 21 70 
"
"2016-11-21 14:48:00ID: BB  Data: 00 00 00 AA 07 B3 B0 52 
"
"2016-11-21 14:48:00ID: BC  Data: 00 00 00 AA F8 4C 4F AE 
"
"2016-11-21 14:48:01ID: BB  Data: 00 00 00 AA 06 E1 2C C0 
"
"2016-11-21 14:48:01ID: BC  Data: 00 00 00 AA F9 1E D3 40 
"
"2016-11-21 14:48:01ID: BB  Data: 00 00 00 AA 04 C8 5D 3D 
"
"2016-11-21 14:48:01ID: BC  Data: 00 00 00 AA FB 37 A2 C3 
"
"2016-11-21 14:48:01ID: BB  Data: 00 00 00 AA 01 B9 83 F3 
"
"2016-11-21 14:48:01ID: BC  Data: 00 00 00 AA FE 46 7C 0D 
"
"2016-11-21 14:48:01ID: BB  Data: 00 00 00 AA 00 00 00 00 
"
"2016-11-21 14:48:01ID: BC  Data: 00 00 00 AA 00 00 00 00 
"
"2016-11-21 14:48:01ID: BB  Data: 00 00 00 AA 00 00 00 00 
"
"2016-11-21 14:48:01ID: BC  Data: 00 00 00 AA 00 00 00 00 
"
"2016-11-21 14:48:01ID: BB  Data: 00 00 00 AA 00 00 00 00 
"
"2016-11-21 14:48:01ID: BC  Data: 00 00 00 AA 00 00 00 00 
"
"2016-11-21 14:48:01ID: BB  Data: 00 00 00 AA 00 00 00 00 
"
"2016-11-21 14:48:01ID: BC  Data: 00 00 00 AA 00 00 00 00 
"
"2016-11-21 14:48:01ID: BB  Data: 00 00 00 AA 00 00 00 00 
"
"2016-11-21 14:48:01ID: BC  Data: 00 00 00 AA 00 00 00 00 
"
"2016-11-21 14:48:01ID: BB  Data: 00 00 00 AA 00 00 00 00 
"
"2016-11-21 14:48:01ID: BC  Data: 00 00 00 AA 00 00 00 00 
"
"2016-11-21 14:48:01ID: BB  Data: 00 00 00 AA 00 00 00 00 
"
"2016-11-21 14:48:01ID: BC  Data: 00 00 00 AA 00 00 00 00 
"
"2016-11-21 14:48:01ID: BB  Data: 00 00 00 AA 00 00 00 00 
"
"2016-11-21 14:48:01ID: BC  Data: 00 00 00 AA 00 00 00 00 
"
"2016-11-21 14:48:02ID: BB  Data: 00 00 00 AA 00 00 00 00 
"
"2016-11-21 14:48:02ID: BC  Data: 00 00 00 AA 00 00 00 00 
"
"2016-11-21 14:48:02ID: BB  Data: 00 00 00 AA 00 00 00 00 
"
"2016-11-21 14:48:02ID: BC  Data: 00 00 00 AA 00 00 00 00 
"
"2016-11-21 14:48:02ID: BB  Data: 00 00 00 AA 00 00 00 00 
"
"2016-11-21 14:48:02ID: BC  Data: 00 00 00 AA 00 00 00 00 
"
"2016-11-21 14:48:02ID: BB  Data: 00 00 00 AA 00 00 00 00 
"
"2016-11-21 14:48:02ID: BC  Data: 00 00 00 AA 00 00 00 00 
"
"2016-11-21 14:48:02ID: BB  Data: 00 00 00 AA 00 00 00 00 
"
"2016-11-21 14:48:02ID: BC  Data: 00 00 00 AA 00 00 00 00 
"
"2016-11-21 14:48:02ID: BB  Data: 00 00 00 AA 00 00 00 00 
"
"2016-11-21 14:48:02ID: BC  Data: 00 00 00 AA 00 00 00 00 
"
"2016-11-21 14:48:02ID: BB  Data: 00 00 00 AA 00 00 00 00 
"
"2016-11-21 14:48:02ID: BC  Data: 00 00 00 AA 00 00 00 00 
"
"2016-11-21 14:48:02ID: BB  Data: 00 00 00 AA 00 00 00 00 
"
"2016-11-21 14:48:02ID: BC  Data: 00 00 00 AA 00 00 00 00 
"
"2016-11-21 14:48:02ID: BB  Data: 00 00 00 AA 00 00 00 00 
"
"2016-11-21 14:48:02ID: BC  Data: 00 00 00 AA 00 00 00 00 
"
"2016-11-21 14:48:02ID: BB  Data: 00 00 00 AA 00 00 00 00 
"
"2016-11-21 14:48:02ID: BC  Data: 00 00 00 AA 00 00 00 00 
"
"2016-11-21 14:48:02ID: BB  Data: 00 00 00 AA 00 00 00 00 
"
"2016-11-21 14:48:02ID: BC  Data: 00 00 00 AA 00 00 00 00 
"
"2016-11-21 14:48:03ID: BB  Data: 00 00 00 AA 00 00 00 00 
"
"2016-11-21 14:48:03ID: BC  Data: 00 00 00 AA 00 00 00 00 
"
"2016-11-21 14:48:03ID: BB  Data: 00 00 00 AA 00 00 00 00 
"
"2016-11-21 14:48:03ID: BC  Data: 00 00 00 AA 00 00 00 00 
"
"2016-11-21 14:48:03ID: BB  Data: 00 00 00 AA 00 00 00 00 
"
"2016-11-21 14:48:03ID: BC  Data: 00 00 00 AA 00 00 00 00 
"
"2016-11-21 14:48:03ID: BB  Data: 00 00 00 AA 00 00 00 00 
"
"2016-11-21 14:48:03ID: BC  Data: 00 00 00 AA 00 00 00 00 
"
"2016-11-21 14:48:03ID: BB  Data: 00 00 00 AA 00 00 00 00 
"
"2016-11-21 14:48:03ID: BC  Data: 00 00 00 AA 00 00 00 00 
"
"2016-11-21 14:48:03ID: BB  Data: 00 00 00 AA 00 00 00 00 
"
"2016-11-21 14:48:03ID: BC  Data: 00 00 00 AA 00 00 00 00 
"
"2016-11-21 14:48:03ID: BB  Data: 00 00 00 AA 00 00 00 00 
"
"2016-11-21 14:48:03ID: BC  Data: 00 00 00 AA 00 00 00 00 
"
"2016-11-21 14:48:03ID: BB  Data: 00 00 00 AA 00 00 00 00 
"
"2016-11-21 14:48:03ID: BC  Data: 00 00 00 AA 00 00 00 00 
"
"2016-11-21 14:48:03ID: BB  Data: 00 00 00 AA 00 00 00 00 
"
"2016-11-21 14:48:03ID: BC  Data: 00 00 00 AA 00 00 00 00 
"
"2016-11-21 14:48:03ID: BB  Data: 00 00 00 AA 00 00 00 00 
"
"2016-11-21 14:48:03ID: BC  Data: 00 00 00 AA 00 00 00 00 
"
"2016-11-21 14:48:03ID: BB  Data: 00 00 00 AA 00 00 00 00 
"
"2016-11-21 14:48:03ID: BC  Data: 00 00 00 AA 00 00 00 00 
"
"2016-11-21 14:48:03ID: BB  Data: 00 00 00 AA 00 00 00 00 
"
"2016-11-21 14:48:03ID: BC  Data: 00 00 00 AA 00 00 00 00 
"
"2016-11-21 14:48:04ID: BB  Data: 00 00 00 AA 00 00 00 00 
"
"2016-11-21 14:48:04ID: BC  Data: 00 00 00 AA 00 00 00 00 
"
"2016-11-21 14:48:04ID: BB  Data: 00 00 00 AA 00 00 00 00 
"
"2016-11-21 14:48:04ID: BC  Data: 00 00 00 AA 00 00 00 00 
"
"2016-11-21 14:48:04ID: BB  Data: 00 00 00 AA 00 00 00 00 
"
"2016-11-21 14:48:04ID: BC  Data: 00 00 00 AA 00 00 00 00 
"
"2016-11-21 14:48:04ID: BB  Data: 00 00 00 AA 00 00 00 00 
"
"2016-11-21 14:48:04ID: BC  Data: 00 00 00 AA 00 00 00 00 
"
"2016-11-21 14:48:04ID: BB  Data: 00 00 00 AA 00 00 00 00 
"
"2016-11-21 14:48:04ID: BC  Data: 00 00 00 AA 00 00 00 00 
"
"2016-11-21 14:48:04ID: BB  Data: 00 00 00 AA 00 00 00 00 
"
"2016-11-21 14:48:04ID: BC  Data: 00 00 00 AA 00 00 00 00 
"
"2016-11-21 14:48:04ID: BB  Data: 00 00 00 AA 00 00 00 00 
"
"2016-11-21 14:48:04ID: BC  Data: 00 00 00 AA 00 00 00 00 
"
"2016-11-21 14:48:04ID: BB  Data: 00 00 00 AA 00 00 00 00 
"
"2016-11-21 14:48:04ID: BC  Data: 00 00 00 AA 00 00 00 00 
"
"2016-11-21 14:48:04ID: BB  Data: 00 00 00 AA 00 00 00 00 
"
"2016-11-21 14:48:04ID: BC  Data: 00 00 00 AA 00 00 00 00 
"
"2016-11-21 14:48:04ID: BB  Data: 00 00 00 AA 00 00 00 00 
"
"2016-11-21 14:48:04ID: BC  Data: 00 00 00 AA 00 00 00 00 
"
"2016-11-21 14:48:04ID: BB  Data: 00 00 00 AA 00 00 00 00 
"
"2016-11-21 14:48:04ID: BC  Data: 00 00 00 AA 00 00 00 00 
"
"2016-11-21 14:48:05ID: BB  Data: 00 00 00 AA 00 00 00 00 
"
"2016-11-21 14:48:05ID: BC  Data: 00 00 00 AA 00 00 00 00 
"
"2016-11-21 14:48:05ID: BB  Data: 00 00 00 AA 00 00 00 00 
"
"2016-11-21 14:48:05ID: BC  Data: 00 00 00 AA 00 00 00 00 
"
"2016-11-21 14:48:05ID: BB  Data: 00 00 00 AA 00 00 00 00 
"
"2016-11-21 14:48:05ID: BC  Data: 00 00 00 AA 00 00 00 00 
"
"2016-11-21 14:48:05ID: BB  Data: 00 00 00 AA 00 00 00 00 
"
"2016-11-21 14:48:05ID: BC  Data: 00 00 00 AA 00 00 00 00 
"
"2016-11-21 14:48:05ID: BB  Data: 00 00 00 AA 00 00 00 00 
"
"2016-11-21 14:48:05ID: BC  Data: 00 00 00 AA 00 00 00 00 
"
"2016-11-21 14:48:05ID: BB  Data: 00 00 00 AA 00 00 00 00 
"
"2016-11-21 14:48:05ID: BC  Data: 00 00 00 AA 00 00 00 00 
"
"2016-11-21 14:48:05ID: BB  Data: 00 00 00 AA 00 00 00 00 
"
"2016-11-21 14:48:05ID: BC  Data: 00 00 00 AA 00 00 00 00 
"
"2016-11-21 14:48:05ID: BB  Data: 00 00 00 AA 00 00 00 00 
"
"2016-11-21 14:48:05ID: BC  Data: 00 00 00 AA 00 00 00 00 
"
"2016-11-21 14:48:05ID: BB  Data: 00 00 00 AA 00 00 00 00 
"
"2016-11-21 14:48:05ID: BC  Data: 00 00 00 AA 00 00 00 00 
"
"2016-11-21 14:48:05ID: BB  Data: 00 00 00 AA 00 00 00 00 
"
"2016-11-21 14:48:05ID: BC  Data: 00 00 00 AA 00 00 00 00 
"
"2016-11-21 14:48:05ID: BB  Data: 00 00 00 AA 00 00 00 00 
"
"2016-11-21 14:48:05ID: BC  Data: 00 00 00 AA 00 00 00 00 
"
"2016-11-21 14:48:05ID: BB  Data: 00 00 00 AA 00 00 00 00 
"
"2016-11-21 14:48:06ID: BC  Data: 00 00 00 AA 00 00 00 00 
"
"2016-11-21 14:48:06ID: BB  Data: 00 00 00 AA 00 00 00 00 
"
"2016-11-21 14:48:06ID: BC  Data: 00 00 00 AA 00 00 00 00 
"
"2016-11-21 14:48:06ID: BB  Data: 00 00 00 AA 00 00 00 00 
"
"2016-11-21 14:48:06ID: BC  Data: 00 00 00 AA 00 00 00 00 
"
"2016-11-21 14:48:06ID: BB  Data: 00 00 00 AA 00 00 00 00 
"
"2016-11-21 14:48:06ID: BC  Data: 00 00 00 AA 00 00 00 00 
"
"2016-11-21 14:48:06ID: BB  Data: 00 00 00 AA 00 00 00 00 
"
"2016-11-21 14:48:06ID: BC  Data: 00 00 00 AA 00 00 00 00 
"
"2016-11-21 14:48:06ID: BB  Data: 00 00 00 AA 00 00 00 00 
"
"2016-11-21 14:48:06ID: BC  Data: 00 00 00 AA 00 00 00 00 
"
"2016-11-21 14:48:06ID: BB  Data: 00 00 00 AA 00 00 00 00 
"
"2016-11-21 14:48:06ID: BC  Data: 00 00 00 AA 00 00 00 00 
"
"2016-11-21 14:48:06ID: BB  Data: 00 00 00 AA 00 00 00 00 
"
"2016-11-21 14:48:06ID: BC  Data: 00 00 00 AA 00 00 00 00 
"
"2016-11-21 14:48:06ID: BB  Data: 00 00 00 AA 00 00 00 00 
"
"2016-11-21 14:48:06ID: BC  Data: 00 00 00 AA 00 00 00 00 
"
"2016-11-21 14:48:06ID: BB  Data: 00 00 00 AA 00 00 00 00 
"
"2016-11-21 14:48:06ID: BC  Data: 00 00 00 AA 00 00 00 00 
"
"2016-11-21 14:48:06ID: BB  Data: 00 00 00 AA 00 00 00 00 
"
"2016-11-21 14:48:06ID: BC  Data: 00 00 00 AA 00 00 00 00 
"
"2016-11-21 14:48:06ID: BB  Data: 00 00 00 AA 00 00 00 00 
"
"2016-11-21 14:48:06ID: BC  Data: 00 00 00 AA 00 00 00 00 
"
"2016-11-21 14:48:07ID: BB  Data: 00 00 00 AA 00 00 00 00 
"
"2016-11-21 14:48:07ID: BC  Data: 00 00 00 AA 00 00 00 00 
"
"2016-11-21 14:48:07ID: BB  Data: 00 00 00 AA 00 00 00 00 
"
"2016-11-21 14:48:07ID: BC  Data: 00 00 00 AA 00 00 00 00 
"
"2016-11-21 14:48:07ID: BB  Data: 00 00 00 AA 00 00 00 00 
"
"2016-11-21 14:48:07ID: BC  Data: 00 00 00 AA 00 00 00 00 
"
"2016-11-21 14:48:07ID: BB  Data: 00 00 00 AA 03 DA 38 65 
"
"2016-11-21 14:48:07ID: BC  Data: 00 00 00 AA FC 25 C7 9B 
"
"2016-11-21 14:48:07ID: BB  Data: 00 00 00 AA 09 2F ED FA 
"
"2016-11-21 14:48:07ID: BC  Data: 00 00 00 AA F6 D0 12 06 
"
"2016-11-21 14:48:07ID: BB  Data: 00 00 00 AA 08 24 D7 0B 
"
"2016-11-21 14:48:07ID: BC  Data: 00 00 00 AA F7 DB 28 F5 
"
"2016-11-21 14:48:07ID: BB  Data: 00 00 00 AA 07 21 A5 0B 
"
"2016-11-21 14:48:07ID: BC  Data: 00 00 00 AA F8 DE 5A F5 
"
"2016-11-21 14:48:07ID: BB  Data: 00 00 00 AA 06 3B 65 23 
"
"2016-11-21 14:48:07ID: BC  Data: 00 00 00 AA F9 C4 9A DD 
"
"2016-11-21 14:48:07ID: BB  Data: 00 00 00 AA 05 E1 ED 37 
"
"2016-11-21 14:48:07ID: BC  Data: 00 00 00 AA FA 1E 12 C9 
"
"2016-11-21 14:48:07ID: BB  Data: 00 00 00 AA 06 11 4A D2 
"
"2016-11-21 14:48:07ID: BC  Data: 00 00 00 AA F9 EE B5 2E 
"
"2016-11-21 14:48:07ID: BB  Data: 00 00 00 AA 05 E1 ED 37 
"
"2016-11-21 14:48:07ID: BC  Data: 00 00 00 AA FA 1E 12 C9 
"
"2016-11-21 14:48:08ID: BB  Data: 00 00 00 AA 05 D8 B7 76 
"
"2016-11-21 14:48:08ID: BC  Data: 00 00 00 AA FA 27 48 8A 
"
"2016-11-21 14:48:08ID: BB  Data: 00 00 00 AA 05 FE DF 4F 
"
"2016-11-21 14:48:08ID: BC  Data: 00 00 00 AA FA 01 20 B1 
"
"2016-11-21 14:48:08ID: BB  Data: 00 00 00 AA 05 EC 73 CC 
"
"2016-11-21 14:48:08ID: BC  Data: 00 00 00 AA FA 13 8C 34 
"
"2016-11-21 14:48:08ID: BB  Data: 00 00 00 AA 05 EC 73 CC 
"
"2016-11-21 14:48:08ID: BC  Data: 00 00 00 AA FA 13 8C 34 
"
"2016-11-21 14:48:08ID: BB  Data: 00 00 00 AA 05 D3 74 2C 
"
"2016-11-21 14:48:08ID: BC  Data: 00 00 00 AA FA 2C 8B D4 
"
"2016-11-21 14:48:08ID: BB  Data: 00 00 00 AA 05 14 AC EF 
"
"2016-11-21 14:48:08ID: BC  Data: 00 00 00 AA FA EB 53 11 
"
"2016-11-21 14:48:08ID: BB  Data: 00 00 00 AA 01 F9 FC 3F 
"
"2016-11-21 14:48:08ID: BC  Data: 00 00 00 AA FE 06 03 C1 
"
"2016-11-21 14:48:08ID: BB  Data: 00 00 00 AA 00 00 00 00 
"
"2016-11-21 14:48:08ID: BC  Data: 00 00 00 AA 00 00 00 00 
"
"2016-11-21 14:48:08ID: BB  Data: 00 00 00 AA 00 00 00 00 
"
"2016-11-21 14:48:08ID: BC  Data: 00 00 00 AA 00 00 00 00 
"
"2016-11-21 14:48:08ID: BB  Data: 00 00 00 AA 00 00 00 00 
"
"2016-11-21 14:48:08ID: BC  Data: 00 00 00 AA 00 00 00 00 
"
"2016-11-21 14:48:08ID: BB  Data: 00 00 00 AA 00 00 00 00 
"
"2016-11-21 14:48:08ID: BC  Data: 00 00 00 AA 00 00 00 00 
"
"2016-11-21 14:48:08ID: BB  Data: 00 00 00 AA 00 00 00 00 
"
"2016-11-21 14:48:08ID: BC  Data: 00 00 00 AA 00 00 00 00 
"
"2016-11-21 14:48:09ID: BB  Data: 00 00 00 AA 00 00 00 00 
"
"2016-11-21 14:48:09ID: BC  Data: 00 00 00 AA 00 00 00 00 
"
"2016-11-21 14:48:09ID: BB  Data: 00 00 00 AA 00 00 00 00 
"
"2016-11-21 14:48:09ID: BC  Data: 00 00 00 AA 00 00 00 00 
"
"2016-11-21 14:48:09ID: BB  Data: 00 00 00 AA 00 00 00 00 
"
"2016-11-21 14:48:09ID: BC  Data: 00 00 00 AA 00 00 00 00 
"
"2016-11-21 14:48:09ID: BB  Data: 00 00 00 AA 00 00 00 00 
"
"2016-11-21 14:48:09ID: BC  Data: 00 00 00 AA 00 00 00 00 
"
"2016-11-21 14:48:09ID: BB  Data: 00 00 00 AA 00 00 00 00 
"
"2016-11-21 14:48:09ID: BC  Data: 00 00 00 AA 00 00 00 00 
"
"2016-11-21 14:48:09ID: BB  Data: 00 00 00 AA 00 00 00 00 
"
"2016-11-21 14:48:09ID: BC  Data: 00 00 00 AA 00 00 00 00 
"
"2016-11-21 14:48:09ID: BB  Data: 00 00 00 AA 00 00 00 00 
"
"2016-11-21 14:48:09ID: BC  Data: 00 00 00 AA 00 00 00 00 
"
"2016-11-21 14:48:09ID: BB  Data: 00 00 00 AA 00 00 00 00 
"
"2016-11-21 14:48:09ID: BC  Data: 00 00 00 AA 00 00 00 00 
"
"2016-11-21 14:48:09ID: BB  Data: 00 00 00 AA 00 00 00 00 
"
"2016-11-21 14:48:09ID: BC  Data: 00 00 00 AA 00 00 00 00 
"
"2016-11-21 14:48:09ID: BB  Data: 00 00 00 AA 00 00 00 00 
"
"2016-11-21 14:48:09ID: BC  Data: 00 00 00 AA 00 00 00 00 
"
"2016-11-21 14:48:09ID: BB  Data: 00 00 00 AA 00 00 00 00 
"
"2016-11-21 14:48:09ID: BC  Data: 00 00 00 AA 00 00 00 00 
"
"2016-11-21 14:48:10ID: BB  Data: 00 00 00 AA 00 00 00 00 
"
"2016-11-21 14:48:10ID: BC  Data: 00 00 00 AA 00 00 00 00 
"
"2016-11-21 14:48:10ID: BB  Data: 00 00 00 AA 00 00 00 00 
"
"2016-11-21 14:48:10ID: BC  Data: 00 00 00 AA 00 00 00 00 
"
"2016-11-21 14:48:10ID: BB  Data: 00 00 00 AA 00 00 00 00 
"
"2016-11-21 14:48:10ID: BC  Data: 00 00 00 AA 00 00 00 00 
"
"2016-11-21 14:48:10ID: BB  Data: 00 00 00 AA 00 00 00 00 
"
"2016-11-21 14:48:10ID: BC  Data: 00 00 00 AA 00 00 00 00 
"
"2016-11-21 14:48:10ID: BB  Data: 00 00 00 AA 00 00 00 00 
"
"2016-11-21 14:48:10ID: BC  Data: 00 00 00 AA 00 00 00 00 
"
"2016-11-21 14:48:10ID: BB  Data: 00 00 00 AA 00 00 00 00 
"
"2016-11-21 14:48:10ID: BC  Data: 00 00 00 AA 00 00 00 00 
"
"2016-11-21 14:48:10ID: BB  Data: 00 00 00 AA 00 00 00 00 
"
"2016-11-21 14:48:10ID: BC  Data: 00 00 00 AA 00 00 00 00 
"
"2016-11-21 14:48:10ID: BB  Data: 00 00 00 AA 00 00 00 00 
"
"2016-11-21 14:48:10ID: BC  Data: 00 00 00 AA 00 00 00 00 
"
"2016-11-21 14:48:10ID: BB  Data: 00 00 00 AA 00 00 00 00 
"
"2016-11-21 14:48:10ID: BC  Data: 00 00 00 AA 00 00 00 00 
"
"2016-11-21 14:48:10ID: BB  Data: 00 00 00 AA 00 00 00 00 
"
"2016-11-21 14:48:10ID: BC  Data: 00 00 00 AA 00 00 00 00 
"
"2016-11-21 14:48:10ID: BB  Data: 00 00 00 AA 00 00 00 00 
"
"2016-11-21 14:48:10ID: BC  Data: 00 00 00 AA 00 00 00 00 
"
"2016-11-21 14:48:11ID: BB  Data: 00 00 00 AA 00 00 00 00 
"
"2016-11-21 14:48:11ID: BC  Data: 00 00 00 AA 00 00 00 00 
"
"2016-11-21 14:48:11ID: BB  Data: 00 00 00 AA 00 00 00 00 
"
"2016-11-21 14:48:11ID: BC  Data: 00 00 00 AA 00 00 00 00 
"
"2016-11-21 14:48:11ID: BB  Data: 00 00 00 AA 00 00 00 00 
"
"2016-11-21 14:48:11ID: BC  Data: 00 00 00 AA 00 00 00 00 
"
"2016-11-21 14:48:11ID: BB  Data: 00 00 00 AA 00 00 00 00 
"
"2016-11-21 14:48:11ID: BC  Data: 00 00 00 AA 00 00 00 00 
"
"2016-11-21 14:48:11ID: BB  Data: 00 00 00 AA 00 00 00 00 
"
"2016-11-21 14:48:11ID: BC  Data: 00 00 00 AA 00 00 00 00 
"
"2016-11-21 14:48:11ID: BB  Data: 00 00 00 AA 00 00 00 00 
"
"2016-11-21 14:48:11ID: BC  Data: 00 00 00 AA 00 00 00 00 
"
"2016-11-21 14:48:11ID: BB  Data: 00 00 00 AA 00 00 00 00 
"
"2016-11-21 14:48:11ID: BC  Data: 00 00 00 AA 00 00 00 00 
"
"2016-11-21 14:48:11ID: BB  Data: 00 00 00 AA 00 00 00 00 
"
"2016-11-21 14:48:11ID: BC  Data: 00 00 00 AA 00 00 00 00 
"
"2016-11-21 14:48:11ID: BB  Data: 00 00 00 AA 00 00 00 00 
"
"2016-11-21 14:48:11ID: BC  Data: 00 00 00 AA 00 00 00 00 
"
"2016-11-21 14:48:11ID: BB  Data: 00 00 00 AA 00 00 00 00 
"
"2016-11-21 14:48:11ID: BC  Data: 00 00 00 AA 00 00 00 00 
"
"2016-11-21 14:48:11ID: BB  Data: 00 00 00 AA 00 00 00 00 
"
"2016-11-21 14:48:11ID: BC  Data: 00 00 00 AA 00 00 00 00 
"
"2016-11-21 14:48:11ID: BB  Data: 00 00 00 AA 00 00 00 00 
"
"2016-11-21 14:48:11ID: BC  Data: 00 00 00 AA 00 00 00 00 
"
"2016-11-21 14:48:12ID: BB  Data: 00 00 00 AA 00 00 00 00 
"
"2016-11-21 14:48:12ID: BC  Data: 00 00 00 AA 00 00 00 00 
"
"2016-11-21 14:48:12ID: BB  Data: 00 00 00 AA 00 00 00 00 
"
"2016-11-21 14:48:12ID: BC  Data: 00 00 00 AA 00 00 00 00 
"
"2016-11-21 14:48:12ID: BB  Data: 00 00 00 AA 00 00 00 00 
"
"2016-11-21 14:48:12ID: BC  Data: 00 00 00 AA 00 00 00 00 
"
"2016-11-21 14:48:12ID: BB  Data: 00 00 00 AA 00 00 00 00 
"
"2016-11-21 14:48:12ID: BC  Data: 00 00 00 AA 00 00 00 00 
"
"2016-11-21 14:48:12ID: BB  Data: 00 00 00 AA 00 00 00 00 
"
"2016-11-21 14:48:12ID: BC  Data: 00 00 00 AA 00 00 00 00 
"
"2016-11-21 14:48:12ID: BB  Data: 00 00 00 AA 07 3E 97 22 
"
"2016-11-21 14:48:12ID: BC  Data: 00 00 00 AA F8 C1 68 DE 
"
"2016-11-21 14:48:12ID: BB  Data: 00 00 00 AA 0D 26 57 FE 
"
"2016-11-21 14:48:12ID: BC  Data: 00 00 00 AA F2 D9 A8 02 
"
"2016-11-21 14:48:12ID: BB  Data: 00 00 00 AA 0E 09 F6 41 
"
"2016-11-21 14:48:12ID: BC  Data: 00 00 00 AA F1 F6 09 BF 
"
"2016-11-21 14:48:12ID: BB  Data: 00 00 00 AA 0E 75 D9 B0 
"
"2016-11-21 14:48:12ID: BC  Data: 00 00 00 AA F1 8A 26 50 
"
"2016-11-21 14:48:12ID: BB  Data: 00 00 00 AA 0E F1 86 FC 
"
"2016-11-21 14:48:12ID: BC  Data: 00 00 00 AA F1 0E 79 04 
"
"2016-11-21 14:48:12ID: BB  Data: 00 00 00 AA 0E F5 79 74 
"
"2016-11-21 14:48:12ID: BC  Data: 00 00 00 AA F1 0A 86 8C 
"
"2016-11-21 14:48:13ID: BB  Data: 00 00 00 AA 0E F6 CA 46 
"
"2016-11-21 14:48:13ID: BC  Data: 00 00 00 AA F1 09 35 BA 
"
"2016-11-21 14:48:13ID: BB  Data: 00 00 00 AA 0E F6 CA 46 
"
"2016-11-21 14:48:13ID: BC  Data: 00 00 00 AA F1 09 35 BA 
"
"2016-11-21 14:48:13ID: BB  Data: 00 00 00 AA 0E F9 6B EC 
"
"2016-11-21 14:48:13ID: BC  Data: 00 00 00 AA F1 06 94 14 
"
"2016-11-21 14:48:13ID: BB  Data: 00 00 00 AA 0E F9 6B EC 
"
"2016-11-21 14:48:13ID: BC  Data: 00 00 00 AA F1 06 94 14 
"
"2016-11-21 14:48:13ID: BB  Data: 00 00 00 AA 0E F8 1B 19 
"
"2016-11-21 14:48:13ID: BC  Data: 00 00 00 AA F1 07 E4 E7 
"
"2016-11-21 14:48:13ID: BB  Data: 00 00 00 AA 0E FA BC BE 
"
"2016-11-21 14:48:13ID: BC  Data: 00 00 00 AA F1 05 43 42 
"
"2016-11-21 14:48:13ID: BB  Data: 00 00 00 AA 0E FA BC BE 
"
"2016-11-21 14:48:13ID: BC  Data: 00 00 00 AA F1 05 43 42 
"
"2016-11-21 14:48:13ID: BB  Data: 00 00 00 AA 0E F9 6B EC 
"
"2016-11-21 14:48:13ID: BC  Data: 00 00 00 AA F1 06 94 14 
"
"2016-11-21 14:48:13ID: BB  Data: 00 00 00 AA 0E F8 1B 19 
"
"2016-11-21 14:48:13ID: BC  Data: 00 00 00 AA F1 07 E4 E7 
"
"2016-11-21 14:48:13ID: BB  Data: 00 00 00 AA 0E F8 1B 19 
"
"2016-11-21 14:48:13ID: BC  Data: 00 00 00 AA F1 07 E4 E7 
"
"2016-11-21 14:48:13ID: BB  Data: 00 00 00 AA 0E F8 1B 19 
"
"2016-11-21 14:48:13ID: BC  Data: 00 00 00 AA F1 07 E4 E7 
"
"2016-11-21 14:48:13ID: BB  Data: 00 00 00 AA 0E FA BC BE 
"
"2016-11-21 14:48:14ID: BC  Data: 00 00 00 AA F1 05 43 42 
"
"2016-11-21 14:48:14ID: BB  Data: 00 00 00 AA 0E F9 6B EC 
"
"2016-11-21 14:48:14ID: BC  Data: 00 00 00 AA F1 06 94 14 
"
"2016-11-21 14:48:14ID: BB  Data: 00 00 00 AA 0E F9 6B EC 
"
"2016-11-21 14:48:14ID: BC  Data: 00 00 00 AA F1 06 94 14 
"
"2016-11-21 14:48:14ID: BB  Data: 00 00 00 AA 0E F8 1B 19 
"
"2016-11-21 14:48:14ID: BC  Data: 00 00 00 AA F1 07 E4 E7 
"
"2016-11-21 14:48:14ID: BB  Data: 00 00 00 AA 0E F8 1B 19 
"
"2016-11-21 14:48:14ID: BC  Data: 00 00 00 AA F1 07 E4 E7 
"
"2016-11-21 14:48:14ID: BB  Data: 00 00 00 AA 0E F9 6B EC 
"
"2016-11-21 14:48:14ID: BC  Data: 00 00 00 AA F1 06 94 14 
"
"2016-11-21 14:48:14ID: BB  Data: 00 00 00 AA 0E F8 1B 19 
"
"2016-11-21 14:48:14ID: BC  Data: 00 00 00 AA F1 07 E4 E7 
"
"2016-11-21 14:48:14ID: BB  Data: 00 00 00 AA 0E FA BC BE 
"
"2016-11-21 14:48:14ID: BC  Data: 00 00 00 AA F1 05 43 42 
"
"2016-11-21 14:48:14ID: BB  Data: 00 00 00 AA 0E FA BC BE 
"
"2016-11-21 14:48:14ID: BC  Data: 00 00 00 AA F1 05 43 42 
"
"2016-11-21 14:48:14ID: BB  Data: 00 00 00 AA 0E FA BC BE 
"
"2016-11-21 14:48:14ID: BC  Data: 00 00 00 AA F1 05 43 42 
"
"2016-11-21 14:48:14ID: BB  Data: 00 00 00 AA 0E F9 6B EC 
"
"2016-11-21 14:48:14ID: BC  Data: 00 00 00 AA F1 06 94 14 
"
"2016-11-21 14:48:14ID: BB  Data: 00 00 00 AA 0E FA BC BE 
"
"2016-11-21 14:48:14ID: BC  Data: 00 00 00 AA F1 05 43 42 
"
"2016-11-21 14:48:15ID: BB  Data: 00 00 00 AA 0E FA BC BE 
"
"2016-11-21 14:48:15ID: BC  Data: 00 00 00 AA F1 05 43 42 
"
"2016-11-21 14:48:15ID: BB  Data: 00 00 00 AA 0E F9 6B EC 
"
"2016-11-21 14:48:15ID: BC  Data: 00 00 00 AA F1 06 94 14 
"
"2016-11-21 14:48:15ID: BB  Data: 00 00 00 AA 0E F9 6B EC 
"
"2016-11-21 14:48:15ID: BC  Data: 00 00 00 AA F1 06 94 14 
"
"2016-11-21 14:48:15ID: BB  Data: 00 00 00 AA 0E F9 6B EC 
"
"2016-11-21 14:48:15ID: BC  Data: 00 00 00 AA F1 06 94 14 
"
"2016-11-21 14:48:15ID: BB  Data: 00 00 00 AA 0E FA BC BE 
"
"2016-11-21 14:48:15ID: BC  Data: 00 00 00 AA F1 05 43 42 
"
"2016-11-21 14:48:15ID: BB  Data: 00 00 00 AA 0E F9 6B EC 
"
"2016-11-21 14:48:15ID: BC  Data: 00 00 00 AA F1 06 94 14 
"
"2016-11-21 14:48:15ID: BB  Data: 00 00 00 AA 0E FA BC BE 
"
"2016-11-21 14:48:15ID: BC  Data: 00 00 00 AA F1 05 43 42 
"
"2016-11-21 14:48:15ID: BB  Data: 00 00 00 AA 0E F8 1B 19 
"
"2016-11-21 14:48:15ID: BC  Data: 00 00 00 AA F1 07 E4 E7 
"
"2016-11-21 14:48:15ID: BB  Data: 00 00 00 AA 0E F9 6B EC 
"
"2016-11-21 14:48:15ID: BC  Data: 00 00 00 AA F1 06 94 14 
"
"2016-11-21 14:48:15ID: BB  Data: 00 00 00 AA 0E F9 6B EC 
"
"2016-11-21 14:48:15ID: BC  Data: 00 00 00 AA F1 06 94 14 
"
"2016-11-21 14:48:15ID: BB  Data: 00 00 00 AA 0E FA BC BE 
"
"2016-11-21 14:48:15ID: BC  Data: 00 00 00 AA F1 05 43 42 
"
"2016-11-21 14:48:16ID: BB  Data: 00 00 00 AA 0E FA BC BE 
"
"2016-11-21 14:48:16ID: BC  Data: 00 00 00 AA F1 05 43 42 
"
"2016-11-21 14:48:16ID: BB  Data: 00 00 00 AA 0E F9 6B EC 
"
"2016-11-21 14:48:16ID: BC  Data: 00 00 00 AA F1 06 94 14 
"
"2016-11-21 14:48:16ID: BB  Data: 00 00 00 AA 0E FA BC BE 
"
"2016-11-21 14:48:16ID: BC  Data: 00 00 00 AA F1 05 43 42 
"
"2016-11-21 14:48:16ID: BB  Data: 00 00 00 AA 0E FA BC BE 
"
"2016-11-21 14:48:16ID: BC  Data: 00 00 00 AA F1 05 43 42 
"
"2016-11-21 14:48:16ID: BB  Data: 00 00 00 AA 0E F9 6B EC 
"
"2016-11-21 14:48:16ID: BC  Data: 00 00 00 AA F1 06 94 14 
"
"2016-11-21 14:48:16ID: BB  Data: 00 00 00 AA 0E F9 6B EC 
"
"2016-11-21 14:48:16ID: BC  Data: 00 00 00 AA F1 06 94 14 
"
"2016-11-21 14:48:16ID: BB  Data: 00 00 00 AA 0E F9 6B EC 
"
"2016-11-21 14:48:16ID: BC  Data: 00 00 00 AA F1 06 94 14 
"
"2016-11-21 14:48:16ID: BB  Data: 00 00 00 AA 0E FA BC BE 
"
"2016-11-21 14:48:16ID: BC  Data: 00 00 00 AA F1 05 43 42 
"
"2016-11-21 14:48:16ID: BB  Data: 00 00 00 AA 0E F9 6B EC 
"
"2016-11-21 14:48:16ID: BC  Data: 00 00 00 AA F1 06 94 14 
"
"2016-11-21 14:48:16ID: BB  Data: 00 00 00 AA 0E F9 6B EC 
"
"2016-11-21 14:48:16ID: BC  Data: 00 00 00 AA F1 06 94 14 
"
"2016-11-21 14:48:16ID: BB  Data: 00 00 00 AA 0E F9 6B EC 
"
"2016-11-21 14:48:16ID: BC  Data: 00 00 00 AA F1 06 94 14 
"
"2016-11-21 14:48:16ID: BB  Data: 00 00 00 AA 0E FA BC BE 
"
"2016-11-21 14:48:16ID: BC  Data: 00 00 00 AA F1 05 43 42 
"
"2016-11-21 14:48:17ID: BB  Data: 00 00 00 AA 0E F9 6B EC 
"
"2016-11-21 14:48:17ID: BC  Data: 00 00 00 AA F1 06 94 14 
"
"2016-11-21 14:48:17ID: BB  Data: 00 00 00 AA 0E F8 1B 19 
"
"2016-11-21 14:48:17ID: BC  Data: 00 00 00 AA F1 07 E4 E7 
"
"2016-11-21 14:48:17ID: BB  Data: 00 00 00 AA 0E F9 6B EC 
"
"2016-11-21 14:48:17ID: BC  Data: 00 00 00 AA F1 06 94 14 
"
"2016-11-21 14:48:17ID: BB  Data: 00 00 00 AA 0E FA BC BE 
"
"2016-11-21 14:48:17ID: BC  Data: 00 00 00 AA F1 05 43 42 
"
"2016-11-21 14:48:17ID: BB  Data: 00 00 00 AA 0E FA BC BE 
"
"2016-11-21 14:48:17ID: BC  Data: 00 00 00 AA F1 05 43 42 
"
"2016-11-21 14:48:17ID: BB  Data: 00 00 00 AA 0E F9 6B EC 
"
"2016-11-21 14:48:17ID: BC  Data: 00 00 00 AA F1 06 94 14 
"
"2016-11-21 14:48:17ID: BB  Data: 00 00 00 AA 0E F8 1B 19 
"
"2016-11-21 14:48:17ID: BC  Data: 00 00 00 AA F1 07 E4 E7 
"
"2016-11-21 14:48:17ID: BB  Data: 00 00 00 AA 0E FA BC BE 
"
"2016-11-21 14:48:17ID: BC  Data: 00 00 00 AA F1 05 43 42 
"
"2016-11-21 14:48:17ID: BB  Data: 00 00 00 AA 0E F9 6B EC 
"
"2016-11-21 14:48:17ID: BC  Data: 00 00 00 AA F1 06 94 14 
"
"2016-11-21 14:48:17ID: BB  Data: 00 00 00 AA 0E FA BC BE 
"
"2016-11-21 14:48:17ID: BC  Data: 00 00 00 AA F1 05 43 42 
"
"2016-11-21 14:48:17ID: BB  Data: 00 00 00 AA 0E FA BC BE 
"
"2016-11-21 14:48:17ID: BC  Data: 00 00 00 AA F1 05 43 42 
"
"2016-11-21 14:48:18ID: BB  Data: 00 00 00 AA 0E F9 6B EC 
"
"2016-11-21 14:48:18ID: BC  Data: 00 00 00 AA F1 06 94 14 
"
"2016-11-21 14:48:18ID: BB  Data: 00 00 00 AA 0E F9 6B EC 
"
"2016-11-21 14:48:18ID: BC  Data: 00 00 00 AA F1 06 94 14 
"
"2016-11-21 14:48:18ID: BB  Data: 00 00 00 AA 0E F8 1B 19 
"
"2016-11-21 14:48:18ID: BC  Data: 00 00 00 AA F1 07 E4 E7 
"
"2016-11-21 14:48:18ID: BB  Data: 00 00 00 AA 0E F8 1B 19 
"
"2016-11-21 14:48:18ID: BC  Data: 00 00 00 AA F1 07 E4 E7 
"
"2016-11-21 14:48:18ID: BB  Data: 00 00 00 AA 0E F9 6B EC 
"
"2016-11-21 14:48:18ID: BC  Data: 00 00 00 AA F1 06 94 14 
"
"2016-11-21 14:48:18ID: BB  Data: 00 00 00 AA 0E FA BC BE 
"
"2016-11-21 14:48:18ID: BC  Data: 00 00 00 AA F1 05 43 42 
"
"2016-11-21 14:48:18ID: BB  Data: 00 00 00 AA 0E F8 1B 19 
"
"2016-11-21 14:48:18ID: BC  Data: 00 00 00 AA F1 07 E4 E7 
"
"2016-11-21 14:48:18ID: BB  Data: 00 00 00 AA 0E F8 1B 19 
"
"2016-11-21 14:48:18ID: BC  Data: 00 00 00 AA F1 07 E4 E7 
"
"2016-11-21 14:48:18ID: BB  Data: 00 00 00 AA 0E F9 6B EC 
"
"2016-11-21 14:48:18ID: BC  Data: 00 00 00 AA F1 06 94 14 
"
"2016-11-21 14:48:18ID: BB  Data: 00 00 00 AA 0E FA BC BE 
"
"2016-11-21 14:48:18ID: BC  Data: 00 00 00 AA F1 05 43 42 
"
"2016-11-21 14:48:18ID: BB  Data: 00 00 00 AA 0E FA BC BE 
"
"2016-11-21 14:48:18ID: BC  Data: 00 00 00 AA F1 05 43 42 
"
"2016-11-21 14:48:19ID: BB  Data: 00 00 00 AA 0E FA BC BE 
"
"2016-11-21 14:48:19ID: BC  Data: 00 00 00 AA F1 05 43 42 
"
"2016-11-21 14:48:19ID: BB  Data: 00 00 00 AA 0E F9 6B EC 
"
"2016-11-21 14:48:19ID: BC  Data: 00 00 00 AA F1 06 94 14 
"
"2016-11-21 14:48:19ID: BB  Data: 00 00 00 AA 0E F8 1B 19 
"
"2016-11-21 14:48:19ID: BC  Data: 00 00 00 AA F1 07 E4 E7 
"
"2016-11-21 14:48:19ID: BB  Data: 00 00 00 AA 0E F9 6B EC 
"
"2016-11-21 14:48:19ID: BC  Data: 00 00 00 AA F1 06 94 14 
"
"2016-11-21 14:48:19ID: BB  Data: 00 00 00 AA 0E F9 6B EC 
"
"2016-11-21 14:48:19ID: BC  Data: 00 00 00 AA F1 06 94 14 
"
"2016-11-21 14:48:19ID: BB  Data: 00 00 00 AA 0E F9 6B EC 
"
"2016-11-21 14:48:19ID: BC  Data: 00 00 00 AA F1 06 94 14 
"
"2016-11-21 14:48:19ID: BB  Data: 00 00 00 AA 0E FC 0D 91 
"
"2016-11-21 14:48:19ID: BC  Data: 00 00 00 AA F1 03 F2 6F 
"
"2016-11-21 14:48:19ID: BB  Data: 00 00 00 AA 0E F9 6B EC 
"
"2016-11-21 14:48:19ID: BC  Data: 00 00 00 AA F1 06 94 14 
"
"2016-11-21 14:48:19ID: BB  Data: 00 00 00 AA 0E FA BC BE 
"
"2016-11-21 14:48:19ID: BC  Data: 00 00 00 AA F1 05 43 42 
"
"2016-11-21 14:48:19ID: BB  Data: 00 00 00 AA 0E F9 6B EC 
"
"2016-11-21 14:48:19ID: BC  Data: 00 00 00 AA F1 06 94 14 
"
"2016-11-21 14:48:19ID: BB  Data: 00 00 00 AA 0E FA BC BE 
"
"2016-11-21 14:48:19ID: BC  Data: 00 00 00 AA F1 05 43 42 
"
"2016-11-21 14:48:19ID: BB  Data: 00 00 00 AA 0E FA BC BE 
"
"2016-11-21 14:48:19ID: BC  Data: 00 00 00 AA F1 05 43 42 
"
"2016-11-21 14:48:20ID: BB  Data: 00 00 00 AA 0E F9 6B EC 
"
"2016-11-21 14:48:20ID: BC  Data: 00 00 00 AA F1 06 94 14 
"
"2016-11-21 14:48:20ID: BB  Data: 00 00 00 AA 0E F9 6B EC 
"
"2016-11-21 14:48:20ID: BC  Data: 00 00 00 AA F1 06 94 14 
"
"2016-11-21 14:48:20ID: BB  Data: 00 00 00 AA 0E FA BC BE 
"
"2016-11-21 14:48:20ID: BC  Data: 00 00 00 AA F1 05 43 42 
"
"2016-11-21 14:48:20ID: BB  Data: 00 00 00 AA 0E F8 1B 19 
"
"2016-11-21 14:48:20ID: BC  Data: 00 00 00 AA F1 07 E4 E7 
"
"2016-11-21 14:48:20ID: BB  Data: 00 00 00 AA 0E FC 0D 91 
"
"2016-11-21 14:48:20ID: BC  Data: 00 00 00 AA F1 03 F2 6F 
"
"2016-11-21 14:48:20ID: BB  Data: 00 00 00 AA 0E FA BC BE 
"
"2016-11-21 14:48:20ID: BC  Data: 00 00 00 AA F1 05 43 42 
"
"2016-11-21 14:48:20ID: BB  Data: 00 00 00 AA 0E FA BC BE 
"
"2016-11-21 14:48:20ID: BC  Data: 00 00 00 AA F1 05 43 42 
"
"2016-11-21 14:48:20ID: BB  Data: 00 00 00 AA 0E FA BC BE 
"
"2016-11-21 14:48:20ID: BC  Data: 00 00 00 AA F1 05 43 42 
"
"2016-11-21 14:48:20ID: BB  Data: 00 00 00 AA 0E F9 6B EC 
"
"2016-11-21 14:48:20ID: BC  Data: 00 00 00 AA F1 06 94 14 
"
"2016-11-21 14:48:20ID: BB  Data: 00 00 00 AA 0E FA BC BE 
"
"2016-11-21 14:48:20ID: BC  Data: 00 00 00 AA F1 05 43 42 
"
"2016-11-21 14:48:20ID: BB  Data: 00 00 00 AA 0E F9 6B EC 
"
"2016-11-21 14:48:20ID: BC  Data: 00 00 00 AA F1 06 94 14 
"
"2016-11-21 14:48:21ID: BB  Data: 00 00 00 AA 0E FA BC BE 
"
"2016-11-21 14:48:21ID: BC  Data: 00 00 00 AA F1 05 43 42 
"
"2016-11-21 14:48:21ID: BB  Data: 00 00 00 AA 0E FA BC BE 
"
"2016-11-21 14:48:21ID: BC  Data: 00 00 00 AA F1 05 43 42 
"
"2016-11-21 14:48:21ID: BB  Data: 00 00 00 AA 0E FA BC BE 
"
"2016-11-21 14:48:21ID: BC  Data: 00 00 00 AA F1 05 43 42 
"
"2016-11-21 14:48:21ID: BB  Data: 00 00 00 AA 0E F9 6B EC 
"
"2016-11-21 14:48:21ID: BC  Data: 00 00 00 AA F1 06 94 14 
"
"2016-11-21 14:48:21ID: BB  Data: 00 00 00 AA 0E FA BC BE 
"
"2016-11-21 14:48:21ID: BC  Data: 00 00 00 AA F1 05 43 42 
"
"2016-11-21 14:48:21ID: BB  Data: 00 00 00 AA 0E F6 CA 46 
"
"2016-11-21 14:48:21ID: BC  Data: 00 00 00 AA F1 09 35 BA 
"
"2016-11-21 14:48:21ID: BB  Data: 00 00 00 AA 0E F9 6B EC 
"
"2016-11-21 14:48:21ID: BC  Data: 00 00 00 AA F1 06 94 14 
"
"2016-11-21 14:48:21ID: BB  Data: 00 00 00 AA 0E F6 CA 46 
"
"2016-11-21 14:48:21ID: BC  Data: 00 00 00 AA F1 09 35 BA 
"
"2016-11-21 14:48:21ID: BB  Data: 00 00 00 AA 0D 09 65 E7 
"
"2016-11-21 14:48:21ID: BC  Data: 00 00 00 AA F2 F6 9A 19 
"
"2016-11-21 14:48:21ID: BB  Data: 00 00 00 AA 0B 9B A1 4B 
"
"2016-11-21 14:48:21ID: BC  Data: 00 00 00 AA F4 64 5E B5 
"
"2016-11-21 14:48:21ID: BB  Data: 00 00 00 AA 07 6F 45 8F 
"
"2016-11-21 14:48:21ID: BC  Data: 00 00 00 AA F8 90 BA 71 
"
"2016-11-21 14:48:22ID: BB  Data: 00 00 00 AA 04 6C 43 AD 
"
"2016-11-21 14:48:22ID: BC  Data: 00 00 00 AA FB 93 BC 53 
"
"2016-11-21 14:48:22ID: BB  Data: 00 00 00 AA 02 41 08 A7 
"
"2016-11-21 14:48:22ID: BC  Data: 00 00 00 AA FD BE F7 59 
"
"2016-11-21 14:48:22ID: BB  Data: 00 00 00 AA 01 C5 5B 5A 
"
"2016-11-21 14:48:22ID: BC  Data: 00 00 00 AA FE 3A A4 A6 
"
"2016-11-21 14:48:22ID: BB  Data: 00 00 00 AA 00 00 00 00 
"
"2016-11-21 14:48:22ID: BC  Data: 00 00 00 AA 00 00 00 00 
"
"2016-11-21 14:48:22ID: BB  Data: 00 00 00 AA 00 00 00 00 
"
"2016-11-21 14:48:22ID: BC  Data: 00 00 00 AA 00 00 00 00 
"
"2016-11-21 14:48:22ID: BB  Data: 00 00 00 AA 00 00 00 00 
"
"2016-11-21 14:48:22ID: BC  Data: 00 00 00 AA 00 00 00 00 
"
"2016-11-21 14:48:22ID: BB  Data: 00 00 00 AA 00 00 00 00 
"
"2016-11-21 14:48:22ID: BC  Data: 00 00 00 AA 00 00 00 00 
"
"2016-11-21 14:48:22ID: BB  Data: 00 00 00 AA 00 00 00 00 
"
"2016-11-21 14:48:22ID: BC  Data: 00 00 00 AA 00 00 00 00 
"
"2016-11-21 14:48:22ID: BB  Data: 00 00 00 AA 00 00 00 00 
"
"2016-11-21 14:48:22ID: BC  Data: 00 00 00 AA 00 00 00 00 
"
"2016-11-21 14:48:22ID: BB  Data: 00 00 00 AA 00 00 00 00 
"
"2016-11-21 14:48:22ID: BC  Data: 00 00 00 AA 00 00 00 00 
"
"2016-11-21 14:48:22ID: BB  Data: 00 00 00 AA 00 00 00 00 
"
"2016-11-21 14:48:22ID: BC  Data: 00 00 00 AA 00 00 00 00 
"
"2016-11-21 14:48:22ID: BB  Data: 00 00 00 AA 00 00 00 00 
"
"2016-11-21 14:48:22ID: BC  Data: 00 00 00 AA 00 00 00 00 
"
"2016-11-21 14:48:23ID: BB  Data: 00 00 00 AA 00 00 00 00 
"
"2016-11-21 14:48:23ID: BC  Data: 00 00 00 AA 00 00 00 00 
"
"2016-11-21 14:48:23ID: BB  Data: 00 00 00 AA 00 00 00 00 
"
"2016-11-21 14:48:23ID: BC  Data: 00 00 00 AA 00 00 00 00 
"
"2016-11-21 14:48:23ID: BB  Data: 00 00 00 AA 00 00 00 00 
"
"2016-11-21 14:48:23ID: BC  Data: 00 00 00 AA 00 00 00 00 
"
"2016-11-21 14:48:23ID: BB  Data: 00 00 00 AA 00 00 00 00 
"
"2016-11-21 14:48:23ID: BC  Data: 00 00 00 AA 00 00 00 00 
"
"2016-11-21 14:48:23ID: BB  Data: 00 00 00 AA 00 00 00 00 
"
"2016-11-21 14:48:23ID: BC  Data: 00 00 00 AA 00 00 00 00 
"
"2016-11-21 14:48:23ID: BB  Data: 00 00 00 AA 00 00 00 00 
"
"2016-11-21 14:48:23ID: BC  Data: 00 00 00 AA 00 00 00 00 
"
"2016-11-21 14:48:23ID: BB  Data: 00 00 00 AA 00 00 00 00 
"
"2016-11-21 14:48:23ID: BC  Data: 00 00 00 AA 00 00 00 00 
"
"2016-11-21 14:48:23ID: BB  Data: 00 00 00 AA 00 00 00 00 
"
"2016-11-21 14:48:23ID: BC  Data: 00 00 00 AA 00 00 00 00 
"
"2016-11-21 14:48:23ID: BB  Data: 00 00 00 AA 00 00 00 00 
"
"2016-11-21 14:48:23ID: BC  Data: 00 00 00 AA 00 00 00 00 
"
"2016-11-21 14:48:23ID: BB  Data: 00 00 00 AA 00 00 00 00 
"
"2016-11-21 14:48:23ID: BC  Data: 00 00 00 AA 00 00 00 00 
"
"2016-11-21 14:48:23ID: BB  Data: 00 00 00 AA 00 00 00 00 
"
"2016-11-21 14:48:23ID: BC  Data: 00 00 00 AA 00 00 00 00 
"
"2016-11-21 14:48:24ID: BB  Data: 00 00 00 AA 00 00 00 00 
"
"2016-11-21 14:48:24ID: BC  Data: 00 00 00 AA 00 00 00 00 
"
"2016-11-21 14:48:24ID: BB  Data: 00 00 00 AA 00 00 00 00 
"
"2016-11-21 14:48:24ID: BC  Data: 00 00 00 AA 00 00 00 00 
"
"2016-11-21 14:48:24ID: BB  Data: 00 00 00 AA 00 00 00 00 
"
"2016-11-21 14:48:24ID: BC  Data: 00 00 00 AA 00 00 00 00 
"
"2016-11-21 14:48:24ID: BB  Data: 00 00 00 AA 00 00 00 00 
"
"2016-11-21 14:48:24ID: BC  Data: 00 00 00 AA 00 00 00 00 
"
"2016-11-21 14:48:24ID: BB  Data: 00 00 00 AA 00 00 00 00 
"
"2016-11-21 14:48:24ID: BC  Data: 00 00 00 AA 00 00 00 00 
"
"2016-11-21 14:48:24ID: BB  Data: 00 00 00 AA 00 00 00 00 
"
"2016-11-21 14:48:24ID: BC  Data: 00 00 00 AA 00 00 00 00 
"
"2016-11-21 14:48:24ID: BB  Data: 00 00 00 AA 00 00 00 00 
"
"2016-11-21 14:48:24ID: BC  Data: 00 00 00 AA 00 00 00 00 
"
"2016-11-21 14:48:24ID: BB  Data: 00 00 00 AA 00 00 00 00 
"
"2016-11-21 14:48:24ID: BC  Data: 00 00 00 AA 00 00 00 00 
"
"2016-11-21 14:48:24ID: BB  Data: 00 00 00 AA 00 00 00 00 
"
"2016-11-21 14:48:24ID: BC  Data: 00 00 00 AA 00 00 00 00 
"
"2016-11-21 14:48:24ID: BB  Data: 00 00 00 AA 00 00 00 00 
"
"2016-11-21 14:48:24ID: BC  Data: 00 00 00 AA 00 00 00 00 
"
"2016-11-21 14:48:24ID: BB  Data: 00 00 00 AA 00 00 00 00 
"
"2016-11-21 14:48:24ID: BC  Data: 00 00 00 AA 00 00 00 00 
"
"2016-11-21 14:48:24ID: BB  Data: 00 00 00 AA 00 00 00 00 
"
"2016-11-21 14:48:25ID: BC  Data: 00 00 00 AA 00 00 00 00 
"
"2016-11-21 14:48:25ID: BB  Data: 00 00 00 AA 00 00 00 00 
"
"2016-11-21 14:48:25ID: BC  Data: 00 00 00 AA 00 00 00 00 
"
"2016-11-21 14:48:25ID: BB  Data: 00 00 00 AA 00 00 00 00 
"
"2016-11-21 14:48:25ID: BC  Data: 00 00 00 AA 00 00 00 00 
"
"2016-11-21 14:48:25ID: BB  Data: 00 00 00 AA 00 00 00 00 
"
"2016-11-21 14:48:25ID: BC  Data: 00 00 00 AA 00 00 00 00 
"
"2016-11-21 14:48:25ID: BB  Data: 00 00 00 AA 00 00 00 00 
"
"2016-11-21 14:48:25ID: BC  Data: 00 00 00 AA 00 00 00 00 
"
"2016-11-21 14:48:25ID: BB  Data: 00 00 00 AA 00 00 00 00 
"
"2016-11-21 14:48:25ID: BC  Data: 00 00 00 AA 00 00 00 00 
"
"2016-11-21 14:48:25ID: BB  Data: 00 00 00 AA 00 00 00 00 
"
"2016-11-21 14:48:25ID: BC  Data: 00 00 00 AA 00 00 00 00 
"
"2016-11-21 14:48:25ID: BB  Data: 00 00 00 AA 00 00 00 00 
"
"2016-11-21 14:48:25ID: BC  Data: 00 00 00 AA 00 00 00 00 
"
"2016-11-21 14:48:25ID: BB  Data: 00 00 00 AA 00 00 00 00 
"
"2016-11-21 14:48:25ID: BC  Data: 00 00 00 AA 00 00 00 00 
"
"2016-11-21 14:48:25ID: BB  Data: 00 00 00 AA 00 00 00 00 
"
"2016-11-21 14:48:25ID: BC  Data: 00 00 00 AA 00 00 00 00 
"
"2016-11-21 14:48:25ID: BB  Data: 00 00 00 AA 00 00 00 00 
"
"2016-11-21 14:48:25ID: BC  Data: 00 00 00 AA 00 00 00 00 
"
"2016-11-21 14:48:25ID: BB  Data: 00 00 00 AA 00 00 00 00 
"
"2016-11-21 14:48:25ID: BC  Data: 00 00 00 AA 00 00 00 00 
"
"2016-11-21 14:48:26ID: BB  Data: 00 00 00 AA 00 00 00 00 
"
"2016-11-21 14:48:26ID: BC  Data: 00 00 00 AA 00 00 00 00 
"
"2016-11-21 14:48:26ID: BB  Data: 00 00 00 AA 00 00 00 00 
"
"2016-11-21 14:48:26ID: BC  Data: 00 00 00 AA 00 00 00 00 
"
"2016-11-21 14:48:26ID: BB  Data: 00 00 00 AA 00 00 00 00 
"
"2016-11-21 14:48:26ID: BC  Data: 00 00 00 AA 00 00 00 00 
"
"2016-11-21 14:48:26ID: BB  Data: 00 00 00 AA 00 00 00 00 
"
"2016-11-21 14:48:26ID: BC  Data: 00 00 00 AA 00 00 00 00 
"
"2016-11-21 14:48:26ID: BB  Data: 00 00 00 AA 00 00 00 00 
"
"2016-11-21 14:48:26ID: BC  Data: 00 00 00 AA 00 00 00 00 
"
"2016-11-21 14:48:26ID: BB  Data: 00 00 00 AA 00 00 00 00 
"
"2016-11-21 14:48:26ID: BC  Data: 00 00 00 AA 00 00 00 00 
"
"2016-11-21 14:48:26ID: BB  Data: 00 00 00 AA 00 00 00 00 
"
"2016-11-21 14:48:26ID: BC  Data: 00 00 00 AA 00 00 00 00 
"
"2016-11-21 14:48:26ID: BB  Data: 00 00 00 AA 00 00 00 00 
"
"2016-11-21 14:48:26ID: BC  Data: 00 00 00 AA 00 00 00 00 
"
"2016-11-21 14:48:26ID: BB  Data: 00 00 00 AA 00 00 00 00 
"
"2016-11-21 14:48:26ID: BC  Data: 00 00 00 AA 00 00 00 00 
"
"2016-11-21 14:48:26ID: BB  Data: 00 00 00 AA 00 00 00 00 
"
"2016-11-21 14:48:26ID: BC  Data: 00 00 00 AA 00 00 00 00 
"
"2016-11-21 14:48:26ID: BB  Data: 00 00 00 AA 00 00 00 00 
"
"2016-11-21 14:48:26ID: BC  Data: 00 00 00 AA 00 00 00 00 
"
"2016-11-21 14:48:27ID: BB  Data: 00 00 00 AA 00 00 00 00 
"
"2016-11-21 14:48:27ID: BC  Data: 00 00 00 AA 00 00 00 00 
"
"2016-11-21 14:48:27ID: BB  Data: 00 00 00 AA 00 00 00 00 
"
"2016-11-21 14:48:27ID: BC  Data: 00 00 00 AA 00 00 00 00 
"
"2016-11-21 14:48:27ID: BB  Data: 00 00 00 AA 00 00 00 00 
"
"2016-11-21 14:48:27ID: BC  Data: 00 00 00 AA 00 00 00 00 
"
"2016-11-21 14:48:27ID: BB  Data: 00 00 00 AA 00 00 00 00 
"
"2016-11-21 14:48:27ID: BC  Data: 00 00 00 AA 00 00 00 00 
"
"2016-11-21 14:48:27ID: BB  Data: 00 00 00 AA 00 00 00 00 
"
"2016-11-21 14:48:27ID: BC  Data: 00 00 00 AA 00 00 00 00 
"
"2016-11-21 14:48:27ID: BB  Data: 00 00 00 AA 00 00 00 00 
"
"2016-11-21 14:48:27ID: BC  Data: 00 00 00 AA 00 00 00 00 
"
"2016-11-21 14:48:27ID: BB  Data: 00 00 00 AA 00 00 00 00 
"
"2016-11-21 14:48:27ID: BC  Data: 00 00 00 AA 00 00 00 00 
"
"2016-11-21 14:48:27ID: BB  Data: 00 00 00 AA 01 A9 BA 15 
"
"2016-11-21 14:48:27ID: BC  Data: 00 00 00 AA FE 56 45 EB 
"
"2016-11-21 14:48:27ID: BB  Data: 00 00 00 AA 02 18 3F 29 
"
"2016-11-21 14:48:27ID: BC  Data: 00 00 00 AA FD E7 C0 D7 
"
"2016-11-21 14:48:27ID: BB  Data: 00 00 00 AA 02 7E DF 4D 
"
"2016-11-21 14:48:27ID: BC  Data: 00 00 00 AA FD 81 20 B3 
"
"2016-11-21 14:48:27ID: BB  Data: 00 00 00 AA 02 E6 D0 44 
"
"2016-11-21 14:48:27ID: BC  Data: 00 00 00 AA FD 19 2F BC 
"
"2016-11-21 14:48:27ID: BB  Data: 00 00 00 AA 03 90 8A 58 
"
"2016-11-21 14:48:27ID: BC  Data: 00 00 00 AA FC 6F 75 A8 
"
"2016-11-21 14:48:28ID: BB  Data: 00 00 00 AA 04 AB 6B 25 
"
"2016-11-21 14:48:28ID: BC  Data: 00 00 00 AA FB 54 94 DB 
"
"2016-11-21 14:48:28ID: BB  Data: 00 00 00 AA 05 89 C6 1F 
"
"2016-11-21 14:48:28ID: BC  Data: 00 00 00 AA FA 76 39 E1 
"
"2016-11-21 14:48:28ID: BB  Data: 00 00 00 AA 06 23 B6 55 
"
"2016-11-21 14:48:28ID: BC  Data: 00 00 00 AA F9 DC 49 AB 
"
"2016-11-21 14:48:28ID: BB  Data: 00 00 00 AA 07 3E 97 22 
"
"2016-11-21 14:48:28ID: BC  Data: 00 00 00 AA F8 C1 68 DE 
"
"2016-11-21 14:48:28ID: BB  Data: 00 00 00 AA 08 EB 83 37 
"
"2016-11-21 14:48:28ID: BC  Data: 00 00 00 AA F7 14 7C C9 
"
"2016-11-21 14:48:28ID: BB  Data: 00 00 00 AA 09 F0 06 09 
"
"2016-11-21 14:48:28ID: BC  Data: 00 00 00 AA F6 0F F9 F7 
"
"2016-11-21 14:48:28ID: BB  Data: 00 00 00 AA 0A EF 45 91 
"
"2016-11-21 14:48:28ID: BC  Data: 00 00 00 AA F5 10 BA 6F 
"
"2016-11-21 14:48:28ID: BB  Data: 00 00 00 AA 0B C9 AE 13 
"
"2016-11-21 14:48:28ID: BC  Data: 00 00 00 AA F4 36 51 ED 
"
"2016-11-21 14:48:28ID: BB  Data: 00 00 00 AA 0C 1D E2 B4 
"
"2016-11-21 14:48:28ID: BC  Data: 00 00 00 AA F3 E2 1D 4C 
"
"2016-11-21 14:48:28ID: BB  Data: 00 00 00 AA 0D 2C EC 1B 
"
"2016-11-21 14:48:28ID: BC  Data: 00 00 00 AA F2 D3 13 E5 
"
"2016-11-21 14:48:28ID: BB  Data: 00 00 00 AA 0D 5D 9A 88 
"
"2016-11-21 14:48:28ID: BC  Data: 00 00 00 AA F2 A2 65 78 
"
"2016-11-21 14:48:29ID: BB  Data: 00 00 00 AA 0D 5D 9A 88 
"
"2016-11-21 14:48:29ID: BC  Data: 00 00 00 AA F2 A2 65 78 
"
"2016-11-21 14:48:29ID: BB  Data: 00 00 00 AA 0D 5C 49 B5 
"
"2016-11-21 14:48:29ID: BC  Data: 00 00 00 AA F2 A3 B6 4B 
"
"2016-11-21 14:48:29ID: BB  Data: 00 00 00 AA 0D 86 64 06 
"
"2016-11-21 14:48:29ID: BC  Data: 00 00 00 AA F2 79 9B FA 
"
"2016-11-21 14:48:29ID: BB  Data: 00 00 00 AA 0E 81 B1 17 
"
"2016-11-21 14:48:29ID: BC  Data: 00 00 00 AA F1 7E 4E E9 
"
"2016-11-21 14:48:29ID: BB  Data: 00 00 00 AA 0E D3 44 13 
"
"2016-11-21 14:48:29ID: BC  Data: 00 00 00 AA F1 2C BB ED 
"
"2016-11-21 14:48:29ID: BB  Data: 00 00 00 AA 0E F8 1B 19 
"
"2016-11-21 14:48:29ID: BC  Data: 00 00 00 AA F1 07 E4 E7 
"
"2016-11-21 14:48:29ID: BB  Data: 00 00 00 AA 0E F9 6B EC 
"
"2016-11-21 14:48:29ID: BC  Data: 00 00 00 AA F1 06 94 14 
"
"2016-11-21 14:48:29ID: BB  Data: 00 00 00 AA 0E F9 6B EC 
"
"2016-11-21 14:48:29ID: BC  Data: 00 00 00 AA F1 06 94 14 
"
"2016-11-21 14:48:29ID: BB  Data: 00 00 00 AA 0E F6 CA 46 
"
"2016-11-21 14:48:29ID: BC  Data: 00 00 00 AA F1 09 35 BA 
"
"2016-11-21 14:48:29ID: BB  Data: 00 00 00 AA 0E F6 CA 46 
"
"2016-11-21 14:48:29ID: BC  Data: 00 00 00 AA F1 09 35 BA 
"
"2016-11-21 14:48:29ID: BB  Data: 00 00 00 AA 0E F9 6B EC 
"
"2016-11-21 14:48:29ID: BC  Data: 00 00 00 AA F1 06 94 14 
"
"2016-11-21 14:48:30ID: BB  Data: 00 00 00 AA 0E F8 1B 19 
"
"2016-11-21 14:48:30ID: BC  Data: 00 00 00 AA F1 07 E4 E7 
"
"2016-11-21 14:48:30ID: BB  Data: 00 00 00 AA 0E F9 6B EC 
"
"2016-11-21 14:48:30ID: BC  Data: 00 00 00 AA F1 06 94 14 
"
"2016-11-21 14:48:30ID: BB  Data: 00 00 00 AA 0E F9 6B EC 
"
"2016-11-21 14:48:30ID: BC  Data: 00 00 00 AA F1 06 94 14 
"
"2016-11-21 14:48:30ID: BB  Data: 00 00 00 AA 0E F8 1B 19 
"
"2016-11-21 14:48:30ID: BC  Data: 00 00 00 AA F1 07 E4 E7 
"
"2016-11-21 14:48:30ID: BB  Data: 00 00 00 AA 0E F6 CA 46 
"
"2016-11-21 14:48:30ID: BC  Data: 00 00 00 AA F1 09 35 BA 
"
"2016-11-21 14:48:30ID: BB  Data: 00 00 00 AA 0E F8 1B 19 
"
"2016-11-21 14:48:30ID: BC  Data: 00 00 00 AA F1 07 E4 E7 
"
"2016-11-21 14:48:30ID: BB  Data: 00 00 00 AA 0E F6 CA 46 
"
"2016-11-21 14:48:30ID: BC  Data: 00 00 00 AA F1 09 35 BA 
"
"2016-11-21 14:48:30ID: BB  Data: 00 00 00 AA 0E FA BC BE 
"
"2016-11-21 14:48:30ID: BC  Data: 00 00 00 AA F1 05 43 42 
"
"2016-11-21 14:48:30ID: BB  Data: 00 00 00 AA 0E F8 1B 19 
"
"2016-11-21 14:48:30ID: BC  Data: 00 00 00 AA F1 07 E4 E7 
"
"2016-11-21 14:48:30ID: BB  Data: 00 00 00 AA 0E FA BC BE 
"
"2016-11-21 14:48:30ID: BC  Data: 00 00 00 AA F1 05 43 42 
"
"2016-11-21 14:48:30ID: BB  Data: 00 00 00 AA 0E A2 95 A5 
"
"2016-11-21 14:48:30ID: BC  Data: 00 00 00 AA F1 5D 6A 5B 
"
"2016-11-21 14:48:30ID: BB  Data: 00 00 00 AA 0E BB 95 45 
"
"2016-11-21 14:48:30ID: BC  Data: 00 00 00 AA F1 44 6A BB 
"
"2016-11-21 14:48:31ID: BB  Data: 00 00 00 AA 0E F2 D7 CF 
"
"2016-11-21 14:48:31ID: BC  Data: 00 00 00 AA F1 0D 28 31 
"
"2016-11-21 14:48:31ID: BB  Data: 00 00 00 AA 0E F8 1B 19 
"
"2016-11-21 14:48:31ID: BC  Data: 00 00 00 AA F1 07 E4 E7 
"
"2016-11-21 14:48:31ID: BB  Data: 00 00 00 AA 0E F9 6B EC 
"
"2016-11-21 14:48:31ID: BC  Data: 00 00 00 AA F1 06 94 14 
"
"2016-11-21 14:48:31ID: BB  Data: 00 00 00 AA 0E F9 6B EC 
"
"2016-11-21 14:48:31ID: BC  Data: 00 00 00 AA F1 06 94 14 
"
"2016-11-21 14:48:31ID: BB  Data: 00 00 00 AA 0E FA BC BE 
"
"2016-11-21 14:48:31ID: BC  Data: 00 00 00 AA F1 05 43 42 
"
"2016-11-21 14:48:31ID: BB  Data: 00 00 00 AA 0E F9 6B EC 
"
"2016-11-21 14:48:31ID: BC  Data: 00 00 00 AA F1 06 94 14 
"
"2016-11-21 14:48:31ID: BB  Data: 00 00 00 AA 0E F6 CA 46 
"
"2016-11-21 14:48:31ID: BC  Data: 00 00 00 AA F1 09 35 BA 
"
"2016-11-21 14:48:31ID: BB  Data: 00 00 00 AA 0E F9 6B EC 
"
"2016-11-21 14:48:31ID: BC  Data: 00 00 00 AA F1 06 94 14 
"
"2016-11-21 14:48:31ID: BB  Data: 00 00 00 AA 0E F6 CA 46 
"
"2016-11-21 14:48:31ID: BC  Data: 00 00 00 AA F1 09 35 BA 
"
"2016-11-21 14:48:31ID: BB  Data: 00 00 00 AA 0E F8 1B 19 
"
"2016-11-21 14:48:31ID: BC  Data: 00 00 00 AA F1 07 E4 E7 
"
"2016-11-21 14:48:31ID: BB  Data: 00 00 00 AA 0E F9 6B EC 
"
"2016-11-21 14:48:31ID: BC  Data: 00 00 00 AA F1 06 94 14 
"
"2016-11-21 14:48:32ID: BB  Data: 00 00 00 AA 0E F9 6B EC 
"
"2016-11-21 14:48:32ID: BC  Data: 00 00 00 AA F1 06 94 14 
"
"2016-11-21 14:48:32ID: BB  Data: 00 00 00 AA 0E F6 CA 46 
"
"2016-11-21 14:48:32ID: BC  Data: 00 00 00 AA F1 09 35 BA 
"
"2016-11-21 14:48:32ID: BB  Data: 00 00 00 AA 0E F6 CA 46 
"
"2016-11-21 14:48:32ID: BC  Data: 00 00 00 AA F1 09 35 BA 
"
"2016-11-21 14:48:32ID: BB  Data: 00 00 00 AA 0E F8 1B 19 
"
"2016-11-21 14:48:32ID: BC  Data: 00 00 00 AA F1 07 E4 E7 
"
"2016-11-21 14:48:32ID: BB  Data: 00 00 00 AA 0E FA BC BE 
"
"2016-11-21 14:48:32ID: BC  Data: 00 00 00 AA F1 05 43 42 
"
"2016-11-21 14:48:32ID: BB  Data: 00 00 00 AA 0E F9 6B EC 
"
"2016-11-21 14:48:32ID: BC  Data: 00 00 00 AA F1 06 94 14 
"
"2016-11-21 14:48:32ID: BB  Data: 00 00 00 AA 0E F8 1B 19 
"
"2016-11-21 14:48:32ID: BC  Data: 00 00 00 AA F1 07 E4 E7 
"
"2016-11-21 14:48:32ID: BB  Data: 00 00 00 AA 0E F6 CA 46 
"
"2016-11-21 14:48:32ID: BC  Data: 00 00 00 AA F1 09 35 BA 
"
"2016-11-21 14:48:32ID: BB  Data: 00 00 00 AA 0E F9 6B EC 
"
"2016-11-21 14:48:32ID: BC  Data: 00 00 00 AA F1 06 94 14 
"
"2016-11-21 14:48:32ID: BB  Data: 00 00 00 AA 0E F6 CA 46 
"
"2016-11-21 14:48:32ID: BC  Data: 00 00 00 AA F1 09 35 BA 
"
"2016-11-21 14:48:32ID: BB  Data: 00 00 00 AA 0E F9 6B EC 
"
"2016-11-21 14:48:32ID: BC  Data: 00 00 00 AA F1 06 94 14 
"
"2016-11-21 14:48:32ID: BB  Data: 00 00 00 AA 0E F8 1B 19 
"
"2016-11-21 14:48:33ID: BC  Data: 00 00 00 AA F1 07 E4 E7 
"
"2016-11-21 14:48:33ID: BB  Data: 00 00 00 AA 0E F6 CA 46 
"
"2016-11-21 14:48:33ID: BC  Data: 00 00 00 AA F1 09 35 BA 
"
"2016-11-21 14:48:33ID: BB  Data: 00 00 00 AA 0E F5 79 74 
"
"2016-11-21 14:48:33ID: BC  Data: 00 00 00 AA F1 0A 86 8C 
"
"2016-11-21 14:48:33ID: BB  Data: 00 00 00 AA 0E F8 1B 19 
"
"2016-11-21 14:48:33ID: BC  Data: 00 00 00 AA F1 07 E4 E7 
"
"2016-11-21 14:48:33ID: BB  Data: 00 00 00 AA 0E F9 6B EC 
"
"2016-11-21 14:48:33ID: BC  Data: 00 00 00 AA F1 06 94 14 
"
"2016-11-21 14:48:33ID: BB  Data: 00 00 00 AA 0E F9 6B EC 
"
"2016-11-21 14:48:33ID: BC  Data: 00 00 00 AA F1 06 94 14 
"
"2016-11-21 14:48:33ID: BB  Data: 00 00 00 AA 0E F8 1B 19 
"
"2016-11-21 14:48:33ID: BC  Data: 00 00 00 AA F1 07 E4 E7 
"
"2016-11-21 14:48:33ID: BB  Data: 00 00 00 AA 0E FA BC BE 
"
"2016-11-21 14:48:33ID: BC  Data: 00 00 00 AA F1 05 43 42 
"
"2016-11-21 14:48:33ID: BB  Data: 00 00 00 AA 0E F9 6B EC 
"
"2016-11-21 14:48:33ID: BC  Data: 00 00 00 AA F1 06 94 14 
"
"2016-11-21 14:48:33ID: BB  Data: 00 00 00 AA 0E F9 6B EC 
"
"2016-11-21 14:48:33ID: BC  Data: 00 00 00 AA F1 06 94 14 
"
"2016-11-21 14:48:33ID: BB  Data: 00 00 00 AA 0E F9 6B EC 
"
"2016-11-21 14:48:33ID: BC  Data: 00 00 00 AA F1 06 94 14 
"
"2016-11-21 14:48:33ID: BB  Data: 00 00 00 AA 0E F8 1B 19 
"
"2016-11-21 14:48:33ID: BC  Data: 00 00 00 AA F1 07 E4 E7 
"
"2016-11-21 14:48:34ID: BB  Data: 00 00 00 AA 0E F9 6B EC 
"
"2016-11-21 14:48:34ID: BC  Data: 00 00 00 AA F1 06 94 14 
"
"2016-11-21 14:48:34ID: BB  Data: 00 00 00 AA 0E F9 6B EC 
"
"2016-11-21 14:48:34ID: BC  Data: 00 00 00 AA F1 06 94 14 
"
"2016-11-21 14:48:34ID: BB  Data: 00 00 00 AA 0E FA BC BE 
"
"2016-11-21 14:48:34ID: BC  Data: 00 00 00 AA F1 05 43 42 
"
"2016-11-21 14:48:34ID: BB  Data: 00 00 00 AA 0E F8 1B 19 
"
"2016-11-21 14:48:34ID: BC  Data: 00 00 00 AA F1 07 E4 E7 
"
"2016-11-21 14:48:34ID: BB  Data: 00 00 00 AA 0E F9 6B EC 
"
"2016-11-21 14:48:34ID: BC  Data: 00 00 00 AA F1 06 94 14 
"
"2016-11-21 14:48:34ID: BB  Data: 00 00 00 AA 0E F9 6B EC 
"
"2016-11-21 14:48:34ID: BC  Data: 00 00 00 AA F1 06 94 14 
"
"2016-11-21 14:48:34ID: BB  Data: 00 00 00 AA 0E F9 6B EC 
"
"2016-11-21 14:48:34ID: BC  Data: 00 00 00 AA F1 06 94 14 
"
"2016-11-21 14:48:34ID: BB  Data: 00 00 00 AA 0E F8 1B 19 
"
"2016-11-21 14:48:34ID: BC  Data: 00 00 00 AA F1 07 E4 E7 
"
"2016-11-21 14:48:34ID: BB  Data: 00 00 00 AA 0E F8 1B 19 
"
"2016-11-21 14:48:34ID: BC  Data: 00 00 00 AA F1 07 E4 E7 
"
"2016-11-21 14:48:34ID: BB  Data: 00 00 00 AA 0E F8 1B 19 
"
"2016-11-21 14:48:34ID: BC  Data: 00 00 00 AA F1 07 E4 E7 
"
"2016-11-21 14:48:34ID: BB  Data: 00 00 00 AA 0E F9 6B EC 
"
"2016-11-21 14:48:34ID: BC  Data: 00 00 00 AA F1 06 94 14 
"
"2016-11-21 14:48:35ID: BB  Data: 00 00 00 AA 0E F8 1B 19 
"
"2016-11-21 14:48:35ID: BC  Data: 00 00 00 AA F1 07 E4 E7 
"
"2016-11-21 14:48:35ID: BB  Data: 00 00 00 AA 0E FA BC BE 
"
"2016-11-21 14:48:35ID: BC  Data: 00 00 00 AA F1 05 43 42 
"
"2016-11-21 14:48:35ID: BB  Data: 00 00 00 AA 0E F6 CA 46 
"
"2016-11-21 14:48:35ID: BC  Data: 00 00 00 AA F1 09 35 BA 
"
"2016-11-21 14:48:35ID: BB  Data: 00 00 00 AA 0E F9 6B EC 
"
"2016-11-21 14:48:35ID: BC  Data: 00 00 00 AA F1 06 94 14 
"
"2016-11-21 14:48:35ID: BB  Data: 00 00 00 AA 0E F8 1B 19 
"
"2016-11-21 14:48:35ID: BC  Data: 00 00 00 AA F1 07 E4 E7 
"
"2016-11-21 14:48:35ID: BB  Data: 00 00 00 AA 0E FA BC BE 
"
"2016-11-21 14:48:35ID: BC  Data: 00 00 00 AA F1 05 43 42 
"
"2016-11-21 14:48:35ID: BB  Data: 00 00 00 AA 0E F8 1B 19 
"
"2016-11-21 14:48:35ID: BC  Data: 00 00 00 AA F1 07 E4 E7 
"
"2016-11-21 14:48:35ID: BB  Data: 00 00 00 AA 0E FA BC BE 
"
"2016-11-21 14:48:35ID: BC  Data: 00 00 00 AA F1 05 43 42 
"
"2016-11-21 14:48:35ID: BB  Data: 00 00 00 AA 0E F9 6B EC 
"
"2016-11-21 14:48:35ID: BC  Data: 00 00 00 AA F1 06 94 14 
"
"2016-11-21 14:48:35ID: BB  Data: 00 00 00 AA 0E F6 CA 46 
"
"2016-11-21 14:48:35ID: BC  Data: 00 00 00 AA F1 09 35 BA 
"
"2016-11-21 14:48:35ID: BB  Data: 00 00 00 AA 0E F8 1B 19 
"
"2016-11-21 14:48:35ID: BC  Data: 00 00 00 AA F1 07 E4 E7 
"
"2016-11-21 14:48:35ID: BB  Data: 00 00 00 AA 0E F9 6B EC 
"
"2016-11-21 14:48:35ID: BC  Data: 00 00 00 AA F1 06 94 14 
"
"2016-11-21 14:48:36ID: BB  Data: 00 00 00 AA 0E F9 6B EC 
"
"2016-11-21 14:48:36ID: BC  Data: 00 00 00 AA F1 06 94 14 
"
"2016-11-21 14:48:36ID: BB  Data: 00 00 00 AA 0E F8 1B 19 
"
"2016-11-21 14:48:36ID: BC  Data: 00 00 00 AA F1 07 E4 E7 
"
"2016-11-21 14:48:36ID: BB  Data: 00 00 00 AA 0E F9 6B EC 
"
"2016-11-21 14:48:36ID: BC  Data: 00 00 00 AA F1 06 94 14 
"
"2016-11-21 14:48:36ID: BB  Data: 00 00 00 AA 0E FA BC BE 
"
"2016-11-21 14:48:36ID: BC  Data: 00 00 00 AA F1 05 43 42 
"
"2016-11-21 14:48:36ID: BB  Data: 00 00 00 AA 0E F9 6B EC 
"
"2016-11-21 14:48:36ID: BC  Data: 00 00 00 AA F1 06 94 14 
"
"2016-11-21 14:48:36ID: BB  Data: 00 00 00 AA 0E F8 1B 19 
"
"2016-11-21 14:48:36ID: BC  Data: 00 00 00 AA F1 07 E4 E7 
"
"2016-11-21 14:48:36ID: BB  Data: 00 00 00 AA 0E F6 CA 46 
"
"2016-11-21 14:48:36ID: BC  Data: 00 00 00 AA F1 09 35 BA 
"
"2016-11-21 14:48:36ID: BB  Data: 00 00 00 AA 0E F9 6B EC 
"
"2016-11-21 14:48:36ID: BC  Data: 00 00 00 AA F1 06 94 14 
"
"2016-11-21 14:48:36ID: BB  Data: 00 00 00 AA 0E F9 6B EC 
"
"2016-11-21 14:48:36ID: BC  Data: 00 00 00 AA F1 06 94 14 
"
"2016-11-21 14:48:36ID: BB  Data: 00 00 00 AA 0E F9 6B EC 
"
"2016-11-21 14:48:36ID: BC  Data: 00 00 00 AA F1 06 94 14 
"
"2016-11-21 14:48:36ID: BB  Data: 00 00 00 AA 0E F9 6B EC 
"
"2016-11-21 14:48:36ID: BC  Data: 00 00 00 AA F1 06 94 14 
"
"2016-11-21 14:48:37ID: BB  Data: 00 00 00 AA 0E FA BC BE 
"
"2016-11-21 14:48:37ID: BC  Data: 00 00 00 AA F1 05 43 42 
"
"2016-11-21 14:48:37ID: BB  Data: 00 00 00 AA 0E FA BC BE 
"
"2016-11-21 14:48:37ID: BC  Data: 00 00 00 AA F1 05 43 42 
"
"2016-11-21 14:48:37ID: BB  Data: 00 00 00 AA 0E F9 6B EC 
"
"2016-11-21 14:48:37ID: BC  Data: 00 00 00 AA F1 06 94 14 
"
"2016-11-21 14:48:37ID: BB  Data: 00 00 00 AA 0E FA BC BE 
"
"2016-11-21 14:48:37ID: BC  Data: 00 00 00 AA F1 05 43 42 
"
"2016-11-21 14:48:37ID: BB  Data: 00 00 00 AA 0E FA BC BE 
"
"2016-11-21 14:48:37ID: BC  Data: 00 00 00 AA F1 05 43 42 
"
"2016-11-21 14:48:37ID: BB  Data: 00 00 00 AA 0E FA BC BE 
"
"2016-11-21 14:48:37ID: BC  Data: 00 00 00 AA F1 05 43 42 
"
"2016-11-21 14:48:37ID: BB  Data: 00 00 00 AA 0E F8 1B 19 
"
"2016-11-21 14:48:37ID: BC  Data: 00 00 00 AA F1 07 E4 E7 
"
"2016-11-21 14:48:37ID: BB  Data: 00 00 00 AA 0E F8 1B 19 
"
"2016-11-21 14:48:37ID: BC  Data: 00 00 00 AA F1 07 E4 E7 
"
"2016-11-21 14:48:37ID: BB  Data: 00 00 00 AA 0E F5 79 74 
"
"2016-11-21 14:48:37ID: BC  Data: 00 00 00 AA F1 0A 86 8C 
"
"2016-11-21 14:48:37ID: BB  Data: 00 00 00 AA 0E F9 6B EC 
"
"2016-11-21 14:48:37ID: BC  Data: 00 00 00 AA F1 06 94 14 
"
"2016-11-21 14:48:37ID: BB  Data: 00 00 00 AA 0D 5C 49 B5 
"
"2016-11-21 14:48:37ID: BC  Data: 00 00 00 AA F2 A3 B6 4B 
"
"2016-11-21 14:48:38ID: BB  Data: 00 00 00 AA 08 02 A1 A9 
"
"2016-11-21 14:48:38ID: BC  Data: 00 00 00 AA F7 FD 5E 57 
"
"2016-11-21 14:48:38ID: BB  Data: 00 00 00 AA 04 F3 C8 60 
"
"2016-11-21 14:48:38ID: BC  Data: 00 00 00 AA FB 0C 37 A0 
"
"2016-11-21 14:48:38ID: BB  Data: 00 00 00 AA 03 D7 96 C0 
"
"2016-11-21 14:48:38ID: BC  Data: 00 00 00 AA FC 28 69 40 
"
"2016-11-21 14:48:38ID: BB  Data: 00 00 00 AA 02 B6 21 D7 
"
"2016-11-21 14:48:38ID: BC  Data: 00 00 00 AA FD 49 DE 29 
"
"2016-11-21 14:48:38ID: BB  Data: 00 00 00 AA 02 B0 DE 8D 
"
"2016-11-21 14:48:38ID: BC  Data: 00 00 00 AA FD 4F 21 73 
"
"2016-11-21 14:48:38ID: BB  Data: 00 00 00 AA 04 A6 27 DB 
"
"2016-11-21 14:48:38ID: BC  Data: 00 00 00 AA FB 59 D8 25 
"
"2016-11-21 14:48:38ID: BB  Data: 00 00 00 AA 0D 4B 2F 05 
"
"2016-11-21 14:48:38ID: BC  Data: 00 00 00 AA F2 B4 D0 FB 
"
"2016-11-21 14:48:38ID: BB  Data: 00 00 00 AA 0E E9 A2 0D 
"
"2016-11-21 14:48:38ID: BC  Data: 00 00 00 AA F1 16 5D F3 
"
"2016-11-21 14:48:38ID: BB  Data: 00 00 00 AA 0E F1 86 FC 
"
"2016-11-21 14:48:38ID: BC  Data: 00 00 00 AA F1 0E 79 04 
"
"2016-11-21 14:48:38ID: BB  Data: 00 00 00 AA 0E F2 D7 CF 
"
"2016-11-21 14:48:38ID: BC  Data: 00 00 00 AA F1 0D 28 31 
"
"2016-11-21 14:48:38ID: BB  Data: 00 00 00 AA 0E F5 79 74 
"
"2016-11-21 14:48:38ID: BC  Data: 00 00 00 AA F1 0A 86 8C 
"
"2016-11-21 14:48:38ID: BB  Data: 00 00 00 AA 0E F5 79 74 
"
"2016-11-21 14:48:38ID: BC  Data: 00 00 00 AA F1 0A 86 8C 
"
"2016-11-21 14:48:39ID: BB  Data: 00 00 00 AA 0E F8 1B 19 
"
"2016-11-21 14:48:39ID: BC  Data: 00 00 00 AA F1 07 E4 E7 
"
"2016-11-21 14:48:39ID: BB  Data: 00 00 00 AA 0E F8 1B 19 
"
"2016-11-21 14:48:39ID: BC  Data: 00 00 00 AA F1 07 E4 E7 
"
"2016-11-21 14:48:39ID: BB  Data: 00 00 00 AA 0E F6 CA 46 
"
"2016-11-21 14:48:39ID: BC  Data: 00 00 00 AA F1 09 35 BA 
"
"2016-11-21 14:48:39ID: BB  Data: 00 00 00 AA 0E F9 6B EC 
"
"2016-11-21 14:48:39ID: BC  Data: 00 00 00 AA F1 06 94 14 
"
"2016-11-21 14:48:39ID: BB  Data: 00 00 00 AA 0E F8 1B 19 
"
"2016-11-21 14:48:39ID: BC  Data: 00 00 00 AA F1 07 E4 E7 
"
"2016-11-21 14:48:39ID: BB  Data: 00 00 00 AA 0E FA BC BE 
"
"2016-11-21 14:48:39ID: BC  Data: 00 00 00 AA F1 05 43 42 
"
"2016-11-21 14:48:39ID: BB  Data: 00 00 00 AA 0E FA BC BE 
"
"2016-11-21 14:48:39ID: BC  Data: 00 00 00 AA F1 05 43 42 
"
"2016-11-21 14:48:39ID: BB  Data: 00 00 00 AA 0E F6 CA 46 
"
"2016-11-21 14:48:39ID: BC  Data: 00 00 00 AA F1 09 35 BA 
"
"2016-11-21 14:48:39ID: BB  Data: 00 00 00 AA 0E FA BC BE 
"
"2016-11-21 14:48:39ID: BC  Data: 00 00 00 AA F1 05 43 42 
"
"2016-11-21 14:48:39ID: BB  Data: 00 00 00 AA 0E F9 6B EC 
"
"2016-11-21 14:48:39ID: BC  Data: 00 00 00 AA F1 06 94 14 
"
"2016-11-21 14:48:39ID: BB  Data: 00 00 00 AA 0E F9 6B EC 
"
"2016-11-21 14:48:39ID: BC  Data: 00 00 00 AA F1 06 94 14 
"
"2016-11-21 14:48:40ID: BB  Data: 00 00 00 AA 0E F9 6B EC 
"
"2016-11-21 14:48:40ID: BC  Data: 00 00 00 AA F1 06 94 14 
"
"2016-11-21 14:48:40ID: BB  Data: 00 00 00 AA 0E F6 CA 46 
"
"2016-11-21 14:48:40ID: BC  Data: 00 00 00 AA F1 09 35 BA 
"
"2016-11-21 14:48:40ID: BB  Data: 00 00 00 AA 0E F8 1B 19 
"
"2016-11-21 14:48:40ID: BC  Data: 00 00 00 AA F1 07 E4 E7 
"
"2016-11-21 14:48:40ID: BB  Data: 00 00 00 AA 0E F9 6B EC 
"
"2016-11-21 14:48:40ID: BC  Data: 00 00 00 AA F1 06 94 14 
"
"2016-11-21 14:48:40ID: BB  Data: 00 00 00 AA 0E F6 CA 46 
"
"2016-11-21 14:48:40ID: BC  Data: 00 00 00 AA F1 09 35 BA 
"
"2016-11-21 14:48:40ID: BB  Data: 00 00 00 AA 0E F8 1B 19 
"
"2016-11-21 14:48:40ID: BC  Data: 00 00 00 AA F1 07 E4 E7 
"
"2016-11-21 14:48:40ID: BB  Data: 00 00 00 AA 0E F9 6B EC 
"
"2016-11-21 14:48:40ID: BC  Data: 00 00 00 AA F1 06 94 14 
"
"2016-11-21 14:48:40ID: BB  Data: 00 00 00 AA 0E F9 6B EC 
"
"2016-11-21 14:48:40ID: BC  Data: 00 00 00 AA F1 06 94 14 
"
"2016-11-21 14:48:40ID: BB  Data: 00 00 00 AA 0E F6 CA 46 
"
"2016-11-21 14:48:40ID: BC  Data: 00 00 00 AA F1 09 35 BA 
"
"2016-11-21 14:48:40ID: BB  Data: 00 00 00 AA 0E F8 1B 19 
"
"2016-11-21 14:48:40ID: BC  Data: 00 00 00 AA F1 07 E4 E7 
"
"2016-11-21 14:48:40ID: BB  Data: 00 00 00 AA 0E FA BC BE 
"
"2016-11-21 14:48:40ID: BC  Data: 00 00 00 AA F1 05 43 42 
"
"2016-11-21 14:48:40ID: BB  Data: 00 00 00 AA 0E F9 6B EC 
"
"2016-11-21 14:48:41ID: BC  Data: 00 00 00 AA F1 06 94 14 
"
"2016-11-21 14:48:41ID: BB  Data: 00 00 00 AA 0E F8 1B 19 
"
"2016-11-21 14:48:41ID: BC  Data: 00 00 00 AA F1 07 E4 E7 
"
"2016-11-21 14:48:41ID: BB  Data: 00 00 00 AA 0E F8 1B 19 
"
"2016-11-21 14:48:41ID: BC  Data: 00 00 00 AA F1 07 E4 E7 
"
"2016-11-21 14:48:41ID: BB  Data: 00 00 00 AA 0E F9 6B EC 
"
"2016-11-21 14:48:41ID: BC  Data: 00 00 00 AA F1 06 94 14 
"
"2016-11-21 14:48:41ID: BB  Data: 00 00 00 AA 0E F8 1B 19 
"
"2016-11-21 14:48:41ID: BC  Data: 00 00 00 AA F1 07 E4 E7 
"
"2016-11-21 14:48:41ID: BB  Data: 00 00 00 AA 0E F8 1B 19 
"
"2016-11-21 14:48:41ID: BC  Data: 00 00 00 AA F1 07 E4 E7 
"
"2016-11-21 14:48:41ID: BB  Data: 00 00 00 AA 0E F8 1B 19 
"
"2016-11-21 14:48:41ID: BC  Data: 00 00 00 AA F1 07 E4 E7 
"
"2016-11-21 14:48:41ID: BB  Data: 00 00 00 AA 0E F8 1B 19 
"
"2016-11-21 14:48:41ID: BC  Data: 00 00 00 AA F1 07 E4 E7 
"
"2016-11-21 14:48:41ID: BB  Data: 00 00 00 AA 0E F8 1B 19 
"
"2016-11-21 14:48:41ID: BC  Data: 00 00 00 AA F1 07 E4 E7 
"
"2016-11-21 14:48:41ID: BB  Data: 00 00 00 AA 0E F9 6B EC 
"
"2016-11-21 14:48:41ID: BC  Data: 00 00 00 AA F1 06 94 14 
"
"2016-11-21 14:48:41ID: BB  Data: 00 00 00 AA 0E F9 6B EC 
"
"2016-11-21 14:48:41ID: BC  Data: 00 00 00 AA F1 06 94 14 
"
"2016-11-21 14:48:41ID: BB  Data: 00 00 00 AA 0E F6 CA 46 
"
"2016-11-21 14:48:41ID: BC  Data: 00 00 00 AA F1 09 35 BA 
"
"2016-11-21 14:48:42ID: BB  Data: 00 00 00 AA 0E F8 1B 19 
"
"2016-11-21 14:48:42ID: BC  Data: 00 00 00 AA F1 07 E4 E7 
"
"2016-11-21 14:48:42ID: BB  Data: 00 00 00 AA 0E F6 CA 46 
"
"2016-11-21 14:48:42ID: BC  Data: 00 00 00 AA F1 09 35 BA 
"
"2016-11-21 14:48:42ID: BB  Data: 00 00 00 AA 0E F8 1B 19 
"
"2016-11-21 14:48:42ID: BC  Data: 00 00 00 AA F1 07 E4 E7 
"
"2016-11-21 14:48:42ID: BB  Data: 00 00 00 AA 0E F9 6B EC 
"
"2016-11-21 14:48:42ID: BC  Data: 00 00 00 AA F1 06 94 14 
"
"2016-11-21 14:48:42ID: BB  Data: 00 00 00 AA 0E F9 6B EC 
"
"2016-11-21 14:48:42ID: BC  Data: 00 00 00 AA F1 06 94 14 
"
"2016-11-21 14:48:42ID: BB  Data: 00 00 00 AA 0E F8 1B 19 
"
"2016-11-21 14:48:42ID: BC  Data: 00 00 00 AA F1 07 E4 E7 
"
"2016-11-21 14:48:42ID: BB  Data: 00 00 00 AA 0E FA BC BE 
"
"2016-11-21 14:48:42ID: BC  Data: 00 00 00 AA F1 05 43 42 
"
"2016-11-21 14:48:42ID: BB  Data: 00 00 00 AA 0E F8 1B 19 
"
"2016-11-21 14:48:42ID: BC  Data: 00 00 00 AA F1 07 E4 E7 
"
"2016-11-21 14:48:42ID: BB  Data: 00 00 00 AA 0E F9 6B EC 
"
"2016-11-21 14:48:42ID: BC  Data: 00 00 00 AA F1 06 94 14 
"
"2016-11-21 14:48:42ID: BB  Data: 00 00 00 AA 0E F8 1B 19 
"
"2016-11-21 14:48:42ID: BC  Data: 00 00 00 AA F1 07 E4 E7 
"
"2016-11-21 14:48:42ID: BB  Data: 00 00 00 AA 0E F9 6B EC 
"
"2016-11-21 14:48:42ID: BC  Data: 00 00 00 AA F1 06 94 14 
"
"2016-11-21 14:48:43ID: BB  Data: 00 00 00 AA 0E F6 CA 46 
"
"2016-11-21 14:48:43ID: BC  Data: 00 00 00 AA F1 09 35 BA 
"
"2016-11-21 14:48:43ID: BB  Data: 00 00 00 AA 0E F9 6B EC 
"
"2016-11-21 14:48:43ID: BC  Data: 00 00 00 AA F1 06 94 14 
"
"2016-11-21 14:48:43ID: BB  Data: 00 00 00 AA 0E F9 6B EC 
"
"2016-11-21 14:48:43ID: BC  Data: 00 00 00 AA F1 06 94 14 
"
"2016-11-21 14:48:43ID: BB  Data: 00 00 00 AA 0E F8 1B 19 
"
"2016-11-21 14:48:43ID: BC  Data: 00 00 00 AA F1 07 E4 E7 
"
"2016-11-21 14:48:43ID: BB  Data: 00 00 00 AA 0E F8 1B 19 
"
"2016-11-21 14:48:43ID: BC  Data: 00 00 00 AA F1 07 E4 E7 
"
"2016-11-21 14:48:43ID: BB  Data: 00 00 00 AA 0E FA BC BE 
"
"2016-11-21 14:48:43ID: BC  Data: 00 00 00 AA F1 05 43 42 
"
"2016-11-21 14:48:43ID: BB  Data: 00 00 00 AA 0E F8 1B 19 
"
"2016-11-21 14:48:43ID: BC  Data: 00 00 00 AA F1 07 E4 E7 
"
"2016-11-21 14:48:43ID: BB  Data: 00 00 00 AA 0E FA BC BE 
"
"2016-11-21 14:48:43ID: BC  Data: 00 00 00 AA F1 05 43 42 
"
"2016-11-21 14:48:43ID: BB  Data: 00 00 00 AA 0E F9 6B EC 
"
"2016-11-21 14:48:43ID: BC  Data: 00 00 00 AA F1 06 94 14 
"
"2016-11-21 14:48:43ID: BB  Data: 00 00 00 AA 0E F8 1B 19 
"
"2016-11-21 14:48:43ID: BC  Data: 00 00 00 AA F1 07 E4 E7 
"
"2016-11-21 14:48:43ID: BB  Data: 00 00 00 AA 0E F9 6B EC 
"
"2016-11-21 14:48:43ID: BC  Data: 00 00 00 AA F1 06 94 14 
"
"2016-11-21 14:48:43ID: BB  Data: 00 00 00 AA 0E F6 CA 46 
"
"2016-11-21 14:48:43ID: BC  Data: 00 00 00 AA F1 09 35 BA 
"
"2016-11-21 14:48:44ID: BB  Data: 00 00 00 AA 0E F6 CA 46 
"
"2016-11-21 14:48:44ID: BC  Data: 00 00 00 AA F1 09 35 BA 
"
"2016-11-21 14:48:44ID: BB  Data: 00 00 00 AA 0E F6 CA 46 
"
"2016-11-21 14:48:44ID: BC  Data: 00 00 00 AA F1 09 35 BA 
"
"2016-11-21 14:48:44ID: BB  Data: 00 00 00 AA 0E F8 1B 19 
"
"2016-11-21 14:48:44ID: BC  Data: 00 00 00 AA F1 07 E4 E7 
"
"2016-11-21 14:48:44ID: BB  Data: 00 00 00 AA 0E F9 6B EC 
"
"2016-11-21 14:48:44ID: BC  Data: 00 00 00 AA F1 06 94 14 
"
"2016-11-21 14:48:44ID: BB  Data: 00 00 00 AA 0E F9 6B EC 
"
"2016-11-21 14:48:44ID: BC  Data: 00 00 00 AA F1 06 94 14 
"
"2016-11-21 14:48:44ID: BB  Data: 00 00 00 AA 0E F9 6B EC 
"
"2016-11-21 14:48:44ID: BC  Data: 00 00 00 AA F1 06 94 14 
"
"2016-11-21 14:48:44ID: BB  Data: 00 00 00 AA 0E F8 1B 19 
"
"2016-11-21 14:48:44ID: BC  Data: 00 00 00 AA F1 07 E4 E7 
"
"2016-11-21 14:48:44ID: BB  Data: 00 00 00 AA 0E F8 1B 19 
"
"2016-11-21 14:48:44ID: BC  Data: 00 00 00 AA F1 07 E4 E7 
"
"2016-11-21 14:48:44ID: BB  Data: 00 00 00 AA 0E F9 6B EC 
"
"2016-11-21 14:48:44ID: BC  Data: 00 00 00 AA F1 06 94 14 
"
"2016-11-21 14:48:44ID: BB  Data: 00 00 00 AA 0E F8 1B 19 
"
"2016-11-21 14:48:44ID: BC  Data: 00 00 00 AA F1 07 E4 E7 
"
"2016-11-21 14:48:44ID: BB  Data: 00 00 00 AA 0E F9 6B EC 
"
"2016-11-21 14:48:44ID: BC  Data: 00 00 00 AA F1 06 94 14 
"
"2016-11-21 14:48:45ID: BB  Data: 00 00 00 AA 0E F8 1B 19 
"
"2016-11-21 14:48:45ID: BC  Data: 00 00 00 AA F1 07 E4 E7 
"
"2016-11-21 14:48:45ID: BB  Data: 00 00 00 AA 0E F6 CA 46 
"
"2016-11-21 14:48:45ID: BC  Data: 00 00 00 AA F1 09 35 BA 
"
"2016-11-21 14:48:45ID: BB  Data: 00 00 00 AA 0E F8 1B 19 
"
"2016-11-21 14:48:45ID: BC  Data: 00 00 00 AA F1 07 E4 E7 
"
"2016-11-21 14:48:45ID: BB  Data: 00 00 00 AA 0E F9 6B EC 
"
"2016-11-21 14:48:45ID: BC  Data: 00 00 00 AA F1 06 94 14 
"
"2016-11-21 14:48:45ID: BB  Data: 00 00 00 AA 0E F8 1B 19 
"
"2016-11-21 14:48:45ID: BC  Data: 00 00 00 AA F1 07 E4 E7 
"
"2016-11-21 14:48:45ID: BB  Data: 00 00 00 AA 0E F9 6B EC 
"
"2016-11-21 14:48:45ID: BC  Data: 00 00 00 AA F1 06 94 14 
"
"2016-11-21 14:48:45ID: BB  Data: 00 00 00 AA 0E F8 1B 19 
"
"2016-11-21 14:48:45ID: BC  Data: 00 00 00 AA F1 07 E4 E7 
"
"2016-11-21 14:48:45ID: BB  Data: 00 00 00 AA 0E F8 1B 19 
"
"2016-11-21 14:48:45ID: BC  Data: 00 00 00 AA F1 07 E4 E7 
"
"2016-11-21 14:48:45ID: BB  Data: 00 00 00 AA 0E F8 1B 19 
"
"2016-11-21 14:48:45ID: BC  Data: 00 00 00 AA F1 07 E4 E7 
"
"2016-11-21 14:48:45ID: BB  Data: 00 00 00 AA 0E F8 1B 19 
"
"2016-11-21 14:48:45ID: BC  Data: 00 00 00 AA F1 07 E4 E7 
"
"2016-11-21 14:48:45ID: BB  Data: 00 00 00 AA 0E F9 6B EC 
"
"2016-11-21 14:48:45ID: BC  Data: 00 00 00 AA F1 06 94 14 
"
"2016-11-21 14:48:46ID: BB  Data: 00 00 00 AA 0E FA BC BE 
"
"2016-11-21 14:48:46ID: BC  Data: 00 00 00 AA F1 05 43 42 
"
"2016-11-21 14:48:46ID: BB  Data: 00 00 00 AA 0E F8 1B 19 
"
"2016-11-21 14:48:46ID: BC  Data: 00 00 00 AA F1 07 E4 E7 
"
"2016-11-21 14:48:46ID: BB  Data: 00 00 00 AA 0E F8 1B 19 
"
"2016-11-21 14:48:46ID: BC  Data: 00 00 00 AA F1 07 E4 E7 
"
"2016-11-21 14:48:46ID: BB  Data: 00 00 00 AA 0E F9 6B EC 
"
"2016-11-21 14:48:46ID: BC  Data: 00 00 00 AA F1 06 94 14 
"
"2016-11-21 14:48:46ID: BB  Data: 00 00 00 AA 0E F8 1B 19 
"
"2016-11-21 14:48:46ID: BC  Data: 00 00 00 AA F1 07 E4 E7 
"
"2016-11-21 14:48:46ID: BB  Data: 00 00 00 AA 0E F9 6B EC 
"
"2016-11-21 14:48:46ID: BC  Data: 00 00 00 AA F1 06 94 14 
"
"2016-11-21 14:48:46ID: BB  Data: 00 00 00 AA 0E F9 6B EC 
"
"2016-11-21 14:48:46ID: BC  Data: 00 00 00 AA F1 06 94 14 
"
"2016-11-21 14:48:46ID: BB  Data: 00 00 00 AA 0E F8 1B 19 
"
"2016-11-21 14:48:46ID: BC  Data: 00 00 00 AA F1 07 E4 E7 
"
"2016-11-21 14:48:46ID: BB  Data: 00 00 00 AA 0E FA BC BE 
"
"2016-11-21 14:48:46ID: BC  Data: 00 00 00 AA F1 05 43 42 
"
"2016-11-21 14:48:46ID: BB  Data: 00 00 00 AA 0E FA BC BE 
"
"2016-11-21 14:48:46ID: BC  Data: 00 00 00 AA F1 05 43 42 
"
"2016-11-21 14:48:46ID: BB  Data: 00 00 00 AA 0E F8 1B 19 
"
"2016-11-21 14:48:46ID: BC  Data: 00 00 00 AA F1 07 E4 E7 
"
"2016-11-21 14:48:46ID: BB  Data: 00 00 00 AA 0E F9 6B EC 
"
"2016-11-21 14:48:46ID: BC  Data: 00 00 00 AA F1 06 94 14 
"
"2016-11-21 14:48:47ID: BB  Data: 00 00 00 AA 0E F9 6B EC 
"
"2016-11-21 14:48:47ID: BC  Data: 00 00 00 AA F1 06 94 14 
"
"2016-11-21 14:48:47ID: BB  Data: 00 00 00 AA 0E F8 1B 19 
"
"2016-11-21 14:48:47ID: BC  Data: 00 00 00 AA F1 07 E4 E7 
"
"2016-11-21 14:48:47ID: BB  Data: 00 00 00 AA 0E F8 1B 19 
"
"2016-11-21 14:48:47ID: BC  Data: 00 00 00 AA F1 07 E4 E7 
"
"2016-11-21 14:48:47ID: BB  Data: 00 00 00 AA 0E F9 6B EC 
"
"2016-11-21 14:48:47ID: BC  Data: 00 00 00 AA F1 06 94 14 
"
"2016-11-21 14:48:47ID: BB  Data: 00 00 00 AA 0E F8 1B 19 
"
"2016-11-21 14:48:47ID: BC  Data: 00 00 00 AA F1 07 E4 E7 
"
"2016-11-21 14:48:47ID: BB  Data: 00 00 00 AA 0E F9 6B EC 
"
"2016-11-21 14:48:47ID: BC  Data: 00 00 00 AA F1 06 94 14 
"
"2016-11-21 14:48:47ID: BB  Data: 00 00 00 AA 0E F9 6B EC 
"
"2016-11-21 14:48:47ID: BC  Data: 00 00 00 AA F1 06 94 14 
"
"2016-11-21 14:48:47ID: BB  Data: 00 00 00 AA 0E F6 CA 46 
"
"2016-11-21 14:48:47ID: BC  Data: 00 00 00 AA F1 09 35 BA 
"
"2016-11-21 14:48:47ID: BB  Data: 00 00 00 AA 0E F9 6B EC 
"
"2016-11-21 14:48:47ID: BC  Data: 00 00 00 AA F1 06 94 14 
"
"2016-11-21 14:48:47ID: BB  Data: 00 00 00 AA 0E 8C 37 AB 
"
"2016-11-21 14:48:47ID: BC  Data: 00 00 00 AA F1 73 C8 55 
"
"2016-11-21 14:48:47ID: BB  Data: 00 00 00 AA 08 EF 75 AE 
"
"2016-11-21 14:48:47ID: BC  Data: 00 00 00 AA F7 10 8A 52 
"
"2016-11-21 14:48:48ID: BB  Data: 00 00 00 AA 04 92 6B 86 
"
"2016-11-21 14:48:48ID: BC  Data: 00 00 00 AA FB 6D 94 7A 
"
"2016-11-21 14:48:48ID: BB  Data: 00 00 00 AA 02 44 FB 1E 
"
"2016-11-21 14:48:48ID: BC  Data: 00 00 00 AA FD BB 04 E2 
"
"2016-11-21 14:48:48ID: BB  Data: 00 00 00 AA 01 CA 9E A4 
"
"2016-11-21 14:48:48ID: BC  Data: 00 00 00 AA FE 35 61 5C 
"
"2016-11-21 14:48:48ID: BB  Data: 00 00 00 AA 00 00 00 00 
"
"2016-11-21 14:48:48ID: BC  Data: 00 00 00 AA 00 00 00 00 
"
"2016-11-21 14:48:48ID: BB  Data: 00 00 00 AA 00 00 00 00 
"
"2016-11-21 14:48:48ID: BC  Data: 00 00 00 AA 00 00 00 00 
"
"2016-11-21 14:48:48ID: BB  Data: 00 00 00 AA 00 00 00 00 
"
"2016-11-21 14:48:48ID: BC  Data: 00 00 00 AA 00 00 00 00 
"
"2016-11-21 14:48:48ID: BB  Data: 00 00 00 AA 00 00 00 00 
"
"2016-11-21 14:48:48ID: BC  Data: 00 00 00 AA 00 00 00 00 
"
"2016-11-21 14:48:48ID: BB  Data: 00 00 00 AA 00 00 00 00 
"
"2016-11-21 14:48:48ID: BC  Data: 00 00 00 AA 00 00 00 00 
"
"2016-11-21 14:48:48ID: BB  Data: 00 00 00 AA 00 00 00 00 
"
"2016-11-21 14:48:48ID: BC  Data: 00 00 00 AA 00 00 00 00 
"
"2016-11-21 14:48:48ID: BB  Data: 00 00 00 AA 00 00 00 00 
"
"2016-11-21 14:48:48ID: BC  Data: 00 00 00 AA 00 00 00 00 
"
"2016-11-21 14:48:48ID: BB  Data: 00 00 00 AA 00 00 00 00 
"
"2016-11-21 14:48:48ID: BC  Data: 00 00 00 AA 00 00 00 00 
"
"2016-11-21 14:48:49ID: BB  Data: 00 00 00 AA 00 00 00 00 
"
"2016-11-21 14:48:49ID: BC  Data: 00 00 00 AA 00 00 00 00 
"
"2016-11-21 14:48:49ID: BB  Data: 00 00 00 AA 00 00 00 00 
"
"2016-11-21 14:48:49ID: BC  Data: 00 00 00 AA 00 00 00 00 
"
"2016-11-21 14:48:49ID: BB  Data: 00 00 00 AA 00 00 00 00 
"
"2016-11-21 14:48:49ID: BC  Data: 00 00 00 AA 00 00 00 00 
"
"2016-11-21 14:48:49ID: BB  Data: 00 00 00 AA 00 00 00 00 
"
"2016-11-21 14:48:49ID: BC  Data: 00 00 00 AA 00 00 00 00 
"
"2016-11-21 14:48:49ID: BB  Data: 00 00 00 AA 00 00 00 00 
"
"2016-11-21 14:48:49ID: BC  Data: 00 00 00 AA 00 00 00 00 
"
"2016-11-21 14:48:49ID: BB  Data: 00 00 00 AA 00 00 00 00 
"
"2016-11-21 14:48:49ID: BC  Data: 00 00 00 AA 00 00 00 00 
"
"2016-11-21 14:48:49ID: BB  Data: 00 00 00 AA 00 00 00 00 
"
"2016-11-21 14:48:49ID: BC  Data: 00 00 00 AA 00 00 00 00 
"
"2016-11-21 14:48:49ID: BB  Data: 00 00 00 AA 00 00 00 00 
"
"2016-11-21 14:48:49ID: BC  Data: 00 00 00 AA 00 00 00 00 
"
"2016-11-21 14:48:49ID: BB  Data: 00 00 00 AA 00 00 00 00 
"
"2016-11-21 14:48:49ID: BC  Data: 00 00 00 AA 00 00 00 00 
"
"2016-11-21 14:48:49ID: BB  Data: 00 00 00 AA 00 00 00 00 
"
"2016-11-21 14:48:49ID: BC  Data: 00 00 00 AA 00 00 00 00 
"
"2016-11-21 14:48:49ID: BB  Data: 00 00 00 AA 00 00 00 00 
"
"2016-11-21 14:48:49ID: BC  Data: 00 00 00 AA 00 00 00 00 
"
"2016-11-21 14:48:49ID: BB  Data: 00 00 00 AA 00 00 00 00 
"
"2016-11-21 14:48:49ID: BC  Data: 00 00 00 AA 00 00 00 00 
"
"2016-11-21 14:48:50ID: BB  Data: 00 00 00 AA 00 00 00 00 
"
"2016-11-21 14:48:50ID: BC  Data: 00 00 00 AA 00 00 00 00 
"
"2016-11-21 14:48:50ID: BB  Data: 00 00 00 AA 00 00 00 00 
"
"2016-11-21 14:48:50ID: BC  Data: 00 00 00 AA 00 00 00 00 
"
"2016-11-21 14:48:50ID: BB  Data: 00 00 00 AA 00 00 00 00 
"
"2016-11-21 14:48:50ID: BC  Data: 00 00 00 AA 00 00 00 00 
"
"2016-11-21 14:48:50ID: BB  Data: 00 00 00 AA 00 00 00 00 
"
"2016-11-21 14:48:50ID: BC  Data: 00 00 00 AA 00 00 00 00 
"
"2016-11-21 14:48:50ID: BB  Data: 00 00 00 AA 00 00 00 00 
"
"2016-11-21 14:48:50ID: BC  Data: 00 00 00 AA 00 00 00 00 
"
"2016-11-21 14:48:50ID: BB  Data: 00 00 00 AA 00 00 00 00 
"
"2016-11-21 14:48:50ID: BC  Data: 00 00 00 AA 00 00 00 00 
"
"2016-11-21 14:48:50ID: BB  Data: 00 00 00 AA 00 00 00 00 
"
"2016-11-21 14:48:50ID: BC  Data: 00 00 00 AA 00 00 00 00 
"
"2016-11-21 14:48:50ID: BB  Data: 00 00 00 AA 00 00 00 00 
"
"2016-11-21 14:48:50ID: BC  Data: 00 00 00 AA 00 00 00 00 
"
"2016-11-21 14:48:50ID: BB  Data: 00 00 00 AA 00 00 00 00 
"
"2016-11-21 14:48:50ID: BC  Data: 00 00 00 AA 00 00 00 00 
"
"2016-11-21 14:48:50ID: BB  Data: 00 00 00 AA 00 00 00 00 
"
"2016-11-21 14:48:50ID: BC  Data: 00 00 00 AA 00 00 00 00 
"
"2016-11-21 14:48:50ID: BB  Data: 00 00 00 AA 00 00 00 00 
"
"2016-11-21 14:48:50ID: BC  Data: 00 00 00 AA 00 00 00 00 
"
"2016-11-21 14:48:51ID: BB  Data: 00 00 00 AA 00 00 00 00 
"
"2016-11-21 14:48:51ID: BC  Data: 00 00 00 AA 00 00 00 00 
"
"2016-11-21 14:48:51ID: BB  Data: 00 00 00 AA 00 00 00 00 
"
"2016-11-21 14:48:51ID: BC  Data: 00 00 00 AA 00 00 00 00 
"
"2016-11-21 14:48:51ID: BB  Data: 00 00 00 AA 00 00 00 00 
"
"2016-11-21 14:48:51ID: BC  Data: 00 00 00 AA 00 00 00 00 
"
"2016-11-21 14:48:51ID: BB  Data: 00 00 00 AA 00 00 00 00 
"
"2016-11-21 14:48:51ID: BC  Data: 00 00 00 AA 00 00 00 00 
"
"2016-11-21 14:48:51ID: BB  Data: 00 00 00 AA 00 00 00 00 
"
"2016-11-21 14:48:51ID: BC  Data: 00 00 00 AA 00 00 00 00 
"
"2016-11-21 14:48:51ID: BB  Data: 00 00 00 AA 00 00 00 00 
"
"2016-11-21 14:48:51ID: BC  Data: 00 00 00 AA 00 00 00 00 
"
"2016-11-21 14:48:51ID: BB  Data: 00 00 00 AA 00 00 00 00 
"
"2016-11-21 14:48:51ID: BC  Data: 00 00 00 AA 00 00 00 00 
"
"2016-11-21 14:48:51ID: BB  Data: 00 00 00 AA 00 00 00 00 
"
"2016-11-21 14:48:51ID: BC  Data: 00 00 00 AA 00 00 00 00 
"
"2016-11-21 14:48:51ID: BB  Data: 00 00 00 AA 00 00 00 00 
"
"2016-11-21 14:48:51ID: BC  Data: 00 00 00 AA 00 00 00 00 
"
"2016-11-21 14:48:51ID: BB  Data: 00 00 00 AA 00 00 00 00 
"
"2016-11-21 14:48:51ID: BC  Data: 00 00 00 AA 00 00 00 00 
"
"2016-11-21 14:48:51ID: BB  Data: 00 00 00 AA 00 00 00 00 
"
"2016-11-21 14:48:51ID: BC  Data: 00 00 00 AA 00 00 00 00 
"
"2016-11-21 14:48:51ID: BB  Data: 00 00 00 AA 00 00 00 00 
"
"2016-11-21 14:48:52ID: BC  Data: 00 00 00 AA 00 00 00 00 
"
"2016-11-21 14:48:52ID: BB  Data: 00 00 00 AA 00 00 00 00 
"
"2016-11-21 14:48:52ID: BC  Data: 00 00 00 AA 00 00 00 00 
"
"2016-11-21 14:48:52ID: BB  Data: 00 00 00 AA 00 00 00 00 
"
"2016-11-21 14:48:52ID: BC  Data: 00 00 00 AA 00 00 00 00 
"
"2016-11-21 14:48:52ID: BB  Data: 00 00 00 AA 00 00 00 00 
"
"2016-11-21 14:48:52ID: BC  Data: 00 00 00 AA 00 00 00 00 
"
"2016-11-21 14:48:52ID: BB  Data: 00 00 00 AA 00 00 00 00 
"
"2016-11-21 14:48:52ID: BC  Data: 00 00 00 AA 00 00 00 00 
"
"2016-11-21 14:48:52ID: BB  Data: 00 00 00 AA 00 00 00 00 
"
"2016-11-21 14:48:52ID: BC  Data: 00 00 00 AA 00 00 00 00 
"
"2016-11-21 14:48:52ID: BB  Data: 00 00 00 AA 00 00 00 00 
"
"2016-11-21 14:48:52ID: BC  Data: 00 00 00 AA 00 00 00 00 
"
"2016-11-21 14:48:52ID: BB  Data: 00 00 00 AA 00 00 00 00 
"
"2016-11-21 14:48:52ID: BC  Data: 00 00 00 AA 00 00 00 00 
"
"2016-11-21 14:48:52ID: BB  Data: 00 00 00 AA 00 00 00 00 
"
"2016-11-21 14:48:52ID: BC  Data: 00 00 00 AA 00 00 00 00 
"
"2016-11-21 14:48:52ID: BB  Data: 00 00 00 AA 00 00 00 00 
"
"2016-11-21 14:48:52ID: BC  Data: 00 00 00 AA 00 00 00 00 
"
"2016-11-21 14:48:52ID: BB  Data: 00 00 00 AA 00 00 00 00 
"
"2016-11-21 14:48:52ID: BC  Data: 00 00 00 AA 00 00 00 00 
"
"2016-11-21 14:48:52ID: BB  Data: 00 00 00 AA 00 00 00 00 
"
"2016-11-21 14:48:52ID: BC  Data: 00 00 00 AA 00 00 00 00 
"
"2016-11-21 14:48:53ID: BB  Data: 00 00 00 AA 00 00 00 00 
"
"2016-11-21 14:48:53ID: BC  Data: 00 00 00 AA 00 00 00 00 
"
"2016-11-21 14:48:53ID: BB  Data: 00 00 00 AA 00 00 00 00 
"
"2016-11-21 14:48:53ID: BC  Data: 00 00 00 AA 00 00 00 00 
"
"2016-11-21 14:48:53ID: BB  Data: 00 00 00 AA 00 00 00 00 
"
"2016-11-21 14:48:53ID: BC  Data: 00 00 00 AA 00 00 00 00 
"
"2016-11-21 14:48:53ID: BB  Data: 00 00 00 AA 00 00 00 00 
"
"2016-11-21 14:48:53ID: BC  Data: 00 00 00 AA 00 00 00 00 
"
"2016-11-21 14:48:53ID: BB  Data: 00 00 00 AA 00 00 00 00 
"
"2016-11-21 14:48:53ID: BC  Data: 00 00 00 AA 00 00 00 00 
"
"2016-11-21 14:48:53ID: AA  Data: AA AA 00 00 00 00 00 00 
"
"2016-11-21 14:48:53ID: BB  Data: 00 00 00 AA 00 00 00 00 
"
"2016-11-21 14:48:53ID: BC  Data: 00 00 00 AA 00 00 00 00 
"
"2016-11-21 14:48:53ID: BB  Data: 00 00 00 AA 00 00 00 00 
"
"2016-11-21 14:48:53ID: BC  Data: 00 00 00 AA 00 00 00 00 
"
"2016-11-21 14:48:53ID: BB  Data: 00 00 00 AA 00 00 00 00 
"
"2016-11-21 14:48:53ID: BC  Data: 00 00 00 AA 00 00 00 00 
"
"2016-11-21 14:48:53ID: BB  Data: 00 00 00 AA 00 00 00 00 
"
"2016-11-21 14:48:53ID: BC  Data: 00 00 00 AA 00 00 00 00 
"
"2016-11-21 14:48:53ID: BB  Data: 00 00 00 AA 00 00 00 00 
"
"2016-11-21 14:48:53ID: BC  Data: 00 00 00 AA 00 00 00 00 
"
"2016-11-21 14:48:53ID: BB  Data: 00 00 00 AA 00 00 00 00 
"
"2016-11-21 14:48:53ID: BC  Data: 00 00 00 AA 00 00 00 00 
"
"2016-11-21 14:48:54ID: BB  Data: 00 00 00 AA 00 00 00 00 
"
"2016-11-21 14:48:54ID: BC  Data: 00 00 00 AA 00 00 00 00 
"
"2016-11-21 14:48:54ID: BB  Data: 00 00 00 AA 00 00 00 00 
"
"2016-11-21 14:48:54ID: BC  Data: 00 00 00 AA 00 00 00 00 
"
"2016-11-21 14:48:54ID: BB  Data: 00 00 00 AA 00 00 00 00 
"
"2016-11-21 14:48:54ID: BC  Data: 00 00 00 AA 00 00 00 00 
"
"2016-11-21 14:48:54ID: BB  Data: 00 00 00 AA 00 00 00 00 
"
"2016-11-21 14:48:54ID: BC  Data: 00 00 00 AA 00 00 00 00 
"
"2016-11-21 14:48:54ID: BB  Data: 00 00 00 AA 00 00 00 00 
"
"2016-11-21 14:48:54ID: BC  Data: 00 00 00 AA 00 00 00 00 
"
"2016-11-21 14:48:54ID: BB  Data: 00 00 00 AA 00 00 00 00 
"
"2016-11-21 14:48:54ID: BC  Data: 00 00 00 AA 00 00 00 00 
"
"2016-11-21 14:48:54ID: BB  Data: 00 00 00 AA 00 00 00 00 
"
"2016-11-21 14:48:54ID: BC  Data: 00 00 00 AA 00 00 00 00 
"
"2016-11-21 14:48:54ID: BB  Data: 00 00 00 AA 00 00 00 00 
"
"2016-11-21 14:48:54ID: BC  Data: 00 00 00 AA 00 00 00 00 
"
"2016-11-21 14:48:54ID: BB  Data: 00 00 00 AA 00 00 00 00 
"
"2016-11-21 14:48:54ID: BC  Data: 00 00 00 AA 00 00 00 00 
"
"2016-11-21 14:48:54ID: BB  Data: 00 00 00 AA 00 00 00 00 
"
"2016-11-21 14:48:54ID: BC  Data: 00 00 00 AA 00 00 00 00 
"
"2016-11-21 14:48:54ID: BB  Data: 00 00 00 AA 00 00 00 00 
"
"2016-11-21 14:48:54ID: BC  Data: 00 00 00 AA 00 00 00 00 
"
"2016-11-21 14:48:54ID: BB  Data: 00 00 00 AA 00 00 00 00 
"
"2016-11-21 14:48:54ID: BC  Data: 00 00 00 AA 00 00 00 00 
"
"2016-11-21 14:48:55ID: BB  Data: 00 00 00 AA 00 00 00 00 
"
"2016-11-21 14:48:55ID: BC  Data: 00 00 00 AA 00 00 00 00 
"
"2016-11-21 14:48:55ID: BB  Data: 00 00 00 AA 00 00 00 00 
"
"2016-11-21 14:48:55ID: BC  Data: 00 00 00 AA 00 00 00 00 
"
"2016-11-21 14:48:55ID: BB  Data: 00 00 00 AA 00 00 00 00 
"
"2016-11-21 14:48:55ID: BC  Data: 00 00 00 AA 00 00 00 00 
"
"2016-11-21 14:48:55ID: BB  Data: 00 00 00 AA 00 00 00 00 
"
"2016-11-21 14:48:55ID: BC  Data: 00 00 00 AA 00 00 00 00 
"
"2016-11-21 14:48:55ID: BB  Data: 00 00 00 AA 00 00 00 00 
"
"2016-11-21 14:48:55ID: BC  Data: 00 00 00 AA 00 00 00 00 
"
"2016-11-21 14:48:55ID: BB  Data: 00 00 00 AA 00 00 00 00 
"
"2016-11-21 14:48:55ID: BC  Data: 00 00 00 AA 00 00 00 00 
"
"2016-11-21 14:48:55ID: BB  Data: 00 00 00 AA 00 00 00 00 
"
"2016-11-21 14:48:55ID: BC  Data: 00 00 00 AA 00 00 00 00 
"
"2016-11-21 14:48:55ID: BB  Data: 00 00 00 AA 00 00 00 00 
"
"2016-11-21 14:48:55ID: BC  Data: 00 00 00 AA 00 00 00 00 
"
"2016-11-21 14:48:55ID: BB  Data: 00 00 00 AA 00 00 00 00 
"
"2016-11-21 14:48:55ID: BC  Data: 00 00 00 AA 00 00 00 00 
"
"2016-11-21 14:48:55ID: BB  Data: 00 00 00 AA 00 00 00 00 
"
"2016-11-21 14:48:55ID: BC  Data: 00 00 00 AA 00 00 00 00 
"
"2016-11-21 14:48:55ID: BB  Data: 00 00 00 AA 00 00 00 00 
"
"2016-11-21 14:48:55ID: BC  Data: 00 00 00 AA 00 00 00 00 
"
"2016-11-21 14:48:56ID: BB  Data: 00 00 00 AA 00 00 00 00 
"
"2016-11-21 14:48:56ID: BC  Data: 00 00 00 AA 00 00 00 00 
"
"2016-11-21 14:48:56ID: BB  Data: 00 00 00 AA 00 00 00 00 
"
"2016-11-21 14:48:56ID: BC  Data: 00 00 00 AA 00 00 00 00 
"
"2016-11-21 14:48:56ID: BB  Data: 00 00 00 AA 00 00 00 00 
"
"2016-11-21 14:48:56ID: BC  Data: 00 00 00 AA 00 00 00 00 
"
"2016-11-21 14:48:56ID: BB  Data: 00 00 00 AA 00 00 00 00 
"
"2016-11-21 14:48:56ID: BC  Data: 00 00 00 AA 00 00 00 00 
"
"2016-11-21 14:48:56ID: BB  Data: 00 00 00 AA 00 00 00 00 
"
"2016-11-21 14:48:56ID: BC  Data: 00 00 00 AA 00 00 00 00 
"
"2016-11-21 14:48:56ID: BB  Data: 00 00 00 AA 00 00 00 00 
"
"2016-11-21 14:48:56ID: BC  Data: 00 00 00 AA 00 00 00 00 
"
"2016-11-21 14:48:56ID: BB  Data: 00 00 00 AA 00 00 00 00 
"
"2016-11-21 14:48:56ID: BC  Data: 00 00 00 AA 00 00 00 00 
"
"2016-11-21 14:48:56ID: BB  Data: 00 00 00 AA 00 00 00 00 
"
"2016-11-21 14:48:56ID: BC  Data: 00 00 00 AA 00 00 00 00 
"
"2016-11-21 14:48:56ID: BB  Data: 00 00 00 AA 00 00 00 00 
"
"2016-11-21 14:48:56ID: BC  Data: 00 00 00 AA 00 00 00 00 
"
"2016-11-21 14:48:56ID: BB  Data: 00 00 00 AA 00 00 00 00 
"
"2016-11-21 14:48:56ID: BC  Data: 00 00 00 AA 00 00 00 00 
"
"2016-11-21 14:48:56ID: BB  Data: 00 00 00 AA 00 00 00 00 
"
"2016-11-21 14:48:56ID: BC  Data: 00 00 00 AA 00 00 00 00 
"
"2016-11-21 14:48:57ID: BB  Data: 00 00 00 AA 00 00 00 00 
"
"2016-11-21 14:48:57ID: BC  Data: 00 00 00 AA 00 00 00 00 
"
"2016-11-21 14:48:57ID: BB  Data: 00 00 00 AA 00 00 00 00 
"
"2016-11-21 14:48:57ID: BC  Data: 00 00 00 AA 00 00 00 00 
"
"2016-11-21 14:48:57ID: BB  Data: 00 00 00 AA 00 00 00 00 
"
"2016-11-21 14:48:57ID: BC  Data: 00 00 00 AA 00 00 00 00 
"
"2016-11-21 14:48:57ID: BB  Data: 00 00 00 AA 00 00 00 00 
"
"2016-11-21 14:48:57ID: BC  Data: 00 00 00 AA 00 00 00 00 
"
"2016-11-21 14:48:57ID: BB  Data: 00 00 00 AA 00 00 00 00 
"
"2016-11-21 14:48:57ID: BC  Data: 00 00 00 AA 00 00 00 00 
"
"2016-11-21 14:48:57ID: BB  Data: 00 00 00 AA 00 00 00 00 
"
"2016-11-21 14:48:57ID: BC  Data: 00 00 00 AA 00 00 00 00 
"
"2016-11-21 14:48:57ID: BB  Data: 00 00 00 AA 00 00 00 00 
"
"2016-11-21 14:48:57ID: BC  Data: 00 00 00 AA 00 00 00 00 
"
"2016-11-21 14:48:57ID: BB  Data: 00 00 00 AA 00 00 00 00 
"
"2016-11-21 14:48:57ID: BC  Data: 00 00 00 AA 00 00 00 00 
"
"2016-11-21 14:48:57ID: BB  Data: 00 00 00 AA 00 00 00 00 
"
"2016-11-21 14:48:57ID: BC  Data: 00 00 00 AA 00 00 00 00 
"
"2016-11-21 14:48:57ID: BB  Data: 00 00 00 AA 00 00 00 00 
"
"2016-11-21 14:48:57ID: BC  Data: 00 00 00 AA 00 00 00 00 
"
"2016-11-21 14:48:57ID: BB  Data: 00 00 00 AA 00 00 00 00 
"
"2016-11-21 14:48:57ID: BC  Data: 00 00 00 AA 00 00 00 00 
"
"2016-11-21 14:48:57ID: BB  Data: 00 00 00 AA 00 00 00 00 
"
"2016-11-21 14:48:57ID: BC  Data: 00 00 00 AA 00 00 00 00 
"
"2016-11-21 14:48:58ID: BB  Data: 00 00 00 AA 00 00 00 00 
"
"2016-11-21 14:48:58ID: BC  Data: 00 00 00 AA 00 00 00 00 
"
"2016-11-21 14:48:58ID: BB  Data: 00 00 00 AA 00 00 00 00 
"
"2016-11-21 14:48:58ID: BC  Data: 00 00 00 AA 00 00 00 00 
"
"2016-11-21 14:48:58ID: BB  Data: 00 00 00 AA 00 00 00 00 
"
"2016-11-21 14:48:58ID: BC  Data: 00 00 00 AA 00 00 00 00 
"
"2016-11-21 14:48:58ID: BB  Data: 00 00 00 AA 00 00 00 00 
"
"2016-11-21 14:48:58ID: BC  Data: 00 00 00 AA 00 00 00 00 
"
"2016-11-21 14:48:58ID: BB  Data: 00 00 00 AA 00 00 00 00 
"
"2016-11-21 14:48:58ID: BC  Data: 00 00 00 AA 00 00 00 00 
"
"2016-11-21 14:48:58ID: BB  Data: 00 00 00 AA 00 00 00 00 
"
"2016-11-21 14:48:58ID: BC  Data: 00 00 00 AA 00 00 00 00 
"
"2016-11-21 14:48:58ID: BB  Data: 00 00 00 AA 00 00 00 00 
"
"2016-11-21 14:48:58ID: BC  Data: 00 00 00 AA 00 00 00 00 
"
"2016-11-21 14:48:58ID: BB  Data: 00 00 00 AA 00 00 00 00 
"
"2016-11-21 14:48:58ID: BC  Data: 00 00 00 AA 00 00 00 00 
"
"2016-11-21 14:48:58ID: BB  Data: 00 00 00 AA 00 00 00 00 
"
"2016-11-21 14:48:58ID: BC  Data: 00 00 00 AA 00 00 00 00 
"
"2016-11-21 14:48:58ID: BB  Data: 00 00 00 AA 00 00 00 00 
"
"2016-11-21 14:48:58ID: BC  Data: 00 00 00 AA 00 00 00 00 
"
"2016-11-21 14:48:58ID: BB  Data: 00 00 00 AA 00 00 00 00 
"
"2016-11-21 14:48:58ID: BC  Data: 00 00 00 AA 00 00 00 00 
"
"2016-11-21 14:48:59ID: BB  Data: 00 00 00 AA 00 00 00 00 
"
"2016-11-21 14:48:59ID: BC  Data: 00 00 00 AA 00 00 00 00 
"
"2016-11-21 14:48:59ID: BB  Data: 00 00 00 AA 00 00 00 00 
"
"2016-11-21 14:48:59ID: BC  Data: 00 00 00 AA 00 00 00 00 
"
"2016-11-21 14:48:59ID: BB  Data: 00 00 00 AA 00 00 00 00 
"
"2016-11-21 14:48:59ID: BC  Data: 00 00 00 AA 00 00 00 00 
"
"2016-11-21 14:48:59ID: BB  Data: 00 00 00 AA 00 00 00 00 
"
"2016-11-21 14:48:59ID: BC  Data: 00 00 00 AA 00 00 00 00 
"
"2016-11-21 14:48:59ID: BB  Data: 00 00 00 AA 00 00 00 00 
"
"2016-11-21 14:48:59ID: BC  Data: 00 00 00 AA 00 00 00 00 
"
"2016-11-21 14:48:59ID: BB  Data: 00 00 00 AA 00 00 00 00 
"
"2016-11-21 14:48:59ID: BC  Data: 00 00 00 AA 00 00 00 00 
"
"2016-11-21 14:48:59ID: BB  Data: 00 00 00 AA 00 00 00 00 
"
"2016-11-21 14:48:59ID: BC  Data: 00 00 00 AA 00 00 00 00 
"
"2016-11-21 14:48:59ID: BB  Data: 00 00 00 AA 00 00 00 00 
"
"2016-11-21 14:48:59ID: BC  Data: 00 00 00 AA 00 00 00 00 
"
"2016-11-21 14:48:59ID: BB  Data: 00 00 00 AA 00 00 00 00 
"
"2016-11-21 14:48:59ID: BC  Data: 00 00 00 AA 00 00 00 00 
"
"2016-11-21 14:48:59ID: BB  Data: 00 00 00 AA 00 00 00 00 
"
"2016-11-21 14:48:59ID: BC  Data: 00 00 00 AA 00 00 00 00 
"
"2016-11-21 14:48:59ID: BB  Data: 00 00 00 AA 00 00 00 00 
"
"2016-11-21 14:48:59ID: BC  Data: 00 00 00 AA 00 00 00 00 
"
"2016-11-21 14:48:59ID: BB  Data: 00 00 00 AA 00 00 00 00 
"
"2016-11-21 14:49:00ID: BC  Data: 00 00 00 AA 00 00 00 00 
"
"2016-11-21 14:49:00ID: BB  Data: 00 00 00 AA 00 00 00 00 
"
"2016-11-21 14:49:00ID: BC  Data: 00 00 00 AA 00 00 00 00 
"
"2016-11-21 14:49:00ID: BB  Data: 00 00 00 AA 00 00 00 00 
"
"2016-11-21 14:49:00ID: BC  Data: 00 00 00 AA 00 00 00 00 
"
"2016-11-21 14:49:00ID: BB  Data: 00 00 00 AA 00 00 00 00 
"
"2016-11-21 14:49:00ID: BC  Data: 00 00 00 AA 00 00 00 00 
"
"2016-11-21 14:49:00ID: BB  Data: 00 00 00 AA 00 00 00 00 
"
"2016-11-21 14:49:00ID: BC  Data: 00 00 00 AA 00 00 00 00 
"
"2016-11-21 14:49:00ID: BB  Data: 00 00 00 AA 00 00 00 00 
"
"2016-11-21 14:49:00ID: BC  Data: 00 00 00 AA 00 00 00 00 
"
"2016-11-21 14:49:00ID: BB  Data: 00 00 00 AA 00 00 00 00 
"
"2016-11-21 14:49:00ID: BC  Data: 00 00 00 AA 00 00 00 00 
"
"2016-11-21 14:49:00ID: BB  Data: 00 00 00 AA 00 00 00 00 
"
"2016-11-21 14:49:00ID: BC  Data: 00 00 00 AA 00 00 00 00 
"
"2016-11-21 14:49:00ID: BB  Data: 00 00 00 AA 00 00 00 00 
"
"2016-11-21 14:49:00ID: BC  Data: 00 00 00 AA 00 00 00 00 
"
"2016-11-21 14:49:00ID: BB  Data: 00 00 00 AA 00 00 00 00 
"
"2016-11-21 14:49:00ID: BC  Data: 00 00 00 AA 00 00 00 00 
"
"2016-11-21 14:49:00ID: BB  Data: 00 00 00 AA 00 00 00 00 
"
"2016-11-21 14:49:00ID: BC  Data: 00 00 00 AA 00 00 00 00 
"
"2016-11-21 14:49:00ID: BB  Data: 00 00 00 AA 00 00 00 00 
"
"2016-11-21 14:49:00ID: BC  Data: 00 00 00 AA 00 00 00 00 
"
"2016-11-21 14:49:01ID: BB  Data: 00 00 00 AA 00 00 00 00 
"
"2016-11-21 14:49:01ID: BC  Data: 00 00 00 AA 00 00 00 00 
"
"2016-11-21 14:49:01ID: BB  Data: 00 00 00 AA 00 00 00 00 
"
"2016-11-21 14:49:01ID: BC  Data: 00 00 00 AA 00 00 00 00 
"
"2016-11-21 14:49:01ID: BB  Data: 00 00 00 AA 00 00 00 00 
"
"2016-11-21 14:49:01ID: BC  Data: 00 00 00 AA 00 00 00 00 
"
"2016-11-21 14:49:01ID: BB  Data: 00 00 00 AA 00 00 00 00 
"
"2016-11-21 14:49:01ID: BC  Data: 00 00 00 AA 00 00 00 00 
"
"2016-11-21 14:49:01ID: BB  Data: 00 00 00 AA 00 00 00 00 
"
"2016-11-21 14:49:01ID: BC  Data: 00 00 00 AA 00 00 00 00 
"
"2016-11-21 14:49:01ID: BB  Data: 00 00 00 AA 00 00 00 00 
"
"2016-11-21 14:49:01ID: BC  Data: 00 00 00 AA 00 00 00 00 
"
"2016-11-21 14:49:01ID: BB  Data: 00 00 00 AA 00 00 00 00 
"
"2016-11-21 14:49:01ID: BC  Data: 00 00 00 AA 00 00 00 00 
"
"2016-11-21 14:49:01ID: BB  Data: 00 00 00 AA 00 00 00 00 
"
"2016-11-21 14:49:01ID: BC  Data: 00 00 00 AA 00 00 00 00 
"
"2016-11-21 14:49:01ID: BB  Data: 00 00 00 AA 00 00 00 00 
"
"2016-11-21 14:49:01ID: BC  Data: 00 00 00 AA 00 00 00 00 
"
"2016-11-21 14:49:01ID: BB  Data: 00 00 00 AA 00 00 00 00 
"
"2016-11-21 14:49:01ID: BC  Data: 00 00 00 AA 00 00 00 00 
"
"2016-11-21 14:49:01ID: BB  Data: 00 00 00 AA 00 00 00 00 
"
"2016-11-21 14:49:01ID: BC  Data: 00 00 00 AA 00 00 00 00 
"
"2016-11-21 14:49:02ID: BB  Data: 00 00 00 AA 00 00 00 00 
"
"2016-11-21 14:49:02ID: BC  Data: 00 00 00 AA 00 00 00 00 
"
"2016-11-21 14:49:02ID: BB  Data: 00 00 00 AA 00 00 00 00 
"
"2016-11-21 14:49:02ID: BC  Data: 00 00 00 AA 00 00 00 00 
"
"2016-11-21 14:49:02ID: BB  Data: 00 00 00 AA 00 00 00 00 
"
"2016-11-21 14:49:02ID: BC  Data: 00 00 00 AA 00 00 00 00 
"
"2016-11-21 14:49:02ID: BB  Data: 00 00 00 AA 00 00 00 00 
"
"2016-11-21 14:49:02ID: BC  Data: 00 00 00 AA 00 00 00 00 
"
"2016-11-21 14:49:02ID: BB  Data: 00 00 00 AA 00 00 00 00 
"
"2016-11-21 14:49:02ID: BC  Data: 00 00 00 AA 00 00 00 00 
"
"2016-11-21 14:49:02ID: BB  Data: 00 00 00 AA 00 00 00 00 
"
"2016-11-21 14:49:02ID: BC  Data: 00 00 00 AA 00 00 00 00 
"
"2016-11-21 14:49:02ID: BB  Data: 00 00 00 AA 00 00 00 00 
"
"2016-11-21 14:49:02ID: BC  Data: 00 00 00 AA 00 00 00 00 
"
"2016-11-21 14:49:02ID: BB  Data: 00 00 00 AA 00 00 00 00 
"
"2016-11-21 14:49:02ID: BC  Data: 00 00 00 AA 00 00 00 00 
"
"2016-11-21 14:49:02ID: BB  Data: 00 00 00 AA 00 00 00 00 
"
"2016-11-21 14:49:02ID: BC  Data: 00 00 00 AA 00 00 00 00 
"
"2016-11-21 14:49:02ID: BB  Data: 00 00 00 AA 00 00 00 00 
"
"2016-11-21 14:49:02ID: BC  Data: 00 00 00 AA 00 00 00 00 
"
"2016-11-21 14:49:02ID: BB  Data: 00 00 00 AA 00 00 00 00 
"
"2016-11-21 14:49:02ID: BC  Data: 00 00 00 AA 00 00 00 00 
"
"2016-11-21 14:49:02ID: BB  Data: 00 00 00 AA 00 00 00 00 
"
"2016-11-21 14:49:02ID: BC  Data: 00 00 00 AA 00 00 00 00 
"
"2016-11-21 14:49:03ID: BB  Data: 00 00 00 AA 00 00 00 00 
"
"2016-11-21 14:49:03ID: BC  Data: 00 00 00 AA 00 00 00 00 
"
"2016-11-21 14:49:03ID: BB  Data: 00 00 00 AA 00 00 00 00 
"
"2016-11-21 14:49:03ID: BC  Data: 00 00 00 AA 00 00 00 00 
"
"2016-11-21 14:49:03ID: BB  Data: 00 00 00 AA 00 00 00 00 
"
"2016-11-21 14:49:03ID: BC  Data: 00 00 00 AA 00 00 00 00 
"
"2016-11-21 14:49:03ID: BB  Data: 00 00 00 AA 00 00 00 00 
"
"2016-11-21 14:49:03ID: BC  Data: 00 00 00 AA 00 00 00 00 
"
"2016-11-21 14:49:03ID: BB  Data: 00 00 00 AA 00 00 00 00 
"
"2016-11-21 14:49:03ID: AA  Data: AA CC 00 00 00 00 00 00 
"
"2016-11-21 14:49:03ID: BC  Data: 00 00 00 AA 00 00 00 00 
"
"2016-11-21 14:49:03ID: BB  Data: 00 00 00 AA 00 00 00 00 
"
"2016-11-21 14:49:03ID: BC  Data: 00 00 00 AA 00 00 00 00 
"
"2016-11-21 14:49:03ID: BB  Data: 00 00 00 AA 00 00 00 00 
"
"2016-11-21 14:49:03ID: BC  Data: 00 00 00 AA 00 00 00 00 
"
"2016-11-21 14:49:03ID: BB  Data: 00 00 00 AA 00 00 00 00 
"
"2016-11-21 14:49:03ID: BC  Data: 00 00 00 AA 00 00 00 00 
"
"2016-11-21 14:49:03ID: BB  Data: 00 00 00 AA 00 00 00 00 
"
"2016-11-21 14:49:03ID: BC  Data: 00 00 00 AA 00 00 00 00 
"
"2016-11-21 14:49:03ID: BB  Data: 00 00 00 AA 00 00 00 00 
"
"2016-11-21 14:49:03ID: BC  Data: 00 00 00 AA 00 00 00 00 
"
"2016-11-21 14:49:03ID: BB  Data: 00 00 00 AA 00 00 00 00 
"
"2016-11-21 14:49:03ID: BC  Data: 00 00 00 AA 00 00 00 00 
"
"2016-11-21 14:49:04ID: BB  Data: 00 00 00 AA 00 00 00 00 
"
"2016-11-21 14:49:04ID: BC  Data: 00 00 00 AA 00 00 00 00 
"
"2016-11-21 14:49:04ID: BB  Data: 00 00 00 AA 00 00 00 00 
"
"2016-11-21 14:49:04ID: BC  Data: 00 00 00 AA 00 00 00 00 
"
"2016-11-21 14:49:04ID: BB  Data: 00 00 00 AA 00 00 00 00 
"
"2016-11-21 14:49:04ID: BC  Data: 00 00 00 AA 00 00 00 00 
"
"2016-11-21 14:49:04ID: BB  Data: 00 00 00 AA 00 00 00 00 
"
"2016-11-21 14:49:04ID: BC  Data: 00 00 00 AA 00 00 00 00 
"
"2016-11-21 14:49:04ID: BB  Data: 00 00 00 AA 00 00 00 00 
"
"2016-11-21 14:49:04ID: BC  Data: 00 00 00 AA 00 00 00 00 
"
"2016-11-21 14:49:04ID: BB  Data: 00 00 00 AA 00 00 00 00 
"
"2016-11-21 14:49:04ID: BC  Data: 00 00 00 AA 00 00 00 00 
"
"2016-11-21 14:49:04ID: BB  Data: 00 00 00 AA 00 00 00 00 
"
"2016-11-21 14:49:04ID: BC  Data: 00 00 00 AA 00 00 00 00 
"
"2016-11-21 14:49:04ID: BB  Data: 00 00 00 AA 00 00 00 00 
"
"2016-11-21 14:49:04ID: BC  Data: 00 00 00 AA 00 00 00 00 
"
"2016-11-21 14:49:04ID: BB  Data: 00 00 00 AA 00 00 00 00 
"
"2016-11-21 14:49:04ID: BC  Data: 00 00 00 AA 00 00 00 00 
"
"2016-11-21 14:49:04ID: BB  Data: 00 00 00 AA 00 00 00 00 
"
"2016-11-21 14:49:04ID: BC  Data: 00 00 00 AA 00 00 00 00 
"
"2016-11-21 14:49:04ID: BB  Data: 00 00 00 AA 00 00 00 00 
"
"2016-11-21 14:49:04ID: BC  Data: 00 00 00 AA 00 00 00 00 
"
"2016-11-21 14:49:05ID: BB  Data: 00 00 00 AA 00 00 00 00 
"
"2016-11-21 14:49:05ID: BC  Data: 00 00 00 AA 00 00 00 00 
"
"2016-11-21 14:49:05ID: BB  Data: 00 00 00 AA 00 00 00 00 
"
"2016-11-21 14:49:05ID: BC  Data: 00 00 00 AA 00 00 00 00 
"
"2016-11-21 14:49:05ID: BB  Data: 00 00 00 AA 00 00 00 00 
"
"2016-11-21 14:49:05ID: BC  Data: 00 00 00 AA 00 00 00 00 
"
"2016-11-21 14:49:05ID: BB  Data: 00 00 00 AA 00 00 00 00 
"
"2016-11-21 14:49:05ID: BC  Data: 00 00 00 AA 00 00 00 00 
"
"2016-11-21 14:49:05ID: BB  Data: 00 00 00 AA 00 00 00 00 
"
"2016-11-21 14:49:05ID: BC  Data: 00 00 00 AA 00 00 00 00 
"
"2016-11-21 14:49:05ID: BB  Data: 00 00 00 AA 00 00 00 00 
"
"2016-11-21 14:49:05ID: BC  Data: 00 00 00 AA 00 00 00 00 
"
"2016-11-21 14:49:05ID: BB  Data: 00 00 00 AA 00 00 00 00 
"
"2016-11-21 14:49:05ID: BC  Data: 00 00 00 AA 00 00 00 00 
"
"2016-11-21 14:49:05ID: BB  Data: 00 00 00 AA 00 00 00 00 
"
"2016-11-21 14:49:05ID: BC  Data: 00 00 00 AA 00 00 00 00 
"
"2016-11-21 14:49:05ID: BB  Data: 00 00 00 AA 00 00 00 00 
"
"2016-11-21 14:49:05ID: BC  Data: 00 00 00 AA 00 00 00 00 
"
"2016-11-21 14:49:05ID: BB  Data: 00 00 00 AA 00 00 00 00 
"
"2016-11-21 14:49:05ID: BC  Data: 00 00 00 AA 00 00 00 00 
"
"2016-11-21 14:49:05ID: BB  Data: 00 00 00 AA 00 00 00 00 
"
"2016-11-21 14:49:05ID: BC  Data: 00 00 00 AA 00 00 00 00 
"
"2016-11-21 14:49:05ID: BB  Data: 00 00 00 AA 00 00 00 00 
"
"2016-11-21 14:49:05ID: BC  Data: 00 00 00 AA 00 00 00 00 
"
"2016-11-21 14:49:06ID: BB  Data: 00 00 00 AA 00 00 00 00 
"
"2016-11-21 14:49:06ID: BC  Data: 00 00 00 AA 00 00 00 00 
"
"2016-11-21 14:49:06ID: BB  Data: 00 00 00 AA 00 00 00 00 
"
"2016-11-21 14:49:06ID: BC  Data: 00 00 00 AA 00 00 00 00 
"
"2016-11-21 14:49:06ID: BB  Data: 00 00 00 AA 00 00 00 00 
"
"2016-11-21 14:49:06ID: BC  Data: 00 00 00 AA 00 00 00 00 
"
"2016-11-21 14:49:06ID: BB  Data: 00 00 00 AA 00 00 00 00 
"
"2016-11-21 14:49:06ID: BC  Data: 00 00 00 AA 00 00 00 00 
"
"2016-11-21 14:49:06ID: BB  Data: 00 00 00 AA 00 00 00 00 
"
"2016-11-21 14:49:06ID: BC  Data: 00 00 00 AA 00 00 00 00 
"
"2016-11-21 14:49:06ID: BB  Data: 00 00 00 AA 00 00 00 00 
"
"2016-11-21 14:49:06ID: BC  Data: 00 00 00 AA 00 00 00 00 
"
"2016-11-21 14:49:06ID: BB  Data: 00 00 00 AA 00 00 00 00 
"
"2016-11-21 14:49:06ID: BC  Data: 00 00 00 AA 00 00 00 00 
"
"2016-11-21 14:49:06ID: BB  Data: 00 00 00 AA 00 00 00 00 
"
"2016-11-21 14:49:06ID: BC  Data: 00 00 00 AA 00 00 00 00 
"
"2016-11-21 14:49:06ID: BB  Data: 00 00 00 AA 00 00 00 00 
"
"2016-11-21 14:49:06ID: BC  Data: 00 00 00 AA 00 00 00 00 
"
"2016-11-21 14:49:06ID: BB  Data: 00 00 00 AA 00 00 00 00 
"
"2016-11-21 14:49:06ID: BC  Data: 00 00 00 AA 00 00 00 00 
"
"2016-11-21 14:49:06ID: BB  Data: 00 00 00 AA 00 00 00 00 
"
"2016-11-21 14:49:06ID: BC  Data: 00 00 00 AA 00 00 00 00 
"
"2016-11-21 14:49:07ID: BB  Data: 00 00 00 AA 00 00 00 00 
"
"2016-11-21 14:49:07ID: BC  Data: 00 00 00 AA 00 00 00 00 
"
"2016-11-21 14:49:07ID: BB  Data: 00 00 00 AA 00 00 00 00 
"
"2016-11-21 14:49:07ID: BC  Data: 00 00 00 AA 00 00 00 00 
"
"2016-11-21 14:49:07ID: BB  Data: 00 00 00 AA 00 00 00 00 
"
"2016-11-21 14:49:07ID: BC  Data: 00 00 00 AA 00 00 00 00 
"
"2016-11-21 14:49:07ID: BB  Data: 00 00 00 AA 00 00 00 00 
"
"2016-11-21 14:49:07ID: BC  Data: 00 00 00 AA 00 00 00 00 
"
"2016-11-21 14:49:07ID: BB  Data: 00 00 00 AA 00 00 00 00 
"
"2016-11-21 14:49:07ID: BC  Data: 00 00 00 AA 00 00 00 00 
"
"2016-11-21 14:49:07ID: BB  Data: 00 00 00 AA 00 00 00 00 
"
"2016-11-21 14:49:07ID: BC  Data: 00 00 00 AA 00 00 00 00 
"
"2016-11-21 14:49:07ID: BB  Data: 00 00 00 AA 00 00 00 00 
"
"2016-11-21 14:49:07ID: BC  Data: 00 00 00 AA 00 00 00 00 
"
"2016-11-21 14:49:07ID: BB  Data: 00 00 00 AA 00 00 00 00 
"
"2016-11-21 14:49:07ID: BC  Data: 00 00 00 AA 00 00 00 00 
"
"2016-11-21 14:49:07ID: BB  Data: 00 00 00 AA 00 00 00 00 
"
"2016-11-21 14:49:07ID: BC  Data: 00 00 00 AA 00 00 00 00 
"
"2016-11-21 14:49:07ID: BB  Data: 00 00 00 AA 00 00 00 00 
"
"2016-11-21 14:49:07ID: BC  Data: 00 00 00 AA 00 00 00 00 
"
"2016-11-21 14:49:07ID: BB  Data: 00 00 00 AA 00 00 00 00 
"
"2016-11-21 14:49:07ID: BC  Data: 00 00 00 AA 00 00 00 00 
"
"2016-11-21 14:49:07ID: BB  Data: 00 00 00 AA 00 00 00 00 
"
"2016-11-21 14:49:08ID: BC  Data: 00 00 00 AA 00 00 00 00 
"
"2016-11-21 14:49:08ID: BB  Data: 00 00 00 AA 00 00 00 00 
"
"2016-11-21 14:49:08ID: BC  Data: 00 00 00 AA 00 00 00 00 
"
"2016-11-21 14:49:08ID: BB  Data: 00 00 00 AA 00 00 00 00 
"
"2016-11-21 14:49:08ID: BC  Data: 00 00 00 AA 00 00 00 00 
"
"2016-11-21 14:49:08ID: BB  Data: 00 00 00 AA 00 00 00 00 
"
"2016-11-21 14:49:08ID: BC  Data: 00 00 00 AA 00 00 00 00 
"
"2016-11-21 14:49:08ID: BB  Data: 00 00 00 AA 00 00 00 00 
"
"2016-11-21 14:49:08ID: BC  Data: 00 00 00 AA 00 00 00 00 
"
"2016-11-21 14:49:08ID: BB  Data: 00 00 00 AA 00 00 00 00 
"
"2016-11-21 14:49:08ID: BC  Data: 00 00 00 AA 00 00 00 00 
"
"2016-11-21 14:49:08ID: BB  Data: 00 00 00 AA 00 00 00 00 
"
"2016-11-21 14:49:08ID: BC  Data: 00 00 00 AA 00 00 00 00 
"
"2016-11-21 14:49:08ID: BB  Data: 00 00 00 AA 00 00 00 00 
"
"2016-11-21 14:49:08ID: BC  Data: 00 00 00 AA 00 00 00 00 
"
"2016-11-21 14:49:08ID: BB  Data: 00 00 00 AA 00 00 00 00 
"
"2016-11-21 14:49:08ID: BC  Data: 00 00 00 AA 00 00 00 00 
"
"2016-11-21 14:49:08ID: BB  Data: 00 00 00 AA 00 00 00 00 
"
"2016-11-21 14:49:08ID: BC  Data: 00 00 00 AA 00 00 00 00 
"
"2016-11-21 14:49:08ID: BB  Data: 00 00 00 AA 00 00 00 00 
"
"2016-11-21 14:49:08ID: BC  Data: 00 00 00 AA 00 00 00 00 
"
"2016-11-21 14:49:08ID: BB  Data: 00 00 00 AA 00 00 00 00 
"
"2016-11-21 14:49:08ID: BC  Data: 00 00 00 AA 00 00 00 00 
"
"2016-11-21 14:49:09ID: BB  Data: 00 00 00 AA 00 00 00 00 
"
"2016-11-21 14:49:09ID: BC  Data: 00 00 00 AA 00 00 00 00 
"
"2016-11-21 14:49:09ID: BB  Data: 00 00 00 AA 00 00 00 00 
"
"2016-11-21 14:49:09ID: BC  Data: 00 00 00 AA 00 00 00 00 
"
"2016-11-21 14:49:09ID: BB  Data: 00 00 00 AA 00 00 00 00 
"
"2016-11-21 14:49:09ID: BC  Data: 00 00 00 AA 00 00 00 00 
"
"2016-11-21 14:49:09ID: BB  Data: 00 00 00 AA 00 00 00 00 
"
"2016-11-21 14:49:09ID: BC  Data: 00 00 00 AA 00 00 00 00 
"
"2016-11-21 14:49:09ID: BB  Data: 00 00 00 AA 00 00 00 00 
"
"2016-11-21 14:49:09ID: BC  Data: 00 00 00 AA 00 00 00 00 
"
"2016-11-21 14:49:09ID: BB  Data: 00 00 00 AA 00 00 00 00 
"
"2016-11-21 14:49:09ID: BC  Data: 00 00 00 AA 00 00 00 00 
"
"2016-11-21 14:49:09ID: BB  Data: 00 00 00 AA 00 00 00 00 
"
"2016-11-21 14:49:09ID: BC  Data: 00 00 00 AA 00 00 00 00 
"
"2016-11-21 14:49:09ID: BB  Data: 00 00 00 AA 00 00 00 00 
"
"2016-11-21 14:49:09ID: BC  Data: 00 00 00 AA 00 00 00 00 
"
"2016-11-21 14:49:09ID: BB  Data: 00 00 00 AA 00 00 00 00 
"
"2016-11-21 14:49:09ID: BC  Data: 00 00 00 AA 00 00 00 00 
"
"2016-11-21 14:49:09ID: BB  Data: 00 00 00 AA 00 00 00 00 
"
"2016-11-21 14:49:09ID: BC  Data: 00 00 00 AA 00 00 00 00 
"
"2016-11-21 14:49:09ID: BB  Data: 00 00 00 AA 00 00 00 00 
"
"2016-11-21 14:49:09ID: BC  Data: 00 00 00 AA 00 00 00 00 
"
"2016-11-21 14:49:10ID: BB  Data: 00 00 00 AA 00 00 00 00 
"
"2016-11-21 14:49:10ID: BC  Data: 00 00 00 AA 00 00 00 00 
"
"2016-11-21 14:49:10ID: BB  Data: 00 00 00 AA 00 00 00 00 
"
"2016-11-21 14:49:10ID: BC  Data: 00 00 00 AA 00 00 00 00 
"
"2016-11-21 14:49:10ID: BB  Data: 00 00 00 AA 00 00 00 00 
"
"2016-11-21 14:49:10ID: BC  Data: 00 00 00 AA 00 00 00 00 
"
"2016-11-21 14:49:10ID: BB  Data: 00 00 00 AA 00 00 00 00 
"
"2016-11-21 14:49:10ID: BC  Data: 00 00 00 AA 00 00 00 00 
"
"2016-11-21 14:49:10ID: BB  Data: 00 00 00 AA 00 00 00 00 
"
"2016-11-21 14:49:10ID: BC  Data: 00 00 00 AA 00 00 00 00 
"
"2016-11-21 14:49:10ID: BB  Data: 00 00 00 AA 00 00 00 00 
"
"2016-11-21 14:49:10ID: BC  Data: 00 00 00 AA 00 00 00 00 
"
"2016-11-21 14:49:10ID: BB  Data: 00 00 00 AA 00 00 00 00 
"
"2016-11-21 14:49:10ID: BC  Data: 00 00 00 AA 00 00 00 00 
"
"2016-11-21 14:49:10ID: BB  Data: 00 00 00 AA 00 00 00 00 
"
"2016-11-21 14:49:10ID: BC  Data: 00 00 00 AA 00 00 00 00 
"
"2016-11-21 14:49:10ID: BB  Data: 00 00 00 AA 00 00 00 00 
"
"2016-11-21 14:49:10ID: BC  Data: 00 00 00 AA 00 00 00 00 
"
"2016-11-21 14:49:10ID: BB  Data: 00 00 00 AA 00 00 00 00 
"
"2016-11-21 14:49:10ID: BC  Data: 00 00 00 AA 00 00 00 00 
"
"2016-11-21 14:49:10ID: BB  Data: 00 00 00 AA 00 00 00 00 
"
"2016-11-21 14:49:10ID: BC  Data: 00 00 00 AA 00 00 00 00 
"
"2016-11-21 14:49:10ID: BB  Data: 00 00 00 AA 00 00 00 00 
"
"2016-11-21 14:49:10ID: BC  Data: 00 00 00 AA 00 00 00 00 
"
"2016-11-21 14:49:11ID: BB  Data: 00 00 00 AA 00 00 00 00 
"
"2016-11-21 14:49:11ID: BC  Data: 00 00 00 AA 00 00 00 00 
"
"2016-11-21 14:49:11ID: BB  Data: 00 00 00 AA 00 00 00 00 
"
"2016-11-21 14:49:11ID: BC  Data: 00 00 00 AA 00 00 00 00 
"
"2016-11-21 14:49:11ID: BB  Data: 00 00 00 AA 00 00 00 00 
"
"2016-11-21 14:49:11ID: BC  Data: 00 00 00 AA 00 00 00 00 
"
"2016-11-21 14:49:11ID: BB  Data: 00 00 00 AA 00 00 00 00 
"
"2016-11-21 14:49:11ID: BC  Data: 00 00 00 AA 00 00 00 00 
"
"2016-11-21 14:49:11ID: BB  Data: 00 00 00 AA 00 00 00 00 
"
"2016-11-21 14:49:11ID: BC  Data: 00 00 00 AA 00 00 00 00 
"
"2016-11-21 14:49:11ID: BB  Data: 00 00 00 AA 00 00 00 00 
"
"2016-11-21 14:49:11ID: BC  Data: 00 00 00 AA 00 00 00 00 
"
"2016-11-21 14:49:11ID: BB  Data: 00 00 00 AA 00 00 00 00 
"
"2016-11-21 14:49:11ID: BC  Data: 00 00 00 AA 00 00 00 00 
"
"2016-11-21 14:49:11ID: BB  Data: 00 00 00 AA 00 00 00 00 
"
"2016-11-21 14:49:11ID: BC  Data: 00 00 00 AA 00 00 00 00 
"
"2016-11-21 14:49:11ID: BB  Data: 00 00 00 AA 00 00 00 00 
"
"2016-11-21 14:49:11ID: BC  Data: 00 00 00 AA 00 00 00 00 
"
"2016-11-21 14:49:11ID: BB  Data: 00 00 00 AA 00 00 00 00 
"
"2016-11-21 14:49:11ID: BC  Data: 00 00 00 AA 00 00 00 00 
"
"2016-11-21 14:49:11ID: BB  Data: 00 00 00 AA 00 00 00 00 
"
"2016-11-21 14:49:11ID: BC  Data: 00 00 00 AA 00 00 00 00 
"
"2016-11-21 14:49:12ID: BB  Data: 00 00 00 AA 00 00 00 00 
"
"2016-11-21 14:49:12ID: BC  Data: 00 00 00 AA 00 00 00 00 
"
"2016-11-21 14:49:12ID: BB  Data: 00 00 00 AA 00 00 00 00 
"
"2016-11-21 14:49:12ID: BC  Data: 00 00 00 AA 00 00 00 00 
"
"2016-11-21 14:49:12ID: BB  Data: 00 00 00 AA 00 00 00 00 
"
"2016-11-21 14:49:12ID: BC  Data: 00 00 00 AA 00 00 00 00 
"
"2016-11-21 14:49:12ID: BB  Data: 00 00 00 AA 00 00 00 00 
"
"2016-11-21 14:49:12ID: BC  Data: 00 00 00 AA 00 00 00 00 
"
"2016-11-21 14:49:12ID: BB  Data: 00 00 00 AA 00 00 00 00 
"
"2016-11-21 14:49:12ID: BC  Data: 00 00 00 AA 00 00 00 00 
"
"2016-11-21 14:49:12ID: BB  Data: 00 00 00 AA 00 00 00 00 
"
"2016-11-21 14:49:12ID: BC  Data: 00 00 00 AA 00 00 00 00 
"
"2016-11-21 14:49:12ID: BB  Data: 00 00 00 AA 00 00 00 00 
"
"2016-11-21 14:49:12ID: BC  Data: 00 00 00 AA 00 00 00 00 
"
"2016-11-21 14:49:12ID: BB  Data: 00 00 00 AA 00 00 00 00 
"
"2016-11-21 14:49:12ID: BC  Data: 00 00 00 AA 00 00 00 00 
"
"2016-11-21 14:49:12ID: BB  Data: 00 00 00 AA 00 00 00 00 
"
"2016-11-21 14:49:12ID: BC  Data: 00 00 00 AA 00 00 00 00 
"
"2016-11-21 14:49:12ID: BB  Data: 00 00 00 AA 00 00 00 00 
"
"2016-11-21 14:49:12ID: BC  Data: 00 00 00 AA 00 00 00 00 
"
"2016-11-21 14:49:12ID: BB  Data: 00 00 00 AA 00 00 00 00 
"
"2016-11-21 14:49:12ID: BC  Data: 00 00 00 AA 00 00 00 00 
"
"2016-11-21 14:49:13ID: BB  Data: 00 00 00 AA 00 00 00 00 
"
"2016-11-21 14:49:13ID: BC  Data: 00 00 00 AA 00 00 00 00 
"
"2016-11-21 14:49:13ID: BB  Data: 00 00 00 AA 00 00 00 00 
"
"2016-11-21 14:49:13ID: BC  Data: 00 00 00 AA 00 00 00 00 
"
"2016-11-21 14:49:13ID: BB  Data: 00 00 00 AA 00 00 00 00 
"
"2016-11-21 14:49:13ID: BC  Data: 00 00 00 AA 00 00 00 00 
"
"2016-11-21 14:49:13ID: BB  Data: 00 00 00 AA 00 00 00 00 
"
"2016-11-21 14:49:13ID: BC  Data: 00 00 00 AA 00 00 00 00 
"
"2016-11-21 14:49:13ID: BB  Data: 00 00 00 AA 00 00 00 00 
"
"2016-11-21 14:49:13ID: BC  Data: 00 00 00 AA 00 00 00 00 
"
"2016-11-21 14:49:13ID: BB  Data: 00 00 00 AA 00 00 00 00 
"
"2016-11-21 14:49:13ID: BC  Data: 00 00 00 AA 00 00 00 00 
"
"2016-11-21 14:49:13ID: BB  Data: 00 00 00 AA 00 00 00 00 
"
"2016-11-21 14:49:13ID: BC  Data: 00 00 00 AA 00 00 00 00 
"
"2016-11-21 14:49:13ID: BB  Data: 00 00 00 AA 00 00 00 00 
"
"2016-11-21 14:49:13ID: BC  Data: 00 00 00 AA 00 00 00 00 
"
"2016-11-21 14:49:13ID: BB  Data: 00 00 00 AA 00 00 00 00 
"
"2016-11-21 14:49:13ID: BC  Data: 00 00 00 AA 00 00 00 00 
"
"2016-11-21 14:49:13ID: BB  Data: 00 00 00 AA 00 00 00 00 
"
"2016-11-21 14:49:13ID: BC  Data: 00 00 00 AA 00 00 00 00 
"
"2016-11-21 14:49:13ID: BB  Data: 00 00 00 AA 00 00 00 00 
"
"2016-11-21 14:49:13ID: BC  Data: 00 00 00 AA 00 00 00 00 
"
"2016-11-21 14:49:13ID: BB  Data: 00 00 00 AA 00 00 00 00 
"
"2016-11-21 14:49:13ID: BC  Data: 00 00 00 AA 00 00 00 00 
"
"2016-11-21 14:49:14ID: BB  Data: 00 00 00 AA 00 00 00 00 
"
"2016-11-21 14:49:14ID: BC  Data: 00 00 00 AA 00 00 00 00 
"
"2016-11-21 14:49:14ID: BB  Data: 00 00 00 AA 00 00 00 00 
"
"2016-11-21 14:49:14ID: BC  Data: 00 00 00 AA 00 00 00 00 
"
"2016-11-21 14:49:14ID: BB  Data: 00 00 00 AA 00 00 00 00 
"
"2016-11-21 14:49:14ID: BC  Data: 00 00 00 AA 00 00 00 00 
"
"2016-11-21 14:49:14ID: BB  Data: 00 00 00 AA 00 00 00 00 
"
"2016-11-21 14:49:14ID: BC  Data: 00 00 00 AA 00 00 00 00 
"
"2016-11-21 14:49:14ID: BB  Data: 00 00 00 AA 00 00 00 00 
"
"2016-11-21 14:49:14ID: BC  Data: 00 00 00 AA 00 00 00 00 
"
"2016-11-21 14:49:14ID: BB  Data: 00 00 00 AA 00 00 00 00 
"
"2016-11-21 14:49:14ID: BC  Data: 00 00 00 AA 00 00 00 00 
"
"2016-11-21 14:49:14ID: BB  Data: 00 00 00 AA 00 00 00 00 
"
"2016-11-21 14:49:14ID: BC  Data: 00 00 00 AA 00 00 00 00 
"
"2016-11-21 14:49:14ID: BB  Data: 00 00 00 AA 00 00 00 00 
"
"2016-11-21 14:49:14ID: BC  Data: 00 00 00 AA 00 00 00 00 
"
"2016-11-21 14:49:14ID: BB  Data: 00 00 00 AA 00 00 00 00 
"
"2016-11-21 14:49:14ID: BC  Data: 00 00 00 AA 00 00 00 00 
"
"2016-11-21 14:49:14ID: BB  Data: 00 00 00 AA 00 00 00 00 
"
"2016-11-21 14:49:14ID: BC  Data: 00 00 00 AA 00 00 00 00 
"
"2016-11-21 14:49:14ID: BB  Data: 00 00 00 AA 00 00 00 00 
"
"2016-11-21 14:49:14ID: BC  Data: 00 00 00 AA 00 00 00 00 
"
"2016-11-21 14:49:15ID: BB  Data: 00 00 00 AA 00 00 00 00 
"
"2016-11-21 14:49:15ID: BC  Data: 00 00 00 AA 00 00 00 00 
"
"2016-11-21 14:49:15ID: BB  Data: 00 00 00 AA 00 00 00 00 
"
"2016-11-21 14:49:15ID: BC  Data: 00 00 00 AA 00 00 00 00 
"
"2016-11-21 14:49:15ID: BB  Data: 00 00 00 AA 00 00 00 00 
"
"2016-11-21 14:49:15ID: BC  Data: 00 00 00 AA 00 00 00 00 
"
"2016-11-21 14:49:15ID: BB  Data: 00 00 00 AA 00 00 00 00 
"
"2016-11-21 14:49:15ID: BC  Data: 00 00 00 AA 00 00 00 00 
"
"2016-11-21 14:49:15ID: BB  Data: 00 00 00 AA 00 00 00 00 
"
"2016-11-21 14:49:15ID: BC  Data: 00 00 00 AA 00 00 00 00 
"
"2016-11-21 14:49:15ID: BB  Data: 00 00 00 AA 00 00 00 00 
"
"2016-11-21 14:49:15ID: BC  Data: 00 00 00 AA 00 00 00 00 
"
"2016-11-21 14:49:15ID: BB  Data: 00 00 00 AA 00 00 00 00 
"
"2016-11-21 14:49:15ID: BC  Data: 00 00 00 AA 00 00 00 00 
"
"2016-11-21 14:49:15ID: BB  Data: 00 00 00 AA 00 00 00 00 
"
"2016-11-21 14:49:15ID: BC  Data: 00 00 00 AA 00 00 00 00 
"
"2016-11-21 14:49:15ID: BB  Data: 00 00 00 AA 00 00 00 00 
"
"2016-11-21 14:49:15ID: BC  Data: 00 00 00 AA 00 00 00 00 
"
"2016-11-21 14:49:15ID: BB  Data: 00 00 00 AA 00 00 00 00 
"
"2016-11-21 14:49:15ID: BC  Data: 00 00 00 AA 00 00 00 00 
"
"2016-11-21 14:49:15ID: BB  Data: 00 00 00 AA 00 00 00 00 
"
"2016-11-21 14:49:15ID: BC  Data: 00 00 00 AA 00 00 00 00 
"
"2016-11-21 14:49:15ID: BB  Data: 00 00 00 AA 00 00 00 00 
"
"2016-11-21 14:49:16ID: BC  Data: 00 00 00 AA 00 00 00 00 
"
"2016-11-21 14:49:16ID: BB  Data: 00 00 00 AA 00 00 00 00 
"
"2016-11-21 14:49:16ID: BC  Data: 00 00 00 AA 00 00 00 00 
"
"2016-11-21 14:49:16ID: BB  Data: 00 00 00 AA 00 00 00 00 
"
"2016-11-21 14:49:16ID: BC  Data: 00 00 00 AA 00 00 00 00 
"
"2016-11-21 14:49:16ID: BB  Data: 00 00 00 AA 00 00 00 00 
"
"2016-11-21 14:49:16ID: BC  Data: 00 00 00 AA 00 00 00 00 
"
"2016-11-21 14:49:16ID: BB  Data: 00 00 00 AA 00 00 00 00 
"
"2016-11-21 14:49:16ID: BC  Data: 00 00 00 AA 00 00 00 00 
"
"2016-11-21 14:49:16ID: BB  Data: 00 00 00 AA 00 00 00 00 
"
"2016-11-21 14:49:16ID: BC  Data: 00 00 00 AA 00 00 00 00 
"
"2016-11-21 14:49:16ID: BB  Data: 00 00 00 AA 00 00 00 00 
"
"2016-11-21 14:49:16ID: BC  Data: 00 00 00 AA 00 00 00 00 
"
"2016-11-21 14:49:16ID: BB  Data: 00 00 00 AA 00 00 00 00 
"
"2016-11-21 14:49:16ID: BC  Data: 00 00 00 AA 00 00 00 00 
"
"2016-11-21 14:49:16ID: BB  Data: 00 00 00 AA 00 00 00 00 
"
"2016-11-21 14:49:16ID: BC  Data: 00 00 00 AA 00 00 00 00 
"
"2016-11-21 14:49:16ID: BB  Data: 00 00 00 AA 00 00 00 00 
"
"2016-11-21 14:49:16ID: BC  Data: 00 00 00 AA 00 00 00 00 
"
"2016-11-21 14:49:16ID: BB  Data: 00 00 00 AA 00 00 00 00 
"
"2016-11-21 14:49:16ID: BC  Data: 00 00 00 AA 00 00 00 00 
"
"2016-11-21 14:49:16ID: BB  Data: 00 00 00 AA 00 00 00 00 
"
"2016-11-21 14:49:16ID: BC  Data: 00 00 00 AA 00 00 00 00 
"
"2016-11-21 14:49:17ID: BB  Data: 00 00 00 AA 00 00 00 00 
"
"2016-11-21 14:49:17ID: BC  Data: 00 00 00 AA 00 00 00 00 
"
"2016-11-21 14:49:17ID: BB  Data: 00 00 00 AA 00 00 00 00 
"
"2016-11-21 14:49:17ID: BC  Data: 00 00 00 AA 00 00 00 00 
"
"2016-11-21 14:49:17ID: BB  Data: 00 00 00 AA 00 00 00 00 
"
"2016-11-21 14:49:17ID: BC  Data: 00 00 00 AA 00 00 00 00 
"
"2016-11-21 14:49:17ID: BB  Data: 00 00 00 AA 00 00 00 00 
"
"2016-11-21 14:49:17ID: BC  Data: 00 00 00 AA 00 00 00 00 
"
"2016-11-21 14:49:17ID: BB  Data: 00 00 00 AA 00 00 00 00 
"
"2016-11-21 14:49:17ID: BC  Data: 00 00 00 AA 00 00 00 00 
"
"2016-11-21 14:49:17ID: BB  Data: 00 00 00 AA 00 00 00 00 
"
"2016-11-21 14:49:17ID: BC  Data: 00 00 00 AA 00 00 00 00 
"
"2016-11-21 14:49:17ID: BB  Data: 00 00 00 AA 00 00 00 00 
"
"2016-11-21 14:49:17ID: BC  Data: 00 00 00 AA 00 00 00 00 
"
"2016-11-21 14:49:17ID: BB  Data: 00 00 00 AA 00 00 00 00 
"
"2016-11-21 14:49:17ID: BC  Data: 00 00 00 AA 00 00 00 00 
"
"2016-11-21 14:49:17ID: BB  Data: 00 00 00 AA 00 00 00 00 
"
"2016-11-21 14:49:17ID: BC  Data: 00 00 00 AA 00 00 00 00 
"
"2016-11-21 14:49:17ID: BB  Data: 00 00 00 AA 00 00 00 00 
"
"2016-11-21 14:49:17ID: BC  Data: 00 00 00 AA 00 00 00 00 
"
"2016-11-21 14:49:17ID: BB  Data: 00 00 00 AA 00 00 00 00 
"
"2016-11-21 14:49:17ID: BC  Data: 00 00 00 AA 00 00 00 00 
"
"2016-11-21 14:49:18ID: BB  Data: 00 00 00 AA 00 00 00 00 
"
"2016-11-21 14:49:18ID: BC  Data: 00 00 00 AA 00 00 00 00 
"
"2016-11-21 14:49:18ID: BB  Data: 00 00 00 AA 00 00 00 00 
"
"2016-11-21 14:49:18ID: BC  Data: 00 00 00 AA 00 00 00 00 
"
"2016-11-21 14:49:18ID: BB  Data: 00 00 00 AA 00 00 00 00 
"
"2016-11-21 14:49:18ID: BC  Data: 00 00 00 AA 00 00 00 00 
"
"2016-11-21 14:49:18ID: BB  Data: 00 00 00 AA 00 00 00 00 
"
"2016-11-21 14:49:18ID: BC  Data: 00 00 00 AA 00 00 00 00 
"
"2016-11-21 14:49:18ID: BB  Data: 00 00 00 AA 00 00 00 00 
"
"2016-11-21 14:49:18ID: BC  Data: 00 00 00 AA 00 00 00 00 
"
"2016-11-21 14:49:18ID: BB  Data: 00 00 00 AA 00 00 00 00 
"
"2016-11-21 14:49:18ID: BC  Data: 00 00 00 AA 00 00 00 00 
"
"2016-11-21 14:49:18ID: BB  Data: 00 00 00 AA 00 00 00 00 
"
"2016-11-21 14:49:18ID: BC  Data: 00 00 00 AA 00 00 00 00 
"
"2016-11-21 14:49:18ID: BB  Data: 00 00 00 AA 00 00 00 00 
"
"2016-11-21 14:49:18ID: BC  Data: 00 00 00 AA 00 00 00 00 
"
"2016-11-21 14:49:18ID: BB  Data: 00 00 00 AA 00 00 00 00 
"
"2016-11-21 14:49:18ID: BC  Data: 00 00 00 AA 00 00 00 00 
"
"2016-11-21 14:49:18ID: BB  Data: 00 00 00 AA 00 00 00 00 
"
"2016-11-21 14:49:18ID: BC  Data: 00 00 00 AA 00 00 00 00 
"
"2016-11-21 14:49:18ID: BB  Data: 00 00 00 AA 00 00 00 00 
"
"2016-11-21 14:49:18ID: BC  Data: 00 00 00 AA 00 00 00 00 
"
"2016-11-21 14:49:18ID: BB  Data: 00 00 00 AA 00 00 00 00 
"
"2016-11-21 14:49:18ID: BC  Data: 00 00 00 AA 00 00 00 00 
"
"2016-11-21 14:49:19ID: BB  Data: 00 00 00 AA 00 00 00 00 
"
"2016-11-21 14:49:19ID: BC  Data: 00 00 00 AA 00 00 00 00 
"
"2016-11-21 14:49:19ID: BB  Data: 00 00 00 AA 00 00 00 00 
"
"2016-11-21 14:49:19ID: BC  Data: 00 00 00 AA 00 00 00 00 
"
"2016-11-21 14:49:19ID: BB  Data: 00 00 00 AA 00 00 00 00 
"
"2016-11-21 14:49:19ID: BC  Data: 00 00 00 AA 00 00 00 00 
"
"2016-11-21 14:49:19ID: BB  Data: 00 00 00 AA 00 00 00 00 
"
"2016-11-21 14:49:19ID: BC  Data: 00 00 00 AA 00 00 00 00 
"
"2016-11-21 14:49:19ID: BB  Data: 00 00 00 AA 00 00 00 00 
"
"2016-11-21 14:49:19ID: BC  Data: 00 00 00 AA 00 00 00 00 
"
"2016-11-21 14:49:19ID: BB  Data: 00 00 00 AA 00 00 00 00 
"
"2016-11-21 14:49:19ID: BC  Data: 00 00 00 AA 00 00 00 00 
"
"2016-11-21 14:49:19ID: BB  Data: 00 00 00 AA 00 00 00 00 
"
"2016-11-21 14:49:19ID: BC  Data: 00 00 00 AA 00 00 00 00 
"
"2016-11-21 14:49:19ID: BB  Data: 00 00 00 AA 00 00 00 00 
"
"2016-11-21 14:49:19ID: BC  Data: 00 00 00 AA 00 00 00 00 
"
"2016-11-21 14:49:19ID: BB  Data: 00 00 00 AA 00 00 00 00 
"
"2016-11-21 14:49:19ID: BC  Data: 00 00 00 AA 00 00 00 00 
"
"2016-11-21 14:49:19ID: BB  Data: 00 00 00 AA 00 00 00 00 
"
"2016-11-21 14:49:19ID: BC  Data: 00 00 00 AA 00 00 00 00 
"
"2016-11-21 14:49:19ID: BB  Data: 00 00 00 AA 00 00 00 00 
"
"2016-11-21 14:49:19ID: BC  Data: 00 00 00 AA 00 00 00 00 
"
"2016-11-21 14:49:20ID: BB  Data: 00 00 00 AA 00 00 00 00 
"
"2016-11-21 14:49:20ID: BC  Data: 00 00 00 AA 00 00 00 00 
"
"2016-11-21 14:49:20ID: BB  Data: 00 00 00 AA 00 00 00 00 
"
"2016-11-21 14:49:20ID: BC  Data: 00 00 00 AA 00 00 00 00 
"
"2016-11-21 14:49:20ID: BB  Data: 00 00 00 AA 00 00 00 00 
"
"2016-11-21 14:49:20ID: BC  Data: 00 00 00 AA 00 00 00 00 
"
"2016-11-21 14:49:20ID: BB  Data: 00 00 00 AA 00 00 00 00 
"
"2016-11-21 14:49:20ID: BC  Data: 00 00 00 AA 00 00 00 00 
"
"2016-11-21 14:49:20ID: BB  Data: 00 00 00 AA 00 00 00 00 
"
"2016-11-21 14:49:20ID: BC  Data: 00 00 00 AA 00 00 00 00 
"
"2016-11-21 14:49:20ID: BB  Data: 00 00 00 AA 00 00 00 00 
"
"2016-11-21 14:49:20ID: BC  Data: 00 00 00 AA 00 00 00 00 
"
"2016-11-21 14:49:20ID: BB  Data: 00 00 00 AA 00 00 00 00 
"
"2016-11-21 14:49:20ID: BC  Data: 00 00 00 AA 00 00 00 00 
"
"2016-11-21 14:49:20ID: BB  Data: 00 00 00 AA 00 00 00 00 
"
"2016-11-21 14:49:20ID: BC  Data: 00 00 00 AA 00 00 00 00 
"
"2016-11-21 14:49:20ID: BB  Data: 00 00 00 AA 00 00 00 00 
"
"2016-11-21 14:49:20ID: BC  Data: 00 00 00 AA 00 00 00 00 
"
"2016-11-21 14:49:20ID: BB  Data: 00 00 00 AA 00 00 00 00 
"
"2016-11-21 14:49:20ID: BC  Data: 00 00 00 AA 00 00 00 00 
"
"2016-11-21 14:49:20ID: BB  Data: 00 00 00 AA 00 00 00 00 
"
"2016-11-21 14:49:20ID: BC  Data: 00 00 00 AA 00 00 00 00 
"
"2016-11-21 14:49:21ID: BB  Data: 00 00 00 AA 00 00 00 00 
"
"2016-11-21 14:49:21ID: BC  Data: 00 00 00 AA 00 00 00 00 
"
"2016-11-21 14:49:21ID: BB  Data: 00 00 00 AA 00 00 00 00 
"
"2016-11-21 14:49:21ID: BC  Data: 00 00 00 AA 00 00 00 00 
"
"2016-11-21 14:49:21ID: BB  Data: 00 00 00 AA 00 00 00 00 
"
"2016-11-21 14:49:21ID: BC  Data: 00 00 00 AA 00 00 00 00 
"
"2016-11-21 14:49:21ID: BB  Data: 00 00 00 AA 00 00 00 00 
"
"2016-11-21 14:49:21ID: BC  Data: 00 00 00 AA 00 00 00 00 
"
"2016-11-21 14:49:21ID: BB  Data: 00 00 00 AA 00 00 00 00 
"
"2016-11-21 14:49:21ID: BC  Data: 00 00 00 AA 00 00 00 00 
"
"2016-11-21 14:49:21ID: BB  Data: 00 00 00 AA 00 00 00 00 
"
"2016-11-21 14:49:21ID: BC  Data: 00 00 00 AA 00 00 00 00 
"
"2016-11-21 14:49:21ID: BB  Data: 00 00 00 AA 00 00 00 00 
"
"2016-11-21 14:49:21ID: BC  Data: 00 00 00 AA 00 00 00 00 
"
"2016-11-21 14:49:21ID: BB  Data: 00 00 00 AA 00 00 00 00 
"
"2016-11-21 14:49:21ID: BC  Data: 00 00 00 AA 00 00 00 00 
"
"2016-11-21 14:49:21ID: BB  Data: 00 00 00 AA 00 00 00 00 
"
"2016-11-21 14:49:21ID: BC  Data: 00 00 00 AA 00 00 00 00 
"
"2016-11-21 14:49:21ID: BB  Data: 00 00 00 AA 00 00 00 00 
"
"2016-11-21 14:49:21ID: BC  Data: 00 00 00 AA 00 00 00 00 
"
"2016-11-21 14:49:21ID: BB  Data: 00 00 00 AA 00 00 00 00 
"
"2016-11-21 14:49:21ID: BC  Data: 00 00 00 AA 00 00 00 00 
"
"2016-11-21 14:49:21ID: BB  Data: 00 00 00 AA 00 00 00 00 
"
"2016-11-21 14:49:21ID: BC  Data: 00 00 00 AA 00 00 00 00 
"
"2016-11-21 14:49:22ID: BB  Data: 00 00 00 AA 00 00 00 00 
"
"2016-11-21 14:49:22ID: BC  Data: 00 00 00 AA 00 00 00 00 
"
"2016-11-21 14:49:22ID: BB  Data: 00 00 00 AA 00 00 00 00 
"
"2016-11-21 14:49:22ID: BC  Data: 00 00 00 AA 00 00 00 00 
"
"2016-11-21 14:49:22ID: BB  Data: 00 00 00 AA 00 00 00 00 
"
"2016-11-21 14:49:22ID: BC  Data: 00 00 00 AA 00 00 00 00 
"
"2016-11-21 14:49:22ID: BB  Data: 00 00 00 AA 00 00 00 00 
"
"2016-11-21 14:49:22ID: BC  Data: 00 00 00 AA 00 00 00 00 
"
"2016-11-21 14:49:22ID: BB  Data: 00 00 00 AA 00 00 00 00 
"
"2016-11-21 14:49:22ID: BC  Data: 00 00 00 AA 00 00 00 00 
"
"2016-11-21 14:49:22ID: BB  Data: 00 00 00 AA 00 00 00 00 
"
"2016-11-21 14:49:22ID: BC  Data: 00 00 00 AA 00 00 00 00 
"
"2016-11-21 14:49:22ID: BB  Data: 00 00 00 AA 00 00 00 00 
"
"2016-11-21 14:49:22ID: BC  Data: 00 00 00 AA 00 00 00 00 
"
"2016-11-21 14:49:22ID: BB  Data: 00 00 00 AA 00 00 00 00 
"
"2016-11-21 14:49:22ID: BC  Data: 00 00 00 AA 00 00 00 00 
"
"2016-11-21 14:49:22ID: BB  Data: 00 00 00 AA 00 00 00 00 
"
"2016-11-21 14:49:22ID: BC  Data: 00 00 00 AA 00 00 00 00 
"
"2016-11-21 14:49:22ID: BB  Data: 00 00 00 AA 00 00 00 00 
"
"2016-11-21 14:49:22ID: BC  Data: 00 00 00 AA 00 00 00 00 
"
"2016-11-21 14:49:22ID: BB  Data: 00 00 00 AA 00 00 00 00 
"
"2016-11-21 14:49:22ID: BC  Data: 00 00 00 AA 00 00 00 00 
"
"2016-11-21 14:49:23ID: BB  Data: 00 00 00 AA 00 00 00 00 
"
"2016-11-21 14:49:23ID: BC  Data: 00 00 00 AA 00 00 00 00 
"
"2016-11-21 14:49:23ID: BB  Data: 00 00 00 AA 00 00 00 00 
"
"2016-11-21 14:49:23ID: BC  Data: 00 00 00 AA 00 00 00 00 
"
"2016-11-21 14:49:23ID: BB  Data: 00 00 00 AA 00 00 00 00 
"
"2016-11-21 14:49:23ID: BC  Data: 00 00 00 AA 00 00 00 00 
"
"2016-11-21 14:49:23ID: BB  Data: 00 00 00 AA 00 00 00 00 
"
"2016-11-21 14:49:23ID: BC  Data: 00 00 00 AA 00 00 00 00 
"
"2016-11-21 14:49:23ID: BB  Data: 00 00 00 AA 00 00 00 00 
"
"2016-11-21 14:49:23ID: BC  Data: 00 00 00 AA 00 00 00 00 
"
"2016-11-21 14:49:23ID: BB  Data: 00 00 00 AA 00 00 00 00 
"
"2016-11-21 14:49:23ID: BC  Data: 00 00 00 AA 00 00 00 00 
"
"2016-11-21 14:49:23ID: BB  Data: 00 00 00 AA 00 00 00 00 
"
"2016-11-21 14:49:23ID: BC  Data: 00 00 00 AA 00 00 00 00 
"
"2016-11-21 14:49:23ID: BB  Data: 00 00 00 AA 00 00 00 00 
"
"2016-11-21 14:49:23ID: BC  Data: 00 00 00 AA 00 00 00 00 
"
"2016-11-21 14:49:23ID: BB  Data: 00 00 00 AA 00 00 00 00 
"
"2016-11-21 14:49:23ID: BC  Data: 00 00 00 AA 00 00 00 00 
"
"2016-11-21 14:49:23ID: BB  Data: 00 00 00 AA 00 00 00 00 
"
"2016-11-21 14:49:23ID: BC  Data: 00 00 00 AA 00 00 00 00 
"
"2016-11-21 14:49:23ID: BB  Data: 00 00 00 AA 00 00 00 00 
"
"2016-11-21 14:49:23ID: BC  Data: 00 00 00 AA 00 00 00 00 
"
"2016-11-21 14:49:23ID: BB  Data: 00 00 00 AA 00 00 00 00 
"
"2016-11-21 14:49:24ID: BC  Data: 00 00 00 AA 00 00 00 00 
"
"2016-11-21 14:49:24ID: BB  Data: 00 00 00 AA 00 00 00 00 
"
"2016-11-21 14:49:24ID: BC  Data: 00 00 00 AA 00 00 00 00 
"
"2016-11-21 14:49:24ID: BB  Data: 00 00 00 AA 00 00 00 00 
"
"2016-11-21 14:49:24ID: BC  Data: 00 00 00 AA 00 00 00 00 
"
"2016-11-21 14:49:24ID: BB  Data: 00 00 00 AA 00 00 00 00 
"
"2016-11-21 14:49:24ID: BC  Data: 00 00 00 AA 00 00 00 00 
"
"2016-11-21 14:49:24ID: BB  Data: 00 00 00 AA 00 00 00 00 
"
"2016-11-21 14:49:24ID: BC  Data: 00 00 00 AA 00 00 00 00 
"
"2016-11-21 14:49:24ID: BB  Data: 00 00 00 AA 00 00 00 00 
"
"2016-11-21 14:49:24ID: BC  Data: 00 00 00 AA 00 00 00 00 
"
"2016-11-21 14:49:24ID: BB  Data: 00 00 00 AA 00 00 00 00 
"
"2016-11-21 14:49:24ID: BC  Data: 00 00 00 AA 00 00 00 00 
"
"2016-11-21 14:49:24ID: BB  Data: 00 00 00 AA 00 00 00 00 
"
"2016-11-21 14:49:24ID: BC  Data: 00 00 00 AA 00 00 00 00 
"
"2016-11-21 14:49:24ID: BB  Data: 00 00 00 AA 00 00 00 00 
"
"2016-11-21 14:49:24ID: BC  Data: 00 00 00 AA 00 00 00 00 
"
"2016-11-21 14:49:24ID: BB  Data: 00 00 00 AA 00 00 00 00 
"
"2016-11-21 14:49:24ID: BC  Data: 00 00 00 AA 00 00 00 00 
"
"2016-11-21 14:49:24ID: BB  Data: 00 00 00 AA 00 00 00 00 
"
"2016-11-21 14:49:24ID: BC  Data: 00 00 00 AA 00 00 00 00 
"
"2016-11-21 14:49:24ID: BB  Data: 00 00 00 AA 00 00 00 00 
"
"2016-11-21 14:49:24ID: BC  Data: 00 00 00 AA 00 00 00 00 
"
"2016-11-21 14:49:25ID: BB  Data: 00 00 00 AA 00 00 00 00 
"
"2016-11-21 14:49:25ID: BC  Data: 00 00 00 AA 00 00 00 00 
"
"2016-11-21 14:49:25ID: BB  Data: 00 00 00 AA 00 00 00 00 
"
"2016-11-21 14:49:25ID: BC  Data: 00 00 00 AA 00 00 00 00 
"
"2016-11-21 14:49:25ID: BB  Data: 00 00 00 AA 00 00 00 00 
"
"2016-11-21 14:49:25ID: BC  Data: 00 00 00 AA 00 00 00 00 
"
"2016-11-21 14:49:25ID: BB  Data: 00 00 00 AA 00 00 00 00 
"
"2016-11-21 14:49:25ID: BC  Data: 00 00 00 AA 00 00 00 00 
"
"2016-11-21 14:49:25ID: BB  Data: 00 00 00 AA 00 00 00 00 
"
"2016-11-21 14:49:25ID: BC  Data: 00 00 00 AA 00 00 00 00 
"
"2016-11-21 14:49:25ID: BB  Data: 00 00 00 AA 00 00 00 00 
"
"2016-11-21 14:49:25ID: BC  Data: 00 00 00 AA 00 00 00 00 
"
"2016-11-21 14:49:25ID: BB  Data: 00 00 00 AA 00 00 00 00 
"
"2016-11-21 14:49:25ID: BC  Data: 00 00 00 AA 00 00 00 00 
"
"2016-11-21 14:49:25ID: BB  Data: 00 00 00 AA 00 00 00 00 
"
"2016-11-21 14:49:25ID: BC  Data: 00 00 00 AA 00 00 00 00 
"
"2016-11-21 14:49:25ID: BB  Data: 00 00 00 AA 00 00 00 00 
"
"2016-11-21 14:49:25ID: BC  Data: 00 00 00 AA 00 00 00 00 
"
"2016-11-21 14:49:25ID: BB  Data: 00 00 00 AA 00 00 00 00 
"
"2016-11-21 14:49:25ID: BC  Data: 00 00 00 AA 00 00 00 00 
"
"2016-11-21 14:49:25ID: BB  Data: 00 00 00 AA 00 00 00 00 
"
"2016-11-21 14:49:25ID: BC  Data: 00 00 00 AA 00 00 00 00 
"
"2016-11-21 14:49:26ID: BB  Data: 00 00 00 AA 00 00 00 00 
"
"2016-11-21 14:49:26ID: BC  Data: 00 00 00 AA 00 00 00 00 
"
"2016-11-21 14:49:26ID: BB  Data: 00 00 00 AA 00 00 00 00 
"
"2016-11-21 14:49:26ID: BC  Data: 00 00 00 AA 00 00 00 00 
"
"2016-11-21 14:49:26ID: BB  Data: 00 00 00 AA 00 00 00 00 
"
"2016-11-21 14:49:26ID: BC  Data: 00 00 00 AA 00 00 00 00 
"
"2016-11-21 14:49:26ID: BB  Data: 00 00 00 AA 00 00 00 00 
"
"2016-11-21 14:49:26ID: BC  Data: 00 00 00 AA 00 00 00 00 
"
"2016-11-21 14:49:26ID: BB  Data: 00 00 00 AA 00 00 00 00 
"
"2016-11-21 14:49:26ID: BC  Data: 00 00 00 AA 00 00 00 00 
"
"2016-11-21 14:49:26ID: BB  Data: 00 00 00 AA 00 00 00 00 
"
"2016-11-21 14:49:26ID: BC  Data: 00 00 00 AA 00 00 00 00 
"
"2016-11-21 14:49:26ID: BB  Data: 00 00 00 AA 00 00 00 00 
"
"2016-11-21 14:49:26ID: BC  Data: 00 00 00 AA 00 00 00 00 
"
"2016-11-21 14:49:26ID: BB  Data: 00 00 00 AA 00 00 00 00 
"
"2016-11-21 14:49:26ID: BC  Data: 00 00 00 AA 00 00 00 00 
"
"2016-11-21 14:49:26ID: BB  Data: 00 00 00 AA 00 00 00 00 
"
"2016-11-21 14:49:26ID: BC  Data: 00 00 00 AA 00 00 00 00 
"
"2016-11-21 14:49:26ID: BB  Data: 00 00 00 AA 00 00 00 00 
"
"2016-11-21 14:49:26ID: BC  Data: 00 00 00 AA 00 00 00 00 
"
"2016-11-21 14:49:26ID: BB  Data: 00 00 00 AA 00 00 00 00 
"
"2016-11-21 14:49:26ID: BC  Data: 00 00 00 AA 00 00 00 00 
"
"2016-11-21 14:49:26ID: BB  Data: 00 00 00 AA 00 00 00 00 
"
"2016-11-21 14:49:26ID: BC  Data: 00 00 00 AA 00 00 00 00 
"
"2016-11-21 14:49:27ID: BB  Data: 00 00 00 AA 00 00 00 00 
"
"2016-11-21 14:49:27ID: BC  Data: 00 00 00 AA 00 00 00 00 
"
"2016-11-21 14:49:27ID: BB  Data: 00 00 00 AA 00 00 00 00 
"
"2016-11-21 14:49:27ID: BC  Data: 00 00 00 AA 00 00 00 00 
"
"2016-11-21 14:49:27ID: BB  Data: 00 00 00 AA 00 00 00 00 
"
"2016-11-21 14:49:27ID: BC  Data: 00 00 00 AA 00 00 00 00 
"
"2016-11-21 14:49:27ID: BB  Data: 00 00 00 AA 00 00 00 00 
"
"2016-11-21 14:49:27ID: BC  Data: 00 00 00 AA 00 00 00 00 
"
"2016-11-21 14:49:27ID: BB  Data: 00 00 00 AA 00 00 00 00 
"
"2016-11-21 14:49:27ID: BC  Data: 00 00 00 AA 00 00 00 00 
"
"2016-11-21 14:49:27ID: BB  Data: 00 00 00 AA 00 00 00 00 
"
"2016-11-21 14:49:27ID: BC  Data: 00 00 00 AA 00 00 00 00 
"
"2016-11-21 14:49:27ID: BB  Data: 00 00 00 AA 00 00 00 00 
"
"2016-11-21 14:49:27ID: BC  Data: 00 00 00 AA 00 00 00 00 
"
"2016-11-21 14:49:27ID: BB  Data: 00 00 00 AA 00 00 00 00 
"
"2016-11-21 14:49:27ID: BC  Data: 00 00 00 AA 00 00 00 00 
"
"2016-11-21 14:49:27ID: BB  Data: 00 00 00 AA 00 00 00 00 
"
"2016-11-21 14:49:27ID: BC  Data: 00 00 00 AA 00 00 00 00 
"
"2016-11-21 14:49:27ID: BB  Data: 00 00 00 AA 00 00 00 00 
"
"2016-11-21 14:49:27ID: BC  Data: 00 00 00 AA 00 00 00 00 
"
"2016-11-21 14:49:27ID: BB  Data: 00 00 00 AA 00 00 00 00 
"
"2016-11-21 14:49:27ID: BC  Data: 00 00 00 AA 00 00 00 00 
"
"2016-11-21 14:49:28ID: BB  Data: 00 00 00 AA 00 00 00 00 
"
"2016-11-21 14:49:28ID: BC  Data: 00 00 00 AA 00 00 00 00 
"
"2016-11-21 14:49:28ID: BB  Data: 00 00 00 AA 00 00 00 00 
"
"2016-11-21 14:49:28ID: BC  Data: 00 00 00 AA 00 00 00 00 
"
"2016-11-21 14:49:28ID: BB  Data: 00 00 00 AA 00 00 00 00 
"
"2016-11-21 14:49:28ID: BC  Data: 00 00 00 AA 00 00 00 00 
"
"2016-11-21 14:49:28ID: BB  Data: 00 00 00 AA 00 00 00 00 
"
"2016-11-21 14:49:28ID: BC  Data: 00 00 00 AA 00 00 00 00 
"
"2016-11-21 14:49:28ID: BB  Data: 00 00 00 AA 00 00 00 00 
"
"2016-11-21 14:49:28ID: BC  Data: 00 00 00 AA 00 00 00 00 
"
"2016-11-21 14:49:28ID: BB  Data: 00 00 00 AA 00 00 00 00 
"
"2016-11-21 14:49:28ID: BC  Data: 00 00 00 AA 00 00 00 00 
"
"2016-11-21 14:49:28ID: BB  Data: 00 00 00 AA 00 00 00 00 
"
"2016-11-21 14:49:28ID: BC  Data: 00 00 00 AA 00 00 00 00 
"
"2016-11-21 14:49:28ID: BB  Data: 00 00 00 AA 00 00 00 00 
"
"2016-11-21 14:49:28ID: BC  Data: 00 00 00 AA 00 00 00 00 
"
"2016-11-21 14:49:28ID: BB  Data: 00 00 00 AA 00 00 00 00 
"
"2016-11-21 14:49:28ID: BC  Data: 00 00 00 AA 00 00 00 00 
"
"2016-11-21 14:49:28ID: BB  Data: 00 00 00 AA 00 00 00 00 
"
"2016-11-21 14:49:28ID: BC  Data: 00 00 00 AA 00 00 00 00 
"
"2016-11-21 14:49:28ID: BB  Data: 00 00 00 AA 00 00 00 00 
"
"2016-11-21 14:49:28ID: BC  Data: 00 00 00 AA 00 00 00 00 
"
"2016-11-21 14:49:29ID: BB  Data: 00 00 00 AA 00 00 00 00 
"
"2016-11-21 14:49:29ID: BC  Data: 00 00 00 AA 00 00 00 00 
"
"2016-11-21 14:49:29ID: BB  Data: 00 00 00 AA 00 00 00 00 
"
"2016-11-21 14:49:29ID: BC  Data: 00 00 00 AA 00 00 00 00 
"
"2016-11-21 14:49:29ID: BB  Data: 00 00 00 AA 00 00 00 00 
"
"2016-11-21 14:49:29ID: BC  Data: 00 00 00 AA 00 00 00 00 
"
"2016-11-21 14:49:29ID: BB  Data: 00 00 00 AA 00 00 00 00 
"
"2016-11-21 14:49:29ID: BC  Data: 00 00 00 AA 00 00 00 00 
"
"2016-11-21 14:49:29ID: BB  Data: 00 00 00 AA 00 00 00 00 
"
"2016-11-21 14:49:29ID: BC  Data: 00 00 00 AA 00 00 00 00 
"
"2016-11-21 14:49:29ID: BB  Data: 00 00 00 AA 00 00 00 00 
"
"2016-11-21 14:49:29ID: BC  Data: 00 00 00 AA 00 00 00 00 
"
"2016-11-21 14:49:29ID: BB  Data: 00 00 00 AA 00 00 00 00 
"
"2016-11-21 14:49:29ID: BC  Data: 00 00 00 AA 00 00 00 00 
"
"2016-11-21 14:49:29ID: BB  Data: 00 00 00 AA 00 00 00 00 
"
"2016-11-21 14:49:29ID: BC  Data: 00 00 00 AA 00 00 00 00 
"
"2016-11-21 14:49:29ID: BB  Data: 00 00 00 AA 00 00 00 00 
"
"2016-11-21 14:49:29ID: BC  Data: 00 00 00 AA 00 00 00 00 
"
"2016-11-21 14:49:29ID: BB  Data: 00 00 00 AA 00 00 00 00 
"
"2016-11-21 14:49:29ID: BC  Data: 00 00 00 AA 00 00 00 00 
"
"2016-11-21 14:49:29ID: BB  Data: 00 00 00 AA 00 00 00 00 
"
"2016-11-21 14:49:29ID: BC  Data: 00 00 00 AA 00 00 00 00 
"
"2016-11-21 14:49:29ID: BB  Data: 00 00 00 AA 00 00 00 00 
"
"2016-11-21 14:49:29ID: BC  Data: 00 00 00 AA 00 00 00 00 
"
"2016-11-21 14:49:30ID: BB  Data: 00 00 00 AA 00 00 00 00 
"
"2016-11-21 14:49:30ID: BC  Data: 00 00 00 AA 00 00 00 00 
"
"2016-11-21 14:49:30ID: BB  Data: 00 00 00 AA 00 00 00 00 
"
"2016-11-21 14:49:30ID: BC  Data: 00 00 00 AA 00 00 00 00 
"
"2016-11-21 14:49:30ID: BB  Data: 00 00 00 AA 00 00 00 00 
"
"2016-11-21 14:49:30ID: BC  Data: 00 00 00 AA 00 00 00 00 
"
"2016-11-21 14:49:30ID: BB  Data: 00 00 00 AA 00 00 00 00 
"
"2016-11-21 14:49:30ID: BC  Data: 00 00 00 AA 00 00 00 00 
"
"2016-11-21 14:49:30ID: BB  Data: 00 00 00 AA 00 00 00 00 
"
"2016-11-21 14:49:30ID: BC  Data: 00 00 00 AA 00 00 00 00 
"
"2016-11-21 14:49:30ID: BB  Data: 00 00 00 AA 00 00 00 00 
"
"2016-11-21 14:49:30ID: BC  Data: 00 00 00 AA 00 00 00 00 
"
"2016-11-21 14:49:30ID: BB  Data: 00 00 00 AA 00 00 00 00 
"
"2016-11-21 14:49:30ID: BC  Data: 00 00 00 AA 00 00 00 00 
"
"2016-11-21 14:49:30ID: BB  Data: 00 00 00 AA 00 00 00 00 
"
"2016-11-21 14:49:30ID: BC  Data: 00 00 00 AA 00 00 00 00 
"
"2016-11-21 14:49:30ID: BB  Data: 00 00 00 AA 00 00 00 00 
"
"2016-11-21 14:49:30ID: BC  Data: 00 00 00 AA 00 00 00 00 
"
"2016-11-21 14:49:30ID: BB  Data: 00 00 00 AA 00 00 00 00 
"
"2016-11-21 14:49:30ID: BC  Data: 00 00 00 AA 00 00 00 00 
"
"2016-11-21 14:49:30ID: BB  Data: 00 00 00 AA 00 00 00 00 
"
"2016-11-21 14:49:30ID: BC  Data: 00 00 00 AA 00 00 00 00 
"
"2016-11-21 14:49:31ID: BB  Data: 00 00 00 AA 00 00 00 00 
"
"2016-11-21 14:49:31ID: BC  Data: 00 00 00 AA 00 00 00 00 
"
"2016-11-21 14:49:31ID: BB  Data: 00 00 00 AA 00 00 00 00 
"
"2016-11-21 14:49:31ID: BC  Data: 00 00 00 AA 00 00 00 00 
"
"2016-11-21 14:49:31ID: BB  Data: 00 00 00 AA 00 00 00 00 
"
"2016-11-21 14:49:31ID: BC  Data: 00 00 00 AA 00 00 00 00 
"
"2016-11-21 14:49:31ID: BB  Data: 00 00 00 AA 00 00 00 00 
"
"2016-11-21 14:49:31ID: BC  Data: 00 00 00 AA 00 00 00 00 
"
"2016-11-21 14:49:31ID: BB  Data: 00 00 00 AA 00 00 00 00 
"
"2016-11-21 14:49:31ID: BC  Data: 00 00 00 AA 00 00 00 00 
"
"2016-11-21 14:49:31ID: BB  Data: 00 00 00 AA 00 00 00 00 
"
"2016-11-21 14:49:31ID: BC  Data: 00 00 00 AA 00 00 00 00 
"
"2016-11-21 14:49:31ID: BB  Data: 00 00 00 AA 00 00 00 00 
"
"2016-11-21 14:49:31ID: BC  Data: 00 00 00 AA 00 00 00 00 
"
"2016-11-21 14:49:31ID: BB  Data: 00 00 00 AA 00 00 00 00 
"
"2016-11-21 14:49:31ID: BC  Data: 00 00 00 AA 00 00 00 00 
"
"2016-11-21 14:49:31ID: BB  Data: 00 00 00 AA 00 00 00 00 
"
"2016-11-21 14:49:31ID: BC  Data: 00 00 00 AA 00 00 00 00 
"
"2016-11-21 14:49:31ID: BB  Data: 00 00 00 AA 00 00 00 00 
"
"2016-11-21 14:49:31ID: BC  Data: 00 00 00 AA 00 00 00 00 
"
"2016-11-21 14:49:31ID: BB  Data: 00 00 00 AA 00 00 00 00 
"
"2016-11-21 14:49:31ID: BC  Data: 00 00 00 AA 00 00 00 00 
"
"2016-11-21 14:49:31ID: BB  Data: 00 00 00 AA 00 00 00 00 
"
"2016-11-21 14:49:32ID: BC  Data: 00 00 00 AA 00 00 00 00 
"
"2016-11-21 14:49:32ID: BB  Data: 00 00 00 AA 00 00 00 00 
"
"2016-11-21 14:49:32ID: BC  Data: 00 00 00 AA 00 00 00 00 
"
"2016-11-21 14:49:32ID: BB  Data: 00 00 00 AA 00 00 00 00 
"
"2016-11-21 14:49:32ID: BC  Data: 00 00 00 AA 00 00 00 00 
"
"2016-11-21 14:49:32ID: BB  Data: 00 00 00 AA 00 00 00 00 
"
"2016-11-21 14:49:32ID: BC  Data: 00 00 00 AA 00 00 00 00 
"
"2016-11-21 14:49:32ID: BB  Data: 00 00 00 AA 00 00 00 00 
"
"2016-11-21 14:49:32ID: BC  Data: 00 00 00 AA 00 00 00 00 
"
"2016-11-21 14:49:32ID: BB  Data: 00 00 00 AA 00 00 00 00 
"
"2016-11-21 14:49:32ID: BC  Data: 00 00 00 AA 00 00 00 00 
"
"2016-11-21 14:49:32ID: BB  Data: 00 00 00 AA 00 00 00 00 
"
"2016-11-21 14:49:32ID: BC  Data: 00 00 00 AA 00 00 00 00 
"
"2016-11-21 14:49:32ID: BB  Data: 00 00 00 AA 00 00 00 00 
"
"2016-11-21 14:49:32ID: BC  Data: 00 00 00 AA 00 00 00 00 
"
"2016-11-21 14:49:32ID: BB  Data: 00 00 00 AA 00 00 00 00 
"
"2016-11-21 14:49:32ID: BC  Data: 00 00 00 AA 00 00 00 00 
"
"2016-11-21 14:49:32ID: BB  Data: 00 00 00 AA 00 00 00 00 
"
"2016-11-21 14:49:32ID: BC  Data: 00 00 00 AA 00 00 00 00 
"
"2016-11-21 14:49:32ID: BB  Data: 00 00 00 AA 00 00 00 00 
"
"2016-11-21 14:49:32ID: BC  Data: 00 00 00 AA 00 00 00 00 
"
"2016-11-21 14:49:32ID: BB  Data: 00 00 00 AA 00 00 00 00 
"
"2016-11-21 14:49:32ID: BC  Data: 00 00 00 AA 00 00 00 00 
"
"2016-11-21 14:49:33ID: BB  Data: 00 00 00 AA 00 00 00 00 
"
"2016-11-21 14:49:33ID: BC  Data: 00 00 00 AA 00 00 00 00 
"
"2016-11-21 14:49:33ID: BB  Data: 00 00 00 AA 00 00 00 00 
"
"2016-11-21 14:49:33ID: BC  Data: 00 00 00 AA 00 00 00 00 
"
"2016-11-21 14:49:33ID: BB  Data: 00 00 00 AA 00 00 00 00 
"
"2016-11-21 14:49:33ID: BC  Data: 00 00 00 AA 00 00 00 00 
"
"2016-11-21 14:49:33ID: BB  Data: 00 00 00 AA 00 00 00 00 
"
"2016-11-21 14:49:33ID: BC  Data: 00 00 00 AA 00 00 00 00 
"
"2016-11-21 14:49:33ID: BB  Data: 00 00 00 AA 00 00 00 00 
"
"2016-11-21 14:49:33ID: BC  Data: 00 00 00 AA 00 00 00 00 
"
"2016-11-21 14:49:33ID: BB  Data: 00 00 00 AA 00 00 00 00 
"
"2016-11-21 14:49:33ID: BC  Data: 00 00 00 AA 00 00 00 00 
"
"2016-11-21 14:49:33ID: BB  Data: 00 00 00 AA 00 00 00 00 
"
"2016-11-21 14:49:33ID: BC  Data: 00 00 00 AA 00 00 00 00 
"
"2016-11-21 14:49:33ID: BB  Data: 00 00 00 AA 00 00 00 00 
"
"2016-11-21 14:49:33ID: BC  Data: 00 00 00 AA 00 00 00 00 
"
"2016-11-21 14:49:33ID: BB  Data: 00 00 00 AA 00 00 00 00 
"
"2016-11-21 14:49:33ID: BC  Data: 00 00 00 AA 00 00 00 00 
"
"2016-11-21 14:49:33ID: BB  Data: 00 00 00 AA 00 00 00 00 
"
"2016-11-21 14:49:33ID: BC  Data: 00 00 00 AA 00 00 00 00 
"
"2016-11-21 14:49:33ID: BB  Data: 00 00 00 AA 00 00 00 00 
"
"2016-11-21 14:49:33ID: BC  Data: 00 00 00 AA 00 00 00 00 
"
"2016-11-21 14:49:34ID: BB  Data: 00 00 00 AA 00 00 00 00 
"
"2016-11-21 14:49:34ID: BC  Data: 00 00 00 AA 00 00 00 00 
"
"2016-11-21 14:49:34ID: BB  Data: 00 00 00 AA 00 00 00 00 
"
"2016-11-21 14:49:34ID: BC  Data: 00 00 00 AA 00 00 00 00 
"
"2016-11-21 14:49:34ID: BB  Data: 00 00 00 AA 00 00 00 00 
"
"2016-11-21 14:49:34ID: BC  Data: 00 00 00 AA 00 00 00 00 
"
"2016-11-21 14:49:34ID: BB  Data: 00 00 00 AA 00 00 00 00 
"
"2016-11-21 14:49:34ID: BC  Data: 00 00 00 AA 00 00 00 00 
"
"2016-11-21 14:49:34ID: BB  Data: 00 00 00 AA 00 00 00 00 
"
"2016-11-21 14:49:34ID: BC  Data: 00 00 00 AA 00 00 00 00 
"
"2016-11-21 14:49:34ID: BB  Data: 00 00 00 AA 00 00 00 00 
"
"2016-11-21 14:49:34ID: BC  Data: 00 00 00 AA 00 00 00 00 
"
"2016-11-21 14:49:34ID: BB  Data: 00 00 00 AA 00 00 00 00 
"
"2016-11-21 14:49:34ID: AA  Data: AA AA 00 00 00 00 00 00 
"
"2016-11-21 14:49:34ID: BC  Data: 00 00 00 AA 00 00 00 00 
"
"2016-11-21 14:49:34ID: BB  Data: 00 00 00 AA 00 00 00 00 
"
"2016-11-21 14:49:34ID: BC  Data: 00 00 00 AA 00 00 00 00 
"
"2016-11-21 14:49:34ID: BB  Data: 00 00 00 AA 00 00 00 00 
"
"2016-11-21 14:49:34ID: BC  Data: 00 00 00 AA 00 00 00 00 
"
"2016-11-21 14:49:34ID: BB  Data: 00 00 00 AA 00 00 00 00 
"
"2016-11-21 14:49:34ID: BC  Data: 00 00 00 AA 00 00 00 00 
"
"2016-11-21 14:49:34ID: AA  Data: AA BB 00 00 00 00 00 00 
"
"2016-11-21 14:49:34ID: BB  Data: 00 00 00 AA 00 00 00 00 
"
"2016-11-21 14:49:34ID: BC  Data: 00 00 00 AA 00 00 00 00 
"
"2016-11-21 14:49:34ID: BB  Data: 00 00 00 AA 00 00 00 00 
"
"2016-11-21 14:49:34ID: BC  Data: 00 00 00 AA 00 00 00 00 
"
"2016-11-21 14:49:35ID: BB  Data: 00 00 00 AA 00 00 00 00 
"
"2016-11-21 14:49:35ID: BC  Data: 00 00 00 AA 00 00 00 00 
"
"2016-11-21 14:49:35ID: BB  Data: 00 00 00 AA 00 00 00 00 
"
"2016-11-21 14:49:35ID: BC  Data: 00 00 00 AA 00 00 00 00 
"
"2016-11-21 14:49:35ID: BB  Data: 00 00 00 AA 00 00 00 00 
"
"2016-11-21 14:49:35ID: BC  Data: 00 00 00 AA 00 00 00 00 
"
"2016-11-21 14:49:35ID: BB  Data: 00 00 00 AA 00 00 00 00 
"
"2016-11-21 14:49:35ID: BC  Data: 00 00 00 AA 00 00 00 00 
"
"2016-11-21 14:49:35ID: BB  Data: 00 00 00 AA 00 00 00 00 
"
"2016-11-21 14:49:35ID: BC  Data: 00 00 00 AA 00 00 00 00 
"
"2016-11-21 14:49:35ID: BB  Data: 00 00 00 AA 00 00 00 00 
"
"2016-11-21 14:49:35ID: BC  Data: 00 00 00 AA 00 00 00 00 
"
"2016-11-21 14:49:35ID: BB  Data: 00 00 00 AA 00 00 00 00 
"
"2016-11-21 14:49:35ID: BC  Data: 00 00 00 AA 00 00 00 00 
"
"2016-11-21 14:49:35ID: BB  Data: 00 00 00 AA 00 00 00 00 
"
"2016-11-21 14:49:35ID: BC  Data: 00 00 00 AA 00 00 00 00 
"
"2016-11-21 14:49:35ID: BB  Data: 00 00 00 AA 00 00 00 00 
"
"2016-11-21 14:49:35ID: BC  Data: 00 00 00 AA 00 00 00 00 
"
"2016-11-21 14:49:35ID: BB  Data: 00 00 00 AA 00 00 00 00 
"
"2016-11-21 14:49:35ID: BC  Data: 00 00 00 AA 00 00 00 00 
"
"2016-11-21 14:49:35ID: BB  Data: 00 00 00 AA 00 00 00 00 
"
"2016-11-21 14:49:35ID: BC  Data: 00 00 00 AA 00 00 00 00 
"
"2016-11-21 14:49:36ID: BB  Data: 00 00 00 AA 00 00 00 00 
"
"2016-11-21 14:49:36ID: BC  Data: 00 00 00 AA 00 00 00 00 
"
"2016-11-21 14:49:36ID: BB  Data: 00 00 00 AA 00 00 00 00 
"
"2016-11-21 14:49:36ID: BC  Data: 00 00 00 AA 00 00 00 00 
"
"2016-11-21 14:49:36ID: BB  Data: 00 00 00 AA 00 00 00 00 
"
"2016-11-21 14:49:36ID: BC  Data: 00 00 00 AA 00 00 00 00 
"
"2016-11-21 14:49:36ID: BB  Data: 00 00 00 AA 00 00 00 00 
"
"2016-11-21 14:49:36ID: BC  Data: 00 00 00 AA 00 00 00 00 
"
"2016-11-21 14:49:36ID: BB  Data: 00 00 00 AA 00 00 00 00 
"
"2016-11-21 14:49:36ID: BC  Data: 00 00 00 AA 00 00 00 00 
"
"2016-11-21 14:49:36ID: BB  Data: 00 00 00 AA 00 00 00 00 
"
"2016-11-21 14:49:36ID: BC  Data: 00 00 00 AA 00 00 00 00 
"
"2016-11-21 14:49:36ID: BB  Data: 00 00 00 AA 00 00 00 00 
"
"2016-11-21 14:49:36ID: BC  Data: 00 00 00 AA 00 00 00 00 
"
"2016-11-21 14:49:36ID: BB  Data: 00 00 00 AA 00 00 00 00 
"
"2016-11-21 14:49:36ID: BC  Data: 00 00 00 AA 00 00 00 00 
"
"2016-11-21 14:49:36ID: BB  Data: 00 00 00 AA 00 00 00 00 
"
"2016-11-21 14:49:36ID: BC  Data: 00 00 00 AA 00 00 00 00 
"
"2016-11-21 14:49:36ID: BB  Data: 00 00 00 AA 00 00 00 00 
"
"2016-11-21 14:49:36ID: BC  Data: 00 00 00 AA 00 00 00 00 
"
"2016-11-21 14:49:36ID: BB  Data: 00 00 00 AA 00 00 00 00 
"
"2016-11-21 14:49:36ID: BC  Data: 00 00 00 AA 00 00 00 00 
"
"2016-11-21 14:49:37ID: BB  Data: 00 00 00 AA 00 00 00 00 
"
"2016-11-21 14:49:37ID: BC  Data: 00 00 00 AA 00 00 00 00 
"
"2016-11-21 14:49:37ID: BB  Data: 00 00 00 AA 00 00 00 00 
"
"2016-11-21 14:49:37ID: BC  Data: 00 00 00 AA 00 00 00 00 
"
"2016-11-21 14:49:37ID: BB  Data: 00 00 00 AA 00 00 00 00 
"
"2016-11-21 14:49:37ID: BC  Data: 00 00 00 AA 00 00 00 00 
"
"2016-11-21 14:49:37ID: BB  Data: 00 00 00 AA 00 00 00 00 
"
"2016-11-21 14:49:37ID: BC  Data: 00 00 00 AA 00 00 00 00 
"
"2016-11-21 14:49:37ID: BB  Data: 00 00 00 AA 00 00 00 00 
"
"2016-11-21 14:49:37ID: BC  Data: 00 00 00 AA 00 00 00 00 
"
"2016-11-21 14:49:37ID: BB  Data: 00 00 00 AA 00 00 00 00 
"
"2016-11-21 14:49:37ID: BC  Data: 00 00 00 AA 00 00 00 00 
"
"2016-11-21 14:49:37ID: BB  Data: 00 00 00 AA 00 00 00 00 
"
"2016-11-21 14:49:37ID: BC  Data: 00 00 00 AA 00 00 00 00 
"
"2016-11-21 14:49:37ID: BB  Data: 00 00 00 AA 00 00 00 00 
"
"2016-11-21 14:49:37ID: BC  Data: 00 00 00 AA 00 00 00 00 
"
"2016-11-21 14:49:37ID: BB  Data: 00 00 00 AA 00 00 00 00 
"
"2016-11-21 14:49:37ID: BC  Data: 00 00 00 AA 00 00 00 00 
"
"2016-11-21 14:49:37ID: BB  Data: 00 00 00 AA 00 00 00 00 
"
"2016-11-21 14:49:37ID: BC  Data: 00 00 00 AA 00 00 00 00 
"
"2016-11-21 14:49:37ID: BB  Data: 00 00 00 AA 00 00 00 00 
"
"2016-11-21 14:49:37ID: BC  Data: 00 00 00 AA 00 00 00 00 
"
"2016-11-21 14:49:37ID: BB  Data: 00 00 00 AA 00 00 00 00 
"
"2016-11-21 14:49:37ID: BC  Data: 00 00 00 AA 00 00 00 00 
"
"2016-11-21 14:49:38ID: BB  Data: 00 00 00 AA 00 00 00 00 
"
"2016-11-21 14:49:38ID: BC  Data: 00 00 00 AA 00 00 00 00 
"
"2016-11-21 14:49:38ID: BB  Data: 00 00 00 AA 00 00 00 00 
"
"2016-11-21 14:49:38ID: BC  Data: 00 00 00 AA 00 00 00 00 
"
"2016-11-21 14:49:38ID: BB  Data: 00 00 00 AA 00 00 00 00 
"
"2016-11-21 14:49:38ID: BC  Data: 00 00 00 AA 00 00 00 00 
"
"2016-11-21 14:49:38ID: BB  Data: 00 00 00 AA 00 00 00 00 
"
"2016-11-21 14:49:38ID: BC  Data: 00 00 00 AA 00 00 00 00 
"
"2016-11-21 14:49:38ID: BB  Data: 00 00 00 AA 00 00 00 00 
"
"2016-11-21 14:49:38ID: BC  Data: 00 00 00 AA 00 00 00 00 
"
"2016-11-21 14:49:38ID: BB  Data: 00 00 00 AA 00 00 00 00 
"
"2016-11-21 14:49:38ID: BC  Data: 00 00 00 AA 00 00 00 00 
"
"2016-11-21 14:49:38ID: BB  Data: 00 00 00 AA 00 00 00 00 
"
"2016-11-21 14:49:38ID: BC  Data: 00 00 00 AA 00 00 00 00 
"
"2016-11-21 14:49:38ID: BB  Data: 00 00 00 AA 00 00 00 00 
"
"2016-11-21 14:49:38ID: BC  Data: 00 00 00 AA 00 00 00 00 
"
"2016-11-21 14:49:38ID: BB  Data: 00 00 00 AA 00 00 00 00 
"
"2016-11-21 14:49:38ID: BC  Data: 00 00 00 AA 00 00 00 00 
"
"2016-11-21 14:49:38ID: BB  Data: 00 00 00 AA 00 00 00 00 
"
"2016-11-21 14:49:38ID: BC  Data: 00 00 00 AA 00 00 00 00 
"
"2016-11-21 14:49:38ID: BB  Data: 00 00 00 AA 00 00 00 00 
"
"2016-11-21 14:49:38ID: BC  Data: 00 00 00 AA 00 00 00 00 
"
"2016-11-21 14:49:39ID: BB  Data: 00 00 00 AA 00 00 00 00 
"
"2016-11-21 14:49:39ID: BC  Data: 00 00 00 AA 00 00 00 00 
"
"2016-11-21 14:49:39ID: BB  Data: 00 00 00 AA 00 00 00 00 
"
"2016-11-21 14:49:39ID: BC  Data: 00 00 00 AA 00 00 00 00 
"
"2016-11-21 14:49:39ID: BB  Data: 00 00 00 AA 00 00 00 00 
"
"2016-11-21 14:49:39ID: BC  Data: 00 00 00 AA 00 00 00 00 
"
"2016-11-21 14:49:39ID: BB  Data: 00 00 00 AA 00 00 00 00 
"
"2016-11-21 14:49:39ID: BC  Data: 00 00 00 AA 00 00 00 00 
"
"2016-11-21 14:49:39ID: BB  Data: 00 00 00 AA 00 00 00 00 
"
"2016-11-21 14:49:39ID: BC  Data: 00 00 00 AA 00 00 00 00 
"
"2016-11-21 14:49:39ID: BB  Data: 00 00 00 AA 00 00 00 00 
"
"2016-11-21 14:49:39ID: BC  Data: 00 00 00 AA 00 00 00 00 
"
"2016-11-21 14:49:39ID: BB  Data: 00 00 00 AA 00 00 00 00 
"
"2016-11-21 14:49:39ID: BC  Data: 00 00 00 AA 00 00 00 00 
"
"2016-11-21 14:49:39ID: BB  Data: 00 00 00 AA 00 00 00 00 
"
"2016-11-21 14:49:39ID: BC  Data: 00 00 00 AA 00 00 00 00 
"
"2016-11-21 14:49:39ID: BB  Data: 00 00 00 AA 00 00 00 00 
"
"2016-11-21 14:49:39ID: BC  Data: 00 00 00 AA 00 00 00 00 
"
"2016-11-21 14:49:39ID: BB  Data: 00 00 00 AA 00 00 00 00 
"
"2016-11-21 14:49:39ID: BC  Data: 00 00 00 AA 00 00 00 00 
"
"2016-11-21 14:49:39ID: BB  Data: 00 00 00 AA 00 00 00 00 
"
"2016-11-21 14:49:39ID: BC  Data: 00 00 00 AA 00 00 00 00 
"
"2016-11-21 14:49:39ID: BB  Data: 00 00 00 AA 00 00 00 00 
"
"2016-11-21 14:49:40ID: BC  Data: 00 00 00 AA 00 00 00 00 
"
"2016-11-21 14:49:40ID: BB  Data: 00 00 00 AA 00 00 00 00 
"
"2016-11-21 14:49:40ID: BC  Data: 00 00 00 AA 00 00 00 00 
"
"2016-11-21 14:49:40ID: BB  Data: 00 00 00 AA 00 00 00 00 
"
"2016-11-21 14:49:40ID: BC  Data: 00 00 00 AA 00 00 00 00 
"
"2016-11-21 14:49:40ID: BB  Data: 00 00 00 AA 00 00 00 00 
"
"2016-11-21 14:49:40ID: BC  Data: 00 00 00 AA 00 00 00 00 
"
"2016-11-21 14:49:40ID: BB  Data: 00 00 00 AA 02 16 EE 56 
"
"2016-11-21 14:49:40ID: BC  Data: 00 00 00 AA FD E9 11 AA 
"
"2016-11-21 14:49:40ID: BB  Data: 00 00 00 AA 04 22 95 A0 
"
"2016-11-21 14:49:40ID: BC  Data: 00 00 00 AA FB DD 6A 60 
"
"2016-11-21 14:49:40ID: BB  Data: 00 00 00 AA 04 9E 42 EC 
"
"2016-11-21 14:49:40ID: BC  Data: 00 00 00 AA FB 61 BD 14 
"
"2016-11-21 14:49:40ID: BB  Data: 00 00 00 AA 04 D9 77 EE 
"
"2016-11-21 14:49:40ID: BC  Data: 00 00 00 AA FB 26 88 12 
"
"2016-11-21 14:49:40ID: BB  Data: 00 00 00 AA 05 4B EF 79 
"
"2016-11-21 14:49:40ID: BC  Data: 00 00 00 AA FA B4 10 87 
"
"2016-11-21 14:49:40ID: BB  Data: 00 00 00 AA 05 C8 ED 98 
"
"2016-11-21 14:49:40ID: BC  Data: 00 00 00 AA FA 37 12 68 
"
"2016-11-21 14:49:40ID: BB  Data: 00 00 00 AA 06 76 9A 24 
"
"2016-11-21 14:49:40ID: BC  Data: 00 00 00 AA F9 89 65 DC 
"
"2016-11-21 14:49:40ID: BB  Data: 00 00 00 AA 06 D4 04 87 
"
"2016-11-21 14:49:40ID: BC  Data: 00 00 00 AA F9 2B FB 79 
"
"2016-11-21 14:49:41ID: BB  Data: 00 00 00 AA 07 64 BE FB 
"
"2016-11-21 14:49:41ID: BC  Data: 00 00 00 AA F8 9B 41 05 
"
"2016-11-21 14:49:41ID: BB  Data: 00 00 00 AA 08 35 F1 BC 
"
"2016-11-21 14:49:41ID: BC  Data: 00 00 00 AA F7 CA 0E 44 
"
"2016-11-21 14:49:41ID: BB  Data: 00 00 00 AA 08 E4 EF 1A 
"
"2016-11-21 14:49:41ID: BC  Data: 00 00 00 AA F7 1B 10 E6 
"
"2016-11-21 14:49:41ID: BB  Data: 00 00 00 AA 09 39 23 BB 
"
"2016-11-21 14:49:41ID: BC  Data: 00 00 00 AA F6 C6 DC 45 
"
"2016-11-21 14:49:41ID: BB  Data: 00 00 00 AA 0A 55 55 5B 
"
"2016-11-21 14:49:41ID: BC  Data: 00 00 00 AA F5 AA AA A5 
"
"2016-11-21 14:49:41ID: BB  Data: 00 00 00 AA 0B 1E A3 2C 
"
"2016-11-21 14:49:41ID: BC  Data: 00 00 00 AA F4 E1 5C D4 
"
"2016-11-21 14:49:41ID: BB  Data: 00 00 00 AA 0B 16 BE 3D 
"
"2016-11-21 14:49:41ID: BC  Data: 00 00 00 AA F4 E9 41 C3 
"
"2016-11-21 14:49:41ID: BB  Data: 00 00 00 AA 0B 1A B0 B4 
"
"2016-11-21 14:49:41ID: BC  Data: 00 00 00 AA F4 E5 4F 4C 
"
"2016-11-21 14:49:41ID: BB  Data: 00 00 00 AA 0B 1E A3 2C 
"
"2016-11-21 14:49:41ID: BC  Data: 00 00 00 AA F4 E1 5C D4 
"
"2016-11-21 14:49:41ID: BB  Data: 00 00 00 AA 0B 29 29 C0 
"
"2016-11-21 14:49:41ID: BC  Data: 00 00 00 AA F4 D6 D6 40 
"
"2016-11-21 14:49:41ID: BB  Data: 00 00 00 AA 0B 32 5F 82 
"
"2016-11-21 14:49:41ID: BC  Data: 00 00 00 AA F4 CD A0 7E 
"
"2016-11-21 14:49:42ID: BB  Data: 00 00 00 AA 0B 4B 5F 22 
"
"2016-11-21 14:49:42ID: BC  Data: 00 00 00 AA F4 B4 A0 DE 
"
"2016-11-21 14:49:42ID: BB  Data: 00 00 00 AA 0B 53 44 11 
"
"2016-11-21 14:49:42ID: BC  Data: 00 00 00 AA F4 AC BB EF 
"
"2016-11-21 14:49:42ID: BB  Data: 00 00 00 AA 0B 6C 43 B0 
"
"2016-11-21 14:49:42ID: BC  Data: 00 00 00 AA F4 93 BC 50 
"
"2016-11-21 14:49:42ID: BB  Data: 00 00 00 AA 0B BB 35 07 
"
"2016-11-21 14:49:42ID: BC  Data: 00 00 00 AA F4 44 CA F9 
"
"2016-11-21 14:49:42ID: BB  Data: 00 00 00 AA 0B D4 34 A7 
"
"2016-11-21 14:49:42ID: BC  Data: 00 00 00 AA F4 2B CB 59 
"
"2016-11-21 14:49:42ID: BB  Data: 00 00 00 AA 0C 76 09 CD 
"
"2016-11-21 14:49:42ID: BC  Data: 00 00 00 AA F3 89 F6 33 
"
"2016-11-21 14:49:42ID: BB  Data: 00 00 00 AA 0D 8C F8 22 
"
"2016-11-21 14:49:42ID: BC  Data: 00 00 00 AA F2 73 07 DE 
"
"2016-11-21 14:49:42ID: BB  Data: 00 00 00 AA 0D 75 49 55 
"
"2016-11-21 14:49:42ID: BC  Data: 00 00 00 AA F2 8A B6 AB 
"
"2016-11-21 14:49:42ID: BB  Data: 00 00 00 AA 0D 90 EA 9A 
"
"2016-11-21 14:49:42ID: BC  Data: 00 00 00 AA F2 6F 15 66 
"
"2016-11-21 14:49:42ID: BB  Data: 00 00 00 AA 0D FF 6F AD 
"
"2016-11-21 14:49:42ID: BC  Data: 00 00 00 AA F2 00 90 53 
"
"2016-11-21 14:49:42ID: BB  Data: 00 00 00 AA 0E 98 0F 11 
"
"2016-11-21 14:49:42ID: BC  Data: 00 00 00 AA F1 67 F0 EF 
"
"2016-11-21 14:49:42ID: BB  Data: 00 00 00 AA 0E F5 79 74 
"
"2016-11-21 14:49:42ID: BC  Data: 00 00 00 AA F1 0A 86 8C 
"
"2016-11-21 14:49:43ID: BB  Data: 00 00 00 AA 0E F9 6B EC 
"
"2016-11-21 14:49:43ID: BC  Data: 00 00 00 AA F1 06 94 14 
"
"2016-11-21 14:49:43ID: BB  Data: 00 00 00 AA 0E F9 6B EC 
"
"2016-11-21 14:49:43ID: BC  Data: 00 00 00 AA F1 06 94 14 
"
"2016-11-21 14:49:43ID: BB  Data: 00 00 00 AA 0E FA BC BE 
"
"2016-11-21 14:49:43ID: BC  Data: 00 00 00 AA F1 05 43 42 
"
"2016-11-21 14:49:43ID: BB  Data: 00 00 00 AA 0E F8 1B 19 
"
"2016-11-21 14:49:43ID: BC  Data: 00 00 00 AA F1 07 E4 E7 
"
"2016-11-21 14:49:43ID: BB  Data: 00 00 00 AA 0E FA BC BE 
"
"2016-11-21 14:49:43ID: BC  Data: 00 00 00 AA F1 05 43 42 
"
"2016-11-21 14:49:43ID: BB  Data: 00 00 00 AA 0E F9 6B EC 
"
"2016-11-21 14:49:43ID: BC  Data: 00 00 00 AA F1 06 94 14 
"
"2016-11-21 14:49:43ID: BB  Data: 00 00 00 AA 0E F8 1B 19 
"
"2016-11-21 14:49:43ID: BC  Data: 00 00 00 AA F1 07 E4 E7 
"
"2016-11-21 14:49:43ID: BB  Data: 00 00 00 AA 0E FC 0D 91 
"
"2016-11-21 14:49:43ID: BC  Data: 00 00 00 AA F1 03 F2 6F 
"
"2016-11-21 14:49:43ID: BB  Data: 00 00 00 AA 0E FA BC BE 
"
"2016-11-21 14:49:43ID: BC  Data: 00 00 00 AA F1 05 43 42 
"
"2016-11-21 14:49:43ID: BB  Data: 00 00 00 AA 0E F9 6B EC 
"
"2016-11-21 14:49:43ID: BC  Data: 00 00 00 AA F1 06 94 14 
"
"2016-11-21 14:49:43ID: BB  Data: 00 00 00 AA 0E F8 1B 19 
"
"2016-11-21 14:49:43ID: BC  Data: 00 00 00 AA F1 07 E4 E7 
"
"2016-11-21 14:49:44ID: BB  Data: 00 00 00 AA 0E F9 6B EC 
"
"2016-11-21 14:49:44ID: BC  Data: 00 00 00 AA F1 06 94 14 
"
"2016-11-21 14:49:44ID: BB  Data: 00 00 00 AA 0E FC 0D 91 
"
"2016-11-21 14:49:44ID: BC  Data: 00 00 00 AA F1 03 F2 6F 
"
"2016-11-21 14:49:44ID: BB  Data: 00 00 00 AA 0E FA BC BE 
"
"2016-11-21 14:49:44ID: BC  Data: 00 00 00 AA F1 05 43 42 
"
"2016-11-21 14:49:44ID: BB  Data: 00 00 00 AA 0E FA BC BE 
"
"2016-11-21 14:49:44ID: BC  Data: 00 00 00 AA F1 05 43 42 
"
"2016-11-21 14:49:44ID: BB  Data: 00 00 00 AA 0E F9 6B EC 
"
"2016-11-21 14:49:44ID: BC  Data: 00 00 00 AA F1 06 94 14 
"
"2016-11-21 14:49:44ID: BB  Data: 00 00 00 AA 0E FA BC BE 
"
"2016-11-21 14:49:44ID: BC  Data: 00 00 00 AA F1 05 43 42 
"
"2016-11-21 14:49:44ID: BB  Data: 00 00 00 AA 0E FA BC BE 
"
"2016-11-21 14:49:44ID: BC  Data: 00 00 00 AA F1 05 43 42 
"
"2016-11-21 14:49:44ID: BB  Data: 00 00 00 AA 0D 9A 20 5C 
"
"2016-11-21 14:49:44ID: BC  Data: 00 00 00 AA F2 65 DF A4 
"
"2016-11-21 14:49:44ID: BB  Data: 00 00 00 AA 06 26 57 FA 
"
"2016-11-21 14:49:44ID: BC  Data: 00 00 00 AA F9 D9 A8 06 
"
"2016-11-21 14:49:44ID: BB  Data: 00 00 00 AA 02 8A B6 B4 
"
"2016-11-21 14:49:44ID: BC  Data: 00 00 00 AA FD 75 49 4C 
"
"2016-11-21 14:49:44ID: BB  Data: 00 00 00 AA 01 E3 9E 44 
"
"2016-11-21 14:49:44ID: BC  Data: 00 00 00 AA FE 1C 61 BC 
"
"2016-11-21 14:49:45ID: BB  Data: 00 00 00 AA 00 00 00 00 
"
"2016-11-21 14:49:45ID: BC  Data: 00 00 00 AA 00 00 00 00 
"
"2016-11-21 14:49:45ID: BB  Data: 00 00 00 AA 00 00 00 00 
"
"2016-11-21 14:49:45ID: BC  Data: 00 00 00 AA 00 00 00 00 
"
"2016-11-21 14:49:45ID: BB  Data: 00 00 00 AA 00 00 00 00 
"
"2016-11-21 14:49:45ID: BC  Data: 00 00 00 AA 00 00 00 00 
"
"2016-11-21 14:49:45ID: BB  Data: 00 00 00 AA 00 00 00 00 
"
"2016-11-21 14:49:45ID: BC  Data: 00 00 00 AA 00 00 00 00 
"
"2016-11-21 14:49:45ID: BB  Data: 00 00 00 AA 00 00 00 00 
"
"2016-11-21 14:49:45ID: BC  Data: 00 00 00 AA 00 00 00 00 
"
"2016-11-21 14:49:45ID: BB  Data: 00 00 00 AA 00 00 00 00 
"
"2016-11-21 14:49:45ID: BC  Data: 00 00 00 AA 00 00 00 00 
"
"2016-11-21 14:49:45ID: BB  Data: 00 00 00 AA 00 00 00 00 
"
"2016-11-21 14:49:45ID: BC  Data: 00 00 00 AA 00 00 00 00 
"
"2016-11-21 14:49:45ID: BB  Data: 00 00 00 AA 00 00 00 00 
"
"2016-11-21 14:49:45ID: BC  Data: 00 00 00 AA 00 00 00 00 
"
"2016-11-21 14:49:45ID: BB  Data: 00 00 00 AA 00 00 00 00 
"
"2016-11-21 14:49:45ID: BC  Data: 00 00 00 AA 00 00 00 00 
"
"2016-11-21 14:49:45ID: BB  Data: 00 00 00 AA 00 00 00 00 
"
"2016-11-21 14:49:45ID: BC  Data: 00 00 00 AA 00 00 00 00 
"
"2016-11-21 14:49:45ID: BB  Data: 00 00 00 AA 00 00 00 00 
"
"2016-11-21 14:49:45ID: BC  Data: 00 00 00 AA 00 00 00 00 
"
"2016-11-21 14:49:45ID: BB  Data: 00 00 00 AA 00 00 00 00 
"
"2016-11-21 14:49:45ID: BC  Data: 00 00 00 AA 00 00 00 00 
"
"2016-11-21 14:49:46ID: BB  Data: 00 00 00 AA 00 00 00 00 
"
"2016-11-21 14:49:46ID: BC  Data: 00 00 00 AA 00 00 00 00 
"
"2016-11-21 14:49:46ID: BB  Data: 00 00 00 AA 00 00 00 00 
"
"2016-11-21 14:49:46ID: BC  Data: 00 00 00 AA 00 00 00 00 
"
"2016-11-21 14:49:46ID: BB  Data: 00 00 00 AA 00 00 00 00 
"
"2016-11-21 14:49:46ID: BC  Data: 00 00 00 AA 00 00 00 00 
"
"2016-11-21 14:49:46ID: BB  Data: 00 00 00 AA 00 00 00 00 
"
"2016-11-21 14:49:46ID: BC  Data: 00 00 00 AA 00 00 00 00 
"
"2016-11-21 14:49:46ID: BB  Data: 00 00 00 AA 00 00 00 00 
"
"2016-11-21 14:49:46ID: BC  Data: 00 00 00 AA 00 00 00 00 
"
"2016-11-21 14:49:46ID: BB  Data: 00 00 00 AA 00 00 00 00 
"
"2016-11-21 14:49:46ID: BC  Data: 00 00 00 AA 00 00 00 00 
"
"2016-11-21 14:49:46ID: BB  Data: 00 00 00 AA 00 00 00 00 
"
"2016-11-21 14:49:46ID: BC  Data: 00 00 00 AA 00 00 00 00 
"
"2016-11-21 14:49:46ID: BB  Data: 00 00 00 AA 00 00 00 00 
"
"2016-11-21 14:49:46ID: BC  Data: 00 00 00 AA 00 00 00 00 
"
"2016-11-21 14:49:46ID: BB  Data: 00 00 00 AA 00 00 00 00 
"
"2016-11-21 14:49:46ID: BC  Data: 00 00 00 AA 00 00 00 00 
"
"2016-11-21 14:49:46ID: BB  Data: 00 00 00 AA 00 00 00 00 
"
"2016-11-21 14:49:46ID: BC  Data: 00 00 00 AA 00 00 00 00 
"
"2016-11-21 14:49:46ID: BB  Data: 00 00 00 AA 00 00 00 00 
"
"2016-11-21 14:49:46ID: BC  Data: 00 00 00 AA 00 00 00 00 
"
"2016-11-21 14:49:47ID: BB  Data: 00 00 00 AA 00 00 00 00 
"
"2016-11-21 14:49:47ID: BC  Data: 00 00 00 AA 00 00 00 00 
"
"2016-11-21 14:49:47ID: BB  Data: 00 00 00 AA 00 00 00 00 
"
"2016-11-21 14:49:47ID: BC  Data: 00 00 00 AA 00 00 00 00 
"
"2016-11-21 14:49:47ID: BB  Data: 00 00 00 AA 00 00 00 00 
"
"2016-11-21 14:49:47ID: BC  Data: 00 00 00 AA 00 00 00 00 
"
"2016-11-21 14:49:47ID: BB  Data: 00 00 00 AA 00 00 00 00 
"
"2016-11-21 14:49:47ID: BC  Data: 00 00 00 AA 00 00 00 00 
"
"2016-11-21 14:49:47ID: BB  Data: 00 00 00 AA 00 00 00 00 
"
"2016-11-21 14:49:47ID: BC  Data: 00 00 00 AA 00 00 00 00 
"
"2016-11-21 14:49:47ID: BB  Data: 00 00 00 AA 00 00 00 00 
"
"2016-11-21 14:49:47ID: BC  Data: 00 00 00 AA 00 00 00 00 
"
"2016-11-21 14:49:47ID: BB  Data: 00 00 00 AA 00 00 00 00 
"
"2016-11-21 14:49:47ID: BC  Data: 00 00 00 AA 00 00 00 00 
"
"2016-11-21 14:49:47ID: BB  Data: 00 00 00 AA 00 00 00 00 
"
"2016-11-21 14:49:47ID: BC  Data: 00 00 00 AA 00 00 00 00 
"
"2016-11-21 14:49:47ID: BB  Data: 00 00 00 AA 00 00 00 00 
"
"2016-11-21 14:49:47ID: BC  Data: 00 00 00 AA 00 00 00 00 
"
"2016-11-21 14:49:47ID: BB  Data: 00 00 00 AA 00 00 00 00 
"
"2016-11-21 14:49:47ID: BC  Data: 00 00 00 AA 00 00 00 00 
"
"2016-11-21 14:49:47ID: BB  Data: 00 00 00 AA 03 C5 2B 3D 
"
"2016-11-21 14:49:47ID: BC  Data: 00 00 00 AA FC 3A D4 C3 
"
"2016-11-21 14:49:47ID: BB  Data: 00 00 00 AA 05 76 09 C9 
"
"2016-11-21 14:49:48ID: BC  Data: 00 00 00 AA FA 89 F6 37 
"
"2016-11-21 14:49:48ID: BB  Data: 00 00 00 AA 08 D5 25 3C 
"
"2016-11-21 14:49:48ID: BC  Data: 00 00 00 AA F7 2A DA C4 
"
"2016-11-21 14:49:48ID: BB  Data: 00 00 00 AA 09 74 58 BD 
"
"2016-11-21 14:49:48ID: BC  Data: 00 00 00 AA F6 8B A7 43 
"
"2016-11-21 14:49:48ID: BB  Data: 00 00 00 AA 0A 22 05 49 
"
"2016-11-21 14:49:48ID: BC  Data: 00 00 00 AA F5 DD FA B7 
"
"2016-11-21 14:49:48ID: BB  Data: 00 00 00 AA 0B 1C 01 87 
"
"2016-11-21 14:49:48ID: BC  Data: 00 00 00 AA F4 E3 FE 79 
"
"2016-11-21 14:49:48ID: BB  Data: 00 00 00 AA 0B 76 CA 45 
"
"2016-11-21 14:49:48ID: BC  Data: 00 00 00 AA F4 89 35 BB 
"
"2016-11-21 14:49:48ID: BB  Data: 00 00 00 AA 0C E4 8E E0 
"
"2016-11-21 14:49:48ID: BC  Data: 00 00 00 AA F3 1B 71 20 
"
"2016-11-21 14:49:48ID: BB  Data: 00 00 00 AA 0D 3A 14 54 
"
"2016-11-21 14:49:48ID: BC  Data: 00 00 00 AA F2 C5 EB AC 
"
"2016-11-21 14:49:48ID: BB  Data: 00 00 00 AA 0D 4F 21 7C 
"
"2016-11-21 14:49:48ID: BC  Data: 00 00 00 AA F2 B0 DE 84 
"
"2016-11-21 14:49:48ID: BB  Data: 00 00 00 AA 0E 00 C0 80 
"
"2016-11-21 14:49:48ID: BC  Data: 00 00 00 AA F1 FF 3F 80 
"
"2016-11-21 14:49:48ID: BB  Data: 00 00 00 AA 0E BF 87 BD 
"
"2016-11-21 14:49:48ID: BC  Data: 00 00 00 AA F1 40 78 43 
"
"2016-11-21 14:49:48ID: BB  Data: 00 00 00 AA 0E F9 6B EC 
"
"2016-11-21 14:49:48ID: BC  Data: 00 00 00 AA F1 06 94 14 
"
"2016-11-21 14:49:49ID: BB  Data: 00 00 00 AA 0E F9 6B EC 
"
"2016-11-21 14:49:49ID: BC  Data: 00 00 00 AA F1 06 94 14 
"
"2016-11-21 14:49:49ID: BB  Data: 00 00 00 AA 0E F9 6B EC 
"
"2016-11-21 14:49:49ID: BC  Data: 00 00 00 AA F1 06 94 14 
"
"2016-11-21 14:49:49ID: BB  Data: 00 00 00 AA 0E F9 6B EC 
"
"2016-11-21 14:49:49ID: BC  Data: 00 00 00 AA F1 06 94 14 
"
"2016-11-21 14:49:49ID: BB  Data: 00 00 00 AA 0E F8 1B 19 
"
"2016-11-21 14:49:49ID: BC  Data: 00 00 00 AA F1 07 E4 E7 
"
"2016-11-21 14:49:49ID: BB  Data: 00 00 00 AA 0E FA BC BE 
"
"2016-11-21 14:49:49ID: BC  Data: 00 00 00 AA F1 05 43 42 
"
"2016-11-21 14:49:49ID: BB  Data: 00 00 00 AA 0E F9 6B EC 
"
"2016-11-21 14:49:49ID: BC  Data: 00 00 00 AA F1 06 94 14 
"
"2016-11-21 14:49:49ID: BB  Data: 00 00 00 AA 0E F9 6B EC 
"
"2016-11-21 14:49:49ID: BC  Data: 00 00 00 AA F1 06 94 14 
"
"2016-11-21 14:49:49ID: BB  Data: 00 00 00 AA 0E F9 6B EC 
"
"2016-11-21 14:49:49ID: BC  Data: 00 00 00 AA F1 06 94 14 
"
"2016-11-21 14:49:49ID: BB  Data: 00 00 00 AA 0E FA BC BE 
"
"2016-11-21 14:49:49ID: BC  Data: 00 00 00 AA F1 05 43 42 
"
"2016-11-21 14:49:49ID: BB  Data: 00 00 00 AA 0E FA BC BE 
"
"2016-11-21 14:49:49ID: BC  Data: 00 00 00 AA F1 05 43 42 
"
"2016-11-21 14:49:49ID: BB  Data: 00 00 00 AA 0E FA BC BE 
"
"2016-11-21 14:49:49ID: BC  Data: 00 00 00 AA F1 05 43 42 
"
"2016-11-21 14:49:50ID: BB  Data: 00 00 00 AA 0E FA BC BE 
"
"2016-11-21 14:49:50ID: BC  Data: 00 00 00 AA F1 05 43 42 
"
"2016-11-21 14:49:50ID: BB  Data: 00 00 00 AA 0E F8 1B 19 
"
"2016-11-21 14:49:50ID: BC  Data: 00 00 00 AA F1 07 E4 E7 
"
"2016-11-21 14:49:50ID: BB  Data: 00 00 00 AA 0E FA BC BE 
"
"2016-11-21 14:49:50ID: BC  Data: 00 00 00 AA F1 05 43 42 
"
"2016-11-21 14:49:50ID: BB  Data: 00 00 00 AA 0E F9 6B EC 
"
"2016-11-21 14:49:50ID: BC  Data: 00 00 00 AA F1 06 94 14 
"
"2016-11-21 14:49:50ID: BB  Data: 00 00 00 AA 0E F9 6B EC 
"
"2016-11-21 14:49:50ID: BC  Data: 00 00 00 AA F1 06 94 14 
"
"2016-11-21 14:49:50ID: BB  Data: 00 00 00 AA 0E F9 6B EC 
"
"2016-11-21 14:49:50ID: BC  Data: 00 00 00 AA F1 06 94 14 
"
"2016-11-21 14:49:50ID: BB  Data: 00 00 00 AA 0E F9 6B EC 
"
"2016-11-21 14:49:50ID: BC  Data: 00 00 00 AA F1 06 94 14 
"
"2016-11-21 14:49:50ID: BB  Data: 00 00 00 AA 0E FC 0D 91 
"
"2016-11-21 14:49:50ID: BC  Data: 00 00 00 AA F1 03 F2 6F 
"
"2016-11-21 14:49:50ID: BB  Data: 00 00 00 AA 06 9C C1 FD 
"
"2016-11-21 14:49:50ID: BC  Data: 00 00 00 AA F9 63 3E 03 
"
"2016-11-21 14:49:50ID: BB  Data: 00 00 00 AA 01 CD 40 49 
"
"2016-11-21 14:49:50ID: BC  Data: 00 00 00 AA FE 32 BF B7 
"
"2016-11-21 14:49:50ID: BB  Data: 00 00 00 AA 01 86 33 E1 
"
"2016-11-21 14:49:50ID: BC  Data: 00 00 00 AA FE 79 CC 1F 
"
"2016-11-21 14:49:50ID: BB  Data: 00 00 00 AA 00 00 00 00 
"
"2016-11-21 14:49:50ID: BC  Data: 00 00 00 AA 00 00 00 00 
"
"2016-11-21 14:49:51ID: BB  Data: 00 00 00 AA 00 00 00 00 
"
"2016-11-21 14:49:51ID: BC  Data: 00 00 00 AA 00 00 00 00 
"
"2016-11-21 14:49:51ID: BB  Data: 00 00 00 AA 00 00 00 00 
"
"2016-11-21 14:49:51ID: BC  Data: 00 00 00 AA 00 00 00 00 
"
"2016-11-21 14:49:51ID: BB  Data: 00 00 00 AA 00 00 00 00 
"
"2016-11-21 14:49:51ID: BC  Data: 00 00 00 AA 00 00 00 00 
"
"2016-11-21 14:49:51ID: BB  Data: 00 00 00 AA 00 00 00 00 
"
"2016-11-21 14:49:51ID: BC  Data: 00 00 00 AA 00 00 00 00 
"
"2016-11-21 14:49:51ID: BB  Data: 00 00 00 AA 00 00 00 00 
"
"2016-11-21 14:49:51ID: BC  Data: 00 00 00 AA 00 00 00 00 
"
"2016-11-21 14:49:51ID: AA  Data: AA AA 00 00 00 00 00 00 
"
"2016-11-21 14:49:51ID: BB  Data: 00 00 00 AA 00 00 00 00 
"
"2016-11-21 14:49:51ID: BC  Data: 00 00 00 AA 00 00 00 00 
"
"2016-11-21 14:49:51ID: BB  Data: 00 00 00 AA 00 00 00 00 
"
"2016-11-21 14:49:51ID: BC  Data: 00 00 00 AA 00 00 00 00 
"
"2016-11-21 14:49:51ID: BB  Data: 00 00 00 AA 00 00 00 00 
"
"2016-11-21 14:49:51ID: BC  Data: 00 00 00 AA 00 00 00 00 
"
"2016-11-21 14:49:51ID: AA  Data: AA CC 00 00 00 00 00 00 
"
"2016-11-21 14:49:51ID: BB  Data: 00 00 00 AA 00 00 00 00 
"
"2016-11-21 14:49:51ID: BC  Data: 00 00 00 AA 00 00 00 00 
"
"2016-11-21 14:49:51ID: BB  Data: 00 00 00 AA 00 00 00 00 
"
"2016-11-21 14:49:51ID: BC  Data: 00 00 00 AA 00 00 00 00 
"
"2016-11-21 14:49:51ID: BB  Data: 00 00 00 AA 00 00 00 00 
"
"2016-11-21 14:49:51ID: BC  Data: 00 00 00 AA 00 00 00 00 
"
"2016-11-21 14:49:52ID: BB  Data: 00 00 00 AA 00 00 00 00 
"
"2016-11-21 14:49:52ID: BC  Data: 00 00 00 AA 00 00 00 00 
"
"2016-11-21 14:49:52ID: BB  Data: 00 00 00 AA 00 00 00 00 
"
"2016-11-21 14:49:52ID: BC  Data: 00 00 00 AA 00 00 00 00 
"
"2016-11-21 14:49:52ID: BB  Data: 00 00 00 AA 00 00 00 00 
"
"2016-11-21 14:49:52ID: BC  Data: 00 00 00 AA 00 00 00 00 
"
"2016-11-21 14:49:52ID: BB  Data: 00 00 00 AA 00 00 00 00 
"
"2016-11-21 14:49:52ID: BC  Data: 00 00 00 AA 00 00 00 00 
"
"2016-11-21 14:49:52ID: BB  Data: 00 00 00 AA 00 00 00 00 
"
"2016-11-21 14:49:52ID: BC  Data: 00 00 00 AA 00 00 00 00 
"
"2016-11-21 14:49:52ID: BB  Data: 00 00 00 AA 00 00 00 00 
"
"2016-11-21 14:49:52ID: BC  Data: 00 00 00 AA 00 00 00 00 
"
"2016-11-21 14:49:52ID: BB  Data: 00 00 00 AA 00 00 00 00 
"
"2016-11-21 14:49:52ID: BC  Data: 00 00 00 AA 00 00 00 00 
"
"2016-11-21 14:49:52ID: BB  Data: 00 00 00 AA 00 00 00 00 
"
"2016-11-21 14:49:52ID: BC  Data: 00 00 00 AA 00 00 00 00 
"
"2016-11-21 14:49:52ID: BB  Data: 00 00 00 AA 00 00 00 00 
"
"2016-11-21 14:49:52ID: BC  Data: 00 00 00 AA 00 00 00 00 
"
"2016-11-21 14:49:52ID: BB  Data: 00 00 00 AA 00 00 00 00 
"
"2016-11-21 14:49:52ID: BC  Data: 00 00 00 AA 00 00 00 00 
"
"2016-11-21 14:49:52ID: BB  Data: 00 00 00 AA 00 00 00 00 
"
"2016-11-21 14:49:52ID: BC  Data: 00 00 00 AA 00 00 00 00 
"
"2016-11-21 14:49:53ID: BB  Data: 00 00 00 AA 00 00 00 00 
"
"2016-11-21 14:49:53ID: BC  Data: 00 00 00 AA 00 00 00 00 
"
"2016-11-21 14:49:53ID: BB  Data: 00 00 00 AA 00 00 00 00 
"
"2016-11-21 14:49:53ID: BC  Data: 00 00 00 AA 00 00 00 00 
"
"2016-11-21 14:49:53ID: BB  Data: 00 00 00 AA 00 00 00 00 
"
"2016-11-21 14:49:53ID: BC  Data: 00 00 00 AA 00 00 00 00 
"
"2016-11-21 14:49:53ID: BB  Data: 00 00 00 AA 00 00 00 00 
"
"2016-11-21 14:49:53ID: BC  Data: 00 00 00 AA 00 00 00 00 
"
"2016-11-21 14:49:53ID: BB  Data: 00 00 00 AA 00 00 00 00 
"
"2016-11-21 14:49:53ID: BC  Data: 00 00 00 AA 00 00 00 00 
"
"2016-11-21 14:49:53ID: BB  Data: 00 00 00 AA 00 00 00 00 
"
"2016-11-21 14:49:53ID: BC  Data: 00 00 00 AA 00 00 00 00 
"
"2016-11-21 14:49:53ID: BB  Data: 00 00 00 AA 00 00 00 00 
"
"2016-11-21 14:49:53ID: BC  Data: 00 00 00 AA 00 00 00 00 
"
"2016-11-21 14:49:53ID: BB  Data: 00 00 00 AA 00 00 00 00 
"
"2016-11-21 14:49:53ID: BC  Data: 00 00 00 AA 00 00 00 00 
"
"2016-11-21 14:49:53ID: BB  Data: 00 00 00 AA 00 00 00 00 
"
"2016-11-21 14:49:53ID: BC  Data: 00 00 00 AA 00 00 00 00 
"
"2016-11-21 14:49:53ID: BB  Data: 00 00 00 AA 00 00 00 00 
"
"2016-11-21 14:49:53ID: BC  Data: 00 00 00 AA 00 00 00 00 
"
"2016-11-21 14:49:53ID: BB  Data: 00 00 00 AA 00 00 00 00 
"
"2016-11-21 14:49:53ID: BC  Data: 00 00 00 AA 00 00 00 00 
"
"2016-11-21 14:49:53ID: BB  Data: 00 00 00 AA FE 78 7B 4C 
"
"2016-11-21 14:49:53ID: BC  Data: 00 00 00 AA 01 87 84 B4 
"
"2016-11-21 14:49:54ID: BB  Data: 00 00 00 AA FC 66 3F E6 
"
"2016-11-21 14:49:54ID: BC  Data: 00 00 00 AA 03 99 C0 1A 
"
"2016-11-21 14:49:54ID: BB  Data: 00 00 00 AA F9 74 58 B4 
"
"2016-11-21 14:49:54ID: BC  Data: 00 00 00 AA 06 8B A7 4C 
"
"2016-11-21 14:49:54ID: BB  Data: 00 00 00 AA F7 66 0F C5 
"
"2016-11-21 14:49:54ID: BC  Data: 00 00 00 AA 08 99 F0 3B 
"
"2016-11-21 14:49:54ID: BB  Data: 00 00 00 AA F5 6B 83 2C 
"
"2016-11-21 14:49:54ID: BC  Data: 00 00 00 AA 0A 94 7C D4 
"
"2016-11-21 14:49:54ID: BB  Data: 00 00 00 AA F4 53 44 04 
"
"2016-11-21 14:49:54ID: BC  Data: 00 00 00 AA 0B AC BB FC 
"
"2016-11-21 14:49:54ID: BB  Data: 00 00 00 AA F4 44 CA F9 
"
"2016-11-21 14:49:54ID: BC  Data: 00 00 00 AA 0B BB 35 07 
"
"2016-11-21 14:49:54ID: BB  Data: 00 00 00 AA F3 B8 02 FB 
"
"2016-11-21 14:49:54ID: BC  Data: 00 00 00 AA 0C 47 FD 05 
"
"2016-11-21 14:49:54ID: BB  Data: 00 00 00 AA F3 02 71 80 
"
"2016-11-21 14:49:54ID: BC  Data: 00 00 00 AA 0C FD 8E 80 
"
"2016-11-21 14:49:54ID: BB  Data: 00 00 00 AA F3 12 3B 5E 
"
"2016-11-21 14:49:54ID: BC  Data: 00 00 00 AA 0C ED C4 A2 
"
"2016-11-21 14:49:54ID: BB  Data: 00 00 00 AA F2 BE 06 BD 
"
"2016-11-21 14:49:54ID: BC  Data: 00 00 00 AA 0D 41 F9 43 
"
"2016-11-21 14:49:54ID: BB  Data: 00 00 00 AA F1 FB 4D 09 
"
"2016-11-21 14:49:54ID: BC  Data: 00 00 00 AA 0E 04 B2 F7 
"
"2016-11-21 14:49:55ID: BB  Data: 00 00 00 AA F1 E6 3F E0 
"
"2016-11-21 14:49:55ID: BC  Data: 00 00 00 AA 0E 19 C0 20 
"
"2016-11-21 14:49:55ID: BB  Data: 00 00 00 AA F1 43 19 E8 
"
"2016-11-21 14:49:55ID: BC  Data: 00 00 00 AA 0E BC E6 18 
"
"2016-11-21 14:49:55ID: BB  Data: 00 00 00 AA F1 06 94 14 
"
"2016-11-21 14:49:55ID: BC  Data: 00 00 00 AA 0E F9 6B EC 
"
"2016-11-21 14:49:55ID: BB  Data: 00 00 00 AA F1 05 43 42 
"
"2016-11-21 14:49:55ID: BC  Data: 00 00 00 AA 0E FA BC BE 
"
"2016-11-21 14:49:55ID: BB  Data: 00 00 00 AA F2 57 66 99 
"
"2016-11-21 14:49:55ID: BC  Data: 00 00 00 AA 0D A8 99 67 
"
"2016-11-21 14:49:55ID: BB  Data: 00 00 00 AA F8 34 A0 E0 
"
"2016-11-21 14:49:55ID: BC  Data: 00 00 00 AA 07 CB 5F 20 
"
"2016-11-21 14:49:55ID: BB  Data: 00 00 00 AA F7 29 89 F1 
"
"2016-11-21 14:49:55ID: BC  Data: 00 00 00 AA 08 D6 76 0F 
"
"2016-11-21 14:49:55ID: BB  Data: 00 00 00 AA F1 90 BA 6D 
"
"2016-11-21 14:49:55ID: BC  Data: 00 00 00 AA 0E 6F 45 93 
"
"2016-11-21 14:49:55ID: BB  Data: 00 00 00 AA F1 0A 86 8C 
"
"2016-11-21 14:49:55ID: BC  Data: 00 00 00 AA 0E F5 79 74 
"
"2016-11-21 14:49:55ID: BB  Data: 00 00 00 AA F1 75 19 28 
"
"2016-11-21 14:49:55ID: BC  Data: 00 00 00 AA 0E 8A E6 D8 
"
"2016-11-21 14:49:55ID: BB  Data: 00 00 00 AA F7 CF 51 8F 
"
"2016-11-21 14:49:55ID: BC  Data: 00 00 00 AA 08 30 AE 71 
"
"2016-11-21 14:49:55ID: BB  Data: 00 00 00 AA F7 A5 37 3E 
"
"2016-11-21 14:49:56ID: BC  Data: 00 00 00 AA 08 5A C8 C2 
"
"2016-11-21 14:49:56ID: BB  Data: 00 00 00 AA F1 F0 C6 74 
"
"2016-11-21 14:49:56ID: BC  Data: 00 00 00 AA 0E 0F 39 8C 
"
"2016-11-21 14:49:56ID: BB  Data: 00 00 00 AA F1 0E 79 04 
"
"2016-11-21 14:49:56ID: BC  Data: 00 00 00 AA 0E F1 86 FC 
"
"2016-11-21 14:49:56ID: BB  Data: 00 00 00 AA F1 06 94 14 
"
"2016-11-21 14:49:56ID: BC  Data: 00 00 00 AA 0E F9 6B EC 
"
"2016-11-21 14:49:56ID: BB  Data: 00 00 00 AA F1 06 94 14 
"
"2016-11-21 14:49:56ID: BC  Data: 00 00 00 AA 0E F9 6B EC 
"
"2016-11-21 14:49:56ID: BB  Data: 00 00 00 AA F1 05 43 42 
"
"2016-11-21 14:49:56ID: BC  Data: 00 00 00 AA 0E FA BC BE 
"
"2016-11-21 14:49:56ID: BB  Data: 00 00 00 AA F1 05 43 42 
"
"2016-11-21 14:49:56ID: BC  Data: 00 00 00 AA 0E FA BC BE 
"
"2016-11-21 14:49:56ID: BB  Data: 00 00 00 AA F3 4D 70 5F 
"
"2016-11-21 14:49:56ID: BC  Data: 00 00 00 AA 0C B2 8F A1 
"
"2016-11-21 14:49:56ID: BB  Data: 00 00 00 AA F7 FC 0D 84 
"
"2016-11-21 14:49:56ID: BC  Data: 00 00 00 AA 08 03 F2 7C 
"
"2016-11-21 14:49:56ID: BB  Data: 00 00 00 AA F8 43 19 EC 
"
"2016-11-21 14:49:56ID: BC  Data: 00 00 00 AA 07 BC E6 14 
"
"2016-11-21 14:49:56ID: BB  Data: 00 00 00 AA FA 20 B4 6E 
"
"2016-11-21 14:49:56ID: BC  Data: 00 00 00 AA 05 DF 4B 92 
"
"2016-11-21 14:49:56ID: BB  Data: 00 00 00 AA FB C0 78 49 
"
"2016-11-21 14:49:56ID: BC  Data: 00 00 00 AA 04 3F 87 B7 
"
"2016-11-21 14:49:57ID: BB  Data: 00 00 00 AA FC 68 E1 8B 
"
"2016-11-21 14:49:57ID: BC  Data: 00 00 00 AA 03 97 1E 75 
"
"2016-11-21 14:49:57ID: BB  Data: 00 00 00 AA FC C3 AA 49 
"
"2016-11-21 14:49:57ID: BC  Data: 00 00 00 AA 03 3C 55 B7 
"
"2016-11-21 14:49:57ID: BB  Data: 00 00 00 AA FC E4 8E D8 
"
"2016-11-21 14:49:57ID: BC  Data: 00 00 00 AA 03 1B 71 28 
"
"2016-11-21 14:49:57ID: BB  Data: 00 00 00 AA FC F5 A9 88 
"
"2016-11-21 14:49:57ID: BC  Data: 00 00 00 AA 03 0A 56 78 
"
"2016-11-21 14:49:57ID: BB  Data: 00 00 00 AA FD 05 73 67 
"
"2016-11-21 14:49:57ID: BC  Data: 00 00 00 AA 02 FA 8C 99 
"
"2016-11-21 14:49:57ID: BB  Data: 00 00 00 AA FD 3E 06 C3 
"
"2016-11-21 14:49:57ID: BC  Data: 00 00 00 AA 02 C1 F9 3D 
"
"2016-11-21 14:49:57ID: BB  Data: 00 00 00 AA FD F0 F6 99 
"
"2016-11-21 14:49:57ID: BC  Data: 00 00 00 AA 02 0F 09 67 
"
"2016-11-21 14:49:57ID: BB  Data: 00 00 00 AA FE 18 6F 45 
"
"2016-11-21 14:49:57ID: BC  Data: 00 00 00 AA 01 E7 90 BB 
"
"2016-11-21 14:49:57ID: BB  Data: 00 00 00 AA FE 2E CD 3F 
"
"2016-11-21 14:49:57ID: BC  Data: 00 00 00 AA 01 D1 32 C1 
"
"2016-11-21 14:49:57ID: BB  Data: 00 00 00 AA FE 3A A4 A6 
"
"2016-11-21 14:49:57ID: BC  Data: 00 00 00 AA 01 C5 5B 5A 
"
"2016-11-21 14:49:57ID: BB  Data: 00 00 00 AA FE 58 E7 90 
"
"2016-11-21 14:49:57ID: BC  Data: 00 00 00 AA 01 A7 18 70 
"
"2016-11-21 14:49:58ID: BB  Data: 00 00 00 AA 00 00 00 00 
"
"2016-11-21 14:49:58ID: BC  Data: 00 00 00 AA 00 00 00 00 
"
"2016-11-21 14:49:58ID: BB  Data: 00 00 00 AA 00 00 00 00 
"
"2016-11-21 14:49:58ID: BC  Data: 00 00 00 AA 00 00 00 00 
"
"2016-11-21 14:49:58ID: BB  Data: 00 00 00 AA 00 00 00 00 
"
"2016-11-21 14:49:58ID: BC  Data: 00 00 00 AA 00 00 00 00 
"
"2016-11-21 14:49:58ID: BB  Data: 00 00 00 AA 00 00 00 00 
"
"2016-11-21 14:49:58ID: BC  Data: 00 00 00 AA 00 00 00 00 
"
"2016-11-21 14:49:58ID: BB  Data: 00 00 00 AA 00 00 00 00 
"
"2016-11-21 14:49:58ID: BC  Data: 00 00 00 AA 00 00 00 00 
"
"2016-11-21 14:49:58ID: BB  Data: 00 00 00 AA 00 00 00 00 
"
"2016-11-21 14:49:58ID: BC  Data: 00 00 00 AA 00 00 00 00 
"
"2016-11-21 14:49:58ID: BB  Data: 00 00 00 AA 00 00 00 00 
"
"2016-11-21 14:49:58ID: BC  Data: 00 00 00 AA 00 00 00 00 
"
"2016-11-21 14:49:58ID: BB  Data: 00 00 00 AA 00 00 00 00 
"
"2016-11-21 14:49:58ID: BC  Data: 00 00 00 AA 00 00 00 00 
"
"2016-11-21 14:49:58ID: BB  Data: 00 00 00 AA 00 00 00 00 
"
"2016-11-21 14:49:58ID: BC  Data: 00 00 00 AA 00 00 00 00 
"
"2016-11-21 14:49:58ID: BB  Data: 00 00 00 AA 00 00 00 00 
"
"2016-11-21 14:49:58ID: BC  Data: 00 00 00 AA 00 00 00 00 
"
"2016-11-21 14:49:58ID: BB  Data: 00 00 00 AA 00 00 00 00 
"
"2016-11-21 14:49:58ID: BC  Data: 00 00 00 AA 00 00 00 00 
"
"2016-11-21 14:49:58ID: BB  Data: 00 00 00 AA 00 00 00 00 
"
"2016-11-21 14:49:58ID: BC  Data: 00 00 00 AA 00 00 00 00 
"
"2016-11-21 14:49:59ID: BB  Data: 00 00 00 AA 00 00 00 00 
"
"2016-11-21 14:49:59ID: BC  Data: 00 00 00 AA 00 00 00 00 
"
"2016-11-21 14:49:59ID: BB  Data: 00 00 00 AA 00 00 00 00 
"
"2016-11-21 14:49:59ID: BC  Data: 00 00 00 AA 00 00 00 00 
"
"2016-11-21 14:49:59ID: BB  Data: 00 00 00 AA 00 00 00 00 
"
"2016-11-21 14:49:59ID: BC  Data: 00 00 00 AA 00 00 00 00 
"
"2016-11-21 14:49:59ID: BB  Data: 00 00 00 AA 00 00 00 00 
"
"2016-11-21 14:49:59ID: BC  Data: 00 00 00 AA 00 00 00 00 
"
"2016-11-21 14:49:59ID: BB  Data: 00 00 00 AA 00 00 00 00 
"
"2016-11-21 14:49:59ID: BC  Data: 00 00 00 AA 00 00 00 00 
"
"2016-11-21 14:49:59ID: BB  Data: 00 00 00 AA 00 00 00 00 
"
"2016-11-21 14:49:59ID: BC  Data: 00 00 00 AA 00 00 00 00 
"
"2016-11-21 14:49:59ID: BB  Data: 00 00 00 AA 00 00 00 00 
"
"2016-11-21 14:49:59ID: BC  Data: 00 00 00 AA 00 00 00 00 
"
"2016-11-21 14:49:59ID: BB  Data: 00 00 00 AA 00 00 00 00 
"
"2016-11-21 14:49:59ID: BC  Data: 00 00 00 AA 00 00 00 00 
"
"2016-11-21 14:49:59ID: BB  Data: 00 00 00 AA 00 00 00 00 
"
"2016-11-21 14:49:59ID: BC  Data: 00 00 00 AA 00 00 00 00 
"
"2016-11-21 14:49:59ID: BB  Data: 00 00 00 AA 00 00 00 00 
"
"2016-11-21 14:49:59ID: BC  Data: 00 00 00 AA 00 00 00 00 
"
"2016-11-21 14:49:59ID: BB  Data: 00 00 00 AA 00 00 00 00 
"
"2016-11-21 14:49:59ID: BC  Data: 00 00 00 AA 00 00 00 00 
"
"2016-11-21 14:50:00ID: BB  Data: 00 00 00 AA 00 00 00 00 
"
"2016-11-21 14:50:00ID: BC  Data: 00 00 00 AA 00 00 00 00 
"
"2016-11-21 14:50:00ID: BB  Data: 00 00 00 AA 00 00 00 00 
"
"2016-11-21 14:50:00ID: BC  Data: 00 00 00 AA 00 00 00 00 
"
"2016-11-21 14:50:00ID: BB  Data: 00 00 00 AA 00 00 00 00 
"
"2016-11-21 14:50:00ID: BC  Data: 00 00 00 AA 00 00 00 00 
"
"2016-11-21 14:50:00ID: BB  Data: 00 00 00 AA 00 00 00 00 
"
"2016-11-21 14:50:00ID: BC  Data: 00 00 00 AA 00 00 00 00 
"
"2016-11-21 14:50:00ID: BB  Data: 00 00 00 AA 00 00 00 00 
"
"2016-11-21 14:50:00ID: BC  Data: 00 00 00 AA 00 00 00 00 
"
"2016-11-21 14:50:00ID: BB  Data: 00 00 00 AA 00 00 00 00 
"
"2016-11-21 14:50:00ID: BC  Data: 00 00 00 AA 00 00 00 00 
"
"2016-11-21 14:50:00ID: BB  Data: 00 00 00 AA 00 00 00 00 
"
"2016-11-21 14:50:00ID: BC  Data: 00 00 00 AA 00 00 00 00 
"
"2016-11-21 14:50:00ID: BB  Data: 00 00 00 AA 00 00 00 00 
"
"2016-11-21 14:50:00ID: BC  Data: 00 00 00 AA 00 00 00 00 
"
"2016-11-21 14:50:00ID: BB  Data: 00 00 00 AA 00 00 00 00 
"
"2016-11-21 14:50:00ID: BC  Data: 00 00 00 AA 00 00 00 00 
"
"2016-11-21 14:50:00ID: BB  Data: 00 00 00 AA 00 00 00 00 
"
"2016-11-21 14:50:00ID: BC  Data: 00 00 00 AA 00 00 00 00 
"
"2016-11-21 14:50:00ID: BB  Data: 00 00 00 AA 00 00 00 00 
"
"2016-11-21 14:50:00ID: BC  Data: 00 00 00 AA 00 00 00 00 
"
"2016-11-21 14:50:01ID: BB  Data: 00 00 00 AA 00 00 00 00 
"
"2016-11-21 14:50:01ID: BC  Data: 00 00 00 AA 00 00 00 00 
"
"2016-11-21 14:50:01ID: BB  Data: 00 00 00 AA 00 00 00 00 
"
"2016-11-21 14:50:01ID: BC  Data: 00 00 00 AA 00 00 00 00 
"
"2016-11-21 14:50:01ID: BB  Data: 00 00 00 AA 00 00 00 00 
"
"2016-11-21 14:50:01ID: BC  Data: 00 00 00 AA 00 00 00 00 
"
"2016-11-21 14:50:01ID: BB  Data: 00 00 00 AA 00 00 00 00 
"
"2016-11-21 14:50:01ID: BC  Data: 00 00 00 AA 00 00 00 00 
"
"2016-11-21 14:50:01ID: BB  Data: 00 00 00 AA 00 00 00 00 
"
"2016-11-21 14:50:01ID: BC  Data: 00 00 00 AA 00 00 00 00 
"
"2016-11-21 14:50:01ID: BB  Data: 00 00 00 AA 00 00 00 00 
"
"2016-11-21 14:50:01ID: BC  Data: 00 00 00 AA 00 00 00 00 
"
"2016-11-21 14:50:01ID: BB  Data: 00 00 00 AA 00 00 00 00 
"
"2016-11-21 14:50:01ID: BC  Data: 00 00 00 AA 00 00 00 00 
"
"2016-11-21 14:50:01ID: BB  Data: 00 00 00 AA 00 00 00 00 
"
"2016-11-21 14:50:01ID: BC  Data: 00 00 00 AA 00 00 00 00 
"
"2016-11-21 14:50:01ID: BB  Data: 00 00 00 AA 00 00 00 00 
"
"2016-11-21 14:50:01ID: BC  Data: 00 00 00 AA 00 00 00 00 
"
"2016-11-21 14:50:01ID: BB  Data: 00 00 00 AA 00 00 00 00 
"
"2016-11-21 14:50:01ID: BC  Data: 00 00 00 AA 00 00 00 00 
"
"2016-11-21 14:50:01ID: BB  Data: 00 00 00 AA 00 00 00 00 
"
"2016-11-21 14:50:01ID: BC  Data: 00 00 00 AA 00 00 00 00 
"
"2016-11-21 14:50:01ID: BB  Data: 00 00 00 AA 00 00 00 00 
"
"2016-11-21 14:50:01ID: BC  Data: 00 00 00 AA 00 00 00 00 
"
"2016-11-21 14:50:02ID: BB  Data: 00 00 00 AA 00 00 00 00 
"
"2016-11-21 14:50:02ID: BC  Data: 00 00 00 AA 00 00 00 00 
"
"2016-11-21 14:50:02ID: BB  Data: 00 00 00 AA 00 00 00 00 
"
"2016-11-21 14:50:02ID: BC  Data: 00 00 00 AA 00 00 00 00 
"
"2016-11-21 14:50:02ID: BB  Data: 00 00 00 AA 00 00 00 00 
"
"2016-11-21 14:50:02ID: BC  Data: 00 00 00 AA 00 00 00 00 
"
"2016-11-21 14:50:02ID: BB  Data: 00 00 00 AA 00 00 00 00 
"
"2016-11-21 14:50:02ID: BC  Data: 00 00 00 AA 00 00 00 00 
"
"2016-11-21 14:50:02ID: BB  Data: 00 00 00 AA 00 00 00 00 
"
"2016-11-21 14:50:02ID: BC  Data: 00 00 00 AA 00 00 00 00 
"
"2016-11-21 14:50:02ID: BB  Data: 00 00 00 AA 00 00 00 00 
"
"2016-11-21 14:50:02ID: BC  Data: 00 00 00 AA 00 00 00 00 
"
"2016-11-21 14:50:02ID: BB  Data: 00 00 00 AA 00 00 00 00 
"
"2016-11-21 14:50:02ID: BC  Data: 00 00 00 AA 00 00 00 00 
"
"2016-11-21 14:50:02ID: BB  Data: 00 00 00 AA 00 00 00 00 
"
"2016-11-21 14:50:02ID: BC  Data: 00 00 00 AA 00 00 00 00 
"
"2016-11-21 14:50:02ID: BB  Data: 00 00 00 AA 00 00 00 00 
"
"2016-11-21 14:50:02ID: BC  Data: 00 00 00 AA 00 00 00 00 
"
"2016-11-21 14:50:02ID: BB  Data: 00 00 00 AA 00 00 00 00 
"
"2016-11-21 14:50:02ID: BC  Data: 00 00 00 AA 00 00 00 00 
"
"2016-11-21 14:50:02ID: BB  Data: 00 00 00 AA 00 00 00 00 
"
"2016-11-21 14:50:02ID: BC  Data: 00 00 00 AA 00 00 00 00 
"
"2016-11-21 14:50:03ID: BB  Data: 00 00 00 AA 00 00 00 00 
"
"2016-11-21 14:50:03ID: BC  Data: 00 00 00 AA 00 00 00 00 
"
"2016-11-21 14:50:03ID: BB  Data: 00 00 00 AA 00 00 00 00 
"
"2016-11-21 14:50:03ID: BC  Data: 00 00 00 AA 00 00 00 00 
"
"2016-11-21 14:50:03ID: BB  Data: 00 00 00 AA 00 00 00 00 
"
"2016-11-21 14:50:03ID: BC  Data: 00 00 00 AA 00 00 00 00 
"
"2016-11-21 14:50:03ID: BB  Data: 00 00 00 AA 00 00 00 00 
"
"2016-11-21 14:50:03ID: BC  Data: 00 00 00 AA 00 00 00 00 
"
"2016-11-21 14:50:03ID: BB  Data: 00 00 00 AA 00 00 00 00 
"
"2016-11-21 14:50:03ID: BC  Data: 00 00 00 AA 00 00 00 00 
"
"2016-11-21 14:50:03ID: BB  Data: 00 00 00 AA 00 00 00 00 
"
"2016-11-21 14:50:03ID: BC  Data: 00 00 00 AA 00 00 00 00 
"
"2016-11-21 14:50:03ID: BB  Data: 00 00 00 AA 00 00 00 00 
"
"2016-11-21 14:50:03ID: BC  Data: 00 00 00 AA 00 00 00 00 
"
"2016-11-21 14:50:03ID: BB  Data: 00 00 00 AA 00 00 00 00 
"
"2016-11-21 14:50:03ID: BC  Data: 00 00 00 AA 00 00 00 00 
"
"2016-11-21 14:50:03ID: BB  Data: 00 00 00 AA 00 00 00 00 
"
"2016-11-21 14:50:03ID: BC  Data: 00 00 00 AA 00 00 00 00 
"
"2016-11-21 14:50:03ID: BB  Data: 00 00 00 AA 00 00 00 00 
"
"2016-11-21 14:50:03ID: BC  Data: 00 00 00 AA 00 00 00 00 
"
"2016-11-21 14:50:03ID: BB  Data: 00 00 00 AA 00 00 00 00 
"
"2016-11-21 14:50:03ID: BC  Data: 00 00 00 AA 00 00 00 00 
"
"2016-11-21 14:50:03ID: BB  Data: 00 00 00 AA 00 00 00 00 
"
"2016-11-21 14:50:03ID: BC  Data: 00 00 00 AA 00 00 00 00 
"
"2016-11-21 14:50:04ID: BB  Data: 00 00 00 AA 00 00 00 00 
"
"2016-11-21 14:50:04ID: BC  Data: 00 00 00 AA 00 00 00 00 
"
"2016-11-21 14:50:04ID: BB  Data: 00 00 00 AA 00 00 00 00 
"
"2016-11-21 14:50:04ID: BC  Data: 00 00 00 AA 00 00 00 00 
"
"2016-11-21 14:50:04ID: BB  Data: 00 00 00 AA 00 00 00 00 
"
"2016-11-21 14:50:04ID: BC  Data: 00 00 00 AA 00 00 00 00 
"
"2016-11-21 14:50:04ID: BB  Data: 00 00 00 AA 00 00 00 00 
"
"2016-11-21 14:50:04ID: BC  Data: 00 00 00 AA 00 00 00 00 
"
"2016-11-21 14:50:04ID: BB  Data: 00 00 00 AA 00 00 00 00 
"
"2016-11-21 14:50:04ID: BC  Data: 00 00 00 AA 00 00 00 00 
"
"2016-11-21 14:50:04ID: BB  Data: 00 00 00 AA 00 00 00 00 
"
"2016-11-21 14:50:04ID: BC  Data: 00 00 00 AA 00 00 00 00 
"
"2016-11-21 14:50:04ID: BB  Data: 00 00 00 AA 00 00 00 00 
"
"2016-11-21 14:50:04ID: BC  Data: 00 00 00 AA 00 00 00 00 
"
"2016-11-21 14:50:04ID: BB  Data: 00 00 00 AA 00 00 00 00 
"
"2016-11-21 14:50:04ID: BC  Data: 00 00 00 AA 00 00 00 00 
"
"2016-11-21 14:50:04ID: BB  Data: 00 00 00 AA 00 00 00 00 
"
"2016-11-21 14:50:04ID: BC  Data: 00 00 00 AA 00 00 00 00 
"
"2016-11-21 14:50:04ID: BB  Data: 00 00 00 AA 00 00 00 00 
"
"2016-11-21 14:50:04ID: BC  Data: 00 00 00 AA 00 00 00 00 
"
"2016-11-21 14:50:04ID: BB  Data: 00 00 00 AA 00 00 00 00 
"
"2016-11-21 14:50:04ID: BC  Data: 00 00 00 AA 00 00 00 00 
"
"2016-11-21 14:50:05ID: BB  Data: 00 00 00 AA 00 00 00 00 
"
"2016-11-21 14:50:05ID: BC  Data: 00 00 00 AA 00 00 00 00 
"
"2016-11-21 14:50:05ID: BB  Data: 00 00 00 AA 00 00 00 00 
"
"2016-11-21 14:50:05ID: BC  Data: 00 00 00 AA 00 00 00 00 
"
"2016-11-21 14:50:05ID: BB  Data: 00 00 00 AA 00 00 00 00 
"
"2016-11-21 14:50:05ID: BC  Data: 00 00 00 AA 00 00 00 00 
"
"2016-11-21 14:50:05ID: BB  Data: 00 00 00 AA 00 00 00 00 
"
"2016-11-21 14:50:05ID: BC  Data: 00 00 00 AA 00 00 00 00 
"
"2016-11-21 14:50:05ID: BB  Data: 00 00 00 AA 00 00 00 00 
"
"2016-11-21 14:50:05ID: BC  Data: 00 00 00 AA 00 00 00 00 
"
"2016-11-21 14:50:05ID: AA  Data: BB CC 00 00 00 00 00 00 
"
"2016-11-21 14:50:05ID: A1  Data: 00 00 AA AA 00 00 00 00 
"
"2016-11-21 14:50:05ID: A2  Data: 00 00 00 00 00 00 00 AB 
"
"2016-11-21 14:50:05ID: BB  Data: 00 00 00 BB 00 00 00 00 
"
"2016-11-21 14:50:05ID: BC  Data: 00 00 00 BB 00 00 00 00 
"
"2016-11-21 14:50:05ID: BB  Data: 00 00 00 BB 00 00 00 00 
"
"2016-11-21 14:50:05ID: BC  Data: 00 00 00 BB 00 00 00 00 
"
"2016-11-21 14:50:05ID: BB  Data: 00 00 00 BB 00 00 00 00 
"
"2016-11-21 14:50:05ID: BC  Data: 00 00 00 BB 00 00 00 00 
"
"2016-11-21 14:50:05ID: BB  Data: 00 00 00 BB 00 00 00 00 
"
"2016-11-21 14:50:05ID: BC  Data: 00 00 00 BB 00 00 00 00 
"
"2016-11-21 14:50:05ID: BB  Data: 00 00 00 BB 00 00 00 00 
"
"2016-11-21 14:50:05ID: BC  Data: 00 00 00 BB 00 00 00 00 
"
2016-11-21 14:50:07
2016-11-21 14:50:09
2016-11-21 14:50:11
2016-11-21 14:50:13
2016-11-21 14:50:15
2016-11-21 14:50:17
2016-11-21 14:50:19
2016-11-21 14:50:21
2016-11-21 14:50:23
2016-11-21 14:50:25
2016-11-21 14:50:27
2016-11-21 14:50:29
"2016-11-21 14:50:31ID: A1  Data: 00 00 AA AA 00 00 00 00 
"
"2016-11-21 14:50:31ID: BB  Data: 00 00 00 BB 00 00 00 00 
"
"2016-11-21 14:50:31ID: BC  Data: 00 00 00 BB 00 00 00 00 
"
"2016-11-21 14:50:31ID: BB  Data: 00 00 00 BB 00 00 00 00 
"
"2016-11-21 14:50:31ID: BC  Data: 00 00 00 BB 00 00 00 00 
"
"2016-11-21 14:50:31ID: BB  Data: 00 00 00 BB 00 00 00 00 
"
"2016-11-21 14:50:31ID: BC  Data: 00 00 00 BB 00 00 00 00 
"
"2016-11-21 14:50:31ID: BB  Data: 00 00 00 BB 00 00 00 00 
"
"2016-11-21 14:50:31ID: BC  Data: 00 00 00 BB 00 00 00 00 
"
"2016-11-21 14:50:31ID: BB  Data: 00 00 00 BB 00 00 00 00 
"
"2016-11-21 14:50:31ID: BC  Data: 00 00 00 BB 00 00 00 00 
"
"2016-11-21 14:50:31ID: BB  Data: 00 00 00 BB 00 00 00 00 
"
"2016-11-21 14:50:31ID: BC  Data: 00 00 00 BB 00 00 00 00 
"
"2016-11-21 14:50:31ID: BB  Data: 00 00 00 BB 00 00 00 00 
"
"2016-11-21 14:50:31ID: BC  Data: 00 00 00 BB 00 00 00 00 
"
"2016-11-21 14:50:31ID: BB  Data: 00 00 00 BB 00 00 00 00 
"
"2016-11-21 14:50:31ID: BC  Data: 00 00 00 BB 00 00 00 00 
"
"2016-11-21 14:50:32ID: BB  Data: 00 00 00 BB 00 00 00 00 
"
"2016-11-21 14:50:32ID: BC  Data: 00 00 00 BB 00 00 00 00 
"
"2016-11-21 14:50:32ID: BB  Data: 00 00 00 BB 00 00 00 00 
"
"2016-11-21 14:50:32ID: BC  Data: 00 00 00 BB 00 00 00 00 
"
"2016-11-21 14:50:32ID: BB  Data: 00 00 00 BB 00 00 00 00 
"
"2016-11-21 14:50:32ID: BC  Data: 00 00 00 BB 00 00 00 00 
"
"2016-11-21 14:50:32ID: BB  Data: 00 00 00 BB 00 00 00 00 
"
"2016-11-21 14:50:32ID: BC  Data: 00 00 00 BB 00 00 00 00 
"
"2016-11-21 14:50:32ID: BB  Data: 00 00 00 BB 00 00 00 00 
"
"2016-11-21 14:50:32ID: BC  Data: 00 00 00 BB 00 00 00 00 
"
"2016-11-21 14:50:32ID: BB  Data: 00 00 00 BB 00 00 00 00 
"
"2016-11-21 14:50:32ID: BC  Data: 00 00 00 BB 00 00 00 00 
"
"2016-11-21 14:50:32ID: BB  Data: 00 00 00 BB 00 00 00 00 
"
"2016-11-21 14:50:32ID: BC  Data: 00 00 00 BB 00 00 00 00 
"
"2016-11-21 14:50:32ID: BB  Data: 00 00 00 BB 00 00 00 00 
"
"2016-11-21 14:50:32ID: BC  Data: 00 00 00 BB 00 00 00 00 
"
"2016-11-21 14:50:32ID: BB  Data: 00 00 00 BB 00 00 00 00 
"
"2016-11-21 14:50:32ID: BC  Data: 00 00 00 BB 00 00 00 00 
"
"2016-11-21 14:50:32ID: BB  Data: 00 00 00 BB 00 00 00 00 
"
"2016-11-21 14:50:32ID: BC  Data: 00 00 00 BB 00 00 00 00 
"
"2016-11-21 14:50:32ID: BB  Data: 00 00 00 BB 00 00 00 00 
"
"2016-11-21 14:50:32ID: BC  Data: 00 00 00 BB 00 00 00 00 
"
"2016-11-21 14:50:32ID: BB  Data: 00 00 00 BB 00 00 00 00 
"
"2016-11-21 14:50:33ID: BC  Data: 00 00 00 BB 00 00 00 00 
"
"2016-11-21 14:50:33ID: BB  Data: 00 00 00 BB 00 00 00 00 
"
"2016-11-21 14:50:33ID: BC  Data: 00 00 00 BB 00 00 00 00 
"
"2016-11-21 14:50:33ID: BB  Data: 00 00 00 BB 00 00 00 00 
"
"2016-11-21 14:50:33ID: BC  Data: 00 00 00 BB 00 00 00 00 
"
"2016-11-21 14:50:33ID: BB  Data: 00 00 00 BB 00 00 00 00 
"
"2016-11-21 14:50:33ID: BC  Data: 00 00 00 BB 00 00 00 00 
"
"2016-11-21 14:50:33ID: BB  Data: 00 00 00 BB 00 00 00 00 
"
"2016-11-21 14:50:33ID: BC  Data: 00 00 00 BB 00 00 00 00 
"
"2016-11-21 14:50:33ID: BB  Data: 00 00 00 BB 00 00 00 00 
"
"2016-11-21 14:50:33ID: BC  Data: 00 00 00 BB 00 00 00 00 
"
"2016-11-21 14:50:33ID: BB  Data: 00 00 00 BB 00 00 00 00 
"
"2016-11-21 14:50:33ID: BC  Data: 00 00 00 BB 00 00 00 00 
"
"2016-11-21 14:50:33ID: AA  Data: BB 00 00 00 00 00 00 00 
"
"2016-11-21 14:50:33ID: A1  Data: 00 00 AA AA 00 00 00 00 
"
"2016-11-21 14:50:33ID: A2  Data: 00 00 00 00 00 00 00 AB 
"
"2016-11-21 14:50:33ID: BB  Data: 00 00 00 BB 00 00 00 00 
"
"2016-11-21 14:50:33ID: BC  Data: 00 00 00 BB 00 00 00 00 
"
"2016-11-21 14:50:33ID: BB  Data: 00 00 00 BB 00 00 00 00 
"
"2016-11-21 14:50:33ID: BC  Data: 00 00 00 BB 00 00 00 00 
"
"2016-11-21 14:50:33ID: BB  Data: 00 00 00 BB 00 00 00 00 
"
"2016-11-21 14:50:33ID: BC  Data: 00 00 00 BB 00 00 00 00 
"
"2016-11-21 14:50:33ID: BB  Data: 00 00 00 BB 00 00 00 00 
"
"2016-11-21 14:50:33ID: BC  Data: 00 00 00 BB 00 00 00 00 
"
"2016-11-21 14:50:33ID: BB  Data: 00 00 00 BB 00 00 00 00 
"
"2016-11-21 14:50:33ID: BC  Data: 00 00 00 BB 00 00 00 00 
"
"2016-11-21 14:50:34ID: BB  Data: 00 00 00 BB 00 00 00 00 
"
"2016-11-21 14:50:34ID: BC  Data: 00 00 00 BB 00 00 00 00 
"
"2016-11-21 14:50:34ID: BB  Data: 00 00 00 BB 00 00 00 00 
"
"2016-11-21 14:50:34ID: BC  Data: 00 00 00 BB 00 00 00 00 
"
"2016-11-21 14:50:34ID: BB  Data: 00 00 00 BB 00 00 00 00 
"
"2016-11-21 14:50:34ID: BC  Data: 00 00 00 BB 00 00 00 00 
"
"2016-11-21 14:50:34ID: BB  Data: 00 00 00 BB 00 00 00 00 
"
"2016-11-21 14:50:34ID: BC  Data: 00 00 00 BB 00 00 00 00 
"
"2016-11-21 14:50:34ID: BB  Data: 00 00 00 BB 00 00 00 00 
"
"2016-11-21 14:50:34ID: BC  Data: 00 00 00 BB 00 00 00 00 
"
"2016-11-21 14:50:34ID: BB  Data: 00 00 00 BB 00 00 00 00 
"
"2016-11-21 14:50:34ID: BC  Data: 00 00 00 BB 00 00 00 00 
"
"2016-11-21 14:50:34ID: BB  Data: 00 00 00 BB 00 00 00 00 
"
"2016-11-21 14:50:34ID: BC  Data: 00 00 00 BB 00 00 00 00 
"
"2016-11-21 14:50:34ID: BB  Data: 00 00 00 BB 00 00 00 00 
"
"2016-11-21 14:50:34ID: BC  Data: 00 00 00 BB 00 00 00 00 
"
"2016-11-21 14:50:34ID: BB  Data: 00 00 00 BB 00 00 00 00 
"
"2016-11-21 14:50:34ID: BC  Data: 00 00 00 BB 00 00 00 00 
"
"2016-11-21 14:50:34ID: BB  Data: 00 00 00 BB 00 00 00 00 
"
"2016-11-21 14:50:34ID: BC  Data: 00 00 00 BB 00 00 00 00 
"
"2016-11-21 14:50:34ID: BB  Data: 00 00 00 BB 00 00 00 00 
"
"2016-11-21 14:50:34ID: BC  Data: 00 00 00 BB 00 00 00 00 
"
"2016-11-21 14:50:35ID: BB  Data: 00 00 00 BB 00 00 00 00 
"
"2016-11-21 14:50:35ID: BC  Data: 00 00 00 BB 00 00 00 00 
"
"2016-11-21 14:50:35ID: BB  Data: 00 00 00 BB 00 00 00 00 
"
"2016-11-21 14:50:35ID: BC  Data: 00 00 00 BB 00 00 00 00 
"
"2016-11-21 14:50:35ID: BB  Data: 00 00 00 BB 00 00 00 00 
"
"2016-11-21 14:50:35ID: BC  Data: 00 00 00 BB 00 00 00 00 
"
"2016-11-21 14:50:35ID: BB  Data: 00 00 00 BB 00 00 00 00 
"
"2016-11-21 14:50:35ID: BC  Data: 00 00 00 BB 00 00 00 00 
"
"2016-11-21 14:50:35ID: BB  Data: 00 00 00 BB 00 00 00 00 
"
"2016-11-21 14:50:35ID: BC  Data: 00 00 00 BB 00 00 00 00 
"
"2016-11-21 14:50:35ID: BB  Data: 00 00 00 BB 00 00 00 00 
"
"2016-11-21 14:50:35ID: BC  Data: 00 00 00 BB 00 00 00 00 
"
"2016-11-21 14:50:35ID: BB  Data: 00 00 00 BB 00 00 00 00 
"
"2016-11-21 14:50:35ID: BC  Data: 00 00 00 BB 00 00 00 00 
"
"2016-11-21 14:50:35ID: BB  Data: 00 00 00 BB 00 00 00 00 
"
"2016-11-21 14:50:35ID: BC  Data: 00 00 00 BB 00 00 00 00 
"
"2016-11-21 14:50:35ID: BB  Data: 00 00 00 BB 00 00 00 00 
"
"2016-11-21 14:50:35ID: BC  Data: 00 00 00 BB 00 00 00 00 
"
"2016-11-21 14:50:35ID: BB  Data: 00 00 00 BB 00 00 00 00 
"
"2016-11-21 14:50:35ID: BC  Data: 00 00 00 BB 00 00 00 00 
"
"2016-11-21 14:50:35ID: BB  Data: 00 00 00 BB 00 00 00 00 
"
"2016-11-21 14:50:35ID: BC  Data: 00 00 00 BB 00 00 00 00 
"
"2016-11-21 14:50:35ID: BB  Data: 00 00 00 BB 00 00 00 00 
"
"2016-11-21 14:50:35ID: BC  Data: 00 00 00 BB 00 00 00 00 
"
"2016-11-21 14:50:36ID: BB  Data: 00 00 00 BB 00 00 00 00 
"
"2016-11-21 14:50:36ID: BC  Data: 00 00 00 BB 00 00 00 00 
"
"2016-11-21 14:50:36ID: BB  Data: 00 00 00 BB 00 00 00 00 
"
"2016-11-21 14:50:36ID: BC  Data: 00 00 00 BB 00 00 00 00 
"
"2016-11-21 14:50:36ID: BB  Data: 00 00 00 BB 00 00 00 00 
"
"2016-11-21 14:50:36ID: BC  Data: 00 00 00 BB 00 00 00 00 
"
"2016-11-21 14:50:36ID: BB  Data: 00 00 00 BB 00 00 00 00 
"
"2016-11-21 14:50:36ID: BC  Data: 00 00 00 BB 00 00 00 00 
"
"2016-11-21 14:50:36ID: BB  Data: 00 00 00 BB 00 00 00 00 
"
"2016-11-21 14:50:36ID: BC  Data: 00 00 00 BB 00 00 00 00 
"
"2016-11-21 14:50:36ID: BB  Data: 00 00 00 BB 00 00 00 00 
"
"2016-11-21 14:50:36ID: BC  Data: 00 00 00 BB 00 00 00 00 
"
"2016-11-21 14:50:36ID: BB  Data: 00 00 00 BB 00 00 00 00 
"
"2016-11-21 14:50:36ID: BC  Data: 00 00 00 BB 00 00 00 00 
"
"2016-11-21 14:50:36ID: BB  Data: 00 00 00 BB 00 00 00 00 
"
"2016-11-21 14:50:36ID: BC  Data: 00 00 00 BB 00 00 00 00 
"
"2016-11-21 14:50:36ID: BB  Data: 00 00 00 BB 00 00 00 00 
"
"2016-11-21 14:50:36ID: BC  Data: 00 00 00 BB 00 00 00 00 
"
"2016-11-21 14:50:36ID: BB  Data: 00 00 00 BB 00 00 00 00 
"
"2016-11-21 14:50:36ID: BC  Data: 00 00 00 BB 00 00 00 00 
"
"2016-11-21 14:50:36ID: BB  Data: 00 00 00 BB 00 00 00 00 
"
"2016-11-21 14:50:36ID: BC  Data: 00 00 00 BB 00 00 00 00 
"
"2016-11-21 14:50:37ID: BB  Data: 00 00 00 BB 00 00 00 00 
"
"2016-11-21 14:50:37ID: BC  Data: 00 00 00 BB 00 00 00 00 
"
"2016-11-21 14:50:37ID: BB  Data: 00 00 00 BB 00 00 00 00 
"
"2016-11-21 14:50:37ID: BC  Data: 00 00 00 BB 00 00 00 00 
"
"2016-11-21 14:50:37ID: BB  Data: 00 00 00 BB 00 00 00 00 
"
"2016-11-21 14:50:37ID: BC  Data: 00 00 00 BB 00 00 00 00 
"
"2016-11-21 14:50:37ID: BB  Data: 00 00 00 BB 00 00 00 00 
"
"2016-11-21 14:50:37ID: BC  Data: 00 00 00 BB 00 00 00 00 
"
"2016-11-21 14:50:37ID: BB  Data: 00 00 00 BB 00 00 00 00 
"
"2016-11-21 14:50:37ID: BC  Data: 00 00 00 BB 00 00 00 00 
"
"2016-11-21 14:50:37ID: BB  Data: 00 00 00 BB 00 00 00 00 
"
"2016-11-21 14:50:37ID: BC  Data: 00 00 00 BB 00 00 00 00 
"
"2016-11-21 14:50:37ID: BB  Data: 00 00 00 BB 00 00 00 00 
"
"2016-11-21 14:50:37ID: BC  Data: 00 00 00 BB 00 00 00 00 
"
"2016-11-21 14:50:37ID: BB  Data: 00 00 00 BB 00 00 00 00 
"
"2016-11-21 14:50:37ID: BC  Data: 00 00 00 BB 00 00 00 00 
"
"2016-11-21 14:50:37ID: BB  Data: 00 00 00 BB 00 00 00 00 
"
"2016-11-21 14:50:37ID: BC  Data: 00 00 00 BB 00 00 00 00 
"
"2016-11-21 14:50:37ID: BB  Data: 00 00 00 BB 00 00 00 00 
"
"2016-11-21 14:50:37ID: BC  Data: 00 00 00 BB 00 00 00 00 
"
"2016-11-21 14:50:37ID: BB  Data: 00 00 00 BB 00 00 00 00 
"
"2016-11-21 14:50:37ID: BC  Data: 00 00 00 BB 00 00 00 00 
"
"2016-11-21 14:50:38ID: BB  Data: 00 00 00 BB 00 00 00 00 
"
"2016-11-21 14:50:38ID: BC  Data: 00 00 00 BB 00 00 00 00 
"
"2016-11-21 14:50:38ID: BB  Data: 00 00 00 BB 00 00 00 00 
"
"2016-11-21 14:50:38ID: BC  Data: 00 00 00 BB 00 00 00 00 
"
"2016-11-21 14:50:38ID: BB  Data: 00 00 00 BB 00 00 00 00 
"
"2016-11-21 14:50:38ID: BC  Data: 00 00 00 BB 00 00 00 00 
"
"2016-11-21 14:50:38ID: BB  Data: 00 00 00 BB 00 00 00 00 
"
"2016-11-21 14:50:38ID: BC  Data: 00 00 00 BB 00 00 00 00 
"
"2016-11-21 14:50:38ID: BB  Data: 00 00 00 BB 00 00 00 00 
"
"2016-11-21 14:50:38ID: BC  Data: 00 00 00 BB 00 00 00 00 
"
"2016-11-21 14:50:38ID: BB  Data: 00 00 00 BB 00 00 00 00 
"
"2016-11-21 14:50:38ID: BC  Data: 00 00 00 BB 00 00 00 00 
"
"2016-11-21 14:50:38ID: BB  Data: 00 00 00 BB 00 00 00 00 
"
"2016-11-21 14:50:38ID: BC  Data: 00 00 00 BB 00 00 00 00 
"
"2016-11-21 14:50:38ID: BB  Data: 00 00 00 BB 00 00 00 00 
"
"2016-11-21 14:50:38ID: BC  Data: 00 00 00 BB 00 00 00 00 
"
"2016-11-21 14:50:38ID: BB  Data: 00 00 00 BB 00 00 00 00 
"
"2016-11-21 14:50:38ID: BC  Data: 00 00 00 BB 00 00 00 00 
"
"2016-11-21 14:50:38ID: BB  Data: 00 00 00 BB 00 00 00 00 
"
"2016-11-21 14:50:38ID: BC  Data: 00 00 00 BB 00 00 00 00 
"
"2016-11-21 14:50:38ID: BB  Data: 00 00 00 BB 00 00 00 00 
"
"2016-11-21 14:50:38ID: BC  Data: 00 00 00 BB 00 00 00 00 
"
"2016-11-21 14:50:38ID: BB  Data: 00 00 00 BB 00 00 00 00 
"
"2016-11-21 14:50:38ID: BC  Data: 00 00 00 BB 00 00 00 00 
"
"2016-11-21 14:50:39ID: BB  Data: 00 00 00 BB 00 00 00 00 
"
"2016-11-21 14:50:39ID: BC  Data: 00 00 00 BB 00 00 00 00 
"
"2016-11-21 14:50:39ID: BB  Data: 00 00 00 BB 00 00 00 00 
"
"2016-11-21 14:50:39ID: BC  Data: 00 00 00 BB 00 00 00 00 
"
"2016-11-21 14:50:39ID: BB  Data: 00 00 00 BB 00 00 00 00 
"
"2016-11-21 14:50:39ID: BC  Data: 00 00 00 BB 00 00 00 00 
"
"2016-11-21 14:50:39ID: BB  Data: 00 00 00 BB 00 00 00 00 
"
"2016-11-21 14:50:39ID: BC  Data: 00 00 00 BB 00 00 00 00 
"
"2016-11-21 14:50:39ID: BB  Data: 00 00 00 BB 00 00 00 00 
"
"2016-11-21 14:50:39ID: BC  Data: 00 00 00 BB 00 00 00 00 
"
"2016-11-21 14:50:39ID: BB  Data: 00 00 00 BB 00 00 00 00 
"
"2016-11-21 14:50:39ID: BC  Data: 00 00 00 BB 00 00 00 00 
"
"2016-11-21 14:50:39ID: AA  Data: AA AA 00 00 00 00 00 00 
"
"2016-11-21 14:50:39ID: BB  Data: 00 00 00 AA 00 00 00 00 
"
"2016-11-21 14:50:39ID: BC  Data: 00 00 00 AA 00 00 00 00 
"
"2016-11-21 14:50:39ID: BB  Data: 00 00 00 AA 00 00 00 00 
"
"2016-11-21 14:50:39ID: BC  Data: 00 00 00 AA 00 00 00 00 
"
"2016-11-21 14:50:39ID: BB  Data: 00 00 00 AA 00 00 00 00 
"
"2016-11-21 14:50:39ID: BC  Data: 00 00 00 AA 00 00 00 00 
"
"2016-11-21 14:50:39ID: BB  Data: 00 00 00 AA 00 00 00 00 
"
"2016-11-21 14:50:39ID: BC  Data: 00 00 00 AA 00 00 00 00 
"
"2016-11-21 14:50:39ID: BB  Data: 00 00 00 AA 00 00 00 00 
"
"2016-11-21 14:50:39ID: BC  Data: 00 00 00 AA 00 00 00 00 
"
"2016-11-21 14:50:40ID: BB  Data: 00 00 00 AA 00 00 00 00 
"
"2016-11-21 14:50:40ID: BC  Data: 00 00 00 AA 00 00 00 00 
"
"2016-11-21 14:50:40ID: BB  Data: 00 00 00 AA 00 00 00 00 
"
"2016-11-21 14:50:40ID: BC  Data: 00 00 00 AA 00 00 00 00 
"
"2016-11-21 14:50:40ID: BB  Data: 00 00 00 AA 00 00 00 00 
"
"2016-11-21 14:50:40ID: BC  Data: 00 00 00 AA 00 00 00 00 
"
"2016-11-21 14:50:40ID: BB  Data: 00 00 00 AA 00 00 00 00 
"
"2016-11-21 14:50:40ID: BC  Data: 00 00 00 AA 00 00 00 00 
"
"2016-11-21 14:50:40ID: BB  Data: 00 00 00 AA 00 00 00 00 
"
"2016-11-21 14:50:40ID: BC  Data: 00 00 00 AA 00 00 00 00 
"
"2016-11-21 14:50:40ID: BB  Data: 00 00 00 AA 00 00 00 00 
"
"2016-11-21 14:50:40ID: BC  Data: 00 00 00 AA 00 00 00 00 
"
"2016-11-21 14:50:40ID: BB  Data: 00 00 00 AA 00 00 00 00 
"
"2016-11-21 14:50:40ID: BC  Data: 00 00 00 AA 00 00 00 00 
"
"2016-11-21 14:50:40ID: AA  Data: AA CC 00 00 00 00 00 00 
"
"2016-11-21 14:50:40ID: BB  Data: 00 00 00 AA 00 00 00 00 
"
"2016-11-21 14:50:40ID: BC  Data: 00 00 00 AA 00 00 00 00 
"
"2016-11-21 14:50:40ID: BB  Data: 00 00 00 AA 00 00 00 00 
"
"2016-11-21 14:50:40ID: BC  Data: 00 00 00 AA 00 00 00 00 
"
"2016-11-21 14:50:40ID: BB  Data: 00 00 00 AA 00 00 00 00 
"
"2016-11-21 14:50:40ID: BC  Data: 00 00 00 AA 00 00 00 00 
"
"2016-11-21 14:50:40ID: BB  Data: 00 00 00 AA 00 00 00 00 
"
"2016-11-21 14:50:40ID: BC  Data: 00 00 00 AA 00 00 00 00 
"
"2016-11-21 14:50:40ID: BB  Data: 00 00 00 AA 00 00 00 00 
"
"2016-11-21 14:50:41ID: BC  Data: 00 00 00 AA 00 00 00 00 
"
"2016-11-21 14:50:41ID: BB  Data: 00 00 00 AA 00 00 00 00 
"
"2016-11-21 14:50:41ID: BC  Data: 00 00 00 AA 00 00 00 00 
"
"2016-11-21 14:50:41ID: BB  Data: 00 00 00 AA 00 00 00 00 
"
"2016-11-21 14:50:41ID: BC  Data: 00 00 00 AA 00 00 00 00 
"
"2016-11-21 14:50:41ID: BB  Data: 00 00 00 AA 00 00 00 00 
"
"2016-11-21 14:50:41ID: BC  Data: 00 00 00 AA 00 00 00 00 
"
"2016-11-21 14:50:41ID: BB  Data: 00 00 00 AA 00 00 00 00 
"
"2016-11-21 14:50:41ID: BC  Data: 00 00 00 AA 00 00 00 00 
"
"2016-11-21 14:50:41ID: BB  Data: 00 00 00 AA 00 00 00 00 
"
"2016-11-21 14:50:41ID: BC  Data: 00 00 00 AA 00 00 00 00 
"
"2016-11-21 14:50:41ID: BB  Data: 00 00 00 AA 00 00 00 00 
"
"2016-11-21 14:50:41ID: BC  Data: 00 00 00 AA 00 00 00 00 
"
"2016-11-21 14:50:41ID: BB  Data: 00 00 00 AA 00 00 00 00 
"
"2016-11-21 14:50:41ID: BC  Data: 00 00 00 AA 00 00 00 00 
"
"2016-11-21 14:50:41ID: BB  Data: 00 00 00 AA 00 00 00 00 
"
"2016-11-21 14:50:41ID: BC  Data: 00 00 00 AA 00 00 00 00 
"
"2016-11-21 14:50:41ID: BB  Data: 00 00 00 AA 00 00 00 00 
"
"2016-11-21 14:50:41ID: BC  Data: 00 00 00 AA 00 00 00 00 
"
"2016-11-21 14:50:41ID: BB  Data: 00 00 00 AA 00 00 00 00 
"
"2016-11-21 14:50:41ID: BC  Data: 00 00 00 AA 00 00 00 00 
"
"2016-11-21 14:50:41ID: BB  Data: 00 00 00 AA 00 00 00 00 
"
"2016-11-21 14:50:41ID: BC  Data: 00 00 00 AA 00 00 00 00 
"
"2016-11-21 14:50:42ID: BB  Data: 00 00 00 AA 00 00 00 00 
"
"2016-11-21 14:50:42ID: BC  Data: 00 00 00 AA 00 00 00 00 
"
"2016-11-21 14:50:42ID: BB  Data: 00 00 00 AA 00 00 00 00 
"
"2016-11-21 14:50:42ID: BC  Data: 00 00 00 AA 00 00 00 00 
"
"2016-11-21 14:50:42ID: BB  Data: 00 00 00 AA 00 00 00 00 
"
"2016-11-21 14:50:42ID: BC  Data: 00 00 00 AA 00 00 00 00 
"
"2016-11-21 14:50:42ID: BB  Data: 00 00 00 AA 00 00 00 00 
"
"2016-11-21 14:50:42ID: BC  Data: 00 00 00 AA 00 00 00 00 
"
"2016-11-21 14:50:42ID: BB  Data: 00 00 00 AA 00 00 00 00 
"
"2016-11-21 14:50:42ID: BC  Data: 00 00 00 AA 00 00 00 00 
"
"2016-11-21 14:50:42ID: BB  Data: 00 00 00 AA FD CE C1 38 
"
"2016-11-21 14:50:42ID: BC  Data: 00 00 00 AA 02 31 3E C8 
"
"2016-11-21 14:50:42ID: BB  Data: 00 00 00 AA 00 00 00 00 
"
"2016-11-21 14:50:42ID: BC  Data: 00 00 00 AA 00 00 00 00 
"
"2016-11-21 14:50:42ID: BB  Data: 00 00 00 AA 00 00 00 00 
"
"2016-11-21 14:50:42ID: BC  Data: 00 00 00 AA 00 00 00 00 
"
"2016-11-21 14:50:42ID: BB  Data: 00 00 00 AA 00 00 00 00 
"
"2016-11-21 14:50:42ID: BC  Data: 00 00 00 AA 00 00 00 00 
"
"2016-11-21 14:50:42ID: BB  Data: 00 00 00 AA 00 00 00 00 
"
"2016-11-21 14:50:42ID: BC  Data: 00 00 00 AA 00 00 00 00 
"
"2016-11-21 14:50:42ID: BB  Data: 00 00 00 AA 00 00 00 00 
"
"2016-11-21 14:50:42ID: BC  Data: 00 00 00 AA 00 00 00 00 
"
"2016-11-21 14:50:43ID: BB  Data: 00 00 00 AA 00 00 00 00 
"
"2016-11-21 14:50:43ID: BC  Data: 00 00 00 AA 00 00 00 00 
"
"2016-11-21 14:50:43ID: BB  Data: 00 00 00 AA 00 00 00 00 
"
"2016-11-21 14:50:43ID: BC  Data: 00 00 00 AA 00 00 00 00 
"
"2016-11-21 14:50:43ID: BB  Data: 00 00 00 AA 00 00 00 00 
"
"2016-11-21 14:50:43ID: BC  Data: 00 00 00 AA 00 00 00 00 
"
"2016-11-21 14:50:43ID: BB  Data: 00 00 00 AA 00 00 00 00 
"
"2016-11-21 14:50:43ID: BC  Data: 00 00 00 AA 00 00 00 00 
"
"2016-11-21 14:50:43ID: BB  Data: 00 00 00 AA 00 00 00 00 
"
"2016-11-21 14:50:43ID: BC  Data: 00 00 00 AA 00 00 00 00 
"
"2016-11-21 14:50:43ID: BB  Data: 00 00 00 AA 00 00 00 00 
"
"2016-11-21 14:50:43ID: BC  Data: 00 00 00 AA 00 00 00 00 
"
"2016-11-21 14:50:43ID: BB  Data: 00 00 00 AA 00 00 00 00 
"
"2016-11-21 14:50:43ID: BC  Data: 00 00 00 AA 00 00 00 00 
"
"2016-11-21 14:50:43ID: BB  Data: 00 00 00 AA 00 00 00 00 
"
"2016-11-21 14:50:43ID: BC  Data: 00 00 00 AA 00 00 00 00 
"
"2016-11-21 14:50:43ID: BB  Data: 00 00 00 AA 00 00 00 00 
"
"2016-11-21 14:50:43ID: BC  Data: 00 00 00 AA 00 00 00 00 
"
"2016-11-21 14:50:43ID: BB  Data: 00 00 00 AA 00 00 00 00 
"
"2016-11-21 14:50:43ID: BC  Data: 00 00 00 AA 00 00 00 00 
"
"2016-11-21 14:50:43ID: BB  Data: 00 00 00 AA 00 00 00 00 
"
"2016-11-21 14:50:43ID: BC  Data: 00 00 00 AA 00 00 00 00 
"
"2016-11-21 14:50:43ID: BB  Data: 00 00 00 AA 00 00 00 00 
"
"2016-11-21 14:50:43ID: BC  Data: 00 00 00 AA 00 00 00 00 
"
"2016-11-21 14:50:44ID: BB  Data: 00 00 00 AA 00 00 00 00 
"
"2016-11-21 14:50:44ID: BC  Data: 00 00 00 AA 00 00 00 00 
"
"2016-11-21 14:50:44ID: BB  Data: 00 00 00 AA FE 6C A3 E6 
"
"2016-11-21 14:50:44ID: BC  Data: 00 00 00 AA 01 93 5C 1A 
"
"2016-11-21 14:50:44ID: BB  Data: 00 00 00 AA FE 0C 97 DE 
"
"2016-11-21 14:50:44ID: BC  Data: 00 00 00 AA 01 F3 68 22 
"
"2016-11-21 14:50:44ID: BB  Data: 00 00 00 AA FD 15 3D 45 
"
"2016-11-21 14:50:44ID: BC  Data: 00 00 00 AA 02 EA C2 BB 
"
"2016-11-21 14:50:44ID: BB  Data: 00 00 00 AA FC 38 33 1E 
"
"2016-11-21 14:50:44ID: BC  Data: 00 00 00 AA 03 C7 CC E2 
"
"2016-11-21 14:50:44ID: BB  Data: 00 00 00 AA FB C8 5D 38 
"
"2016-11-21 14:50:44ID: BC  Data: 00 00 00 AA 04 37 A2 C8 
"
"2016-11-21 14:50:44ID: BB  Data: 00 00 00 AA FB 5F 1B 6F 
"
"2016-11-21 14:50:44ID: BC  Data: 00 00 00 AA 04 A0 E4 91 
"
"2016-11-21 14:50:44ID: BB  Data: 00 00 00 AA F9 E8 21 11 
"
"2016-11-21 14:50:44ID: BC  Data: 00 00 00 AA 06 17 DE EF 
"
"2016-11-21 14:50:44ID: BB  Data: 00 00 00 AA F8 73 C8 59 
"
"2016-11-21 14:50:44ID: BC  Data: 00 00 00 AA 07 8C 37 A7 
"
"2016-11-21 14:50:44ID: BB  Data: 00 00 00 AA F7 34 10 86 
"
"2016-11-21 14:50:44ID: BC  Data: 00 00 00 AA 08 CB EF 7A 
"
"2016-11-21 14:50:44ID: BB  Data: 00 00 00 AA F5 D4 C4 F6 
"
"2016-11-21 14:50:44ID: BC  Data: 00 00 00 AA 0A 2B 3B 0A 
"
"2016-11-21 14:50:45ID: BB  Data: 00 00 00 AA F5 70 C6 76 
"
"2016-11-21 14:50:45ID: BC  Data: 00 00 00 AA 0A 8F 39 8A 
"
"2016-11-21 14:50:45ID: BB  Data: 00 00 00 AA F5 41 68 DC 
"
"2016-11-21 14:50:45ID: BC  Data: 00 00 00 AA 0A BE 97 24 
"
"2016-11-21 14:50:45ID: BB  Data: 00 00 00 AA F4 96 5D F5 
"
"2016-11-21 14:50:45ID: BC  Data: 00 00 00 AA 0B 69 A2 0B 
"
"2016-11-21 14:50:45ID: BB  Data: 00 00 00 AA F4 9B A1 3F 
"
"2016-11-21 14:50:45ID: BC  Data: 00 00 00 AA 0B 64 5E C1 
"
"2016-11-21 14:50:45ID: BB  Data: 00 00 00 AA F4 A3 86 2E 
"
"2016-11-21 14:50:45ID: BC  Data: 00 00 00 AA 0B 5C 79 D2 
"
"2016-11-21 14:50:45ID: BB  Data: 00 00 00 AA F4 BC 85 CE 
"
"2016-11-21 14:50:45ID: BC  Data: 00 00 00 AA 0B 43 7A 32 
"
"2016-11-21 14:50:45ID: BB  Data: 00 00 00 AA F4 D6 D6 40 
"
"2016-11-21 14:50:45ID: BC  Data: 00 00 00 AA 0B 29 29 C0 
"
"2016-11-21 14:50:45ID: BB  Data: 00 00 00 AA F4 E2 AD A7 
"
"2016-11-21 14:50:45ID: BC  Data: 00 00 00 AA 0B 1D 52 59 
"
"2016-11-21 14:50:45ID: BB  Data: 00 00 00 AA F5 49 4D CB 
"
"2016-11-21 14:50:45ID: BC  Data: 00 00 00 AA 0A B6 B2 35 
"
"2016-11-21 14:50:45ID: BB  Data: 00 00 00 AA F6 D9 47 C8 
"
"2016-11-21 14:50:45ID: BC  Data: 00 00 00 AA 09 26 B8 38 
"
"2016-11-21 14:50:45ID: BB  Data: 00 00 00 AA F9 88 15 0A 
"
"2016-11-21 14:50:45ID: BC  Data: 00 00 00 AA 06 77 EA F6 
"
"2016-11-21 14:50:46ID: BB  Data: 00 00 00 AA F8 BE C7 39 
"
"2016-11-21 14:50:46ID: BC  Data: 00 00 00 AA 07 41 38 C7 
"
"2016-11-21 14:50:46ID: BB  Data: 00 00 00 AA F9 D9 A8 06 
"
"2016-11-21 14:50:46ID: BC  Data: 00 00 00 AA 06 26 57 FA 
"
"2016-11-21 14:50:46ID: BB  Data: 00 00 00 AA FE 36 B2 2E 
"
"2016-11-21 14:50:46ID: BC  Data: 00 00 00 AA 01 C9 4D D2 
"
"2016-11-21 14:50:46ID: BB  Data: 00 00 00 AA 00 00 00 00 
"
"2016-11-21 14:50:46ID: BC  Data: 00 00 00 AA 00 00 00 00 
"
"2016-11-21 14:50:46ID: BB  Data: 00 00 00 AA 00 00 00 00 
"
"2016-11-21 14:50:46ID: BC  Data: 00 00 00 AA 00 00 00 00 
"
"2016-11-21 14:50:46ID: BB  Data: 00 00 00 AA 00 00 00 00 
"
"2016-11-21 14:50:46ID: BC  Data: 00 00 00 AA 00 00 00 00 
"
"2016-11-21 14:50:46ID: BB  Data: 00 00 00 AA 00 00 00 00 
"
"2016-11-21 14:50:46ID: BC  Data: 00 00 00 AA 00 00 00 00 
"
"2016-11-21 14:50:46ID: BB  Data: 00 00 00 AA 00 00 00 00 
"
"2016-11-21 14:50:46ID: BC  Data: 00 00 00 AA 00 00 00 00 
"
"2016-11-21 14:50:46ID: BB  Data: 00 00 00 AA 00 00 00 00 
"
"2016-11-21 14:50:46ID: BC  Data: 00 00 00 AA 00 00 00 00 
"
"2016-11-21 14:50:46ID: BB  Data: 00 00 00 AA 00 00 00 00 
"
"2016-11-21 14:50:46ID: BC  Data: 00 00 00 AA 00 00 00 00 
"
"2016-11-21 14:50:46ID: BB  Data: 00 00 00 AA 00 00 00 00 
"
"2016-11-21 14:50:46ID: BC  Data: 00 00 00 AA 00 00 00 00 
"
"2016-11-21 14:50:46ID: BB  Data: 00 00 00 AA FE 38 03 01 
"
"2016-11-21 14:50:46ID: BC  Data: 00 00 00 AA 01 C7 FC FF 
"
"2016-11-21 14:50:47ID: BB  Data: 00 00 00 AA FD EF A5 C6 
"
"2016-11-21 14:50:47ID: BC  Data: 00 00 00 AA 02 10 5A 3A 
"
"2016-11-21 14:50:47ID: BB  Data: 00 00 00 AA FB 26 88 12 
"
"2016-11-21 14:50:47ID: BC  Data: 00 00 00 AA 04 D9 77 EE 
"
"2016-11-21 14:50:47ID: BB  Data: 00 00 00 AA F9 FF CF DF 
"
"2016-11-21 14:50:47ID: BC  Data: 00 00 00 AA 06 00 30 21 
"
"2016-11-21 14:50:47ID: BB  Data: 00 00 00 AA F9 B7 72 A4 
"
"2016-11-21 14:50:47ID: BC  Data: 00 00 00 AA 06 48 8D 5C 
"
"2016-11-21 14:50:47ID: BB  Data: 00 00 00 AA F8 A7 18 6B 
"
"2016-11-21 14:50:47ID: BC  Data: 00 00 00 AA 07 58 E7 95 
"
"2016-11-21 14:50:47ID: BB  Data: 00 00 00 AA F8 7B AD 48 
"
"2016-11-21 14:50:47ID: BC  Data: 00 00 00 AA 07 84 52 B8 
"
"2016-11-21 14:50:47ID: BB  Data: 00 00 00 AA F8 63 FE 7B 
"
"2016-11-21 14:50:47ID: BC  Data: 00 00 00 AA 07 9C 01 85 
"
"2016-11-21 14:50:47ID: BB  Data: 00 00 00 AA F8 5C 19 8C 
"
"2016-11-21 14:50:47ID: BC  Data: 00 00 00 AA 07 A3 E6 74 
"
"2016-11-21 14:50:47ID: BB  Data: 00 00 00 AA F8 52 E3 CA 
"
"2016-11-21 14:50:47ID: BC  Data: 00 00 00 AA 07 AD 1C 36 
"
"2016-11-21 14:50:47ID: BB  Data: 00 00 00 AA F8 5E BB 31 
"
"2016-11-21 14:50:47ID: BC  Data: 00 00 00 AA 07 A1 44 CF 
"
"2016-11-21 14:50:47ID: BB  Data: 00 00 00 AA F8 AB 0A E3 
"
"2016-11-21 14:50:47ID: BC  Data: 00 00 00 AA 07 54 F5 1D 
"
"2016-11-21 14:50:48ID: BB  Data: 00 00 00 AA F9 21 74 E5 
"
"2016-11-21 14:50:48ID: BC  Data: 00 00 00 AA 06 DE 8B 1B 
"
"2016-11-21 14:50:48ID: BB  Data: 00 00 00 AA FA 97 1E 70 
"
"2016-11-21 14:50:48ID: BC  Data: 00 00 00 AA 05 68 E1 90 
"
"2016-11-21 14:50:48ID: BB  Data: 00 00 00 AA FD 49 DE 29 
"
"2016-11-21 14:50:48ID: BC  Data: 00 00 00 AA 02 B6 21 D7 
"
"2016-11-21 14:50:48ID: BB  Data: 00 00 00 AA FE 7F 0F 69 
"
"2016-11-21 14:50:48ID: BC  Data: 00 00 00 AA 01 80 F0 97 
"
"2016-11-21 14:50:48ID: BB  Data: 00 00 00 AA 00 00 00 00 
"
"2016-11-21 14:50:48ID: BC  Data: 00 00 00 AA 00 00 00 00 
"
"2016-11-21 14:50:48ID: BB  Data: 00 00 00 AA 00 00 00 00 
"
"2016-11-21 14:50:48ID: BC  Data: 00 00 00 AA 00 00 00 00 
"
"2016-11-21 14:50:48ID: BB  Data: 00 00 00 AA 00 00 00 00 
"
"2016-11-21 14:50:48ID: BC  Data: 00 00 00 AA 00 00 00 00 
"
"2016-11-21 14:50:48ID: BB  Data: 00 00 00 AA 00 00 00 00 
"
"2016-11-21 14:50:48ID: BC  Data: 00 00 00 AA 00 00 00 00 
"
"2016-11-21 14:50:48ID: BB  Data: 00 00 00 AA 00 00 00 00 
"
"2016-11-21 14:50:48ID: BC  Data: 00 00 00 AA 00 00 00 00 
"
"2016-11-21 14:50:48ID: BB  Data: 00 00 00 AA 00 00 00 00 
"
"2016-11-21 14:50:48ID: BC  Data: 00 00 00 AA 00 00 00 00 
"
"2016-11-21 14:50:48ID: BB  Data: 00 00 00 AA 00 00 00 00 
"
"2016-11-21 14:50:48ID: BC  Data: 00 00 00 AA 00 00 00 00 
"
"2016-11-21 14:50:48ID: BB  Data: 00 00 00 AA 00 00 00 00 
"
"2016-11-21 14:50:49ID: BC  Data: 00 00 00 AA 00 00 00 00 
"
"2016-11-21 14:50:49ID: BB  Data: 00 00 00 AA 00 00 00 00 
"
"2016-11-21 14:50:49ID: BC  Data: 00 00 00 AA 00 00 00 00 
"
"2016-11-21 14:50:49ID: BB  Data: 00 00 00 AA 00 00 00 00 
"
"2016-11-21 14:50:49ID: BC  Data: 00 00 00 AA 00 00 00 00 
"
"2016-11-21 14:50:49ID: BB  Data: 00 00 00 AA 00 00 00 00 
"
"2016-11-21 14:50:49ID: BC  Data: 00 00 00 AA 00 00 00 00 
"
"2016-11-21 14:50:49ID: BB  Data: 00 00 00 AA 00 00 00 00 
"
"2016-11-21 14:50:49ID: BC  Data: 00 00 00 AA 00 00 00 00 
"
"2016-11-21 14:50:49ID: BB  Data: 00 00 00 AA 00 00 00 00 
"
"2016-11-21 14:50:49ID: BC  Data: 00 00 00 AA 00 00 00 00 
"
"2016-11-21 14:50:49ID: BB  Data: 00 00 00 AA 00 00 00 00 
"
"2016-11-21 14:50:49ID: BC  Data: 00 00 00 AA 00 00 00 00 
"
"2016-11-21 14:50:49ID: BB  Data: 00 00 00 AA 00 00 00 00 
"
"2016-11-21 14:50:49ID: BC  Data: 00 00 00 AA 00 00 00 00 
"
"2016-11-21 14:50:49ID: BB  Data: 00 00 00 AA 00 00 00 00 
"
"2016-11-21 14:50:49ID: BC  Data: 00 00 00 AA 00 00 00 00 
"
"2016-11-21 14:50:49ID: BB  Data: 00 00 00 AA 00 00 00 00 
"
"2016-11-21 14:50:49ID: BC  Data: 00 00 00 AA 00 00 00 00 
"
"2016-11-21 14:50:49ID: AA  Data: AA AA 00 00 00 00 00 00 
"
"2016-11-21 14:50:49ID: BB  Data: 00 00 00 AA 00 00 00 00 
"
"2016-11-21 14:50:49ID: BC  Data: 00 00 00 AA 00 00 00 00 
"
"2016-11-21 14:50:49ID: BB  Data: 00 00 00 AA 00 00 00 00 
"
"2016-11-21 14:50:49ID: BC  Data: 00 00 00 AA 00 00 00 00 
"
"2016-11-21 14:50:50ID: BB  Data: 00 00 00 AA 00 00 00 00 
"
"2016-11-21 14:50:50ID: BC  Data: 00 00 00 AA 00 00 00 00 
"
"2016-11-21 14:50:50ID: BB  Data: 00 00 00 AA 00 00 00 00 
"
"2016-11-21 14:50:50ID: BC  Data: 00 00 00 AA 00 00 00 00 
"
"2016-11-21 14:50:50ID: AA  Data: AA BB 00 00 00 00 00 00 
"
"2016-11-21 14:50:50ID: BB  Data: 00 00 00 AA 00 00 00 00 
"
"2016-11-21 14:50:50ID: BC  Data: 00 00 00 AA 00 00 00 00 
"
"2016-11-21 14:50:50ID: BB  Data: 00 00 00 AA 00 00 00 00 
"
"2016-11-21 14:50:50ID: BC  Data: 00 00 00 AA 00 00 00 00 
"
"2016-11-21 14:50:50ID: BB  Data: 00 00 00 AA 00 00 00 00 
"
"2016-11-21 14:50:50ID: BC  Data: 00 00 00 AA 00 00 00 00 
"
"2016-11-21 14:50:50ID: BB  Data: 00 00 00 AA 00 00 00 00 
"
"2016-11-21 14:50:50ID: BC  Data: 00 00 00 AA 00 00 00 00 
"
"2016-11-21 14:50:50ID: BB  Data: 00 00 00 AA 00 00 00 00 
"
"2016-11-21 14:50:50ID: BC  Data: 00 00 00 AA 00 00 00 00 
"
"2016-11-21 14:50:50ID: BB  Data: 00 00 00 AA 00 00 00 00 
"
"2016-11-21 14:50:50ID: BC  Data: 00 00 00 AA 00 00 00 00 
"
"2016-11-21 14:50:50ID: BB  Data: 00 00 00 AA 00 00 00 00 
"
"2016-11-21 14:50:50ID: BC  Data: 00 00 00 AA 00 00 00 00 
"
"2016-11-21 14:50:50ID: BB  Data: 00 00 00 AA 00 00 00 00 
"
"2016-11-21 14:50:50ID: BC  Data: 00 00 00 AA 00 00 00 00 
"
"2016-11-21 14:50:50ID: BB  Data: 00 00 00 AA 00 00 00 00 
"
"2016-11-21 14:50:50ID: BC  Data: 00 00 00 AA 00 00 00 00 
"
"2016-11-21 14:50:51ID: BB  Data: 00 00 00 AA 00 00 00 00 
"
"2016-11-21 14:50:51ID: BC  Data: 00 00 00 AA 00 00 00 00 
"
"2016-11-21 14:50:51ID: BB  Data: 00 00 00 AA 00 00 00 00 
"
"2016-11-21 14:50:51ID: BC  Data: 00 00 00 AA 00 00 00 00 
"
"2016-11-21 14:50:51ID: BB  Data: 00 00 00 AA 00 00 00 00 
"
"2016-11-21 14:50:51ID: BC  Data: 00 00 00 AA 00 00 00 00 
"
"2016-11-21 14:50:51ID: BB  Data: 00 00 00 AA 00 00 00 00 
"
"2016-11-21 14:50:51ID: BC  Data: 00 00 00 AA 00 00 00 00 
"
"2016-11-21 14:50:51ID: BB  Data: 00 00 00 AA 02 BC B5 F3 
"
"2016-11-21 14:50:51ID: BC  Data: 00 00 00 AA FD 43 4A 0D 
"
"2016-11-21 14:50:51ID: BB  Data: 00 00 00 AA 04 C7 0C 6A 
"
"2016-11-21 14:50:51ID: BC  Data: 00 00 00 AA FB 38 F3 96 
"
"2016-11-21 14:50:51ID: BB  Data: 00 00 00 AA 06 77 EA F6 
"
"2016-11-21 14:50:51ID: BC  Data: 00 00 00 AA F9 88 15 0A 
"
"2016-11-21 14:50:51ID: BB  Data: 00 00 00 AA 07 38 03 06 
"
"2016-11-21 14:50:51ID: BC  Data: 00 00 00 AA F8 C7 FC FA 
"
"2016-11-21 14:50:51ID: BB  Data: 00 00 00 AA 07 A2 95 A2 
"
"2016-11-21 14:50:51ID: BC  Data: 00 00 00 AA F8 5D 6A 5E 
"
"2016-11-21 14:50:51ID: BB  Data: 00 00 00 AA 08 E2 4D 75 
"
"2016-11-21 14:50:51ID: BC  Data: 00 00 00 AA F7 1D B2 8B 
"
"2016-11-21 14:50:51ID: BB  Data: 00 00 00 AA 0A 23 56 1B 
"
"2016-11-21 14:50:51ID: BC  Data: 00 00 00 AA F5 DC A9 E5 
"
"2016-11-21 14:50:51ID: BB  Data: 00 00 00 AA 0A E0 CC 86 
"
"2016-11-21 14:50:51ID: BC  Data: 00 00 00 AA F5 1F 33 7A 
"
"2016-11-21 14:50:52ID: BB  Data: 00 00 00 AA 0A FB 1C F8 
"
"2016-11-21 14:50:52ID: BC  Data: 00 00 00 AA F5 04 E3 08 
"
"2016-11-21 14:50:52ID: BB  Data: 00 00 00 AA 0B 06 F4 5F 
"
"2016-11-21 14:50:52ID: BC  Data: 00 00 00 AA F4 F9 0B A1 
"
"2016-11-21 14:50:52ID: BB  Data: 00 00 00 AA 0B 59 D8 2D 
"
"2016-11-21 14:50:52ID: BC  Data: 00 00 00 AA F4 A6 27 D3 
"
"2016-11-21 14:50:52ID: BB  Data: 00 00 00 AA 0B 74 28 A0 
"
"2016-11-21 14:50:52ID: BC  Data: 00 00 00 AA F4 8B D7 60 
"
"2016-11-21 14:50:52ID: BB  Data: 00 00 00 AA 0B 61 BD 1C 
"
"2016-11-21 14:50:52ID: BC  Data: 00 00 00 AA F4 9E 42 E4 
"
"2016-11-21 14:50:52ID: BB  Data: 00 00 00 AA 0B 5F 1B 77 
"
"2016-11-21 14:50:52ID: BC  Data: 00 00 00 AA F4 A0 E4 89 
"
"2016-11-21 14:50:52ID: BB  Data: 00 00 00 AA 0B 5F 1B 77 
"
"2016-11-21 14:50:52ID: BC  Data: 00 00 00 AA F4 A0 E4 89 
"
"2016-11-21 14:50:52ID: BB  Data: 00 00 00 AA 0B 48 BD 7D 
"
"2016-11-21 14:50:52ID: BC  Data: 00 00 00 AA F4 B7 42 83 
"
"2016-11-21 14:50:52ID: BB  Data: 00 00 00 AA 0B 42 29 60 
"
"2016-11-21 14:50:52ID: BC  Data: 00 00 00 AA F4 BD D6 A0 
"
"2016-11-21 14:50:52ID: BB  Data: 00 00 00 AA 0B 42 29 60 
"
"2016-11-21 14:50:52ID: BC  Data: 00 00 00 AA F4 BD D6 A0 
"
"2016-11-21 14:50:52ID: BB  Data: 00 00 00 AA 0B 35 01 27 
"
"2016-11-21 14:50:52ID: BC  Data: 00 00 00 AA F4 CA FE D9 
"
"2016-11-21 14:50:53ID: BB  Data: 00 00 00 AA 0B 19 5F E2 
"
"2016-11-21 14:50:53ID: BC  Data: 00 00 00 AA F4 E6 A0 1E 
"
"2016-11-21 14:50:53ID: BB  Data: 00 00 00 AA 0A FC 6D CB 
"
"2016-11-21 14:50:53ID: BC  Data: 00 00 00 AA F5 03 92 35 
"
"2016-11-21 14:50:53ID: BB  Data: 00 00 00 AA 0A 94 7C D4 
"
"2016-11-21 14:50:53ID: BC  Data: 00 00 00 AA F5 6B 83 2C 
"
"2016-11-21 14:50:53ID: BB  Data: 00 00 00 AA 06 82 71 8A 
"
"2016-11-21 14:50:53ID: BC  Data: 00 00 00 AA F9 7D 8E 76 
"
"2016-11-21 14:50:53ID: BB  Data: 00 00 00 AA 02 5D FA BE 
"
"2016-11-21 14:50:53ID: BC  Data: 00 00 00 AA FD A2 05 42 
"
"2016-11-21 14:50:53ID: BB  Data: 00 00 00 AA 01 A3 25 F9 
"
"2016-11-21 14:50:53ID: BC  Data: 00 00 00 AA FE 5C DA 07 
"
"2016-11-21 14:50:53ID: BB  Data: 00 00 00 AA 00 00 00 00 
"
"2016-11-21 14:50:53ID: BC  Data: 00 00 00 AA 00 00 00 00 
"
"2016-11-21 14:50:53ID: BB  Data: 00 00 00 AA 00 00 00 00 
"
"2016-11-21 14:50:53ID: BC  Data: 00 00 00 AA 00 00 00 00 
"
"2016-11-21 14:50:53ID: BB  Data: 00 00 00 AA 00 00 00 00 
"
"2016-11-21 14:50:53ID: BC  Data: 00 00 00 AA 00 00 00 00 
"
"2016-11-21 14:50:53ID: BB  Data: 00 00 00 AA 00 00 00 00 
"
"2016-11-21 14:50:53ID: BC  Data: 00 00 00 AA 00 00 00 00 
"
"2016-11-21 14:50:53ID: BB  Data: 00 00 00 AA 00 00 00 00 
"
"2016-11-21 14:50:53ID: BC  Data: 00 00 00 AA 00 00 00 00 
"
"2016-11-21 14:50:54ID: BB  Data: 00 00 00 AA 00 00 00 00 
"
"2016-11-21 14:50:54ID: BC  Data: 00 00 00 AA 00 00 00 00 
"
"2016-11-21 14:50:54ID: BB  Data: 00 00 00 AA 00 00 00 00 
"
"2016-11-21 14:50:54ID: BC  Data: 00 00 00 AA 00 00 00 00 
"
"2016-11-21 14:50:54ID: BB  Data: 00 00 00 AA 00 00 00 00 
"
"2016-11-21 14:50:54ID: BC  Data: 00 00 00 AA 00 00 00 00 
"
"2016-11-21 14:50:54ID: BB  Data: 00 00 00 AA 00 00 00 00 
"
"2016-11-21 14:50:54ID: BC  Data: 00 00 00 AA 00 00 00 00 
"
"2016-11-21 14:50:54ID: BB  Data: 00 00 00 AA 00 00 00 00 
"
"2016-11-21 14:50:54ID: BC  Data: 00 00 00 AA 00 00 00 00 
"
"2016-11-21 14:50:54ID: BB  Data: 00 00 00 AA 00 00 00 00 
"
"2016-11-21 14:50:54ID: BC  Data: 00 00 00 AA 00 00 00 00 
"
"2016-11-21 14:50:54ID: BB  Data: 00 00 00 AA 00 00 00 00 
"
"2016-11-21 14:50:54ID: BC  Data: 00 00 00 AA 00 00 00 00 
"
"2016-11-21 14:50:54ID: BB  Data: 00 00 00 AA 00 00 00 00 
"
"2016-11-21 14:50:54ID: BC  Data: 00 00 00 AA 00 00 00 00 
"
"2016-11-21 14:50:54ID: BB  Data: 00 00 00 AA 00 00 00 00 
"
"2016-11-21 14:50:54ID: BC  Data: 00 00 00 AA 00 00 00 00 
"
"2016-11-21 14:50:54ID: BB  Data: 00 00 00 AA 00 00 00 00 
"
"2016-11-21 14:50:54ID: BC  Data: 00 00 00 AA 00 00 00 00 
"
"2016-11-21 14:50:54ID: BB  Data: 00 00 00 AA 00 00 00 00 
"
"2016-11-21 14:50:54ID: BC  Data: 00 00 00 AA 00 00 00 00 
"
"2016-11-21 14:50:54ID: BB  Data: 00 00 00 AA 00 00 00 00 
"
"2016-11-21 14:50:54ID: BC  Data: 00 00 00 AA 00 00 00 00 
"
"2016-11-21 14:50:55ID: BB  Data: 00 00 00 AA 00 00 00 00 
"
"2016-11-21 14:50:55ID: BC  Data: 00 00 00 AA 00 00 00 00 
"
"2016-11-21 14:50:55ID: BB  Data: 00 00 00 AA 00 00 00 00 
"
"2016-11-21 14:50:55ID: BC  Data: 00 00 00 AA 00 00 00 00 
"
"2016-11-21 14:50:55ID: BB  Data: 00 00 00 AA 00 00 00 00 
"
"2016-11-21 14:50:55ID: BC  Data: 00 00 00 AA 00 00 00 00 
"
"2016-11-21 14:50:55ID: BB  Data: 00 00 00 AA 00 00 00 00 
"
"2016-11-21 14:50:55ID: BC  Data: 00 00 00 AA 00 00 00 00 
"
"2016-11-21 14:50:55ID: BB  Data: 00 00 00 AA 00 00 00 00 
"
"2016-11-21 14:50:55ID: BC  Data: 00 00 00 AA 00 00 00 00 
"
"2016-11-21 14:50:55ID: BB  Data: 00 00 00 AA 00 00 00 00 
"
"2016-11-21 14:50:55ID: BC  Data: 00 00 00 AA 00 00 00 00 
"
"2016-11-21 14:50:55ID: BB  Data: 00 00 00 AA 00 00 00 00 
"
"2016-11-21 14:50:55ID: BC  Data: 00 00 00 AA 00 00 00 00 
"
"2016-11-21 14:50:55ID: BB  Data: 00 00 00 AA 00 00 00 00 
"
"2016-11-21 14:50:55ID: BC  Data: 00 00 00 AA 00 00 00 00 
"
"2016-11-21 14:50:55ID: BB  Data: 00 00 00 AA 00 00 00 00 
"
"2016-11-21 14:50:55ID: BC  Data: 00 00 00 AA 00 00 00 00 
"
"2016-11-21 14:50:55ID: BB  Data: 00 00 00 AA 00 00 00 00 
"
"2016-11-21 14:50:55ID: BC  Data: 00 00 00 AA 00 00 00 00 
"
"2016-11-21 14:50:55ID: BB  Data: 00 00 00 AA 00 00 00 00 
"
"2016-11-21 14:50:55ID: BC  Data: 00 00 00 AA 00 00 00 00 
"
"2016-11-21 14:50:56ID: BB  Data: 00 00 00 AA 00 00 00 00 
"
"2016-11-21 14:50:56ID: BC  Data: 00 00 00 AA 00 00 00 00 
"
"2016-11-21 14:50:56ID: BB  Data: 00 00 00 AA 00 00 00 00 
"
"2016-11-21 14:50:56ID: BC  Data: 00 00 00 AA 00 00 00 00 
"
"2016-11-21 14:50:56ID: BB  Data: 00 00 00 AA 00 00 00 00 
"
"2016-11-21 14:50:56ID: BC  Data: 00 00 00 AA 00 00 00 00 
"
"2016-11-21 14:50:56ID: BB  Data: 00 00 00 AA 00 00 00 00 
"
"2016-11-21 14:50:56ID: BC  Data: 00 00 00 AA 00 00 00 00 
"
"2016-11-21 14:50:56ID: BB  Data: 00 00 00 AA 00 00 00 00 
"
"2016-11-21 14:50:56ID: BC  Data: 00 00 00 AA 00 00 00 00 
"
"2016-11-21 14:50:56ID: BB  Data: 00 00 00 AA 00 00 00 00 
"
"2016-11-21 14:50:56ID: BC  Data: 00 00 00 AA 00 00 00 00 
"
"2016-11-21 14:50:56ID: BB  Data: 00 00 00 AA 00 00 00 00 
"
"2016-11-21 14:50:56ID: BC  Data: 00 00 00 AA 00 00 00 00 
"
"2016-11-21 14:50:56ID: BB  Data: 00 00 00 AA 00 00 00 00 
"
"2016-11-21 14:50:56ID: BC  Data: 00 00 00 AA 00 00 00 00 
"
"2016-11-21 14:50:56ID: BB  Data: 00 00 00 AA 00 00 00 00 
"
"2016-11-21 14:50:56ID: BC  Data: 00 00 00 AA 00 00 00 00 
"
"2016-11-21 14:50:56ID: BB  Data: 00 00 00 AA 00 00 00 00 
"
"2016-11-21 14:50:56ID: BC  Data: 00 00 00 AA 00 00 00 00 
"
"2016-11-21 14:50:56ID: BB  Data: 00 00 00 AA 00 00 00 00 
"
"2016-11-21 14:50:56ID: BC  Data: 00 00 00 AA 00 00 00 00 
"
"2016-11-21 14:50:56ID: BB  Data: 00 00 00 AA 00 00 00 00 
"
"2016-11-21 14:50:57ID: BC  Data: 00 00 00 AA 00 00 00 00 
"
"2016-11-21 14:50:57ID: BB  Data: 00 00 00 AA 00 00 00 00 
"
"2016-11-21 14:50:57ID: BC  Data: 00 00 00 AA 00 00 00 00 
"
"2016-11-21 14:50:57ID: BB  Data: 00 00 00 AA 00 00 00 00 
"
"2016-11-21 14:50:57ID: BC  Data: 00 00 00 AA 00 00 00 00 
"
"2016-11-21 14:50:57ID: BB  Data: 00 00 00 AA 00 00 00 00 
"
"2016-11-21 14:50:57ID: BC  Data: 00 00 00 AA 00 00 00 00 
"
"2016-11-21 14:50:57ID: BB  Data: 00 00 00 AA 00 00 00 00 
"
"2016-11-21 14:50:57ID: BC  Data: 00 00 00 AA 00 00 00 00 
"
"2016-11-21 14:50:57ID: BB  Data: 00 00 00 AA 00 00 00 00 
"
"2016-11-21 14:50:57ID: BC  Data: 00 00 00 AA 00 00 00 00 
"
"2016-11-21 14:50:57ID: BB  Data: 00 00 00 AA 00 00 00 00 
"
"2016-11-21 14:50:57ID: BC  Data: 00 00 00 AA 00 00 00 00 
"
"2016-11-21 14:50:57ID: BB  Data: 00 00 00 AA 00 00 00 00 
"
"2016-11-21 14:50:57ID: BC  Data: 00 00 00 AA 00 00 00 00 
"
"2016-11-21 14:50:57ID: BB  Data: 00 00 00 AA 00 00 00 00 
"
"2016-11-21 14:50:57ID: BC  Data: 00 00 00 AA 00 00 00 00 
"
"2016-11-21 14:50:57ID: BB  Data: 00 00 00 AA 00 00 00 00 
"
"2016-11-21 14:50:57ID: BC  Data: 00 00 00 AA 00 00 00 00 
"
"2016-11-21 14:50:57ID: BB  Data: 00 00 00 AA 00 00 00 00 
"
"2016-11-21 14:50:57ID: BC  Data: 00 00 00 AA 00 00 00 00 
"
"2016-11-21 14:50:57ID: BB  Data: 00 00 00 AA 00 00 00 00 
"
"2016-11-21 14:50:57ID: BC  Data: 00 00 00 AA 00 00 00 00 
"
"2016-11-21 14:50:58ID: BB  Data: 00 00 00 AA 00 00 00 00 
"
"2016-11-21 14:50:58ID: BC  Data: 00 00 00 AA 00 00 00 00 
"
"2016-11-21 14:50:58ID: BB  Data: 00 00 00 AA 00 00 00 00 
"
"2016-11-21 14:50:58ID: BC  Data: 00 00 00 AA 00 00 00 00 
"
"2016-11-21 14:50:58ID: BB  Data: 00 00 00 AA 00 00 00 00 
"
"2016-11-21 14:50:58ID: BC  Data: 00 00 00 AA 00 00 00 00 
"
"2016-11-21 14:50:58ID: BB  Data: 00 00 00 AA 00 00 00 00 
"
"2016-11-21 14:50:58ID: BC  Data: 00 00 00 AA 00 00 00 00 
"
"2016-11-21 14:50:58ID: BB  Data: 00 00 00 AA 00 00 00 00 
"
"2016-11-21 14:50:58ID: BC  Data: 00 00 00 AA 00 00 00 00 
"
"2016-11-21 14:50:58ID: BB  Data: 00 00 00 AA 00 00 00 00 
"
"2016-11-21 14:50:58ID: BC  Data: 00 00 00 AA 00 00 00 00 
"
"2016-11-21 14:50:58ID: BB  Data: 00 00 00 AA 00 00 00 00 
"
"2016-11-21 14:50:58ID: BC  Data: 00 00 00 AA 00 00 00 00 
"
"2016-11-21 14:50:58ID: BB  Data: 00 00 00 AA 00 00 00 00 
"
"2016-11-21 14:50:58ID: BC  Data: 00 00 00 AA 00 00 00 00 
"
"2016-11-21 14:50:58ID: BB  Data: 00 00 00 AA 00 00 00 00 
"
"2016-11-21 14:50:58ID: BC  Data: 00 00 00 AA 00 00 00 00 
"
"2016-11-21 14:50:58ID: BB  Data: 00 00 00 AA 00 00 00 00 
"
"2016-11-21 14:50:58ID: BC  Data: 00 00 00 AA 00 00 00 00 
"
"2016-11-21 14:50:58ID: BB  Data: 00 00 00 AA 00 00 00 00 
"
"2016-11-21 14:50:58ID: BC  Data: 00 00 00 AA 00 00 00 00 
"
"2016-11-21 14:50:59ID: BB  Data: 00 00 00 AA 00 00 00 00 
"
"2016-11-21 14:50:59ID: BC  Data: 00 00 00 AA 00 00 00 00 
"
"2016-11-21 14:50:59ID: BB  Data: 00 00 00 AA 00 00 00 00 
"
"2016-11-21 14:50:59ID: BC  Data: 00 00 00 AA 00 00 00 00 
"
"2016-11-21 14:50:59ID: BB  Data: 00 00 00 AA 00 00 00 00 
"
"2016-11-21 14:50:59ID: BC  Data: 00 00 00 AA 00 00 00 00 
"
"2016-11-21 14:50:59ID: BB  Data: 00 00 00 AA 00 00 00 00 
"
"2016-11-21 14:50:59ID: BC  Data: 00 00 00 AA 00 00 00 00 
"
"2016-11-21 14:50:59ID: BB  Data: 00 00 00 AA 00 00 00 00 
"
"2016-11-21 14:50:59ID: BC  Data: 00 00 00 AA 00 00 00 00 
"
"2016-11-21 14:50:59ID: BB  Data: 00 00 00 AA 00 00 00 00 
"
"2016-11-21 14:50:59ID: BC  Data: 00 00 00 AA 00 00 00 00 
"
"2016-11-21 14:50:59ID: BB  Data: 00 00 00 AA 00 00 00 00 
"
"2016-11-21 14:50:59ID: BC  Data: 00 00 00 AA 00 00 00 00 
"
"2016-11-21 14:50:59ID: BB  Data: 00 00 00 AA 00 00 00 00 
"
"2016-11-21 14:50:59ID: BC  Data: 00 00 00 AA 00 00 00 00 
"
"2016-11-21 14:50:59ID: BB  Data: 00 00 00 AA 00 00 00 00 
"
"2016-11-21 14:50:59ID: BC  Data: 00 00 00 AA 00 00 00 00 
"
"2016-11-21 14:50:59ID: BB  Data: 00 00 00 AA 00 00 00 00 
"
"2016-11-21 14:50:59ID: BC  Data: 00 00 00 AA 00 00 00 00 
"
"2016-11-21 14:50:59ID: BB  Data: 00 00 00 AA 00 00 00 00 
"
"2016-11-21 14:50:59ID: BC  Data: 00 00 00 AA 00 00 00 00 
"
"2016-11-21 14:50:59ID: BB  Data: 00 00 00 AA 00 00 00 00 
"
"2016-11-21 14:50:59ID: BC  Data: 00 00 00 AA 00 00 00 00 
"
"2016-11-21 14:51:00ID: BB  Data: 00 00 00 AA 00 00 00 00 
"
"2016-11-21 14:51:00ID: BC  Data: 00 00 00 AA 00 00 00 00 
"
"2016-11-21 14:51:00ID: BB  Data: 00 00 00 AA 00 00 00 00 
"
"2016-11-21 14:51:00ID: BC  Data: 00 00 00 AA 00 00 00 00 
"
"2016-11-21 14:51:00ID: BB  Data: 00 00 00 AA 00 00 00 00 
"
"2016-11-21 14:51:00ID: BC  Data: 00 00 00 AA 00 00 00 00 
"
"2016-11-21 14:51:00ID: BB  Data: 00 00 00 AA 00 00 00 00 
"
"2016-11-21 14:51:00ID: BC  Data: 00 00 00 AA 00 00 00 00 
"
"2016-11-21 14:51:00ID: BB  Data: 00 00 00 AA 00 00 00 00 
"
"2016-11-21 14:51:00ID: BC  Data: 00 00 00 AA 00 00 00 00 
"
"2016-11-21 14:51:00ID: BB  Data: 00 00 00 AA 00 00 00 00 
"
"2016-11-21 14:51:00ID: BC  Data: 00 00 00 AA 00 00 00 00 
"
"2016-11-21 14:51:00ID: BB  Data: 00 00 00 AA 00 00 00 00 
"
"2016-11-21 14:51:00ID: BC  Data: 00 00 00 AA 00 00 00 00 
"
"2016-11-21 14:51:00ID: BB  Data: 00 00 00 AA 00 00 00 00 
"
"2016-11-21 14:51:00ID: BC  Data: 00 00 00 AA 00 00 00 00 
"
"2016-11-21 14:51:00ID: BB  Data: 00 00 00 AA 00 00 00 00 
"
"2016-11-21 14:51:00ID: BC  Data: 00 00 00 AA 00 00 00 00 
"
"2016-11-21 14:51:00ID: BB  Data: 00 00 00 AA 00 00 00 00 
"
"2016-11-21 14:51:00ID: BC  Data: 00 00 00 AA 00 00 00 00 
"
"2016-11-21 14:51:00ID: BB  Data: 00 00 00 AA 00 00 00 00 
"
"2016-11-21 14:51:00ID: BC  Data: 00 00 00 AA 00 00 00 00 
"
"2016-11-21 14:51:01ID: BB  Data: 00 00 00 AA 00 00 00 00 
"
"2016-11-21 14:51:01ID: BC  Data: 00 00 00 AA 00 00 00 00 
"
"2016-11-21 14:51:01ID: BB  Data: 00 00 00 AA 00 00 00 00 
"
"2016-11-21 14:51:01ID: BC  Data: 00 00 00 AA 00 00 00 00 
"
"2016-11-21 14:51:01ID: BB  Data: 00 00 00 AA 00 00 00 00 
"
"2016-11-21 14:51:01ID: BC  Data: 00 00 00 AA 00 00 00 00 
"
"2016-11-21 14:51:01ID: BB  Data: 00 00 00 AA 00 00 00 00 
"
"2016-11-21 14:51:01ID: BC  Data: 00 00 00 AA 00 00 00 00 
"
"2016-11-21 14:51:01ID: BB  Data: 00 00 00 AA 00 00 00 00 
"
"2016-11-21 14:51:01ID: BC  Data: 00 00 00 AA 00 00 00 00 
"
"2016-11-21 14:51:01ID: BB  Data: 00 00 00 AA 00 00 00 00 
"
"2016-11-21 14:51:01ID: BC  Data: 00 00 00 AA 00 00 00 00 
"
"2016-11-21 14:51:01ID: BB  Data: 00 00 00 AA 00 00 00 00 
"
"2016-11-21 14:51:01ID: BC  Data: 00 00 00 AA 00 00 00 00 
"
"2016-11-21 14:51:01ID: BB  Data: 00 00 00 AA 00 00 00 00 
"
"2016-11-21 14:51:01ID: BC  Data: 00 00 00 AA 00 00 00 00 
"
"2016-11-21 14:51:01ID: BB  Data: 00 00 00 AA 00 00 00 00 
"
"2016-11-21 14:51:01ID: BC  Data: 00 00 00 AA 00 00 00 00 
"
"2016-11-21 14:51:01ID: BB  Data: 00 00 00 AA 00 00 00 00 
"
"2016-11-21 14:51:01ID: BC  Data: 00 00 00 AA 00 00 00 00 
"
"2016-11-21 14:51:01ID: BB  Data: 00 00 00 AA 00 00 00 00 
"
"2016-11-21 14:51:01ID: BC  Data: 00 00 00 AA 00 00 00 00 
"
"2016-11-21 14:51:02ID: BB  Data: 00 00 00 AA 00 00 00 00 
"
"2016-11-21 14:51:02ID: BC  Data: 00 00 00 AA 00 00 00 00 
"
"2016-11-21 14:51:02ID: BB  Data: 00 00 00 AA 00 00 00 00 
"
"2016-11-21 14:51:02ID: BC  Data: 00 00 00 AA 00 00 00 00 
"
"2016-11-21 14:51:02ID: BB  Data: 00 00 00 AA 00 00 00 00 
"
"2016-11-21 14:51:02ID: BC  Data: 00 00 00 AA 00 00 00 00 
"
"2016-11-21 14:51:02ID: BB  Data: 00 00 00 AA 00 00 00 00 
"
"2016-11-21 14:51:02ID: BC  Data: 00 00 00 AA 00 00 00 00 
"
"2016-11-21 14:51:02ID: BB  Data: 00 00 00 AA 00 00 00 00 
"
"2016-11-21 14:51:02ID: BC  Data: 00 00 00 AA 00 00 00 00 
"
"2016-11-21 14:51:02ID: BB  Data: 00 00 00 AA 00 00 00 00 
"
"2016-11-21 14:51:02ID: BC  Data: 00 00 00 AA 00 00 00 00 
"
"2016-11-21 14:51:02ID: BB  Data: 00 00 00 AA 00 00 00 00 
"
"2016-11-21 14:51:02ID: BC  Data: 00 00 00 AA 00 00 00 00 
"
"2016-11-21 14:51:02ID: BB  Data: 00 00 00 AA 00 00 00 00 
"
"2016-11-21 14:51:02ID: BC  Data: 00 00 00 AA 00 00 00 00 
"
"2016-11-21 14:51:02ID: BB  Data: 00 00 00 AA 00 00 00 00 
"
"2016-11-21 14:51:02ID: BC  Data: 00 00 00 AA 00 00 00 00 
"
"2016-11-21 14:51:02ID: BB  Data: 00 00 00 AA 00 00 00 00 
"
"2016-11-21 14:51:02ID: BC  Data: 00 00 00 AA 00 00 00 00 
"
"2016-11-21 14:51:02ID: BB  Data: 00 00 00 AA 00 00 00 00 
"
"2016-11-21 14:51:02ID: BC  Data: 00 00 00 AA 00 00 00 00 
"
"2016-11-21 14:51:02ID: BB  Data: 00 00 00 AA 00 00 00 00 
"
"2016-11-21 14:51:02ID: BC  Data: 00 00 00 AA 00 00 00 00 
"
"2016-11-21 14:51:03ID: BB  Data: 00 00 00 AA 00 00 00 00 
"
"2016-11-21 14:51:03ID: BC  Data: 00 00 00 AA 00 00 00 00 
"
"2016-11-21 14:51:03ID: BB  Data: 00 00 00 AA 00 00 00 00 
"
"2016-11-21 14:51:03ID: BC  Data: 00 00 00 AA 00 00 00 00 
"
"2016-11-21 14:51:03ID: BB  Data: 00 00 00 AA 00 00 00 00 
"
"2016-11-21 14:51:03ID: BC  Data: 00 00 00 AA 00 00 00 00 
"
"2016-11-21 14:51:03ID: BB  Data: 00 00 00 AA 00 00 00 00 
"
"2016-11-21 14:51:03ID: BC  Data: 00 00 00 AA 00 00 00 00 
"
"2016-11-21 14:51:03ID: BB  Data: 00 00 00 AA 00 00 00 00 
"
"2016-11-21 14:51:03ID: BC  Data: 00 00 00 AA 00 00 00 00 
"
"2016-11-21 14:51:03ID: BB  Data: 00 00 00 AA 00 00 00 00 
"
"2016-11-21 14:51:03ID: BC  Data: 00 00 00 AA 00 00 00 00 
"
"2016-11-21 14:51:03ID: BB  Data: 00 00 00 AA 00 00 00 00 
"
"2016-11-21 14:51:03ID: BC  Data: 00 00 00 AA 00 00 00 00 
"
"2016-11-21 14:51:03ID: BB  Data: 00 00 00 AA 00 00 00 00 
"
"2016-11-21 14:51:03ID: BC  Data: 00 00 00 AA 00 00 00 00 
"
"2016-11-21 14:51:03ID: BB  Data: 00 00 00 AA 00 00 00 00 
"
"2016-11-21 14:51:03ID: BC  Data: 00 00 00 AA 00 00 00 00 
"
"2016-11-21 14:51:03ID: BB  Data: 00 00 00 AA 00 00 00 00 
"
"2016-11-21 14:51:03ID: BC  Data: 00 00 00 AA 00 00 00 00 
"
"2016-11-21 14:51:03ID: BB  Data: 00 00 00 AA 00 00 00 00 
"
"2016-11-21 14:51:03ID: BC  Data: 00 00 00 AA 00 00 00 00 
"
"2016-11-21 14:51:04ID: BB  Data: 00 00 00 AA 00 00 00 00 
"
"2016-11-21 14:51:04ID: BC  Data: 00 00 00 AA 00 00 00 00 
"
"2016-11-21 14:51:04ID: BB  Data: 00 00 00 AA 00 00 00 00 
"
"2016-11-21 14:51:04ID: BC  Data: 00 00 00 AA 00 00 00 00 
"
"2016-11-21 14:51:04ID: BB  Data: 00 00 00 AA 00 00 00 00 
"
"2016-11-21 14:51:04ID: BC  Data: 00 00 00 AA 00 00 00 00 
"
"2016-11-21 14:51:04ID: BB  Data: 00 00 00 AA 00 00 00 00 
"
"2016-11-21 14:51:04ID: BC  Data: 00 00 00 AA 00 00 00 00 
"
"2016-11-21 14:51:04ID: BB  Data: 00 00 00 AA 00 00 00 00 
"
"2016-11-21 14:51:04ID: BC  Data: 00 00 00 AA 00 00 00 00 
"
"2016-11-21 14:51:04ID: BB  Data: 00 00 00 AA 00 00 00 00 
"
"2016-11-21 14:51:04ID: BC  Data: 00 00 00 AA 00 00 00 00 
"
"2016-11-21 14:51:04ID: BB  Data: 00 00 00 AA 00 00 00 00 
"
"2016-11-21 14:51:04ID: BC  Data: 00 00 00 AA 00 00 00 00 
"
"2016-11-21 14:51:04ID: BB  Data: 00 00 00 AA 00 00 00 00 
"
"2016-11-21 14:51:04ID: BC  Data: 00 00 00 AA 00 00 00 00 
"
"2016-11-21 14:51:04ID: BB  Data: 00 00 00 AA 00 00 00 00 
"
"2016-11-21 14:51:04ID: BC  Data: 00 00 00 AA 00 00 00 00 
"
"2016-11-21 14:51:04ID: BB  Data: 00 00 00 AA 00 00 00 00 
"
"2016-11-21 14:51:04ID: BC  Data: 00 00 00 AA 00 00 00 00 
"
"2016-11-21 14:51:04ID: BB  Data: 00 00 00 AA 00 00 00 00 
"
"2016-11-21 14:51:04ID: BC  Data: 00 00 00 AA 00 00 00 00 
"
"2016-11-21 14:51:04ID: BB  Data: 00 00 00 AA 00 00 00 00 
"
"2016-11-21 14:51:05ID: BC  Data: 00 00 00 AA 00 00 00 00 
"
"2016-11-21 14:51:05ID: BB  Data: 00 00 00 AA 00 00 00 00 
"
"2016-11-21 14:51:05ID: BC  Data: 00 00 00 AA 00 00 00 00 
"
"2016-11-21 14:51:05ID: BB  Data: 00 00 00 AA 00 00 00 00 
"
"2016-11-21 14:51:05ID: BC  Data: 00 00 00 AA 00 00 00 00 
"
"2016-11-21 14:51:05ID: BB  Data: 00 00 00 AA 00 00 00 00 
"
"2016-11-21 14:51:05ID: BC  Data: 00 00 00 AA 00 00 00 00 
"
"2016-11-21 14:51:05ID: BB  Data: 00 00 00 AA 00 00 00 00 
"
"2016-11-21 14:51:05ID: BC  Data: 00 00 00 AA 00 00 00 00 
"
"2016-11-21 14:51:05ID: BB  Data: 00 00 00 AA 00 00 00 00 
"
"2016-11-21 14:51:05ID: BC  Data: 00 00 00 AA 00 00 00 00 
"
"2016-11-21 14:51:05ID: BB  Data: 00 00 00 AA 00 00 00 00 
"
"2016-11-21 14:51:05ID: BC  Data: 00 00 00 AA 00 00 00 00 
"
"2016-11-21 14:51:05ID: BB  Data: 00 00 00 AA 00 00 00 00 
"
"2016-11-21 14:51:05ID: BC  Data: 00 00 00 AA 00 00 00 00 
"
"2016-11-21 14:51:05ID: BB  Data: 00 00 00 AA 00 00 00 00 
"
"2016-11-21 14:51:05ID: BC  Data: 00 00 00 AA 00 00 00 00 
"
"2016-11-21 14:51:05ID: BB  Data: 00 00 00 AA 00 00 00 00 
"
"2016-11-21 14:51:05ID: BC  Data: 00 00 00 AA 00 00 00 00 
"
"2016-11-21 14:51:05ID: BB  Data: 00 00 00 AA 00 00 00 00 
"
"2016-11-21 14:51:05ID: BC  Data: 00 00 00 AA 00 00 00 00 
"
"2016-11-21 14:51:05ID: BB  Data: 00 00 00 AA 00 00 00 00 
"
"2016-11-21 14:51:05ID: BC  Data: 00 00 00 AA 00 00 00 00 
"
"2016-11-21 14:51:06ID: BB  Data: 00 00 00 AA 00 00 00 00 
"
"2016-11-21 14:51:06ID: BC  Data: 00 00 00 AA 00 00 00 00 
"
"2016-11-21 14:51:06ID: BB  Data: 00 00 00 AA 00 00 00 00 
"
"2016-11-21 14:51:06ID: BC  Data: 00 00 00 AA 00 00 00 00 
"
"2016-11-21 14:51:06ID: BB  Data: 00 00 00 AA 00 00 00 00 
"
"2016-11-21 14:51:06ID: BC  Data: 00 00 00 AA 00 00 00 00 
"
"2016-11-21 14:51:06ID: BB  Data: 00 00 00 AA 00 00 00 00 
"
"2016-11-21 14:51:06ID: BC  Data: 00 00 00 AA 00 00 00 00 
"
"2016-11-21 14:51:06ID: BB  Data: 00 00 00 AA 00 00 00 00 
"
"2016-11-21 14:51:06ID: BC  Data: 00 00 00 AA 00 00 00 00 
"
"2016-11-21 14:51:06ID: BB  Data: 00 00 00 AA 00 00 00 00 
"
"2016-11-21 14:51:06ID: BC  Data: 00 00 00 AA 00 00 00 00 
"
"2016-11-21 14:51:06ID: BB  Data: 00 00 00 AA 00 00 00 00 
"
"2016-11-21 14:51:06ID: BC  Data: 00 00 00 AA 00 00 00 00 
"
"2016-11-21 14:51:06ID: BB  Data: 00 00 00 AA 00 00 00 00 
"
"2016-11-21 14:51:06ID: BC  Data: 00 00 00 AA 00 00 00 00 
"
"2016-11-21 14:51:06ID: BB  Data: 00 00 00 AA 00 00 00 00 
"
"2016-11-21 14:51:06ID: BC  Data: 00 00 00 AA 00 00 00 00 
"
"2016-11-21 14:51:06ID: BB  Data: 00 00 00 AA 00 00 00 00 
"
"2016-11-21 14:51:06ID: BC  Data: 00 00 00 AA 00 00 00 00 
"
"2016-11-21 14:51:06ID: BB  Data: 00 00 00 AA 00 00 00 00 
"
"2016-11-21 14:51:06ID: BC  Data: 00 00 00 AA 00 00 00 00 
"
"2016-11-21 14:51:07ID: BB  Data: 00 00 00 AA 00 00 00 00 
"
"2016-11-21 14:51:07ID: BC  Data: 00 00 00 AA 00 00 00 00 
"
"2016-11-21 14:51:07ID: BB  Data: 00 00 00 AA 00 00 00 00 
"
"2016-11-21 14:51:07ID: BC  Data: 00 00 00 AA 00 00 00 00 
"
"2016-11-21 14:51:07ID: BB  Data: 00 00 00 AA 00 00 00 00 
"
"2016-11-21 14:51:07ID: BB  Data: 00 00 00 AA 00 00 00 00 
"
"2016-11-21 14:51:07ID: BC  Data: 00 00 00 AA 00 00 00 00 
"
"2016-11-21 14:51:07ID: BB  Data: 00 00 00 AA 00 00 00 00 
"
"2016-11-21 14:51:07ID: BC  Data: 00 00 00 AA 00 00 00 00 
"
"2016-11-21 14:51:07ID: BB  Data: 00 00 00 AA 00 00 00 00 
"
"2016-11-21 14:51:07ID: BC  Data: 00 00 00 AA 00 00 00 00 
"
"2016-11-21 14:51:07ID: BB  Data: 00 00 00 AA 00 00 00 00 
"
"2016-11-21 14:51:07ID: BC  Data: 00 00 00 AA 00 00 00 00 
"
"2016-11-21 14:51:07ID: BB  Data: 00 00 00 AA 00 00 00 00 
"
"2016-11-21 14:51:07ID: BC  Data: 00 00 00 AA 00 00 00 00 
"
"2016-11-21 14:51:07ID: BB  Data: 00 00 00 AA 00 00 00 00 
"
"2016-11-21 14:51:07ID: BC  Data: 00 00 00 AA 00 00 00 00 
"
"2016-11-21 14:51:07ID: BB  Data: 00 00 00 AA 00 00 00 00 
"
"2016-11-21 14:51:07ID: BC  Data: 00 00 00 AA 00 00 00 00 
"
"2016-11-21 14:51:07ID: BB  Data: 00 00 00 AA 00 00 00 00 
"
"2016-11-21 14:51:07ID: BC  Data: 00 00 00 AA 00 00 00 00 
"
"2016-11-21 14:51:07ID: BB  Data: 00 00 00 AA 00 00 00 00 
"
"2016-11-21 14:51:07ID: BC  Data: 00 00 00 AA 00 00 00 00 
"
"2016-11-21 14:51:08ID: BB  Data: 00 00 00 AA 00 00 00 00 
"
"2016-11-21 14:51:08ID: BC  Data: 00 00 00 AA 00 00 00 00 
"
"2016-11-21 14:51:08ID: BB  Data: 00 00 00 AA 00 00 00 00 
"
"2016-11-21 14:51:08ID: BC  Data: 00 00 00 AA 00 00 00 00 
"
"2016-11-21 14:51:08ID: BB  Data: 00 00 00 AA 00 00 00 00 
"
"2016-11-21 14:51:08ID: BC  Data: 00 00 00 AA 00 00 00 00 
"
"2016-11-21 14:51:08ID: BB  Data: 00 00 00 AA 00 00 00 00 
"
"2016-11-21 14:51:08ID: BC  Data: 00 00 00 AA 00 00 00 00 
"
"2016-11-21 14:51:08ID: BB  Data: 00 00 00 AA 00 00 00 00 
"
"2016-11-21 14:51:08ID: BC  Data: 00 00 00 AA 00 00 00 00 
"
"2016-11-21 14:51:08ID: BB  Data: 00 00 00 AA 00 00 00 00 
"
"2016-11-21 14:51:08ID: BC  Data: 00 00 00 AA 00 00 00 00 
"
"2016-11-21 14:51:08ID: BB  Data: 00 00 00 AA 00 00 00 00 
"
"2016-11-21 14:51:08ID: BC  Data: 00 00 00 AA 00 00 00 00 
"
"2016-11-21 14:51:08ID: BB  Data: 00 00 00 AA 00 00 00 00 
"
"2016-11-21 14:51:08ID: BC  Data: 00 00 00 AA 00 00 00 00 
"
"2016-11-21 14:51:08ID: BB  Data: 00 00 00 AA 00 00 00 00 
"
"2016-11-21 14:51:08ID: BC  Data: 00 00 00 AA 00 00 00 00 
"
"2016-11-21 14:51:08ID: BB  Data: 00 00 00 AA 00 00 00 00 
"
"2016-11-21 14:51:08ID: BC  Data: 00 00 00 AA 00 00 00 00 
"
"2016-11-21 14:51:08ID: BB  Data: 00 00 00 AA 00 00 00 00 
"
"2016-11-21 14:51:08ID: BC  Data: 00 00 00 AA 00 00 00 00 
"
"2016-11-21 14:51:09ID: BB  Data: 00 00 00 AA 00 00 00 00 
"
"2016-11-21 14:51:09ID: BC  Data: 00 00 00 AA 00 00 00 00 
"
"2016-11-21 14:51:09ID: BB  Data: 00 00 00 AA 00 00 00 00 
"
"2016-11-21 14:51:09ID: BC  Data: 00 00 00 AA 00 00 00 00 
"
"2016-11-21 14:51:09ID: BB  Data: 00 00 00 AA 00 00 00 00 
"
"2016-11-21 14:51:09ID: BC  Data: 00 00 00 AA 00 00 00 00 
"
"2016-11-21 14:51:09ID: BB  Data: 00 00 00 AA 00 00 00 00 
"
"2016-11-21 14:51:09ID: BC  Data: 00 00 00 AA 00 00 00 00 
"
"2016-11-21 14:51:09ID: BB  Data: 00 00 00 AA 00 00 00 00 
"
"2016-11-21 14:51:09ID: BC  Data: 00 00 00 AA 00 00 00 00 
"
"2016-11-21 14:51:09ID: BB  Data: 00 00 00 AA 00 00 00 00 
"
"2016-11-21 14:51:09ID: BC  Data: 00 00 00 AA 00 00 00 00 
"
"2016-11-21 14:51:09ID: BB  Data: 00 00 00 AA 00 00 00 00 
"
"2016-11-21 14:51:09ID: BC  Data: 00 00 00 AA 00 00 00 00 
"
"2016-11-21 14:51:09ID: BB  Data: 00 00 00 AA 00 00 00 00 
"
"2016-11-21 14:51:09ID: BC  Data: 00 00 00 AA 00 00 00 00 
"
"2016-11-21 14:51:09ID: BB  Data: 00 00 00 AA 00 00 00 00 
"
"2016-11-21 14:51:09ID: BC  Data: 00 00 00 AA 00 00 00 00 
"
"2016-11-21 14:51:09ID: BB  Data: 00 00 00 AA 00 00 00 00 
"
"2016-11-21 14:51:09ID: BC  Data: 00 00 00 AA 00 00 00 00 
"
"2016-11-21 14:51:09ID: BB  Data: 00 00 00 AA 00 00 00 00 
"
"2016-11-21 14:51:09ID: BC  Data: 00 00 00 AA 00 00 00 00 
"
"2016-11-21 14:51:10ID: BB  Data: 00 00 00 AA 00 00 00 00 
"
"2016-11-21 14:51:10ID: BC  Data: 00 00 00 AA 00 00 00 00 
"
"2016-11-21 14:51:10ID: BB  Data: 00 00 00 AA 00 00 00 00 
"
"2016-11-21 14:51:10ID: BC  Data: 00 00 00 AA 00 00 00 00 
"
"2016-11-21 14:51:10ID: BB  Data: 00 00 00 AA 00 00 00 00 
"
"2016-11-21 14:51:10ID: BC  Data: 00 00 00 AA 00 00 00 00 
"
"2016-11-21 14:51:10ID: BB  Data: 00 00 00 AA 00 00 00 00 
"
"2016-11-21 14:51:10ID: BC  Data: 00 00 00 AA 00 00 00 00 
"
"2016-11-21 14:51:10ID: BB  Data: 00 00 00 AA 00 00 00 00 
"
"2016-11-21 14:51:10ID: BC  Data: 00 00 00 AA 00 00 00 00 
"
"2016-11-21 14:51:10ID: BB  Data: 00 00 00 AA 00 00 00 00 
"
"2016-11-21 14:51:10ID: BC  Data: 00 00 00 AA 00 00 00 00 
"
"2016-11-21 14:51:10ID: BB  Data: 00 00 00 AA 00 00 00 00 
"
"2016-11-21 14:51:10ID: BC  Data: 00 00 00 AA 00 00 00 00 
"
"2016-11-21 14:51:10ID: BB  Data: 00 00 00 AA 00 00 00 00 
"
"2016-11-21 14:51:10ID: BC  Data: 00 00 00 AA 00 00 00 00 
"
"2016-11-21 14:51:10ID: BB  Data: 00 00 00 AA 00 00 00 00 
"
"2016-11-21 14:51:10ID: BC  Data: 00 00 00 AA 00 00 00 00 
"
"2016-11-21 14:51:10ID: BB  Data: 00 00 00 AA 00 00 00 00 
"
"2016-11-21 14:51:10ID: BC  Data: 00 00 00 AA 00 00 00 00 
"
"2016-11-21 14:51:10ID: BB  Data: 00 00 00 AA 00 00 00 00 
"
"2016-11-21 14:51:10ID: BC  Data: 00 00 00 AA 00 00 00 00 
"
"2016-11-21 14:51:10ID: BB  Data: 00 00 00 AA 00 00 00 00 
"
"2016-11-21 14:51:10ID: BC  Data: 00 00 00 AA 00 00 00 00 
"
"2016-11-21 14:51:11ID: BB  Data: 00 00 00 AA 00 00 00 00 
"
"2016-11-21 14:51:11ID: BC  Data: 00 00 00 AA 00 00 00 00 
"
"2016-11-21 14:51:11ID: BB  Data: 00 00 00 AA 00 00 00 00 
"
"2016-11-21 14:51:11ID: BC  Data: 00 00 00 AA 00 00 00 00 
"
"2016-11-21 14:51:11ID: BB  Data: 00 00 00 AA 00 00 00 00 
"
"2016-11-21 14:51:11ID: BC  Data: 00 00 00 AA 00 00 00 00 
"
"2016-11-21 14:51:11ID: BB  Data: 00 00 00 AA 00 00 00 00 
"
"2016-11-21 14:51:11ID: BC  Data: 00 00 00 AA 00 00 00 00 
"
"2016-11-21 14:51:11ID: BB  Data: 00 00 00 AA 00 00 00 00 
"
"2016-11-21 14:51:11ID: BC  Data: 00 00 00 AA 00 00 00 00 
"
"2016-11-21 14:51:11ID: BB  Data: 00 00 00 AA 00 00 00 00 
"
"2016-11-21 14:51:11ID: BC  Data: 00 00 00 AA 00 00 00 00 
"
"2016-11-21 14:51:11ID: BB  Data: 00 00 00 AA 00 00 00 00 
"
"2016-11-21 14:51:11ID: BC  Data: 00 00 00 AA 00 00 00 00 
"
"2016-11-21 14:51:11ID: BB  Data: 00 00 00 AA 00 00 00 00 
"
"2016-11-21 14:51:11ID: BC  Data: 00 00 00 AA 00 00 00 00 
"
"2016-11-21 14:51:11ID: BB  Data: 00 00 00 AA 00 00 00 00 
"
"2016-11-21 14:51:11ID: BC  Data: 00 00 00 AA 00 00 00 00 
"
"2016-11-21 14:51:11ID: BB  Data: 00 00 00 AA 00 00 00 00 
"
"2016-11-21 14:51:11ID: BC  Data: 00 00 00 AA 00 00 00 00 
"
"2016-11-21 14:51:11ID: BB  Data: 00 00 00 AA 00 00 00 00 
"
"2016-11-21 14:51:11ID: BC  Data: 00 00 00 AA 00 00 00 00 
"
"2016-11-21 14:51:12ID: BB  Data: 00 00 00 AA 00 00 00 00 
"
"2016-11-21 14:51:12ID: BC  Data: 00 00 00 AA 00 00 00 00 
"
"2016-11-21 14:51:12ID: BB  Data: 00 00 00 AA 00 00 00 00 
"
"2016-11-21 14:51:12ID: BC  Data: 00 00 00 AA 00 00 00 00 
"
"2016-11-21 14:51:12ID: BB  Data: 00 00 00 AA 00 00 00 00 
"
"2016-11-21 14:51:12ID: BC  Data: 00 00 00 AA 00 00 00 00 
"
"2016-11-21 14:51:12ID: BB  Data: 00 00 00 AA 00 00 00 00 
"
"2016-11-21 14:51:12ID: BC  Data: 00 00 00 AA 00 00 00 00 
"
"2016-11-21 14:51:12ID: BB  Data: 00 00 00 AA 00 00 00 00 
"
"2016-11-21 14:51:12ID: BC  Data: 00 00 00 AA 00 00 00 00 
"
"2016-11-21 14:51:12ID: BB  Data: 00 00 00 AA 00 00 00 00 
"
"2016-11-21 14:51:12ID: BC  Data: 00 00 00 AA 00 00 00 00 
"
"2016-11-21 14:51:12ID: BB  Data: 00 00 00 AA 00 00 00 00 
"
"2016-11-21 14:51:12ID: BC  Data: 00 00 00 AA 00 00 00 00 
"
"2016-11-21 14:51:12ID: BB  Data: 00 00 00 AA 00 00 00 00 
"
"2016-11-21 14:51:12ID: BC  Data: 00 00 00 AA 00 00 00 00 
"
"2016-11-21 14:51:12ID: BB  Data: 00 00 00 AA 00 00 00 00 
"
"2016-11-21 14:51:12ID: BC  Data: 00 00 00 AA 00 00 00 00 
"
"2016-11-21 14:51:12ID: BB  Data: 00 00 00 AA 00 00 00 00 
"
"2016-11-21 14:51:12ID: BC  Data: 00 00 00 AA 00 00 00 00 
"
"2016-11-21 14:51:12ID: BB  Data: 00 00 00 AA 00 00 00 00 
"
"2016-11-21 14:51:12ID: BC  Data: 00 00 00 AA 00 00 00 00 
"
"2016-11-21 14:51:12ID: BB  Data: 00 00 00 AA 00 00 00 00 
"
"2016-11-21 14:51:13ID: BC  Data: 00 00 00 AA 00 00 00 00 
"
"2016-11-21 14:51:13ID: BB  Data: 00 00 00 AA 00 00 00 00 
"
"2016-11-21 14:51:13ID: BC  Data: 00 00 00 AA 00 00 00 00 
"
"2016-11-21 14:51:13ID: BB  Data: 00 00 00 AA 00 00 00 00 
"
"2016-11-21 14:51:13ID: BC  Data: 00 00 00 AA 00 00 00 00 
"
"2016-11-21 14:51:13ID: BB  Data: 00 00 00 AA 00 00 00 00 
"
"2016-11-21 14:51:13ID: BC  Data: 00 00 00 AA 00 00 00 00 
"
"2016-11-21 14:51:13ID: BB  Data: 00 00 00 AA 00 00 00 00 
"
"2016-11-21 14:51:13ID: BC  Data: 00 00 00 AA 00 00 00 00 
"
"2016-11-21 14:51:13ID: BB  Data: 00 00 00 AA 00 00 00 00 
"
"2016-11-21 14:51:13ID: BC  Data: 00 00 00 AA 00 00 00 00 
"
"2016-11-21 14:51:13ID: BB  Data: 00 00 00 AA 00 00 00 00 
"
"2016-11-21 14:51:13ID: BC  Data: 00 00 00 AA 00 00 00 00 
"
"2016-11-21 14:51:13ID: BB  Data: 00 00 00 AA 00 00 00 00 
"
"2016-11-21 14:51:13ID: BC  Data: 00 00 00 AA 00 00 00 00 
"
"2016-11-21 14:51:13ID: BB  Data: 00 00 00 AA 00 00 00 00 
"
"2016-11-21 14:51:13ID: BC  Data: 00 00 00 AA 00 00 00 00 
"
"2016-11-21 14:51:13ID: BB  Data: 00 00 00 AA 00 00 00 00 
"
"2016-11-21 14:51:13ID: BC  Data: 00 00 00 AA 00 00 00 00 
"
"2016-11-21 14:51:13ID: BB  Data: 00 00 00 AA 00 00 00 00 
"
"2016-11-21 14:51:13ID: BC  Data: 00 00 00 AA 00 00 00 00 
"
"2016-11-21 14:51:13ID: BB  Data: 00 00 00 AA 00 00 00 00 
"
"2016-11-21 14:51:13ID: BC  Data: 00 00 00 AA 00 00 00 00 
"
"2016-11-21 14:51:14ID: BB  Data: 00 00 00 AA 00 00 00 00 
"
"2016-11-21 14:51:14ID: BC  Data: 00 00 00 AA 00 00 00 00 
"
"2016-11-21 14:51:14ID: BB  Data: 00 00 00 AA 00 00 00 00 
"
"2016-11-21 14:51:14ID: BC  Data: 00 00 00 AA 00 00 00 00 
"
"2016-11-21 14:51:14ID: BB  Data: 00 00 00 AA 00 00 00 00 
"
"2016-11-21 14:51:14ID: BC  Data: 00 00 00 AA 00 00 00 00 
"
"2016-11-21 14:51:14ID: BB  Data: 00 00 00 AA 00 00 00 00 
"
"2016-11-21 14:51:14ID: BC  Data: 00 00 00 AA 00 00 00 00 
"
"2016-11-21 14:51:14ID: BB  Data: 00 00 00 AA 00 00 00 00 
"
"2016-11-21 14:51:14ID: BC  Data: 00 00 00 AA 00 00 00 00 
"
"2016-11-21 14:51:14ID: BB  Data: 00 00 00 AA 00 00 00 00 
"
"2016-11-21 14:51:14ID: BC  Data: 00 00 00 AA 00 00 00 00 
"
"2016-11-21 14:51:14ID: BB  Data: 00 00 00 AA 00 00 00 00 
"
"2016-11-21 14:51:14ID: BC  Data: 00 00 00 AA 00 00 00 00 
"
"2016-11-21 14:51:14ID: BB  Data: 00 00 00 AA 00 00 00 00 
"
"2016-11-21 14:51:14ID: BC  Data: 00 00 00 AA 00 00 00 00 
"
"2016-11-21 14:51:14ID: BB  Data: 00 00 00 AA 00 00 00 00 
"
"2016-11-21 14:51:14ID: BC  Data: 00 00 00 AA 00 00 00 00 
"
"2016-11-21 14:51:14ID: BB  Data: 00 00 00 AA 00 00 00 00 
"
"2016-11-21 14:51:14ID: BC  Data: 00 00 00 AA 00 00 00 00 
"
"2016-11-21 14:51:14ID: BB  Data: 00 00 00 AA 00 00 00 00 
"
"2016-11-21 14:51:14ID: BC  Data: 00 00 00 AA 00 00 00 00 
"
"2016-11-21 14:51:15ID: BB  Data: 00 00 00 AA 00 00 00 00 
"
"2016-11-21 14:51:15ID: BC  Data: 00 00 00 AA 00 00 00 00 
"
"2016-11-21 14:51:15ID: BB  Data: 00 00 00 AA 00 00 00 00 
"
"2016-11-21 14:51:15ID: BC  Data: 00 00 00 AA 00 00 00 00 
"
"2016-11-21 14:51:15ID: BB  Data: 00 00 00 AA 00 00 00 00 
"
"2016-11-21 14:51:15ID: BC  Data: 00 00 00 AA 00 00 00 00 
"
"2016-11-21 14:51:15ID: BB  Data: 00 00 00 AA 00 00 00 00 
"
"2016-11-21 14:51:15ID: BC  Data: 00 00 00 AA 00 00 00 00 
"
"2016-11-21 14:51:15ID: BB  Data: 00 00 00 AA 00 00 00 00 
"
"2016-11-21 14:51:15ID: BC  Data: 00 00 00 AA 00 00 00 00 
"
"2016-11-21 14:51:15ID: BB  Data: 00 00 00 AA 00 00 00 00 
"
"2016-11-21 14:51:15ID: BC  Data: 00 00 00 AA 00 00 00 00 
"
"2016-11-21 14:51:15ID: BB  Data: 00 00 00 AA 00 00 00 00 
"
"2016-11-21 14:51:15ID: BC  Data: 00 00 00 AA 00 00 00 00 
"
"2016-11-21 14:51:15ID: BB  Data: 00 00 00 AA 00 00 00 00 
"
"2016-11-21 14:51:15ID: BC  Data: 00 00 00 AA 00 00 00 00 
"
"2016-11-21 14:51:15ID: BB  Data: 00 00 00 AA 00 00 00 00 
"
"2016-11-21 14:51:15ID: BC  Data: 00 00 00 AA 00 00 00 00 
"
"2016-11-21 14:51:15ID: BB  Data: 00 00 00 AA 00 00 00 00 
"
"2016-11-21 14:51:15ID: BC  Data: 00 00 00 AA 00 00 00 00 
"
"2016-11-21 14:51:15ID: BB  Data: 00 00 00 AA 00 00 00 00 
"
"2016-11-21 14:51:15ID: BC  Data: 00 00 00 AA 00 00 00 00 
"
"2016-11-21 14:51:15ID: BB  Data: 00 00 00 AA 00 00 00 00 
"
"2016-11-21 14:51:15ID: BC  Data: 00 00 00 AA 00 00 00 00 
"
"2016-11-21 14:51:16ID: BB  Data: 00 00 00 AA 00 00 00 00 
"
"2016-11-21 14:51:16ID: BC  Data: 00 00 00 AA 00 00 00 00 
"
"2016-11-21 14:51:16ID: BB  Data: 00 00 00 AA 00 00 00 00 
"
"2016-11-21 14:51:16ID: BC  Data: 00 00 00 AA 00 00 00 00 
"
"2016-11-21 14:51:16ID: BB  Data: 00 00 00 AA 00 00 00 00 
"
"2016-11-21 14:51:16ID: BC  Data: 00 00 00 AA 00 00 00 00 
"
"2016-11-21 14:51:16ID: BB  Data: 00 00 00 AA 00 00 00 00 
"
"2016-11-21 14:51:16ID: BC  Data: 00 00 00 AA 00 00 00 00 
"
"2016-11-21 14:51:16ID: BB  Data: 00 00 00 AA 00 00 00 00 
"
"2016-11-21 14:51:16ID: BC  Data: 00 00 00 AA 00 00 00 00 
"
"2016-11-21 14:51:16ID: BB  Data: 00 00 00 AA 00 00 00 00 
"
"2016-11-21 14:51:16ID: BC  Data: 00 00 00 AA 00 00 00 00 
"
"2016-11-21 14:51:16ID: BB  Data: 00 00 00 AA 00 00 00 00 
"
"2016-11-21 14:51:16ID: BC  Data: 00 00 00 AA 00 00 00 00 
"
"2016-11-21 14:51:16ID: BB  Data: 00 00 00 AA 00 00 00 00 
"
"2016-11-21 14:51:16ID: BC  Data: 00 00 00 AA 00 00 00 00 
"
"2016-11-21 14:51:16ID: BB  Data: 00 00 00 AA 00 00 00 00 
"
"2016-11-21 14:51:16ID: BC  Data: 00 00 00 AA 00 00 00 00 
"
"2016-11-21 14:51:16ID: BB  Data: 00 00 00 AA 00 00 00 00 
"
"2016-11-21 14:51:16ID: BC  Data: 00 00 00 AA 00 00 00 00 
"
"2016-11-21 14:51:16ID: BB  Data: 00 00 00 AA 00 00 00 00 
"
"2016-11-21 14:51:16ID: BC  Data: 00 00 00 AA 00 00 00 00 
"
"2016-11-21 14:51:17ID: BB  Data: 00 00 00 AA 00 00 00 00 
"
"2016-11-21 14:51:17ID: BC  Data: 00 00 00 AA 00 00 00 00 
"
"2016-11-21 14:51:17ID: BB  Data: 00 00 00 AA 00 00 00 00 
"
"2016-11-21 14:51:17ID: BC  Data: 00 00 00 AA 00 00 00 00 
"
"2016-11-21 14:51:17ID: BB  Data: 00 00 00 AA 00 00 00 00 
"
"2016-11-21 14:51:17ID: BC  Data: 00 00 00 AA 00 00 00 00 
"
"2016-11-21 14:51:17ID: BB  Data: 00 00 00 AA 00 00 00 00 
"
"2016-11-21 14:51:17ID: BC  Data: 00 00 00 AA 00 00 00 00 
"
"2016-11-21 14:51:17ID: BB  Data: 00 00 00 AA 00 00 00 00 
"
"2016-11-21 14:51:17ID: BC  Data: 00 00 00 AA 00 00 00 00 
"
"2016-11-21 14:51:17ID: BB  Data: 00 00 00 AA 00 00 00 00 
"
"2016-11-21 14:51:17ID: BC  Data: 00 00 00 AA 00 00 00 00 
"
"2016-11-21 14:51:17ID: BB  Data: 00 00 00 AA 00 00 00 00 
"
"2016-11-21 14:51:17ID: BC  Data: 00 00 00 AA 00 00 00 00 
"
"2016-11-21 14:51:17ID: BB  Data: 00 00 00 AA 00 00 00 00 
"
"2016-11-21 14:51:17ID: BC  Data: 00 00 00 AA 00 00 00 00 
"
"2016-11-21 14:51:17ID: BB  Data: 00 00 00 AA 00 00 00 00 
"
"2016-11-21 14:51:17ID: BC  Data: 00 00 00 AA 00 00 00 00 
"
"2016-11-21 14:51:17ID: BB  Data: 00 00 00 AA 00 00 00 00 
"
"2016-11-21 14:51:17ID: BC  Data: 00 00 00 AA 00 00 00 00 
"
"2016-11-21 14:51:17ID: BB  Data: 00 00 00 AA 00 00 00 00 
"
"2016-11-21 14:51:17ID: BC  Data: 00 00 00 AA 00 00 00 00 
"
"2016-11-21 14:51:18ID: BB  Data: 00 00 00 AA 00 00 00 00 
"
"2016-11-21 14:51:18ID: BC  Data: 00 00 00 AA 00 00 00 00 
"
"2016-11-21 14:51:18ID: BB  Data: 00 00 00 AA 00 00 00 00 
"
"2016-11-21 14:51:18ID: BC  Data: 00 00 00 AA 00 00 00 00 
"
"2016-11-21 14:51:18ID: BB  Data: 00 00 00 AA 00 00 00 00 
"
"2016-11-21 14:51:18ID: BC  Data: 00 00 00 AA 00 00 00 00 
"
"2016-11-21 14:51:18ID: BB  Data: 00 00 00 AA 00 00 00 00 
"
"2016-11-21 14:51:18ID: BC  Data: 00 00 00 AA 00 00 00 00 
"
"2016-11-21 14:51:18ID: BB  Data: 00 00 00 AA 00 00 00 00 
"
"2016-11-21 14:51:18ID: BC  Data: 00 00 00 AA 00 00 00 00 
"
"2016-11-21 14:51:18ID: BB  Data: 00 00 00 AA 00 00 00 00 
"
"2016-11-21 14:51:18ID: BC  Data: 00 00 00 AA 00 00 00 00 
"
"2016-11-21 14:51:18ID: BB  Data: 00 00 00 AA 00 00 00 00 
"
"2016-11-21 14:51:18ID: BC  Data: 00 00 00 AA 00 00 00 00 
"
"2016-11-21 14:51:18ID: BB  Data: 00 00 00 AA 00 00 00 00 
"
"2016-11-21 14:51:18ID: BC  Data: 00 00 00 AA 00 00 00 00 
"
"2016-11-21 14:51:18ID: BB  Data: 00 00 00 AA 00 00 00 00 
"
"2016-11-21 14:51:18ID: BC  Data: 00 00 00 AA 00 00 00 00 
"
"2016-11-21 14:51:18ID: BB  Data: 00 00 00 AA 00 00 00 00 
"
"2016-11-21 14:51:18ID: BC  Data: 00 00 00 AA 00 00 00 00 
"
"2016-11-21 14:51:18ID: BB  Data: 00 00 00 AA 00 00 00 00 
"
"2016-11-21 14:51:18ID: BC  Data: 00 00 00 AA 00 00 00 00 
"
"2016-11-21 14:51:18ID: BB  Data: 00 00 00 AA 00 00 00 00 
"
"2016-11-21 14:51:18ID: BC  Data: 00 00 00 AA 00 00 00 00 
"
"2016-11-21 14:51:19ID: BB  Data: 00 00 00 AA 00 00 00 00 
"
"2016-11-21 14:51:19ID: BC  Data: 00 00 00 AA 00 00 00 00 
"
"2016-11-21 14:51:19ID: BB  Data: 00 00 00 AA 00 00 00 00 
"
"2016-11-21 14:51:19ID: BC  Data: 00 00 00 AA 00 00 00 00 
"
"2016-11-21 14:51:19ID: BB  Data: 00 00 00 AA 00 00 00 00 
"
"2016-11-21 14:51:19ID: BC  Data: 00 00 00 AA 00 00 00 00 
"
"2016-11-21 14:51:19ID: BB  Data: 00 00 00 AA 00 00 00 00 
"
"2016-11-21 14:51:19ID: BC  Data: 00 00 00 AA 00 00 00 00 
"
"2016-11-21 14:51:19ID: BB  Data: 00 00 00 AA 00 00 00 00 
"
"2016-11-21 14:51:19ID: BC  Data: 00 00 00 AA 00 00 00 00 
"
"2016-11-21 14:51:19ID: BB  Data: 00 00 00 AA 00 00 00 00 
"
"2016-11-21 14:51:19ID: BC  Data: 00 00 00 AA 00 00 00 00 
"
"2016-11-21 14:51:19ID: BB  Data: 00 00 00 AA 00 00 00 00 
"
"2016-11-21 14:51:19ID: BC  Data: 00 00 00 AA 00 00 00 00 
"
"2016-11-21 14:51:19ID: BB  Data: 00 00 00 AA 00 00 00 00 
"
"2016-11-21 14:51:19ID: BC  Data: 00 00 00 AA 00 00 00 00 
"
"2016-11-21 14:51:19ID: BB  Data: 00 00 00 AA 00 00 00 00 
"
"2016-11-21 14:51:19ID: BC  Data: 00 00 00 AA 00 00 00 00 
"
"2016-11-21 14:51:19ID: BB  Data: 00 00 00 AA 00 00 00 00 
"
"2016-11-21 14:51:19ID: BC  Data: 00 00 00 AA 00 00 00 00 
"
"2016-11-21 14:51:19ID: BB  Data: 00 00 00 AA 00 00 00 00 
"
"2016-11-21 14:51:19ID: BC  Data: 00 00 00 AA 00 00 00 00 
"
"2016-11-21 14:51:20ID: BB  Data: 00 00 00 AA 00 00 00 00 
"
"2016-11-21 14:51:20ID: BC  Data: 00 00 00 AA 00 00 00 00 
"
"2016-11-21 14:51:20ID: BB  Data: 00 00 00 AA 00 00 00 00 
"
"2016-11-21 14:51:20ID: BC  Data: 00 00 00 AA 00 00 00 00 
"
"2016-11-21 14:51:20ID: BB  Data: 00 00 00 AA 00 00 00 00 
"
"2016-11-21 14:51:20ID: BC  Data: 00 00 00 AA 00 00 00 00 
"
"2016-11-21 14:51:20ID: BB  Data: 00 00 00 AA 00 00 00 00 
"
"2016-11-21 14:51:20ID: BC  Data: 00 00 00 AA 00 00 00 00 
"
"2016-11-21 14:51:20ID: BB  Data: 00 00 00 AA 00 00 00 00 
"
"2016-11-21 14:51:20ID: BC  Data: 00 00 00 AA 00 00 00 00 
"
"2016-11-21 14:51:20ID: BB  Data: 00 00 00 AA 00 00 00 00 
"
"2016-11-21 14:51:20ID: BC  Data: 00 00 00 AA 00 00 00 00 
"
"2016-11-21 14:51:20ID: BB  Data: 00 00 00 AA 00 00 00 00 
"
"2016-11-21 14:51:20ID: BC  Data: 00 00 00 AA 00 00 00 00 
"
"2016-11-21 14:51:20ID: BB  Data: 00 00 00 AA 00 00 00 00 
"
"2016-11-21 14:51:20ID: BC  Data: 00 00 00 AA 00 00 00 00 
"
"2016-11-21 14:51:20ID: BB  Data: 00 00 00 AA 00 00 00 00 
"
"2016-11-21 14:51:20ID: BC  Data: 00 00 00 AA 00 00 00 00 
"
"2016-11-21 14:51:20ID: BB  Data: 00 00 00 AA 00 00 00 00 
"
"2016-11-21 14:51:20ID: BC  Data: 00 00 00 AA 00 00 00 00 
"
"2016-11-21 14:51:20ID: BB  Data: 00 00 00 AA 00 00 00 00 
"
"2016-11-21 14:51:20ID: BC  Data: 00 00 00 AA 00 00 00 00 
"
"2016-11-21 14:51:20ID: BB  Data: 00 00 00 AA 00 00 00 00 
"
"2016-11-21 14:51:21ID: BC  Data: 00 00 00 AA 00 00 00 00 
"
"2016-11-21 14:51:21ID: BB  Data: 00 00 00 AA 00 00 00 00 
"
"2016-11-21 14:51:21ID: BC  Data: 00 00 00 AA 00 00 00 00 
"
"2016-11-21 14:51:21ID: BB  Data: 00 00 00 AA 00 00 00 00 
"
"2016-11-21 14:51:21ID: BC  Data: 00 00 00 AA 00 00 00 00 
"
"2016-11-21 14:51:21ID: BB  Data: 00 00 00 AA 00 00 00 00 
"
"2016-11-21 14:51:21ID: BC  Data: 00 00 00 AA 00 00 00 00 
"
"2016-11-21 14:51:21ID: BB  Data: 00 00 00 AA 00 00 00 00 
"
"2016-11-21 14:51:21ID: BC  Data: 00 00 00 AA 00 00 00 00 
"
"2016-11-21 14:51:21ID: BB  Data: 00 00 00 AA 00 00 00 00 
"
"2016-11-21 14:51:21ID: BC  Data: 00 00 00 AA 00 00 00 00 
"
"2016-11-21 14:51:21ID: BB  Data: 00 00 00 AA 00 00 00 00 
"
"2016-11-21 14:51:21ID: BC  Data: 00 00 00 AA 00 00 00 00 
"
"2016-11-21 14:51:21ID: BB  Data: 00 00 00 AA 00 00 00 00 
"
"2016-11-21 14:51:21ID: BC  Data: 00 00 00 AA 00 00 00 00 
"
"2016-11-21 14:51:21ID: BB  Data: 00 00 00 AA 00 00 00 00 
"
"2016-11-21 14:51:21ID: BC  Data: 00 00 00 AA 00 00 00 00 
"
"2016-11-21 14:51:21ID: BB  Data: 00 00 00 AA 00 00 00 00 
"
"2016-11-21 14:51:21ID: BC  Data: 00 00 00 AA 00 00 00 00 
"
"2016-11-21 14:51:21ID: BB  Data: 00 00 00 AA 00 00 00 00 
"
"2016-11-21 14:51:21ID: BC  Data: 00 00 00 AA 00 00 00 00 
"
"2016-11-21 14:51:21ID: BB  Data: 00 00 00 AA 00 00 00 00 
"
"2016-11-21 14:51:21ID: BC  Data: 00 00 00 AA 00 00 00 00 
"
"2016-11-21 14:51:22ID: BB  Data: 00 00 00 AA 00 00 00 00 
"
"2016-11-21 14:51:22ID: BC  Data: 00 00 00 AA 00 00 00 00 
"
"2016-11-21 14:51:22ID: BB  Data: 00 00 00 AA 00 00 00 00 
"
"2016-11-21 14:51:22ID: BC  Data: 00 00 00 AA 00 00 00 00 
"
"2016-11-21 14:51:22ID: BB  Data: 00 00 00 AA 00 00 00 00 
"
"2016-11-21 14:51:22ID: BC  Data: 00 00 00 AA 00 00 00 00 
"
"2016-11-21 14:51:22ID: BB  Data: 00 00 00 AA 00 00 00 00 
"
"2016-11-21 14:51:22ID: BC  Data: 00 00 00 AA 00 00 00 00 
"
"2016-11-21 14:51:22ID: BB  Data: 00 00 00 AA 00 00 00 00 
"
"2016-11-21 14:51:22ID: BC  Data: 00 00 00 AA 00 00 00 00 
"
"2016-11-21 14:51:22ID: BB  Data: 00 00 00 AA 00 00 00 00 
"
"2016-11-21 14:51:22ID: BC  Data: 00 00 00 AA 00 00 00 00 
"
"2016-11-21 14:51:22ID: BB  Data: 00 00 00 AA 00 00 00 00 
"
"2016-11-21 14:51:22ID: BC  Data: 00 00 00 AA 00 00 00 00 
"
"2016-11-21 14:51:22ID: BB  Data: 00 00 00 AA 00 00 00 00 
"
"2016-11-21 14:51:22ID: BC  Data: 00 00 00 AA 00 00 00 00 
"
"2016-11-21 14:51:22ID: BB  Data: 00 00 00 AA 00 00 00 00 
"
"2016-11-21 14:51:22ID: BC  Data: 00 00 00 AA 00 00 00 00 
"
"2016-11-21 14:51:22ID: BB  Data: 00 00 00 AA 00 00 00 00 
"
"2016-11-21 14:51:22ID: BC  Data: 00 00 00 AA 00 00 00 00 
"
"2016-11-21 14:51:22ID: BB  Data: 00 00 00 AA 00 00 00 00 
"
"2016-11-21 14:51:22ID: BC  Data: 00 00 00 AA 00 00 00 00 
"
"2016-11-21 14:51:23ID: BB  Data: 00 00 00 AA 00 00 00 00 
"
"2016-11-21 14:51:23ID: BC  Data: 00 00 00 AA 00 00 00 00 
"
"2016-11-21 14:51:23ID: BB  Data: 00 00 00 AA 00 00 00 00 
"
"2016-11-21 14:51:23ID: BC  Data: 00 00 00 AA 00 00 00 00 
"
"2016-11-21 14:51:23ID: BB  Data: 00 00 00 AA 00 00 00 00 
"
"2016-11-21 14:51:23ID: BC  Data: 00 00 00 AA 00 00 00 00 
"
"2016-11-21 14:51:23ID: BB  Data: 00 00 00 AA 00 00 00 00 
"
"2016-11-21 14:51:23ID: BC  Data: 00 00 00 AA 00 00 00 00 
"
"2016-11-21 14:51:23ID: BB  Data: 00 00 00 AA 00 00 00 00 
"
"2016-11-21 14:51:23ID: BC  Data: 00 00 00 AA 00 00 00 00 
"
"2016-11-21 14:51:23ID: BB  Data: 00 00 00 AA 00 00 00 00 
"
"2016-11-21 14:51:23ID: BC  Data: 00 00 00 AA 00 00 00 00 
"
"2016-11-21 14:51:23ID: BB  Data: 00 00 00 AA 00 00 00 00 
"
"2016-11-21 14:51:23ID: BC  Data: 00 00 00 AA 00 00 00 00 
"
"2016-11-21 14:51:23ID: BB  Data: 00 00 00 AA 00 00 00 00 
"
"2016-11-21 14:51:23ID: BC  Data: 00 00 00 AA 00 00 00 00 
"
"2016-11-21 14:51:23ID: BB  Data: 00 00 00 AA 00 00 00 00 
"
"2016-11-21 14:51:23ID: BC  Data: 00 00 00 AA 00 00 00 00 
"
"2016-11-21 14:51:23ID: BB  Data: 00 00 00 AA 00 00 00 00 
"
"2016-11-21 14:51:23ID: BC  Data: 00 00 00 AA 00 00 00 00 
"
"2016-11-21 14:51:23ID: BB  Data: 00 00 00 AA 00 00 00 00 
"
"2016-11-21 14:51:23ID: BC  Data: 00 00 00 AA 00 00 00 00 
"
"2016-11-21 14:51:23ID: BB  Data: 00 00 00 AA 00 00 00 00 
"
"2016-11-21 14:51:23ID: BC  Data: 00 00 00 AA 00 00 00 00 
"
"2016-11-21 14:51:24ID: BB  Data: 00 00 00 AA 00 00 00 00 
"
"2016-11-21 14:51:24ID: BC  Data: 00 00 00 AA 00 00 00 00 
"
"2016-11-21 14:51:24ID: BB  Data: 00 00 00 AA 00 00 00 00 
"
"2016-11-21 14:51:24ID: BC  Data: 00 00 00 AA 00 00 00 00 
"
"2016-11-21 14:51:24ID: BB  Data: 00 00 00 AA 01 A5 C7 9E 
"
"2016-11-21 14:51:24ID: BC  Data: 00 00 00 AA FE 5A 38 62 
"
"2016-11-21 14:51:24ID: BB  Data: 00 00 00 AA 04 A4 D7 09 
"
"2016-11-21 14:51:24ID: BC  Data: 00 00 00 AA FB 5B 28 F7 
"
"2016-11-21 14:51:24ID: BB  Data: 00 00 00 AA 06 8F 99 C4 
"
"2016-11-21 14:51:24ID: BC  Data: 00 00 00 AA F9 70 66 3C 
"
"2016-11-21 14:51:24ID: BB  Data: 00 00 00 AA 07 DB 28 FE 
"
"2016-11-21 14:51:24ID: BC  Data: 00 00 00 AA F8 24 D7 02 
"
"2016-11-21 14:51:24ID: BB  Data: 00 00 00 AA 08 66 A0 29 
"
"2016-11-21 14:51:24ID: BC  Data: 00 00 00 AA F7 99 5F D7 
"
"2016-11-21 14:51:24ID: BB  Data: 00 00 00 AA 08 6D 34 45 
"
"2016-11-21 14:51:24ID: BC  Data: 00 00 00 AA F7 92 CB BB 
"
"2016-11-21 14:51:24ID: BB  Data: 00 00 00 AA 08 93 5C 1E 
"
"2016-11-21 14:51:24ID: BC  Data: 00 00 00 AA F7 6C A3 E2 
"
"2016-11-21 14:51:24ID: BB  Data: 00 00 00 AA 08 90 BA 79 
"
"2016-11-21 14:51:24ID: BC  Data: 00 00 00 AA F7 6F 45 87 
"
"2016-11-21 14:51:24ID: BB  Data: 00 00 00 AA 08 8A 26 5D 
"
"2016-11-21 14:51:24ID: BC  Data: 00 00 00 AA F7 75 D9 A3 
"
"2016-11-21 14:51:25ID: BB  Data: 00 00 00 AA 08 7B AD 51 
"
"2016-11-21 14:51:25ID: BC  Data: 00 00 00 AA F7 84 52 AF 
"
"2016-11-21 14:51:25ID: BB  Data: 00 00 00 AA 08 2E 0C CC 
"
"2016-11-21 14:51:25ID: BC  Data: 00 00 00 AA F7 D1 F3 34 
"
"2016-11-21 14:51:25ID: BB  Data: 00 00 00 AA 07 B5 01 25 
"
"2016-11-21 14:51:25ID: BC  Data: 00 00 00 AA F8 4A FE DB 
"
"2016-11-21 14:51:25ID: BB  Data: 00 00 00 AA 07 D5 E5 B4 
"
"2016-11-21 14:51:25ID: BC  Data: 00 00 00 AA F8 2A 1A 4C 
"
"2016-11-21 14:51:25ID: BB  Data: 00 00 00 AA 08 05 43 4E 
"
"2016-11-21 14:51:25ID: BC  Data: 00 00 00 AA F7 FA BC B2 
"
"2016-11-21 14:51:25ID: BB  Data: 00 00 00 AA 08 5A C8 C2 
"
"2016-11-21 14:51:25ID: BC  Data: 00 00 00 AA F7 A5 37 3E 
"
"2016-11-21 14:51:25ID: BB  Data: 00 00 00 AA 08 7B AD 51 
"
"2016-11-21 14:51:25ID: BC  Data: 00 00 00 AA F7 84 52 AF 
"
"2016-11-21 14:51:25ID: BB  Data: 00 00 00 AA 08 79 0B AC 
"
"2016-11-21 14:51:25ID: BC  Data: 00 00 00 AA F7 86 F4 54 
"
"2016-11-21 14:51:25ID: BB  Data: 00 00 00 AA 08 73 C8 62 
"
"2016-11-21 14:51:25ID: BC  Data: 00 00 00 AA F7 8C 37 9E 
"
"2016-11-21 14:51:25ID: BB  Data: 00 00 00 AA 08 75 19 34 
"
"2016-11-21 14:51:25ID: BC  Data: 00 00 00 AA F7 8A E6 CC 
"
"2016-11-21 14:51:25ID: BB  Data: 00 00 00 AA 08 76 6A 07 
"
"2016-11-21 14:51:25ID: BC  Data: 00 00 00 AA F7 89 95 F9 
"
"2016-11-21 14:51:26ID: BB  Data: 00 00 00 AA 08 75 19 34 
"
"2016-11-21 14:51:26ID: BC  Data: 00 00 00 AA F7 8A E6 CC 
"
"2016-11-21 14:51:26ID: BB  Data: 00 00 00 AA 08 73 C8 62 
"
"2016-11-21 14:51:26ID: BC  Data: 00 00 00 AA F7 8C 37 9E 
"
"2016-11-21 14:51:26ID: BB  Data: 00 00 00 AA 08 72 77 8F 
"
"2016-11-21 14:51:26ID: BC  Data: 00 00 00 AA F7 8D 88 71 
"
"2016-11-21 14:51:26ID: BB  Data: 00 00 00 AA 08 6D 34 45 
"
"2016-11-21 14:51:26ID: BC  Data: 00 00 00 AA F7 92 CB BB 
"
"2016-11-21 14:51:26ID: BB  Data: 00 00 00 AA 08 6B E3 73 
"
"2016-11-21 14:51:26ID: BC  Data: 00 00 00 AA F7 94 1C 8D 
"
"2016-11-21 14:51:26ID: BB  Data: 00 00 00 AA 08 6A 92 A0 
"
"2016-11-21 14:51:26ID: BC  Data: 00 00 00 AA F7 95 6D 60 
"
"2016-11-21 14:51:26ID: BB  Data: 00 00 00 AA 08 6A 92 A0 
"
"2016-11-21 14:51:26ID: BC  Data: 00 00 00 AA F7 95 6D 60 
"
"2016-11-21 14:51:26ID: BB  Data: 00 00 00 AA 08 62 AD B1 
"
"2016-11-21 14:51:26ID: BC  Data: 00 00 00 AA F7 9D 52 4F 
"
"2016-11-21 14:51:26ID: BB  Data: 00 00 00 AA 08 63 FE 84 
"
"2016-11-21 14:51:26ID: BC  Data: 00 00 00 AA F7 9C 01 7C 
"
"2016-11-21 14:51:26ID: BB  Data: 00 00 00 AA 08 62 AD B1 
"
"2016-11-21 14:51:26ID: BC  Data: 00 00 00 AA F7 9D 52 4F 
"
"2016-11-21 14:51:26ID: BB  Data: 00 00 00 AA 08 67 F0 FB 
"
"2016-11-21 14:51:26ID: BC  Data: 00 00 00 AA F7 98 0F 05 
"
"2016-11-21 14:51:26ID: BB  Data: 00 00 00 AA 08 6A 92 A0 
"
"2016-11-21 14:51:26ID: BC  Data: 00 00 00 AA F7 95 6D 60 
"
"2016-11-21 14:51:27ID: BB  Data: 00 00 00 AA 08 72 77 8F 
"
"2016-11-21 14:51:27ID: BC  Data: 00 00 00 AA F7 8D 88 71 
"
"2016-11-21 14:51:27ID: BB  Data: 00 00 00 AA 08 AB 0A EC 
"
"2016-11-21 14:51:27ID: BC  Data: 00 00 00 AA F7 54 F5 14 
"
"2016-11-21 14:51:27ID: BB  Data: 00 00 00 AA 09 AA 4A 74 
"
"2016-11-21 14:51:27ID: BC  Data: 00 00 00 AA F6 55 B5 8C 
"
"2016-11-21 14:51:27ID: BB  Data: 00 00 00 AA 09 D1 C3 1F 
"
"2016-11-21 14:51:27ID: BC  Data: 00 00 00 AA F6 2E 3C E1 
"
"2016-11-21 14:51:27ID: BB  Data: 00 00 00 AA 09 D3 13 F2 
"
"2016-11-21 14:51:27ID: BC  Data: 00 00 00 AA F6 2C EC 0E 
"
"2016-11-21 14:51:27ID: BB  Data: 00 00 00 AA 09 F6 9A 26 
"
"2016-11-21 14:51:27ID: BC  Data: 00 00 00 AA F6 09 65 DA 
"
"2016-11-21 14:51:27ID: BB  Data: 00 00 00 AA 0A 28 99 65 
"
"2016-11-21 14:51:27ID: BC  Data: 00 00 00 AA F5 D7 66 9B 
"
"2016-11-21 14:51:27ID: BB  Data: 00 00 00 AA 0A 76 39 EA 
"
"2016-11-21 14:51:27ID: BC  Data: 00 00 00 AA F5 89 C6 16 
"
"2016-11-21 14:51:27ID: BB  Data: 00 00 00 AA 0B 44 CB 05 
"
"2016-11-21 14:51:27ID: BC  Data: 00 00 00 AA F4 BB 34 FB 
"
"2016-11-21 14:51:27ID: BB  Data: 00 00 00 AA 0B 75 79 72 
"
"2016-11-21 14:51:27ID: BC  Data: 00 00 00 AA F4 8A 86 8E 
"
"2016-11-21 14:51:27ID: BB  Data: 00 00 00 AA 0B 76 CA 45 
"
"2016-11-21 14:51:27ID: BC  Data: 00 00 00 AA F4 89 35 BB 
"
"2016-11-21 14:51:28ID: BB  Data: 00 00 00 AA 0B 72 D7 CD 
"
"2016-11-21 14:51:28ID: BC  Data: 00 00 00 AA F4 8D 28 33 
"
"2016-11-21 14:51:28ID: BB  Data: 00 00 00 AA 0B 72 D7 CD 
"
"2016-11-21 14:51:28ID: BC  Data: 00 00 00 AA F4 8D 28 33 
"
"2016-11-21 14:51:28ID: BB  Data: 00 00 00 AA 0B 83 F2 7E 
"
"2016-11-21 14:51:28ID: BC  Data: 00 00 00 AA F4 7C 0D 82 
"
"2016-11-21 14:51:28ID: BB  Data: 00 00 00 AA 0B D6 D6 4C 
"
"2016-11-21 14:51:28ID: BC  Data: 00 00 00 AA F4 29 29 B4 
"
"2016-11-21 14:51:28ID: BB  Data: 00 00 00 AA 0B DD 6A 69 
"
"2016-11-21 14:51:28ID: BC  Data: 00 00 00 AA F4 22 95 97 
"
"2016-11-21 14:51:28ID: BB  Data: 00 00 00 AA 0B DD 6A 69 
"
"2016-11-21 14:51:28ID: BC  Data: 00 00 00 AA F4 22 95 97 
"
"2016-11-21 14:51:28ID: BB  Data: 00 00 00 AA 0B EE 85 1A 
"
"2016-11-21 14:51:28ID: BC  Data: 00 00 00 AA F4 11 7A E6 
"
"2016-11-21 14:51:28ID: BB  Data: 00 00 00 AA 0C 5E 5B 00 
"
"2016-11-21 14:51:28ID: BC  Data: 00 00 00 AA F3 A1 A5 00 
"
"2016-11-21 14:51:28ID: BB  Data: 00 00 00 AA 0C B6 82 18 
"
"2016-11-21 14:51:28ID: BC  Data: 00 00 00 AA F3 49 7D E8 
"
"2016-11-21 14:51:28ID: BB  Data: 00 00 00 AA 0C F9 9C 09 
"
"2016-11-21 14:51:28ID: BC  Data: 00 00 00 AA F3 06 63 F7 
"
"2016-11-21 14:51:28ID: BB  Data: 00 00 00 AA 0D 98 CF 89 
"
"2016-11-21 14:51:28ID: BC  Data: 00 00 00 AA F2 67 30 77 
"
"2016-11-21 14:51:28ID: BB  Data: 00 00 00 AA 0D FE 1E DB 
"
"2016-11-21 14:51:28ID: BC  Data: 00 00 00 AA F2 01 E1 25 
"
"2016-11-21 14:51:29ID: BB  Data: 00 00 00 AA 0E 31 6E ED 
"
"2016-11-21 14:51:29ID: BC  Data: 00 00 00 AA F1 CE 91 13 
"
"2016-11-21 14:51:29ID: BB  Data: 00 00 00 AA 0E 5F 7B B5 
"
"2016-11-21 14:51:29ID: BC  Data: 00 00 00 AA F1 A0 84 4B 
"
"2016-11-21 14:51:29ID: BB  Data: 00 00 00 AA 0E 6F 45 93 
"
"2016-11-21 14:51:29ID: BC  Data: 00 00 00 AA F1 90 BA 6D 
"
"2016-11-21 14:51:29ID: BB  Data: 00 00 00 AA 0E 71 E7 38 
"
"2016-11-21 14:51:29ID: BC  Data: 00 00 00 AA F1 8E 18 C8 
"
"2016-11-21 14:51:29ID: BB  Data: 00 00 00 AA 0E 94 1C 9A 
"
"2016-11-21 14:51:29ID: BC  Data: 00 00 00 AA F1 6B E3 66 
"
"2016-11-21 14:51:29ID: BB  Data: 00 00 00 AA 0E F2 D7 CF 
"
"2016-11-21 14:51:29ID: BC  Data: 00 00 00 AA F1 0D 28 31 
"
"2016-11-21 14:51:29ID: BB  Data: 00 00 00 AA 0E F6 CA 46 
"
"2016-11-21 14:51:29ID: BC  Data: 00 00 00 AA F1 09 35 BA 
"
"2016-11-21 14:51:29ID: BB  Data: 00 00 00 AA 0E F8 1B 19 
"
"2016-11-21 14:51:29ID: BC  Data: 00 00 00 AA F1 07 E4 E7 
"
"2016-11-21 14:51:29ID: BB  Data: 00 00 00 AA 0E F8 1B 19 
"
"2016-11-21 14:51:29ID: BC  Data: 00 00 00 AA F1 07 E4 E7 
"
"2016-11-21 14:51:29ID: BB  Data: 00 00 00 AA 0E F9 6B EC 
"
"2016-11-21 14:51:29ID: BC  Data: 00 00 00 AA F1 06 94 14 
"
"2016-11-21 14:51:29ID: BB  Data: 00 00 00 AA 0E F9 6B EC 
"
"2016-11-21 14:51:29ID: BC  Data: 00 00 00 AA F1 06 94 14 
"
"2016-11-21 14:51:30ID: BB  Data: 00 00 00 AA 0E FA BC BE 
"
"2016-11-21 14:51:30ID: BC  Data: 00 00 00 AA F1 05 43 42 
"
"2016-11-21 14:51:30ID: BB  Data: 00 00 00 AA 0E F8 1B 19 
"
"2016-11-21 14:51:30ID: BC  Data: 00 00 00 AA F1 07 E4 E7 
"
"2016-11-21 14:51:30ID: BB  Data: 00 00 00 AA 0E F9 6B EC 
"
"2016-11-21 14:51:30ID: BC  Data: 00 00 00 AA F1 06 94 14 
"
"2016-11-21 14:51:30ID: BB  Data: 00 00 00 AA 0E F9 6B EC 
"
"2016-11-21 14:51:30ID: BC  Data: 00 00 00 AA F1 06 94 14 
"
"2016-11-21 14:51:30ID: BB  Data: 00 00 00 AA 0E F9 6B EC 
"
"2016-11-21 14:51:30ID: BC  Data: 00 00 00 AA F1 06 94 14 
"
"2016-11-21 14:51:30ID: BB  Data: 00 00 00 AA 0E F9 6B EC 
"
"2016-11-21 14:51:30ID: BC  Data: 00 00 00 AA F1 06 94 14 
"
"2016-11-21 14:51:30ID: BB  Data: 00 00 00 AA 0E F8 1B 19 
"
"2016-11-21 14:51:30ID: BC  Data: 00 00 00 AA F1 07 E4 E7 
"
"2016-11-21 14:51:30ID: BB  Data: 00 00 00 AA 0E F8 1B 19 
"
"2016-11-21 14:51:30ID: BC  Data: 00 00 00 AA F1 07 E4 E7 
"
"2016-11-21 14:51:30ID: BB  Data: 00 00 00 AA 0E F8 1B 19 
"
"2016-11-21 14:51:30ID: BC  Data: 00 00 00 AA F1 07 E4 E7 
"
"2016-11-21 14:51:30ID: BB  Data: 00 00 00 AA 0E FA BC BE 
"
"2016-11-21 14:51:30ID: BC  Data: 00 00 00 AA F1 05 43 42 
"
"2016-11-21 14:51:30ID: BB  Data: 00 00 00 AA 0E F9 6B EC 
"
"2016-11-21 14:51:30ID: BC  Data: 00 00 00 AA F1 06 94 14 
"
"2016-11-21 14:51:31ID: BB  Data: 00 00 00 AA 0E F8 1B 19 
"
"2016-11-21 14:51:31ID: BC  Data: 00 00 00 AA F1 07 E4 E7 
"
"2016-11-21 14:51:31ID: BB  Data: 00 00 00 AA 0E F8 1B 19 
"
"2016-11-21 14:51:31ID: BC  Data: 00 00 00 AA F1 07 E4 E7 
"
"2016-11-21 14:51:31ID: BB  Data: 00 00 00 AA 0E F9 6B EC 
"
"2016-11-21 14:51:31ID: BC  Data: 00 00 00 AA F1 06 94 14 
"
"2016-11-21 14:51:31ID: BB  Data: 00 00 00 AA 0E F9 6B EC 
"
"2016-11-21 14:51:31ID: BC  Data: 00 00 00 AA F1 06 94 14 
"
"2016-11-21 14:51:31ID: BB  Data: 00 00 00 AA 0E F6 CA 46 
"
"2016-11-21 14:51:31ID: BC  Data: 00 00 00 AA F1 09 35 BA 
"
"2016-11-21 14:51:31ID: BB  Data: 00 00 00 AA 0E F8 1B 19 
"
"2016-11-21 14:51:31ID: BC  Data: 00 00 00 AA F1 07 E4 E7 
"
"2016-11-21 14:51:31ID: BB  Data: 00 00 00 AA 0E F8 1B 19 
"
"2016-11-21 14:51:31ID: BC  Data: 00 00 00 AA F1 07 E4 E7 
"
"2016-11-21 14:51:31ID: BB  Data: 00 00 00 AA 0E F8 1B 19 
"
"2016-11-21 14:51:31ID: BC  Data: 00 00 00 AA F1 07 E4 E7 
"
"2016-11-21 14:51:31ID: BB  Data: 00 00 00 AA 0E FC 0D 91 
"
"2016-11-21 14:51:31ID: BC  Data: 00 00 00 AA F1 03 F2 6F 
"
"2016-11-21 14:51:31ID: BB  Data: 00 00 00 AA 0E F9 6B EC 
"
"2016-11-21 14:51:31ID: BC  Data: 00 00 00 AA F1 06 94 14 
"
"2016-11-21 14:51:31ID: BB  Data: 00 00 00 AA 0E F9 6B EC 
"
"2016-11-21 14:51:31ID: BC  Data: 00 00 00 AA F1 06 94 14 
"
"2016-11-21 14:51:31ID: BB  Data: 00 00 00 AA 0E F8 1B 19 
"
"2016-11-21 14:51:31ID: BC  Data: 00 00 00 AA F1 07 E4 E7 
"
"2016-11-21 14:51:32ID: BB  Data: 00 00 00 AA 0E F9 6B EC 
"
"2016-11-21 14:51:32ID: BC  Data: 00 00 00 AA F1 06 94 14 
"
"2016-11-21 14:51:32ID: BB  Data: 00 00 00 AA 0E F9 6B EC 
"
"2016-11-21 14:51:32ID: BC  Data: 00 00 00 AA F1 06 94 14 
"
"2016-11-21 14:51:32ID: BB  Data: 00 00 00 AA 0E F8 1B 19 
"
"2016-11-21 14:51:32ID: BC  Data: 00 00 00 AA F1 07 E4 E7 
"
"2016-11-21 14:51:32ID: BB  Data: 00 00 00 AA 0E FA BC BE 
"
"2016-11-21 14:51:32ID: BC  Data: 00 00 00 AA F1 05 43 42 
"
"2016-11-21 14:51:32ID: BB  Data: 00 00 00 AA 0E F8 1B 19 
"
"2016-11-21 14:51:32ID: BC  Data: 00 00 00 AA F1 07 E4 E7 
"
"2016-11-21 14:51:32ID: BB  Data: 00 00 00 AA 0E F8 1B 19 
"
"2016-11-21 14:51:32ID: BC  Data: 00 00 00 AA F1 07 E4 E7 
"
"2016-11-21 14:51:32ID: BB  Data: 00 00 00 AA 0E F8 1B 19 
"
"2016-11-21 14:51:32ID: BC  Data: 00 00 00 AA F1 07 E4 E7 
"
"2016-11-21 14:51:32ID: BB  Data: 00 00 00 AA 0E F6 CA 46 
"
"2016-11-21 14:51:32ID: BC  Data: 00 00 00 AA F1 09 35 BA 
"
"2016-11-21 14:51:32ID: BB  Data: 00 00 00 AA 0E FA BC BE 
"
"2016-11-21 14:51:32ID: BC  Data: 00 00 00 AA F1 05 43 42 
"
"2016-11-21 14:51:32ID: BB  Data: 00 00 00 AA 0E F6 CA 46 
"
"2016-11-21 14:51:32ID: BC  Data: 00 00 00 AA F1 09 35 BA 
"
"2016-11-21 14:51:32ID: BB  Data: 00 00 00 AA 0E F9 6B EC 
"
"2016-11-21 14:51:32ID: BC  Data: 00 00 00 AA F1 06 94 14 
"
"2016-11-21 14:51:33ID: BB  Data: 00 00 00 AA 0E F8 1B 19 
"
"2016-11-21 14:51:33ID: BC  Data: 00 00 00 AA F1 07 E4 E7 
"
"2016-11-21 14:51:33ID: BB  Data: 00 00 00 AA 0E F8 1B 19 
"
"2016-11-21 14:51:33ID: BC  Data: 00 00 00 AA F1 07 E4 E7 
"
"2016-11-21 14:51:33ID: BB  Data: 00 00 00 AA 0E F9 6B EC 
"
"2016-11-21 14:51:33ID: BC  Data: 00 00 00 AA F1 06 94 14 
"
"2016-11-21 14:51:33ID: BB  Data: 00 00 00 AA 0E F8 1B 19 
"
"2016-11-21 14:51:33ID: BC  Data: 00 00 00 AA F1 07 E4 E7 
"
"2016-11-21 14:51:33ID: BB  Data: 00 00 00 AA 0E F8 1B 19 
"
"2016-11-21 14:51:33ID: BC  Data: 00 00 00 AA F1 07 E4 E7 
"
"2016-11-21 14:51:33ID: BB  Data: 00 00 00 AA 0E F8 1B 19 
"
"2016-11-21 14:51:33ID: BC  Data: 00 00 00 AA F1 07 E4 E7 
"
"2016-11-21 14:51:33ID: BB  Data: 00 00 00 AA 0E F6 CA 46 
"
"2016-11-21 14:51:33ID: BC  Data: 00 00 00 AA F1 09 35 BA 
"
"2016-11-21 14:51:33ID: BB  Data: 00 00 00 AA 0E F8 1B 19 
"
"2016-11-21 14:51:33ID: BC  Data: 00 00 00 AA F1 07 E4 E7 
"
"2016-11-21 14:51:33ID: BB  Data: 00 00 00 AA 0E F8 1B 19 
"
"2016-11-21 14:51:33ID: BC  Data: 00 00 00 AA F1 07 E4 E7 
"
"2016-11-21 14:51:33ID: BB  Data: 00 00 00 AA 0E F8 1B 19 
"
"2016-11-21 14:51:33ID: BC  Data: 00 00 00 AA F1 07 E4 E7 
"
"2016-11-21 14:51:33ID: BB  Data: 00 00 00 AA 0E F8 1B 19 
"
"2016-11-21 14:51:33ID: BC  Data: 00 00 00 AA F1 07 E4 E7 
"
"2016-11-21 14:51:33ID: BB  Data: 00 00 00 AA 0E F8 1B 19 
"
"2016-11-21 14:51:34ID: BC  Data: 00 00 00 AA F1 07 E4 E7 
"
"2016-11-21 14:51:34ID: BB  Data: 00 00 00 AA 0E F9 6B EC 
"
"2016-11-21 14:51:34ID: BC  Data: 00 00 00 AA F1 06 94 14 
"
"2016-11-21 14:51:34ID: BB  Data: 00 00 00 AA 0E FA BC BE 
"
"2016-11-21 14:51:34ID: BC  Data: 00 00 00 AA F1 05 43 42 
"
"2016-11-21 14:51:34ID: BB  Data: 00 00 00 AA 0E F9 6B EC 
"
"2016-11-21 14:51:34ID: BC  Data: 00 00 00 AA F1 06 94 14 
"
"2016-11-21 14:51:34ID: BB  Data: 00 00 00 AA 0E FA BC BE 
"
"2016-11-21 14:51:34ID: BC  Data: 00 00 00 AA F1 05 43 42 
"
"2016-11-21 14:51:34ID: BB  Data: 00 00 00 AA 0E F6 CA 46 
"
"2016-11-21 14:51:34ID: BC  Data: 00 00 00 AA F1 09 35 BA 
"
"2016-11-21 14:51:34ID: BB  Data: 00 00 00 AA 0E F9 6B EC 
"
"2016-11-21 14:51:34ID: BC  Data: 00 00 00 AA F1 06 94 14 
"
"2016-11-21 14:51:34ID: BB  Data: 00 00 00 AA 0E F8 1B 19 
"
"2016-11-21 14:51:34ID: BC  Data: 00 00 00 AA F1 07 E4 E7 
"
"2016-11-21 14:51:34ID: BB  Data: 00 00 00 AA 0E F8 1B 19 
"
"2016-11-21 14:51:34ID: BC  Data: 00 00 00 AA F1 07 E4 E7 
"
"2016-11-21 14:51:34ID: BB  Data: 00 00 00 AA 0E F9 6B EC 
"
"2016-11-21 14:51:34ID: BC  Data: 00 00 00 AA F1 06 94 14 
"
"2016-11-21 14:51:34ID: BB  Data: 00 00 00 AA 0E F8 1B 19 
"
"2016-11-21 14:51:34ID: BC  Data: 00 00 00 AA F1 07 E4 E7 
"
"2016-11-21 14:51:34ID: BB  Data: 00 00 00 AA 0E F6 CA 46 
"
"2016-11-21 14:51:34ID: BC  Data: 00 00 00 AA F1 09 35 BA 
"
"2016-11-21 14:51:35ID: BB  Data: 00 00 00 AA 0E F9 6B EC 
"
"2016-11-21 14:51:35ID: BC  Data: 00 00 00 AA F1 06 94 14 
"
"2016-11-21 14:51:35ID: BB  Data: 00 00 00 AA 0E F6 CA 46 
"
"2016-11-21 14:51:35ID: BC  Data: 00 00 00 AA F1 09 35 BA 
"
"2016-11-21 14:51:35ID: BB  Data: 00 00 00 AA 0E F6 CA 46 
"
"2016-11-21 14:51:35ID: BC  Data: 00 00 00 AA F1 09 35 BA 
"
"2016-11-21 14:51:35ID: BB  Data: 00 00 00 AA 0E F9 6B EC 
"
"2016-11-21 14:51:35ID: BC  Data: 00 00 00 AA F1 06 94 14 
"
"2016-11-21 14:51:35ID: BB  Data: 00 00 00 AA 0E F8 1B 19 
"
"2016-11-21 14:51:35ID: BC  Data: 00 00 00 AA F1 07 E4 E7 
"
"2016-11-21 14:51:35ID: BB  Data: 00 00 00 AA 0E F9 6B EC 
"
"2016-11-21 14:51:35ID: BC  Data: 00 00 00 AA F1 06 94 14 
"
"2016-11-21 14:51:35ID: BB  Data: 00 00 00 AA 0E F8 1B 19 
"
"2016-11-21 14:51:35ID: BC  Data: 00 00 00 AA F1 07 E4 E7 
"
"2016-11-21 14:51:35ID: BB  Data: 00 00 00 AA 0E F8 1B 19 
"
"2016-11-21 14:51:35ID: BC  Data: 00 00 00 AA F1 07 E4 E7 
"
"2016-11-21 14:51:35ID: BB  Data: 00 00 00 AA 0E F8 1B 19 
"
"2016-11-21 14:51:35ID: BC  Data: 00 00 00 AA F1 07 E4 E7 
"
"2016-11-21 14:51:35ID: BB  Data: 00 00 00 AA 0E F8 1B 19 
"
"2016-11-21 14:51:35ID: BC  Data: 00 00 00 AA F1 07 E4 E7 
"
"2016-11-21 14:51:35ID: BB  Data: 00 00 00 AA 0E F6 CA 46 
"
"2016-11-21 14:51:35ID: BC  Data: 00 00 00 AA F1 09 35 BA 
"
"2016-11-21 14:51:36ID: BB  Data: 00 00 00 AA 0E F8 1B 19 
"
"2016-11-21 14:51:36ID: BC  Data: 00 00 00 AA F1 07 E4 E7 
"
"2016-11-21 14:51:36ID: BB  Data: 00 00 00 AA 0E FA BC BE 
"
"2016-11-21 14:51:36ID: BC  Data: 00 00 00 AA F1 05 43 42 
"
"2016-11-21 14:51:36ID: BB  Data: 00 00 00 AA 0E F9 6B EC 
"
"2016-11-21 14:51:36ID: BC  Data: 00 00 00 AA F1 06 94 14 
"
"2016-11-21 14:51:36ID: BB  Data: 00 00 00 AA 0E F8 1B 19 
"
"2016-11-21 14:51:36ID: BC  Data: 00 00 00 AA F1 07 E4 E7 
"
"2016-11-21 14:51:36ID: BB  Data: 00 00 00 AA 0E F9 6B EC 
"
"2016-11-21 14:51:36ID: BC  Data: 00 00 00 AA F1 06 94 14 
"
"2016-11-21 14:51:36ID: BB  Data: 00 00 00 AA 0E F8 1B 19 
"
"2016-11-21 14:51:36ID: BC  Data: 00 00 00 AA F1 07 E4 E7 
"
"2016-11-21 14:51:36ID: BB  Data: 00 00 00 AA 0E F8 1B 19 
"
"2016-11-21 14:51:36ID: BC  Data: 00 00 00 AA F1 07 E4 E7 
"
"2016-11-21 14:51:36ID: BB  Data: 00 00 00 AA 0E FA BC BE 
"
"2016-11-21 14:51:36ID: BC  Data: 00 00 00 AA F1 05 43 42 
"
"2016-11-21 14:51:36ID: BB  Data: 00 00 00 AA 0E F9 6B EC 
"
"2016-11-21 14:51:36ID: BC  Data: 00 00 00 AA F1 06 94 14 
"
"2016-11-21 14:51:36ID: BB  Data: 00 00 00 AA 0E FA BC BE 
"
"2016-11-21 14:51:36ID: BC  Data: 00 00 00 AA F1 05 43 42 
"
"2016-11-21 14:51:36ID: BB  Data: 00 00 00 AA 0E F6 CA 46 
"
"2016-11-21 14:51:36ID: BC  Data: 00 00 00 AA F1 09 35 BA 
"
"2016-11-21 14:51:36ID: BB  Data: 00 00 00 AA 0E FA BC BE 
"
"2016-11-21 14:51:36ID: BC  Data: 00 00 00 AA F1 05 43 42 
"
"2016-11-21 14:51:37ID: BB  Data: 00 00 00 AA 0E F8 1B 19 
"
"2016-11-21 14:51:37ID: BC  Data: 00 00 00 AA F1 07 E4 E7 
"
"2016-11-21 14:51:37ID: BB  Data: 00 00 00 AA 0E F9 6B EC 
"
"2016-11-21 14:51:37ID: BC  Data: 00 00 00 AA F1 06 94 14 
"
"2016-11-21 14:51:37ID: BB  Data: 00 00 00 AA 0E F9 6B EC 
"
"2016-11-21 14:51:37ID: BC  Data: 00 00 00 AA F1 06 94 14 
"
"2016-11-21 14:51:37ID: BB  Data: 00 00 00 AA 0E F9 6B EC 
"
"2016-11-21 14:51:37ID: BC  Data: 00 00 00 AA F1 06 94 14 
"
"2016-11-21 14:51:37ID: BB  Data: 00 00 00 AA 0E F9 6B EC 
"
"2016-11-21 14:51:37ID: BC  Data: 00 00 00 AA F1 06 94 14 
"
"2016-11-21 14:51:37ID: BB  Data: 00 00 00 AA 0E F8 1B 19 
"
"2016-11-21 14:51:37ID: BC  Data: 00 00 00 AA F1 07 E4 E7 
"
"2016-11-21 14:51:37ID: BB  Data: 00 00 00 AA 0E F8 1B 19 
"
"2016-11-21 14:51:37ID: BC  Data: 00 00 00 AA F1 07 E4 E7 
"
"2016-11-21 14:51:37ID: BB  Data: 00 00 00 AA 0E F8 1B 19 
"
"2016-11-21 14:51:37ID: BC  Data: 00 00 00 AA F1 07 E4 E7 
"
"2016-11-21 14:51:37ID: BB  Data: 00 00 00 AA 0E F8 1B 19 
"
"2016-11-21 14:51:37ID: BC  Data: 00 00 00 AA F1 07 E4 E7 
"
"2016-11-21 14:51:37ID: BB  Data: 00 00 00 AA 0E F9 6B EC 
"
"2016-11-21 14:51:37ID: BC  Data: 00 00 00 AA F1 06 94 14 
"
"2016-11-21 14:51:37ID: BB  Data: 00 00 00 AA 0E F8 1B 19 
"
"2016-11-21 14:51:37ID: BC  Data: 00 00 00 AA F1 07 E4 E7 
"
"2016-11-21 14:51:38ID: BB  Data: 00 00 00 AA 0E F9 6B EC 
"
"2016-11-21 14:51:38ID: BC  Data: 00 00 00 AA F1 06 94 14 
"
"2016-11-21 14:51:38ID: BB  Data: 00 00 00 AA 0E F9 6B EC 
"
"2016-11-21 14:51:38ID: BC  Data: 00 00 00 AA F1 06 94 14 
"
"2016-11-21 14:51:38ID: BB  Data: 00 00 00 AA 0E F8 1B 19 
"
"2016-11-21 14:51:38ID: BC  Data: 00 00 00 AA F1 07 E4 E7 
"
"2016-11-21 14:51:38ID: BB  Data: 00 00 00 AA 0E FC 0D 91 
"
"2016-11-21 14:51:38ID: BC  Data: 00 00 00 AA F1 03 F2 6F 
"
"2016-11-21 14:51:38ID: BB  Data: 00 00 00 AA 0E F8 1B 19 
"
"2016-11-21 14:51:38ID: BC  Data: 00 00 00 AA F1 07 E4 E7 
"
"2016-11-21 14:51:38ID: BB  Data: 00 00 00 AA 0E F8 1B 19 
"
"2016-11-21 14:51:38ID: BC  Data: 00 00 00 AA F1 07 E4 E7 
"
"2016-11-21 14:51:38ID: BB  Data: 00 00 00 AA 0E F8 1B 19 
"
"2016-11-21 14:51:38ID: BC  Data: 00 00 00 AA F1 07 E4 E7 
"
"2016-11-21 14:51:38ID: BB  Data: 00 00 00 AA 0E F9 6B EC 
"
"2016-11-21 14:51:38ID: BC  Data: 00 00 00 AA F1 06 94 14 
"
"2016-11-21 14:51:38ID: BB  Data: 00 00 00 AA 0E F9 6B EC 
"
"2016-11-21 14:51:38ID: BC  Data: 00 00 00 AA F1 06 94 14 
"
"2016-11-21 14:51:38ID: BB  Data: 00 00 00 AA 0E F8 1B 19 
"
"2016-11-21 14:51:38ID: BC  Data: 00 00 00 AA F1 07 E4 E7 
"
"2016-11-21 14:51:38ID: BB  Data: 00 00 00 AA 0E F8 1B 19 
"
"2016-11-21 14:51:38ID: BC  Data: 00 00 00 AA F1 07 E4 E7 
"
"2016-11-21 14:51:39ID: BB  Data: 00 00 00 AA 0E F8 1B 19 
"
"2016-11-21 14:51:39ID: BC  Data: 00 00 00 AA F1 07 E4 E7 
"
"2016-11-21 14:51:39ID: BB  Data: 00 00 00 AA 0E FA BC BE 
"
"2016-11-21 14:51:39ID: BC  Data: 00 00 00 AA F1 05 43 42 
"
"2016-11-21 14:51:39ID: BB  Data: 00 00 00 AA 0E F8 1B 19 
"
"2016-11-21 14:51:39ID: BC  Data: 00 00 00 AA F1 07 E4 E7 
"
"2016-11-21 14:51:39ID: BB  Data: 00 00 00 AA 0E F9 6B EC 
"
"2016-11-21 14:51:39ID: BC  Data: 00 00 00 AA F1 06 94 14 
"
"2016-11-21 14:51:39ID: BB  Data: 00 00 00 AA 0E FA BC BE 
"
"2016-11-21 14:51:39ID: BC  Data: 00 00 00 AA F1 05 43 42 
"
"2016-11-21 14:51:39ID: BB  Data: 00 00 00 AA 0E FA BC BE 
"
"2016-11-21 14:51:39ID: BC  Data: 00 00 00 AA F1 05 43 42 
"
"2016-11-21 14:51:39ID: BB  Data: 00 00 00 AA 0E F9 6B EC 
"
"2016-11-21 14:51:39ID: BC  Data: 00 00 00 AA F1 06 94 14 
"
"2016-11-21 14:51:39ID: BB  Data: 00 00 00 AA 0E FC 0D 91 
"
"2016-11-21 14:51:39ID: BC  Data: 00 00 00 AA F1 03 F2 6F 
"
"2016-11-21 14:51:39ID: BB  Data: 00 00 00 AA 0E F6 CA 46 
"
"2016-11-21 14:51:39ID: BC  Data: 00 00 00 AA F1 09 35 BA 
"
"2016-11-21 14:51:39ID: BB  Data: 00 00 00 AA 0E F9 6B EC 
"
"2016-11-21 14:51:39ID: BC  Data: 00 00 00 AA F1 06 94 14 
"
"2016-11-21 14:51:39ID: BB  Data: 00 00 00 AA 0E F9 6B EC 
"
"2016-11-21 14:51:39ID: BC  Data: 00 00 00 AA F1 06 94 14 
"
"2016-11-21 14:51:39ID: BB  Data: 00 00 00 AA 0E F6 CA 46 
"
"2016-11-21 14:51:39ID: BC  Data: 00 00 00 AA F1 09 35 BA 
"
"2016-11-21 14:51:40ID: BB  Data: 00 00 00 AA 0E F9 6B EC 
"
"2016-11-21 14:51:40ID: BC  Data: 00 00 00 AA F1 06 94 14 
"
"2016-11-21 14:51:40ID: BB  Data: 00 00 00 AA 0E FC 0D 91 
"
"2016-11-21 14:51:40ID: BC  Data: 00 00 00 AA F1 03 F2 6F 
"
"2016-11-21 14:51:40ID: BB  Data: 00 00 00 AA 0E F6 CA 46 
"
"2016-11-21 14:51:40ID: BC  Data: 00 00 00 AA F1 09 35 BA 
"
"2016-11-21 14:51:40ID: BB  Data: 00 00 00 AA 0E FA BC BE 
"
"2016-11-21 14:51:40ID: BC  Data: 00 00 00 AA F1 05 43 42 
"
"2016-11-21 14:51:40ID: BB  Data: 00 00 00 AA 0E F6 CA 46 
"
"2016-11-21 14:51:40ID: BC  Data: 00 00 00 AA F1 09 35 BA 
"
"2016-11-21 14:51:40ID: BB  Data: 00 00 00 AA 0E F8 1B 19 
"
"2016-11-21 14:51:40ID: BC  Data: 00 00 00 AA F1 07 E4 E7 
"
"2016-11-21 14:51:40ID: BB  Data: 00 00 00 AA 0E FA BC BE 
"
"2016-11-21 14:51:40ID: BC  Data: 00 00 00 AA F1 05 43 42 
"
"2016-11-21 14:51:40ID: BB  Data: 00 00 00 AA 0E F9 6B EC 
"
"2016-11-21 14:51:40ID: BC  Data: 00 00 00 AA F1 06 94 14 
"
"2016-11-21 14:51:40ID: BB  Data: 00 00 00 AA 0E F9 6B EC 
"
"2016-11-21 14:51:40ID: BC  Data: 00 00 00 AA F1 06 94 14 
"
"2016-11-21 14:51:40ID: BB  Data: 00 00 00 AA 0E F9 6B EC 
"
"2016-11-21 14:51:40ID: BC  Data: 00 00 00 AA F1 06 94 14 
"
"2016-11-21 14:51:40ID: BB  Data: 00 00 00 AA 0E F8 1B 19 
"
"2016-11-21 14:51:40ID: BC  Data: 00 00 00 AA F1 07 E4 E7 
"
"2016-11-21 14:51:41ID: BB  Data: 00 00 00 AA 0E F8 1B 19 
"
"2016-11-21 14:51:41ID: BC  Data: 00 00 00 AA F1 07 E4 E7 
"
"2016-11-21 14:51:41ID: BB  Data: 00 00 00 AA 0E F9 6B EC 
"
"2016-11-21 14:51:41ID: BC  Data: 00 00 00 AA F1 06 94 14 
"
"2016-11-21 14:51:41ID: BB  Data: 00 00 00 AA 0E F9 6B EC 
"
"2016-11-21 14:51:41ID: BC  Data: 00 00 00 AA F1 06 94 14 
"
"2016-11-21 14:51:41ID: BB  Data: 00 00 00 AA 0E F9 6B EC 
"
"2016-11-21 14:51:41ID: BC  Data: 00 00 00 AA F1 06 94 14 
"
"2016-11-21 14:51:41ID: BB  Data: 00 00 00 AA 0E F9 6B EC 
"
"2016-11-21 14:51:41ID: BC  Data: 00 00 00 AA F1 06 94 14 
"
"2016-11-21 14:51:41ID: BB  Data: 00 00 00 AA 0E F8 1B 19 
"
"2016-11-21 14:51:41ID: BC  Data: 00 00 00 AA F1 07 E4 E7 
"
"2016-11-21 14:51:41ID: BB  Data: 00 00 00 AA 0E F9 6B EC 
"
"2016-11-21 14:51:41ID: BC  Data: 00 00 00 AA F1 06 94 14 
"
"2016-11-21 14:51:41ID: BB  Data: 00 00 00 AA 0E F9 6B EC 
"
"2016-11-21 14:51:41ID: BC  Data: 00 00 00 AA F1 06 94 14 
"
"2016-11-21 14:51:41ID: BB  Data: 00 00 00 AA 0E FA BC BE 
"
"2016-11-21 14:51:41ID: BC  Data: 00 00 00 AA F1 05 43 42 
"
"2016-11-21 14:51:41ID: BB  Data: 00 00 00 AA 0E F6 CA 46 
"
"2016-11-21 14:51:41ID: BC  Data: 00 00 00 AA F1 09 35 BA 
"
"2016-11-21 14:51:41ID: BB  Data: 00 00 00 AA 0E FA BC BE 
"
"2016-11-21 14:51:41ID: BC  Data: 00 00 00 AA F1 05 43 42 
"
"2016-11-21 14:51:41ID: BB  Data: 00 00 00 AA 0E F9 6B EC 
"
"2016-11-21 14:51:42ID: BC  Data: 00 00 00 AA F1 06 94 14 
"
"2016-11-21 14:51:42ID: BB  Data: 00 00 00 AA 0E FA BC BE 
"
"2016-11-21 14:51:42ID: BC  Data: 00 00 00 AA F1 05 43 42 
"
"2016-11-21 14:51:42ID: BB  Data: 00 00 00 AA 0E F9 6B EC 
"
"2016-11-21 14:51:42ID: BC  Data: 00 00 00 AA F1 06 94 14 
"
"2016-11-21 14:51:42ID: BB  Data: 00 00 00 AA 0E F6 CA 46 
"
"2016-11-21 14:51:42ID: BC  Data: 00 00 00 AA F1 09 35 BA 
"
"2016-11-21 14:51:42ID: BB  Data: 00 00 00 AA 0E F8 1B 19 
"
"2016-11-21 14:51:42ID: BC  Data: 00 00 00 AA F1 07 E4 E7 
"
"2016-11-21 14:51:42ID: BB  Data: 00 00 00 AA 0E FA BC BE 
"
"2016-11-21 14:51:42ID: BC  Data: 00 00 00 AA F1 05 43 42 
"
"2016-11-21 14:51:42ID: BB  Data: 00 00 00 AA 0E F8 1B 19 
"
"2016-11-21 14:51:42ID: BC  Data: 00 00 00 AA F1 07 E4 E7 
"
"2016-11-21 14:51:42ID: BB  Data: 00 00 00 AA 0E F9 6B EC 
"
"2016-11-21 14:51:42ID: BC  Data: 00 00 00 AA F1 06 94 14 
"
"2016-11-21 14:51:42ID: BB  Data: 00 00 00 AA 0E F9 6B EC 
"
"2016-11-21 14:51:42ID: BC  Data: 00 00 00 AA F1 06 94 14 
"
"2016-11-21 14:51:42ID: BB  Data: 00 00 00 AA 0E F8 1B 19 
"
"2016-11-21 14:51:42ID: BC  Data: 00 00 00 AA F1 07 E4 E7 
"
"2016-11-21 14:51:42ID: BB  Data: 00 00 00 AA 0E F8 1B 19 
"
"2016-11-21 14:51:42ID: BC  Data: 00 00 00 AA F1 07 E4 E7 
"
"2016-11-21 14:51:42ID: BB  Data: 00 00 00 AA 0E F9 6B EC 
"
"2016-11-21 14:51:42ID: BC  Data: 00 00 00 AA F1 06 94 14 
"
"2016-11-21 14:51:43ID: BB  Data: 00 00 00 AA 0E F9 6B EC 
"
"2016-11-21 14:51:43ID: BC  Data: 00 00 00 AA F1 06 94 14 
"
"2016-11-21 14:51:43ID: BB  Data: 00 00 00 AA 0E F8 1B 19 
"
"2016-11-21 14:51:43ID: BC  Data: 00 00 00 AA F1 07 E4 E7 
"
"2016-11-21 14:51:43ID: BB  Data: 00 00 00 AA 0E FA BC BE 
"
"2016-11-21 14:51:43ID: BC  Data: 00 00 00 AA F1 05 43 42 
"
"2016-11-21 14:51:43ID: BB  Data: 00 00 00 AA 0E F6 CA 46 
"
"2016-11-21 14:51:43ID: BC  Data: 00 00 00 AA F1 09 35 BA 
"
"2016-11-21 14:51:43ID: BB  Data: 00 00 00 AA 0E F9 6B EC 
"
"2016-11-21 14:51:43ID: BC  Data: 00 00 00 AA F1 06 94 14 
"
"2016-11-21 14:51:43ID: BB  Data: 00 00 00 AA 0E F8 1B 19 
"
"2016-11-21 14:51:43ID: BC  Data: 00 00 00 AA F1 07 E4 E7 
"
"2016-11-21 14:51:43ID: BB  Data: 00 00 00 AA 0E FA BC BE 
"
"2016-11-21 14:51:43ID: BC  Data: 00 00 00 AA F1 05 43 42 
"
"2016-11-21 14:51:43ID: BB  Data: 00 00 00 AA 0E F8 1B 19 
"
"2016-11-21 14:51:43ID: BC  Data: 00 00 00 AA F1 07 E4 E7 
"
"2016-11-21 14:51:43ID: BB  Data: 00 00 00 AA 0E F9 6B EC 
"
"2016-11-21 14:51:43ID: BC  Data: 00 00 00 AA F1 06 94 14 
"
"2016-11-21 14:51:43ID: BB  Data: 00 00 00 AA 0E F8 1B 19 
"
"2016-11-21 14:51:43ID: BC  Data: 00 00 00 AA F1 07 E4 E7 
"
"2016-11-21 14:51:43ID: BB  Data: 00 00 00 AA 0E F9 6B EC 
"
"2016-11-21 14:51:43ID: BC  Data: 00 00 00 AA F1 06 94 14 
"
"2016-11-21 14:51:44ID: BB  Data: 00 00 00 AA 0E F8 1B 19 
"
"2016-11-21 14:51:44ID: BC  Data: 00 00 00 AA F1 07 E4 E7 
"
"2016-11-21 14:51:44ID: BB  Data: 00 00 00 AA 0E F9 6B EC 
"
"2016-11-21 14:51:44ID: BC  Data: 00 00 00 AA F1 06 94 14 
"
"2016-11-21 14:51:44ID: BB  Data: 00 00 00 AA 0E F8 1B 19 
"
"2016-11-21 14:51:44ID: BC  Data: 00 00 00 AA F1 07 E4 E7 
"
"2016-11-21 14:51:44ID: BB  Data: 00 00 00 AA 0E FA BC BE 
"
"2016-11-21 14:51:44ID: BC  Data: 00 00 00 AA F1 05 43 42 
"
"2016-11-21 14:51:44ID: BB  Data: 00 00 00 AA 0E FA BC BE 
"
"2016-11-21 14:51:44ID: BC  Data: 00 00 00 AA F1 05 43 42 
"
"2016-11-21 14:51:44ID: BB  Data: 00 00 00 AA 0E F9 6B EC 
"
"2016-11-21 14:51:44ID: BC  Data: 00 00 00 AA F1 06 94 14 
"
"2016-11-21 14:51:44ID: BB  Data: 00 00 00 AA 0E F8 1B 19 
"
"2016-11-21 14:51:44ID: BC  Data: 00 00 00 AA F1 07 E4 E7 
"
"2016-11-21 14:51:44ID: BB  Data: 00 00 00 AA 0E F5 79 74 
"
"2016-11-21 14:51:44ID: BC  Data: 00 00 00 AA F1 0A 86 8C 
"
"2016-11-21 14:51:44ID: BB  Data: 00 00 00 AA 0E F9 6B EC 
"
"2016-11-21 14:51:44ID: BC  Data: 00 00 00 AA F1 06 94 14 
"
"2016-11-21 14:51:44ID: BB  Data: 00 00 00 AA 0E F9 6B EC 
"
"2016-11-21 14:51:44ID: BC  Data: 00 00 00 AA F1 06 94 14 
"
"2016-11-21 14:51:44ID: BB  Data: 00 00 00 AA 0E F8 1B 19 
"
"2016-11-21 14:51:44ID: BC  Data: 00 00 00 AA F1 07 E4 E7 
"
"2016-11-21 14:51:44ID: BB  Data: 00 00 00 AA 0E F8 1B 19 
"
"2016-11-21 14:51:44ID: BC  Data: 00 00 00 AA F1 07 E4 E7 
"
"2016-11-21 14:51:45ID: BB  Data: 00 00 00 AA 0E FA BC BE 
"
"2016-11-21 14:51:45ID: BC  Data: 00 00 00 AA F1 05 43 42 
"
"2016-11-21 14:51:45ID: BB  Data: 00 00 00 AA 0E F8 1B 19 
"
"2016-11-21 14:51:45ID: BC  Data: 00 00 00 AA F1 07 E4 E7 
"
"2016-11-21 14:51:45ID: BB  Data: 00 00 00 AA 0E F9 6B EC 
"
"2016-11-21 14:51:45ID: BC  Data: 00 00 00 AA F1 06 94 14 
"
"2016-11-21 14:51:45ID: BB  Data: 00 00 00 AA 0E F9 6B EC 
"
"2016-11-21 14:51:45ID: BC  Data: 00 00 00 AA F1 06 94 14 
"
"2016-11-21 14:51:45ID: BB  Data: 00 00 00 AA 0E F9 6B EC 
"
"2016-11-21 14:51:45ID: BC  Data: 00 00 00 AA F1 06 94 14 
"
"2016-11-21 14:51:45ID: BB  Data: 00 00 00 AA 0E 14 7C D6 
"
"2016-11-21 14:51:45ID: BC  Data: 00 00 00 AA F1 EB 83 2A 
"
"2016-11-21 14:51:45ID: BB  Data: 00 00 00 AA 0C 3D 76 71 
"
"2016-11-21 14:51:45ID: BC  Data: 00 00 00 AA F3 C2 89 8F 
"
"2016-11-21 14:51:45ID: BB  Data: 00 00 00 AA 0B F5 19 36 
"
"2016-11-21 14:51:45ID: BC  Data: 00 00 00 AA F4 0A E6 CA 
"
"2016-11-21 14:51:45ID: BB  Data: 00 00 00 AA 0C 1C 91 E2 
"
"2016-11-21 14:51:45ID: BC  Data: 00 00 00 AA F3 E3 6E 1E 
"
"2016-11-21 14:51:45ID: BB  Data: 00 00 00 AA 0C 1B 41 0F 
"
"2016-11-21 14:51:45ID: BC  Data: 00 00 00 AA F3 E4 BE F1 
"
"2016-11-21 14:51:45ID: BB  Data: 00 00 00 AA 0B B0 AE 73 
"
"2016-11-21 14:51:45ID: BC  Data: 00 00 00 AA F4 4F 51 8D 
"
"2016-11-21 14:51:46ID: BB  Data: 00 00 00 AA 0A 17 7E B5 
"
"2016-11-21 14:51:46ID: BC  Data: 00 00 00 AA F5 E8 81 4B 
"
"2016-11-21 14:51:46ID: BB  Data: 00 00 00 AA 09 58 B7 78 
"
"2016-11-21 14:51:46ID: BC  Data: 00 00 00 AA F6 A7 48 88 
"
"2016-11-21 14:51:46ID: BB  Data: 00 00 00 AA 09 60 9C 67 
"
"2016-11-21 14:51:46ID: BC  Data: 00 00 00 AA F6 9F 63 99 
"
"2016-11-21 14:51:46ID: BB  Data: 00 00 00 AA 09 6D C4 A0 
"
"2016-11-21 14:51:46ID: BC  Data: 00 00 00 AA F6 92 3B 60 
"
"2016-11-21 14:51:46ID: BB  Data: 00 00 00 AA 08 13 BC 5A 
"
"2016-11-21 14:51:46ID: BC  Data: 00 00 00 AA F7 EC 43 A6 
"
"2016-11-21 14:51:46ID: BB  Data: 00 00 00 AA 04 23 E6 72 
"
"2016-11-21 14:51:46ID: BC  Data: 00 00 00 AA FB DC 19 8E 
"
"2016-11-21 14:51:46ID: BB  Data: 00 00 00 AA 02 EA C2 BB 
"
"2016-11-21 14:51:46ID: BC  Data: 00 00 00 AA FD 15 3D 45 
"
"2016-11-21 14:51:46ID: BB  Data: 00 00 00 AA 02 C7 3C 87 
"
"2016-11-21 14:51:46ID: BC  Data: 00 00 00 AA FD 38 C3 79 
"
"2016-11-21 14:51:46ID: BB  Data: 00 00 00 AA 02 FD 2E 3F 
"
"2016-11-21 14:51:46ID: BC  Data: 00 00 00 AA FD 02 D1 C1 
"
"2016-11-21 14:51:46ID: BB  Data: 00 00 00 AA 03 07 B4 D3 
"
"2016-11-21 14:51:46ID: BC  Data: 00 00 00 AA FC F8 4B 2D 
"
"2016-11-21 14:51:46ID: BB  Data: 00 00 00 AA 02 FA 8C 99 
"
"2016-11-21 14:51:46ID: BC  Data: 00 00 00 AA FD 05 73 67 
"
"2016-11-21 14:51:47ID: BB  Data: 00 00 00 AA 02 F3 F8 7D 
"
"2016-11-21 14:51:47ID: BC  Data: 00 00 00 AA FD 0C 07 83 
"
"2016-11-21 14:51:47ID: BB  Data: 00 00 00 AA 02 E9 71 E9 
"
"2016-11-21 14:51:47ID: BC  Data: 00 00 00 AA FD 16 8E 17 
"
"2016-11-21 14:51:47ID: BB  Data: 00 00 00 AA 02 E6 D0 44 
"
"2016-11-21 14:51:47ID: BC  Data: 00 00 00 AA FD 19 2F BC 
"
"2016-11-21 14:51:47ID: BB  Data: 00 00 00 AA 03 C1 38 C6 
"
"2016-11-21 14:51:47ID: BC  Data: 00 00 00 AA FC 3E C7 3A 
"
"2016-11-21 14:51:47ID: BB  Data: 00 00 00 AA 03 BF E7 F3 
"
"2016-11-21 14:51:47ID: BC  Data: 00 00 00 AA FC 40 18 0D 
"
"2016-11-21 14:51:47ID: BB  Data: 00 00 00 AA 03 BD 46 4E 
"
"2016-11-21 14:51:47ID: BC  Data: 00 00 00 AA FC 42 B9 B2 
"
"2016-11-21 14:51:47ID: BB  Data: 00 00 00 AA 03 BD 46 4E 
"
"2016-11-21 14:51:47ID: BC  Data: 00 00 00 AA FC 42 B9 B2 
"
"2016-11-21 14:51:47ID: BB  Data: 00 00 00 AA 03 BB F5 7B 
"
"2016-11-21 14:51:47ID: BC  Data: 00 00 00 AA FC 44 0A 85 
"
"2016-11-21 14:51:47ID: BB  Data: 00 00 00 AA 03 BA A4 A9 
"
"2016-11-21 14:51:47ID: BC  Data: 00 00 00 AA FC 45 5B 57 
"
"2016-11-21 14:51:47ID: BB  Data: 00 00 00 AA 03 9D B2 92 
"
"2016-11-21 14:51:47ID: BC  Data: 00 00 00 AA FC 62 4D 6E 
"
"2016-11-21 14:51:47ID: BB  Data: 00 00 00 AA 03 73 98 41 
"
"2016-11-21 14:51:47ID: BC  Data: 00 00 00 AA FC 8C 67 BF 
"
"2016-11-21 14:51:47ID: BB  Data: 00 00 00 AA 03 69 11 AD 
"
"2016-11-21 14:51:47ID: BC  Data: 00 00 00 AA FC 96 EE 53 
"
"2016-11-21 14:51:48ID: BB  Data: 00 00 00 AA 03 6B B3 52 
"
"2016-11-21 14:51:48ID: BC  Data: 00 00 00 AA FC 94 4C AE 
"
"2016-11-21 14:51:48ID: BB  Data: 00 00 00 AA 03 35 C1 9B 
"
"2016-11-21 14:51:48ID: BC  Data: 00 00 00 AA FC CA 3E 65 
"
"2016-11-21 14:51:48ID: BB  Data: 00 00 00 AA 01 D9 17 B0 
"
"2016-11-21 14:51:48ID: BC  Data: 00 00 00 AA FE 26 E8 50 
"
"2016-11-21 14:51:48ID: BB  Data: 00 00 00 AA 00 00 00 00 
"
"2016-11-21 14:51:48ID: BC  Data: 00 00 00 AA 00 00 00 00 
"
"2016-11-21 14:51:48ID: BB  Data: 00 00 00 AA 00 00 00 00 
"
"2016-11-21 14:51:48ID: BC  Data: 00 00 00 AA 00 00 00 00 
"
"2016-11-21 14:51:48ID: BB  Data: 00 00 00 AA 00 00 00 00 
"
"2016-11-21 14:51:48ID: BC  Data: 00 00 00 AA 00 00 00 00 
"
"2016-11-21 14:51:48ID: BB  Data: 00 00 00 AA 01 CA 9E A4 
"
"2016-11-21 14:51:48ID: BC  Data: 00 00 00 AA FE 35 61 5C 
"
"2016-11-21 14:51:48ID: BB  Data: 00 00 00 AA 01 B9 83 F3 
"
"2016-11-21 14:51:48ID: BC  Data: 00 00 00 AA FE 46 7C 0D 
"
"2016-11-21 14:51:48ID: BB  Data: 00 00 00 AA 01 BC 25 98 
"
"2016-11-21 14:51:48ID: BC  Data: 00 00 00 AA FE 43 DA 68 
"
"2016-11-21 14:51:48ID: BB  Data: 00 00 00 AA 02 69 D2 25 
"
"2016-11-21 14:51:48ID: BC  Data: 00 00 00 AA FD 96 2D DB 
"
"2016-11-21 14:51:48ID: BB  Data: 00 00 00 AA 05 BD 16 31 
"
"2016-11-21 14:51:48ID: BC  Data: 00 00 00 AA FA 42 E9 CF 
"
"2016-11-21 14:51:49ID: BB  Data: 00 00 00 AA 09 22 C5 C1 
"
"2016-11-21 14:51:49ID: BC  Data: 00 00 00 AA F6 DD 3A 3F 
"
"2016-11-21 14:51:49ID: BB  Data: 00 00 00 AA 0C DA 08 4C 
"
"2016-11-21 14:51:49ID: BC  Data: 00 00 00 AA F3 25 F7 B4 
"
"2016-11-21 14:51:49ID: BB  Data: 00 00 00 AA 0E 5F 7B B5 
"
"2016-11-21 14:51:49ID: BC  Data: 00 00 00 AA F1 A0 84 4B 
"
"2016-11-21 14:51:49ID: BB  Data: 00 00 00 AA 0E EA F2 E0 
"
"2016-11-21 14:51:49ID: BC  Data: 00 00 00 AA F1 15 0D 20 
"
"2016-11-21 14:51:49ID: BB  Data: 00 00 00 AA 0E A9 29 C2 
"
"2016-11-21 14:51:49ID: BC  Data: 00 00 00 AA F1 56 D6 3E 
"
"2016-11-21 14:51:49ID: BB  Data: 00 00 00 AA 0C 98 3F 2E 
"
"2016-11-21 14:51:49ID: BC  Data: 00 00 00 AA F3 67 C0 D2 
"
"2016-11-21 14:51:49ID: BB  Data: 00 00 00 AA 0C 5E 5B 00 
"
"2016-11-21 14:51:49ID: BC  Data: 00 00 00 AA F3 A1 A5 00 
"
"2016-11-21 14:51:49ID: BB  Data: 00 00 00 AA 0B CE F1 5D 
"
"2016-11-21 14:51:49ID: BC  Data: 00 00 00 AA F4 31 0E A3 
"
"2016-11-21 14:51:49ID: BB  Data: 00 00 00 AA 0B 5F 1B 77 
"
"2016-11-21 14:51:49ID: BC  Data: 00 00 00 AA F4 A0 E4 89 
"
"2016-11-21 14:51:49ID: BB  Data: 00 00 00 AA 0B 69 A2 0B 
"
"2016-11-21 14:51:49ID: BC  Data: 00 00 00 AA F4 96 5D F5 
"
"2016-11-21 14:51:49ID: BB  Data: 00 00 00 AA 0B 5D CA A5 
"
"2016-11-21 14:51:49ID: BC  Data: 00 00 00 AA F4 A2 35 5B 
"
"2016-11-21 14:51:49ID: BB  Data: 00 00 00 AA 0B 47 6C AA 
"
"2016-11-21 14:51:50ID: BC  Data: 00 00 00 AA F4 B8 93 56 
"
"2016-11-21 14:51:50ID: BB  Data: 00 00 00 AA 0A CB BF 5D 
"
"2016-11-21 14:51:50ID: BC  Data: 00 00 00 AA F5 34 40 A3 
"
"2016-11-21 14:51:50ID: BB  Data: 00 00 00 AA 0A CB BF 5D 
"
"2016-11-21 14:51:50ID: BC  Data: 00 00 00 AA F5 34 40 A3 
"
"2016-11-21 14:51:50ID: BB  Data: 00 00 00 AA 0A CE 61 02 
"
"2016-11-21 14:51:50ID: BC  Data: 00 00 00 AA F5 31 9E FE 
"
"2016-11-21 14:51:50ID: BB  Data: 00 00 00 AA 0A C6 7C 13 
"
"2016-11-21 14:51:50ID: BC  Data: 00 00 00 AA F5 39 83 ED 
"
"2016-11-21 14:51:50ID: BB  Data: 00 00 00 AA 0A CA 6E 8B 
"
"2016-11-21 14:51:50ID: BC  Data: 00 00 00 AA F5 35 91 75 
"
"2016-11-21 14:51:50ID: BB  Data: 00 00 00 AA 0A C9 1D B8 
"
"2016-11-21 14:51:50ID: BC  Data: 00 00 00 AA F5 36 E2 48 
"
"2016-11-21 14:51:50ID: BB  Data: 00 00 00 AA 0A A5 97 84 
"
"2016-11-21 14:51:50ID: BC  Data: 00 00 00 AA F5 5A 68 7C 
"
"2016-11-21 14:51:50ID: BB  Data: 00 00 00 AA 07 FC 0D 8D 
"
"2016-11-21 14:51:50ID: BC  Data: 00 00 00 AA F8 03 F2 73 
"
"2016-11-21 14:51:50ID: BB  Data: 00 00 00 AA 05 4D 40 4B 
"
"2016-11-21 14:51:50ID: BC  Data: 00 00 00 AA FA B2 BF B5 
"
"2016-11-21 14:51:50ID: BB  Data: 00 00 00 AA 05 21 D5 28 
"
"2016-11-21 14:51:50ID: BC  Data: 00 00 00 AA FA DE 2A D8 
"
"2016-11-21 14:51:50ID: BB  Data: 00 00 00 AA 05 28 69 45 
"
"2016-11-21 14:51:50ID: BC  Data: 00 00 00 AA FA D7 96 BB 
"
"2016-11-21 14:51:51ID: BB  Data: 00 00 00 AA 06 7E 7F 13 
"
"2016-11-21 14:51:51ID: BC  Data: 00 00 00 AA F9 81 80 ED 
"
"2016-11-21 14:51:51ID: BB  Data: 00 00 00 AA 07 3D 46 50 
"
"2016-11-21 14:51:51ID: BC  Data: 00 00 00 AA F8 C2 B9 B0 
"
"2016-11-21 14:51:51ID: BB  Data: 00 00 00 AA 07 4B BF 5C 
"
"2016-11-21 14:51:51ID: BC  Data: 00 00 00 AA F8 B4 40 A4 
"
"2016-11-21 14:51:51ID: BB  Data: 00 00 00 AA 07 51 02 A6 
"
"2016-11-21 14:51:51ID: BC  Data: 00 00 00 AA F8 AE FD 5A 
"
"2016-11-21 14:51:51ID: BB  Data: 00 00 00 AA 07 54 F5 1D 
"
"2016-11-21 14:51:51ID: BC  Data: 00 00 00 AA F8 AB 0A E3 
"
"2016-11-21 14:51:51ID: BB  Data: 00 00 00 AA 07 6B 53 18 
"
"2016-11-21 14:51:51ID: BC  Data: 00 00 00 AA F8 94 AC E8 
"
"2016-11-21 14:51:51ID: BB  Data: 00 00 00 AA 07 75 D9 AC 
"
"2016-11-21 14:51:51ID: BC  Data: 00 00 00 AA F8 8A 26 54 
"
"2016-11-21 14:51:51ID: BB  Data: 00 00 00 AA 07 98 0F 0E 
"
"2016-11-21 14:51:51ID: BC  Data: 00 00 00 AA F8 67 F0 F2 
"
"2016-11-21 14:51:51ID: BB  Data: 00 00 00 AA 07 96 BE 3B 
"
"2016-11-21 14:51:51ID: BC  Data: 00 00 00 AA F8 69 41 C5 
"
"2016-11-21 14:51:51ID: BB  Data: 00 00 00 AA 07 A5 37 47 
"
"2016-11-21 14:51:51ID: BC  Data: 00 00 00 AA F8 5A C8 B9 
"
"2016-11-21 14:51:51ID: BB  Data: 00 00 00 AA 07 C6 1B D6 
"
"2016-11-21 14:51:51ID: BC  Data: 00 00 00 AA F8 39 E4 2A 
"
"2016-11-21 14:51:52ID: BB  Data: 00 00 00 AA 07 CA 0E 4D 
"
"2016-11-21 14:51:52ID: BC  Data: 00 00 00 AA F8 35 F1 B3 
"
"2016-11-21 14:51:52ID: BB  Data: 00 00 00 AA 07 E9 A2 0A 
"
"2016-11-21 14:51:52ID: BC  Data: 00 00 00 AA F8 16 5D F6 
"
"2016-11-21 14:51:52ID: BB  Data: 00 00 00 AA 08 40 78 50 
"
"2016-11-21 14:51:52ID: BC  Data: 00 00 00 AA F7 BF 87 B0 
"
"2016-11-21 14:51:52ID: BB  Data: 00 00 00 AA 08 5A C8 C2 
"
"2016-11-21 14:51:52ID: BC  Data: 00 00 00 AA F7 A5 37 3E 
"
"2016-11-21 14:51:52ID: BB  Data: 00 00 00 AA 08 75 19 34 
"
"2016-11-21 14:51:52ID: BC  Data: 00 00 00 AA F7 8A E6 CC 
"
"2016-11-21 14:51:52ID: BB  Data: 00 00 00 AA 08 90 BA 79 
"
"2016-11-21 14:51:52ID: BC  Data: 00 00 00 AA F7 6F 45 87 
"
"2016-11-21 14:51:52ID: BB  Data: 00 00 00 AA 08 8F 69 A7 
"
"2016-11-21 14:51:52ID: BC  Data: 00 00 00 AA F7 70 96 59 
"
"2016-11-21 14:51:52ID: BB  Data: 00 00 00 AA 08 8C C8 02 
"
"2016-11-21 14:51:52ID: BC  Data: 00 00 00 AA F7 73 37 FE 
"
"2016-11-21 14:51:52ID: BB  Data: 00 00 00 AA 08 97 4E 96 
"
"2016-11-21 14:51:52ID: BC  Data: 00 00 00 AA F7 68 B1 6A 
"
"2016-11-21 14:51:52ID: BB  Data: 00 00 00 AA 08 9B 41 0D 
"
"2016-11-21 14:51:52ID: BC  Data: 00 00 00 AA F7 64 BE F3 
"
"2016-11-21 14:51:52ID: BB  Data: 00 00 00 AA 08 92 0B 4C 
"
"2016-11-21 14:51:52ID: BC  Data: 00 00 00 AA F7 6D F4 B4 
"
"2016-11-21 14:51:52ID: BB  Data: 00 00 00 AA 08 37 42 8E 
"
"2016-11-21 14:51:52ID: BC  Data: 00 00 00 AA F7 C8 BD 72 
"
"2016-11-21 14:51:53ID: BB  Data: 00 00 00 AA 04 BC 85 D6 
"
"2016-11-21 14:51:53ID: BC  Data: 00 00 00 AA FB 43 7A 2A 
"
"2016-11-21 14:51:53ID: BB  Data: 00 00 00 AA 04 15 6D 67 
"
"2016-11-21 14:51:53ID: BC  Data: 00 00 00 AA FB EA 92 99 
"
"2016-11-21 14:51:53ID: BB  Data: 00 00 00 AA 04 67 00 63 
"
"2016-11-21 14:51:53ID: BC  Data: 00 00 00 AA FB 98 FF 9D 
"
"2016-11-21 14:51:53ID: BB  Data: 00 00 00 AA 09 1C 31 A4 
"
"2016-11-21 14:51:53ID: BC  Data: 00 00 00 AA F6 E3 CE 5C 
"
"2016-11-21 14:51:53ID: BB  Data: 00 00 00 AA 0B B8 93 62 
"
"2016-11-21 14:51:53ID: BC  Data: 00 00 00 AA F4 47 6C 9E 
"
"2016-11-21 14:51:53ID: BB  Data: 00 00 00 AA 0D 2F 8D C0 
"
"2016-11-21 14:51:53ID: BC  Data: 00 00 00 AA F2 D0 72 40 
"
"2016-11-21 14:51:53ID: BB  Data: 00 00 00 AA 0D B9 B4 18 
"
"2016-11-21 14:51:53ID: BC  Data: 00 00 00 AA F2 46 4B E8 
"
"2016-11-21 14:51:53ID: BB  Data: 00 00 00 AA 0D 6C 13 93 
"
"2016-11-21 14:51:53ID: BC  Data: 00 00 00 AA F2 93 EC 6D 
"
"2016-11-21 14:51:53ID: BB  Data: 00 00 00 AA 0A B4 10 90 
"
"2016-11-21 14:51:53ID: BC  Data: 00 00 00 AA F5 4B EF 70 
"
"2016-11-21 14:51:53ID: BB  Data: 00 00 00 AA 05 DA 08 48 
"
"2016-11-21 14:51:53ID: BC  Data: 00 00 00 AA FA 25 F7 B8 
"
"2016-11-21 14:51:53ID: BB  Data: 00 00 00 AA 02 9E 73 09 
"
"2016-11-21 14:51:53ID: BC  Data: 00 00 00 AA FD 61 8C F7 
"
"2016-11-21 14:51:54ID: BB  Data: 00 00 00 AA 01 E6 3F E9 
"
"2016-11-21 14:51:54ID: BC  Data: 00 00 00 AA FE 19 C0 17 
"
"2016-11-21 14:51:54ID: BB  Data: 00 00 00 AA 00 00 00 00 
"
"2016-11-21 14:51:54ID: BC  Data: 00 00 00 AA 00 00 00 00 
"
"2016-11-21 14:51:54ID: BB  Data: 00 00 00 AA 00 00 00 00 
"
"2016-11-21 14:51:54ID: BC  Data: 00 00 00 AA 00 00 00 00 
"
"2016-11-21 14:51:54ID: BB  Data: 00 00 00 AA 00 00 00 00 
"
"2016-11-21 14:51:54ID: BC  Data: 00 00 00 AA 00 00 00 00 
"
"2016-11-21 14:51:54ID: BB  Data: 00 00 00 AA 00 00 00 00 
"
"2016-11-21 14:51:54ID: BC  Data: 00 00 00 AA 00 00 00 00 
"
"2016-11-21 14:51:54ID: BB  Data: 00 00 00 AA 00 00 00 00 
"
"2016-11-21 14:51:54ID: BC  Data: 00 00 00 AA 00 00 00 00 
"
"2016-11-21 14:51:54ID: BB  Data: 00 00 00 AA 00 00 00 00 
"
"2016-11-21 14:51:54ID: BC  Data: 00 00 00 AA 00 00 00 00 
"
"2016-11-21 14:51:54ID: BB  Data: 00 00 00 AA 00 00 00 00 
"
"2016-11-21 14:51:54ID: BC  Data: 00 00 00 AA 00 00 00 00 
"
"2016-11-21 14:51:54ID: BB  Data: 00 00 00 AA 00 00 00 00 
"
"2016-11-21 14:51:54ID: BC  Data: 00 00 00 AA 00 00 00 00 
"
"2016-11-21 14:51:54ID: BB  Data: 00 00 00 AA 00 00 00 00 
"
"2016-11-21 14:51:54ID: BC  Data: 00 00 00 AA 00 00 00 00 
"
"2016-11-21 14:51:54ID: BB  Data: 00 00 00 AA 00 00 00 00 
"
"2016-11-21 14:51:54ID: BC  Data: 00 00 00 AA 00 00 00 00 
"
"2016-11-21 14:51:55ID: BB  Data: 00 00 00 AA 00 00 00 00 
"
"2016-11-21 14:51:55ID: BC  Data: 00 00 00 AA 00 00 00 00 
"
"2016-11-21 14:51:55ID: BB  Data: 00 00 00 AA 00 00 00 00 
"
"2016-11-21 14:51:55ID: BC  Data: 00 00 00 AA 00 00 00 00 
"
"2016-11-21 14:51:55ID: BB  Data: 00 00 00 AA 00 00 00 00 
"
"2016-11-21 14:51:55ID: BC  Data: 00 00 00 AA 00 00 00 00 
"
"2016-11-21 14:51:55ID: BB  Data: 00 00 00 AA 00 00 00 00 
"
"2016-11-21 14:51:55ID: BC  Data: 00 00 00 AA 00 00 00 00 
"
"2016-11-21 14:51:55ID: BB  Data: 00 00 00 AA 00 00 00 00 
"
"2016-11-21 14:51:55ID: BC  Data: 00 00 00 AA 00 00 00 00 
"
"2016-11-21 14:51:55ID: BB  Data: 00 00 00 AA 00 00 00 00 
"
"2016-11-21 14:51:55ID: BC  Data: 00 00 00 AA 00 00 00 00 
"
"2016-11-21 14:51:55ID: BB  Data: 00 00 00 AA 00 00 00 00 
"
"2016-11-21 14:51:55ID: BC  Data: 00 00 00 AA 00 00 00 00 
"
"2016-11-21 14:51:55ID: BB  Data: 00 00 00 AA 00 00 00 00 
"
"2016-11-21 14:51:55ID: BC  Data: 00 00 00 AA 00 00 00 00 
"
"2016-11-21 14:51:55ID: BB  Data: 00 00 00 AA 00 00 00 00 
"
"2016-11-21 14:51:55ID: BC  Data: 00 00 00 AA 00 00 00 00 
"
"2016-11-21 14:51:55ID: BB  Data: 00 00 00 AA 00 00 00 00 
"
"2016-11-21 14:51:55ID: BC  Data: 00 00 00 AA 00 00 00 00 
"
"2016-11-21 14:51:55ID: BB  Data: 00 00 00 AA 00 00 00 00 
"
"2016-11-21 14:51:55ID: BC  Data: 00 00 00 AA 00 00 00 00 
"
"2016-11-21 14:51:55ID: BB  Data: 00 00 00 AA 00 00 00 00 
"
"2016-11-21 14:51:55ID: BC  Data: 00 00 00 AA 00 00 00 00 
"
"2016-11-21 14:51:56ID: BB  Data: 00 00 00 AA 00 00 00 00 
"
"2016-11-21 14:51:56ID: BC  Data: 00 00 00 AA 00 00 00 00 
"
"2016-11-21 14:51:56ID: BB  Data: 00 00 00 AA 00 00 00 00 
"
"2016-11-21 14:51:56ID: BC  Data: 00 00 00 AA 00 00 00 00 
"
"2016-11-21 14:51:56ID: BB  Data: 00 00 00 AA 00 00 00 00 
"
"2016-11-21 14:51:56ID: BC  Data: 00 00 00 AA 00 00 00 00 
"
"2016-11-21 14:51:56ID: BB  Data: 00 00 00 AA 00 00 00 00 
"
"2016-11-21 14:51:56ID: BC  Data: 00 00 00 AA 00 00 00 00 
"
"2016-11-21 14:51:56ID: BB  Data: 00 00 00 AA 00 00 00 00 
"
"2016-11-21 14:51:56ID: BC  Data: 00 00 00 AA 00 00 00 00 
"
"2016-11-21 14:51:56ID: BB  Data: 00 00 00 AA 00 00 00 00 
"
"2016-11-21 14:51:56ID: BC  Data: 00 00 00 AA 00 00 00 00 
"
"2016-11-21 14:51:56ID: BB  Data: 00 00 00 AA 00 00 00 00 
"
"2016-11-21 14:51:56ID: BC  Data: 00 00 00 AA 00 00 00 00 
"
"2016-11-21 14:51:56ID: BB  Data: 00 00 00 AA 00 00 00 00 
"
"2016-11-21 14:51:56ID: BC  Data: 00 00 00 AA 00 00 00 00 
"
"2016-11-21 14:51:56ID: BB  Data: 00 00 00 AA 00 00 00 00 
"
"2016-11-21 14:51:56ID: BC  Data: 00 00 00 AA 00 00 00 00 
"
"2016-11-21 14:51:56ID: BB  Data: 00 00 00 AA 00 00 00 00 
"
"2016-11-21 14:51:56ID: BC  Data: 00 00 00 AA 00 00 00 00 
"
"2016-11-21 14:51:56ID: BB  Data: 00 00 00 AA 00 00 00 00 
"
"2016-11-21 14:51:56ID: BC  Data: 00 00 00 AA 00 00 00 00 
"
"2016-11-21 14:51:57ID: BB  Data: 00 00 00 AA 00 00 00 00 
"
"2016-11-21 14:51:57ID: BC  Data: 00 00 00 AA 00 00 00 00 
"
"2016-11-21 14:51:57ID: BB  Data: 00 00 00 AA 00 00 00 00 
"
"2016-11-21 14:51:57ID: BC  Data: 00 00 00 AA 00 00 00 00 
"
"2016-11-21 14:51:57ID: BB  Data: 00 00 00 AA 00 00 00 00 
"
"2016-11-21 14:51:57ID: BC  Data: 00 00 00 AA 00 00 00 00 
"
"2016-11-21 14:51:57ID: BB  Data: 00 00 00 AA 00 00 00 00 
"
"2016-11-21 14:51:57ID: BC  Data: 00 00 00 AA 00 00 00 00 
"
"2016-11-21 14:51:57ID: BB  Data: 00 00 00 AA 00 00 00 00 
"
"2016-11-21 14:51:57ID: BC  Data: 00 00 00 AA 00 00 00 00 
"
"2016-11-21 14:51:57ID: BB  Data: 00 00 00 AA 00 00 00 00 
"
"2016-11-21 14:51:57ID: BC  Data: 00 00 00 AA 00 00 00 00 
"
"2016-11-21 14:51:57ID: BB  Data: 00 00 00 AA 00 00 00 00 
"
"2016-11-21 14:51:57ID: BC  Data: 00 00 00 AA 00 00 00 00 
"
"2016-11-21 14:51:57ID: BB  Data: 00 00 00 AA 00 00 00 00 
"
"2016-11-21 14:51:57ID: BC  Data: 00 00 00 AA 00 00 00 00 
"
"2016-11-21 14:51:57ID: BB  Data: 00 00 00 AA 00 00 00 00 
"
"2016-11-21 14:51:57ID: BC  Data: 00 00 00 AA 00 00 00 00 
"
"2016-11-21 14:51:57ID: BB  Data: 00 00 00 AA 00 00 00 00 
"
"2016-11-21 14:51:57ID: BC  Data: 00 00 00 AA 00 00 00 00 
"
"2016-11-21 14:51:57ID: BB  Data: 00 00 00 AA 00 00 00 00 
"
"2016-11-21 14:51:57ID: BC  Data: 00 00 00 AA 00 00 00 00 
"
"2016-11-21 14:51:57ID: BB  Data: 00 00 00 AA 00 00 00 00 
"
"2016-11-21 14:51:57ID: BC  Data: 00 00 00 AA 00 00 00 00 
"
"2016-11-21 14:51:58ID: BB  Data: 00 00 00 AA 00 00 00 00 
"
"2016-11-21 14:51:58ID: BC  Data: 00 00 00 AA 00 00 00 00 
"
"2016-11-21 14:51:58ID: BB  Data: 00 00 00 AA 00 00 00 00 
"
"2016-11-21 14:51:58ID: BC  Data: 00 00 00 AA 00 00 00 00 
"
"2016-11-21 14:51:58ID: BB  Data: 00 00 00 AA 00 00 00 00 
"
"2016-11-21 14:51:58ID: BC  Data: 00 00 00 AA 00 00 00 00 
"
"2016-11-21 14:51:58ID: BB  Data: 00 00 00 AA 00 00 00 00 
"
"2016-11-21 14:51:58ID: BC  Data: 00 00 00 AA 00 00 00 00 
"
"2016-11-21 14:51:58ID: BB  Data: 00 00 00 AA 00 00 00 00 
"
"2016-11-21 14:51:58ID: BC  Data: 00 00 00 AA 00 00 00 00 
"
"2016-11-21 14:51:58ID: BB  Data: 00 00 00 AA 00 00 00 00 
"
"2016-11-21 14:51:58ID: BC  Data: 00 00 00 AA 00 00 00 00 
"
"2016-11-21 14:51:58ID: BB  Data: 00 00 00 AA 00 00 00 00 
"
"2016-11-21 14:51:58ID: BC  Data: 00 00 00 AA 00 00 00 00 
"
"2016-11-21 14:51:58ID: BB  Data: 00 00 00 AA 00 00 00 00 
"
"2016-11-21 14:51:58ID: BC  Data: 00 00 00 AA 00 00 00 00 
"
"2016-11-21 14:51:58ID: BB  Data: 00 00 00 AA 00 00 00 00 
"
"2016-11-21 14:51:58ID: BC  Data: 00 00 00 AA 00 00 00 00 
"
"2016-11-21 14:51:58ID: BB  Data: 00 00 00 AA 00 00 00 00 
"
"2016-11-21 14:51:58ID: BC  Data: 00 00 00 AA 00 00 00 00 
"
"2016-11-21 14:51:58ID: BB  Data: 00 00 00 AA 00 00 00 00 
"
"2016-11-21 14:51:58ID: BC  Data: 00 00 00 AA 00 00 00 00 
"
"2016-11-21 14:51:59ID: BB  Data: 00 00 00 AA 00 00 00 00 
"
"2016-11-21 14:51:59ID: BC  Data: 00 00 00 AA 00 00 00 00 
"
"2016-11-21 14:51:59ID: BB  Data: 00 00 00 AA 00 00 00 00 
"
"2016-11-21 14:51:59ID: BC  Data: 00 00 00 AA 00 00 00 00 
"
"2016-11-21 14:51:59ID: BB  Data: 00 00 00 AA 00 00 00 00 
"
"2016-11-21 14:51:59ID: BC  Data: 00 00 00 AA 00 00 00 00 
"
"2016-11-21 14:51:59ID: BB  Data: 00 00 00 AA 00 00 00 00 
"
"2016-11-21 14:51:59ID: BC  Data: 00 00 00 AA 00 00 00 00 
"
"2016-11-21 14:51:59ID: BB  Data: 00 00 00 AA 00 00 00 00 
"
"2016-11-21 14:51:59ID: BC  Data: 00 00 00 AA 00 00 00 00 
"
"2016-11-21 14:51:59ID: BB  Data: 00 00 00 AA 00 00 00 00 
"
"2016-11-21 14:51:59ID: BC  Data: 00 00 00 AA 00 00 00 00 
"
"2016-11-21 14:51:59ID: BB  Data: 00 00 00 AA 00 00 00 00 
"
"2016-11-21 14:51:59ID: BC  Data: 00 00 00 AA 00 00 00 00 
"
"2016-11-21 14:51:59ID: BB  Data: 00 00 00 AA 00 00 00 00 
"
"2016-11-21 14:51:59ID: BC  Data: 00 00 00 AA 00 00 00 00 
"
"2016-11-21 14:51:59ID: BB  Data: 00 00 00 AA 00 00 00 00 
"
"2016-11-21 14:51:59ID: BC  Data: 00 00 00 AA 00 00 00 00 
"
"2016-11-21 14:51:59ID: BB  Data: 00 00 00 AA 00 00 00 00 
"
"2016-11-21 14:51:59ID: BC  Data: 00 00 00 AA 00 00 00 00 
"
"2016-11-21 14:51:59ID: BB  Data: 00 00 00 AA 00 00 00 00 
"
"2016-11-21 14:51:59ID: BC  Data: 00 00 00 AA 00 00 00 00 
"
"2016-11-21 14:52:00ID: BB  Data: 00 00 00 AA 00 00 00 00 
"
"2016-11-21 14:52:00ID: BC  Data: 00 00 00 AA 00 00 00 00 
"
"2016-11-21 14:52:00ID: BB  Data: 00 00 00 AA 00 00 00 00 
"
"2016-11-21 14:52:00ID: BC  Data: 00 00 00 AA 00 00 00 00 
"
"2016-11-21 14:52:00ID: BB  Data: 00 00 00 AA 00 00 00 00 
"
"2016-11-21 14:52:00ID: BC  Data: 00 00 00 AA 00 00 00 00 
"
"2016-11-21 14:52:00ID: BB  Data: 00 00 00 AA 00 00 00 00 
"
"2016-11-21 14:52:00ID: BC  Data: 00 00 00 AA 00 00 00 00 
"
"2016-11-21 14:52:00ID: BB  Data: 00 00 00 AA 00 00 00 00 
"
"2016-11-21 14:52:00ID: BC  Data: 00 00 00 AA 00 00 00 00 
"
"2016-11-21 14:52:00ID: BB  Data: 00 00 00 AA 00 00 00 00 
"
"2016-11-21 14:52:00ID: BC  Data: 00 00 00 AA 00 00 00 00 
"
"2016-11-21 14:52:00ID: BB  Data: 00 00 00 AA 00 00 00 00 
"
"2016-11-21 14:52:00ID: BC  Data: 00 00 00 AA 00 00 00 00 
"
"2016-11-21 14:52:00ID: BB  Data: 00 00 00 AA 02 5F 4B 91 
"
"2016-11-21 14:52:00ID: BC  Data: 00 00 00 AA FD A0 B4 6F 
"
"2016-11-21 14:52:00ID: BB  Data: 00 00 00 AA 05 13 5C 1C 
"
"2016-11-21 14:52:00ID: BC  Data: 00 00 00 AA FA EC A3 E4 
"
"2016-11-21 14:52:00ID: BB  Data: 00 00 00 AA 07 18 6F 49 
"
"2016-11-21 14:52:00ID: BC  Data: 00 00 00 AA F8 E7 90 B7 
"
"2016-11-21 14:52:00ID: BB  Data: 00 00 00 AA 0A 74 E9 17 
"
"2016-11-21 14:52:00ID: BC  Data: 00 00 00 AA F5 8B 16 E9 
"
"2016-11-21 14:52:00ID: BB  Data: 00 00 00 AA 0C CF 81 B8 
"
"2016-11-21 14:52:00ID: BC  Data: 00 00 00 AA F3 30 7E 48 
"
"2016-11-21 14:52:01ID: BB  Data: 00 00 00 AA 0C D7 66 A7 
"
"2016-11-21 14:52:01ID: BC  Data: 00 00 00 AA F3 29 EA 2B 
"
"2016-11-21 14:52:01ID: BB  Data: 00 00 00 AA 0C F0 66 47 
"
"2016-11-21 14:52:01ID: BC  Data: 00 00 00 AA F3 0F 99 B9 
"
"2016-11-21 14:52:01ID: BB  Data: 00 00 00 AA 0D 34 D1 0A 
"
"2016-11-21 14:52:01ID: BC  Data: 00 00 00 AA F2 CB 2E F6 
"
"2016-11-21 14:52:01ID: BB  Data: 00 00 00 AA 0D 7A 8C 9F 
"
"2016-11-21 14:52:01ID: BC  Data: 00 00 00 AA F2 85 73 61 
"
"2016-11-21 14:52:01ID: BB  Data: 00 00 00 AA 0D 8F 99 C7 
"
"2016-11-21 14:52:01ID: BC  Data: 00 00 00 AA F2 70 66 39 
"
"2016-11-21 14:52:01ID: BB  Data: 00 00 00 AA 0D 98 CF 89 
"
"2016-11-21 14:52:01ID: BC  Data: 00 00 00 AA F2 67 30 77 
"
"2016-11-21 14:52:01ID: BB  Data: 00 00 00 AA 0D B9 B4 18 
"
"2016-11-21 14:52:01ID: BC  Data: 00 00 00 AA F2 46 4B E8 
"
"2016-11-21 14:52:01ID: BB  Data: 00 00 00 AA 0E 6A 02 49 
"
"2016-11-21 14:52:01ID: BC  Data: 00 00 00 AA F1 95 FD B7 
"
"2016-11-21 14:52:01ID: BB  Data: 00 00 00 AA 0E 71 E7 38 
"
"2016-11-21 14:52:01ID: BC  Data: 00 00 00 AA F1 8E 18 C8 
"
"2016-11-21 14:52:01ID: BB  Data: 00 00 00 AA 0E 6B 53 1C 
"
"2016-11-21 14:52:01ID: BC  Data: 00 00 00 AA F1 94 AC E4 
"
"2016-11-21 14:52:01ID: BB  Data: 00 00 00 AA 0E EC 43 B2 
"
"2016-11-21 14:52:01ID: BC  Data: 00 00 00 AA F1 13 BC 4E 
"
"2016-11-21 14:52:02ID: BB  Data: 00 00 00 AA 0E F8 1B 19 
"
"2016-11-21 14:52:02ID: BC  Data: 00 00 00 AA F1 07 E4 E7 
"
"2016-11-21 14:52:02ID: BB  Data: 00 00 00 AA 0E F8 1B 19 
"
"2016-11-21 14:52:02ID: BC  Data: 00 00 00 AA F1 07 E4 E7 
"
"2016-11-21 14:52:02ID: BB  Data: 00 00 00 AA 0E F6 CA 46 
"
"2016-11-21 14:52:02ID: BC  Data: 00 00 00 AA F1 09 35 BA 
"
"2016-11-21 14:52:02ID: BB  Data: 00 00 00 AA 0E F9 6B EC 
"
"2016-11-21 14:52:02ID: BC  Data: 00 00 00 AA F1 06 94 14 
"
"2016-11-21 14:52:02ID: BB  Data: 00 00 00 AA 0E F8 1B 19 
"
"2016-11-21 14:52:02ID: BC  Data: 00 00 00 AA F1 07 E4 E7 
"
"2016-11-21 14:52:02ID: BB  Data: 00 00 00 AA 0E F8 1B 19 
"
"2016-11-21 14:52:02ID: BC  Data: 00 00 00 AA F1 07 E4 E7 
"
"2016-11-21 14:52:02ID: BB  Data: 00 00 00 AA 0E F5 79 74 
"
"2016-11-21 14:52:02ID: BC  Data: 00 00 00 AA F1 0A 86 8C 
"
"2016-11-21 14:52:02ID: BB  Data: 00 00 00 AA 0E F8 1B 19 
"
"2016-11-21 14:52:02ID: BC  Data: 00 00 00 AA F1 07 E4 E7 
"
"2016-11-21 14:52:02ID: BB  Data: 00 00 00 AA 0E F6 CA 46 
"
"2016-11-21 14:52:02ID: BC  Data: 00 00 00 AA F1 09 35 BA 
"
"2016-11-21 14:52:02ID: BB  Data: 00 00 00 AA 0E F8 1B 19 
"
"2016-11-21 14:52:02ID: BC  Data: 00 00 00 AA F1 07 E4 E7 
"
"2016-11-21 14:52:02ID: BB  Data: 00 00 00 AA 0E F6 CA 46 
"
"2016-11-21 14:52:02ID: BC  Data: 00 00 00 AA F1 09 35 BA 
"
"2016-11-21 14:52:02ID: BB  Data: 00 00 00 AA 0E FA BC BE 
"
"2016-11-21 14:52:03ID: BC  Data: 00 00 00 AA F1 05 43 42 
"
"2016-11-21 14:52:03ID: BB  Data: 00 00 00 AA 0E F9 6B EC 
"
"2016-11-21 14:52:03ID: BC  Data: 00 00 00 AA F1 06 94 14 
"
"2016-11-21 14:52:03ID: BB  Data: 00 00 00 AA 0E F9 6B EC 
"
"2016-11-21 14:52:03ID: BC  Data: 00 00 00 AA F1 06 94 14 
"
"2016-11-21 14:52:03ID: BB  Data: 00 00 00 AA 0E F8 1B 19 
"
"2016-11-21 14:52:03ID: BC  Data: 00 00 00 AA F1 07 E4 E7 
"
"2016-11-21 14:52:03ID: BB  Data: 00 00 00 AA 0E F6 CA 46 
"
"2016-11-21 14:52:03ID: BC  Data: 00 00 00 AA F1 09 35 BA 
"
"2016-11-21 14:52:03ID: BB  Data: 00 00 00 AA 0E F8 1B 19 
"
"2016-11-21 14:52:03ID: BC  Data: 00 00 00 AA F1 07 E4 E7 
"
"2016-11-21 14:52:03ID: BB  Data: 00 00 00 AA 0E F8 1B 19 
"
"2016-11-21 14:52:03ID: BC  Data: 00 00 00 AA F1 07 E4 E7 
"
"2016-11-21 14:52:03ID: BB  Data: 00 00 00 AA 0E E4 5E C3 
"
"2016-11-21 14:52:03ID: BC  Data: 00 00 00 AA F1 1B A1 3D 
"
"2016-11-21 14:52:03ID: BB  Data: 00 00 00 AA 0E 81 B1 17 
"
"2016-11-21 14:52:03ID: BC  Data: 00 00 00 AA F1 7E 4E E9 
"
"2016-11-21 14:52:03ID: BB  Data: 00 00 00 AA 0E 2A DA D0 
"
"2016-11-21 14:52:03ID: BC  Data: 00 00 00 AA F1 D5 25 30 
"
"2016-11-21 14:52:03ID: BB  Data: 00 00 00 AA 0E 2A DA D0 
"
"2016-11-21 14:52:03ID: BC  Data: 00 00 00 AA F1 D5 25 30 
"
"2016-11-21 14:52:03ID: BB  Data: 00 00 00 AA 0E 30 1E 1A 
"
"2016-11-21 14:52:03ID: BC  Data: 00 00 00 AA F1 CF E1 E6 
"
"2016-11-21 14:52:04ID: BB  Data: 00 00 00 AA 0E 29 89 FE 
"
"2016-11-21 14:52:04ID: BC  Data: 00 00 00 AA F1 D6 76 02 
"
"2016-11-21 14:52:04ID: BB  Data: 00 00 00 AA 0E 00 C0 80 
"
"2016-11-21 14:52:04ID: BC  Data: 00 00 00 AA F1 FF 3F 80 
"
"2016-11-21 14:52:04ID: BB  Data: 00 00 00 AA 0D 32 2F 65 
"
"2016-11-21 14:52:04ID: BC  Data: 00 00 00 AA F2 CD D0 9B 
"
"2016-11-21 14:52:04ID: BB  Data: 00 00 00 AA 0B 4B 5F 22 
"
"2016-11-21 14:52:04ID: BC  Data: 00 00 00 AA F4 B4 A0 DE 
"
"2016-11-21 14:52:04ID: BB  Data: 00 00 00 AA 0A AD 7C 74 
"
"2016-11-21 14:52:04ID: BC  Data: 00 00 00 AA F5 52 83 8C 
"
"2016-11-21 14:52:04ID: BB  Data: 00 00 00 AA 0A 1E 12 D1 
"
"2016-11-21 14:52:04ID: BC  Data: 00 00 00 AA F5 E1 ED 2F 
"
"2016-11-21 14:52:04ID: BB  Data: 00 00 00 AA 09 5D FA C2 
"
"2016-11-21 14:52:04ID: BC  Data: 00 00 00 AA F6 A2 05 3E 
"
"2016-11-21 14:52:04ID: BB  Data: 00 00 00 AA 09 4C E0 11 
"
"2016-11-21 14:52:04ID: BC  Data: 00 00 00 AA F6 B3 1F EF 
"
"2016-11-21 14:52:04ID: BB  Data: 00 00 00 AA 04 97 AE D0 
"
"2016-11-21 14:52:04ID: BC  Data: 00 00 00 AA FB 68 51 30 
"
"2016-11-21 14:52:04ID: BB  Data: 00 00 00 AA 03 02 71 89 
"
"2016-11-21 14:52:04ID: BC  Data: 00 00 00 AA FC FD 8E 77 
"
"2016-11-21 14:52:04ID: BB  Data: 00 00 00 AA 02 A2 65 81 
"
"2016-11-21 14:52:04ID: BC  Data: 00 00 00 AA FD 5D 9A 7F 
"
"2016-11-21 14:52:05ID: BB  Data: 00 00 00 AA 02 73 07 E6 
"
"2016-11-21 14:52:05ID: BC  Data: 00 00 00 AA FD 8C F8 1A 
"
"2016-11-21 14:52:05ID: BB  Data: 00 00 00 AA 02 5C A9 EB 
"
"2016-11-21 14:52:05ID: BC  Data: 00 00 00 AA FD A3 56 15 
"
"2016-11-21 14:52:05ID: BB  Data: 00 00 00 AA 02 5B 59 19 
"
"2016-11-21 14:52:05ID: BC  Data: 00 00 00 AA FD A4 A6 E7 
"
"2016-11-21 14:52:05ID: BB  Data: 00 00 00 AA 02 5C A9 EB 
"
"2016-11-21 14:52:05ID: BC  Data: 00 00 00 AA FD A3 56 15 
"
"2016-11-21 14:52:05ID: BB  Data: 00 00 00 AA 02 7C 3D A8 
"
"2016-11-21 14:52:05ID: BC  Data: 00 00 00 AA FD 83 C2 58 
"
"2016-11-21 14:52:05ID: BB  Data: 00 00 00 AA 02 A1 14 AE 
"
"2016-11-21 14:52:05ID: BC  Data: 00 00 00 AA FD 5E EB 52 
"
"2016-11-21 14:52:05ID: BB  Data: 00 00 00 AA 04 4C AF F0 
"
"2016-11-21 14:52:05ID: BC  Data: 00 00 00 AA FB B3 50 10 
"
"2016-11-21 14:52:05ID: BB  Data: 00 00 00 AA 04 76 CA 41 
"
"2016-11-21 14:52:05ID: BC  Data: 00 00 00 AA FB 89 35 BF 
"
"2016-11-21 14:52:05ID: BB  Data: 00 00 00 AA 04 86 94 1F 
"
"2016-11-21 14:52:05ID: BC  Data: 00 00 00 AA FB 79 6B E1 
"
"2016-11-21 14:52:05ID: BB  Data: 00 00 00 AA 04 8B D7 69 
"
"2016-11-21 14:52:05ID: BC  Data: 00 00 00 AA FB 74 28 97 
"
"2016-11-21 14:52:05ID: BB  Data: 00 00 00 AA 04 B1 FF 42 
"
"2016-11-21 14:52:05ID: BC  Data: 00 00 00 AA FB 4E 00 BE 
"
"2016-11-21 14:52:05ID: BB  Data: 00 00 00 AA 04 D5 85 76 
"
"2016-11-21 14:52:05ID: BC  Data: 00 00 00 AA FB 2A 7A 8A 
"
"2016-11-21 14:52:06ID: BB  Data: 00 00 00 AA 05 13 5C 1C 
"
"2016-11-21 14:52:06ID: BC  Data: 00 00 00 AA FA EC A3 E4 
"
"2016-11-21 14:52:06ID: BB  Data: 00 00 00 AA 05 CA 3E 6A 
"
"2016-11-21 14:52:06ID: BC  Data: 00 00 00 AA FA 35 C1 96 
"
"2016-11-21 14:52:06ID: BB  Data: 00 00 00 AA 07 CA 0E 4D 
"
"2016-11-21 14:52:06ID: BC  Data: 00 00 00 AA F8 35 F1 B3 
"
"2016-11-21 14:52:06ID: BB  Data: 00 00 00 AA 0A 55 55 5B 
"
"2016-11-21 14:52:06ID: BC  Data: 00 00 00 AA F5 AA AA A5 
"
"2016-11-21 14:52:06ID: BB  Data: 00 00 00 AA 0C 8D B8 9A 
"
"2016-11-21 14:52:06ID: BC  Data: 00 00 00 AA F3 72 47 66 
"
"2016-11-21 14:52:06ID: BB  Data: 00 00 00 AA 0E CC AF F6 
"
"2016-11-21 14:52:06ID: BC  Data: 00 00 00 AA F1 33 50 0A 
"
"2016-11-21 14:52:06ID: BB  Data: 00 00 00 AA 0E F2 D7 CF 
"
"2016-11-21 14:52:06ID: BC  Data: 00 00 00 AA F1 0D 28 31 
"
"2016-11-21 14:52:06ID: BB  Data: 00 00 00 AA 0E F4 28 A1 
"
"2016-11-21 14:52:06ID: BC  Data: 00 00 00 AA F1 0B D7 5F 
"
"2016-11-21 14:52:06ID: BB  Data: 00 00 00 AA 0E F4 28 A1 
"
"2016-11-21 14:52:06ID: BC  Data: 00 00 00 AA F1 0B D7 5F 
"
"2016-11-21 14:52:06ID: BB  Data: 00 00 00 AA 0E F6 CA 46 
"
"2016-11-21 14:52:06ID: BC  Data: 00 00 00 AA F1 09 35 BA 
"
"2016-11-21 14:52:06ID: BB  Data: 00 00 00 AA 0E F4 28 A1 
"
"2016-11-21 14:52:06ID: BC  Data: 00 00 00 AA F1 0B D7 5F 
"
"2016-11-21 14:52:07ID: BB  Data: 00 00 00 AA 0E F6 CA 46 
"
"2016-11-21 14:52:07ID: BC  Data: 00 00 00 AA F1 09 35 BA 
"
"2016-11-21 14:52:07ID: BB  Data: 00 00 00 AA 0E F6 CA 46 
"
"2016-11-21 14:52:07ID: BC  Data: 00 00 00 AA F1 09 35 BA 
"
"2016-11-21 14:52:07ID: BB  Data: 00 00 00 AA 0E F6 CA 46 
"
"2016-11-21 14:52:07ID: BC  Data: 00 00 00 AA F1 09 35 BA 
"
"2016-11-21 14:52:07ID: BB  Data: 00 00 00 AA 0E F9 6B EC 
"
"2016-11-21 14:52:07ID: BC  Data: 00 00 00 AA F1 06 94 14 
"
"2016-11-21 14:52:07ID: BB  Data: 00 00 00 AA 0E F8 1B 19 
"
"2016-11-21 14:52:07ID: BC  Data: 00 00 00 AA F1 07 E4 E7 
"
"2016-11-21 14:52:07ID: BB  Data: 00 00 00 AA 0E F8 1B 19 
"
"2016-11-21 14:52:07ID: BC  Data: 00 00 00 AA F1 07 E4 E7 
"
"2016-11-21 14:52:07ID: BB  Data: 00 00 00 AA 0E F9 6B EC 
"
"2016-11-21 14:52:07ID: BC  Data: 00 00 00 AA F1 06 94 14 
"
"2016-11-21 14:52:07ID: BB  Data: 00 00 00 AA 0E F6 CA 46 
"
"2016-11-21 14:52:07ID: BC  Data: 00 00 00 AA F1 09 35 BA 
"
"2016-11-21 14:52:07ID: BB  Data: 00 00 00 AA 0E F6 CA 46 
"
"2016-11-21 14:52:07ID: BC  Data: 00 00 00 AA F1 09 35 BA 
"
"2016-11-21 14:52:07ID: BB  Data: 00 00 00 AA 0E F8 1B 19 
"
"2016-11-21 14:52:07ID: BC  Data: 00 00 00 AA F1 07 E4 E7 
"
"2016-11-21 14:52:07ID: BB  Data: 00 00 00 AA 0E F9 6B EC 
"
"2016-11-21 14:52:07ID: BC  Data: 00 00 00 AA F1 06 94 14 
"
"2016-11-21 14:52:08ID: BB  Data: 00 00 00 AA 0E F6 CA 46 
"
"2016-11-21 14:52:08ID: BC  Data: 00 00 00 AA F1 09 35 BA 
"
"2016-11-21 14:52:08ID: BB  Data: 00 00 00 AA 0E F9 6B EC 
"
"2016-11-21 14:52:08ID: BC  Data: 00 00 00 AA F1 06 94 14 
"
"2016-11-21 14:52:08ID: BB  Data: 00 00 00 AA 0E F8 1B 19 
"
"2016-11-21 14:52:08ID: BC  Data: 00 00 00 AA F1 07 E4 E7 
"
"2016-11-21 14:52:08ID: BB  Data: 00 00 00 AA 0E F6 CA 46 
"
"2016-11-21 14:52:08ID: BC  Data: 00 00 00 AA F1 09 35 BA 
"
"2016-11-21 14:52:08ID: BB  Data: 00 00 00 AA 0E F6 CA 46 
"
"2016-11-21 14:52:08ID: BC  Data: 00 00 00 AA F1 09 35 BA 
"
"2016-11-21 14:52:08ID: BB  Data: 00 00 00 AA 0E F9 6B EC 
"
"2016-11-21 14:52:08ID: BC  Data: 00 00 00 AA F1 06 94 14 
"
"2016-11-21 14:52:08ID: BB  Data: 00 00 00 AA 0E FA BC BE 
"
"2016-11-21 14:52:08ID: BC  Data: 00 00 00 AA F1 05 43 42 
"
"2016-11-21 14:52:08ID: BB  Data: 00 00 00 AA 0E F9 6B EC 
"
"2016-11-21 14:52:08ID: BC  Data: 00 00 00 AA F1 06 94 14 
"
"2016-11-21 14:52:08ID: BB  Data: 00 00 00 AA 0E F8 1B 19 
"
"2016-11-21 14:52:08ID: BC  Data: 00 00 00 AA F1 07 E4 E7 
"
"2016-11-21 14:52:08ID: BB  Data: 00 00 00 AA 0E F6 CA 46 
"
"2016-11-21 14:52:08ID: BC  Data: 00 00 00 AA F1 09 35 BA 
"
"2016-11-21 14:52:08ID: BB  Data: 00 00 00 AA 0E F9 6B EC 
"
"2016-11-21 14:52:08ID: BC  Data: 00 00 00 AA F1 06 94 14 
"
"2016-11-21 14:52:08ID: BB  Data: 00 00 00 AA 0E F8 1B 19 
"
"2016-11-21 14:52:08ID: BC  Data: 00 00 00 AA F1 07 E4 E7 
"
"2016-11-21 14:52:09ID: BB  Data: 00 00 00 AA 0E F8 1B 19 
"
"2016-11-21 14:52:09ID: BC  Data: 00 00 00 AA F1 07 E4 E7 
"
"2016-11-21 14:52:09ID: BB  Data: 00 00 00 AA 0E F8 1B 19 
"
"2016-11-21 14:52:09ID: BC  Data: 00 00 00 AA F1 07 E4 E7 
"
"2016-11-21 14:52:09ID: BB  Data: 00 00 00 AA 0E FA BC BE 
"
"2016-11-21 14:52:09ID: BC  Data: 00 00 00 AA F1 05 43 42 
"
"2016-11-21 14:52:09ID: BB  Data: 00 00 00 AA 0E F9 6B EC 
"
"2016-11-21 14:52:09ID: BC  Data: 00 00 00 AA F1 06 94 14 
"
"2016-11-21 14:52:09ID: BB  Data: 00 00 00 AA 0E F9 6B EC 
"
"2016-11-21 14:52:09ID: BC  Data: 00 00 00 AA F1 06 94 14 
"
"2016-11-21 14:52:09ID: BB  Data: 00 00 00 AA 0E F9 6B EC 
"
"2016-11-21 14:52:09ID: BC  Data: 00 00 00 AA F1 06 94 14 
"
"2016-11-21 14:52:09ID: BB  Data: 00 00 00 AA 0E F8 1B 19 
"
"2016-11-21 14:52:09ID: BC  Data: 00 00 00 AA F1 07 E4 E7 
"
"2016-11-21 14:52:09ID: BB  Data: 00 00 00 AA 0E F9 6B EC 
"
"2016-11-21 14:52:09ID: BC  Data: 00 00 00 AA F1 06 94 14 
"
"2016-11-21 14:52:09ID: BB  Data: 00 00 00 AA 0E F8 1B 19 
"
"2016-11-21 14:52:09ID: BC  Data: 00 00 00 AA F1 07 E4 E7 
"
"2016-11-21 14:52:09ID: BB  Data: 00 00 00 AA 0E F9 6B EC 
"
"2016-11-21 14:52:09ID: BC  Data: 00 00 00 AA F1 06 94 14 
"
"2016-11-21 14:52:09ID: BB  Data: 00 00 00 AA 0E F9 6B EC 
"
"2016-11-21 14:52:09ID: BC  Data: 00 00 00 AA F1 06 94 14 
"
"2016-11-21 14:52:10ID: BB  Data: 00 00 00 AA 0E F9 6B EC 
"
"2016-11-21 14:52:10ID: BC  Data: 00 00 00 AA F1 06 94 14 
"
"2016-11-21 14:52:10ID: BB  Data: 00 00 00 AA 0E F6 CA 46 
"
"2016-11-21 14:52:10ID: BC  Data: 00 00 00 AA F1 09 35 BA 
"
"2016-11-21 14:52:10ID: BB  Data: 00 00 00 AA 0E F8 1B 19 
"
"2016-11-21 14:52:10ID: BC  Data: 00 00 00 AA F1 07 E4 E7 
"
"2016-11-21 14:52:10ID: BB  Data: 00 00 00 AA 0E F9 6B EC 
"
"2016-11-21 14:52:10ID: BC  Data: 00 00 00 AA F1 06 94 14 
"
"2016-11-21 14:52:10ID: BB  Data: 00 00 00 AA 0E F8 1B 19 
"
"2016-11-21 14:52:10ID: BC  Data: 00 00 00 AA F1 07 E4 E7 
"
"2016-11-21 14:52:10ID: BB  Data: 00 00 00 AA 0E F8 1B 19 
"
"2016-11-21 14:52:10ID: BC  Data: 00 00 00 AA F1 07 E4 E7 
"
"2016-11-21 14:52:10ID: BB  Data: 00 00 00 AA 0E F6 CA 46 
"
"2016-11-21 14:52:10ID: BC  Data: 00 00 00 AA F1 09 35 BA 
"
"2016-11-21 14:52:10ID: BB  Data: 00 00 00 AA 0E F9 6B EC 
"
"2016-11-21 14:52:10ID: BC  Data: 00 00 00 AA F1 06 94 14 
"
"2016-11-21 14:52:10ID: BB  Data: 00 00 00 AA 0E F9 6B EC 
"
"2016-11-21 14:52:10ID: BC  Data: 00 00 00 AA F1 06 94 14 
"
"2016-11-21 14:52:10ID: BB  Data: 00 00 00 AA 0E F8 1B 19 
"
"2016-11-21 14:52:10ID: BC  Data: 00 00 00 AA F1 07 E4 E7 
"
"2016-11-21 14:52:10ID: BB  Data: 00 00 00 AA 0E F9 6B EC 
"
"2016-11-21 14:52:10ID: BC  Data: 00 00 00 AA F1 06 94 14 
"
"2016-11-21 14:52:10ID: BB  Data: 00 00 00 AA 0E F9 6B EC 
"
"2016-11-21 14:52:11ID: BC  Data: 00 00 00 AA F1 06 94 14 
"
"2016-11-21 14:52:11ID: BB  Data: 00 00 00 AA 0E F8 1B 19 
"
"2016-11-21 14:52:11ID: BC  Data: 00 00 00 AA F1 07 E4 E7 
"
"2016-11-21 14:52:11ID: BB  Data: 00 00 00 AA 0E F8 1B 19 
"
"2016-11-21 14:52:11ID: BC  Data: 00 00 00 AA F1 07 E4 E7 
"
"2016-11-21 14:52:11ID: BB  Data: 00 00 00 AA 0E F8 1B 19 
"
"2016-11-21 14:52:11ID: BC  Data: 00 00 00 AA F1 07 E4 E7 
"
"2016-11-21 14:52:11ID: BB  Data: 00 00 00 AA 0E FA BC BE 
"
"2016-11-21 14:52:11ID: BC  Data: 00 00 00 AA F1 05 43 42 
"
"2016-11-21 14:52:11ID: BB  Data: 00 00 00 AA 0E F9 6B EC 
"
"2016-11-21 14:52:11ID: BC  Data: 00 00 00 AA F1 06 94 14 
"
"2016-11-21 14:52:11ID: BB  Data: 00 00 00 AA 0E F9 6B EC 
"
"2016-11-21 14:52:11ID: BC  Data: 00 00 00 AA F1 06 94 14 
"
"2016-11-21 14:52:11ID: BB  Data: 00 00 00 AA 0E FA BC BE 
"
"2016-11-21 14:52:11ID: BC  Data: 00 00 00 AA F1 05 43 42 
"
"2016-11-21 14:52:11ID: BB  Data: 00 00 00 AA 0E F9 6B EC 
"
"2016-11-21 14:52:11ID: BC  Data: 00 00 00 AA F1 06 94 14 
"
"2016-11-21 14:52:11ID: BB  Data: 00 00 00 AA 0E F6 CA 46 
"
"2016-11-21 14:52:11ID: BC  Data: 00 00 00 AA F1 09 35 BA 
"
"2016-11-21 14:52:11ID: BB  Data: 00 00 00 AA 0E F8 1B 19 
"
"2016-11-21 14:52:11ID: BC  Data: 00 00 00 AA F1 07 E4 E7 
"
"2016-11-21 14:52:11ID: BB  Data: 00 00 00 AA 0E F6 CA 46 
"
"2016-11-21 14:52:11ID: BC  Data: 00 00 00 AA F1 09 35 BA 
"
"2016-11-21 14:52:12ID: BB  Data: 00 00 00 AA 0E F8 1B 19 
"
"2016-11-21 14:52:12ID: BC  Data: 00 00 00 AA F1 07 E4 E7 
"
"2016-11-21 14:52:12ID: BB  Data: 00 00 00 AA 0E F6 CA 46 
"
"2016-11-21 14:52:12ID: BC  Data: 00 00 00 AA F1 09 35 BA 
"
"2016-11-21 14:52:12ID: BB  Data: 00 00 00 AA 0E F9 6B EC 
"
"2016-11-21 14:52:12ID: BC  Data: 00 00 00 AA F1 06 94 14 
"
"2016-11-21 14:52:12ID: BB  Data: 00 00 00 AA 0E F8 1B 19 
"
"2016-11-21 14:52:12ID: BC  Data: 00 00 00 AA F1 07 E4 E7 
"
"2016-11-21 14:52:12ID: BB  Data: 00 00 00 AA 0E F9 6B EC 
"
"2016-11-21 14:52:12ID: BC  Data: 00 00 00 AA F1 06 94 14 
"
"2016-11-21 14:52:12ID: BB  Data: 00 00 00 AA 0E F9 6B EC 
"
"2016-11-21 14:52:12ID: BC  Data: 00 00 00 AA F1 06 94 14 
"
"2016-11-21 14:52:12ID: BB  Data: 00 00 00 AA 0E F8 1B 19 
"
"2016-11-21 14:52:12ID: BC  Data: 00 00 00 AA F1 07 E4 E7 
"
"2016-11-21 14:52:12ID: BB  Data: 00 00 00 AA 0E F9 6B EC 
"
"2016-11-21 14:52:12ID: BC  Data: 00 00 00 AA F1 06 94 14 
"
"2016-11-21 14:52:12ID: BB  Data: 00 00 00 AA 0E F9 6B EC 
"
"2016-11-21 14:52:12ID: BC  Data: 00 00 00 AA F1 06 94 14 
"
"2016-11-21 14:52:12ID: BB  Data: 00 00 00 AA 0E F9 6B EC 
"
"2016-11-21 14:52:12ID: BC  Data: 00 00 00 AA F1 06 94 14 
"
"2016-11-21 14:52:12ID: BB  Data: 00 00 00 AA 0E F8 1B 19 
"
"2016-11-21 14:52:12ID: BC  Data: 00 00 00 AA F1 07 E4 E7 
"
"2016-11-21 14:52:13ID: BB  Data: 00 00 00 AA 0E F9 6B EC 
"
"2016-11-21 14:52:13ID: BC  Data: 00 00 00 AA F1 06 94 14 
"
"2016-11-21 14:52:13ID: BB  Data: 00 00 00 AA 0E FA BC BE 
"
"2016-11-21 14:52:13ID: BC  Data: 00 00 00 AA F1 05 43 42 
"
"2016-11-21 14:52:13ID: BB  Data: 00 00 00 AA 0E F8 1B 19 
"
"2016-11-21 14:52:13ID: BC  Data: 00 00 00 AA F1 07 E4 E7 
"
"2016-11-21 14:52:13ID: BB  Data: 00 00 00 AA 0E F6 CA 46 
"
"2016-11-21 14:52:13ID: BC  Data: 00 00 00 AA F1 09 35 BA 
"
"2016-11-21 14:52:13ID: BB  Data: 00 00 00 AA 0E F9 6B EC 
"
"2016-11-21 14:52:13ID: BC  Data: 00 00 00 AA F1 06 94 14 
"
"2016-11-21 14:52:13ID: BB  Data: 00 00 00 AA 0E F8 1B 19 
"
"2016-11-21 14:52:13ID: BC  Data: 00 00 00 AA F1 07 E4 E7 
"
"2016-11-21 14:52:13ID: BB  Data: 00 00 00 AA 0E F9 6B EC 
"
"2016-11-21 14:52:13ID: BC  Data: 00 00 00 AA F1 06 94 14 
"
"2016-11-21 14:52:13ID: BB  Data: 00 00 00 AA 0E F6 CA 46 
"
"2016-11-21 14:52:13ID: BC  Data: 00 00 00 AA F1 09 35 BA 
"
"2016-11-21 14:52:13ID: BB  Data: 00 00 00 AA 0E F9 6B EC 
"
"2016-11-21 14:52:13ID: BC  Data: 00 00 00 AA F1 06 94 14 
"
"2016-11-21 14:52:13ID: BB  Data: 00 00 00 AA 0E F8 1B 19 
"
"2016-11-21 14:52:13ID: BC  Data: 00 00 00 AA F1 07 E4 E7 
"
"2016-11-21 14:52:13ID: BB  Data: 00 00 00 AA 0E F9 6B EC 
"
"2016-11-21 14:52:13ID: BC  Data: 00 00 00 AA F1 06 94 14 
"
"2016-11-21 14:52:13ID: BB  Data: 00 00 00 AA 0E F8 1B 19 
"
"2016-11-21 14:52:13ID: BC  Data: 00 00 00 AA F1 07 E4 E7 
"
"2016-11-21 14:52:14ID: BB  Data: 00 00 00 AA 0E F6 CA 46 
"
"2016-11-21 14:52:14ID: BC  Data: 00 00 00 AA F1 09 35 BA 
"
"2016-11-21 14:52:14ID: BB  Data: 00 00 00 AA 0E F6 CA 46 
"
"2016-11-21 14:52:14ID: BC  Data: 00 00 00 AA F1 09 35 BA 
"
"2016-11-21 14:52:14ID: BB  Data: 00 00 00 AA 0E F8 1B 19 
"
"2016-11-21 14:52:14ID: BC  Data: 00 00 00 AA F1 07 E4 E7 
"
"2016-11-21 14:52:14ID: BB  Data: 00 00 00 AA 0E F9 6B EC 
"
"2016-11-21 14:52:14ID: BC  Data: 00 00 00 AA F1 06 94 14 
"
"2016-11-21 14:52:14ID: BB  Data: 00 00 00 AA 0E F6 CA 46 
"
"2016-11-21 14:52:14ID: BC  Data: 00 00 00 AA F1 09 35 BA 
"
"2016-11-21 14:52:14ID: BB  Data: 00 00 00 AA 0E F8 1B 19 
"
"2016-11-21 14:52:14ID: BC  Data: 00 00 00 AA F1 07 E4 E7 
"
"2016-11-21 14:52:14ID: BB  Data: 00 00 00 AA 0E F5 79 74 
"
"2016-11-21 14:52:14ID: BC  Data: 00 00 00 AA F1 0A 86 8C 
"
"2016-11-21 14:52:14ID: BB  Data: 00 00 00 AA 0E 18 6F 4D 
"
"2016-11-21 14:52:14ID: BC  Data: 00 00 00 AA F1 E7 90 B3 
"
"2016-11-21 14:52:14ID: BB  Data: 00 00 00 AA 09 47 9C C7 
"
"2016-11-21 14:52:14ID: BC  Data: 00 00 00 AA F6 B8 63 39 
"
"2016-11-21 14:52:14ID: BB  Data: 00 00 00 AA 04 B0 AE 70 
"
"2016-11-21 14:52:14ID: BC  Data: 00 00 00 AA FB 4F 51 90 
"
"2016-11-21 14:52:14ID: BB  Data: 00 00 00 AA 03 25 F7 BD 
"
"2016-11-21 14:52:14ID: BC  Data: 00 00 00 AA FC DA 08 43 
"
"2016-11-21 14:52:15ID: BB  Data: 00 00 00 AA 02 00 90 5B 
"
"2016-11-21 14:52:15ID: BC  Data: 00 00 00 AA FD FF 6F A5 
"
"2016-11-21 14:52:15ID: BB  Data: 00 00 00 AA 01 84 E3 0F 
"
"2016-11-21 14:52:15ID: BC  Data: 00 00 00 AA FE 7B 1C F1 
"
"2016-11-21 14:52:15ID: BB  Data: 00 00 00 AA 00 00 00 00 
"
"2016-11-21 14:52:15ID: BC  Data: 00 00 00 AA 00 00 00 00 
"
"2016-11-21 14:52:15ID: BB  Data: 00 00 00 AA 00 00 00 00 
"
"2016-11-21 14:52:15ID: BC  Data: 00 00 00 AA 00 00 00 00 
"
"2016-11-21 14:52:15ID: BB  Data: 00 00 00 AA 00 00 00 00 
"
"2016-11-21 14:52:15ID: BC  Data: 00 00 00 AA 00 00 00 00 
"
"2016-11-21 14:52:15ID: BB  Data: 00 00 00 AA 00 00 00 00 
"
"2016-11-21 14:52:15ID: BC  Data: 00 00 00 AA 00 00 00 00 
"
"2016-11-21 14:52:15ID: BB  Data: 00 00 00 AA 00 00 00 00 
"
"2016-11-21 14:52:15ID: BC  Data: 00 00 00 AA 00 00 00 00 
"
"2016-11-21 14:52:15ID: BB  Data: 00 00 00 AA 02 28 09 07 
"
"2016-11-21 14:52:15ID: BC  Data: 00 00 00 AA FD D7 F6 F9 
"
"2016-11-21 14:52:15ID: BB  Data: 00 00 00 AA 05 CC E0 0F 
"
"2016-11-21 14:52:15ID: BC  Data: 00 00 00 AA FA 33 1F F1 
"
"2016-11-21 14:52:15ID: BB  Data: 00 00 00 AA 0C 90 5A 3F 
"
"2016-11-21 14:52:15ID: BC  Data: 00 00 00 AA F3 6F A5 C1 
"
"2016-11-21 14:52:15ID: BB  Data: 00 00 00 AA 0E E4 5E C3 
"
"2016-11-21 14:52:15ID: BC  Data: 00 00 00 AA F1 1B A1 3D 
"
"2016-11-21 14:52:16ID: BB  Data: 00 00 00 AA 0E F0 36 2A 
"
"2016-11-21 14:52:16ID: BC  Data: 00 00 00 AA F1 0F C9 D6 
"
"2016-11-21 14:52:16ID: BB  Data: 00 00 00 AA 0E F4 28 A1 
"
"2016-11-21 14:52:16ID: BC  Data: 00 00 00 AA F1 0B D7 5F 
"
"2016-11-21 14:52:16ID: BB  Data: 00 00 00 AA 0E F4 28 A1 
"
"2016-11-21 14:52:16ID: BC  Data: 00 00 00 AA F1 0B D7 5F 
"
"2016-11-21 14:52:16ID: BB  Data: 00 00 00 AA 0E F5 79 74 
"
"2016-11-21 14:52:16ID: BC  Data: 00 00 00 AA F1 0A 86 8C 
"
"2016-11-21 14:52:16ID: BB  Data: 00 00 00 AA 0E F5 79 74 
"
"2016-11-21 14:52:16ID: BC  Data: 00 00 00 AA F1 0A 86 8C 
"
"2016-11-21 14:52:16ID: BB  Data: 00 00 00 AA 0E F8 1B 19 
"
"2016-11-21 14:52:16ID: BC  Data: 00 00 00 AA F1 07 E4 E7 
"
"2016-11-21 14:52:16ID: BB  Data: 00 00 00 AA 0E F6 CA 46 
"
"2016-11-21 14:52:16ID: BC  Data: 00 00 00 AA F1 09 35 BA 
"
"2016-11-21 14:52:16ID: BB  Data: 00 00 00 AA 0E F8 1B 19 
"
"2016-11-21 14:52:16ID: BC  Data: 00 00 00 AA F1 07 E4 E7 
"
"2016-11-21 14:52:16ID: BB  Data: 00 00 00 AA 0E F6 CA 46 
"
"2016-11-21 14:52:16ID: BC  Data: 00 00 00 AA F1 09 35 BA 
"
"2016-11-21 14:52:16ID: BB  Data: 00 00 00 AA 0E F6 CA 46 
"
"2016-11-21 14:52:16ID: BC  Data: 00 00 00 AA F1 09 35 BA 
"
"2016-11-21 14:52:16ID: BB  Data: 00 00 00 AA 0D 90 EA 9A 
"
"2016-11-21 14:52:16ID: BC  Data: 00 00 00 AA F2 6F 15 66 
"
"2016-11-21 14:52:16ID: BB  Data: 00 00 00 AA 06 53 13 F0 
"
"2016-11-21 14:52:16ID: BC  Data: 00 00 00 AA F9 AC EC 10 
"
"2016-11-21 14:52:17ID: BB  Data: 00 00 00 AA 02 00 90 5B 
"
"2016-11-21 14:52:17ID: BC  Data: 00 00 00 AA FD FF 6F A5 
"
"2016-11-21 14:52:17ID: BB  Data: 00 00 00 AA 01 A0 84 54 
"
"2016-11-21 14:52:17ID: BC  Data: 00 00 00 AA FE 5F 7B AC 
"
"2016-11-21 14:52:17ID: BB  Data: 00 00 00 AA 00 00 00 00 
"
"2016-11-21 14:52:17ID: BC  Data: 00 00 00 AA 00 00 00 00 
"
"2016-11-21 14:52:17ID: BB  Data: 00 00 00 AA 00 00 00 00 
"
"2016-11-21 14:52:17ID: BC  Data: 00 00 00 AA 00 00 00 00 
"
"2016-11-21 14:52:17ID: BB  Data: 00 00 00 AA 00 00 00 00 
"
"2016-11-21 14:52:17ID: BC  Data: 00 00 00 AA 00 00 00 00 
"
"2016-11-21 14:52:17ID: BB  Data: 00 00 00 AA 00 00 00 00 
"
"2016-11-21 14:52:17ID: BC  Data: 00 00 00 AA 00 00 00 00 
"
"2016-11-21 14:52:17ID: BB  Data: 00 00 00 AA 00 00 00 00 
"
"2016-11-21 14:52:17ID: BC  Data: 00 00 00 AA 00 00 00 00 
"
"2016-11-21 14:52:17ID: BB  Data: 00 00 00 AA 00 00 00 00 
"
"2016-11-21 14:52:17ID: BC  Data: 00 00 00 AA 00 00 00 00 
"
"2016-11-21 14:52:17ID: BB  Data: 00 00 00 AA 00 00 00 00 
"
"2016-11-21 14:52:17ID: BC  Data: 00 00 00 AA 00 00 00 00 
"
"2016-11-21 14:52:17ID: BB  Data: 00 00 00 AA 00 00 00 00 
"
"2016-11-21 14:52:17ID: BC  Data: 00 00 00 AA 00 00 00 00 
"
"2016-11-21 14:52:17ID: BB  Data: 00 00 00 AA 00 00 00 00 
"
"2016-11-21 14:52:17ID: BC  Data: 00 00 00 AA 00 00 00 00 
"
"2016-11-21 14:52:18ID: BB  Data: 00 00 00 AA 00 00 00 00 
"
"2016-11-21 14:52:18ID: BC  Data: 00 00 00 AA 00 00 00 00 
"
"2016-11-21 14:52:18ID: BB  Data: 00 00 00 AA 00 00 00 00 
"
"2016-11-21 14:52:18ID: BC  Data: 00 00 00 AA 00 00 00 00 
"
"2016-11-21 14:52:18ID: BB  Data: 00 00 00 AA 00 00 00 00 
"
"2016-11-21 14:52:18ID: BC  Data: 00 00 00 AA 00 00 00 00 
"
"2016-11-21 14:52:18ID: BB  Data: 00 00 00 AA 00 00 00 00 
"
"2016-11-21 14:52:18ID: BC  Data: 00 00 00 AA 00 00 00 00 
"
"2016-11-21 14:52:18ID: BB  Data: 00 00 00 AA 00 00 00 00 
"
"2016-11-21 14:52:18ID: BC  Data: 00 00 00 AA 00 00 00 00 
"
"2016-11-21 14:52:18ID: BB  Data: 00 00 00 AA 00 00 00 00 
"
"2016-11-21 14:52:18ID: BC  Data: 00 00 00 AA 00 00 00 00 
"
"2016-11-21 14:52:18ID: BB  Data: 00 00 00 AA 00 00 00 00 
"
"2016-11-21 14:52:18ID: BC  Data: 00 00 00 AA 00 00 00 00 
"
"2016-11-21 14:52:18ID: BB  Data: 00 00 00 AA 00 00 00 00 
"
"2016-11-21 14:52:18ID: BC  Data: 00 00 00 AA 00 00 00 00 
"
"2016-11-21 14:52:18ID: BB  Data: 00 00 00 AA 00 00 00 00 
"
"2016-11-21 14:52:18ID: BC  Data: 00 00 00 AA 00 00 00 00 
"
"2016-11-21 14:52:18ID: BB  Data: 00 00 00 AA 00 00 00 00 
"
"2016-11-21 14:52:18ID: BC  Data: 00 00 00 AA 00 00 00 00 
"
"2016-11-21 14:52:18ID: BB  Data: 00 00 00 AA 00 00 00 00 
"
"2016-11-21 14:52:18ID: BC  Data: 00 00 00 AA 00 00 00 00 
"
"2016-11-21 14:52:18ID: BB  Data: 00 00 00 AA 00 00 00 00 
"
"2016-11-21 14:52:19ID: BC  Data: 00 00 00 AA 00 00 00 00 
"
"2016-11-21 14:52:19ID: BB  Data: 00 00 00 AA 00 00 00 00 
"
"2016-11-21 14:52:19ID: BC  Data: 00 00 00 AA 00 00 00 00 
"
"2016-11-21 14:52:19ID: BB  Data: 00 00 00 AA 00 00 00 00 
"
"2016-11-21 14:52:19ID: BC  Data: 00 00 00 AA 00 00 00 00 
"
"2016-11-21 14:52:19ID: BB  Data: 00 00 00 AA 00 00 00 00 
"
"2016-11-21 14:52:19ID: BC  Data: 00 00 00 AA 00 00 00 00 
"
"2016-11-21 14:52:19ID: BB  Data: 00 00 00 AA 00 00 00 00 
"
"2016-11-21 14:52:19ID: BC  Data: 00 00 00 AA 00 00 00 00 
"
"2016-11-21 14:52:19ID: BB  Data: 00 00 00 AA 00 00 00 00 
"
"2016-11-21 14:52:19ID: BC  Data: 00 00 00 AA 00 00 00 00 
"
"2016-11-21 14:52:19ID: BB  Data: 00 00 00 AA 00 00 00 00 
"
"2016-11-21 14:52:19ID: BC  Data: 00 00 00 AA 00 00 00 00 
"
"2016-11-21 14:52:19ID: BB  Data: 00 00 00 AA 00 00 00 00 
"
"2016-11-21 14:52:19ID: BC  Data: 00 00 00 AA 00 00 00 00 
"
"2016-11-21 14:52:19ID: BB  Data: 00 00 00 AA 00 00 00 00 
"
"2016-11-21 14:52:19ID: BC  Data: 00 00 00 AA 00 00 00 00 
"
"2016-11-21 14:52:19ID: BB  Data: 00 00 00 AA 00 00 00 00 
"
"2016-11-21 14:52:19ID: BC  Data: 00 00 00 AA 00 00 00 00 
"
"2016-11-21 14:52:19ID: BB  Data: 00 00 00 AA 00 00 00 00 
"
"2016-11-21 14:52:19ID: BC  Data: 00 00 00 AA 00 00 00 00 
"
"2016-11-21 14:52:19ID: BB  Data: 00 00 00 AA 00 00 00 00 
"
"2016-11-21 14:52:19ID: BC  Data: 00 00 00 AA 00 00 00 00 
"
"2016-11-21 14:52:20ID: BB  Data: 00 00 00 AA 00 00 00 00 
"
"2016-11-21 14:52:20ID: BC  Data: 00 00 00 AA 00 00 00 00 
"
"2016-11-21 14:52:20ID: BB  Data: 00 00 00 AA 00 00 00 00 
"
"2016-11-21 14:52:20ID: BC  Data: 00 00 00 AA 00 00 00 00 
"
"2016-11-21 14:52:20ID: BB  Data: 00 00 00 AA 00 00 00 00 
"
"2016-11-21 14:52:20ID: BC  Data: 00 00 00 AA 00 00 00 00 
"
"2016-11-21 14:52:20ID: BB  Data: 00 00 00 AA 00 00 00 00 
"
"2016-11-21 14:52:20ID: BC  Data: 00 00 00 AA 00 00 00 00 
"
"2016-11-21 14:52:20ID: BB  Data: 00 00 00 AA 00 00 00 00 
"
"2016-11-21 14:52:20ID: BC  Data: 00 00 00 AA 00 00 00 00 
"
"2016-11-21 14:52:20ID: BB  Data: 00 00 00 AA 00 00 00 00 
"
"2016-11-21 14:52:20ID: BC  Data: 00 00 00 AA 00 00 00 00 
"
"2016-11-21 14:52:20ID: BB  Data: 00 00 00 AA 00 00 00 00 
"
"2016-11-21 14:52:20ID: BC  Data: 00 00 00 AA 00 00 00 00 
"
"2016-11-21 14:52:20ID: BB  Data: 00 00 00 AA 00 00 00 00 
"
"2016-11-21 14:52:20ID: BC  Data: 00 00 00 AA 00 00 00 00 
"
"2016-11-21 14:52:20ID: BB  Data: 00 00 00 AA 00 00 00 00 
"
"2016-11-21 14:52:20ID: BC  Data: 00 00 00 AA 00 00 00 00 
"
"2016-11-21 14:52:20ID: BB  Data: 00 00 00 AA 00 00 00 00 
"
"2016-11-21 14:52:20ID: BC  Data: 00 00 00 AA 00 00 00 00 
"
"2016-11-21 14:52:20ID: BB  Data: 00 00 00 AA 00 00 00 00 
"
"2016-11-21 14:52:20ID: BC  Data: 00 00 00 AA 00 00 00 00 
"
"2016-11-21 14:52:21ID: BB  Data: 00 00 00 AA 00 00 00 00 
"
"2016-11-21 14:52:21ID: BC  Data: 00 00 00 AA 00 00 00 00 
"
"2016-11-21 14:52:21ID: BB  Data: 00 00 00 AA 00 00 00 00 
"
"2016-11-21 14:52:21ID: BC  Data: 00 00 00 AA 00 00 00 00 
"
"2016-11-21 14:52:21ID: BB  Data: 00 00 00 AA 00 00 00 00 
"
"2016-11-21 14:52:21ID: BC  Data: 00 00 00 AA 00 00 00 00 
"
"2016-11-21 14:52:21ID: BB  Data: 00 00 00 AA 00 00 00 00 
"
"2016-11-21 14:52:21ID: BC  Data: 00 00 00 AA 00 00 00 00 
"
"2016-11-21 14:52:21ID: BB  Data: 00 00 00 AA 00 00 00 00 
"
"2016-11-21 14:52:21ID: BC  Data: 00 00 00 AA 00 00 00 00 
"
"2016-11-21 14:52:21ID: BB  Data: 00 00 00 AA 00 00 00 00 
"
"2016-11-21 14:52:21ID: BC  Data: 00 00 00 AA 00 00 00 00 
"
"2016-11-21 14:52:21ID: BB  Data: 00 00 00 AA 00 00 00 00 
"
"2016-11-21 14:52:21ID: BC  Data: 00 00 00 AA 00 00 00 00 
"
"2016-11-21 14:52:21ID: BB  Data: 00 00 00 AA 00 00 00 00 
"
"2016-11-21 14:52:21ID: BC  Data: 00 00 00 AA 00 00 00 00 
"
"2016-11-21 14:52:21ID: BB  Data: 00 00 00 AA 00 00 00 00 
"
"2016-11-21 14:52:21ID: BC  Data: 00 00 00 AA 00 00 00 00 
"
"2016-11-21 14:52:21ID: BB  Data: 00 00 00 AA 00 00 00 00 
"
"2016-11-21 14:52:21ID: BC  Data: 00 00 00 AA 00 00 00 00 
"
"2016-11-21 14:52:21ID: BB  Data: 00 00 00 AA 00 00 00 00 
"
"2016-11-21 14:52:21ID: BC  Data: 00 00 00 AA 00 00 00 00 
"
"2016-11-21 14:52:21ID: BB  Data: 00 00 00 AA 00 00 00 00 
"
"2016-11-21 14:52:21ID: BC  Data: 00 00 00 AA 00 00 00 00 
"
"2016-11-21 14:52:22ID: BB  Data: 00 00 00 AA 00 00 00 00 
"
"2016-11-21 14:52:22ID: BC  Data: 00 00 00 AA 00 00 00 00 
"
"2016-11-21 14:52:22ID: BB  Data: 00 00 00 AA 00 00 00 00 
"
"2016-11-21 14:52:22ID: BC  Data: 00 00 00 AA 00 00 00 00 
"
"2016-11-21 14:52:22ID: BB  Data: 00 00 00 AA 00 00 00 00 
"
"2016-11-21 14:52:22ID: BC  Data: 00 00 00 AA 00 00 00 00 
"
"2016-11-21 14:52:22ID: BB  Data: 00 00 00 AA 00 00 00 00 
"
"2016-11-21 14:52:22ID: BC  Data: 00 00 00 AA 00 00 00 00 
"
"2016-11-21 14:52:22ID: BB  Data: 00 00 00 AA 00 00 00 00 
"
"2016-11-21 14:52:22ID: BC  Data: 00 00 00 AA 00 00 00 00 
"
"2016-11-21 14:52:22ID: BB  Data: 00 00 00 AA 00 00 00 00 
"
"2016-11-21 14:52:22ID: BC  Data: 00 00 00 AA 00 00 00 00 
"
"2016-11-21 14:52:22ID: BB  Data: 00 00 00 AA 00 00 00 00 
"
"2016-11-21 14:52:22ID: BC  Data: 00 00 00 AA 00 00 00 00 
"
"2016-11-21 14:52:22ID: BB  Data: 00 00 00 AA 00 00 00 00 
"
"2016-11-21 14:52:22ID: BC  Data: 00 00 00 AA 00 00 00 00 
"
"2016-11-21 14:52:22ID: BB  Data: 00 00 00 AA 00 00 00 00 
"
"2016-11-21 14:52:22ID: BC  Data: 00 00 00 AA 00 00 00 00 
"
"2016-11-21 14:52:22ID: BB  Data: 00 00 00 AA 00 00 00 00 
"
"2016-11-21 14:52:22ID: BC  Data: 00 00 00 AA 00 00 00 00 
"
"2016-11-21 14:52:22ID: BB  Data: 00 00 00 AA 00 00 00 00 
"
"2016-11-21 14:52:22ID: BC  Data: 00 00 00 AA 00 00 00 00 
"
"2016-11-21 14:52:23ID: BB  Data: 00 00 00 AA 00 00 00 00 
"
"2016-11-21 14:52:23ID: BC  Data: 00 00 00 AA 00 00 00 00 
"
"2016-11-21 14:52:23ID: BB  Data: 00 00 00 AA 00 00 00 00 
"
"2016-11-21 14:52:23ID: BC  Data: 00 00 00 AA 00 00 00 00 
"
"2016-11-21 14:52:23ID: BB  Data: 00 00 00 AA 00 00 00 00 
"
"2016-11-21 14:52:23ID: BC  Data: 00 00 00 AA 00 00 00 00 
"
"2016-11-21 14:52:23ID: BB  Data: 00 00 00 AA 00 00 00 00 
"
"2016-11-21 14:52:23ID: BC  Data: 00 00 00 AA 00 00 00 00 
"
"2016-11-21 14:52:23ID: BB  Data: 00 00 00 AA 00 00 00 00 
"
"2016-11-21 14:52:23ID: BC  Data: 00 00 00 AA 00 00 00 00 
"
"2016-11-21 14:52:23ID: BB  Data: 00 00 00 AA 00 00 00 00 
"
"2016-11-21 14:52:23ID: BC  Data: 00 00 00 AA 00 00 00 00 
"
"2016-11-21 14:52:23ID: BB  Data: 00 00 00 AA 00 00 00 00 
"
"2016-11-21 14:52:23ID: BC  Data: 00 00 00 AA 00 00 00 00 
"
"2016-11-21 14:52:23ID: BB  Data: 00 00 00 AA 00 00 00 00 
"
"2016-11-21 14:52:23ID: BC  Data: 00 00 00 AA 00 00 00 00 
"
"2016-11-21 14:52:23ID: BB  Data: 00 00 00 AA 00 00 00 00 
"
"2016-11-21 14:52:23ID: BC  Data: 00 00 00 AA 00 00 00 00 
"
"2016-11-21 14:52:23ID: BB  Data: 00 00 00 AA 00 00 00 00 
"
"2016-11-21 14:52:23ID: BC  Data: 00 00 00 AA 00 00 00 00 
"
"2016-11-21 14:52:23ID: BB  Data: 00 00 00 AA 00 00 00 00 
"
"2016-11-21 14:52:23ID: BC  Data: 00 00 00 AA 00 00 00 00 
"
"2016-11-21 14:52:24ID: BB  Data: 00 00 00 AA 00 00 00 00 
"
"2016-11-21 14:52:24ID: BC  Data: 00 00 00 AA 00 00 00 00 
"
"2016-11-21 14:52:24ID: BB  Data: 00 00 00 AA 00 00 00 00 
"
"2016-11-21 14:52:24ID: BC  Data: 00 00 00 AA 00 00 00 00 
"
"2016-11-21 14:52:24ID: BB  Data: 00 00 00 AA 00 00 00 00 
"
"2016-11-21 14:52:24ID: BC  Data: 00 00 00 AA 00 00 00 00 
"
"2016-11-21 14:52:24ID: BB  Data: 00 00 00 AA 00 00 00 00 
"
"2016-11-21 14:52:24ID: BC  Data: 00 00 00 AA 00 00 00 00 
"
"2016-11-21 14:52:24ID: BB  Data: 00 00 00 AA 00 00 00 00 
"
"2016-11-21 14:52:24ID: BC  Data: 00 00 00 AA 00 00 00 00 
"
"2016-11-21 14:52:24ID: BB  Data: 00 00 00 AA 00 00 00 00 
"
"2016-11-21 14:52:24ID: BC  Data: 00 00 00 AA 00 00 00 00 
"
"2016-11-21 14:52:24ID: BB  Data: 00 00 00 AA 00 00 00 00 
"
"2016-11-21 14:52:24ID: BC  Data: 00 00 00 AA 00 00 00 00 
"
"2016-11-21 14:52:24ID: BB  Data: 00 00 00 AA 00 00 00 00 
"
"2016-11-21 14:52:24ID: BC  Data: 00 00 00 AA 00 00 00 00 
"
"2016-11-21 14:52:24ID: BB  Data: 00 00 00 AA 00 00 00 00 
"
"2016-11-21 14:52:24ID: BC  Data: 00 00 00 AA 00 00 00 00 
"
"2016-11-21 14:52:24ID: BB  Data: 00 00 00 AA 00 00 00 00 
"
"2016-11-21 14:52:24ID: BC  Data: 00 00 00 AA 00 00 00 00 
"
"2016-11-21 14:52:24ID: BB  Data: 00 00 00 AA 00 00 00 00 
"
"2016-11-21 14:52:24ID: BC  Data: 00 00 00 AA 00 00 00 00 
"
"2016-11-21 14:52:24ID: BB  Data: 00 00 00 AA 00 00 00 00 
"
"2016-11-21 14:52:24ID: BC  Data: 00 00 00 AA 00 00 00 00 
"
"2016-11-21 14:52:25ID: BB  Data: 00 00 00 AA 00 00 00 00 
"
"2016-11-21 14:52:25ID: BC  Data: 00 00 00 AA 00 00 00 00 
"
"2016-11-21 14:52:25ID: BB  Data: 00 00 00 AA 00 00 00 00 
"
"2016-11-21 14:52:25ID: BC  Data: 00 00 00 AA 00 00 00 00 
"
"2016-11-21 14:52:25ID: BB  Data: 00 00 00 AA 00 00 00 00 
"
"2016-11-21 14:52:25ID: BC  Data: 00 00 00 AA 00 00 00 00 
"
"2016-11-21 14:52:25ID: BB  Data: 00 00 00 AA 00 00 00 00 
"
"2016-11-21 14:52:25ID: BC  Data: 00 00 00 AA 00 00 00 00 
"
"2016-11-21 14:52:25ID: BB  Data: 00 00 00 AA 00 00 00 00 
"
"2016-11-21 14:52:25ID: BC  Data: 00 00 00 AA 00 00 00 00 
"
"2016-11-21 14:52:25ID: BB  Data: 00 00 00 AA 00 00 00 00 
"
"2016-11-21 14:52:25ID: BC  Data: 00 00 00 AA 00 00 00 00 
"
"2016-11-21 14:52:25ID: BB  Data: 00 00 00 AA 00 00 00 00 
"
"2016-11-21 14:52:25ID: BC  Data: 00 00 00 AA 00 00 00 00 
"
"2016-11-21 14:52:25ID: BB  Data: 00 00 00 AA 00 00 00 00 
"
"2016-11-21 14:52:25ID: BC  Data: 00 00 00 AA 00 00 00 00 
"
"2016-11-21 14:52:25ID: BB  Data: 00 00 00 AA 00 00 00 00 
"
"2016-11-21 14:52:25ID: BC  Data: 00 00 00 AA 00 00 00 00 
"
"2016-11-21 14:52:25ID: BB  Data: 00 00 00 AA 00 00 00 00 
"
"2016-11-21 14:52:25ID: BC  Data: 00 00 00 AA 00 00 00 00 
"
"2016-11-21 14:52:25ID: BB  Data: 00 00 00 AA 01 D9 17 B0 
"
"2016-11-21 14:52:25ID: BC  Data: 00 00 00 AA FE 26 E8 50 
"
"2016-11-21 14:52:26ID: BB  Data: 00 00 00 AA 00 00 00 00 
"
"2016-11-21 14:52:26ID: BC  Data: 00 00 00 AA 00 00 00 00 
"
"2016-11-21 14:52:26ID: BB  Data: 00 00 00 AA 00 00 00 00 
"
"2016-11-21 14:52:26ID: BC  Data: 00 00 00 AA 00 00 00 00 
"
"2016-11-21 14:52:26ID: BB  Data: 00 00 00 AA 00 00 00 00 
"
"2016-11-21 14:52:26ID: BC  Data: 00 00 00 AA 00 00 00 00 
"
"2016-11-21 14:52:26ID: BB  Data: 00 00 00 AA 00 00 00 00 
"
"2016-11-21 14:52:26ID: BC  Data: 00 00 00 AA 00 00 00 00 
"
"2016-11-21 14:52:26ID: BB  Data: 00 00 00 AA 00 00 00 00 
"
"2016-11-21 14:52:26ID: BC  Data: 00 00 00 AA 00 00 00 00 
"
"2016-11-21 14:52:26ID: BB  Data: 00 00 00 AA 00 00 00 00 
"
"2016-11-21 14:52:26ID: BC  Data: 00 00 00 AA 00 00 00 00 
"
"2016-11-21 14:52:26ID: BB  Data: 00 00 00 AA 00 00 00 00 
"
"2016-11-21 14:52:26ID: BC  Data: 00 00 00 AA 00 00 00 00 
"
"2016-11-21 14:52:26ID: BB  Data: 00 00 00 AA 00 00 00 00 
"
"2016-11-21 14:52:26ID: BC  Data: 00 00 00 AA 00 00 00 00 
"
"2016-11-21 14:52:26ID: BB  Data: 00 00 00 AA 00 00 00 00 
"
"2016-11-21 14:52:26ID: BC  Data: 00 00 00 AA 00 00 00 00 
"
"2016-11-21 14:52:26ID: BB  Data: 00 00 00 AA 00 00 00 00 
"
"2016-11-21 14:52:26ID: BC  Data: 00 00 00 AA 00 00 00 00 
"
"2016-11-21 14:52:26ID: BB  Data: 00 00 00 AA 00 00 00 00 
"
"2016-11-21 14:52:26ID: BC  Data: 00 00 00 AA 00 00 00 00 
"
"2016-11-21 14:52:26ID: BB  Data: 00 00 00 AA 00 00 00 00 
"
"2016-11-21 14:52:27ID: BC  Data: 00 00 00 AA 00 00 00 00 
"
"2016-11-21 14:52:27ID: BB  Data: 00 00 00 AA 00 00 00 00 
"
"2016-11-21 14:52:27ID: BC  Data: 00 00 00 AA 00 00 00 00 
"
"2016-11-21 14:52:27ID: BB  Data: 00 00 00 AA 00 00 00 00 
"
"2016-11-21 14:52:27ID: BC  Data: 00 00 00 AA 00 00 00 00 
"
"2016-11-21 14:52:27ID: BB  Data: 00 00 00 AA 00 00 00 00 
"
"2016-11-21 14:52:27ID: BC  Data: 00 00 00 AA 00 00 00 00 
"
"2016-11-21 14:52:27ID: BB  Data: 00 00 00 AA 02 E0 3C 27 
"
"2016-11-21 14:52:27ID: BC  Data: 00 00 00 AA FD 1F C3 D9 
"
"2016-11-21 14:52:27ID: BB  Data: 00 00 00 AA 04 DC 19 93 
"
"2016-11-21 14:52:27ID: BC  Data: 00 00 00 AA FB 23 E6 6D 
"
"2016-11-21 14:52:27ID: BB  Data: 00 00 00 AA 06 BE F7 5E 
"
"2016-11-21 14:52:27ID: BC  Data: 00 00 00 AA F9 41 08 A2 
"
"2016-11-21 14:52:27ID: BB  Data: 00 00 00 AA 06 F6 39 E8 
"
"2016-11-21 14:52:27ID: BC  Data: 00 00 00 AA F9 09 C6 18 
"
"2016-11-21 14:52:27ID: BB  Data: 00 00 00 AA 06 C0 48 31 
"
"2016-11-21 14:52:27ID: BC  Data: 00 00 00 AA F9 3F B7 CF 
"
"2016-11-21 14:52:27ID: BB  Data: 00 00 00 AA 06 6E B5 35 
"
"2016-11-21 14:52:27ID: BC  Data: 00 00 00 AA F9 91 4A CB 
"
"2016-11-21 14:52:27ID: BB  Data: 00 00 00 AA 05 2C 5B BC 
"
"2016-11-21 14:52:27ID: BC  Data: 00 00 00 AA FA D3 A4 44 
"
"2016-11-21 14:52:27ID: BB  Data: 00 00 00 AA 02 69 D2 25 
"
"2016-11-21 14:52:27ID: BC  Data: 00 00 00 AA FD 96 2D DB 
"
"2016-11-21 14:52:28ID: BB  Data: 00 00 00 AA 00 00 00 00 
"
"2016-11-21 14:52:28ID: BC  Data: 00 00 00 AA 00 00 00 00 
"
"2016-11-21 14:52:28ID: BB  Data: 00 00 00 AA 00 00 00 00 
"
"2016-11-21 14:52:28ID: BC  Data: 00 00 00 AA 00 00 00 00 
"
"2016-11-21 14:52:28ID: BB  Data: 00 00 00 AA 00 00 00 00 
"
"2016-11-21 14:52:28ID: BC  Data: 00 00 00 AA 00 00 00 00 
"
"2016-11-21 14:52:28ID: BB  Data: 00 00 00 AA 00 00 00 00 
"
"2016-11-21 14:52:28ID: BC  Data: 00 00 00 AA 00 00 00 00 
"
"2016-11-21 14:52:28ID: BB  Data: 00 00 00 AA 00 00 00 00 
"
"2016-11-21 14:52:28ID: BC  Data: 00 00 00 AA 00 00 00 00 
"
"2016-11-21 14:52:28ID: BB  Data: 00 00 00 AA 00 00 00 00 
"
"2016-11-21 14:52:28ID: BC  Data: 00 00 00 AA 00 00 00 00 
"
"2016-11-21 14:52:28ID: BB  Data: 00 00 00 AA 02 0D B8 94 
"
"2016-11-21 14:52:28ID: BC  Data: 00 00 00 AA FD F2 47 6C 
"
"2016-11-21 14:52:28ID: BB  Data: 00 00 00 AA 03 B2 BF BA 
"
"2016-11-21 14:52:28ID: BC  Data: 00 00 00 AA FC 4D 40 46 
"
"2016-11-21 14:52:28ID: BB  Data: 00 00 00 AA 07 B6 51 F7 
"
"2016-11-21 14:52:28ID: BC  Data: 00 00 00 AA F8 49 AE 09 
"
"2016-11-21 14:52:28ID: BB  Data: 00 00 00 AA 09 12 FB E2 
"
"2016-11-21 14:52:28ID: BC  Data: 00 00 00 AA F6 ED 04 1E 
"
"2016-11-21 14:52:28ID: BB  Data: 00 00 00 AA 0A 7E 1E D9 
"
"2016-11-21 14:52:28ID: BC  Data: 00 00 00 AA F5 81 E1 27 
"
"2016-11-21 14:52:29ID: BB  Data: 00 00 00 AA 0A E3 6E 2B 
"
"2016-11-21 14:52:29ID: BC  Data: 00 00 00 AA F5 1C 91 D5 
"
"2016-11-21 14:52:29ID: BB  Data: 00 00 00 AA 0A E3 6E 2B 
"
"2016-11-21 14:52:29ID: BC  Data: 00 00 00 AA F5 1C 91 D5 
"
"2016-11-21 14:52:29ID: BB  Data: 00 00 00 AA 0A FF 0F 70 
"
"2016-11-21 14:52:29ID: BC  Data: 00 00 00 AA F5 00 F0 90 
"
"2016-11-21 14:52:29ID: BB  Data: 00 00 00 AA 0A DA 38 69 
"
"2016-11-21 14:52:29ID: BC  Data: 00 00 00 AA F5 25 C7 97 
"
"2016-11-21 14:52:29ID: BB  Data: 00 00 00 AA 0A CA 6E 8B 
"
"2016-11-21 14:52:29ID: BC  Data: 00 00 00 AA F5 35 91 75 
"
"2016-11-21 14:52:29ID: BB  Data: 00 00 00 AA 0A B0 1E 19 
"
"2016-11-21 14:52:29ID: BC  Data: 00 00 00 AA F5 4F E1 E7 
"
"2016-11-21 14:52:29ID: BB  Data: 00 00 00 AA 0A BF E7 F7 
"
"2016-11-21 14:52:29ID: BC  Data: 00 00 00 AA F5 40 18 09 
"
"2016-11-21 14:52:29ID: BB  Data: 00 00 00 AA 0B 08 45 31 
"
"2016-11-21 14:52:29ID: BC  Data: 00 00 00 AA F4 F7 BA CF 
"
"2016-11-21 14:52:29ID: BB  Data: 00 00 00 AA 0B EE 85 1A 
"
"2016-11-21 14:52:29ID: BC  Data: 00 00 00 AA F4 11 7A E6 
"
"2016-11-21 14:52:29ID: BB  Data: 00 00 00 AA 0C 89 C6 23 
"
"2016-11-21 14:52:29ID: BC  Data: 00 00 00 AA F3 76 39 DD 
"
"2016-11-21 14:52:29ID: BB  Data: 00 00 00 AA 0D 1F C3 E2 
"
"2016-11-21 14:52:29ID: BC  Data: 00 00 00 AA F2 E0 3C 1E 
"
"2016-11-21 14:52:29ID: BB  Data: 00 00 00 AA 0D 5E EB 5A 
"
"2016-11-21 14:52:29ID: BC  Data: 00 00 00 AA F2 A1 14 A6 
"
"2016-11-21 14:52:30ID: BB  Data: 00 00 00 AA 0D C9 7D F6 
"
"2016-11-21 14:52:30ID: BC  Data: 00 00 00 AA F2 36 82 0A 
"
"2016-11-21 14:52:30ID: BB  Data: 00 00 00 AA 0D E3 CE 68 
"
"2016-11-21 14:52:30ID: BC  Data: 00 00 00 AA F2 1C 31 98 
"
"2016-11-21 14:52:30ID: BB  Data: 00 00 00 AA 0D EB B3 58 
"
"2016-11-21 14:52:30ID: BC  Data: 00 00 00 AA F2 14 4C A8 
"
"2016-11-21 14:52:30ID: BB  Data: 00 00 00 AA 0D EE 54 FD 
"
"2016-11-21 14:52:30ID: BC  Data: 00 00 00 AA F2 11 AB 03 
"
"2016-11-21 14:52:30ID: BB  Data: 00 00 00 AA 0D F8 DB 91 
"
"2016-11-21 14:52:30ID: BC  Data: 00 00 00 AA F2 07 24 6F 
"
"2016-11-21 14:52:30ID: BB  Data: 00 00 00 AA 0E 2E CD 48 
"
"2016-11-21 14:52:30ID: BC  Data: 00 00 00 AA F1 D1 32 B8 
"
"2016-11-21 14:52:30ID: BB  Data: 00 00 00 AA 0E DF 1B 79 
"
"2016-11-21 14:52:30ID: BC  Data: 00 00 00 AA F1 20 E4 87 
"
"2016-11-21 14:52:30ID: BB  Data: 00 00 00 AA 0E F5 79 74 
"
"2016-11-21 14:52:30ID: BC  Data: 00 00 00 AA F1 0A 86 8C 
"
"2016-11-21 14:52:30ID: BB  Data: 00 00 00 AA 0E F5 79 74 
"
"2016-11-21 14:52:30ID: BC  Data: 00 00 00 AA F1 0A 86 8C 
"
"2016-11-21 14:52:30ID: BB  Data: 00 00 00 AA 0E F4 28 A1 
"
"2016-11-21 14:52:30ID: BC  Data: 00 00 00 AA F1 0B D7 5F 
"
"2016-11-21 14:52:30ID: BB  Data: 00 00 00 AA 0E F5 79 74 
"
"2016-11-21 14:52:30ID: BC  Data: 00 00 00 AA F1 0A 86 8C 
"
"2016-11-21 14:52:31ID: BB  Data: 00 00 00 AA 0E F6 CA 46 
"
"2016-11-21 14:52:31ID: BC  Data: 00 00 00 AA F1 09 35 BA 
"
"2016-11-21 14:52:31ID: BB  Data: 00 00 00 AA 0E F5 79 74 
"
"2016-11-21 14:52:31ID: BC  Data: 00 00 00 AA F1 0A 86 8C 
"
"2016-11-21 14:52:31ID: BB  Data: 00 00 00 AA 0E F8 1B 19 
"
"2016-11-21 14:52:31ID: BC  Data: 00 00 00 AA F1 07 E4 E7 
"
"2016-11-21 14:52:31ID: BB  Data: 00 00 00 AA 0E F6 CA 46 
"
"2016-11-21 14:52:31ID: BC  Data: 00 00 00 AA F1 09 35 BA 
"
"2016-11-21 14:52:31ID: BB  Data: 00 00 00 AA 0E F8 1B 19 
"
"2016-11-21 14:52:31ID: BC  Data: 00 00 00 AA F1 07 E4 E7 
"
"2016-11-21 14:52:31ID: BB  Data: 00 00 00 AA 0E F9 6B EC 
"
"2016-11-21 14:52:31ID: BC  Data: 00 00 00 AA F1 06 94 14 
"
"2016-11-21 14:52:31ID: BB  Data: 00 00 00 AA 0E F6 CA 46 
"
"2016-11-21 14:52:31ID: BC  Data: 00 00 00 AA F1 09 35 BA 
"
"2016-11-21 14:52:31ID: BB  Data: 00 00 00 AA 0E F6 CA 46 
"
"2016-11-21 14:52:31ID: BC  Data: 00 00 00 AA F1 09 35 BA 
"
"2016-11-21 14:52:31ID: BB  Data: 00 00 00 AA 0E F8 1B 19 
"
"2016-11-21 14:52:31ID: BC  Data: 00 00 00 AA F1 07 E4 E7 
"
"2016-11-21 14:52:31ID: BB  Data: 00 00 00 AA 0E F5 79 74 
"
"2016-11-21 14:52:31ID: BC  Data: 00 00 00 AA F1 0A 86 8C 
"
"2016-11-21 14:52:31ID: BB  Data: 00 00 00 AA 0E F6 CA 46 
"
"2016-11-21 14:52:31ID: BC  Data: 00 00 00 AA F1 09 35 BA 
"
"2016-11-21 14:52:32ID: BB  Data: 00 00 00 AA 0E F6 CA 46 
"
"2016-11-21 14:52:32ID: BC  Data: 00 00 00 AA F1 09 35 BA 
"
"2016-11-21 14:52:32ID: BB  Data: 00 00 00 AA 0E F6 CA 46 
"
"2016-11-21 14:52:32ID: BC  Data: 00 00 00 AA F1 09 35 BA 
"
"2016-11-21 14:52:32ID: BB  Data: 00 00 00 AA 0E F9 6B EC 
"
"2016-11-21 14:52:32ID: BC  Data: 00 00 00 AA F1 06 94 14 
"
"2016-11-21 14:52:32ID: BB  Data: 00 00 00 AA 0E F9 6B EC 
"
"2016-11-21 14:52:32ID: BC  Data: 00 00 00 AA F1 06 94 14 
"
"2016-11-21 14:52:32ID: BB  Data: 00 00 00 AA 0E F6 CA 46 
"
"2016-11-21 14:52:32ID: BC  Data: 00 00 00 AA F1 09 35 BA 
"
"2016-11-21 14:52:32ID: BB  Data: 00 00 00 AA 0E F6 CA 46 
"
"2016-11-21 14:52:32ID: BC  Data: 00 00 00 AA F1 09 35 BA 
"
"2016-11-21 14:52:32ID: BB  Data: 00 00 00 AA 0E F6 CA 46 
"
"2016-11-21 14:52:32ID: BC  Data: 00 00 00 AA F1 09 35 BA 
"
"2016-11-21 14:52:32ID: BB  Data: 00 00 00 AA 0E F8 1B 19 
"
"2016-11-21 14:52:32ID: BC  Data: 00 00 00 AA F1 07 E4 E7 
"
"2016-11-21 14:52:32ID: BB  Data: 00 00 00 AA 0E F8 1B 19 
"
"2016-11-21 14:52:32ID: BC  Data: 00 00 00 AA F1 07 E4 E7 
"
"2016-11-21 14:52:32ID: BB  Data: 00 00 00 AA 0E F8 1B 19 
"
"2016-11-21 14:52:32ID: BC  Data: 00 00 00 AA F1 07 E4 E7 
"
"2016-11-21 14:52:32ID: BB  Data: 00 00 00 AA 0E F6 CA 46 
"
"2016-11-21 14:52:32ID: BC  Data: 00 00 00 AA F1 09 35 BA 
"
"2016-11-21 14:52:32ID: BB  Data: 00 00 00 AA 0E F8 1B 19 
"
"2016-11-21 14:52:32ID: BC  Data: 00 00 00 AA F1 07 E4 E7 
"
"2016-11-21 14:52:33ID: BB  Data: 00 00 00 AA 0E F8 1B 19 
"
"2016-11-21 14:52:33ID: BC  Data: 00 00 00 AA F1 07 E4 E7 
"
"2016-11-21 14:52:33ID: BB  Data: 00 00 00 AA 0E F6 CA 46 
"
"2016-11-21 14:52:33ID: BC  Data: 00 00 00 AA F1 09 35 BA 
"
"2016-11-21 14:52:33ID: BB  Data: 00 00 00 AA 0E F6 CA 46 
"
"2016-11-21 14:52:33ID: BC  Data: 00 00 00 AA F1 09 35 BA 
"
"2016-11-21 14:52:33ID: BB  Data: 00 00 00 AA 0E F5 79 74 
"
"2016-11-21 14:52:33ID: BC  Data: 00 00 00 AA F1 0A 86 8C 
"
"2016-11-21 14:52:33ID: BB  Data: 00 00 00 AA 0E F6 CA 46 
"
"2016-11-21 14:52:33ID: BC  Data: 00 00 00 AA F1 09 35 BA 
"
"2016-11-21 14:52:33ID: BB  Data: 00 00 00 AA 0E F6 CA 46 
"
"2016-11-21 14:52:33ID: BC  Data: 00 00 00 AA F1 09 35 BA 
"
"2016-11-21 14:52:33ID: BB  Data: 00 00 00 AA 0E F5 79 74 
"
"2016-11-21 14:52:33ID: BC  Data: 00 00 00 AA F1 0A 86 8C 
"
"2016-11-21 14:52:33ID: BB  Data: 00 00 00 AA 0E F8 1B 19 
"
"2016-11-21 14:52:33ID: BC  Data: 00 00 00 AA F1 07 E4 E7 
"
"2016-11-21 14:52:33ID: BB  Data: 00 00 00 AA 0E F5 79 74 
"
"2016-11-21 14:52:33ID: BC  Data: 00 00 00 AA F1 0A 86 8C 
"
"2016-11-21 14:52:33ID: BB  Data: 00 00 00 AA 0E F5 79 74 
"
"2016-11-21 14:52:33ID: BC  Data: 00 00 00 AA F1 0A 86 8C 
"
"2016-11-21 14:52:33ID: BB  Data: 00 00 00 AA 0E F6 CA 46 
"
"2016-11-21 14:52:33ID: BC  Data: 00 00 00 AA F1 09 35 BA 
"
"2016-11-21 14:52:34ID: BB  Data: 00 00 00 AA 0E F8 1B 19 
"
"2016-11-21 14:52:34ID: BC  Data: 00 00 00 AA F1 07 E4 E7 
"
"2016-11-21 14:52:34ID: BB  Data: 00 00 00 AA 0E F8 1B 19 
"
"2016-11-21 14:52:34ID: BC  Data: 00 00 00 AA F1 07 E4 E7 
"
"2016-11-21 14:52:34ID: BB  Data: 00 00 00 AA 0E F8 1B 19 
"
"2016-11-21 14:52:34ID: BC  Data: 00 00 00 AA F1 07 E4 E7 
"
"2016-11-21 14:52:34ID: BB  Data: 00 00 00 AA 0E F5 79 74 
"
"2016-11-21 14:52:34ID: BC  Data: 00 00 00 AA F1 0A 86 8C 
"
"2016-11-21 14:52:34ID: BB  Data: 00 00 00 AA 0E F6 CA 46 
"
"2016-11-21 14:52:34ID: BC  Data: 00 00 00 AA F1 09 35 BA 
"
"2016-11-21 14:52:34ID: BB  Data: 00 00 00 AA 0E F8 1B 19 
"
"2016-11-21 14:52:34ID: BC  Data: 00 00 00 AA F1 07 E4 E7 
"
"2016-11-21 14:52:34ID: BB  Data: 00 00 00 AA 0E F5 79 74 
"
"2016-11-21 14:52:34ID: BC  Data: 00 00 00 AA F1 0A 86 8C 
"
"2016-11-21 14:52:34ID: BB  Data: 00 00 00 AA 0E F8 1B 19 
"
"2016-11-21 14:52:34ID: BC  Data: 00 00 00 AA F1 07 E4 E7 
"
"2016-11-21 14:52:34ID: BB  Data: 00 00 00 AA 0E F5 79 74 
"
"2016-11-21 14:52:34ID: BC  Data: 00 00 00 AA F1 0A 86 8C 
"
"2016-11-21 14:52:34ID: BB  Data: 00 00 00 AA 0E F9 6B EC 
"
"2016-11-21 14:52:34ID: BC  Data: 00 00 00 AA F1 06 94 14 
"
"2016-11-21 14:52:34ID: BB  Data: 00 00 00 AA 0E F9 6B EC 
"
"2016-11-21 14:52:34ID: BC  Data: 00 00 00 AA F1 06 94 14 
"
"2016-11-21 14:52:34ID: BB  Data: 00 00 00 AA 0E F6 CA 46 
"
"2016-11-21 14:52:35ID: BC  Data: 00 00 00 AA F1 09 35 BA 
"
"2016-11-21 14:52:35ID: BB  Data: 00 00 00 AA 0E F6 CA 46 
"
"2016-11-21 14:52:35ID: BC  Data: 00 00 00 AA F1 09 35 BA 
"
"2016-11-21 14:52:35ID: BB  Data: 00 00 00 AA 0E F6 CA 46 
"
"2016-11-21 14:52:35ID: BC  Data: 00 00 00 AA F1 09 35 BA 
"
"2016-11-21 14:52:35ID: BB  Data: 00 00 00 AA 0E F9 6B EC 
"
"2016-11-21 14:52:35ID: BC  Data: 00 00 00 AA F1 06 94 14 
"
"2016-11-21 14:52:35ID: BB  Data: 00 00 00 AA 0E F6 CA 46 
"
"2016-11-21 14:52:35ID: BC  Data: 00 00 00 AA F1 09 35 BA 
"
"2016-11-21 14:52:35ID: BB  Data: 00 00 00 AA 0E F9 6B EC 
"
"2016-11-21 14:52:35ID: BC  Data: 00 00 00 AA F1 06 94 14 
"
"2016-11-21 14:52:35ID: BB  Data: 00 00 00 AA 0E F8 1B 19 
"
"2016-11-21 14:52:35ID: BC  Data: 00 00 00 AA F1 07 E4 E7 
"
"2016-11-21 14:52:35ID: BB  Data: 00 00 00 AA 0E F8 1B 19 
"
"2016-11-21 14:52:35ID: BC  Data: 00 00 00 AA F1 07 E4 E7 
"
"2016-11-21 14:52:35ID: BB  Data: 00 00 00 AA 0E F6 CA 46 
"
"2016-11-21 14:52:35ID: BC  Data: 00 00 00 AA F1 09 35 BA 
"
"2016-11-21 14:52:35ID: BB  Data: 00 00 00 AA 0E F5 79 74 
"
"2016-11-21 14:52:35ID: BC  Data: 00 00 00 AA F1 0A 86 8C 
"
"2016-11-21 14:52:35ID: BB  Data: 00 00 00 AA 0E F6 CA 46 
"
"2016-11-21 14:52:35ID: BC  Data: 00 00 00 AA F1 09 35 BA 
"
"2016-11-21 14:52:35ID: BB  Data: 00 00 00 AA 0E F5 79 74 
"
"2016-11-21 14:52:35ID: BC  Data: 00 00 00 AA F1 0A 86 8C 
"
"2016-11-21 14:52:36ID: BB  Data: 00 00 00 AA 0E F8 1B 19 
"
"2016-11-21 14:52:36ID: BC  Data: 00 00 00 AA F1 07 E4 E7 
"
"2016-11-21 14:52:36ID: BB  Data: 00 00 00 AA 0E F5 79 74 
"
"2016-11-21 14:52:36ID: BC  Data: 00 00 00 AA F1 0A 86 8C 
"
"2016-11-21 14:52:36ID: BB  Data: 00 00 00 AA 0E F8 1B 19 
"
"2016-11-21 14:52:36ID: BC  Data: 00 00 00 AA F1 07 E4 E7 
"
"2016-11-21 14:52:36ID: BB  Data: 00 00 00 AA 0E F8 1B 19 
"
"2016-11-21 14:52:36ID: BC  Data: 00 00 00 AA F1 07 E4 E7 
"
"2016-11-21 14:52:36ID: BB  Data: 00 00 00 AA 0E F8 1B 19 
"
"2016-11-21 14:52:36ID: BC  Data: 00 00 00 AA F1 07 E4 E7 
"
"2016-11-21 14:52:36ID: BB  Data: 00 00 00 AA 0E F6 CA 46 
"
"2016-11-21 14:52:36ID: BC  Data: 00 00 00 AA F1 09 35 BA 
"
"2016-11-21 14:52:36ID: BB  Data: 00 00 00 AA 0E F8 1B 19 
"
"2016-11-21 14:52:36ID: BC  Data: 00 00 00 AA F1 07 E4 E7 
"
"2016-11-21 14:52:36ID: BB  Data: 00 00 00 AA 0E F8 1B 19 
"
"2016-11-21 14:52:36ID: BC  Data: 00 00 00 AA F1 07 E4 E7 
"
"2016-11-21 14:52:36ID: BB  Data: 00 00 00 AA 0E F6 CA 46 
"
"2016-11-21 14:52:36ID: BC  Data: 00 00 00 AA F1 09 35 BA 
"
"2016-11-21 14:52:36ID: BB  Data: 00 00 00 AA 0E F6 CA 46 
"
"2016-11-21 14:52:36ID: BC  Data: 00 00 00 AA F1 09 35 BA 
"
"2016-11-21 14:52:36ID: BB  Data: 00 00 00 AA 0E F6 CA 46 
"
"2016-11-21 14:52:36ID: BC  Data: 00 00 00 AA F1 09 35 BA 
"
"2016-11-21 14:52:37ID: BB  Data: 00 00 00 AA 0E F8 1B 19 
"
"2016-11-21 14:52:37ID: BC  Data: 00 00 00 AA F1 07 E4 E7 
"
"2016-11-21 14:52:37ID: BB  Data: 00 00 00 AA 0E F5 79 74 
"
"2016-11-21 14:52:37ID: BC  Data: 00 00 00 AA F1 0A 86 8C 
"
"2016-11-21 14:52:37ID: BB  Data: 00 00 00 AA 0E F9 6B EC 
"
"2016-11-21 14:52:37ID: BC  Data: 00 00 00 AA F1 06 94 14 
"
"2016-11-21 14:52:37ID: BB  Data: 00 00 00 AA 0E F8 1B 19 
"
"2016-11-21 14:52:37ID: BC  Data: 00 00 00 AA F1 07 E4 E7 
"
"2016-11-21 14:52:37ID: BB  Data: 00 00 00 AA 0E F5 79 74 
"
"2016-11-21 14:52:37ID: BC  Data: 00 00 00 AA F1 0A 86 8C 
"
"2016-11-21 14:52:37ID: BB  Data: 00 00 00 AA 0E F6 CA 46 
"
"2016-11-21 14:52:37ID: BC  Data: 00 00 00 AA F1 09 35 BA 
"
"2016-11-21 14:52:37ID: BB  Data: 00 00 00 AA 0E F8 1B 19 
"
"2016-11-21 14:52:37ID: BC  Data: 00 00 00 AA F1 07 E4 E7 
"
"2016-11-21 14:52:37ID: BB  Data: 00 00 00 AA 0E F8 1B 19 
"
"2016-11-21 14:52:37ID: BC  Data: 00 00 00 AA F1 07 E4 E7 
"
"2016-11-21 14:52:37ID: BB  Data: 00 00 00 AA 0E F8 1B 19 
"
"2016-11-21 14:52:37ID: BC  Data: 00 00 00 AA F1 07 E4 E7 
"
"2016-11-21 14:52:37ID: BB  Data: 00 00 00 AA 0E F8 1B 19 
"
"2016-11-21 14:52:37ID: BC  Data: 00 00 00 AA F1 07 E4 E7 
"
"2016-11-21 14:52:37ID: BB  Data: 00 00 00 AA 0E F5 79 74 
"
"2016-11-21 14:52:37ID: BC  Data: 00 00 00 AA F1 0A 86 8C 
"
"2016-11-21 14:52:37ID: BB  Data: 00 00 00 AA 0E F9 6B EC 
"
"2016-11-21 14:52:37ID: BC  Data: 00 00 00 AA F1 06 94 14 
"
"2016-11-21 14:52:38ID: BB  Data: 00 00 00 AA 0E F6 CA 46 
"
"2016-11-21 14:52:38ID: BC  Data: 00 00 00 AA F1 09 35 BA 
"
"2016-11-21 14:52:38ID: BB  Data: 00 00 00 AA 0E F5 79 74 
"
"2016-11-21 14:52:38ID: BC  Data: 00 00 00 AA F1 0A 86 8C 
"
"2016-11-21 14:52:38ID: BB  Data: 00 00 00 AA 0E F5 79 74 
"
"2016-11-21 14:52:38ID: BC  Data: 00 00 00 AA F1 0A 86 8C 
"
"2016-11-21 14:52:38ID: BB  Data: 00 00 00 AA 0E F9 6B EC 
"
"2016-11-21 14:52:38ID: BC  Data: 00 00 00 AA F1 06 94 14 
"
"2016-11-21 14:52:38ID: BB  Data: 00 00 00 AA 0E F8 1B 19 
"
"2016-11-21 14:52:38ID: BC  Data: 00 00 00 AA F1 07 E4 E7 
"
"2016-11-21 14:52:38ID: BB  Data: 00 00 00 AA 0E F4 28 A1 
"
"2016-11-21 14:52:38ID: BC  Data: 00 00 00 AA F1 0B D7 5F 
"
"2016-11-21 14:52:38ID: BB  Data: 00 00 00 AA 0E F6 CA 46 
"
"2016-11-21 14:52:38ID: BC  Data: 00 00 00 AA F1 09 35 BA 
"
"2016-11-21 14:52:38ID: BB  Data: 00 00 00 AA 0E F4 28 A1 
"
"2016-11-21 14:52:38ID: BC  Data: 00 00 00 AA F1 0B D7 5F 
"
"2016-11-21 14:52:38ID: BB  Data: 00 00 00 AA 0E F6 CA 46 
"
"2016-11-21 14:52:38ID: BC  Data: 00 00 00 AA F1 09 35 BA 
"
"2016-11-21 14:52:38ID: BB  Data: 00 00 00 AA 0E F5 79 74 
"
"2016-11-21 14:52:38ID: BC  Data: 00 00 00 AA F1 0A 86 8C 
"
"2016-11-21 14:52:38ID: BB  Data: 00 00 00 AA 0E F8 1B 19 
"
"2016-11-21 14:52:38ID: BC  Data: 00 00 00 AA F1 07 E4 E7 
"
"2016-11-21 14:52:39ID: BB  Data: 00 00 00 AA 0E F6 CA 46 
"
"2016-11-21 14:52:39ID: BC  Data: 00 00 00 AA F1 09 35 BA 
"
"2016-11-21 14:52:39ID: BB  Data: 00 00 00 AA 0E F8 1B 19 
"
"2016-11-21 14:52:39ID: BC  Data: 00 00 00 AA F1 07 E4 E7 
"
"2016-11-21 14:52:39ID: BB  Data: 00 00 00 AA 0E F9 6B EC 
"
"2016-11-21 14:52:39ID: BC  Data: 00 00 00 AA F1 06 94 14 
"
"2016-11-21 14:52:39ID: BB  Data: 00 00 00 AA 0E F6 CA 46 
"
"2016-11-21 14:52:39ID: BC  Data: 00 00 00 AA F1 09 35 BA 
"
"2016-11-21 14:52:39ID: BB  Data: 00 00 00 AA 0E F8 1B 19 
"
"2016-11-21 14:52:39ID: BC  Data: 00 00 00 AA F1 07 E4 E7 
"
"2016-11-21 14:52:39ID: BB  Data: 00 00 00 AA 0E F8 1B 19 
"
"2016-11-21 14:52:39ID: BC  Data: 00 00 00 AA F1 07 E4 E7 
"
"2016-11-21 14:52:39ID: BB  Data: 00 00 00 AA 0E F6 CA 46 
"
"2016-11-21 14:52:39ID: BC  Data: 00 00 00 AA F1 09 35 BA 
"
"2016-11-21 14:52:39ID: BB  Data: 00 00 00 AA 0E F9 6B EC 
"
"2016-11-21 14:52:39ID: BC  Data: 00 00 00 AA F1 06 94 14 
"
"2016-11-21 14:52:39ID: BB  Data: 00 00 00 AA 0E F4 28 A1 
"
"2016-11-21 14:52:39ID: BC  Data: 00 00 00 AA F1 0B D7 5F 
"
"2016-11-21 14:52:39ID: BB  Data: 00 00 00 AA 0E F8 1B 19 
"
"2016-11-21 14:52:39ID: BC  Data: 00 00 00 AA F1 07 E4 E7 
"
"2016-11-21 14:52:39ID: BB  Data: 00 00 00 AA 0E F8 1B 19 
"
"2016-11-21 14:52:39ID: BC  Data: 00 00 00 AA F1 07 E4 E7 
"
"2016-11-21 14:52:40ID: BB  Data: 00 00 00 AA 0E F6 CA 46 
"
"2016-11-21 14:52:40ID: BC  Data: 00 00 00 AA F1 09 35 BA 
"
"2016-11-21 14:52:40ID: BB  Data: 00 00 00 AA 0E F8 1B 19 
"
"2016-11-21 14:52:40ID: BC  Data: 00 00 00 AA F1 07 E4 E7 
"
"2016-11-21 14:52:40ID: BB  Data: 00 00 00 AA 0E F5 79 74 
"
"2016-11-21 14:52:40ID: BC  Data: 00 00 00 AA F1 0A 86 8C 
"
"2016-11-21 14:52:40ID: BB  Data: 00 00 00 AA 0E F6 CA 46 
"
"2016-11-21 14:52:40ID: BC  Data: 00 00 00 AA F1 09 35 BA 
"
"2016-11-21 14:52:40ID: BB  Data: 00 00 00 AA 0E F6 CA 46 
"
"2016-11-21 14:52:40ID: BC  Data: 00 00 00 AA F1 09 35 BA 
"
"2016-11-21 14:52:40ID: BB  Data: 00 00 00 AA 0E F9 6B EC 
"
"2016-11-21 14:52:40ID: BC  Data: 00 00 00 AA F1 06 94 14 
"
"2016-11-21 14:52:40ID: BB  Data: 00 00 00 AA 0E F6 CA 46 
"
"2016-11-21 14:52:40ID: BC  Data: 00 00 00 AA F1 09 35 BA 
"
"2016-11-21 14:52:40ID: BB  Data: 00 00 00 AA 0E F5 79 74 
"
"2016-11-21 14:52:40ID: BC  Data: 00 00 00 AA F1 0A 86 8C 
"
"2016-11-21 14:52:40ID: BB  Data: 00 00 00 AA 0E F8 1B 19 
"
"2016-11-21 14:52:40ID: BC  Data: 00 00 00 AA F1 07 E4 E7 
"
"2016-11-21 14:52:40ID: BB  Data: 00 00 00 AA 0E F8 1B 19 
"
"2016-11-21 14:52:40ID: BC  Data: 00 00 00 AA F1 07 E4 E7 
"
"2016-11-21 14:52:40ID: BB  Data: 00 00 00 AA 0E F5 79 74 
"
"2016-11-21 14:52:40ID: BC  Data: 00 00 00 AA F1 0A 86 8C 
"
"2016-11-21 14:52:40ID: BB  Data: 00 00 00 AA 0E F8 1B 19 
"
"2016-11-21 14:52:40ID: BC  Data: 00 00 00 AA F1 07 E4 E7 
"
"2016-11-21 14:52:41ID: BB  Data: 00 00 00 AA 0E F5 79 74 
"
"2016-11-21 14:52:41ID: BC  Data: 00 00 00 AA F1 0A 86 8C 
"
"2016-11-21 14:52:41ID: BB  Data: 00 00 00 AA 0E F6 CA 46 
"
"2016-11-21 14:52:41ID: BC  Data: 00 00 00 AA F1 09 35 BA 
"
"2016-11-21 14:52:41ID: BB  Data: 00 00 00 AA 0D A9 EA 3A 
"
"2016-11-21 14:52:41ID: BC  Data: 00 00 00 AA F2 56 15 C6 
"
"2016-11-21 14:52:41ID: BB  Data: 00 00 00 AA 05 AB FB 80 
"
"2016-11-21 14:52:41ID: BC  Data: 00 00 00 AA FA 54 04 80 
"
"2016-11-21 14:52:41ID: BB  Data: 00 00 00 AA 01 AB 0A E8 
"
"2016-11-21 14:52:41ID: BC  Data: 00 00 00 AA FE 54 F5 18 
"
"2016-11-21 14:52:41ID: BB  Data: 00 00 00 AA 00 00 00 00 
"
"2016-11-21 14:52:41ID: BC  Data: 00 00 00 AA 00 00 00 00 
"
"2016-11-21 14:52:41ID: BB  Data: 00 00 00 AA 00 00 00 00 
"
"2016-11-21 14:52:41ID: BC  Data: 00 00 00 AA 00 00 00 00 
"
"2016-11-21 14:52:41ID: BB  Data: 00 00 00 AA 00 00 00 00 
"
"2016-11-21 14:52:41ID: BC  Data: 00 00 00 AA 00 00 00 00 
"
"2016-11-21 14:52:41ID: BB  Data: 00 00 00 AA 00 00 00 00 
"
"2016-11-21 14:52:41ID: BC  Data: 00 00 00 AA 00 00 00 00 
"
"2016-11-21 14:52:41ID: BB  Data: 00 00 00 AA 00 00 00 00 
"
"2016-11-21 14:52:41ID: BC  Data: 00 00 00 AA 00 00 00 00 
"
"2016-11-21 14:52:41ID: BB  Data: 00 00 00 AA 00 00 00 00 
"
"2016-11-21 14:52:41ID: BC  Data: 00 00 00 AA 00 00 00 00 
"
"2016-11-21 14:52:42ID: BB  Data: 00 00 00 AA 00 00 00 00 
"
"2016-11-21 14:52:42ID: BC  Data: 00 00 00 AA 00 00 00 00 
"
"2016-11-21 14:52:42ID: BB  Data: 00 00 00 AA 00 00 00 00 
"
"2016-11-21 14:52:42ID: BC  Data: 00 00 00 AA 00 00 00 00 
"
"2016-11-21 14:52:42ID: BB  Data: 00 00 00 AA 00 00 00 00 
"
"2016-11-21 14:52:42ID: BC  Data: 00 00 00 AA 00 00 00 00 
"
"2016-11-21 14:52:42ID: BB  Data: 00 00 00 AA 00 00 00 00 
"
"2016-11-21 14:52:42ID: BC  Data: 00 00 00 AA 00 00 00 00 
"
"2016-11-21 14:52:42ID: BB  Data: 00 00 00 AA 00 00 00 00 
"
"2016-11-21 14:52:42ID: BC  Data: 00 00 00 AA 00 00 00 00 
"
"2016-11-21 14:52:42ID: BB  Data: 00 00 00 AA 00 00 00 00 
"
"2016-11-21 14:52:42ID: BC  Data: 00 00 00 AA 00 00 00 00 
"
"2016-11-21 14:52:42ID: BB  Data: 00 00 00 AA 00 00 00 00 
"
"2016-11-21 14:52:42ID: BC  Data: 00 00 00 AA 00 00 00 00 
"
"2016-11-21 14:52:42ID: BB  Data: 00 00 00 AA 00 00 00 00 
"
"2016-11-21 14:52:42ID: BC  Data: 00 00 00 AA 00 00 00 00 
"
"2016-11-21 14:52:42ID: BB  Data: 00 00 00 AA 00 00 00 00 
"
"2016-11-21 14:52:42ID: BC  Data: 00 00 00 AA 00 00 00 00 
"
"2016-11-21 14:52:42ID: BB  Data: 00 00 00 AA 00 00 00 00 
"
"2016-11-21 14:52:42ID: BC  Data: 00 00 00 AA 00 00 00 00 
"
"2016-11-21 14:52:42ID: BB  Data: 00 00 00 AA 00 00 00 00 
"
"2016-11-21 14:52:42ID: BC  Data: 00 00 00 AA 00 00 00 00 
"
"2016-11-21 14:52:43ID: BB  Data: 00 00 00 AA 00 00 00 00 
"
"2016-11-21 14:52:43ID: BC  Data: 00 00 00 AA 00 00 00 00 
"
"2016-11-21 14:52:43ID: BB  Data: 00 00 00 AA 00 00 00 00 
"
"2016-11-21 14:52:43ID: BC  Data: 00 00 00 AA 00 00 00 00 
"
"2016-11-21 14:52:43ID: BB  Data: 00 00 00 AA 00 00 00 00 
"
"2016-11-21 14:52:43ID: BC  Data: 00 00 00 AA 00 00 00 00 
"
"2016-11-21 14:52:43ID: BB  Data: 00 00 00 AA 00 00 00 00 
"
"2016-11-21 14:52:43ID: BC  Data: 00 00 00 AA 00 00 00 00 
"
"2016-11-21 14:52:43ID: BB  Data: 00 00 00 AA 00 00 00 00 
"
"2016-11-21 14:52:43ID: BC  Data: 00 00 00 AA 00 00 00 00 
"
"2016-11-21 14:52:43ID: BB  Data: 00 00 00 AA 00 00 00 00 
"
"2016-11-21 14:52:43ID: BC  Data: 00 00 00 AA 00 00 00 00 
"
"2016-11-21 14:52:43ID: BB  Data: 00 00 00 AA 00 00 00 00 
"
"2016-11-21 14:52:43ID: BC  Data: 00 00 00 AA 00 00 00 00 
"
"2016-11-21 14:52:43ID: BB  Data: 00 00 00 AA 00 00 00 00 
"
"2016-11-21 14:52:43ID: BC  Data: 00 00 00 AA 00 00 00 00 
"
"2016-11-21 14:52:43ID: BB  Data: 00 00 00 AA 00 00 00 00 
"
"2016-11-21 14:52:43ID: BC  Data: 00 00 00 AA 00 00 00 00 
"
"2016-11-21 14:52:43ID: BB  Data: 00 00 00 AA 00 00 00 00 
"
"2016-11-21 14:52:43ID: BC  Data: 00 00 00 AA 00 00 00 00 
"
"2016-11-21 14:52:43ID: BB  Data: 00 00 00 AA 00 00 00 00 
"
"2016-11-21 14:52:43ID: BC  Data: 00 00 00 AA 00 00 00 00 
"
"2016-11-21 14:52:43ID: BB  Data: 00 00 00 AA 00 00 00 00 
"
"2016-11-21 14:52:43ID: BC  Data: 00 00 00 AA 00 00 00 00 
"
"2016-11-21 14:52:44ID: BB  Data: 00 00 00 AA 00 00 00 00 
"
"2016-11-21 14:52:44ID: BC  Data: 00 00 00 AA 00 00 00 00 
"
"2016-11-21 14:52:44ID: BB  Data: 00 00 00 AA 00 00 00 00 
"
"2016-11-21 14:52:44ID: BC  Data: 00 00 00 AA 00 00 00 00 
"
"2016-11-21 14:52:44ID: BB  Data: 00 00 00 AA 00 00 00 00 
"
"2016-11-21 14:52:44ID: BC  Data: 00 00 00 AA 00 00 00 00 
"
"2016-11-21 14:52:44ID: BB  Data: 00 00 00 AA 00 00 00 00 
"
"2016-11-21 14:52:44ID: BC  Data: 00 00 00 AA 00 00 00 00 
"
"2016-11-21 14:52:44ID: BB  Data: 00 00 00 AA 00 00 00 00 
"
"2016-11-21 14:52:44ID: BC  Data: 00 00 00 AA 00 00 00 00 
"
"2016-11-21 14:52:44ID: BB  Data: 00 00 00 AA 00 00 00 00 
"
"2016-11-21 14:52:44ID: BC  Data: 00 00 00 AA 00 00 00 00 
"
"2016-11-21 14:52:44ID: BB  Data: 00 00 00 AA 00 00 00 00 
"
"2016-11-21 14:52:44ID: BC  Data: 00 00 00 AA 00 00 00 00 
"
"2016-11-21 14:52:44ID: BB  Data: 00 00 00 AA 00 00 00 00 
"
"2016-11-21 14:52:44ID: BC  Data: 00 00 00 AA 00 00 00 00 
"
"2016-11-21 14:52:44ID: BB  Data: 00 00 00 AA 00 00 00 00 
"
"2016-11-21 14:52:44ID: BC  Data: 00 00 00 AA 00 00 00 00 
"
"2016-11-21 14:52:44ID: BB  Data: 00 00 00 AA 00 00 00 00 
"
"2016-11-21 14:52:44ID: BC  Data: 00 00 00 AA 00 00 00 00 
"
"2016-11-21 14:52:44ID: BB  Data: 00 00 00 AA 00 00 00 00 
"
"2016-11-21 14:52:44ID: BC  Data: 00 00 00 AA 00 00 00 00 
"
"2016-11-21 14:52:45ID: BB  Data: 00 00 00 AA 00 00 00 00 
"
"2016-11-21 14:52:45ID: BC  Data: 00 00 00 AA 00 00 00 00 
"
"2016-11-21 14:52:45ID: BB  Data: 00 00 00 AA 00 00 00 00 
"
"2016-11-21 14:52:45ID: BC  Data: 00 00 00 AA 00 00 00 00 
"
"2016-11-21 14:52:45ID: BB  Data: 00 00 00 AA 00 00 00 00 
"
"2016-11-21 14:52:45ID: BC  Data: 00 00 00 AA 00 00 00 00 
"
"2016-11-21 14:52:45ID: BB  Data: 00 00 00 AA 00 00 00 00 
"
"2016-11-21 14:52:45ID: BC  Data: 00 00 00 AA 00 00 00 00 
"
"2016-11-21 14:52:45ID: BB  Data: 00 00 00 AA 00 00 00 00 
"
"2016-11-21 14:52:45ID: BC  Data: 00 00 00 AA 00 00 00 00 
"
"2016-11-21 14:52:45ID: BB  Data: 00 00 00 AA 00 00 00 00 
"
"2016-11-21 14:52:45ID: BC  Data: 00 00 00 AA 00 00 00 00 
"
"2016-11-21 14:52:45ID: BB  Data: 00 00 00 AA 00 00 00 00 
"
"2016-11-21 14:52:45ID: BC  Data: 00 00 00 AA 00 00 00 00 
"
"2016-11-21 14:52:45ID: BB  Data: 00 00 00 AA 00 00 00 00 
"
"2016-11-21 14:52:45ID: BC  Data: 00 00 00 AA 00 00 00 00 
"
"2016-11-21 14:52:45ID: BB  Data: 00 00 00 AA 00 00 00 00 
"
"2016-11-21 14:52:45ID: BC  Data: 00 00 00 AA 00 00 00 00 
"
"2016-11-21 14:52:45ID: BB  Data: 00 00 00 AA 00 00 00 00 
"
"2016-11-21 14:52:45ID: BC  Data: 00 00 00 AA 00 00 00 00 
"
"2016-11-21 14:52:45ID: BB  Data: 00 00 00 AA 00 00 00 00 
"
"2016-11-21 14:52:45ID: BC  Data: 00 00 00 AA 00 00 00 00 
"
"2016-11-21 14:52:45ID: BB  Data: 00 00 00 AA 00 00 00 00 
"
"2016-11-21 14:52:46ID: BC  Data: 00 00 00 AA 00 00 00 00 
"
"2016-11-21 14:52:46ID: BB  Data: 00 00 00 AA 00 00 00 00 
"
"2016-11-21 14:52:46ID: BC  Data: 00 00 00 AA 00 00 00 00 
"
"2016-11-21 14:52:46ID: BB  Data: 00 00 00 AA 00 00 00 00 
"
"2016-11-21 14:52:46ID: BC  Data: 00 00 00 AA 00 00 00 00 
"
"2016-11-21 14:52:46ID: BB  Data: 00 00 00 AA 00 00 00 00 
"
"2016-11-21 14:52:46ID: BC  Data: 00 00 00 AA 00 00 00 00 
"
"2016-11-21 14:52:46ID: BB  Data: 00 00 00 AA 00 00 00 00 
"
"2016-11-21 14:52:46ID: BC  Data: 00 00 00 AA 00 00 00 00 
"
"2016-11-21 14:52:46ID: BB  Data: 00 00 00 AA 00 00 00 00 
"
"2016-11-21 14:52:46ID: BC  Data: 00 00 00 AA 00 00 00 00 
"
"2016-11-21 14:52:46ID: BB  Data: 00 00 00 AA 00 00 00 00 
"
"2016-11-21 14:52:46ID: BC  Data: 00 00 00 AA 00 00 00 00 
"
"2016-11-21 14:52:46ID: BB  Data: 00 00 00 AA 00 00 00 00 
"
"2016-11-21 14:52:46ID: BC  Data: 00 00 00 AA 00 00 00 00 
"
"2016-11-21 14:52:46ID: BB  Data: 00 00 00 AA 00 00 00 00 
"
"2016-11-21 14:52:46ID: BC  Data: 00 00 00 AA 00 00 00 00 
"
"2016-11-21 14:52:46ID: BB  Data: 00 00 00 AA 00 00 00 00 
"
"2016-11-21 14:52:46ID: BC  Data: 00 00 00 AA 00 00 00 00 
"
"2016-11-21 14:52:46ID: BB  Data: 00 00 00 AA 00 00 00 00 
"
"2016-11-21 14:52:46ID: BC  Data: 00 00 00 AA 00 00 00 00 
"
"2016-11-21 14:52:46ID: BB  Data: 00 00 00 AA 00 00 00 00 
"
"2016-11-21 14:52:46ID: BC  Data: 00 00 00 AA 00 00 00 00 
"
"2016-11-21 14:52:47ID: BB  Data: 00 00 00 AA 00 00 00 00 
"
"2016-11-21 14:52:47ID: BC  Data: 00 00 00 AA 00 00 00 00 
"
"2016-11-21 14:52:47ID: BB  Data: 00 00 00 AA 00 00 00 00 
"
"2016-11-21 14:52:47ID: BC  Data: 00 00 00 AA 00 00 00 00 
"
"2016-11-21 14:52:47ID: BB  Data: 00 00 00 AA 00 00 00 00 
"
"2016-11-21 14:52:47ID: BC  Data: 00 00 00 AA 00 00 00 00 
"
"2016-11-21 14:52:47ID: BB  Data: 00 00 00 AA 00 00 00 00 
"
"2016-11-21 14:52:47ID: BC  Data: 00 00 00 AA 00 00 00 00 
"
"2016-11-21 14:52:47ID: BB  Data: 00 00 00 AA 00 00 00 00 
"
"2016-11-21 14:52:47ID: BC  Data: 00 00 00 AA 00 00 00 00 
"
"2016-11-21 14:52:47ID: BB  Data: 00 00 00 AA 00 00 00 00 
"
"2016-11-21 14:52:47ID: BC  Data: 00 00 00 AA 00 00 00 00 
"
"2016-11-21 14:52:47ID: BB  Data: 00 00 00 AA 00 00 00 00 
"
"2016-11-21 14:52:47ID: BC  Data: 00 00 00 AA 00 00 00 00 
"
"2016-11-21 14:52:47ID: BB  Data: 00 00 00 AA 00 00 00 00 
"
"2016-11-21 14:52:47ID: BC  Data: 00 00 00 AA 00 00 00 00 
"
"2016-11-21 14:52:47ID: BB  Data: 00 00 00 AA 00 00 00 00 
"
"2016-11-21 14:52:47ID: BC  Data: 00 00 00 AA 00 00 00 00 
"
"2016-11-21 14:52:47ID: BB  Data: 00 00 00 AA 00 00 00 00 
"
"2016-11-21 14:52:47ID: BC  Data: 00 00 00 AA 00 00 00 00 
"
"2016-11-21 14:52:47ID: BB  Data: 00 00 00 AA 00 00 00 00 
"
"2016-11-21 14:52:47ID: BC  Data: 00 00 00 AA 00 00 00 00 
"
"2016-11-21 14:52:48ID: BB  Data: 00 00 00 AA 00 00 00 00 
"
"2016-11-21 14:52:48ID: BC  Data: 00 00 00 AA 00 00 00 00 
"
"2016-11-21 14:52:48ID: BB  Data: 00 00 00 AA 00 00 00 00 
"
"2016-11-21 14:52:48ID: BC  Data: 00 00 00 AA 00 00 00 00 
"
"2016-11-21 14:52:48ID: BB  Data: 00 00 00 AA 00 00 00 00 
"
"2016-11-21 14:52:48ID: BC  Data: 00 00 00 AA 00 00 00 00 
"
"2016-11-21 14:52:48ID: BB  Data: 00 00 00 AA 00 00 00 00 
"
"2016-11-21 14:52:48ID: BC  Data: 00 00 00 AA 00 00 00 00 
"
"2016-11-21 14:52:48ID: BB  Data: 00 00 00 AA 00 00 00 00 
"
"2016-11-21 14:52:48ID: BC  Data: 00 00 00 AA 00 00 00 00 
"
"2016-11-21 14:52:48ID: BB  Data: 00 00 00 AA 00 00 00 00 
"
"2016-11-21 14:52:48ID: BC  Data: 00 00 00 AA 00 00 00 00 
"
"2016-11-21 14:52:48ID: BB  Data: 00 00 00 AA 00 00 00 00 
"
"2016-11-21 14:52:48ID: BC  Data: 00 00 00 AA 00 00 00 00 
"
"2016-11-21 14:52:48ID: BB  Data: 00 00 00 AA 00 00 00 00 
"
"2016-11-21 14:52:48ID: BC  Data: 00 00 00 AA 00 00 00 00 
"
"2016-11-21 14:52:48ID: BB  Data: 00 00 00 AA 00 00 00 00 
"
"2016-11-21 14:52:48ID: BC  Data: 00 00 00 AA 00 00 00 00 
"
"2016-11-21 14:52:48ID: BB  Data: 00 00 00 AA 05 D3 74 2C 
"
"2016-11-21 14:52:48ID: BC  Data: 00 00 00 AA FA 2C 8B D4 
"
"2016-11-21 14:52:48ID: BB  Data: 00 00 00 AA 07 58 E7 95 
"
"2016-11-21 14:52:48ID: BC  Data: 00 00 00 AA F8 A7 18 6B 
"
"2016-11-21 14:52:48ID: BB  Data: 00 00 00 AA 0B 3A 44 71 
"
"2016-11-21 14:52:48ID: BC  Data: 00 00 00 AA F4 C5 BB 8F 
"
"2016-11-21 14:52:49ID: BB  Data: 00 00 00 AA 0D 81 20 BC 
"
"2016-11-21 14:52:49ID: BC  Data: 00 00 00 AA F2 7E DF 44 
"
"2016-11-21 14:52:49ID: BB  Data: 00 00 00 AA 0E E9 A2 0D 
"
"2016-11-21 14:52:49ID: BC  Data: 00 00 00 AA F1 16 5D F3 
"
"2016-11-21 14:52:49ID: BB  Data: 00 00 00 AA 0E F1 86 FC 
"
"2016-11-21 14:52:49ID: BC  Data: 00 00 00 AA F1 0E 79 04 
"
"2016-11-21 14:52:49ID: BB  Data: 00 00 00 AA 0E F2 D7 CF 
"
"2016-11-21 14:52:49ID: BC  Data: 00 00 00 AA F1 0D 28 31 
"
"2016-11-21 14:52:49ID: BB  Data: 00 00 00 AA 0E F4 28 A1 
"
"2016-11-21 14:52:49ID: BC  Data: 00 00 00 AA F1 0B D7 5F 
"
"2016-11-21 14:52:49ID: BB  Data: 00 00 00 AA 0E F5 79 74 
"
"2016-11-21 14:52:49ID: BC  Data: 00 00 00 AA F1 0A 86 8C 
"
"2016-11-21 14:52:49ID: BB  Data: 00 00 00 AA 0E F5 79 74 
"
"2016-11-21 14:52:49ID: BC  Data: 00 00 00 AA F1 0A 86 8C 
"
"2016-11-21 14:52:49ID: BB  Data: 00 00 00 AA 0E F5 79 74 
"
"2016-11-21 14:52:49ID: BC  Data: 00 00 00 AA F1 0A 86 8C 
"
"2016-11-21 14:52:49ID: BB  Data: 00 00 00 AA 0E F5 79 74 
"
"2016-11-21 14:52:49ID: BC  Data: 00 00 00 AA F1 0A 86 8C 
"
"2016-11-21 14:52:49ID: BB  Data: 00 00 00 AA 0E F6 CA 46 
"
"2016-11-21 14:52:49ID: BC  Data: 00 00 00 AA F1 09 35 BA 
"
"2016-11-21 14:52:49ID: BB  Data: 00 00 00 AA 0E F6 CA 46 
"
"2016-11-21 14:52:49ID: BC  Data: 00 00 00 AA F1 09 35 BA 
"
"2016-11-21 14:52:50ID: BB  Data: 00 00 00 AA 0E F8 1B 19 
"
"2016-11-21 14:52:50ID: BC  Data: 00 00 00 AA F1 07 E4 E7 
"
"2016-11-21 14:52:50ID: BB  Data: 00 00 00 AA 0E F4 28 A1 
"
"2016-11-21 14:52:50ID: BC  Data: 00 00 00 AA F1 0B D7 5F 
"
"2016-11-21 14:52:50ID: BB  Data: 00 00 00 AA 0E F6 CA 46 
"
"2016-11-21 14:52:50ID: BC  Data: 00 00 00 AA F1 09 35 BA 
"
"2016-11-21 14:52:50ID: BB  Data: 00 00 00 AA 0E F6 CA 46 
"
"2016-11-21 14:52:50ID: BC  Data: 00 00 00 AA F1 09 35 BA 
"
"2016-11-21 14:52:50ID: BB  Data: 00 00 00 AA 0E F6 CA 46 
"
"2016-11-21 14:52:50ID: BC  Data: 00 00 00 AA F1 09 35 BA 
"
"2016-11-21 14:52:50ID: BB  Data: 00 00 00 AA 0E F4 28 A1 
"
"2016-11-21 14:52:50ID: BC  Data: 00 00 00 AA F1 0B D7 5F 
"
"2016-11-21 14:52:50ID: BB  Data: 00 00 00 AA 0E F5 79 74 
"
"2016-11-21 14:52:50ID: BC  Data: 00 00 00 AA F1 0A 86 8C 
"
"2016-11-21 14:52:50ID: BB  Data: 00 00 00 AA 0E F5 79 74 
"
"2016-11-21 14:52:50ID: BC  Data: 00 00 00 AA F1 0A 86 8C 
"
"2016-11-21 14:52:50ID: BB  Data: 00 00 00 AA 0E F4 28 A1 
"
"2016-11-21 14:52:50ID: BC  Data: 00 00 00 AA F1 0B D7 5F 
"
"2016-11-21 14:52:50ID: BB  Data: 00 00 00 AA 0E F5 79 74 
"
"2016-11-21 14:52:50ID: BC  Data: 00 00 00 AA F1 0A 86 8C 
"
"2016-11-21 14:52:50ID: BB  Data: 00 00 00 AA 0E F6 CA 46 
"
"2016-11-21 14:52:50ID: BC  Data: 00 00 00 AA F1 09 35 BA 
"
"2016-11-21 14:52:51ID: BB  Data: 00 00 00 AA 0E F8 1B 19 
"
"2016-11-21 14:52:51ID: BC  Data: 00 00 00 AA F1 07 E4 E7 
"
"2016-11-21 14:52:51ID: BB  Data: 00 00 00 AA 0E F5 79 74 
"
"2016-11-21 14:52:51ID: BC  Data: 00 00 00 AA F1 0A 86 8C 
"
"2016-11-21 14:52:51ID: BB  Data: 00 00 00 AA 0E F6 CA 46 
"
"2016-11-21 14:52:51ID: BC  Data: 00 00 00 AA F1 09 35 BA 
"
"2016-11-21 14:52:51ID: BB  Data: 00 00 00 AA 0E F8 1B 19 
"
"2016-11-21 14:52:51ID: BC  Data: 00 00 00 AA F1 07 E4 E7 
"
"2016-11-21 14:52:51ID: BB  Data: 00 00 00 AA 0E F8 1B 19 
"
"2016-11-21 14:52:51ID: BC  Data: 00 00 00 AA F1 07 E4 E7 
"
"2016-11-21 14:52:51ID: BB  Data: 00 00 00 AA 0E F6 CA 46 
"
"2016-11-21 14:52:51ID: BC  Data: 00 00 00 AA F1 09 35 BA 
"
"2016-11-21 14:52:51ID: BB  Data: 00 00 00 AA 0E F6 CA 46 
"
"2016-11-21 14:52:51ID: BC  Data: 00 00 00 AA F1 09 35 BA 
"
"2016-11-21 14:52:51ID: BB  Data: 00 00 00 AA 0E F8 1B 19 
"
"2016-11-21 14:52:51ID: BC  Data: 00 00 00 AA F1 07 E4 E7 
"
"2016-11-21 14:52:51ID: BB  Data: 00 00 00 AA 0E F6 CA 46 
"
"2016-11-21 14:52:51ID: BC  Data: 00 00 00 AA F1 09 35 BA 
"
"2016-11-21 14:52:51ID: BB  Data: 00 00 00 AA 0E F6 CA 46 
"
"2016-11-21 14:52:51ID: BC  Data: 00 00 00 AA F1 09 35 BA 
"
"2016-11-21 14:52:51ID: BB  Data: 00 00 00 AA 0E F4 28 A1 
"
"2016-11-21 14:52:51ID: BC  Data: 00 00 00 AA F1 0B D7 5F 
"
"2016-11-21 14:52:51ID: BB  Data: 00 00 00 AA 0E F6 CA 46 
"
"2016-11-21 14:52:51ID: BC  Data: 00 00 00 AA F1 09 35 BA 
"
"2016-11-21 14:52:52ID: BB  Data: 00 00 00 AA 0E F6 CA 46 
"
"2016-11-21 14:52:52ID: BC  Data: 00 00 00 AA F1 09 35 BA 
"
"2016-11-21 14:52:52ID: BB  Data: 00 00 00 AA 0E F5 79 74 
"
"2016-11-21 14:52:52ID: BC  Data: 00 00 00 AA F1 0A 86 8C 
"
"2016-11-21 14:52:52ID: BB  Data: 00 00 00 AA 0E F4 28 A1 
"
"2016-11-21 14:52:52ID: BC  Data: 00 00 00 AA F1 0B D7 5F 
"
"2016-11-21 14:52:52ID: BB  Data: 00 00 00 AA 0E F6 CA 46 
"
"2016-11-21 14:52:52ID: BC  Data: 00 00 00 AA F1 09 35 BA 
"
"2016-11-21 14:52:52ID: BB  Data: 00 00 00 AA 0E F6 CA 46 
"
"2016-11-21 14:52:52ID: BC  Data: 00 00 00 AA F1 09 35 BA 
"
"2016-11-21 14:52:52ID: BB  Data: 00 00 00 AA 0E F4 28 A1 
"
"2016-11-21 14:52:52ID: BC  Data: 00 00 00 AA F1 0B D7 5F 
"
"2016-11-21 14:52:52ID: BB  Data: 00 00 00 AA 0E F5 79 74 
"
"2016-11-21 14:52:52ID: BC  Data: 00 00 00 AA F1 0A 86 8C 
"
"2016-11-21 14:52:52ID: BB  Data: 00 00 00 AA 0E F4 28 A1 
"
"2016-11-21 14:52:52ID: BC  Data: 00 00 00 AA F1 0B D7 5F 
"
"2016-11-21 14:52:52ID: BB  Data: 00 00 00 AA 0E F6 CA 46 
"
"2016-11-21 14:52:52ID: BC  Data: 00 00 00 AA F1 09 35 BA 
"
"2016-11-21 14:52:52ID: BB  Data: 00 00 00 AA 0E F6 CA 46 
"
"2016-11-21 14:52:52ID: BC  Data: 00 00 00 AA F1 09 35 BA 
"
"2016-11-21 14:52:52ID: BB  Data: 00 00 00 AA 0E F5 79 74 
"
"2016-11-21 14:52:52ID: BC  Data: 00 00 00 AA F1 0A 86 8C 
"
"2016-11-21 14:52:53ID: BB  Data: 00 00 00 AA 0E F2 D7 CF 
"
"2016-11-21 14:52:53ID: BC  Data: 00 00 00 AA F1 0D 28 31 
"
"2016-11-21 14:52:53ID: BB  Data: 00 00 00 AA 0E 04 B2 F7 
"
"2016-11-21 14:52:53ID: BC  Data: 00 00 00 AA F1 FB 4D 09 
"
"2016-11-21 14:52:53ID: BB  Data: 00 00 00 AA 0D 3F 57 9E 
"
"2016-11-21 14:52:53ID: BC  Data: 00 00 00 AA F2 C0 A8 62 
"
"2016-11-21 14:52:53ID: BB  Data: 00 00 00 AA 0D 00 30 25 
"
"2016-11-21 14:52:53ID: BC  Data: 00 00 00 AA F2 FF CF DB 
"
"2016-11-21 14:52:53ID: BB  Data: 00 00 00 AA 0B B8 93 62 
"
"2016-11-21 14:52:53ID: BC  Data: 00 00 00 AA F4 47 6C 9E 
"
"2016-11-21 14:52:53ID: BB  Data: 00 00 00 AA 0B 81 50 D9 
"
"2016-11-21 14:52:53ID: BC  Data: 00 00 00 AA F4 7E AF 27 
"
"2016-11-21 14:52:53ID: BB  Data: 00 00 00 AA 0C 1F 33 87 
"
"2016-11-21 14:52:53ID: BC  Data: 00 00 00 AA F3 E0 CC 79 
"
"2016-11-21 14:52:53ID: BB  Data: 00 00 00 AA 0D E5 1F 3B 
"
"2016-11-21 14:52:53ID: BC  Data: 00 00 00 AA F2 1A E0 C5 
"
"2016-11-21 14:52:53ID: BB  Data: 00 00 00 AA 0E F0 36 2A 
"
"2016-11-21 14:52:53ID: BC  Data: 00 00 00 AA F1 0F C9 D6 
"
"2016-11-21 14:52:53ID: BB  Data: 00 00 00 AA 0E F6 CA 46 
"
"2016-11-21 14:52:53ID: BC  Data: 00 00 00 AA F1 09 35 BA 
"
"2016-11-21 14:52:53ID: BB  Data: 00 00 00 AA 0E F6 CA 46 
"
"2016-11-21 14:52:53ID: BC  Data: 00 00 00 AA F1 09 35 BA 
"
"2016-11-21 14:52:53ID: BB  Data: 00 00 00 AA 0E F8 1B 19 
"
"2016-11-21 14:52:54ID: BC  Data: 00 00 00 AA F1 07 E4 E7 
"
"2016-11-21 14:52:54ID: BB  Data: 00 00 00 AA 0E F5 79 74 
"
"2016-11-21 14:52:54ID: BC  Data: 00 00 00 AA F1 0A 86 8C 
"
"2016-11-21 14:52:54ID: BB  Data: 00 00 00 AA 0E F6 CA 46 
"
"2016-11-21 14:52:54ID: BC  Data: 00 00 00 AA F1 09 35 BA 
"
"2016-11-21 14:52:54ID: BB  Data: 00 00 00 AA 0E F6 CA 46 
"
"2016-11-21 14:52:54ID: BC  Data: 00 00 00 AA F1 09 35 BA 
"
"2016-11-21 14:52:54ID: BB  Data: 00 00 00 AA 0E F6 CA 46 
"
"2016-11-21 14:52:54ID: BC  Data: 00 00 00 AA F1 09 35 BA 
"
"2016-11-21 14:52:54ID: BB  Data: 00 00 00 AA 0E F4 28 A1 
"
"2016-11-21 14:52:54ID: BC  Data: 00 00 00 AA F1 0B D7 5F 
"
"2016-11-21 14:52:54ID: BB  Data: 00 00 00 AA 0E F6 CA 46 
"
"2016-11-21 14:52:54ID: BC  Data: 00 00 00 AA F1 09 35 BA 
"
"2016-11-21 14:52:54ID: BB  Data: 00 00 00 AA 0E F8 1B 19 
"
"2016-11-21 14:52:54ID: BC  Data: 00 00 00 AA F1 07 E4 E7 
"
"2016-11-21 14:52:54ID: BB  Data: 00 00 00 AA 0E F6 CA 46 
"
"2016-11-21 14:52:54ID: BC  Data: 00 00 00 AA F1 09 35 BA 
"
"2016-11-21 14:52:54ID: BB  Data: 00 00 00 AA 0E F5 79 74 
"
"2016-11-21 14:52:54ID: BC  Data: 00 00 00 AA F1 0A 86 8C 
"
"2016-11-21 14:52:54ID: BB  Data: 00 00 00 AA 0E F6 CA 46 
"
"2016-11-21 14:52:54ID: BC  Data: 00 00 00 AA F1 09 35 BA 
"
"2016-11-21 14:52:54ID: BB  Data: 00 00 00 AA 0E F6 CA 46 
"
"2016-11-21 14:52:54ID: BC  Data: 00 00 00 AA F1 09 35 BA 
"
"2016-11-21 14:52:55ID: BB  Data: 00 00 00 AA 0E F5 79 74 
"
"2016-11-21 14:52:55ID: BC  Data: 00 00 00 AA F1 0A 86 8C 
"
"2016-11-21 14:52:55ID: BB  Data: 00 00 00 AA 0E F5 79 74 
"
"2016-11-21 14:52:55ID: BC  Data: 00 00 00 AA F1 0A 86 8C 
"
"2016-11-21 14:52:55ID: BB  Data: 00 00 00 AA 0E F5 79 74 
"
"2016-11-21 14:52:55ID: BC  Data: 00 00 00 AA F1 0A 86 8C 
"
"2016-11-21 14:52:55ID: BB  Data: 00 00 00 AA 0E F6 CA 46 
"
"2016-11-21 14:52:55ID: BC  Data: 00 00 00 AA F1 09 35 BA 
"
"2016-11-21 14:52:55ID: BB  Data: 00 00 00 AA 0E F6 CA 46 
"
"2016-11-21 14:52:55ID: BC  Data: 00 00 00 AA F1 09 35 BA 
"
"2016-11-21 14:52:55ID: BB  Data: 00 00 00 AA 0E F5 79 74 
"
"2016-11-21 14:52:55ID: BC  Data: 00 00 00 AA F1 0A 86 8C 
"
"2016-11-21 14:52:55ID: BB  Data: 00 00 00 AA 0E F6 CA 46 
"
"2016-11-21 14:52:55ID: BC  Data: 00 00 00 AA F1 09 35 BA 
"
"2016-11-21 14:52:55ID: BB  Data: 00 00 00 AA 0E F5 79 74 
"
"2016-11-21 14:52:55ID: BC  Data: 00 00 00 AA F1 0A 86 8C 
"
"2016-11-21 14:52:55ID: BB  Data: 00 00 00 AA 0E F6 CA 46 
"
"2016-11-21 14:52:55ID: BC  Data: 00 00 00 AA F1 09 35 BA 
"
"2016-11-21 14:52:55ID: BB  Data: 00 00 00 AA 0E F6 CA 46 
"
"2016-11-21 14:52:55ID: BC  Data: 00 00 00 AA F1 09 35 BA 
"
"2016-11-21 14:52:55ID: BB  Data: 00 00 00 AA 0E F6 CA 46 
"
"2016-11-21 14:52:55ID: BC  Data: 00 00 00 AA F1 09 35 BA 
"
"2016-11-21 14:52:56ID: BB  Data: 00 00 00 AA 0E F5 79 74 
"
"2016-11-21 14:52:56ID: BC  Data: 00 00 00 AA F1 0A 86 8C 
"
"2016-11-21 14:52:56ID: BB  Data: 00 00 00 AA 0E F5 79 74 
"
"2016-11-21 14:52:56ID: BC  Data: 00 00 00 AA F1 0A 86 8C 
"
"2016-11-21 14:52:56ID: BB  Data: 00 00 00 AA 0E F6 CA 46 
"
"2016-11-21 14:52:56ID: BC  Data: 00 00 00 AA F1 09 35 BA 
"
"2016-11-21 14:52:56ID: BB  Data: 00 00 00 AA 0E F6 CA 46 
"
"2016-11-21 14:52:56ID: BC  Data: 00 00 00 AA F1 09 35 BA 
"
"2016-11-21 14:52:56ID: BB  Data: 00 00 00 AA 0E F5 79 74 
"
"2016-11-21 14:52:56ID: BC  Data: 00 00 00 AA F1 0A 86 8C 
"
"2016-11-21 14:52:56ID: BB  Data: 00 00 00 AA 0E F8 1B 19 
"
"2016-11-21 14:52:56ID: BC  Data: 00 00 00 AA F1 07 E4 E7 
"
"2016-11-21 14:52:56ID: BB  Data: 00 00 00 AA 0E F6 CA 46 
"
"2016-11-21 14:52:56ID: BC  Data: 00 00 00 AA F1 09 35 BA 
"
"2016-11-21 14:52:56ID: BB  Data: 00 00 00 AA 0E F6 CA 46 
"
"2016-11-21 14:52:56ID: BC  Data: 00 00 00 AA F1 09 35 BA 
"
"2016-11-21 14:52:56ID: BB  Data: 00 00 00 AA 0E F8 1B 19 
"
"2016-11-21 14:52:56ID: BC  Data: 00 00 00 AA F1 07 E4 E7 
"
"2016-11-21 14:52:56ID: BB  Data: 00 00 00 AA 0E F6 CA 46 
"
"2016-11-21 14:52:56ID: BC  Data: 00 00 00 AA F1 09 35 BA 
"
"2016-11-21 14:52:56ID: BB  Data: 00 00 00 AA 0E F8 1B 19 
"
"2016-11-21 14:52:56ID: BC  Data: 00 00 00 AA F1 07 E4 E7 
"
"2016-11-21 14:52:56ID: BB  Data: 00 00 00 AA 0E F6 CA 46 
"
"2016-11-21 14:52:56ID: BC  Data: 00 00 00 AA F1 09 35 BA 
"
"2016-11-21 14:52:57ID: BB  Data: 00 00 00 AA 0E F6 CA 46 
"
"2016-11-21 14:52:57ID: BC  Data: 00 00 00 AA F1 09 35 BA 
"
"2016-11-21 14:52:57ID: BB  Data: 00 00 00 AA 0E F2 D7 CF 
"
"2016-11-21 14:52:57ID: BC  Data: 00 00 00 AA F1 0D 28 31 
"
"2016-11-21 14:52:57ID: BB  Data: 00 00 00 AA 0E F5 79 74 
"
"2016-11-21 14:52:57ID: BC  Data: 00 00 00 AA F1 0A 86 8C 
"
"2016-11-21 14:52:57ID: BB  Data: 00 00 00 AA 0E F6 CA 46 
"
"2016-11-21 14:52:57ID: BC  Data: 00 00 00 AA F1 09 35 BA 
"
"2016-11-21 14:52:57ID: BB  Data: 00 00 00 AA 0E F5 79 74 
"
"2016-11-21 14:52:57ID: BC  Data: 00 00 00 AA F1 0A 86 8C 
"
"2016-11-21 14:52:57ID: BB  Data: 00 00 00 AA 0E F5 79 74 
"
"2016-11-21 14:52:57ID: BC  Data: 00 00 00 AA F1 0A 86 8C 
"
"2016-11-21 14:52:57ID: BB  Data: 00 00 00 AA 0E F8 1B 19 
"
"2016-11-21 14:52:57ID: BC  Data: 00 00 00 AA F1 07 E4 E7 
"
"2016-11-21 14:52:57ID: BB  Data: 00 00 00 AA 0E F8 1B 19 
"
"2016-11-21 14:52:57ID: BC  Data: 00 00 00 AA F1 07 E4 E7 
"
"2016-11-21 14:52:57ID: BB  Data: 00 00 00 AA 0E F6 CA 46 
"
"2016-11-21 14:52:57ID: BC  Data: 00 00 00 AA F1 09 35 BA 
"
"2016-11-21 14:52:57ID: BB  Data: 00 00 00 AA 0E F6 CA 46 
"
"2016-11-21 14:52:57ID: BC  Data: 00 00 00 AA F1 09 35 BA 
"
"2016-11-21 14:52:57ID: BB  Data: 00 00 00 AA 0E F4 28 A1 
"
"2016-11-21 14:52:57ID: BC  Data: 00 00 00 AA F1 0B D7 5F 
"
"2016-11-21 14:52:58ID: BB  Data: 00 00 00 AA 0E F4 28 A1 
"
"2016-11-21 14:52:58ID: BC  Data: 00 00 00 AA F1 0B D7 5F 
"
"2016-11-21 14:52:58ID: BB  Data: 00 00 00 AA 0E F6 CA 46 
"
"2016-11-21 14:52:58ID: BC  Data: 00 00 00 AA F1 09 35 BA 
"
"2016-11-21 14:52:58ID: BB  Data: 00 00 00 AA 0E F6 CA 46 
"
"2016-11-21 14:52:58ID: BC  Data: 00 00 00 AA F1 09 35 BA 
"
"2016-11-21 14:52:58ID: BB  Data: 00 00 00 AA 0E F5 79 74 
"
"2016-11-21 14:52:58ID: BC  Data: 00 00 00 AA F1 0A 86 8C 
"
"2016-11-21 14:52:58ID: BB  Data: 00 00 00 AA 0E F5 79 74 
"
"2016-11-21 14:52:58ID: BC  Data: 00 00 00 AA F1 0A 86 8C 
"
"2016-11-21 14:52:58ID: BB  Data: 00 00 00 AA 0E F4 28 A1 
"
"2016-11-21 14:52:58ID: BC  Data: 00 00 00 AA F1 0B D7 5F 
"
"2016-11-21 14:52:58ID: BB  Data: 00 00 00 AA 0E F5 79 74 
"
"2016-11-21 14:52:58ID: BC  Data: 00 00 00 AA F1 0A 86 8C 
"
"2016-11-21 14:52:58ID: BB  Data: 00 00 00 AA 0E F5 79 74 
"
"2016-11-21 14:52:58ID: BC  Data: 00 00 00 AA F1 0A 86 8C 
"
"2016-11-21 14:52:58ID: BB  Data: 00 00 00 AA 0E F5 79 74 
"
"2016-11-21 14:52:58ID: BC  Data: 00 00 00 AA F1 0A 86 8C 
"
"2016-11-21 14:52:58ID: BB  Data: 00 00 00 AA 0E F5 79 74 
"
"2016-11-21 14:52:58ID: BC  Data: 00 00 00 AA F1 0A 86 8C 
"
"2016-11-21 14:52:58ID: BB  Data: 00 00 00 AA 0E F5 79 74 
"
"2016-11-21 14:52:58ID: BC  Data: 00 00 00 AA F1 0A 86 8C 
"
"2016-11-21 14:52:59ID: BB  Data: 00 00 00 AA 0E F5 79 74 
"
"2016-11-21 14:52:59ID: BC  Data: 00 00 00 AA F1 0A 86 8C 
"
"2016-11-21 14:52:59ID: BB  Data: 00 00 00 AA 0E F6 CA 46 
"
"2016-11-21 14:52:59ID: BC  Data: 00 00 00 AA F1 09 35 BA 
"
"2016-11-21 14:52:59ID: BB  Data: 00 00 00 AA 0E F6 CA 46 
"
"2016-11-21 14:52:59ID: BC  Data: 00 00 00 AA F1 09 35 BA 
"
"2016-11-21 14:52:59ID: BB  Data: 00 00 00 AA 0E F5 79 74 
"
"2016-11-21 14:52:59ID: BC  Data: 00 00 00 AA F1 0A 86 8C 
"
"2016-11-21 14:52:59ID: BB  Data: 00 00 00 AA 0E F5 79 74 
"
"2016-11-21 14:52:59ID: BC  Data: 00 00 00 AA F1 0A 86 8C 
"
"2016-11-21 14:52:59ID: BB  Data: 00 00 00 AA 0E F6 CA 46 
"
"2016-11-21 14:52:59ID: BC  Data: 00 00 00 AA F1 09 35 BA 
"
"2016-11-21 14:52:59ID: BB  Data: 00 00 00 AA 0E F6 CA 46 
"
"2016-11-21 14:52:59ID: BC  Data: 00 00 00 AA F1 09 35 BA 
"
"2016-11-21 14:52:59ID: BB  Data: 00 00 00 AA 0E F5 79 74 
"
"2016-11-21 14:52:59ID: BC  Data: 00 00 00 AA F1 0A 86 8C 
"
"2016-11-21 14:52:59ID: BB  Data: 00 00 00 AA 0E F5 79 74 
"
"2016-11-21 14:52:59ID: BC  Data: 00 00 00 AA F1 0A 86 8C 
"
"2016-11-21 14:52:59ID: BB  Data: 00 00 00 AA 0E F5 79 74 
"
"2016-11-21 14:52:59ID: BC  Data: 00 00 00 AA F1 0A 86 8C 
"
"2016-11-21 14:52:59ID: BB  Data: 00 00 00 AA 0E F4 28 A1 
"
"2016-11-21 14:52:59ID: BC  Data: 00 00 00 AA F1 0B D7 5F 
"
"2016-11-21 14:52:59ID: BB  Data: 00 00 00 AA 0E F6 CA 46 
"
"2016-11-21 14:52:59ID: BC  Data: 00 00 00 AA F1 09 35 BA 
"
"2016-11-21 14:53:00ID: BB  Data: 00 00 00 AA 0E F8 1B 19 
"
"2016-11-21 14:53:00ID: BC  Data: 00 00 00 AA F1 07 E4 E7 
"
"2016-11-21 14:53:00ID: BB  Data: 00 00 00 AA 0E F6 CA 46 
"
"2016-11-21 14:53:00ID: BC  Data: 00 00 00 AA F1 09 35 BA 
"
"2016-11-21 14:53:00ID: BB  Data: 00 00 00 AA 0E F5 79 74 
"
"2016-11-21 14:53:00ID: BC  Data: 00 00 00 AA F1 0A 86 8C 
"
"2016-11-21 14:53:00ID: BB  Data: 00 00 00 AA 0E F6 CA 46 
"
"2016-11-21 14:53:00ID: BC  Data: 00 00 00 AA F1 09 35 BA 
"
"2016-11-21 14:53:00ID: BB  Data: 00 00 00 AA 0E D5 E5 B8 
"
"2016-11-21 14:53:00ID: BC  Data: 00 00 00 AA F1 2A 1A 48 
"
"2016-11-21 14:53:00ID: BB  Data: 00 00 00 AA 0D 27 A8 D1 
"
"2016-11-21 14:53:00ID: BC  Data: 00 00 00 AA F2 D8 57 2F 
"
"2016-11-21 14:53:00ID: BB  Data: 00 00 00 AA 0A 7A 2C 61 
"
"2016-11-21 14:53:00ID: BC  Data: 00 00 00 AA F5 85 D3 9F 
"
"2016-11-21 14:53:00ID: BB  Data: 00 00 00 AA 05 A4 16 91 
"
"2016-11-21 14:53:00ID: BC  Data: 00 00 00 AA FA 5B E9 6F 
"
"2016-11-21 14:53:00ID: BB  Data: 00 00 00 AA 05 80 90 5D 
"
"2016-11-21 14:53:00ID: BC  Data: 00 00 00 AA FA 7F 6F A3 
"
"2016-11-21 14:53:00ID: BB  Data: 00 00 00 AA 05 0C C8 00 
"
"2016-11-21 14:53:00ID: BC  Data: 00 00 00 AA FA F3 38 00 
"
"2016-11-21 14:53:00ID: BB  Data: 00 00 00 AA 03 5A 98 A1 
"
"2016-11-21 14:53:00ID: BC  Data: 00 00 00 AA FC A5 67 5F 
"
"2016-11-21 14:53:01ID: BB  Data: 00 00 00 AA 01 86 33 E1 
"
"2016-11-21 14:53:01ID: BC  Data: 00 00 00 AA FE 79 CC 1F 
"
"2016-11-21 14:53:01ID: BB  Data: 00 00 00 AA 00 00 00 00 
"
"2016-11-21 14:53:01ID: BC  Data: 00 00 00 AA 00 00 00 00 
"
"2016-11-21 14:53:01ID: BB  Data: 00 00 00 AA 00 00 00 00 
"
"2016-11-21 14:53:01ID: BC  Data: 00 00 00 AA 00 00 00 00 
"
"2016-11-21 14:53:01ID: BB  Data: 00 00 00 AA 00 00 00 00 
"
"2016-11-21 14:53:01ID: BC  Data: 00 00 00 AA 00 00 00 00 
"
"2016-11-21 14:53:01ID: BB  Data: 00 00 00 AA 00 00 00 00 
"
"2016-11-21 14:53:01ID: BC  Data: 00 00 00 AA 00 00 00 00 
"
"2016-11-21 14:53:01ID: BB  Data: 00 00 00 AA 00 00 00 00 
"
"2016-11-21 14:53:01ID: BC  Data: 00 00 00 AA 00 00 00 00 
"
"2016-11-21 14:53:01ID: BB  Data: 00 00 00 AA 00 00 00 00 
"
"2016-11-21 14:53:01ID: BC  Data: 00 00 00 AA 00 00 00 00 
"
"2016-11-21 14:53:01ID: BB  Data: 00 00 00 AA 00 00 00 00 
"
"2016-11-21 14:53:01ID: BC  Data: 00 00 00 AA 00 00 00 00 
"
"2016-11-21 14:53:01ID: BB  Data: 00 00 00 AA 00 00 00 00 
"
"2016-11-21 14:53:01ID: BC  Data: 00 00 00 AA 00 00 00 00 
"
"2016-11-21 14:53:01ID: BB  Data: 00 00 00 AA 00 00 00 00 
"
"2016-11-21 14:53:01ID: BC  Data: 00 00 00 AA 00 00 00 00 
"
"2016-11-21 14:53:01ID: BB  Data: 00 00 00 AA 00 00 00 00 
"
"2016-11-21 14:53:01ID: BC  Data: 00 00 00 AA 00 00 00 00 
"
"2016-11-21 14:53:01ID: BB  Data: 00 00 00 AA 00 00 00 00 
"
"2016-11-21 14:53:02ID: BC  Data: 00 00 00 AA 00 00 00 00 
"
"2016-11-21 14:53:02ID: BB  Data: 00 00 00 AA 00 00 00 00 
"
"2016-11-21 14:53:02ID: BC  Data: 00 00 00 AA 00 00 00 00 
"
"2016-11-21 14:53:02ID: BB  Data: 00 00 00 AA 00 00 00 00 
"
"2016-11-21 14:53:02ID: BC  Data: 00 00 00 AA 00 00 00 00 
"
"2016-11-21 14:53:02ID: BB  Data: 00 00 00 AA 00 00 00 00 
"
"2016-11-21 14:53:02ID: BC  Data: 00 00 00 AA 00 00 00 00 
"
"2016-11-21 14:53:02ID: BB  Data: 00 00 00 AA 00 00 00 00 
"
"2016-11-21 14:53:02ID: BC  Data: 00 00 00 AA 00 00 00 00 
"
"2016-11-21 14:53:02ID: BB  Data: 00 00 00 AA 00 00 00 00 
"
"2016-11-21 14:53:02ID: BC  Data: 00 00 00 AA 00 00 00 00 
"
"2016-11-21 14:53:02ID: BB  Data: 00 00 00 AA 00 00 00 00 
"
"2016-11-21 14:53:02ID: BC  Data: 00 00 00 AA 00 00 00 00 
"
"2016-11-21 14:53:02ID: BB  Data: 00 00 00 AA 00 00 00 00 
"
"2016-11-21 14:53:02ID: BC  Data: 00 00 00 AA 00 00 00 00 
"
"2016-11-21 14:53:02ID: BB  Data: 00 00 00 AA 00 00 00 00 
"
"2016-11-21 14:53:02ID: BC  Data: 00 00 00 AA 00 00 00 00 
"
"2016-11-21 14:53:02ID: BB  Data: 00 00 00 AA 00 00 00 00 
"
"2016-11-21 14:53:02ID: BC  Data: 00 00 00 AA 00 00 00 00 
"
"2016-11-21 14:53:02ID: BB  Data: 00 00 00 AA 00 00 00 00 
"
"2016-11-21 14:53:02ID: BC  Data: 00 00 00 AA 00 00 00 00 
"
"2016-11-21 14:53:02ID: BB  Data: 00 00 00 AA 00 00 00 00 
"
"2016-11-21 14:53:02ID: BC  Data: 00 00 00 AA 00 00 00 00 
"
"2016-11-21 14:53:03ID: BB  Data: 00 00 00 AA 00 00 00 00 
"
"2016-11-21 14:53:03ID: BC  Data: 00 00 00 AA 00 00 00 00 
"
"2016-11-21 14:53:03ID: BB  Data: 00 00 00 AA 00 00 00 00 
"
"2016-11-21 14:53:03ID: BC  Data: 00 00 00 AA 00 00 00 00 
"
"2016-11-21 14:53:03ID: BB  Data: 00 00 00 AA 00 00 00 00 
"
"2016-11-21 14:53:03ID: BC  Data: 00 00 00 AA 00 00 00 00 
"
"2016-11-21 14:53:03ID: BB  Data: 00 00 00 AA 00 00 00 00 
"
"2016-11-21 14:53:03ID: BC  Data: 00 00 00 AA 00 00 00 00 
"
"2016-11-21 14:53:03ID: BB  Data: 00 00 00 AA 00 00 00 00 
"
"2016-11-21 14:53:03ID: BC  Data: 00 00 00 AA 00 00 00 00 
"
"2016-11-21 14:53:03ID: BB  Data: 00 00 00 AA 00 00 00 00 
"
"2016-11-21 14:53:03ID: BC  Data: 00 00 00 AA 00 00 00 00 
"
"2016-11-21 14:53:03ID: BB  Data: 00 00 00 AA 00 00 00 00 
"
"2016-11-21 14:53:03ID: BC  Data: 00 00 00 AA 00 00 00 00 
"
"2016-11-21 14:53:03ID: BB  Data: 00 00 00 AA 00 00 00 00 
"
"2016-11-21 14:53:03ID: BC  Data: 00 00 00 AA 00 00 00 00 
"
"2016-11-21 14:53:03ID: BB  Data: 00 00 00 AA 00 00 00 00 
"
"2016-11-21 14:53:03ID: BC  Data: 00 00 00 AA 00 00 00 00 
"
"2016-11-21 14:53:03ID: BB  Data: 00 00 00 AA 00 00 00 00 
"
"2016-11-21 14:53:03ID: BC  Data: 00 00 00 AA 00 00 00 00 
"
"2016-11-21 14:53:03ID: BB  Data: 00 00 00 AA 00 00 00 00 
"
"2016-11-21 14:53:03ID: BC  Data: 00 00 00 AA 00 00 00 00 
"
"2016-11-21 14:53:04ID: BB  Data: 00 00 00 AA 00 00 00 00 
"
"2016-11-21 14:53:04ID: BC  Data: 00 00 00 AA 00 00 00 00 
"
"2016-11-21 14:53:04ID: BB  Data: 00 00 00 AA 03 A6 E8 53 
"
"2016-11-21 14:53:04ID: BC  Data: 00 00 00 AA FC 59 17 AD 
"
"2016-11-21 14:53:04ID: BB  Data: 00 00 00 AA 08 EF 75 AE 
"
"2016-11-21 14:53:04ID: BC  Data: 00 00 00 AA F7 10 8A 52 
"
"2016-11-21 14:53:04ID: BB  Data: 00 00 00 AA 0D C4 3A AC 
"
"2016-11-21 14:53:04ID: BC  Data: 00 00 00 AA F2 3B C5 54 
"
"2016-11-21 14:53:04ID: BB  Data: 00 00 00 AA 0E E8 51 3B 
"
"2016-11-21 14:53:04ID: BC  Data: 00 00 00 AA F1 17 AE C5 
"
"2016-11-21 14:53:04ID: BB  Data: 00 00 00 AA 0E F1 86 FC 
"
"2016-11-21 14:53:04ID: BC  Data: 00 00 00 AA F1 0E 79 04 
"
"2016-11-21 14:53:04ID: BB  Data: 00 00 00 AA 0E F2 D7 CF 
"
"2016-11-21 14:53:04ID: BC  Data: 00 00 00 AA F1 0D 28 31 
"
"2016-11-21 14:53:04ID: BB  Data: 00 00 00 AA 0D FA 2C 63 
"
"2016-11-21 14:53:04ID: BC  Data: 00 00 00 AA F2 05 D3 9D 
"
"2016-11-21 14:53:04ID: BB  Data: 00 00 00 AA 05 B6 82 14 
"
"2016-11-21 14:53:04ID: BC  Data: 00 00 00 AA FA 49 7D EC 
"
"2016-11-21 14:53:04ID: BB  Data: 00 00 00 AA 01 A0 84 54 
"
"2016-11-21 14:53:04ID: BC  Data: 00 00 00 AA FE 5F 7B AC 
"
"2016-11-21 14:53:04ID: BB  Data: 00 00 00 AA 00 00 00 00 
"
"2016-11-21 14:53:04ID: BC  Data: 00 00 00 AA 00 00 00 00 
"
"2016-11-21 14:53:04ID: BB  Data: 00 00 00 AA 00 00 00 00 
"
"2016-11-21 14:53:04ID: BC  Data: 00 00 00 AA 00 00 00 00 
"
"2016-11-21 14:53:05ID: BB  Data: 00 00 00 AA 00 00 00 00 
"
"2016-11-21 14:53:05ID: BC  Data: 00 00 00 AA 00 00 00 00 
"
"2016-11-21 14:53:05ID: BB  Data: 00 00 00 AA 00 00 00 00 
"
"2016-11-21 14:53:05ID: BC  Data: 00 00 00 AA 00 00 00 00 
"
"2016-11-21 14:53:05ID: BB  Data: 00 00 00 AA 00 00 00 00 
"
"2016-11-21 14:53:05ID: BC  Data: 00 00 00 AA 00 00 00 00 
"
"2016-11-21 14:53:05ID: BB  Data: 00 00 00 AA 00 00 00 00 
"
"2016-11-21 14:53:05ID: BC  Data: 00 00 00 AA 00 00 00 00 
"
"2016-11-21 14:53:05ID: BB  Data: 00 00 00 AA 00 00 00 00 
"
"2016-11-21 14:53:05ID: BC  Data: 00 00 00 AA 00 00 00 00 
"
"2016-11-21 14:53:05ID: BB  Data: 00 00 00 AA 00 00 00 00 
"
"2016-11-21 14:53:05ID: BC  Data: 00 00 00 AA 00 00 00 00 
"
"2016-11-21 14:53:05ID: BB  Data: 00 00 00 AA 00 00 00 00 
"
"2016-11-21 14:53:05ID: BC  Data: 00 00 00 AA 00 00 00 00 
"
"2016-11-21 14:53:05ID: BB  Data: 00 00 00 AA 00 00 00 00 
"
"2016-11-21 14:53:05ID: BC  Data: 00 00 00 AA 00 00 00 00 
"
"2016-11-21 14:53:05ID: BB  Data: 00 00 00 AA 00 00 00 00 
"
"2016-11-21 14:53:05ID: BC  Data: 00 00 00 AA 00 00 00 00 
"
"2016-11-21 14:53:05ID: BB  Data: 00 00 00 AA 00 00 00 00 
"
"2016-11-21 14:53:05ID: BC  Data: 00 00 00 AA 00 00 00 00 
"
"2016-11-21 14:53:05ID: BB  Data: 00 00 00 AA 00 00 00 00 
"
"2016-11-21 14:53:05ID: BC  Data: 00 00 00 AA 00 00 00 00 
"
"2016-11-21 14:53:06ID: BB  Data: 00 00 00 AA 00 00 00 00 
"
"2016-11-21 14:53:06ID: BC  Data: 00 00 00 AA 00 00 00 00 
"
"2016-11-21 14:53:06ID: BB  Data: 00 00 00 AA 00 00 00 00 
"
"2016-11-21 14:53:06ID: BC  Data: 00 00 00 AA 00 00 00 00 
"
"2016-11-21 14:53:06ID: BB  Data: 00 00 00 AA 00 00 00 00 
"
"2016-11-21 14:53:06ID: BC  Data: 00 00 00 AA 00 00 00 00 
"
"2016-11-21 14:53:06ID: BB  Data: 00 00 00 AA 00 00 00 00 
"
"2016-11-21 14:53:06ID: BC  Data: 00 00 00 AA 00 00 00 00 
"
"2016-11-21 14:53:06ID: BB  Data: 00 00 00 AA 00 00 00 00 
"
"2016-11-21 14:53:06ID: BC  Data: 00 00 00 AA 00 00 00 00 
"
"2016-11-21 14:53:06ID: BB  Data: 00 00 00 AA 00 00 00 00 
"
"2016-11-21 14:53:06ID: BC  Data: 00 00 00 AA 00 00 00 00 
"
"2016-11-21 14:53:06ID: BB  Data: 00 00 00 AA 00 00 00 00 
"
"2016-11-21 14:53:06ID: BC  Data: 00 00 00 AA 00 00 00 00 
"
"2016-11-21 14:53:06ID: BB  Data: 00 00 00 AA 00 00 00 00 
"
"2016-11-21 14:53:06ID: BC  Data: 00 00 00 AA 00 00 00 00 
"
"2016-11-21 14:53:06ID: BB  Data: 00 00 00 AA 00 00 00 00 
"
"2016-11-21 14:53:06ID: BC  Data: 00 00 00 AA 00 00 00 00 
"
"2016-11-21 14:53:06ID: BB  Data: 00 00 00 AA 00 00 00 00 
"
"2016-11-21 14:53:06ID: BC  Data: 00 00 00 AA 00 00 00 00 
"
"2016-11-21 14:53:06ID: BB  Data: 00 00 00 AA 00 00 00 00 
"
"2016-11-21 14:53:06ID: BC  Data: 00 00 00 AA 00 00 00 00 
"
"2016-11-21 14:53:07ID: BB  Data: 00 00 00 AA 00 00 00 00 
"
"2016-11-21 14:53:07ID: BC  Data: 00 00 00 AA 00 00 00 00 
"
"2016-11-21 14:53:07ID: BB  Data: 00 00 00 AA 00 00 00 00 
"
"2016-11-21 14:53:07ID: BC  Data: 00 00 00 AA 00 00 00 00 
"
"2016-11-21 14:53:07ID: BB  Data: 00 00 00 AA 00 00 00 00 
"
"2016-11-21 14:53:07ID: BC  Data: 00 00 00 AA 00 00 00 00 
"
"2016-11-21 14:53:07ID: BB  Data: 00 00 00 AA 00 00 00 00 
"
"2016-11-21 14:53:07ID: BC  Data: 00 00 00 AA 00 00 00 00 
"
"2016-11-21 14:53:07ID: BB  Data: 00 00 00 AA 00 00 00 00 
"
"2016-11-21 14:53:07ID: BC  Data: 00 00 00 AA 00 00 00 00 
"
"2016-11-21 14:53:07ID: BB  Data: 00 00 00 AA 00 00 00 00 
"
"2016-11-21 14:53:07ID: BC  Data: 00 00 00 AA 00 00 00 00 
"
"2016-11-21 14:53:07ID: BB  Data: 00 00 00 AA 00 00 00 00 
"
"2016-11-21 14:53:07ID: BC  Data: 00 00 00 AA 00 00 00 00 
"
"2016-11-21 14:53:07ID: BB  Data: 00 00 00 AA 00 00 00 00 
"
"2016-11-21 14:53:07ID: BC  Data: 00 00 00 AA 00 00 00 00 
"
"2016-11-21 14:53:07ID: BB  Data: 00 00 00 AA 00 00 00 00 
"
"2016-11-21 14:53:07ID: BC  Data: 00 00 00 AA 00 00 00 00 
"
"2016-11-21 14:53:07ID: BB  Data: 00 00 00 AA 00 00 00 00 
"
"2016-11-21 14:53:07ID: BC  Data: 00 00 00 AA 00 00 00 00 
"
"2016-11-21 14:53:07ID: BB  Data: 00 00 00 AA 00 00 00 00 
"
"2016-11-21 14:53:07ID: BC  Data: 00 00 00 AA 00 00 00 00 
"
"2016-11-21 14:53:07ID: BB  Data: 00 00 00 AA 00 00 00 00 
"
"2016-11-21 14:53:07ID: BC  Data: 00 00 00 AA 00 00 00 00 
"
"2016-11-21 14:53:08ID: BB  Data: 00 00 00 AA 00 00 00 00 
"
"2016-11-21 14:53:08ID: BC  Data: 00 00 00 AA 00 00 00 00 
"
"2016-11-21 14:53:08ID: BB  Data: 00 00 00 AA 00 00 00 00 
"
"2016-11-21 14:53:08ID: BC  Data: 00 00 00 AA 00 00 00 00 
"
"2016-11-21 14:53:08ID: BB  Data: 00 00 00 AA 00 00 00 00 
"
"2016-11-21 14:53:08ID: BC  Data: 00 00 00 AA 00 00 00 00 
"
"2016-11-21 14:53:08ID: BB  Data: 00 00 00 AA 00 00 00 00 
"
"2016-11-21 14:53:08ID: BC  Data: 00 00 00 AA 00 00 00 00 
"
"2016-11-21 14:53:08ID: BB  Data: 00 00 00 AA 00 00 00 00 
"
"2016-11-21 14:53:08ID: BC  Data: 00 00 00 AA 00 00 00 00 
"
"2016-11-21 14:53:08ID: BB  Data: 00 00 00 AA 00 00 00 00 
"
"2016-11-21 14:53:08ID: BC  Data: 00 00 00 AA 00 00 00 00 
"
"2016-11-21 14:53:08ID: BB  Data: 00 00 00 AA 00 00 00 00 
"
"2016-11-21 14:53:08ID: BC  Data: 00 00 00 AA 00 00 00 00 
"
"2016-11-21 14:53:08ID: BB  Data: 00 00 00 AA 00 00 00 00 
"
"2016-11-21 14:53:08ID: BC  Data: 00 00 00 AA 00 00 00 00 
"
"2016-11-21 14:53:08ID: BB  Data: 00 00 00 AA 00 00 00 00 
"
"2016-11-21 14:53:08ID: BC  Data: 00 00 00 AA 00 00 00 00 
"
"2016-11-21 14:53:08ID: BB  Data: 00 00 00 AA 00 00 00 00 
"
"2016-11-21 14:53:08ID: BC  Data: 00 00 00 AA 00 00 00 00 
"
"2016-11-21 14:53:08ID: BB  Data: 00 00 00 AA 00 00 00 00 
"
"2016-11-21 14:53:08ID: BC  Data: 00 00 00 AA 00 00 00 00 
"
"2016-11-21 14:53:09ID: BB  Data: 00 00 00 AA 00 00 00 00 
"
"2016-11-21 14:53:09ID: BC  Data: 00 00 00 AA 00 00 00 00 
"
"2016-11-21 14:53:09ID: BB  Data: 00 00 00 AA 00 00 00 00 
"
"2016-11-21 14:53:09ID: BC  Data: 00 00 00 AA 00 00 00 00 
"
"2016-11-21 14:53:09ID: BB  Data: 00 00 00 AA 00 00 00 00 
"
"2016-11-21 14:53:09ID: BC  Data: 00 00 00 AA 00 00 00 00 
"
"2016-11-21 14:53:09ID: BB  Data: 00 00 00 AA 00 00 00 00 
"
"2016-11-21 14:53:09ID: BC  Data: 00 00 00 AA 00 00 00 00 
"
"2016-11-21 14:53:09ID: BB  Data: 00 00 00 AA 00 00 00 00 
"
"2016-11-21 14:53:09ID: BC  Data: 00 00 00 AA 00 00 00 00 
"
"2016-11-21 14:53:09ID: BB  Data: 00 00 00 AA 00 00 00 00 
"
"2016-11-21 14:53:09ID: BC  Data: 00 00 00 AA 00 00 00 00 
"
"2016-11-21 14:53:09ID: BB  Data: 00 00 00 AA 00 00 00 00 
"
"2016-11-21 14:53:09ID: BC  Data: 00 00 00 AA 00 00 00 00 
"
"2016-11-21 14:53:09ID: BB  Data: 00 00 00 AA 00 00 00 00 
"
"2016-11-21 14:53:09ID: BC  Data: 00 00 00 AA 00 00 00 00 
"
"2016-11-21 14:53:09ID: BB  Data: 00 00 00 AA 00 00 00 00 
"
"2016-11-21 14:53:09ID: BC  Data: 00 00 00 AA 00 00 00 00 
"
"2016-11-21 14:53:09ID: BB  Data: 00 00 00 AA 00 00 00 00 
"
"2016-11-21 14:53:09ID: BC  Data: 00 00 00 AA 00 00 00 00 
"
"2016-11-21 14:53:09ID: BB  Data: 00 00 00 AA 00 00 00 00 
"
"2016-11-21 14:53:09ID: BC  Data: 00 00 00 AA 00 00 00 00 
"
"2016-11-21 14:53:09ID: BB  Data: 00 00 00 AA 00 00 00 00 
"
"2016-11-21 14:53:10ID: BC  Data: 00 00 00 AA 00 00 00 00 
"
"2016-11-21 14:53:10ID: BB  Data: 00 00 00 AA 00 00 00 00 
"
"2016-11-21 14:53:10ID: BC  Data: 00 00 00 AA 00 00 00 00 
"
"2016-11-21 14:53:10ID: BB  Data: 00 00 00 AA 00 00 00 00 
"
"2016-11-21 14:53:10ID: BC  Data: 00 00 00 AA 00 00 00 00 
"
"2016-11-21 14:53:10ID: BB  Data: 00 00 00 AA 00 00 00 00 
"
"2016-11-21 14:53:10ID: BC  Data: 00 00 00 AA 00 00 00 00 
"
"2016-11-21 14:53:10ID: BB  Data: 00 00 00 AA 00 00 00 00 
"
"2016-11-21 14:53:10ID: BC  Data: 00 00 00 AA 00 00 00 00 
"
"2016-11-21 14:53:10ID: BB  Data: 00 00 00 AA 00 00 00 00 
"
"2016-11-21 14:53:10ID: BC  Data: 00 00 00 AA 00 00 00 00 
"
"2016-11-21 14:53:10ID: BB  Data: 00 00 00 AA 00 00 00 00 
"
"2016-11-21 14:53:10ID: BC  Data: 00 00 00 AA 00 00 00 00 
"
"2016-11-21 14:53:10ID: BB  Data: 00 00 00 AA 00 00 00 00 
"
"2016-11-21 14:53:10ID: BC  Data: 00 00 00 AA 00 00 00 00 
"
"2016-11-21 14:53:10ID: BB  Data: 00 00 00 AA 00 00 00 00 
"
"2016-11-21 14:53:10ID: BC  Data: 00 00 00 AA 00 00 00 00 
"
"2016-11-21 14:53:10ID: BB  Data: 00 00 00 AA 00 00 00 00 
"
"2016-11-21 14:53:10ID: BC  Data: 00 00 00 AA 00 00 00 00 
"
"2016-11-21 14:53:10ID: BB  Data: 00 00 00 AA 00 00 00 00 
"
"2016-11-21 14:53:10ID: BC  Data: 00 00 00 AA 00 00 00 00 
"
"2016-11-21 14:53:10ID: BB  Data: 00 00 00 AA 00 00 00 00 
"
"2016-11-21 14:53:10ID: BC  Data: 00 00 00 AA 00 00 00 00 
"
"2016-11-21 14:53:11ID: BB  Data: 00 00 00 AA 00 00 00 00 
"
"2016-11-21 14:53:11ID: BC  Data: 00 00 00 AA 00 00 00 00 
"
"2016-11-21 14:53:11ID: BB  Data: 00 00 00 AA 00 00 00 00 
"
"2016-11-21 14:53:11ID: BC  Data: 00 00 00 AA 00 00 00 00 
"
"2016-11-21 14:53:11ID: BB  Data: 00 00 00 AA 00 00 00 00 
"
"2016-11-21 14:53:11ID: BC  Data: 00 00 00 AA 00 00 00 00 
"
"2016-11-21 14:53:11ID: BB  Data: 00 00 00 AA 00 00 00 00 
"
"2016-11-21 14:53:11ID: BC  Data: 00 00 00 AA 00 00 00 00 
"
"2016-11-21 14:53:11ID: BB  Data: 00 00 00 AA 00 00 00 00 
"
"2016-11-21 14:53:11ID: BC  Data: 00 00 00 AA 00 00 00 00 
"
"2016-11-21 14:53:11ID: BB  Data: 00 00 00 AA 00 00 00 00 
"
"2016-11-21 14:53:11ID: BC  Data: 00 00 00 AA 00 00 00 00 
"
"2016-11-21 14:53:11ID: BB  Data: 00 00 00 AA 00 00 00 00 
"
"2016-11-21 14:53:11ID: BC  Data: 00 00 00 AA 00 00 00 00 
"
"2016-11-21 14:53:11ID: BB  Data: 00 00 00 AA 00 00 00 00 
"
"2016-11-21 14:53:11ID: BC  Data: 00 00 00 AA 00 00 00 00 
"
"2016-11-21 14:53:11ID: BB  Data: 00 00 00 AA 00 00 00 00 
"
"2016-11-21 14:53:11ID: BC  Data: 00 00 00 AA 00 00 00 00 
"
"2016-11-21 14:53:11ID: BB  Data: 00 00 00 AA 00 00 00 00 
"
"2016-11-21 14:53:11ID: BC  Data: 00 00 00 AA 00 00 00 00 
"
"2016-11-21 14:53:11ID: BB  Data: 00 00 00 AA 00 00 00 00 
"
"2016-11-21 14:53:11ID: BC  Data: 00 00 00 AA 00 00 00 00 
"
"2016-11-21 14:53:12ID: BB  Data: 00 00 00 AA 00 00 00 00 
"
"2016-11-21 14:53:12ID: BC  Data: 00 00 00 AA 00 00 00 00 
"
"2016-11-21 14:53:12ID: BB  Data: 00 00 00 AA 00 00 00 00 
"
"2016-11-21 14:53:12ID: BC  Data: 00 00 00 AA 00 00 00 00 
"
"2016-11-21 14:53:12ID: BB  Data: 00 00 00 AA 00 00 00 00 
"
"2016-11-21 14:53:12ID: BC  Data: 00 00 00 AA 00 00 00 00 
"
"2016-11-21 14:53:12ID: BB  Data: 00 00 00 AA 00 00 00 00 
"
"2016-11-21 14:53:12ID: BC  Data: 00 00 00 AA 00 00 00 00 
"
"2016-11-21 14:53:12ID: BB  Data: 00 00 00 AA 00 00 00 00 
"
"2016-11-21 14:53:12ID: BC  Data: 00 00 00 AA 00 00 00 00 
"
"2016-11-21 14:53:12ID: BB  Data: 00 00 00 AA 00 00 00 00 
"
"2016-11-21 14:53:12ID: BC  Data: 00 00 00 AA 00 00 00 00 
"
"2016-11-21 14:53:12ID: BB  Data: 00 00 00 AA 00 00 00 00 
"
"2016-11-21 14:53:12ID: BC  Data: 00 00 00 AA 00 00 00 00 
"
"2016-11-21 14:53:12ID: BB  Data: 00 00 00 AA 00 00 00 00 
"
"2016-11-21 14:53:12ID: BC  Data: 00 00 00 AA 00 00 00 00 
"
"2016-11-21 14:53:12ID: BB  Data: 00 00 00 AA 00 00 00 00 
"
"2016-11-21 14:53:12ID: BC  Data: 00 00 00 AA 00 00 00 00 
"
"2016-11-21 14:53:12ID: BB  Data: 00 00 00 AA 00 00 00 00 
"
"2016-11-21 14:53:12ID: BC  Data: 00 00 00 AA 00 00 00 00 
"
"2016-11-21 14:53:12ID: BB  Data: 00 00 00 AA 00 00 00 00 
"
"2016-11-21 14:53:12ID: BC  Data: 00 00 00 AA 00 00 00 00 
"
"2016-11-21 14:53:12ID: BB  Data: 00 00 00 AA 00 00 00 00 
"
"2016-11-21 14:53:12ID: BC  Data: 00 00 00 AA 00 00 00 00 
"
"2016-11-21 14:53:13ID: BB  Data: 00 00 00 AA 00 00 00 00 
"
"2016-11-21 14:53:13ID: BC  Data: 00 00 00 AA 00 00 00 00 
"
"2016-11-21 14:53:13ID: BB  Data: 00 00 00 AA 00 00 00 00 
"
"2016-11-21 14:53:13ID: BC  Data: 00 00 00 AA 00 00 00 00 
"
"2016-11-21 14:53:13ID: BB  Data: 00 00 00 AA 00 00 00 00 
"
"2016-11-21 14:53:13ID: BC  Data: 00 00 00 AA 00 00 00 00 
"
"2016-11-21 14:53:13ID: BB  Data: 00 00 00 AA 00 00 00 00 
"
"2016-11-21 14:53:13ID: BC  Data: 00 00 00 AA 00 00 00 00 
"
"2016-11-21 14:53:13ID: BB  Data: 00 00 00 AA 00 00 00 00 
"
"2016-11-21 14:53:13ID: BC  Data: 00 00 00 AA 00 00 00 00 
"
"2016-11-21 14:53:13ID: BB  Data: 00 00 00 AA 00 00 00 00 
"
"2016-11-21 14:53:13ID: BC  Data: 00 00 00 AA 00 00 00 00 
"
"2016-11-21 14:53:13ID: BB  Data: 00 00 00 AA 00 00 00 00 
"
"2016-11-21 14:53:13ID: BC  Data: 00 00 00 AA 00 00 00 00 
"
"2016-11-21 14:53:13ID: BB  Data: 00 00 00 AA 00 00 00 00 
"
"2016-11-21 14:53:13ID: BC  Data: 00 00 00 AA 00 00 00 00 
"
"2016-11-21 14:53:13ID: BB  Data: 00 00 00 AA 00 00 00 00 
"
"2016-11-21 14:53:13ID: BC  Data: 00 00 00 AA 00 00 00 00 
"
"2016-11-21 14:53:13ID: BB  Data: 00 00 00 AA 00 00 00 00 
"
"2016-11-21 14:53:13ID: BC  Data: 00 00 00 AA 00 00 00 00 
"
"2016-11-21 14:53:13ID: BB  Data: 00 00 00 AA 00 00 00 00 
"
"2016-11-21 14:53:13ID: BC  Data: 00 00 00 AA 00 00 00 00 
"
"2016-11-21 14:53:14ID: BB  Data: 00 00 00 AA 00 00 00 00 
"
"2016-11-21 14:53:14ID: BC  Data: 00 00 00 AA 00 00 00 00 
"
"2016-11-21 14:53:14ID: BB  Data: 00 00 00 AA 00 00 00 00 
"
"2016-11-21 14:53:14ID: BC  Data: 00 00 00 AA 00 00 00 00 
"
"2016-11-21 14:53:14ID: BB  Data: 00 00 00 AA 00 00 00 00 
"
"2016-11-21 14:53:14ID: BC  Data: 00 00 00 AA 00 00 00 00 
"
"2016-11-21 14:53:14ID: BB  Data: 00 00 00 AA 00 00 00 00 
"
"2016-11-21 14:53:14ID: BC  Data: 00 00 00 AA 00 00 00 00 
"
"2016-11-21 14:53:14ID: BB  Data: 00 00 00 AA 00 00 00 00 
"
"2016-11-21 14:53:14ID: BC  Data: 00 00 00 AA 00 00 00 00 
"
"2016-11-21 14:53:14ID: BB  Data: 00 00 00 AA 00 00 00 00 
"
"2016-11-21 14:53:14ID: BC  Data: 00 00 00 AA 00 00 00 00 
"
"2016-11-21 14:53:14ID: BB  Data: 00 00 00 AA 00 00 00 00 
"
"2016-11-21 14:53:14ID: BC  Data: 00 00 00 AA 00 00 00 00 
"
"2016-11-21 14:53:14ID: BB  Data: 00 00 00 AA 00 00 00 00 
"
"2016-11-21 14:53:14ID: BC  Data: 00 00 00 AA 00 00 00 00 
"
"2016-11-21 14:53:14ID: BB  Data: 00 00 00 AA 00 00 00 00 
"
"2016-11-21 14:53:14ID: BC  Data: 00 00 00 AA 00 00 00 00 
"
"2016-11-21 14:53:14ID: BB  Data: 00 00 00 AA 00 00 00 00 
"
"2016-11-21 14:53:14ID: BC  Data: 00 00 00 AA 00 00 00 00 
"
"2016-11-21 14:53:14ID: BB  Data: 00 00 00 AA 00 00 00 00 
"
"2016-11-21 14:53:14ID: BC  Data: 00 00 00 AA 00 00 00 00 
"
"2016-11-21 14:53:15ID: BB  Data: 00 00 00 AA 00 00 00 00 
"
"2016-11-21 14:53:15ID: BC  Data: 00 00 00 AA 00 00 00 00 
"
"2016-11-21 14:53:15ID: BB  Data: 00 00 00 AA 00 00 00 00 
"
"2016-11-21 14:53:15ID: BC  Data: 00 00 00 AA 00 00 00 00 
"
"2016-11-21 14:53:15ID: BB  Data: 00 00 00 AA 00 00 00 00 
"
"2016-11-21 14:53:15ID: BC  Data: 00 00 00 AA 00 00 00 00 
"
"2016-11-21 14:53:15ID: BB  Data: 00 00 00 AA 00 00 00 00 
"
"2016-11-21 14:53:15ID: BC  Data: 00 00 00 AA 00 00 00 00 
"
"2016-11-21 14:53:15ID: BB  Data: 00 00 00 AA 00 00 00 00 
"
"2016-11-21 14:53:15ID: BC  Data: 00 00 00 AA 00 00 00 00 
"
"2016-11-21 14:53:15ID: BB  Data: 00 00 00 AA 00 00 00 00 
"
"2016-11-21 14:53:15ID: BC  Data: 00 00 00 AA 00 00 00 00 
"
"2016-11-21 14:53:15ID: BB  Data: 00 00 00 AA 00 00 00 00 
"
"2016-11-21 14:53:15ID: BC  Data: 00 00 00 AA 00 00 00 00 
"
"2016-11-21 14:53:15ID: BB  Data: 00 00 00 AA 00 00 00 00 
"
"2016-11-21 14:53:15ID: BC  Data: 00 00 00 AA 00 00 00 00 
"
"2016-11-21 14:53:15ID: BB  Data: 00 00 00 AA 00 00 00 00 
"
"2016-11-21 14:53:15ID: BC  Data: 00 00 00 AA 00 00 00 00 
"
"2016-11-21 14:53:15ID: BB  Data: 00 00 00 AA 00 00 00 00 
"
"2016-11-21 14:53:15ID: BC  Data: 00 00 00 AA 00 00 00 00 
"
"2016-11-21 14:53:15ID: BB  Data: 00 00 00 AA 00 00 00 00 
"
"2016-11-21 14:53:15ID: BC  Data: 00 00 00 AA 00 00 00 00 
"
"2016-11-21 14:53:15ID: BB  Data: 00 00 00 AA 00 00 00 00 
"
"2016-11-21 14:53:15ID: BC  Data: 00 00 00 AA 00 00 00 00 
"
"2016-11-21 14:53:16ID: BB  Data: 00 00 00 AA 00 00 00 00 
"
"2016-11-21 14:53:16ID: BC  Data: 00 00 00 AA 00 00 00 00 
"
"2016-11-21 14:53:16ID: BB  Data: 00 00 00 AA 00 00 00 00 
"
"2016-11-21 14:53:16ID: BC  Data: 00 00 00 AA 00 00 00 00 
"
"2016-11-21 14:53:16ID: BB  Data: 00 00 00 AA 00 00 00 00 
"
"2016-11-21 14:53:16ID: BC  Data: 00 00 00 AA 00 00 00 00 
"
"2016-11-21 14:53:16ID: BB  Data: 00 00 00 AA 00 00 00 00 
"
"2016-11-21 14:53:16ID: BC  Data: 00 00 00 AA 00 00 00 00 
"
"2016-11-21 14:53:16ID: BB  Data: 00 00 00 AA 00 00 00 00 
"
"2016-11-21 14:53:16ID: BC  Data: 00 00 00 AA 00 00 00 00 
"
"2016-11-21 14:53:16ID: BB  Data: 00 00 00 AA 00 00 00 00 
"
"2016-11-21 14:53:16ID: BC  Data: 00 00 00 AA 00 00 00 00 
"
"2016-11-21 14:53:16ID: BB  Data: 00 00 00 AA 00 00 00 00 
"
"2016-11-21 14:53:16ID: BC  Data: 00 00 00 AA 00 00 00 00 
"
"2016-11-21 14:53:16ID: BB  Data: 00 00 00 AA 00 00 00 00 
"
"2016-11-21 14:53:16ID: BC  Data: 00 00 00 AA 00 00 00 00 
"
"2016-11-21 14:53:16ID: BB  Data: 00 00 00 AA 00 00 00 00 
"
"2016-11-21 14:53:16ID: BC  Data: 00 00 00 AA 00 00 00 00 
"
"2016-11-21 14:53:16ID: BB  Data: 00 00 00 AA 00 00 00 00 
"
"2016-11-21 14:53:16ID: BC  Data: 00 00 00 AA 00 00 00 00 
"
"2016-11-21 14:53:16ID: BB  Data: 00 00 00 AA 00 00 00 00 
"
"2016-11-21 14:53:16ID: BC  Data: 00 00 00 AA 00 00 00 00 
"
"2016-11-21 14:53:17ID: BB  Data: 00 00 00 AA 00 00 00 00 
"
"2016-11-21 14:53:17ID: BC  Data: 00 00 00 AA 00 00 00 00 
"
"2016-11-21 14:53:17ID: BB  Data: 00 00 00 AA 00 00 00 00 
"
"2016-11-21 14:53:17ID: BC  Data: 00 00 00 AA 00 00 00 00 
"
"2016-11-21 14:53:17ID: BB  Data: 00 00 00 AA 00 00 00 00 
"
"2016-11-21 14:53:17ID: BC  Data: 00 00 00 AA 00 00 00 00 
"
"2016-11-21 14:53:17ID: BB  Data: 00 00 00 AA 00 00 00 00 
"
"2016-11-21 14:53:17ID: BC  Data: 00 00 00 AA 00 00 00 00 
"
"2016-11-21 14:53:17ID: BB  Data: 00 00 00 AA 00 00 00 00 
"
"2016-11-21 14:53:17ID: BC  Data: 00 00 00 AA 00 00 00 00 
"
"2016-11-21 14:53:17ID: BB  Data: 00 00 00 AA 00 00 00 00 
"
"2016-11-21 14:53:17ID: BC  Data: 00 00 00 AA 00 00 00 00 
"
"2016-11-21 14:53:17ID: BB  Data: 00 00 00 AA 00 00 00 00 
"
"2016-11-21 14:53:17ID: BC  Data: 00 00 00 AA 00 00 00 00 
"
"2016-11-21 14:53:17ID: BB  Data: 00 00 00 AA 00 00 00 00 
"
"2016-11-21 14:53:17ID: BC  Data: 00 00 00 AA 00 00 00 00 
"
"2016-11-21 14:53:17ID: BB  Data: 00 00 00 AA 00 00 00 00 
"
"2016-11-21 14:53:17ID: BC  Data: 00 00 00 AA 00 00 00 00 
"
"2016-11-21 14:53:17ID: BB  Data: 00 00 00 AA 00 00 00 00 
"
"2016-11-21 14:53:17ID: BC  Data: 00 00 00 AA 00 00 00 00 
"
"2016-11-21 14:53:17ID: BB  Data: 00 00 00 AA 00 00 00 00 
"
"2016-11-21 14:53:17ID: BC  Data: 00 00 00 AA 00 00 00 00 
"
"2016-11-21 14:53:17ID: BB  Data: 00 00 00 AA 00 00 00 00 
"
"2016-11-21 14:53:18ID: BC  Data: 00 00 00 AA 00 00 00 00 
"
"2016-11-21 14:53:18ID: BB  Data: 00 00 00 AA 00 00 00 00 
"
"2016-11-21 14:53:18ID: BC  Data: 00 00 00 AA 00 00 00 00 
"
"2016-11-21 14:53:18ID: BB  Data: 00 00 00 AA 00 00 00 00 
"
"2016-11-21 14:53:18ID: BC  Data: 00 00 00 AA 00 00 00 00 
"
"2016-11-21 14:53:18ID: BB  Data: 00 00 00 AA 00 00 00 00 
"
"2016-11-21 14:53:18ID: BC  Data: 00 00 00 AA 00 00 00 00 
"
"2016-11-21 14:53:18ID: BB  Data: 00 00 00 AA 00 00 00 00 
"
"2016-11-21 14:53:18ID: BC  Data: 00 00 00 AA 00 00 00 00 
"
"2016-11-21 14:53:18ID: BB  Data: 00 00 00 AA 00 00 00 00 
"
"2016-11-21 14:53:18ID: BC  Data: 00 00 00 AA 00 00 00 00 
"
"2016-11-21 14:53:18ID: BB  Data: 00 00 00 AA 00 00 00 00 
"
"2016-11-21 14:53:18ID: BC  Data: 00 00 00 AA 00 00 00 00 
"
"2016-11-21 14:53:18ID: BB  Data: 00 00 00 AA 00 00 00 00 
"
"2016-11-21 14:53:18ID: BC  Data: 00 00 00 AA 00 00 00 00 
"
"2016-11-21 14:53:18ID: BB  Data: 00 00 00 AA 00 00 00 00 
"
"2016-11-21 14:53:18ID: BC  Data: 00 00 00 AA 00 00 00 00 
"
"2016-11-21 14:53:18ID: BB  Data: 00 00 00 AA 00 00 00 00 
"
"2016-11-21 14:53:18ID: BC  Data: 00 00 00 AA 00 00 00 00 
"
"2016-11-21 14:53:18ID: BB  Data: 00 00 00 AA 00 00 00 00 
"
"2016-11-21 14:53:18ID: BC  Data: 00 00 00 AA 00 00 00 00 
"
"2016-11-21 14:53:18ID: BB  Data: 00 00 00 AA 00 00 00 00 
"
"2016-11-21 14:53:18ID: BC  Data: 00 00 00 AA 00 00 00 00 
"
"2016-11-21 14:53:19ID: BB  Data: 00 00 00 AA 00 00 00 00 
"
"2016-11-21 14:53:19ID: BC  Data: 00 00 00 AA 00 00 00 00 
"
"2016-11-21 14:53:19ID: BB  Data: 00 00 00 AA 00 00 00 00 
"
"2016-11-21 14:53:19ID: BC  Data: 00 00 00 AA 00 00 00 00 
"
"2016-11-21 14:53:19ID: BB  Data: 00 00 00 AA 00 00 00 00 
"
"2016-11-21 14:53:19ID: BC  Data: 00 00 00 AA 00 00 00 00 
"
"2016-11-21 14:53:19ID: BB  Data: 00 00 00 AA 00 00 00 00 
"
"2016-11-21 14:53:19ID: BC  Data: 00 00 00 AA 00 00 00 00 
"
"2016-11-21 14:53:19ID: BB  Data: 00 00 00 AA 00 00 00 00 
"
"2016-11-21 14:53:19ID: BC  Data: 00 00 00 AA 00 00 00 00 
"
"2016-11-21 14:53:19ID: BB  Data: 00 00 00 AA 00 00 00 00 
"
"2016-11-21 14:53:19ID: BC  Data: 00 00 00 AA 00 00 00 00 
"
"2016-11-21 14:53:19ID: BB  Data: 00 00 00 AA 00 00 00 00 
"
"2016-11-21 14:53:19ID: BC  Data: 00 00 00 AA 00 00 00 00 
"
"2016-11-21 14:53:19ID: BB  Data: 00 00 00 AA 00 00 00 00 
"
"2016-11-21 14:53:19ID: BC  Data: 00 00 00 AA 00 00 00 00 
"
"2016-11-21 14:53:19ID: BB  Data: 00 00 00 AA 00 00 00 00 
"
"2016-11-21 14:53:19ID: BC  Data: 00 00 00 AA 00 00 00 00 
"
"2016-11-21 14:53:19ID: BB  Data: 00 00 00 AA 00 00 00 00 
"
"2016-11-21 14:53:19ID: BC  Data: 00 00 00 AA 00 00 00 00 
"
"2016-11-21 14:53:19ID: BB  Data: 00 00 00 AA 00 00 00 00 
"
"2016-11-21 14:53:19ID: BC  Data: 00 00 00 AA 00 00 00 00 
"
"2016-11-21 14:53:20ID: BB  Data: 00 00 00 AA 00 00 00 00 
"
"2016-11-21 14:53:20ID: BC  Data: 00 00 00 AA 00 00 00 00 
"
"2016-11-21 14:53:20ID: BB  Data: 00 00 00 AA 00 00 00 00 
"
"2016-11-21 14:53:20ID: BC  Data: 00 00 00 AA 00 00 00 00 
"
"2016-11-21 14:53:20ID: BB  Data: 00 00 00 AA 00 00 00 00 
"
"2016-11-21 14:53:20ID: BC  Data: 00 00 00 AA 00 00 00 00 
"
"2016-11-21 14:53:20ID: BB  Data: 00 00 00 AA 00 00 00 00 
"
"2016-11-21 14:53:20ID: BC  Data: 00 00 00 AA 00 00 00 00 
"
"2016-11-21 14:53:20ID: BB  Data: 00 00 00 AA 00 00 00 00 
"
"2016-11-21 14:53:20ID: BC  Data: 00 00 00 AA 00 00 00 00 
"
"2016-11-21 14:53:20ID: BB  Data: 00 00 00 AA 00 00 00 00 
"
"2016-11-21 14:53:20ID: BC  Data: 00 00 00 AA 00 00 00 00 
"
"2016-11-21 14:53:20ID: BB  Data: 00 00 00 AA 00 00 00 00 
"
"2016-11-21 14:53:20ID: BC  Data: 00 00 00 AA 00 00 00 00 
"
"2016-11-21 14:53:20ID: BB  Data: 00 00 00 AA 00 00 00 00 
"
"2016-11-21 14:53:20ID: BC  Data: 00 00 00 AA 00 00 00 00 
"
"2016-11-21 14:53:20ID: BB  Data: 00 00 00 AA 00 00 00 00 
"
"2016-11-21 14:53:20ID: BC  Data: 00 00 00 AA 00 00 00 00 
"
"2016-11-21 14:53:20ID: BB  Data: 00 00 00 AA 00 00 00 00 
"
"2016-11-21 14:53:20ID: BC  Data: 00 00 00 AA 00 00 00 00 
"
"2016-11-21 14:53:20ID: AA  Data: BB BB 00 00 00 00 00 00 
"
"2016-11-21 14:53:20ID: A1  Data: 00 00 AA AA 00 00 00 00 
"
"2016-11-21 14:53:20ID: A2  Data: 00 00 00 00 00 00 00 AB 
"
"2016-11-21 14:53:20ID: BB  Data: 00 00 00 BB 00 00 00 00 
"
"2016-11-21 14:53:20ID: BC  Data: 00 00 00 BB 00 00 00 00 
"
"2016-11-21 14:53:20ID: BB  Data: 00 00 00 BB 00 00 00 00 
"
"2016-11-21 14:53:21ID: BC  Data: 00 00 00 BB 00 00 00 00 
"
"2016-11-21 14:53:21ID: BB  Data: 00 00 00 BB 00 00 00 00 
"
"2016-11-21 14:53:21ID: BC  Data: 00 00 00 BB 00 00 00 00 
"
"2016-11-21 14:53:21ID: BB  Data: 00 00 00 BB 00 00 00 00 
"
"2016-11-21 14:53:21ID: BC  Data: 00 00 00 BB 00 00 00 00 
"
2016-11-21 14:53:23
2016-11-21 14:53:25
2016-11-21 14:53:27
2016-11-21 14:53:29
2016-11-21 14:53:31
2016-11-21 14:53:33
2016-11-21 14:53:35
2016-11-21 14:53:37
2016-11-21 14:53:39
2016-11-21 14:53:41
2016-11-21 14:53:43
2016-11-21 14:53:45
2016-11-21 14:53:47
2016-11-21 14:53:49
2016-11-21 14:53:51
2016-11-21 14:53:53
2016-11-21 14:53:55
2016-11-21 14:53:57
2016-11-21 14:53:59
2016-11-21 14:54:01
2016-11-21 14:54:03
"2016-11-21 14:54:05ID: A1  Data: 00 00 AA AA 00 00 00 00 
"
"2016-11-21 14:54:05ID: BB  Data: 00 00 00 BB 00 00 00 00 
"
"2016-11-21 14:54:05ID: BC  Data: 00 00 00 BB 00 00 00 00 
"
"2016-11-21 14:54:05ID: BB  Data: 00 00 00 BB 00 00 00 00 
"
"2016-11-21 14:54:05ID: BC  Data: 00 00 00 BB 00 00 00 00 
"
"2016-11-21 14:54:05ID: BB  Data: 00 00 00 BB 00 00 00 00 
"
"2016-11-21 14:54:05ID: BC  Data: 00 00 00 BB 00 00 00 00 
"
"2016-11-21 14:54:05ID: BB  Data: 00 00 00 BB 00 00 00 00 
"
"2016-11-21 14:54:05ID: BC  Data: 00 00 00 BB 00 00 00 00 
"
"2016-11-21 14:54:05ID: BB  Data: 00 00 00 BB 00 00 00 00 
"
"2016-11-21 14:54:05ID: BC  Data: 00 00 00 BB 00 00 00 00 
"
"2016-11-21 14:54:05ID: BB  Data: 00 00 00 BB 00 00 00 00 
"
"2016-11-21 14:54:05ID: BC  Data: 00 00 00 BB 00 00 00 00 
"
"2016-11-21 14:54:05ID: BB  Data: 00 00 00 BB 00 00 00 00 
"
"2016-11-21 14:54:05ID: BC  Data: 00 00 00 BB 00 00 00 00 
"
"2016-11-21 14:54:05ID: BB  Data: 00 00 00 BB 00 00 00 00 
"
"2016-11-21 14:54:05ID: BC  Data: 00 00 00 BB 00 00 00 00 
"
"2016-11-21 14:54:05ID: BB  Data: 00 00 00 BB 00 00 00 00 
"
"2016-11-21 14:54:05ID: BC  Data: 00 00 00 BB 00 00 00 00 
"
"2016-11-21 14:54:06ID: BB  Data: 00 00 00 BB 00 00 00 00 
"
"2016-11-21 14:54:06ID: BC  Data: 00 00 00 BB 00 00 00 00 
"
"2016-11-21 14:54:06ID: BB  Data: 00 00 00 BB 00 00 00 00 
"
"2016-11-21 14:54:06ID: BC  Data: 00 00 00 BB 00 00 00 00 
"
"2016-11-21 14:54:06ID: BB  Data: 00 00 00 BB 00 00 00 00 
"
"2016-11-21 14:54:06ID: BC  Data: 00 00 00 BB 00 00 00 00 
"
"2016-11-21 14:54:06ID: BB  Data: 00 00 00 BB 00 00 00 00 
"
"2016-11-21 14:54:06ID: BC  Data: 00 00 00 BB 00 00 00 00 
"
"2016-11-21 14:54:06ID: BB  Data: 00 00 00 BB 00 00 00 00 
"
"2016-11-21 14:54:06ID: BC  Data: 00 00 00 BB 00 00 00 00 
"
"2016-11-21 14:54:06ID: BB  Data: 00 00 00 BB 00 00 00 00 
"
"2016-11-21 14:54:06ID: BC  Data: 00 00 00 BB 00 00 00 00 
"
"2016-11-21 14:54:06ID: BB  Data: 00 00 00 BB 00 00 00 00 
"
"2016-11-21 14:54:06ID: BC  Data: 00 00 00 BB 00 00 00 00 
"
"2016-11-21 14:54:06ID: BB  Data: 00 00 00 BB 00 00 00 00 
"
"2016-11-21 14:54:06ID: BC  Data: 00 00 00 BB 00 00 00 00 
"
"2016-11-21 14:54:06ID: BB  Data: 00 00 00 BB 00 00 00 00 
"
"2016-11-21 14:54:06ID: BC  Data: 00 00 00 BB 00 00 00 00 
"
"2016-11-21 14:54:06ID: BB  Data: 00 00 00 BB 00 00 00 00 
"
"2016-11-21 14:54:06ID: BC  Data: 00 00 00 BB 00 00 00 00 
"
"2016-11-21 14:54:06ID: BB  Data: 00 00 00 BB 00 00 00 00 
"
"2016-11-21 14:54:06ID: BC  Data: 00 00 00 BB 00 00 00 00 
"
"2016-11-21 14:54:06ID: BB  Data: 00 00 00 BB 00 00 00 00 
"
"2016-11-21 14:54:07ID: BC  Data: 00 00 00 BB 00 00 00 00 
"
"2016-11-21 14:54:07ID: BB  Data: 00 00 00 BB 00 00 00 00 
"
"2016-11-21 14:54:07ID: BC  Data: 00 00 00 BB 00 00 00 00 
"
"2016-11-21 14:54:07ID: BB  Data: 00 00 00 BB 00 00 00 00 
"
"2016-11-21 14:54:07ID: BC  Data: 00 00 00 BB 00 00 00 00 
"
"2016-11-21 14:54:07ID: BB  Data: 00 00 00 BB 00 00 00 00 
"
"2016-11-21 14:54:07ID: BC  Data: 00 00 00 BB 00 00 00 00 
"
"2016-11-21 14:54:07ID: BB  Data: 00 00 00 BB 00 00 00 00 
"
"2016-11-21 14:54:07ID: BC  Data: 00 00 00 BB 00 00 00 00 
"
"2016-11-21 14:54:07ID: BB  Data: 00 00 00 BB 00 00 00 00 
"
"2016-11-21 14:54:07ID: BC  Data: 00 00 00 BB 00 00 00 00 
"
"2016-11-21 14:54:07ID: BB  Data: 00 00 00 BB 00 00 00 00 
"
"2016-11-21 14:54:07ID: BC  Data: 00 00 00 BB 00 00 00 00 
"
"2016-11-21 14:54:07ID: BB  Data: 00 00 00 BB 00 00 00 00 
"
"2016-11-21 14:54:07ID: BC  Data: 00 00 00 BB 00 00 00 00 
"
"2016-11-21 14:54:07ID: BB  Data: 00 00 00 BB 00 00 00 00 
"
"2016-11-21 14:54:07ID: BC  Data: 00 00 00 BB 00 00 00 00 
"
"2016-11-21 14:54:07ID: BB  Data: 00 00 00 BB 00 00 00 00 
"
"2016-11-21 14:54:07ID: BC  Data: 00 00 00 BB 00 00 00 00 
"
"2016-11-21 14:54:07ID: BB  Data: 00 00 00 BB 00 00 00 00 
"
"2016-11-21 14:54:07ID: BC  Data: 00 00 00 BB 00 00 00 00 
"
"2016-11-21 14:54:07ID: BB  Data: 00 00 00 BB 00 00 00 00 
"
"2016-11-21 14:54:07ID: BC  Data: 00 00 00 BB 00 00 00 00 
"
"2016-11-21 14:54:08ID: BB  Data: 00 00 00 BB 00 00 00 00 
"
"2016-11-21 14:54:08ID: BC  Data: 00 00 00 BB 00 00 00 00 
"
"2016-11-21 14:54:08ID: BB  Data: 00 00 00 BB 00 00 00 00 
"
"2016-11-21 14:54:08ID: BC  Data: 00 00 00 BB 00 00 00 00 
"
"2016-11-21 14:54:08ID: BB  Data: 00 00 00 BB 00 00 00 00 
"
"2016-11-21 14:54:08ID: BC  Data: 00 00 00 BB 00 00 00 00 
"
"2016-11-21 14:54:08ID: BB  Data: 00 00 00 BB 00 00 00 00 
"
"2016-11-21 14:54:08ID: BC  Data: 00 00 00 BB 00 00 00 00 
"
"2016-11-21 14:54:08ID: BB  Data: 00 00 00 BB 00 00 00 00 
"
"2016-11-21 14:54:08ID: BC  Data: 00 00 00 BB 00 00 00 00 
"
"2016-11-21 14:54:08ID: BB  Data: 00 00 00 BB 00 00 00 00 
"
"2016-11-21 14:54:08ID: BC  Data: 00 00 00 BB 00 00 00 00 
"
"2016-11-21 14:54:08ID: BB  Data: 00 00 00 BB 00 00 00 00 
"
"2016-11-21 14:54:08ID: BC  Data: 00 00 00 BB 00 00 00 00 
"
"2016-11-21 14:54:08ID: BB  Data: 00 00 00 BB 00 00 00 00 
"
"2016-11-21 14:54:08ID: BC  Data: 00 00 00 BB 00 00 00 00 
"
"2016-11-21 14:54:08ID: BB  Data: 00 00 00 BB 00 00 00 00 
"
"2016-11-21 14:54:08ID: BC  Data: 00 00 00 BB 00 00 00 00 
"
"2016-11-21 14:54:08ID: BB  Data: 00 00 00 BB 00 00 00 00 
"
"2016-11-21 14:54:08ID: BC  Data: 00 00 00 BB 00 00 00 00 
"
"2016-11-21 14:54:08ID: BB  Data: 00 00 00 BB 00 00 00 00 
"
"2016-11-21 14:54:08ID: BC  Data: 00 00 00 BB 00 00 00 00 
"
"2016-11-21 14:54:09ID: BB  Data: 00 00 00 BB 00 00 00 00 
"
"2016-11-21 14:54:09ID: BC  Data: 00 00 00 BB 00 00 00 00 
"
"2016-11-21 14:54:09ID: BB  Data: 00 00 00 BB 00 00 00 00 
"
"2016-11-21 14:54:09ID: BC  Data: 00 00 00 BB 00 00 00 00 
"
"2016-11-21 14:54:09ID: BB  Data: 00 00 00 BB 00 00 00 00 
"
"2016-11-21 14:54:09ID: BC  Data: 00 00 00 BB 00 00 00 00 
"
"2016-11-21 14:54:09ID: BB  Data: 00 00 00 BB 00 00 00 00 
"
"2016-11-21 14:54:09ID: BC  Data: 00 00 00 BB 00 00 00 00 
"
"2016-11-21 14:54:09ID: BB  Data: 00 00 00 BB 00 00 00 00 
"
"2016-11-21 14:54:09ID: BC  Data: 00 00 00 BB 00 00 00 00 
"
"2016-11-21 14:54:09ID: BB  Data: 00 00 00 BB 00 00 00 00 
"
"2016-11-21 14:54:09ID: BC  Data: 00 00 00 BB 00 00 00 00 
"
"2016-11-21 14:54:09ID: BB  Data: 00 00 00 BB 00 00 00 00 
"
"2016-11-21 14:54:09ID: BC  Data: 00 00 00 BB 00 00 00 00 
"
"2016-11-21 14:54:09ID: BB  Data: 00 00 00 BB 00 00 00 00 
"
"2016-11-21 14:54:09ID: BC  Data: 00 00 00 BB 00 00 00 00 
"
"2016-11-21 14:54:09ID: BB  Data: 00 00 00 BB 00 00 00 00 
"
"2016-11-21 14:54:09ID: BC  Data: 00 00 00 BB 00 00 00 00 
"
"2016-11-21 14:54:09ID: BB  Data: 00 00 00 BB 00 00 00 00 
"
"2016-11-21 14:54:09ID: BC  Data: 00 00 00 BB 00 00 00 00 
"
"2016-11-21 14:54:09ID: BB  Data: 00 00 00 BB 00 00 00 00 
"
"2016-11-21 14:54:09ID: BC  Data: 00 00 00 BB 00 00 00 00 
"
"2016-11-21 14:54:09ID: BB  Data: 00 00 00 BB 00 00 00 00 
"
"2016-11-21 14:54:09ID: BC  Data: 00 00 00 BB 00 00 00 00 
"
"2016-11-21 14:54:10ID: BB  Data: 00 00 00 BB 00 00 00 00 
"
"2016-11-21 14:54:10ID: BC  Data: 00 00 00 BB 00 00 00 00 
"
"2016-11-21 14:54:10ID: BB  Data: 00 00 00 BB 00 00 00 00 
"
"2016-11-21 14:54:10ID: BC  Data: 00 00 00 BB 00 00 00 00 
"
"2016-11-21 14:54:10ID: AA  Data: BB 00 00 00 00 00 00 00 
"
"2016-11-21 14:54:10ID: A1  Data: 00 00 AA AA 00 00 00 00 
"
"2016-11-21 14:54:10ID: A2  Data: 00 00 00 00 00 00 00 AB 
"
"2016-11-21 14:54:10ID: BB  Data: 00 00 00 BB 00 00 00 00 
"
"2016-11-21 14:54:10ID: BC  Data: 00 00 00 BB 00 00 00 00 
"
"2016-11-21 14:54:10ID: BB  Data: 00 00 00 BB 00 00 00 00 
"
"2016-11-21 14:54:10ID: BC  Data: 00 00 00 BB 00 00 00 00 
"
"2016-11-21 14:54:10ID: BB  Data: 00 00 00 BB 00 00 00 00 
"
"2016-11-21 14:54:10ID: BC  Data: 00 00 00 BB 00 00 00 00 
"
"2016-11-21 14:54:10ID: BB  Data: 00 00 00 BB 00 00 00 00 
"
"2016-11-21 14:54:10ID: BC  Data: 00 00 00 BB 00 00 00 00 
"
"2016-11-21 14:54:10ID: BB  Data: 00 00 00 BB 00 00 00 00 
"
"2016-11-21 14:54:10ID: BC  Data: 00 00 00 BB 00 00 00 00 
"
"2016-11-21 14:54:10ID: BB  Data: 00 00 00 BB 00 00 00 00 
"
"2016-11-21 14:54:10ID: BC  Data: 00 00 00 BB 00 00 00 00 
"
"2016-11-21 14:54:10ID: BB  Data: 00 00 00 BB 00 00 00 00 
"
"2016-11-21 14:54:10ID: BC  Data: 00 00 00 BB 00 00 00 00 
"
"2016-11-21 14:54:10ID: BB  Data: 00 00 00 BB 00 00 00 00 
"
"2016-11-21 14:54:10ID: BC  Data: 00 00 00 BB 00 00 00 00 
"
"2016-11-21 14:54:10ID: BB  Data: 00 00 00 BB 00 00 00 00 
"
"2016-11-21 14:54:10ID: BC  Data: 00 00 00 BB 00 00 00 00 
"
"2016-11-21 14:54:11ID: BB  Data: 00 00 00 BB 00 00 00 00 
"
"2016-11-21 14:54:11ID: BC  Data: 00 00 00 BB 00 00 00 00 
"
"2016-11-21 14:54:11ID: BB  Data: 00 00 00 BB 00 00 00 00 
"
"2016-11-21 14:54:11ID: BC  Data: 00 00 00 BB 00 00 00 00 
"
"2016-11-21 14:54:11ID: BB  Data: 00 00 00 BB 00 00 00 00 
"
"2016-11-21 14:54:11ID: BC  Data: 00 00 00 BB 00 00 00 00 
"
"2016-11-21 14:54:11ID: BB  Data: 00 00 00 BB 00 00 00 00 
"
"2016-11-21 14:54:11ID: BC  Data: 00 00 00 BB 00 00 00 00 
"
"2016-11-21 14:54:11ID: BB  Data: 00 00 00 BB 00 00 00 00 
"
"2016-11-21 14:54:11ID: BC  Data: 00 00 00 BB 00 00 00 00 
"
"2016-11-21 14:54:11ID: BB  Data: 00 00 00 BB 00 00 00 00 
"
"2016-11-21 14:54:11ID: BC  Data: 00 00 00 BB 00 00 00 00 
"
"2016-11-21 14:54:11ID: BB  Data: 00 00 00 BB 00 00 00 00 
"
"2016-11-21 14:54:11ID: BC  Data: 00 00 00 BB 00 00 00 00 
"
"2016-11-21 14:54:11ID: BB  Data: 00 00 00 BB 00 00 00 00 
"
"2016-11-21 14:54:11ID: BC  Data: 00 00 00 BB 00 00 00 00 
"
"2016-11-21 14:54:11ID: BB  Data: 00 00 00 BB 00 00 00 00 
"
"2016-11-21 14:54:11ID: BC  Data: 00 00 00 BB 00 00 00 00 
"
"2016-11-21 14:54:11ID: BB  Data: 00 00 00 BB 00 00 00 00 
"
"2016-11-21 14:54:11ID: BC  Data: 00 00 00 BB 00 00 00 00 
"
"2016-11-21 14:54:11ID: BB  Data: 00 00 00 BB 00 00 00 00 
"
"2016-11-21 14:54:11ID: BC  Data: 00 00 00 BB 00 00 00 00 
"
"2016-11-21 14:54:12ID: BB  Data: 00 00 00 BB 00 00 00 00 
"
"2016-11-21 14:54:12ID: BC  Data: 00 00 00 BB 00 00 00 00 
"
"2016-11-21 14:54:12ID: BB  Data: 00 00 00 BB 00 00 00 00 
"
"2016-11-21 14:54:12ID: BC  Data: 00 00 00 BB 00 00 00 00 
"
"2016-11-21 14:54:12ID: BB  Data: 00 00 00 BB 00 00 00 00 
"
"2016-11-21 14:54:12ID: BC  Data: 00 00 00 BB 00 00 00 00 
"
"2016-11-21 14:54:12ID: BB  Data: 00 00 00 BB 00 00 00 00 
"
"2016-11-21 14:54:12ID: BC  Data: 00 00 00 BB 00 00 00 00 
"
"2016-11-21 14:54:12ID: BB  Data: 00 00 00 BB 00 00 00 00 
"
"2016-11-21 14:54:12ID: BC  Data: 00 00 00 BB 00 00 00 00 
"
"2016-11-21 14:54:12ID: BB  Data: 00 00 00 BB 00 00 00 00 
"
"2016-11-21 14:54:12ID: BC  Data: 00 00 00 BB 00 00 00 00 
"
"2016-11-21 14:54:12ID: BB  Data: 00 00 00 BB 00 00 00 00 
"
"2016-11-21 14:54:12ID: BC  Data: 00 00 00 BB 00 00 00 00 
"
"2016-11-21 14:54:12ID: BB  Data: 00 00 00 BB 00 00 00 00 
"
"2016-11-21 14:54:12ID: BC  Data: 00 00 00 BB 00 00 00 00 
"
"2016-11-21 14:54:12ID: AA  Data: AA AA 00 00 00 00 00 00 
"
"2016-11-21 14:54:12ID: BB  Data: 00 00 00 AA 00 00 00 00 
"
"2016-11-21 14:54:12ID: BC  Data: 00 00 00 AA 00 00 00 00 
"
"2016-11-21 14:54:12ID: BB  Data: 00 00 00 AA 00 00 00 00 
"
"2016-11-21 14:54:12ID: BC  Data: 00 00 00 AA 00 00 00 00 
"
"2016-11-21 14:54:12ID: BB  Data: 00 00 00 AA 00 00 00 00 
"
"2016-11-21 14:54:12ID: BC  Data: 00 00 00 AA 00 00 00 00 
"
"2016-11-21 14:54:12ID: BB  Data: 00 00 00 AA 00 00 00 00 
"
"2016-11-21 14:54:12ID: BC  Data: 00 00 00 AA 00 00 00 00 
"
"2016-11-21 14:54:13ID: BB  Data: 00 00 00 AA 00 00 00 00 
"
"2016-11-21 14:54:13ID: BC  Data: 00 00 00 AA 00 00 00 00 
"
"2016-11-21 14:54:13ID: BB  Data: 00 00 00 AA 00 00 00 00 
"
"2016-11-21 14:54:13ID: BC  Data: 00 00 00 AA 00 00 00 00 
"
"2016-11-21 14:54:13ID: BB  Data: 00 00 00 AA 00 00 00 00 
"
"2016-11-21 14:54:13ID: BC  Data: 00 00 00 AA 00 00 00 00 
"
"2016-11-21 14:54:13ID: BB  Data: 00 00 00 AA 00 00 00 00 
"
"2016-11-21 14:54:13ID: BC  Data: 00 00 00 AA 00 00 00 00 
"
"2016-11-21 14:54:13ID: BB  Data: 00 00 00 AA 00 00 00 00 
"
"2016-11-21 14:54:13ID: BC  Data: 00 00 00 AA 00 00 00 00 
"
"2016-11-21 14:54:13ID: BB  Data: 00 00 00 AA 00 00 00 00 
"
"2016-11-21 14:54:13ID: BC  Data: 00 00 00 AA 00 00 00 00 
"
"2016-11-21 14:54:13ID: BB  Data: 00 00 00 AA 00 00 00 00 
"
"2016-11-21 14:54:13ID: BC  Data: 00 00 00 AA 00 00 00 00 
"
"2016-11-21 14:54:13ID: BB  Data: 00 00 00 AA 00 00 00 00 
"
"2016-11-21 14:54:13ID: BC  Data: 00 00 00 AA 00 00 00 00 
"
"2016-11-21 14:54:13ID: BB  Data: 00 00 00 AA 00 00 00 00 
"
"2016-11-21 14:54:13ID: BC  Data: 00 00 00 AA 00 00 00 00 
"
"2016-11-21 14:54:13ID: BB  Data: 00 00 00 AA 00 00 00 00 
"
"2016-11-21 14:54:13ID: BC  Data: 00 00 00 AA 00 00 00 00 
"
"2016-11-21 14:54:13ID: BB  Data: 00 00 00 AA 00 00 00 00 
"
"2016-11-21 14:54:13ID: BC  Data: 00 00 00 AA 00 00 00 00 
"
"2016-11-21 14:54:14ID: BB  Data: 00 00 00 AA 00 00 00 00 
"
"2016-11-21 14:54:14ID: BC  Data: 00 00 00 AA 00 00 00 00 
"
"2016-11-21 14:54:14ID: BB  Data: 00 00 00 AA 00 00 00 00 
"
"2016-11-21 14:54:14ID: BC  Data: 00 00 00 AA 00 00 00 00 
"
"2016-11-21 14:54:14ID: BB  Data: 00 00 00 AA 00 00 00 00 
"
"2016-11-21 14:54:14ID: BC  Data: 00 00 00 AA 00 00 00 00 
"
"2016-11-21 14:54:14ID: AA  Data: AA BB 00 00 00 00 00 00 
"
"2016-11-21 14:54:14ID: BB  Data: 00 00 00 AA 00 00 00 00 
"
2016-11-21 14:54:16
"2016-11-21 14:54:17ID: AA  Data: AA AA 00 00 00 00 00 00 
"
"2016-11-21 14:54:17ID: AA  Data: AA CC 00 00 00 00 00 00 
"
2016-11-21 14:54:19
2016-11-21 14:54:21
2016-11-21 14:54:23
"2016-11-21 14:54:25ID: AA  Data: BB CC 00 00 00 00 00 00 
"
"2016-11-21 14:54:25ID: A1  Data: 00 00 AA AA 00 00 00 00 
"
2016-11-21 14:54:27
2016-11-21 14:54:29
"2016-11-21 14:54:30ID: A1  Data: 00 00 AA AA 00 00 00 00 
"
"2016-11-21 14:54:31ID: BB  Data: 00 00 00 BB 00 00 00 00 
"
"2016-11-21 14:54:31ID: BC  Data: 00 00 00 BB 00 00 00 00 
"
"2016-11-21 14:54:31ID: BB  Data: 00 00 00 BB 00 00 00 00 
"
"2016-11-21 14:54:31ID: BC  Data: 00 00 00 BB 00 00 00 00 
"
"2016-11-21 14:54:31ID: BB  Data: 00 00 00 BB 00 00 00 00 
"
"2016-11-21 14:54:31ID: BC  Data: 00 00 00 BB 00 00 00 00 
"
"2016-11-21 14:54:31ID: BB  Data: 00 00 00 BB 00 00 00 00 
"
"2016-11-21 14:54:31ID: BC  Data: 00 00 00 BB 00 00 00 00 
"
"2016-11-21 14:54:31ID: BB  Data: 00 00 00 BB 00 00 00 00 
"
"2016-11-21 14:54:31ID: BC  Data: 00 00 00 BB 00 00 00 00 
"
"2016-11-21 14:54:31ID: BB  Data: 00 00 00 BB 00 00 00 00 
"
"2016-11-21 14:54:31ID: BC  Data: 00 00 00 BB 00 00 00 00 
"
"2016-11-21 14:54:31ID: BB  Data: 00 00 00 BB 00 00 00 00 
"
"2016-11-21 14:54:31ID: BC  Data: 00 00 00 BB 00 00 00 00 
"
"2016-11-21 14:54:31ID: BB  Data: 00 00 00 BB 00 00 00 00 
"
"2016-11-21 14:54:31ID: BC  Data: 00 00 00 BB 00 00 00 00 
"
"2016-11-21 14:54:31ID: BB  Data: 00 00 00 BB 00 00 00 00 
"
"2016-11-21 14:54:31ID: BC  Data: 00 00 00 BB 00 00 00 00 
"
"2016-11-21 14:54:31ID: BB  Data: 00 00 00 BB 00 00 00 00 
"
"2016-11-21 14:54:31ID: BC  Data: 00 00 00 BB 00 00 00 00 
"
"2016-11-21 14:54:31ID: BB  Data: 00 00 00 BB 00 00 00 00 
"
"2016-11-21 14:54:31ID: BC  Data: 00 00 00 BB 00 00 00 00 
"
"2016-11-21 14:54:32ID: BB  Data: 00 00 00 BB 00 00 00 00 
"
"2016-11-21 14:54:32ID: BC  Data: 00 00 00 BB 00 00 00 00 
"
"2016-11-21 14:54:32ID: BB  Data: 00 00 00 BB 00 00 00 00 
"
"2016-11-21 14:54:32ID: BC  Data: 00 00 00 BB 00 00 00 00 
"
"2016-11-21 14:54:32ID: BB  Data: 00 00 00 BB 00 00 00 00 
"
"2016-11-21 14:54:32ID: BC  Data: 00 00 00 BB 00 00 00 00 
"
"2016-11-21 14:54:32ID: BB  Data: 00 00 00 BB 00 00 00 00 
"
"2016-11-21 14:54:32ID: BC  Data: 00 00 00 BB 00 00 00 00 
"
"2016-11-21 14:54:32ID: BB  Data: 00 00 00 BB 00 00 00 00 
"
"2016-11-21 14:54:32ID: BC  Data: 00 00 00 BB 00 00 00 00 
"
"2016-11-21 14:54:32ID: BB  Data: 00 00 00 BB 00 00 00 00 
"
"2016-11-21 14:54:32ID: BC  Data: 00 00 00 BB 00 00 00 00 
"
"2016-11-21 14:54:32ID: BB  Data: 00 00 00 BB 00 00 00 00 
"
"2016-11-21 14:54:32ID: BC  Data: 00 00 00 BB 00 00 00 00 
"
"2016-11-21 14:54:32ID: BB  Data: 00 00 00 BB 00 00 00 00 
"
"2016-11-21 14:54:32ID: BC  Data: 00 00 00 BB 00 00 00 00 
"
"2016-11-21 14:54:32ID: BB  Data: 00 00 00 BB 00 00 00 00 
"
"2016-11-21 14:54:32ID: BC  Data: 00 00 00 BB 00 00 00 00 
"
"2016-11-21 14:54:32ID: BB  Data: 00 00 00 BB 00 00 00 00 
"
"2016-11-21 14:54:32ID: BC  Data: 00 00 00 BB 00 00 00 00 
"
"2016-11-21 14:54:32ID: BB  Data: 00 00 00 BB 00 00 00 00 
"
"2016-11-21 14:54:32ID: BC  Data: 00 00 00 BB 00 00 00 00 
"
"2016-11-21 14:54:33ID: BB  Data: 00 00 00 BB 00 00 00 00 
"
"2016-11-21 14:54:33ID: BC  Data: 00 00 00 BB 00 00 00 00 
"
"2016-11-21 14:54:33ID: BB  Data: 00 00 00 BB 00 00 00 00 
"
"2016-11-21 14:54:33ID: BC  Data: 00 00 00 BB 00 00 00 00 
"
"2016-11-21 14:54:33ID: BB  Data: 00 00 00 BB 00 00 00 00 
"
"2016-11-21 14:54:33ID: BC  Data: 00 00 00 BB 00 00 00 00 
"
"2016-11-21 14:54:33ID: BB  Data: 00 00 00 BB 00 00 00 00 
"
"2016-11-21 14:54:33ID: BC  Data: 00 00 00 BB 00 00 00 00 
"
"2016-11-21 14:54:33ID: BB  Data: 00 00 00 BB 00 00 00 00 
"
"2016-11-21 14:54:33ID: BC  Data: 00 00 00 BB 00 00 00 00 
"
"2016-11-21 14:54:33ID: BB  Data: 00 00 00 BB 00 00 00 00 
"
"2016-11-21 14:54:33ID: BC  Data: 00 00 00 BB 00 00 00 00 
"
"2016-11-21 14:54:33ID: BB  Data: 00 00 00 BB 00 00 00 00 
"
"2016-11-21 14:54:33ID: BC  Data: 00 00 00 BB 00 00 00 00 
"
"2016-11-21 14:54:33ID: BB  Data: 00 00 00 BB 00 00 00 00 
"
"2016-11-21 14:54:33ID: BC  Data: 00 00 00 BB 00 00 00 00 
"
"2016-11-21 14:54:33ID: BB  Data: 00 00 00 BB 00 00 00 00 
"
"2016-11-21 14:54:33ID: BC  Data: 00 00 00 BB 00 00 00 00 
"
"2016-11-21 14:54:33ID: BB  Data: 00 00 00 BB 00 00 00 00 
"
"2016-11-21 14:54:33ID: BC  Data: 00 00 00 BB 00 00 00 00 
"
"2016-11-21 14:54:33ID: BB  Data: 00 00 00 BB 00 00 00 00 
"
"2016-11-21 14:54:33ID: BC  Data: 00 00 00 BB 00 00 00 00 
"
"2016-11-21 14:54:33ID: BB  Data: 00 00 00 BB 00 00 00 00 
"
"2016-11-21 14:54:33ID: BC  Data: 00 00 00 BB 00 00 00 00 
"
"2016-11-21 14:54:34ID: BB  Data: 00 00 00 BB 00 00 00 00 
"
"2016-11-21 14:54:34ID: BC  Data: 00 00 00 BB 00 00 00 00 
"
"2016-11-21 14:54:34ID: BB  Data: 00 00 00 BB 00 00 00 00 
"
"2016-11-21 14:54:34ID: BC  Data: 00 00 00 BB 00 00 00 00 
"
"2016-11-21 14:54:34ID: BB  Data: 00 00 00 BB 00 00 00 00 
"
"2016-11-21 14:54:34ID: BC  Data: 00 00 00 BB 00 00 00 00 
"
"2016-11-21 14:54:34ID: BB  Data: 00 00 00 BB 00 00 00 00 
"
"2016-11-21 14:54:34ID: BC  Data: 00 00 00 BB 00 00 00 00 
"
"2016-11-21 14:54:34ID: BB  Data: 00 00 00 BB 00 00 00 00 
"
"2016-11-21 14:54:34ID: BC  Data: 00 00 00 BB 00 00 00 00 
"
"2016-11-21 14:54:34ID: BB  Data: 00 00 00 BB 00 00 00 00 
"
"2016-11-21 14:54:34ID: BC  Data: 00 00 00 BB 00 00 00 00 
"
"2016-11-21 14:54:34ID: BB  Data: 00 00 00 BB 00 00 00 00 
"
"2016-11-21 14:54:34ID: BC  Data: 00 00 00 BB 00 00 00 00 
"
"2016-11-21 14:54:34ID: BB  Data: 00 00 00 BB 00 00 00 00 
"
"2016-11-21 14:54:34ID: BC  Data: 00 00 00 BB 00 00 00 00 
"
"2016-11-21 14:54:34ID: BB  Data: 00 00 00 BB 00 00 00 00 
"
"2016-11-21 14:54:34ID: BC  Data: 00 00 00 BB 00 00 00 00 
"
"2016-11-21 14:54:34ID: BB  Data: 00 00 00 BB 00 00 00 00 
"
"2016-11-21 14:54:34ID: BC  Data: 00 00 00 BB 00 00 00 00 
"
"2016-11-21 14:54:34ID: BB  Data: 00 00 00 BB 00 00 00 00 
"
"2016-11-21 14:54:34ID: BC  Data: 00 00 00 BB 00 00 00 00 
"
"2016-11-21 14:54:35ID: BB  Data: 00 00 00 BB 00 00 00 00 
"
"2016-11-21 14:54:35ID: BC  Data: 00 00 00 BB 00 00 00 00 
"
"2016-11-21 14:54:35ID: BB  Data: 00 00 00 BB 00 00 00 00 
"
"2016-11-21 14:54:35ID: BC  Data: 00 00 00 BB 00 00 00 00 
"
"2016-11-21 14:54:35ID: BB  Data: 00 00 00 BB 00 00 00 00 
"
"2016-11-21 14:54:35ID: BC  Data: 00 00 00 BB 00 00 00 00 
"
"2016-11-21 14:54:35ID: BB  Data: 00 00 00 BB 00 00 00 00 
"
"2016-11-21 14:54:35ID: BC  Data: 00 00 00 BB 00 00 00 00 
"
"2016-11-21 14:54:35ID: BB  Data: 00 00 00 BB 00 00 00 00 
"
"2016-11-21 14:54:35ID: BC  Data: 00 00 00 BB 00 00 00 00 
"
"2016-11-21 14:54:35ID: BB  Data: 00 00 00 BB 00 00 00 00 
"
"2016-11-21 14:54:35ID: BC  Data: 00 00 00 BB 00 00 00 00 
"
"2016-11-21 14:54:35ID: BB  Data: 00 00 00 BB 00 00 00 00 
"
"2016-11-21 14:54:35ID: BC  Data: 00 00 00 BB 00 00 00 00 
"
"2016-11-21 14:54:35ID: BB  Data: 00 00 00 BB 00 00 00 00 
"
"2016-11-21 14:54:35ID: BC  Data: 00 00 00 BB 00 00 00 00 
"
"2016-11-21 14:54:35ID: BB  Data: 00 00 00 BB 00 00 00 00 
"
"2016-11-21 14:54:35ID: BC  Data: 00 00 00 BB 00 00 00 00 
"
"2016-11-21 14:54:35ID: BB  Data: 00 00 00 BB 00 00 00 00 
"
"2016-11-21 14:54:35ID: BC  Data: 00 00 00 BB 00 00 00 00 
"
"2016-11-21 14:54:35ID: BB  Data: 00 00 00 BB 00 00 00 00 
"
"2016-11-21 14:54:35ID: BC  Data: 00 00 00 BB 00 00 00 00 
"
"2016-11-21 14:54:36ID: BB  Data: 00 00 00 BB 00 00 00 00 
"
"2016-11-21 14:54:36ID: BC  Data: 00 00 00 BB 00 00 00 00 
"
"2016-11-21 14:54:36ID: BB  Data: 00 00 00 BB 00 00 00 00 
"
"2016-11-21 14:54:36ID: BC  Data: 00 00 00 BB 00 00 00 00 
"
"2016-11-21 14:54:36ID: BB  Data: 00 00 00 BB 00 00 00 00 
"
"2016-11-21 14:54:36ID: BC  Data: 00 00 00 BB 00 00 00 00 
"
"2016-11-21 14:54:36ID: BB  Data: 00 00 00 BB 00 00 00 00 
"
"2016-11-21 14:54:36ID: BC  Data: 00 00 00 BB 00 00 00 00 
"
"2016-11-21 14:54:36ID: BB  Data: 00 00 00 BB 00 00 00 00 
"
"2016-11-21 14:54:36ID: BC  Data: 00 00 00 BB 00 00 00 00 
"
"2016-11-21 14:54:36ID: BB  Data: 00 00 00 BB 00 00 00 00 
"
"2016-11-21 14:54:36ID: BC  Data: 00 00 00 BB 00 00 00 00 
"
"2016-11-21 14:54:36ID: BB  Data: 00 00 00 BB 00 00 00 00 
"
"2016-11-21 14:54:36ID: BC  Data: 00 00 00 BB 00 00 00 00 
"
"2016-11-21 14:54:36ID: BB  Data: 00 00 00 BB 00 00 00 00 
"
"2016-11-21 14:54:36ID: BC  Data: 00 00 00 BB 00 00 00 00 
"
"2016-11-21 14:54:36ID: BB  Data: 00 00 00 BB 00 00 00 00 
"
"2016-11-21 14:54:36ID: BC  Data: 00 00 00 BB 00 00 00 00 
"
"2016-11-21 14:54:36ID: BB  Data: 00 00 00 BB 00 00 00 00 
"
"2016-11-21 14:54:36ID: BC  Data: 00 00 00 BB 00 00 00 00 
"
"2016-11-21 14:54:36ID: BB  Data: 00 00 00 BB 00 00 00 00 
"
"2016-11-21 14:54:36ID: BC  Data: 00 00 00 BB 00 00 00 00 
"
"2016-11-21 14:54:36ID: BB  Data: 00 00 00 BB 00 00 00 00 
"
"2016-11-21 14:54:36ID: BC  Data: 00 00 00 BB 00 00 00 00 
"
"2016-11-21 14:54:37ID: BB  Data: 00 00 00 BB 00 00 00 00 
"
"2016-11-21 14:54:37ID: BC  Data: 00 00 00 BB 00 00 00 00 
"
"2016-11-21 14:54:37ID: BB  Data: 00 00 00 BB 00 00 00 00 
"
"2016-11-21 14:54:37ID: BC  Data: 00 00 00 BB 00 00 00 00 
"
"2016-11-21 14:54:37ID: BB  Data: 00 00 00 BB 00 00 00 00 
"
"2016-11-21 14:54:37ID: BC  Data: 00 00 00 BB 00 00 00 00 
"
"2016-11-21 14:54:37ID: BB  Data: 00 00 00 BB 00 00 00 00 
"
"2016-11-21 14:54:37ID: BC  Data: 00 00 00 BB 00 00 00 00 
"
"2016-11-21 14:54:37ID: BB  Data: 00 00 00 BB 00 00 00 00 
"
"2016-11-21 14:54:37ID: BC  Data: 00 00 00 BB 00 00 00 00 
"
"2016-11-21 14:54:37ID: BB  Data: 00 00 00 BB 00 00 00 00 
"
"2016-11-21 14:54:37ID: BC  Data: 00 00 00 BB 00 00 00 00 
"
"2016-11-21 14:54:37ID: BB  Data: 00 00 00 BB 00 00 00 00 
"
"2016-11-21 14:54:38ID: AA  Data: AA AA 00 00 00 00 00 00 
"
2016-11-21 14:54:40
2016-11-21 14:54:42
2016-11-21 14:54:44
2016-11-21 14:54:46
2016-11-21 14:54:48
"2016-11-21 14:54:48ID: A1  Data: 00 00 AA AA 00 00 00 00 
"
"2016-11-21 14:54:48ID: AA  Data: BB AA 00 00 00 00 00 00 
"
"2016-11-21 14:54:49ID: A1  Data: 00 00 AA AA 00 00 00 00 
"
"2016-11-21 14:54:49ID: BB  Data: 00 00 00 BB 00 00 00 00 
"
"2016-11-21 14:54:49ID: BC  Data: 00 00 00 BB 00 00 00 00 
"
"2016-11-21 14:54:49ID: BB  Data: 00 00 00 BB 00 00 00 00 
"
"2016-11-21 14:54:49ID: BC  Data: 00 00 00 BB 00 00 00 00 
"
"2016-11-21 14:54:49ID: BB  Data: 00 00 00 BB 00 00 00 00 
"
"2016-11-21 14:54:49ID: BC  Data: 00 00 00 BB 00 00 00 00 
"
"2016-11-21 14:54:49ID: BB  Data: 00 00 00 BB 00 00 00 00 
"
"2016-11-21 14:54:49ID: BC  Data: 00 00 00 BB 00 00 00 00 
"
"2016-11-21 14:54:49ID: BB  Data: 00 00 00 BB 00 00 00 00 
"
"2016-11-21 14:54:49ID: BC  Data: 00 00 00 BB 00 00 00 00 
"
"2016-11-21 14:54:50ID: BB  Data: 00 00 00 BB 00 00 00 00 
"
"2016-11-21 14:54:50ID: BC  Data: 00 00 00 BB 00 00 00 00 
"
"2016-11-21 14:54:50ID: BB  Data: 00 00 00 BB 00 00 00 00 
"
"2016-11-21 14:54:50ID: BC  Data: 00 00 00 BB 00 00 00 00 
"
"2016-11-21 14:54:50ID: BB  Data: 00 00 00 BB 00 00 00 00 
"
"2016-11-21 14:54:50ID: BC  Data: 00 00 00 BB 00 00 00 00 
"
"2016-11-21 14:54:50ID: BB  Data: 00 00 00 BB 00 00 00 00 
"
"2016-11-21 14:54:50ID: BC  Data: 00 00 00 BB 00 00 00 00 
"
"2016-11-21 14:54:50ID: BB  Data: 00 00 00 BB 00 00 00 00 
"
"2016-11-21 14:54:50ID: BC  Data: 00 00 00 BB 00 00 00 00 
"
"2016-11-21 14:54:50ID: BB  Data: 00 00 00 BB 00 00 00 00 
"
"2016-11-21 14:54:50ID: BC  Data: 00 00 00 BB 00 00 00 00 
"
"2016-11-21 14:54:50ID: BB  Data: 00 00 00 BB 00 00 00 00 
"
"2016-11-21 14:54:50ID: BC  Data: 00 00 00 BB 00 00 00 00 
"
"2016-11-21 14:54:50ID: BB  Data: 00 00 00 BB 00 00 00 00 
"
"2016-11-21 14:54:50ID: BC  Data: 00 00 00 BB 00 00 00 00 
"
"2016-11-21 14:54:50ID: BB  Data: 00 00 00 BB 00 00 00 00 
"
"2016-11-21 14:54:50ID: BC  Data: 00 00 00 BB 00 00 00 00 
"
"2016-11-21 14:54:50ID: BB  Data: 00 00 00 BB 00 00 00 00 
"
"2016-11-21 14:54:50ID: BC  Data: 00 00 00 BB 00 00 00 00 
"
"2016-11-21 14:54:50ID: BB  Data: 00 00 00 BB 00 00 00 00 
"
"2016-11-21 14:54:50ID: BC  Data: 00 00 00 BB 00 00 00 00 
"
"2016-11-21 14:54:51ID: BB  Data: 00 00 00 BB 00 00 00 00 
"
"2016-11-21 14:54:51ID: BC  Data: 00 00 00 BB 00 00 00 00 
"
"2016-11-21 14:54:51ID: BB  Data: 00 00 00 BB 00 00 00 00 
"
"2016-11-21 14:54:51ID: BC  Data: 00 00 00 BB 00 00 00 00 
"
"2016-11-21 14:54:51ID: BB  Data: 00 00 00 BB 00 00 00 00 
"
"2016-11-21 14:54:51ID: BC  Data: 00 00 00 BB 00 00 00 00 
"
"2016-11-21 14:54:51ID: BB  Data: 00 00 00 BB 00 00 00 00 
"
"2016-11-21 14:54:51ID: BC  Data: 00 00 00 BB 00 00 00 00 
"
"2016-11-21 14:54:51ID: BB  Data: 00 00 00 BB 00 00 00 00 
"
"2016-11-21 14:54:51ID: BC  Data: 00 00 00 BB 00 00 00 00 
"
"2016-11-21 14:54:51ID: BB  Data: 00 00 00 BB 00 00 00 00 
"
"2016-11-21 14:54:51ID: BC  Data: 00 00 00 BB 00 00 00 00 
"
"2016-11-21 14:54:51ID: BB  Data: 00 00 00 BB 00 00 00 00 
"
"2016-11-21 14:54:51ID: BC  Data: 00 00 00 BB 00 00 00 00 
"
"2016-11-21 14:54:51ID: BB  Data: 00 00 00 BB 00 00 00 00 
"
"2016-11-21 14:54:51ID: BC  Data: 00 00 00 BB 00 00 00 00 
"
"2016-11-21 14:54:51ID: BB  Data: 00 00 00 BB 00 00 00 00 
"
"2016-11-21 14:54:51ID: BC  Data: 00 00 00 BB 00 00 00 00 
"
"2016-11-21 14:54:51ID: BB  Data: 00 00 00 BB 00 00 00 00 
"
"2016-11-21 14:54:51ID: BC  Data: 00 00 00 BB 00 00 00 00 
"
"2016-11-21 14:54:51ID: BB  Data: 00 00 00 BB 00 00 00 00 
"
"2016-11-21 14:54:51ID: BC  Data: 00 00 00 BB 00 00 00 00 
"
"2016-11-21 14:54:51ID: BB  Data: 00 00 00 BB 00 00 00 00 
"
"2016-11-21 14:54:51ID: BC  Data: 00 00 00 BB 00 00 00 00 
"
"2016-11-21 14:54:52ID: BB  Data: 00 00 00 BB 00 00 00 00 
"
"2016-11-21 14:54:52ID: BC  Data: 00 00 00 BB 00 00 00 00 
"
"2016-11-21 14:54:52ID: BB  Data: 00 00 00 BB 00 00 00 00 
"
"2016-11-21 14:54:52ID: BC  Data: 00 00 00 BB 00 00 00 00 
"
"2016-11-21 14:54:52ID: AA  Data: AA AA 00 00 00 00 00 00 
"
"2016-11-21 14:54:52ID: BB  Data: 00 00 00 AA 00 00 00 00 
"
"2016-11-21 14:54:52ID: BC  Data: 00 00 00 AA 00 00 00 00 
"
"2016-11-21 14:54:52ID: BB  Data: 00 00 00 AA 00 00 00 00 
"
"2016-11-21 14:54:52ID: BC  Data: 00 00 00 AA 00 00 00 00 
"
"2016-11-21 14:54:52ID: BB  Data: 00 00 00 AA 00 00 00 00 
"
"2016-11-21 14:54:52ID: BC  Data: 00 00 00 AA 00 00 00 00 
"
"2016-11-21 14:54:52ID: BB  Data: 00 00 00 AA 00 00 00 00 
"
"2016-11-21 14:54:52ID: BC  Data: 00 00 00 AA 00 00 00 00 
"
"2016-11-21 14:54:52ID: BB  Data: 00 00 00 AA 00 00 00 00 
"
"2016-11-21 14:54:52ID: BC  Data: 00 00 00 AA 00 00 00 00 
"
"2016-11-21 14:54:52ID: BB  Data: 00 00 00 AA 00 00 00 00 
"
"2016-11-21 14:54:52ID: BC  Data: 00 00 00 AA 00 00 00 00 
"
"2016-11-21 14:54:52ID: BB  Data: 00 00 00 AA 00 00 00 00 
"
"2016-11-21 14:54:52ID: BC  Data: 00 00 00 AA 00 00 00 00 
"
"2016-11-21 14:54:52ID: BB  Data: 00 00 00 AA 00 00 00 00 
"
"2016-11-21 14:54:52ID: BC  Data: 00 00 00 AA 00 00 00 00 
"
"2016-11-21 14:54:52ID: BB  Data: 00 00 00 AA 00 00 00 00 
"
"2016-11-21 14:54:52ID: BC  Data: 00 00 00 AA 00 00 00 00 
"
"2016-11-21 14:54:53ID: BB  Data: 00 00 00 AA 00 00 00 00 
"
"2016-11-21 14:54:53ID: BC  Data: 00 00 00 AA 00 00 00 00 
"
"2016-11-21 14:54:53ID: BB  Data: 00 00 00 AA 00 00 00 00 
"
"2016-11-21 14:54:53ID: BC  Data: 00 00 00 AA 00 00 00 00 
"
"2016-11-21 14:54:53ID: BB  Data: 00 00 00 AA 00 00 00 00 
"
"2016-11-21 14:54:53ID: BC  Data: 00 00 00 AA 00 00 00 00 
"
"2016-11-21 14:54:53ID: BB  Data: 00 00 00 AA 00 00 00 00 
"
"2016-11-21 14:54:54ID: AA  Data: AA CC 00 00 00 00 00 00 
"
2016-11-21 14:54:56
2016-11-21 14:54:58
2016-11-21 14:55:00
"2016-11-21 14:55:01ID: AA  Data: AA AA 00 00 00 00 00 00 
"
"2016-11-21 14:55:01ID: AA  Data: AA BB 00 00 00 00 00 00 
"
2016-11-21 14:55:03
2016-11-21 14:55:05
"2016-11-21 14:55:06ID: AA  Data: BB BB 00 00 00 00 00 00 
"
"2016-11-21 14:55:06ID: A1  Data: 00 00 AA AA 00 00 00 00 
"
2016-11-21 14:55:08
2016-11-21 14:55:10
2016-11-21 14:55:12
2016-11-21 14:55:14
2016-11-21 14:55:16
2016-11-21 14:55:18
2016-11-21 14:55:20
2016-11-21 14:55:22
2016-11-21 14:55:24
2016-11-21 14:55:26
2016-11-21 14:55:28
2016-11-21 14:55:30
2016-11-21 14:55:32
"2016-11-21 14:55:33ID: A1  Data: 00 00 AA AA 00 00 00 00 
"
"2016-11-21 14:55:34ID: BB  Data: 00 00 00 BB 00 00 00 00 
"
"2016-11-21 14:55:34ID: BC  Data: 00 00 00 BB 00 00 00 00 
"
"2016-11-21 14:55:34ID: BB  Data: 00 00 00 BB 00 00 00 00 
"
"2016-11-21 14:55:34ID: BC  Data: 00 00 00 BB 00 00 00 00 
"
"2016-11-21 14:55:34ID: BB  Data: 00 00 00 BB 00 00 00 00 
"
"2016-11-21 14:55:34ID: BC  Data: 00 00 00 BB 00 00 00 00 
"
"2016-11-21 14:55:34ID: BB  Data: 00 00 00 BB 00 00 00 00 
"
"2016-11-21 14:55:34ID: BC  Data: 00 00 00 BB 00 00 00 00 
"
"2016-11-21 14:55:34ID: BB  Data: 00 00 00 BB 00 00 00 00 
"
"2016-11-21 14:55:34ID: BC  Data: 00 00 00 BB 00 00 00 00 
"
"2016-11-21 14:55:34ID: BB  Data: 00 00 00 BB 00 00 00 00 
"
"2016-11-21 14:55:34ID: BC  Data: 00 00 00 BB 00 00 00 00 
"
"2016-11-21 14:55:34ID: BB  Data: 00 00 00 BB 00 00 00 00 
"
"2016-11-21 14:55:34ID: BC  Data: 00 00 00 BB 00 00 00 00 
"
"2016-11-21 14:55:34ID: BB  Data: 00 00 00 BB 00 00 00 00 
"
"2016-11-21 14:55:34ID: BC  Data: 00 00 00 BB 00 00 00 00 
"
"2016-11-21 14:55:34ID: BB  Data: 00 00 00 BB 00 00 00 00 
"
"2016-11-21 14:55:34ID: BC  Data: 00 00 00 BB 00 00 00 00 
"
"2016-11-21 14:55:34ID: BB  Data: 00 00 00 BB 00 00 00 00 
"
"2016-11-21 14:55:34ID: BC  Data: 00 00 00 BB 00 00 00 00 
"
"2016-11-21 14:55:34ID: BB  Data: 00 00 00 BB 00 00 00 00 
"
"2016-11-21 14:55:34ID: BC  Data: 00 00 00 BB 00 00 00 00 
"
"2016-11-21 14:55:35ID: BB  Data: 00 00 00 BB 00 00 00 00 
"
"2016-11-21 14:55:35ID: BC  Data: 00 00 00 BB 00 00 00 00 
"
"2016-11-21 14:55:35ID: BB  Data: 00 00 00 BB 00 00 00 00 
"
"2016-11-21 14:55:35ID: BC  Data: 00 00 00 BB 00 00 00 00 
"
"2016-11-21 14:55:35ID: BB  Data: 00 00 00 BB 00 00 00 00 
"
"2016-11-21 14:55:35ID: BC  Data: 00 00 00 BB 00 00 00 00 
"
"2016-11-21 14:55:35ID: BB  Data: 00 00 00 BB 00 00 00 00 
"
"2016-11-21 14:55:35ID: BC  Data: 00 00 00 BB 00 00 00 00 
"
"2016-11-21 14:55:35ID: BB  Data: 00 00 00 BB 00 00 00 00 
"
"2016-11-21 14:55:35ID: BC  Data: 00 00 00 BB 00 00 00 00 
"
"2016-11-21 14:55:35ID: BB  Data: 00 00 00 BB 00 00 00 00 
"
"2016-11-21 14:55:35ID: BC  Data: 00 00 00 BB 00 00 00 00 
"
"2016-11-21 14:55:35ID: BB  Data: 00 00 00 BB 00 00 00 00 
"
"2016-11-21 14:55:35ID: BC  Data: 00 00 00 BB 00 00 00 00 
"
"2016-11-21 14:55:35ID: BB  Data: 00 00 00 BB 00 00 00 00 
"
"2016-11-21 14:55:35ID: BC  Data: 00 00 00 BB 00 00 00 00 
"
"2016-11-21 14:55:35ID: BB  Data: 00 00 00 BB 00 00 00 00 
"
"2016-11-21 14:55:35ID: BC  Data: 00 00 00 BB 00 00 00 00 
"
"2016-11-21 14:55:35ID: BB  Data: 00 00 00 BB 00 00 00 00 
"
"2016-11-21 14:55:35ID: BC  Data: 00 00 00 BB 00 00 00 00 
"
"2016-11-21 14:55:35ID: BB  Data: 00 00 00 BB 00 00 00 00 
"
"2016-11-21 14:55:35ID: BC  Data: 00 00 00 BB 00 00 00 00 
"
"2016-11-21 14:55:35ID: BB  Data: 00 00 00 BB 00 00 00 00 
"
"2016-11-21 14:55:36ID: BC  Data: 00 00 00 BB 00 00 00 00 
"
"2016-11-21 14:55:36ID: BB  Data: 00 00 00 BB 00 00 00 00 
"
"2016-11-21 14:55:36ID: BC  Data: 00 00 00 BB 00 00 00 00 
"
"2016-11-21 14:55:36ID: BB  Data: 00 00 00 BB 00 00 00 00 
"
"2016-11-21 14:55:36ID: BC  Data: 00 00 00 BB 00 00 00 00 
"
"2016-11-21 14:55:36ID: BB  Data: 00 00 00 BB 00 00 00 00 
"
"2016-11-21 14:55:36ID: BC  Data: 00 00 00 BB 00 00 00 00 
"
"2016-11-21 14:55:36ID: BB  Data: 00 00 00 BB 00 00 00 00 
"
"2016-11-21 14:55:36ID: BC  Data: 00 00 00 BB 00 00 00 00 
"
"2016-11-21 14:55:36ID: BB  Data: 00 00 00 BB 00 00 00 00 
"
"2016-11-21 14:55:36ID: BC  Data: 00 00 00 BB 00 00 00 00 
"
"2016-11-21 14:55:36ID: BB  Data: 00 00 00 BB 00 00 00 00 
"
"2016-11-21 14:55:36ID: BC  Data: 00 00 00 BB 00 00 00 00 
"
"2016-11-21 14:55:36ID: BB  Data: 00 00 00 BB 00 00 00 00 
"
"2016-11-21 14:55:36ID: BC  Data: 00 00 00 BB 00 00 00 00 
"
"2016-11-21 14:55:36ID: BB  Data: 00 00 00 BB 00 00 00 00 
"
"2016-11-21 14:55:36ID: BC  Data: 00 00 00 BB 00 00 00 00 
"
"2016-11-21 14:55:36ID: BB  Data: 00 00 00 BB 00 00 00 00 
"
"2016-11-21 14:55:36ID: BC  Data: 00 00 00 BB 00 00 00 00 
"
"2016-11-21 14:55:36ID: BB  Data: 00 00 00 BB 00 00 00 00 
"
"2016-11-21 14:55:36ID: BC  Data: 00 00 00 BB 00 00 00 00 
"
"2016-11-21 14:55:36ID: BB  Data: 00 00 00 BB 00 00 00 00 
"
"2016-11-21 14:55:36ID: BC  Data: 00 00 00 BB 00 00 00 00 
"
"2016-11-21 14:55:37ID: BB  Data: 00 00 00 BB 00 00 00 00 
"
"2016-11-21 14:55:37ID: BC  Data: 00 00 00 BB 00 00 00 00 
"
"2016-11-21 14:55:37ID: AA  Data: BB 00 00 00 00 00 00 00 
"
"2016-11-21 14:55:37ID: A1  Data: 00 00 AA AA 00 00 00 00 
"
"2016-11-21 14:55:37ID: A2  Data: 00 00 00 00 00 00 00 AB 
"
"2016-11-21 14:55:37ID: BB  Data: 00 00 00 BB 00 00 00 00 
"
"2016-11-21 14:55:37ID: BC  Data: 00 00 00 BB 00 00 00 00 
"
"2016-11-21 14:55:37ID: BB  Data: 00 00 00 BB 00 00 00 00 
"
"2016-11-21 14:55:37ID: BC  Data: 00 00 00 BB 00 00 00 00 
"
"2016-11-21 14:55:37ID: BB  Data: 00 00 00 BB 00 00 00 00 
"
"2016-11-21 14:55:37ID: BC  Data: 00 00 00 BB 00 00 00 00 
"
"2016-11-21 14:55:37ID: BB  Data: 00 00 00 BB 00 00 00 00 
"
"2016-11-21 14:55:37ID: BC  Data: 00 00 00 BB 00 00 00 00 
"
"2016-11-21 14:55:37ID: BB  Data: 00 00 00 BB 00 00 00 00 
"
"2016-11-21 14:55:37ID: BC  Data: 00 00 00 BB 00 00 00 00 
"
"2016-11-21 14:55:37ID: BB  Data: 00 00 00 BB 00 00 00 00 
"
"2016-11-21 14:55:37ID: BC  Data: 00 00 00 BB 00 00 00 00 
"
"2016-11-21 14:55:37ID: BB  Data: 00 00 00 BB 00 00 00 00 
"
"2016-11-21 14:55:37ID: BC  Data: 00 00 00 BB 00 00 00 00 
"
"2016-11-21 14:55:37ID: BB  Data: 00 00 00 BB 00 00 00 00 
"
"2016-11-21 14:55:37ID: BC  Data: 00 00 00 BB 00 00 00 00 
"
"2016-11-21 14:55:37ID: BB  Data: 00 00 00 BB 00 00 00 00 
"
"2016-11-21 14:55:37ID: BC  Data: 00 00 00 BB 00 00 00 00 
"
"2016-11-21 14:55:37ID: BB  Data: 00 00 00 BB 00 00 00 00 
"
"2016-11-21 14:55:37ID: BC  Data: 00 00 00 BB 00 00 00 00 
"
"2016-11-21 14:55:38ID: BB  Data: 00 00 00 BB 00 00 00 00 
"
"2016-11-21 14:55:38ID: BC  Data: 00 00 00 BB 00 00 00 00 
"
"2016-11-21 14:55:38ID: BB  Data: 00 00 00 BB 00 00 00 00 
"
"2016-11-21 14:55:38ID: BC  Data: 00 00 00 BB 00 00 00 00 
"
"2016-11-21 14:55:38ID: BB  Data: 00 00 00 BB 00 00 00 00 
"
"2016-11-21 14:55:38ID: BC  Data: 00 00 00 BB 00 00 00 00 
"
"2016-11-21 14:55:38ID: BB  Data: 00 00 00 BB 00 00 00 00 
"
"2016-11-21 14:55:38ID: BC  Data: 00 00 00 BB 00 00 00 00 
"
"2016-11-21 14:55:38ID: BB  Data: 00 00 00 BB 00 00 00 00 
"
"2016-11-21 14:55:38ID: BC  Data: 00 00 00 BB 00 00 00 00 
"
"2016-11-21 14:55:38ID: BB  Data: 00 00 00 BB 00 00 00 00 
"
"2016-11-21 14:55:38ID: BC  Data: 00 00 00 BB 00 00 00 00 
"
"2016-11-21 14:55:38ID: BB  Data: 00 00 00 BB 00 00 00 00 
"
"2016-11-21 14:55:38ID: BC  Data: 00 00 00 BB 00 00 00 00 
"
"2016-11-21 14:55:38ID: BB  Data: 00 00 00 BB 00 00 00 00 
"
"2016-11-21 14:55:38ID: BC  Data: 00 00 00 BB 00 00 00 00 
"
"2016-11-21 14:55:38ID: BB  Data: 00 00 00 BB 00 00 00 00 
"
"2016-11-21 14:55:38ID: BC  Data: 00 00 00 BB 00 00 00 00 
"
"2016-11-21 14:55:38ID: BB  Data: 00 00 00 BB 00 00 00 00 
"
"2016-11-21 14:55:38ID: BC  Data: 00 00 00 BB 00 00 00 00 
"
"2016-11-21 14:55:38ID: BB  Data: 00 00 00 BB 00 00 00 00 
"
"2016-11-21 14:55:38ID: BC  Data: 00 00 00 BB 00 00 00 00 
"
"2016-11-21 14:55:38ID: BB  Data: 00 00 00 BB 00 00 00 00 
"
"2016-11-21 14:55:39ID: BC  Data: 00 00 00 BB 00 00 00 00 
"
"2016-11-21 14:55:39ID: BB  Data: 00 00 00 BB 00 00 00 00 
"
"2016-11-21 14:55:39ID: BC  Data: 00 00 00 BB 00 00 00 00 
"
"2016-11-21 14:55:39ID: BB  Data: 00 00 00 BB 00 00 00 00 
"
"2016-11-21 14:55:39ID: BC  Data: 00 00 00 BB 00 00 00 00 
"
"2016-11-21 14:55:39ID: BB  Data: 00 00 00 BB 00 00 00 00 
"
"2016-11-21 14:55:39ID: BC  Data: 00 00 00 BB 00 00 00 00 
"
"2016-11-21 14:55:39ID: BB  Data: 00 00 00 BB 00 00 00 00 
"
"2016-11-21 14:55:39ID: BC  Data: 00 00 00 BB 00 00 00 00 
"
"2016-11-21 14:55:39ID: BB  Data: 00 00 00 BB 00 00 00 00 
"
"2016-11-21 14:55:39ID: BC  Data: 00 00 00 BB 00 00 00 00 
"
"2016-11-21 14:55:39ID: BB  Data: 00 00 00 BB 00 00 00 00 
"
"2016-11-21 14:55:39ID: BC  Data: 00 00 00 BB 00 00 00 00 
"
"2016-11-21 14:55:39ID: BB  Data: 00 00 00 BB 00 00 00 00 
"
"2016-11-21 14:55:39ID: BC  Data: 00 00 00 BB 00 00 00 00 
"
"2016-11-21 14:55:39ID: BB  Data: 00 00 00 BB 00 00 00 00 
"
"2016-11-21 14:55:39ID: BC  Data: 00 00 00 BB 00 00 00 00 
"
"2016-11-21 14:55:39ID: BB  Data: 00 00 00 BB 00 00 00 00 
"
"2016-11-21 14:55:39ID: BC  Data: 00 00 00 BB 00 00 00 00 
"
"2016-11-21 14:55:39ID: BB  Data: 00 00 00 BB 00 00 00 00 
"
"2016-11-21 14:55:39ID: BC  Data: 00 00 00 BB 00 00 00 00 
"
"2016-11-21 14:55:39ID: BB  Data: 00 00 00 BB 00 00 00 00 
"
"2016-11-21 14:55:39ID: BC  Data: 00 00 00 BB 00 00 00 00 
"
"2016-11-21 14:55:40ID: BB  Data: 00 00 00 BB 00 00 00 00 
"
"2016-11-21 14:55:40ID: BC  Data: 00 00 00 BB 00 00 00 00 
"
"2016-11-21 14:55:40ID: BB  Data: 00 00 00 BB 00 00 00 00 
"
"2016-11-21 14:55:40ID: BC  Data: 00 00 00 BB 00 00 00 00 
"
"2016-11-21 14:55:40ID: BB  Data: 00 00 00 BB 00 00 00 00 
"
"2016-11-21 14:55:40ID: BC  Data: 00 00 00 BB 00 00 00 00 
"
"2016-11-21 14:55:40ID: BB  Data: 00 00 00 BB 00 00 00 00 
"
"2016-11-21 14:55:40ID: BC  Data: 00 00 00 BB 00 00 00 00 
"
"2016-11-21 14:55:40ID: BB  Data: 00 00 00 BB 00 00 00 00 
"
"2016-11-21 14:55:40ID: BC  Data: 00 00 00 BB 00 00 00 00 
"
"2016-11-21 14:55:40ID: BB  Data: 00 00 00 BB 00 00 00 00 
"
"2016-11-21 14:55:40ID: BC  Data: 00 00 00 BB 00 00 00 00 
"
"2016-11-21 14:55:40ID: BB  Data: 00 00 00 BB 00 00 00 00 
"
"2016-11-21 14:55:40ID: BC  Data: 00 00 00 BB 00 00 00 00 
"
"2016-11-21 14:55:40ID: BB  Data: 00 00 00 BB 00 00 00 00 
"
"2016-11-21 14:55:40ID: BC  Data: 00 00 00 BB 00 00 00 00 
"
"2016-11-21 14:55:40ID: BB  Data: 00 00 00 BB 00 00 00 00 
"
"2016-11-21 14:55:40ID: BC  Data: 00 00 00 BB 00 00 00 00 
"
"2016-11-21 14:55:40ID: BB  Data: 00 00 00 BB 00 00 00 00 
"
"2016-11-21 14:55:40ID: BC  Data: 00 00 00 BB 00 00 00 00 
"
"2016-11-21 14:55:40ID: BB  Data: 00 00 00 BB 00 00 00 00 
"
"2016-11-21 14:55:40ID: BC  Data: 00 00 00 BB 00 00 00 00 
"
"2016-11-21 14:55:41ID: BB  Data: 00 00 00 BB 00 00 00 00 
"
"2016-11-21 14:55:41ID: BC  Data: 00 00 00 BB 00 00 00 00 
"
"2016-11-21 14:55:41ID: BB  Data: 00 00 00 BB 00 00 00 00 
"
"2016-11-21 14:55:41ID: BC  Data: 00 00 00 BB 00 00 00 00 
"
"2016-11-21 14:55:41ID: AA  Data: AA AA 00 00 00 00 00 00 
"
"2016-11-21 14:55:41ID: BB  Data: 00 00 00 BB 00 00 00 00 
"
"2016-11-21 14:55:41ID: BC  Data: 00 00 00 BB 00 00 00 00 
"
"2016-11-21 14:55:41ID: BB  Data: 00 00 00 AA 00 00 00 00 
"
"2016-11-21 14:55:41ID: BC  Data: 00 00 00 AA 00 00 00 00 
"
"2016-11-21 14:55:41ID: BB  Data: 00 00 00 AA 00 00 00 00 
"
"2016-11-21 14:55:41ID: BC  Data: 00 00 00 AA 00 00 00 00 
"
"2016-11-21 14:55:41ID: BB  Data: 00 00 00 AA 00 00 00 00 
"
"2016-11-21 14:55:41ID: BC  Data: 00 00 00 AA 00 00 00 00 
"
"2016-11-21 14:55:41ID: BB  Data: 00 00 00 AA 00 00 00 00 
"
"2016-11-21 14:55:41ID: BC  Data: 00 00 00 AA 00 00 00 00 
"
"2016-11-21 14:55:41ID: BB  Data: 00 00 00 AA 00 00 00 00 
"
"2016-11-21 14:55:41ID: BC  Data: 00 00 00 AA 00 00 00 00 
"
"2016-11-21 14:55:41ID: BB  Data: 00 00 00 AA 00 00 00 00 
"
"2016-11-21 14:55:41ID: BC  Data: 00 00 00 AA 00 00 00 00 
"
"2016-11-21 14:55:41ID: BB  Data: 00 00 00 AA 00 00 00 00 
"
"2016-11-21 14:55:41ID: BC  Data: 00 00 00 AA 00 00 00 00 
"
"2016-11-21 14:55:41ID: BB  Data: 00 00 00 AA 00 00 00 00 
"
"2016-11-21 14:55:41ID: BC  Data: 00 00 00 AA 00 00 00 00 
"
"2016-11-21 14:55:41ID: BB  Data: 00 00 00 AA 00 00 00 00 
"
"2016-11-21 14:55:41ID: BC  Data: 00 00 00 AA 00 00 00 00 
"
"2016-11-21 14:55:42ID: BB  Data: 00 00 00 AA 00 00 00 00 
"
"2016-11-21 14:55:42ID: BC  Data: 00 00 00 AA 00 00 00 00 
"
"2016-11-21 14:55:42ID: BB  Data: 00 00 00 AA 00 00 00 00 
"
"2016-11-21 14:55:42ID: BC  Data: 00 00 00 AA 00 00 00 00 
"
"2016-11-21 14:55:42ID: BB  Data: 00 00 00 AA 00 00 00 00 
"
"2016-11-21 14:55:42ID: BC  Data: 00 00 00 AA 00 00 00 00 
"
"2016-11-21 14:55:42ID: BB  Data: 00 00 00 AA 00 00 00 00 
"
"2016-11-21 14:55:42ID: BC  Data: 00 00 00 AA 00 00 00 00 
"
"2016-11-21 14:55:42ID: BB  Data: 00 00 00 AA 00 00 00 00 
"
"2016-11-21 14:55:42ID: BC  Data: 00 00 00 AA 00 00 00 00 
"
"2016-11-21 14:55:42ID: BB  Data: 00 00 00 AA 00 00 00 00 
"
"2016-11-21 14:55:42ID: BC  Data: 00 00 00 AA 00 00 00 00 
"
"2016-11-21 14:55:42ID: AA  Data: AA CC 00 00 00 00 00 00 
"
"2016-11-21 14:55:42ID: BB  Data: 00 00 00 AA 00 00 00 00 
"
"2016-11-21 14:55:42ID: BC  Data: 00 00 00 AA 00 00 00 00 
"
"2016-11-21 14:55:42ID: BB  Data: 00 00 00 AA 00 00 00 00 
"
"2016-11-21 14:55:42ID: BC  Data: 00 00 00 AA 00 00 00 00 
"
"2016-11-21 14:55:42ID: BB  Data: 00 00 00 AA 00 00 00 00 
"
"2016-11-21 14:55:42ID: BC  Data: 00 00 00 AA 00 00 00 00 
"
"2016-11-21 14:55:42ID: BB  Data: 00 00 00 AA 00 00 00 00 
"
"2016-11-21 14:55:42ID: BC  Data: 00 00 00 AA 00 00 00 00 
"
"2016-11-21 14:55:42ID: BB  Data: 00 00 00 AA 00 00 00 00 
"
"2016-11-21 14:55:42ID: BC  Data: 00 00 00 AA 00 00 00 00 
"
"2016-11-21 14:55:43ID: BB  Data: 00 00 00 AA 00 00 00 00 
"
"2016-11-21 14:55:43ID: BC  Data: 00 00 00 AA 00 00 00 00 
"
"2016-11-21 14:55:43ID: BB  Data: 00 00 00 AA 00 00 00 00 
"
"2016-11-21 14:55:43ID: BC  Data: 00 00 00 AA 00 00 00 00 
"
"2016-11-21 14:55:43ID: BB  Data: 00 00 00 AA 00 00 00 00 
"
"2016-11-21 14:55:43ID: BC  Data: 00 00 00 AA 00 00 00 00 
"
"2016-11-21 14:55:43ID: BB  Data: 00 00 00 AA 00 00 00 00 
"
"2016-11-21 14:55:43ID: BC  Data: 00 00 00 AA 00 00 00 00 
"
"2016-11-21 14:55:43ID: BB  Data: 00 00 00 AA 00 00 00 00 
"
"2016-11-21 14:55:43ID: BC  Data: 00 00 00 AA 00 00 00 00 
"
"2016-11-21 14:55:43ID: BB  Data: 00 00 00 AA 00 00 00 00 
"
"2016-11-21 14:55:43ID: BC  Data: 00 00 00 AA 00 00 00 00 
"
"2016-11-21 14:55:43ID: BB  Data: 00 00 00 AA 00 00 00 00 
"
"2016-11-21 14:55:43ID: BC  Data: 00 00 00 AA 00 00 00 00 
"
"2016-11-21 14:55:43ID: BB  Data: 00 00 00 AA 00 00 00 00 
"
"2016-11-21 14:55:43ID: BC  Data: 00 00 00 AA 00 00 00 00 
"
"2016-11-21 14:55:43ID: BB  Data: 00 00 00 AA 00 00 00 00 
"
"2016-11-21 14:55:43ID: BC  Data: 00 00 00 AA 00 00 00 00 
"
"2016-11-21 14:55:43ID: BB  Data: 00 00 00 AA 00 00 00 00 
"
"2016-11-21 14:55:43ID: BC  Data: 00 00 00 AA 00 00 00 00 
"
"2016-11-21 14:55:43ID: BB  Data: 00 00 00 AA 00 00 00 00 
"
"2016-11-21 14:55:43ID: BC  Data: 00 00 00 AA 00 00 00 00 
"
"2016-11-21 14:55:44ID: BB  Data: 00 00 00 AA 00 00 00 00 
"
"2016-11-21 14:55:44ID: BC  Data: 00 00 00 AA 00 00 00 00 
"
"2016-11-21 14:55:44ID: BB  Data: 00 00 00 AA 00 00 00 00 
"
"2016-11-21 14:55:44ID: BC  Data: 00 00 00 AA 00 00 00 00 
"
"2016-11-21 14:55:44ID: BB  Data: 00 00 00 AA 00 00 00 00 
"
"2016-11-21 14:55:44ID: BC  Data: 00 00 00 AA 00 00 00 00 
"
"2016-11-21 14:55:44ID: BB  Data: 00 00 00 AA 00 00 00 00 
"
"2016-11-21 14:55:44ID: BC  Data: 00 00 00 AA 00 00 00 00 
"
"2016-11-21 14:55:44ID: BB  Data: 00 00 00 AA FD 3F 57 95 
"
"2016-11-21 14:55:44ID: BC  Data: 00 00 00 AA 02 C0 A8 6B 
"
"2016-11-21 14:55:44ID: BB  Data: 00 00 00 AA FB 61 BD 14 
"
"2016-11-21 14:55:44ID: BC  Data: 00 00 00 AA 04 9E 42 EC 
"
"2016-11-21 14:55:44ID: BB  Data: 00 00 00 AA F9 A5 07 21 
"
"2016-11-21 14:55:44ID: BC  Data: 00 00 00 AA 06 5A F8 DF 
"
"2016-11-21 14:55:44ID: BB  Data: 00 00 00 AA F8 AB 0A E3 
"
"2016-11-21 14:55:44ID: BC  Data: 00 00 00 AA 07 54 F5 1D 
"
"2016-11-21 14:55:44ID: BB  Data: 00 00 00 AA F7 5F 7B A9 
"
"2016-11-21 14:55:44ID: BC  Data: 00 00 00 AA 08 A0 84 57 
"
"2016-11-21 14:55:44ID: BB  Data: 00 00 00 AA F5 DD FA B7 
"
"2016-11-21 14:55:44ID: BC  Data: 00 00 00 AA 0A 22 05 49 
"
"2016-11-21 14:55:44ID: BB  Data: 00 00 00 AA F5 23 25 F2 
"
"2016-11-21 14:55:44ID: BC  Data: 00 00 00 AA 0A DC DA 0E 
"
"2016-11-21 14:55:44ID: BB  Data: 00 00 00 AA F5 40 18 09 
"
"2016-11-21 14:55:44ID: BC  Data: 00 00 00 AA 0A BF E7 F7 
"
"2016-11-21 14:55:45ID: BB  Data: 00 00 00 AA F5 94 4C AA 
"
"2016-11-21 14:55:45ID: BC  Data: 00 00 00 AA 0A 6B B3 56 
"
"2016-11-21 14:55:45ID: BB  Data: 00 00 00 AA FA 6F A5 C5 
"
"2016-11-21 14:55:45ID: BC  Data: 00 00 00 AA 05 90 5A 3B 
"
"2016-11-21 14:55:45ID: BB  Data: 00 00 00 AA FD F2 47 6C 
"
"2016-11-21 14:55:45ID: BC  Data: 00 00 00 AA 02 0D B8 94 
"
"2016-11-21 14:55:45ID: BB  Data: 00 00 00 AA FE 63 6E 24 
"
"2016-11-21 14:55:45ID: BC  Data: 00 00 00 AA 01 9C 91 DC 
"
"2016-11-21 14:55:45ID: BB  Data: 00 00 00 AA 00 00 00 00 
"
"2016-11-21 14:55:45ID: BC  Data: 00 00 00 AA 00 00 00 00 
"
"2016-11-21 14:55:45ID: BB  Data: 00 00 00 AA 00 00 00 00 
"
"2016-11-21 14:55:45ID: BC  Data: 00 00 00 AA 00 00 00 00 
"
"2016-11-21 14:55:45ID: BB  Data: 00 00 00 AA 00 00 00 00 
"
"2016-11-21 14:55:45ID: BC  Data: 00 00 00 AA 00 00 00 00 
"
"2016-11-21 14:55:45ID: BB  Data: 00 00 00 AA 00 00 00 00 
"
"2016-11-21 14:55:45ID: BC  Data: 00 00 00 AA 00 00 00 00 
"
"2016-11-21 14:55:45ID: BB  Data: 00 00 00 AA 00 00 00 00 
"
"2016-11-21 14:55:45ID: BC  Data: 00 00 00 AA 00 00 00 00 
"
"2016-11-21 14:55:45ID: BB  Data: 00 00 00 AA 00 00 00 00 
"
"2016-11-21 14:55:45ID: BC  Data: 00 00 00 AA 00 00 00 00 
"
"2016-11-21 14:55:45ID: BB  Data: 00 00 00 AA 00 00 00 00 
"
"2016-11-21 14:55:45ID: BC  Data: 00 00 00 AA 00 00 00 00 
"
"2016-11-21 14:55:46ID: BB  Data: 00 00 00 AA 00 00 00 00 
"
"2016-11-21 14:55:46ID: BC  Data: 00 00 00 AA 00 00 00 00 
"
"2016-11-21 14:55:46ID: BB  Data: 00 00 00 AA 00 00 00 00 
"
"2016-11-21 14:55:46ID: BC  Data: 00 00 00 AA 00 00 00 00 
"
"2016-11-21 14:55:46ID: BB  Data: 00 00 00 AA 00 00 00 00 
"
"2016-11-21 14:55:46ID: BC  Data: 00 00 00 AA 00 00 00 00 
"
"2016-11-21 14:55:46ID: BB  Data: 00 00 00 AA 00 00 00 00 
"
"2016-11-21 14:55:46ID: BC  Data: 00 00 00 AA 00 00 00 00 
"
"2016-11-21 14:55:46ID: BB  Data: 00 00 00 AA 00 00 00 00 
"
"2016-11-21 14:55:46ID: BC  Data: 00 00 00 AA 00 00 00 00 
"
"2016-11-21 14:55:46ID: BB  Data: 00 00 00 AA 00 00 00 00 
"
"2016-11-21 14:55:46ID: BC  Data: 00 00 00 AA 00 00 00 00 
"
"2016-11-21 14:55:46ID: BB  Data: 00 00 00 AA 00 00 00 00 
"
"2016-11-21 14:55:46ID: BC  Data: 00 00 00 AA 00 00 00 00 
"
"2016-11-21 14:55:46ID: BB  Data: 00 00 00 AA 00 00 00 00 
"
"2016-11-21 14:55:46ID: BC  Data: 00 00 00 AA 00 00 00 00 
"
"2016-11-21 14:55:46ID: BB  Data: 00 00 00 AA 00 00 00 00 
"
"2016-11-21 14:55:46ID: BC  Data: 00 00 00 AA 00 00 00 00 
"
"2016-11-21 14:55:46ID: BB  Data: 00 00 00 AA 00 00 00 00 
"
"2016-11-21 14:55:46ID: BC  Data: 00 00 00 AA 00 00 00 00 
"
"2016-11-21 14:55:46ID: BB  Data: 00 00 00 AA 00 00 00 00 
"
"2016-11-21 14:55:46ID: BC  Data: 00 00 00 AA 00 00 00 00 
"
"2016-11-21 14:55:46ID: BB  Data: 00 00 00 AA 00 00 00 00 
"
"2016-11-21 14:55:47ID: BC  Data: 00 00 00 AA 00 00 00 00 
"
"2016-11-21 14:55:47ID: BB  Data: 00 00 00 AA 00 00 00 00 
"
"2016-11-21 14:55:47ID: BC  Data: 00 00 00 AA 00 00 00 00 
"
"2016-11-21 14:55:47ID: BB  Data: 00 00 00 AA 00 00 00 00 
"
"2016-11-21 14:55:47ID: BC  Data: 00 00 00 AA 00 00 00 00 
"
"2016-11-21 14:55:47ID: BB  Data: 00 00 00 AA 00 00 00 00 
"
"2016-11-21 14:55:47ID: BC  Data: 00 00 00 AA 00 00 00 00 
"
"2016-11-21 14:55:47ID: BB  Data: 00 00 00 AA 00 00 00 00 
"
"2016-11-21 14:55:47ID: BC  Data: 00 00 00 AA 00 00 00 00 
"
"2016-11-21 14:55:47ID: BB  Data: 00 00 00 AA 00 00 00 00 
"
"2016-11-21 14:55:47ID: BC  Data: 00 00 00 AA 00 00 00 00 
"
"2016-11-21 14:55:47ID: BB  Data: 00 00 00 AA FE 42 89 95 
"
"2016-11-21 14:55:47ID: BC  Data: 00 00 00 AA 01 BD 76 6B 
"
"2016-11-21 14:55:47ID: BB  Data: 00 00 00 AA FB E5 4F 4F 
"
"2016-11-21 14:55:47ID: BC  Data: 00 00 00 AA 04 1A B0 B1 
"
"2016-11-21 14:55:47ID: BB  Data: 00 00 00 AA FA 35 C1 96 
"
"2016-11-21 14:55:47ID: BC  Data: 00 00 00 AA 05 CA 3E 6A 
"
"2016-11-21 14:55:47ID: BB  Data: 00 00 00 AA F8 FB 4D 0C 
"
"2016-11-21 14:55:47ID: BC  Data: 00 00 00 AA 07 04 B2 F4 
"
"2016-11-21 14:55:47ID: BB  Data: 00 00 00 AA F7 EA F2 D3 
"
"2016-11-21 14:55:47ID: BC  Data: 00 00 00 AA 08 15 0D 2D 
"
"2016-11-21 14:55:47ID: BB  Data: 00 00 00 AA F7 B5 01 1C 
"
"2016-11-21 14:55:47ID: BC  Data: 00 00 00 AA 08 4A FE E4 
"
"2016-11-21 14:55:48ID: BB  Data: 00 00 00 AA F7 CB 5F 17 
"
"2016-11-21 14:55:48ID: BC  Data: 00 00 00 AA 08 34 A0 E9 
"
"2016-11-21 14:55:48ID: BB  Data: 00 00 00 AA F7 C0 D8 83 
"
"2016-11-21 14:55:48ID: BC  Data: 00 00 00 AA 08 3F 27 7D 
"
"2016-11-21 14:55:48ID: BB  Data: 00 00 00 AA F8 3F 27 74 
"
"2016-11-21 14:55:48ID: BC  Data: 00 00 00 AA 07 C0 D8 8C 
"
"2016-11-21 14:55:48ID: BB  Data: 00 00 00 AA FD 0D 58 56 
"
"2016-11-21 14:55:48ID: BC  Data: 00 00 00 AA 02 F2 A7 AA 
"
"2016-11-21 14:55:48ID: BB  Data: 00 00 00 AA FE 5F 7B AC 
"
"2016-11-21 14:55:48ID: BC  Data: 00 00 00 AA 01 A0 84 54 
"
"2016-11-21 14:55:48ID: BB  Data: 00 00 00 AA 00 00 00 00 
"
"2016-11-21 14:55:48ID: BC  Data: 00 00 00 AA 00 00 00 00 
"
"2016-11-21 14:55:48ID: BB  Data: 00 00 00 AA 00 00 00 00 
"
"2016-11-21 14:55:48ID: BC  Data: 00 00 00 AA 00 00 00 00 
"
"2016-11-21 14:55:48ID: BB  Data: 00 00 00 AA 00 00 00 00 
"
"2016-11-21 14:55:48ID: BC  Data: 00 00 00 AA 00 00 00 00 
"
"2016-11-21 14:55:48ID: BB  Data: 00 00 00 AA 00 00 00 00 
"
"2016-11-21 14:55:48ID: AA  Data: AA AA 00 00 00 00 00 00 
"
"2016-11-21 14:55:49ID: AA  Data: AA BB 00 00 00 00 00 00 
"
2016-11-21 14:55:51
2016-11-21 14:55:53
2016-11-21 14:55:55
"2016-11-21 14:55:56ID: AA  Data: AA AA 00 00 00 00 00 00 
"
"2016-11-21 14:55:57ID: AA  Data: AA CC 00 00 00 00 00 00 
"
2016-11-21 14:55:59
2016-11-21 14:56:01
2016-11-21 14:56:03
2016-11-21 14:56:05
2016-11-21 14:56:07
"2016-11-21 14:56:07ID: AA  Data: BB CC 00 00 00 00 00 00 
"
"2016-11-21 14:56:07ID: A1  Data: 00 00 AA AA 00 00 00 00 
"
2016-11-21 14:56:09
2016-11-21 14:56:11
2016-11-21 14:56:13
2016-11-21 14:56:15
2016-11-21 14:56:17
2016-11-21 14:56:19
2016-11-21 14:56:21
2016-11-21 14:56:23
2016-11-21 14:56:25
2016-11-21 14:56:27
"2016-11-21 14:56:27ID: A1  Data: 00 00 AA AA 00 00 00 00 
"
"2016-11-21 14:56:27ID: BB  Data: 00 00 00 BB 00 00 00 00 
"
"2016-11-21 14:56:27ID: BC  Data: 00 00 00 BB 00 00 00 00 
"
"2016-11-21 14:56:27ID: BB  Data: 00 00 00 BB 00 00 00 00 
"
"2016-11-21 14:56:27ID: BC  Data: 00 00 00 BB 00 00 00 00 
"
"2016-11-21 14:56:27ID: BB  Data: 00 00 00 BB 00 00 00 00 
"
"2016-11-21 14:56:27ID: BC  Data: 00 00 00 BB 00 00 00 00 
"
"2016-11-21 14:56:27ID: BB  Data: 00 00 00 BB 00 00 00 00 
"
"2016-11-21 14:56:27ID: BC  Data: 00 00 00 BB 00 00 00 00 
"
"2016-11-21 14:56:27ID: BB  Data: 00 00 00 BB 00 00 00 00 
"
"2016-11-21 14:56:27ID: BC  Data: 00 00 00 BB 00 00 00 00 
"
"2016-11-21 14:56:27ID: BB  Data: 00 00 00 BB 00 00 00 00 
"
"2016-11-21 14:56:27ID: BC  Data: 00 00 00 BB 00 00 00 00 
"
"2016-11-21 14:56:28ID: BB  Data: 00 00 00 BB 00 00 00 00 
"
"2016-11-21 14:56:28ID: BC  Data: 00 00 00 BB 00 00 00 00 
"
"2016-11-21 14:56:28ID: BB  Data: 00 00 00 BB 00 00 00 00 
"
"2016-11-21 14:56:28ID: BC  Data: 00 00 00 BB 00 00 00 00 
"
"2016-11-21 14:56:28ID: BB  Data: 00 00 00 BB 00 00 00 00 
"
"2016-11-21 14:56:28ID: BC  Data: 00 00 00 BB 00 00 00 00 
"
"2016-11-21 14:56:28ID: BB  Data: 00 00 00 BB 00 00 00 00 
"
"2016-11-21 14:56:28ID: BC  Data: 00 00 00 BB 00 00 00 00 
"
"2016-11-21 14:56:28ID: BB  Data: 00 00 00 BB 00 00 00 00 
"
"2016-11-21 14:56:28ID: BC  Data: 00 00 00 BB 00 00 00 00 
"
"2016-11-21 14:56:28ID: BB  Data: 00 00 00 BB 00 00 00 00 
"
"2016-11-21 14:56:28ID: BC  Data: 00 00 00 BB 00 00 00 00 
"
"2016-11-21 14:56:28ID: BB  Data: 00 00 00 BB 00 00 00 00 
"
"2016-11-21 14:56:28ID: BC  Data: 00 00 00 BB 00 00 00 00 
"
"2016-11-21 14:56:28ID: BB  Data: 00 00 00 BB 00 00 00 00 
"
"2016-11-21 14:56:28ID: BC  Data: 00 00 00 BB 00 00 00 00 
"
"2016-11-21 14:56:28ID: BB  Data: 00 00 00 BB 00 00 00 00 
"
"2016-11-21 14:56:28ID: BC  Data: 00 00 00 BB 00 00 00 00 
"
"2016-11-21 14:56:28ID: BB  Data: 00 00 00 BB 00 00 00 00 
"
"2016-11-21 14:56:28ID: BC  Data: 00 00 00 BB 00 00 00 00 
"
"2016-11-21 14:56:28ID: BB  Data: 00 00 00 BB 00 00 00 00 
"
"2016-11-21 14:56:28ID: BC  Data: 00 00 00 BB 00 00 00 00 
"
"2016-11-21 14:56:29ID: BB  Data: 00 00 00 BB 00 00 00 00 
"
"2016-11-21 14:56:29ID: BC  Data: 00 00 00 BB 00 00 00 00 
"
"2016-11-21 14:56:29ID: BB  Data: 00 00 00 BB 00 00 00 00 
"
"2016-11-21 14:56:29ID: BC  Data: 00 00 00 BB 00 00 00 00 
"
"2016-11-21 14:56:29ID: BB  Data: 00 00 00 BB 00 00 00 00 
"
"2016-11-21 14:56:29ID: BC  Data: 00 00 00 BB 00 00 00 00 
"
"2016-11-21 14:56:29ID: BB  Data: 00 00 00 BB 00 00 00 00 
"
"2016-11-21 14:56:29ID: BC  Data: 00 00 00 BB 00 00 00 00 
"
"2016-11-21 14:56:29ID: BB  Data: 00 00 00 BB 00 00 00 00 
"
"2016-11-21 14:56:29ID: BC  Data: 00 00 00 BB 00 00 00 00 
"
"2016-11-21 14:56:29ID: BB  Data: 00 00 00 BB 00 00 00 00 
"
"2016-11-21 14:56:29ID: BC  Data: 00 00 00 BB 00 00 00 00 
"
"2016-11-21 14:56:29ID: BB  Data: 00 00 00 BB 00 00 00 00 
"
"2016-11-21 14:56:29ID: BC  Data: 00 00 00 BB 00 00 00 00 
"
"2016-11-21 14:56:29ID: BB  Data: 00 00 00 BB 00 00 00 00 
"
"2016-11-21 14:56:29ID: BC  Data: 00 00 00 BB 00 00 00 00 
"
"2016-11-21 14:56:29ID: BB  Data: 00 00 00 BB 00 00 00 00 
"
"2016-11-21 14:56:29ID: BC  Data: 00 00 00 BB 00 00 00 00 
"
"2016-11-21 14:56:29ID: BB  Data: 00 00 00 BB 00 00 00 00 
"
"2016-11-21 14:56:29ID: BC  Data: 00 00 00 BB 00 00 00 00 
"
"2016-11-21 14:56:29ID: BB  Data: 00 00 00 BB 00 00 00 00 
"
"2016-11-21 14:56:29ID: BC  Data: 00 00 00 BB 00 00 00 00 
"
"2016-11-21 14:56:29ID: BB  Data: 00 00 00 BB 00 00 00 00 
"
"2016-11-21 14:56:29ID: BC  Data: 00 00 00 BB 00 00 00 00 
"
"2016-11-21 14:56:30ID: BB  Data: 00 00 00 BB 00 00 00 00 
"
"2016-11-21 14:56:30ID: BC  Data: 00 00 00 BB 00 00 00 00 
"
"2016-11-21 14:56:30ID: BB  Data: 00 00 00 BB 00 00 00 00 
"
"2016-11-21 14:56:30ID: BC  Data: 00 00 00 BB 00 00 00 00 
"
"2016-11-21 14:56:30ID: BB  Data: 00 00 00 BB 00 00 00 00 
"
"2016-11-21 14:56:30ID: BC  Data: 00 00 00 BB 00 00 00 00 
"
"2016-11-21 14:56:30ID: BB  Data: 00 00 00 BB 00 00 00 00 
"
"2016-11-21 14:56:30ID: BC  Data: 00 00 00 BB 00 00 00 00 
"
"2016-11-21 14:56:30ID: BB  Data: 00 00 00 BB 00 00 00 00 
"
"2016-11-21 14:56:30ID: BC  Data: 00 00 00 BB 00 00 00 00 
"
"2016-11-21 14:56:30ID: BB  Data: 00 00 00 BB 00 00 00 00 
"
"2016-11-21 14:56:30ID: BC  Data: 00 00 00 BB 00 00 00 00 
"
"2016-11-21 14:56:30ID: BB  Data: 00 00 00 BB 00 00 00 00 
"
"2016-11-21 14:56:30ID: BC  Data: 00 00 00 BB 00 00 00 00 
"
"2016-11-21 14:56:30ID: BB  Data: 00 00 00 BB 00 00 00 00 
"
"2016-11-21 14:56:30ID: BC  Data: 00 00 00 BB 00 00 00 00 
"
"2016-11-21 14:56:30ID: BB  Data: 00 00 00 BB 00 00 00 00 
"
"2016-11-21 14:56:30ID: BC  Data: 00 00 00 BB 00 00 00 00 
"
"2016-11-21 14:56:30ID: BB  Data: 00 00 00 BB 00 00 00 00 
"
"2016-11-21 14:56:30ID: BC  Data: 00 00 00 BB 00 00 00 00 
"
"2016-11-21 14:56:30ID: BB  Data: 00 00 00 BB 00 00 00 00 
"
"2016-11-21 14:56:30ID: BC  Data: 00 00 00 BB 00 00 00 00 
"
"2016-11-21 14:56:31ID: BB  Data: 00 00 00 BB 00 00 00 00 
"
"2016-11-21 14:56:31ID: BC  Data: 00 00 00 BB 00 00 00 00 
"
"2016-11-21 14:56:31ID: BB  Data: 00 00 00 BB 00 00 00 00 
"
"2016-11-21 14:56:31ID: BC  Data: 00 00 00 BB 00 00 00 00 
"
"2016-11-21 14:56:31ID: BB  Data: 00 00 00 BB 00 00 00 00 
"
"2016-11-21 14:56:31ID: BC  Data: 00 00 00 BB 00 00 00 00 
"
"2016-11-21 14:56:31ID: BB  Data: 00 00 00 BB 00 00 00 00 
"
"2016-11-21 14:56:31ID: BC  Data: 00 00 00 BB 00 00 00 00 
"
"2016-11-21 14:56:31ID: BB  Data: 00 00 00 BB 00 00 00 00 
"
"2016-11-21 14:56:31ID: BC  Data: 00 00 00 BB 00 00 00 00 
"
"2016-11-21 14:56:31ID: BB  Data: 00 00 00 BB 00 00 00 00 
"
"2016-11-21 14:56:31ID: BC  Data: 00 00 00 BB 00 00 00 00 
"
"2016-11-21 14:56:31ID: BB  Data: 00 00 00 BB 00 00 00 00 
"
"2016-11-21 14:56:31ID: BC  Data: 00 00 00 BB 00 00 00 00 
"
"2016-11-21 14:56:31ID: BB  Data: 00 00 00 BB 00 00 00 00 
"
"2016-11-21 14:56:31ID: BC  Data: 00 00 00 BB 00 00 00 00 
"
"2016-11-21 14:56:31ID: BB  Data: 00 00 00 BB 00 00 00 00 
"
"2016-11-21 14:56:31ID: BC  Data: 00 00 00 BB 00 00 00 00 
"
"2016-11-21 14:56:31ID: BB  Data: 00 00 00 BB 00 00 00 00 
"
"2016-11-21 14:56:31ID: BC  Data: 00 00 00 BB 00 00 00 00 
"
"2016-11-21 14:56:31ID: BB  Data: 00 00 00 BB 00 00 00 00 
"
"2016-11-21 14:56:31ID: BC  Data: 00 00 00 BB 00 00 00 00 
"
"2016-11-21 14:56:32ID: BB  Data: 00 00 00 BB 00 00 00 00 
"
"2016-11-21 14:56:32ID: BC  Data: 00 00 00 BB 00 00 00 00 
"
"2016-11-21 14:56:32ID: BB  Data: 00 00 00 BB 00 00 00 00 
"
"2016-11-21 14:56:32ID: BC  Data: 00 00 00 BB 00 00 00 00 
"
"2016-11-21 14:56:32ID: BB  Data: 00 00 00 BB 00 00 00 00 
"
"2016-11-21 14:56:32ID: BC  Data: 00 00 00 BB 00 00 00 00 
"
"2016-11-21 14:56:32ID: BB  Data: 00 00 00 BB 00 00 00 00 
"
"2016-11-21 14:56:32ID: BC  Data: 00 00 00 BB 00 00 00 00 
"
"2016-11-21 14:56:32ID: BB  Data: 00 00 00 BB 00 00 00 00 
"
"2016-11-21 14:56:32ID: BC  Data: 00 00 00 BB 00 00 00 00 
"
"2016-11-21 14:56:32ID: BB  Data: 00 00 00 BB 00 00 00 00 
"
"2016-11-21 14:56:32ID: BC  Data: 00 00 00 BB 00 00 00 00 
"
"2016-11-21 14:56:32ID: BB  Data: 00 00 00 BB 00 00 00 00 
"
"2016-11-21 14:56:32ID: BC  Data: 00 00 00 BB 00 00 00 00 
"
"2016-11-21 14:56:32ID: BB  Data: 00 00 00 BB 00 00 00 00 
"
"2016-11-21 14:56:32ID: BC  Data: 00 00 00 BB 00 00 00 00 
"
"2016-11-21 14:56:32ID: BB  Data: 00 00 00 BB 00 00 00 00 
"
"2016-11-21 14:56:32ID: BC  Data: 00 00 00 BB 00 00 00 00 
"
"2016-11-21 14:56:32ID: BB  Data: 00 00 00 BB 00 00 00 00 
"
"2016-11-21 14:56:32ID: BC  Data: 00 00 00 BB 00 00 00 00 
"
"2016-11-21 14:56:32ID: BB  Data: 00 00 00 BB 00 00 00 00 
"
"2016-11-21 14:56:32ID: BC  Data: 00 00 00 BB 00 00 00 00 
"
"2016-11-21 14:56:32ID: BB  Data: 00 00 00 BB 00 00 00 00 
"
"2016-11-21 14:56:32ID: BC  Data: 00 00 00 BB 00 00 00 00 
"
"2016-11-21 14:56:33ID: BB  Data: 00 00 00 BB 00 00 00 00 
"
"2016-11-21 14:56:33ID: BC  Data: 00 00 00 BB 00 00 00 00 
"
"2016-11-21 14:56:33ID: BB  Data: 00 00 00 BB 00 00 00 00 
"
"2016-11-21 14:56:33ID: BC  Data: 00 00 00 BB 00 00 00 00 
"
"2016-11-21 14:56:33ID: BB  Data: 00 00 00 BB 00 00 00 00 
"
"2016-11-21 14:56:33ID: BC  Data: 00 00 00 BB 00 00 00 00 
"
"2016-11-21 14:56:33ID: BB  Data: 00 00 00 BB 00 00 00 00 
"
"2016-11-21 14:56:33ID: BC  Data: 00 00 00 BB 00 00 00 00 
"
"2016-11-21 14:56:33ID: BB  Data: 00 00 00 BB 00 00 00 00 
"
"2016-11-21 14:56:33ID: BC  Data: 00 00 00 BB 00 00 00 00 
"
"2016-11-21 14:56:33ID: BB  Data: 00 00 00 BB 00 00 00 00 
"
"2016-11-21 14:56:33ID: BC  Data: 00 00 00 BB 00 00 00 00 
"
"2016-11-21 14:56:33ID: BB  Data: 00 00 00 BB 00 00 00 00 
"
"2016-11-21 14:56:33ID: BC  Data: 00 00 00 BB 00 00 00 00 
"
"2016-11-21 14:56:33ID: BB  Data: 00 00 00 BB 00 00 00 00 
"
"2016-11-21 14:56:33ID: BC  Data: 00 00 00 BB 00 00 00 00 
"
"2016-11-21 14:56:33ID: BB  Data: 00 00 00 BB 00 00 00 00 
"
"2016-11-21 14:56:33ID: BC  Data: 00 00 00 BB 00 00 00 00 
"
"2016-11-21 14:56:33ID: BB  Data: 00 00 00 BB 00 00 00 00 
"
"2016-11-21 14:56:33ID: BC  Data: 00 00 00 BB 00 00 00 00 
"
"2016-11-21 14:56:33ID: BB  Data: 00 00 00 BB 00 00 00 00 
"
"2016-11-21 14:56:33ID: BC  Data: 00 00 00 BB 00 00 00 00 
"
"2016-11-21 14:56:34ID: BB  Data: 00 00 00 BB 00 00 00 00 
"
"2016-11-21 14:56:34ID: BC  Data: 00 00 00 BB 00 00 00 00 
"
"2016-11-21 14:56:34ID: BB  Data: 00 00 00 BB 00 00 00 00 
"
"2016-11-21 14:56:34ID: BC  Data: 00 00 00 BB 00 00 00 00 
"
"2016-11-21 14:56:34ID: BB  Data: 00 00 00 BB 00 00 00 00 
"
"2016-11-21 14:56:34ID: BC  Data: 00 00 00 BB 00 00 00 00 
"
"2016-11-21 14:56:34ID: BB  Data: 00 00 00 BB 00 00 00 00 
"
"2016-11-21 14:56:34ID: BC  Data: 00 00 00 BB 00 00 00 00 
"
"2016-11-21 14:56:34ID: BB  Data: 00 00 00 BB 00 00 00 00 
"
"2016-11-21 14:56:34ID: BC  Data: 00 00 00 BB 00 00 00 00 
"
"2016-11-21 14:56:34ID: BB  Data: 00 00 00 BB 00 00 00 00 
"
"2016-11-21 14:56:34ID: BC  Data: 00 00 00 BB 00 00 00 00 
"
"2016-11-21 14:56:34ID: AA  Data: AA AA 00 00 00 00 00 00 
"
"2016-11-21 14:56:34ID: BB  Data: 00 00 00 AA 00 00 00 00 
"
"2016-11-21 14:56:34ID: BC  Data: 00 00 00 AA 00 00 00 00 
"
"2016-11-21 14:56:34ID: BB  Data: 00 00 00 AA 00 00 00 00 
"
"2016-11-21 14:56:34ID: BC  Data: 00 00 00 AA 00 00 00 00 
"
"2016-11-21 14:56:34ID: BB  Data: 00 00 00 AA 00 00 00 00 
"
"2016-11-21 14:56:34ID: BC  Data: 00 00 00 AA 00 00 00 00 
"
"2016-11-21 14:56:34ID: BB  Data: 00 00 00 AA 00 00 00 00 
"
"2016-11-21 14:56:34ID: BC  Data: 00 00 00 AA 00 00 00 00 
"
"2016-11-21 14:56:34ID: BB  Data: 00 00 00 AA 00 00 00 00 
"
"2016-11-21 14:56:34ID: BC  Data: 00 00 00 AA 00 00 00 00 
"
"2016-11-21 14:56:35ID: BB  Data: 00 00 00 AA 00 00 00 00 
"
"2016-11-21 14:56:35ID: BC  Data: 00 00 00 AA 00 00 00 00 
"
"2016-11-21 14:56:35ID: BB  Data: 00 00 00 AA 00 00 00 00 
"
"2016-11-21 14:56:35ID: BC  Data: 00 00 00 AA 00 00 00 00 
"
"2016-11-21 14:56:35ID: BB  Data: 00 00 00 AA 00 00 00 00 
"
"2016-11-21 14:56:35ID: BC  Data: 00 00 00 AA 00 00 00 00 
"
"2016-11-21 14:56:35ID: BB  Data: 00 00 00 AA 00 00 00 00 
"
"2016-11-21 14:56:35ID: BC  Data: 00 00 00 AA 00 00 00 00 
"
"2016-11-21 14:56:35ID: BB  Data: 00 00 00 AA 00 00 00 00 
"
"2016-11-21 14:56:35ID: BC  Data: 00 00 00 AA 00 00 00 00 
"
"2016-11-21 14:56:35ID: BB  Data: 00 00 00 AA 00 00 00 00 
"
"2016-11-21 14:56:35ID: BC  Data: 00 00 00 AA 00 00 00 00 
"
"2016-11-21 14:56:35ID: BB  Data: 00 00 00 AA 00 00 00 00 
"
"2016-11-21 14:56:35ID: BC  Data: 00 00 00 AA 00 00 00 00 
"
"2016-11-21 14:56:35ID: BB  Data: 00 00 00 AA 00 00 00 00 
"
"2016-11-21 14:56:35ID: BC  Data: 00 00 00 AA 00 00 00 00 
"
"2016-11-21 14:56:35ID: BB  Data: 00 00 00 AA 00 00 00 00 
"
"2016-11-21 14:56:35ID: BC  Data: 00 00 00 AA 00 00 00 00 
"
"2016-11-21 14:56:35ID: BB  Data: 00 00 00 AA 00 00 00 00 
"
"2016-11-21 14:56:35ID: BC  Data: 00 00 00 AA 00 00 00 00 
"
"2016-11-21 14:56:35ID: BB  Data: 00 00 00 AA 00 00 00 00 
"
"2016-11-21 14:56:35ID: BC  Data: 00 00 00 AA 00 00 00 00 
"
"2016-11-21 14:56:35ID: BB  Data: 00 00 00 AA 00 00 00 00 
"
"2016-11-21 14:56:35ID: BC  Data: 00 00 00 AA 00 00 00 00 
"
"2016-11-21 14:56:36ID: BB  Data: 00 00 00 AA 00 00 00 00 
"
"2016-11-21 14:56:36ID: BC  Data: 00 00 00 AA 00 00 00 00 
"
"2016-11-21 14:56:36ID: BB  Data: 00 00 00 AA 00 00 00 00 
"
"2016-11-21 14:56:36ID: BC  Data: 00 00 00 AA 00 00 00 00 
"
"2016-11-21 14:56:36ID: BB  Data: 00 00 00 AA 00 00 00 00 
"
"2016-11-21 14:56:36ID: BC  Data: 00 00 00 AA 00 00 00 00 
"
"2016-11-21 14:56:36ID: BB  Data: 00 00 00 AA 00 00 00 00 
"
"2016-11-21 14:56:36ID: BC  Data: 00 00 00 AA 00 00 00 00 
"
"2016-11-21 14:56:36ID: BB  Data: 00 00 00 AA 00 00 00 00 
"
"2016-11-21 14:56:36ID: BC  Data: 00 00 00 AA 00 00 00 00 
"
"2016-11-21 14:56:36ID: BB  Data: 00 00 00 AA 00 00 00 00 
"
"2016-11-21 14:56:36ID: BC  Data: 00 00 00 AA 00 00 00 00 
"
"2016-11-21 14:56:36ID: BB  Data: 00 00 00 AA 00 00 00 00 
"
"2016-11-21 14:56:36ID: BC  Data: 00 00 00 AA 00 00 00 00 
"
"2016-11-21 14:56:36ID: BB  Data: 00 00 00 AA 00 00 00 00 
"
"2016-11-21 14:56:36ID: BC  Data: 00 00 00 AA 00 00 00 00 
"
"2016-11-21 14:56:36ID: BB  Data: 00 00 00 AA 00 00 00 00 
"
"2016-11-21 14:56:36ID: BC  Data: 00 00 00 AA 00 00 00 00 
"
"2016-11-21 14:56:36ID: BB  Data: 00 00 00 AA 00 00 00 00 
"
"2016-11-21 14:56:36ID: BC  Data: 00 00 00 AA 00 00 00 00 
"
"2016-11-21 14:56:36ID: BB  Data: 00 00 00 AA 00 00 00 00 
"
"2016-11-21 14:56:36ID: BC  Data: 00 00 00 AA 00 00 00 00 
"
"2016-11-21 14:56:37ID: BB  Data: 00 00 00 AA 00 00 00 00 
"
"2016-11-21 14:56:37ID: BC  Data: 00 00 00 AA 00 00 00 00 
"
"2016-11-21 14:56:37ID: BB  Data: 00 00 00 AA 00 00 00 00 
"
"2016-11-21 14:56:37ID: BC  Data: 00 00 00 AA 00 00 00 00 
"
"2016-11-21 14:56:37ID: BB  Data: 00 00 00 AA 00 00 00 00 
"
"2016-11-21 14:56:37ID: BC  Data: 00 00 00 AA 00 00 00 00 
"
"2016-11-21 14:56:37ID: BB  Data: 00 00 00 AA 00 00 00 00 
"
"2016-11-21 14:56:37ID: BC  Data: 00 00 00 AA 00 00 00 00 
"
"2016-11-21 14:56:37ID: BB  Data: 00 00 00 AA 00 00 00 00 
"
"2016-11-21 14:56:37ID: BC  Data: 00 00 00 AA 00 00 00 00 
"
"2016-11-21 14:56:37ID: BB  Data: 00 00 00 AA 00 00 00 00 
"
"2016-11-21 14:56:37ID: BC  Data: 00 00 00 AA 00 00 00 00 
"
"2016-11-21 14:56:37ID: BB  Data: 00 00 00 AA 00 00 00 00 
"
"2016-11-21 14:56:37ID: BC  Data: 00 00 00 AA 00 00 00 00 
"
"2016-11-21 14:56:37ID: BB  Data: 00 00 00 AA 00 00 00 00 
"
"2016-11-21 14:56:37ID: BC  Data: 00 00 00 AA 00 00 00 00 
"
"2016-11-21 14:56:37ID: BB  Data: 00 00 00 AA 00 00 00 00 
"
"2016-11-21 14:56:37ID: BC  Data: 00 00 00 AA 00 00 00 00 
"
"2016-11-21 14:56:37ID: BB  Data: 00 00 00 AA 00 00 00 00 
"
"2016-11-21 14:56:37ID: BC  Data: 00 00 00 AA 00 00 00 00 
"
"2016-11-21 14:56:37ID: BB  Data: 00 00 00 AA 00 00 00 00 
"
"2016-11-21 14:56:37ID: BC  Data: 00 00 00 AA 00 00 00 00 
"
"2016-11-21 14:56:37ID: BB  Data: 00 00 00 AA 00 00 00 00 
"
"2016-11-21 14:56:38ID: BC  Data: 00 00 00 AA 00 00 00 00 
"
"2016-11-21 14:56:38ID: BB  Data: 00 00 00 AA 00 00 00 00 
"
"2016-11-21 14:56:38ID: BC  Data: 00 00 00 AA 00 00 00 00 
"
"2016-11-21 14:56:38ID: BB  Data: 00 00 00 AA 00 00 00 00 
"
"2016-11-21 14:56:38ID: BC  Data: 00 00 00 AA 00 00 00 00 
"
"2016-11-21 14:56:38ID: BB  Data: 00 00 00 AA 00 00 00 00 
"
"2016-11-21 14:56:38ID: BC  Data: 00 00 00 AA 00 00 00 00 
"
"2016-11-21 14:56:38ID: BB  Data: 00 00 00 AA 00 00 00 00 
"
"2016-11-21 14:56:38ID: BC  Data: 00 00 00 AA 00 00 00 00 
"
"2016-11-21 14:56:38ID: BB  Data: 00 00 00 AA 00 00 00 00 
"
"2016-11-21 14:56:38ID: BC  Data: 00 00 00 AA 00 00 00 00 
"
"2016-11-21 14:56:38ID: BB  Data: 00 00 00 AA 00 00 00 00 
"
"2016-11-21 14:56:38ID: BC  Data: 00 00 00 AA 00 00 00 00 
"
"2016-11-21 14:56:38ID: BB  Data: 00 00 00 AA 00 00 00 00 
"
"2016-11-21 14:56:38ID: BC  Data: 00 00 00 AA 00 00 00 00 
"
"2016-11-21 14:56:38ID: AA  Data: AA CC 00 00 00 00 00 00 
"
"2016-11-21 14:56:38ID: BB  Data: 00 00 00 AA 00 00 00 00 
"
"2016-11-21 14:56:38ID: BC  Data: 00 00 00 AA 00 00 00 00 
"
"2016-11-21 14:56:38ID: BB  Data: 00 00 00 AA 00 00 00 00 
"
"2016-11-21 14:56:38ID: BC  Data: 00 00 00 AA 00 00 00 00 
"
"2016-11-21 14:56:38ID: BB  Data: 00 00 00 AA 00 00 00 00 
"
"2016-11-21 14:56:38ID: BC  Data: 00 00 00 AA 00 00 00 00 
"
"2016-11-21 14:56:38ID: BB  Data: 00 00 00 AA 00 00 00 00 
"
"2016-11-21 14:56:38ID: BC  Data: 00 00 00 AA 00 00 00 00 
"
"2016-11-21 14:56:39ID: BB  Data: 00 00 00 AA 00 00 00 00 
"
"2016-11-21 14:56:39ID: BC  Data: 00 00 00 AA 00 00 00 00 
"
"2016-11-21 14:56:39ID: BB  Data: 00 00 00 AA 00 00 00 00 
"
"2016-11-21 14:56:39ID: BC  Data: 00 00 00 AA 00 00 00 00 
"
"2016-11-21 14:56:39ID: BB  Data: 00 00 00 AA 00 00 00 00 
"
"2016-11-21 14:56:39ID: BC  Data: 00 00 00 AA 00 00 00 00 
"
"2016-11-21 14:56:39ID: BB  Data: 00 00 00 AA 00 00 00 00 
"
"2016-11-21 14:56:39ID: BC  Data: 00 00 00 AA 00 00 00 00 
"
"2016-11-21 14:56:39ID: BB  Data: 00 00 00 AA 00 00 00 00 
"
"2016-11-21 14:56:39ID: BC  Data: 00 00 00 AA 00 00 00 00 
"
"2016-11-21 14:56:39ID: BB  Data: 00 00 00 AA 00 00 00 00 
"
"2016-11-21 14:56:39ID: BC  Data: 00 00 00 AA 00 00 00 00 
"
"2016-11-21 14:56:39ID: BB  Data: 00 00 00 AA 00 00 00 00 
"
"2016-11-21 14:56:39ID: BC  Data: 00 00 00 AA 00 00 00 00 
"
"2016-11-21 14:56:39ID: BB  Data: 00 00 00 AA 00 00 00 00 
"
"2016-11-21 14:56:39ID: BC  Data: 00 00 00 AA 00 00 00 00 
"
"2016-11-21 14:56:39ID: BB  Data: 00 00 00 AA 00 00 00 00 
"
"2016-11-21 14:56:39ID: BC  Data: 00 00 00 AA 00 00 00 00 
"
"2016-11-21 14:56:39ID: BB  Data: 00 00 00 AA 00 00 00 00 
"
"2016-11-21 14:56:39ID: BC  Data: 00 00 00 AA 00 00 00 00 
"
"2016-11-21 14:56:39ID: BB  Data: 00 00 00 AA 00 00 00 00 
"
"2016-11-21 14:56:39ID: BC  Data: 00 00 00 AA 00 00 00 00 
"
"2016-11-21 14:56:40ID: BB  Data: 00 00 00 AA 00 00 00 00 
"
"2016-11-21 14:56:40ID: BC  Data: 00 00 00 AA 00 00 00 00 
"
"2016-11-21 14:56:40ID: BB  Data: 00 00 00 AA 00 00 00 00 
"
"2016-11-21 14:56:40ID: BC  Data: 00 00 00 AA 00 00 00 00 
"
"2016-11-21 14:56:40ID: BB  Data: 00 00 00 AA 00 00 00 00 
"
"2016-11-21 14:56:40ID: BC  Data: 00 00 00 AA 00 00 00 00 
"
"2016-11-21 14:56:40ID: BB  Data: 00 00 00 AA 00 00 00 00 
"
"2016-11-21 14:56:40ID: BC  Data: 00 00 00 AA 00 00 00 00 
"
"2016-11-21 14:56:40ID: BB  Data: 00 00 00 AA 00 00 00 00 
"
"2016-11-21 14:56:40ID: BC  Data: 00 00 00 AA 00 00 00 00 
"
"2016-11-21 14:56:40ID: BB  Data: 00 00 00 AA FD A0 B4 6F 
"
"2016-11-21 14:56:40ID: BC  Data: 00 00 00 AA 02 5F 4B 91 
"
"2016-11-21 14:56:40ID: BB  Data: 00 00 00 AA FB DD 6A 60 
"
"2016-11-21 14:56:40ID: BC  Data: 00 00 00 AA 04 22 95 A0 
"
"2016-11-21 14:56:40ID: BB  Data: 00 00 00 AA FA FC 6D C2 
"
"2016-11-21 14:56:40ID: BC  Data: 00 00 00 AA 05 03 92 3E 
"
"2016-11-21 14:56:40ID: BB  Data: 00 00 00 AA F9 E8 21 11 
"
"2016-11-21 14:56:40ID: BC  Data: 00 00 00 AA 06 17 DE EF 
"
"2016-11-21 14:56:40ID: BB  Data: 00 00 00 AA F8 67 F0 F2 
"
"2016-11-21 14:56:40ID: BC  Data: 00 00 00 AA 07 98 0F 0E 
"
"2016-11-21 14:56:40ID: BB  Data: 00 00 00 AA F6 FC CD FC 
"
"2016-11-21 14:56:40ID: BC  Data: 00 00 00 AA 09 03 32 04 
"
"2016-11-21 14:56:40ID: BB  Data: 00 00 00 AA F6 EB B3 4B 
"
"2016-11-21 14:56:40ID: BC  Data: 00 00 00 AA 09 14 4C B5 
"
"2016-11-21 14:56:41ID: BB  Data: 00 00 00 AA F6 F3 98 3A 
"
"2016-11-21 14:56:41ID: BC  Data: 00 00 00 AA 09 0C 67 C6 
"
"2016-11-21 14:56:41ID: BB  Data: 00 00 00 AA F7 3E 97 1A 
"
"2016-11-21 14:56:41ID: BC  Data: 00 00 00 AA 08 C1 68 E6 
"
"2016-11-21 14:56:41ID: BB  Data: 00 00 00 AA FA 95 CD 9E 
"
"2016-11-21 14:56:41ID: BC  Data: 00 00 00 AA 05 6A 32 62 
"
"2016-11-21 14:56:41ID: BB  Data: 00 00 00 AA FD 5E EB 52 
"
"2016-11-21 14:56:41ID: BC  Data: 00 00 00 AA 02 A1 14 AE 
"
"2016-11-21 14:56:41ID: BB  Data: 00 00 00 AA FE 2A DA C8 
"
"2016-11-21 14:56:41ID: BC  Data: 00 00 00 AA 01 D5 25 38 
"
"2016-11-21 14:56:41ID: BB  Data: 00 00 00 AA 00 00 00 00 
"
"2016-11-21 14:56:41ID: BC  Data: 00 00 00 AA 00 00 00 00 
"
"2016-11-21 14:56:41ID: BB  Data: 00 00 00 AA 00 00 00 00 
"
"2016-11-21 14:56:41ID: BC  Data: 00 00 00 AA 00 00 00 00 
"
"2016-11-21 14:56:41ID: BB  Data: 00 00 00 AA 00 00 00 00 
"
"2016-11-21 14:56:41ID: BC  Data: 00 00 00 AA 00 00 00 00 
"
"2016-11-21 14:56:41ID: BB  Data: 00 00 00 AA 00 00 00 00 
"
"2016-11-21 14:56:41ID: BC  Data: 00 00 00 AA 00 00 00 00 
"
"2016-11-21 14:56:41ID: BB  Data: 00 00 00 AA 00 00 00 00 
"
"2016-11-21 14:56:41ID: BC  Data: 00 00 00 AA 00 00 00 00 
"
"2016-11-21 14:56:41ID: AA  Data: AA AA 00 00 00 00 00 00 
"
"2016-11-21 14:56:41ID: BB  Data: 00 00 00 AA 00 00 00 00 
"
"2016-11-21 14:56:41ID: BC  Data: 00 00 00 AA 00 00 00 00 
"
"2016-11-21 14:56:42ID: BB  Data: 00 00 00 AA 00 00 00 00 
"
"2016-11-21 14:56:42ID: BC  Data: 00 00 00 AA 00 00 00 00 
"
"2016-11-21 14:56:42ID: BB  Data: 00 00 00 AA 00 00 00 00 
"
"2016-11-21 14:56:42ID: BC  Data: 00 00 00 AA 00 00 00 00 
"
"2016-11-21 14:56:42ID: BB  Data: 00 00 00 AA 00 00 00 00 
"
"2016-11-21 14:56:42ID: BC  Data: 00 00 00 AA 00 00 00 00 
"
"2016-11-21 14:56:42ID: AA  Data: AA BB 00 00 00 00 00 00 
"
"2016-11-21 14:56:42ID: BB  Data: 00 00 00 AA 00 00 00 00 
"
"2016-11-21 14:56:42ID: BC  Data: 00 00 00 AA 00 00 00 00 
"
"2016-11-21 14:56:42ID: BB  Data: 00 00 00 AA 00 00 00 00 
"
"2016-11-21 14:56:42ID: BC  Data: 00 00 00 AA 00 00 00 00 
"
"2016-11-21 14:56:42ID: BB  Data: 00 00 00 AA 00 00 00 00 
"
"2016-11-21 14:56:42ID: BC  Data: 00 00 00 AA 00 00 00 00 
"
"2016-11-21 14:56:42ID: BB  Data: 00 00 00 AA 00 00 00 00 
"
"2016-11-21 14:56:42ID: BC  Data: 00 00 00 AA 00 00 00 00 
"
"2016-11-21 14:56:42ID: BB  Data: 00 00 00 AA 00 00 00 00 
"
"2016-11-21 14:56:42ID: BC  Data: 00 00 00 AA 00 00 00 00 
"
"2016-11-21 14:56:42ID: BB  Data: 00 00 00 AA 00 00 00 00 
"
"2016-11-21 14:56:42ID: BC  Data: 00 00 00 AA 00 00 00 00 
"
"2016-11-21 14:56:42ID: BB  Data: 00 00 00 AA 00 00 00 00 
"
"2016-11-21 14:56:42ID: BC  Data: 00 00 00 AA 00 00 00 00 
"
"2016-11-21 14:56:42ID: BB  Data: 00 00 00 AA 00 00 00 00 
"
"2016-11-21 14:56:42ID: BC  Data: 00 00 00 AA 00 00 00 00 
"
"2016-11-21 14:56:43ID: BB  Data: 00 00 00 AA 01 A9 BA 15 
"
"2016-11-21 14:56:43ID: BC  Data: 00 00 00 AA FE 56 45 EB 
"
"2016-11-21 14:56:43ID: BB  Data: 00 00 00 AA 02 D4 64 C1 
"
"2016-11-21 14:56:43ID: BC  Data: 00 00 00 AA FD 2B 9B 3F 
"
"2016-11-21 14:56:43ID: BB  Data: 00 00 00 AA 04 A8 C9 80 
"
"2016-11-21 14:56:43ID: BC  Data: 00 00 00 AA FB 57 36 80 
"
"2016-11-21 14:56:43ID: BB  Data: 00 00 00 AA 06 48 8D 5C 
"
"2016-11-21 14:56:43ID: BC  Data: 00 00 00 AA F9 B7 72 A4 
"
"2016-11-21 14:56:43ID: BB  Data: 00 00 00 AA 06 82 71 8A 
"
"2016-11-21 14:56:43ID: BC  Data: 00 00 00 AA F9 7D 8E 76 
"
"2016-11-21 14:56:43ID: BB  Data: 00 00 00 AA 06 B4 70 CA 
"
"2016-11-21 14:56:43ID: BC  Data: 00 00 00 AA F9 4B 8F 36 
"
"2016-11-21 14:56:43ID: BB  Data: 00 00 00 AA 06 D4 04 87 
"
"2016-11-21 14:56:43ID: BC  Data: 00 00 00 AA F9 2B FB 79 
"
"2016-11-21 14:56:43ID: BB  Data: 00 00 00 AA 06 97 7E B3 
"
"2016-11-21 14:56:43ID: BC  Data: 00 00 00 AA F9 68 81 4D 
"
"2016-11-21 14:56:43ID: BB  Data: 00 00 00 AA 06 92 3B 69 
"
"2016-11-21 14:56:43ID: BC  Data: 00 00 00 AA F9 6D C4 97 
"
"2016-11-21 14:56:43ID: BB  Data: 00 00 00 AA 06 93 8C 3B 
"
"2016-11-21 14:56:43ID: BC  Data: 00 00 00 AA F9 6C 73 C5 
"
"2016-11-21 14:56:43ID: BB  Data: 00 00 00 AA 06 94 DD 0E 
"
"2016-11-21 14:56:43ID: BC  Data: 00 00 00 AA F9 6B 22 F2 
"
"2016-11-21 14:56:43ID: BB  Data: 00 00 00 AA 06 92 3B 69 
"
"2016-11-21 14:56:43ID: BC  Data: 00 00 00 AA F9 6D C4 97 
"
"2016-11-21 14:56:44ID: BB  Data: 00 00 00 AA 06 8C F8 1F 
"
"2016-11-21 14:56:44ID: BC  Data: 00 00 00 AA F9 73 07 E1 
"
"2016-11-21 14:56:44ID: BB  Data: 00 00 00 AA 06 8B A7 4C 
"
"2016-11-21 14:56:44ID: BC  Data: 00 00 00 AA F9 74 58 B4 
"
"2016-11-21 14:56:44ID: BB  Data: 00 00 00 AA 06 8B A7 4C 
"
"2016-11-21 14:56:44ID: BC  Data: 00 00 00 AA F9 74 58 B4 
"
"2016-11-21 14:56:44ID: BB  Data: 00 00 00 AA 06 8A 56 7A 
"
"2016-11-21 14:56:44ID: BC  Data: 00 00 00 AA F9 75 A9 86 
"
"2016-11-21 14:56:44ID: BB  Data: 00 00 00 AA 06 85 13 30 
"
"2016-11-21 14:56:44ID: BC  Data: 00 00 00 AA F9 7A EC D0 
"
"2016-11-21 14:56:44ID: BB  Data: 00 00 00 AA 06 81 20 B8 
"
"2016-11-21 14:56:44ID: BC  Data: 00 00 00 AA F9 7E DF 48 
"
"2016-11-21 14:56:44ID: BB  Data: 00 00 00 AA 06 7F CF E5 
"
"2016-11-21 14:56:44ID: BC  Data: 00 00 00 AA F9 80 30 1B 
"
"2016-11-21 14:56:44ID: BB  Data: 00 00 00 AA 06 7E 7F 13 
"
"2016-11-21 14:56:44ID: BC  Data: 00 00 00 AA F9 81 80 ED 
"
"2016-11-21 14:56:44ID: BB  Data: 00 00 00 AA 06 7B DD 6E 
"
"2016-11-21 14:56:44ID: BC  Data: 00 00 00 AA F9 84 22 92 
"
"2016-11-21 14:56:44ID: BB  Data: 00 00 00 AA 06 79 3B C9 
"
"2016-11-21 14:56:44ID: BC  Data: 00 00 00 AA F9 86 C4 37 
"
"2016-11-21 14:56:44ID: BB  Data: 00 00 00 AA 06 73 F8 7F 
"
"2016-11-21 14:56:44ID: BC  Data: 00 00 00 AA F9 8C 07 81 
"
"2016-11-21 14:56:45ID: BB  Data: 00 00 00 AA 06 76 9A 24 
"
"2016-11-21 14:56:45ID: BC  Data: 00 00 00 AA F9 89 65 DC 
"
"2016-11-21 14:56:45ID: BB  Data: 00 00 00 AA 06 79 3B C9 
"
"2016-11-21 14:56:45ID: BC  Data: 00 00 00 AA F9 86 C4 37 
"
"2016-11-21 14:56:45ID: BB  Data: 00 00 00 AA 06 82 71 8A 
"
"2016-11-21 14:56:45ID: BC  Data: 00 00 00 AA F9 7D 8E 76 
"
"2016-11-21 14:56:45ID: BB  Data: 00 00 00 AA 06 8F 99 C4 
"
"2016-11-21 14:56:45ID: BC  Data: 00 00 00 AA F9 70 66 3C 
"
"2016-11-21 14:56:45ID: BB  Data: 00 00 00 AA 06 8E 48 F1 
"
"2016-11-21 14:56:45ID: BC  Data: 00 00 00 AA F9 71 B7 0F 
"
"2016-11-21 14:56:45ID: BB  Data: 00 00 00 AA 06 8E 48 F1 
"
"2016-11-21 14:56:45ID: BC  Data: 00 00 00 AA F9 71 B7 0F 
"
"2016-11-21 14:56:45ID: BB  Data: 00 00 00 AA 06 8B A7 4C 
"
"2016-11-21 14:56:45ID: BC  Data: 00 00 00 AA F9 74 58 B4 
"
"2016-11-21 14:56:45ID: BB  Data: 00 00 00 AA 06 8A 56 7A 
"
"2016-11-21 14:56:45ID: BC  Data: 00 00 00 AA F9 75 A9 86 
"
"2016-11-21 14:56:45ID: BB  Data: 00 00 00 AA 06 89 05 A7 
"
"2016-11-21 14:56:45ID: BC  Data: 00 00 00 AA F9 76 FA 59 
"
"2016-11-21 14:56:45ID: BB  Data: 00 00 00 AA 06 8A 56 7A 
"
"2016-11-21 14:56:45ID: BC  Data: 00 00 00 AA F9 75 A9 86 
"
"2016-11-21 14:56:45ID: BB  Data: 00 00 00 AA 06 92 3B 69 
"
"2016-11-21 14:56:45ID: BC  Data: 00 00 00 AA F9 6D C4 97 
"
"2016-11-21 14:56:46ID: BB  Data: 00 00 00 AA 06 97 7E B3 
"
"2016-11-21 14:56:46ID: BC  Data: 00 00 00 AA F9 68 81 4D 
"
"2016-11-21 14:56:46ID: BB  Data: 00 00 00 AA 06 A2 05 47 
"
"2016-11-21 14:56:46ID: BC  Data: 00 00 00 AA F9 5D FA B9 
"
"2016-11-21 14:56:46ID: BB  Data: 00 00 00 AA 06 A2 05 47 
"
"2016-11-21 14:56:46ID: BC  Data: 00 00 00 AA F9 5D FA B9 
"
"2016-11-21 14:56:46ID: BB  Data: 00 00 00 AA 06 A3 56 19 
"
"2016-11-21 14:56:46ID: BC  Data: 00 00 00 AA F9 5C A9 E7 
"
"2016-11-21 14:56:46ID: BB  Data: 00 00 00 AA 06 A3 56 19 
"
"2016-11-21 14:56:46ID: BC  Data: 00 00 00 AA F9 5C A9 E7 
"
"2016-11-21 14:56:46ID: BB  Data: 00 00 00 AA 06 A2 05 47 
"
"2016-11-21 14:56:46ID: BC  Data: 00 00 00 AA F9 5D FA B9 
"
"2016-11-21 14:56:46ID: BB  Data: 00 00 00 AA 06 A0 B4 74 
"
"2016-11-21 14:56:46ID: BC  Data: 00 00 00 AA F9 5F 4B 8C 
"
"2016-11-21 14:56:46ID: BB  Data: 00 00 00 AA 06 A0 B4 74 
"
"2016-11-21 14:56:46ID: BC  Data: 00 00 00 AA F9 5F 4B 8C 
"
"2016-11-21 14:56:46ID: BB  Data: 00 00 00 AA 06 94 DD 0E 
"
"2016-11-21 14:56:46ID: BC  Data: 00 00 00 AA F9 6B 22 F2 
"
"2016-11-21 14:56:46ID: BB  Data: 00 00 00 AA 06 92 3B 69 
"
"2016-11-21 14:56:46ID: BC  Data: 00 00 00 AA F9 6D C4 97 
"
"2016-11-21 14:56:46ID: BB  Data: 00 00 00 AA 06 93 8C 3B 
"
"2016-11-21 14:56:46ID: BC  Data: 00 00 00 AA F9 6C 73 C5 
"
"2016-11-21 14:56:46ID: BB  Data: 00 00 00 AA 06 93 8C 3B 
"
"2016-11-21 14:56:46ID: BC  Data: 00 00 00 AA F9 6C 73 C5 
"
"2016-11-21 14:56:47ID: BB  Data: 00 00 00 AA 06 94 DD 0E 
"
"2016-11-21 14:56:47ID: BC  Data: 00 00 00 AA F9 6B 22 F2 
"
"2016-11-21 14:56:47ID: BB  Data: 00 00 00 AA 06 92 3B 69 
"
"2016-11-21 14:56:47ID: BC  Data: 00 00 00 AA F9 6D C4 97 
"
"2016-11-21 14:56:47ID: BB  Data: 00 00 00 AA 06 90 EA 96 
"
"2016-11-21 14:56:47ID: BC  Data: 00 00 00 AA F9 6F 15 6A 
"
"2016-11-21 14:56:47ID: BB  Data: 00 00 00 AA 06 93 8C 3B 
"
"2016-11-21 14:56:47ID: BC  Data: 00 00 00 AA F9 6C 73 C5 
"
"2016-11-21 14:56:47ID: BB  Data: 00 00 00 AA 06 90 EA 96 
"
"2016-11-21 14:56:47ID: BC  Data: 00 00 00 AA F9 6F 15 6A 
"
"2016-11-21 14:56:47ID: BB  Data: 00 00 00 AA 06 8E 48 F1 
"
"2016-11-21 14:56:47ID: BC  Data: 00 00 00 AA F9 71 B7 0F 
"
"2016-11-21 14:56:47ID: BB  Data: 00 00 00 AA 06 8A 56 7A 
"
"2016-11-21 14:56:47ID: BC  Data: 00 00 00 AA F9 75 A9 86 
"
"2016-11-21 14:56:47ID: BB  Data: 00 00 00 AA 06 83 C2 5D 
"
"2016-11-21 14:56:47ID: BC  Data: 00 00 00 AA F9 7C 3D A3 
"
"2016-11-21 14:56:47ID: BB  Data: 00 00 00 AA 06 89 05 A7 
"
"2016-11-21 14:56:47ID: BC  Data: 00 00 00 AA F9 76 FA 59 
"
"2016-11-21 14:56:47ID: BB  Data: 00 00 00 AA 06 8B A7 4C 
"
"2016-11-21 14:56:47ID: BC  Data: 00 00 00 AA F9 74 58 B4 
"
"2016-11-21 14:56:47ID: BB  Data: 00 00 00 AA 06 8B A7 4C 
"
"2016-11-21 14:56:47ID: BC  Data: 00 00 00 AA F9 74 58 B4 
"
"2016-11-21 14:56:48ID: BB  Data: 00 00 00 AA 06 8C F8 1F 
"
"2016-11-21 14:56:48ID: BC  Data: 00 00 00 AA F9 73 07 E1 
"
"2016-11-21 14:56:48ID: BB  Data: 00 00 00 AA 06 8C F8 1F 
"
"2016-11-21 14:56:48ID: BC  Data: 00 00 00 AA F9 73 07 E1 
"
"2016-11-21 14:56:48ID: BB  Data: 00 00 00 AA 06 8E 48 F1 
"
"2016-11-21 14:56:48ID: BC  Data: 00 00 00 AA F9 71 B7 0F 
"
"2016-11-21 14:56:48ID: BB  Data: 00 00 00 AA 06 8E 48 F1 
"
"2016-11-21 14:56:48ID: BC  Data: 00 00 00 AA F9 71 B7 0F 
"
"2016-11-21 14:56:48ID: BB  Data: 00 00 00 AA 06 8A 56 7A 
"
"2016-11-21 14:56:48ID: BC  Data: 00 00 00 AA F9 75 A9 86 
"
"2016-11-21 14:56:48ID: BB  Data: 00 00 00 AA 06 87 B4 D5 
"
"2016-11-21 14:56:48ID: BC  Data: 00 00 00 AA F9 78 4B 2B 
"
"2016-11-21 14:56:48ID: BB  Data: 00 00 00 AA 06 89 05 A7 
"
"2016-11-21 14:56:48ID: BC  Data: 00 00 00 AA F9 76 FA 59 
"
"2016-11-21 14:56:48ID: BB  Data: 00 00 00 AA 06 8B A7 4C 
"
"2016-11-21 14:56:48ID: BC  Data: 00 00 00 AA F9 74 58 B4 
"
"2016-11-21 14:56:48ID: BB  Data: 00 00 00 AA 06 89 05 A7 
"
"2016-11-21 14:56:48ID: BC  Data: 00 00 00 AA F9 76 FA 59 
"
"2016-11-21 14:56:48ID: BB  Data: 00 00 00 AA 06 8C F8 1F 
"
"2016-11-21 14:56:48ID: BC  Data: 00 00 00 AA F9 73 07 E1 
"
"2016-11-21 14:56:48ID: BB  Data: 00 00 00 AA 06 92 3B 69 
"
"2016-11-21 14:56:48ID: BC  Data: 00 00 00 AA F9 6D C4 97 
"
"2016-11-21 14:56:48ID: BB  Data: 00 00 00 AA 06 9F 63 A2 
"
"2016-11-21 14:56:49ID: BC  Data: 00 00 00 AA F9 60 9C 5E 
"
"2016-11-21 14:56:49ID: BB  Data: 00 00 00 AA 06 A7 48 91 
"
"2016-11-21 14:56:49ID: BC  Data: 00 00 00 AA F9 58 B7 6F 
"
"2016-11-21 14:56:49ID: BB  Data: 00 00 00 AA 06 B9 B4 14 
"
"2016-11-21 14:56:49ID: BC  Data: 00 00 00 AA F9 46 4B EC 
"
"2016-11-21 14:56:49ID: BB  Data: 00 00 00 AA 06 CC 1F 97 
"
"2016-11-21 14:56:49ID: BC  Data: 00 00 00 AA F9 33 E0 69 
"
"2016-11-21 14:56:49ID: BB  Data: 00 00 00 AA 06 FA 2C 60 
"
"2016-11-21 14:56:49ID: BC  Data: 00 00 00 AA F9 05 D3 A0 
"
"2016-11-21 14:56:49ID: BB  Data: 00 00 00 AA 07 C2 29 5E 
"
"2016-11-21 14:56:49ID: BC  Data: 00 00 00 AA F8 3D D6 A2 
"
"2016-11-21 14:56:49ID: BB  Data: 00 00 00 AA 07 F1 86 F9 
"
"2016-11-21 14:56:49ID: BC  Data: 00 00 00 AA F8 0E 79 07 
"
"2016-11-21 14:56:49ID: BB  Data: 00 00 00 AA 07 E5 AF 92 
"
"2016-11-21 14:56:49ID: BC  Data: 00 00 00 AA F8 1A 50 6E 
"
"2016-11-21 14:56:49ID: BB  Data: 00 00 00 AA 07 A3 E6 74 
"
"2016-11-21 14:56:49ID: BC  Data: 00 00 00 AA F8 5C 19 8C 
"
"2016-11-21 14:56:49ID: BB  Data: 00 00 00 AA 07 91 7A F1 
"
"2016-11-21 14:56:49ID: BC  Data: 00 00 00 AA F8 6E 85 0F 
"
"2016-11-21 14:56:49ID: BB  Data: 00 00 00 AA 07 91 7A F1 
"
"2016-11-21 14:56:49ID: BC  Data: 00 00 00 AA F8 6E 85 0F 
"
"2016-11-21 14:56:49ID: BB  Data: 00 00 00 AA 07 91 7A F1 
"
"2016-11-21 14:56:49ID: BC  Data: 00 00 00 AA F8 6E 85 0F 
"
"2016-11-21 14:56:50ID: BB  Data: 00 00 00 AA 07 94 1C 96 
"
"2016-11-21 14:56:50ID: BC  Data: 00 00 00 AA F8 6B E3 6A 
"
"2016-11-21 14:56:50ID: BB  Data: 00 00 00 AA 07 95 6D 68 
"
"2016-11-21 14:56:50ID: BC  Data: 00 00 00 AA F8 6A 92 98 
"
"2016-11-21 14:56:50ID: BB  Data: 00 00 00 AA 07 9C 01 85 
"
"2016-11-21 14:56:50ID: BC  Data: 00 00 00 AA F8 63 FE 7B 
"
"2016-11-21 14:56:50ID: BB  Data: 00 00 00 AA 07 9D 52 58 
"
"2016-11-21 14:56:50ID: BC  Data: 00 00 00 AA F8 62 AD A8 
"
"2016-11-21 14:56:50ID: BB  Data: 00 00 00 AA 07 9D 52 58 
"
"2016-11-21 14:56:50ID: BC  Data: 00 00 00 AA F8 62 AD A8 
"
"2016-11-21 14:56:50ID: BB  Data: 00 00 00 AA 07 9D 52 58 
"
"2016-11-21 14:56:50ID: BC  Data: 00 00 00 AA F8 62 AD A8 
"
"2016-11-21 14:56:50ID: BB  Data: 00 00 00 AA 07 A2 95 A2 
"
"2016-11-21 14:56:50ID: BC  Data: 00 00 00 AA F8 5D 6A 5E 
"
"2016-11-21 14:56:50ID: BB  Data: 00 00 00 AA 07 A1 44 CF 
"
"2016-11-21 14:56:50ID: BC  Data: 00 00 00 AA F8 5E BB 31 
"
"2016-11-21 14:56:50ID: BB  Data: 00 00 00 AA 07 AD 1C 36 
"
"2016-11-21 14:56:50ID: BC  Data: 00 00 00 AA F8 52 E3 CA 
"
"2016-11-21 14:56:50ID: BB  Data: 00 00 00 AA 07 AD 1C 36 
"
"2016-11-21 14:56:50ID: BC  Data: 00 00 00 AA F8 52 E3 CA 
"
"2016-11-21 14:56:50ID: BB  Data: 00 00 00 AA 07 AB CB 63 
"
"2016-11-21 14:56:50ID: BC  Data: 00 00 00 AA F8 54 34 9D 
"
"2016-11-21 14:56:51ID: BB  Data: 00 00 00 AA 07 AD 1C 36 
"
"2016-11-21 14:56:51ID: BC  Data: 00 00 00 AA F8 52 E3 CA 
"
"2016-11-21 14:56:51ID: BB  Data: 00 00 00 AA 07 AD 1C 36 
"
"2016-11-21 14:56:51ID: BC  Data: 00 00 00 AA F8 52 E3 CA 
"
"2016-11-21 14:56:51ID: BB  Data: 00 00 00 AA 07 AD 1C 36 
"
"2016-11-21 14:56:51ID: BC  Data: 00 00 00 AA F8 52 E3 CA 
"
"2016-11-21 14:56:51ID: BB  Data: 00 00 00 AA 07 AE 6D 08 
"
"2016-11-21 14:56:51ID: BC  Data: 00 00 00 AA F8 51 92 F8 
"
"2016-11-21 14:56:51ID: BB  Data: 00 00 00 AA 07 AD 1C 36 
"
"2016-11-21 14:56:51ID: BC  Data: 00 00 00 AA F8 52 E3 CA 
"
"2016-11-21 14:56:51ID: BB  Data: 00 00 00 AA 07 B1 0E AD 
"
"2016-11-21 14:56:51ID: BC  Data: 00 00 00 AA F8 4E F1 53 
"
"2016-11-21 14:56:51ID: BB  Data: 00 00 00 AA 07 AE 6D 08 
"
"2016-11-21 14:56:51ID: BC  Data: 00 00 00 AA F8 51 92 F8 
"
"2016-11-21 14:56:51ID: BB  Data: 00 00 00 AA 07 AB CB 63 
"
"2016-11-21 14:56:51ID: BC  Data: 00 00 00 AA F8 54 34 9D 
"
"2016-11-21 14:56:51ID: BB  Data: 00 00 00 AA 07 A5 37 47 
"
"2016-11-21 14:56:51ID: BC  Data: 00 00 00 AA F8 5A C8 B9 
"
"2016-11-21 14:56:51ID: BB  Data: 00 00 00 AA 07 9F F3 FD 
"
"2016-11-21 14:56:51ID: BC  Data: 00 00 00 AA F8 60 0C 03 
"
"2016-11-21 14:56:51ID: BB  Data: 00 00 00 AA 07 A2 95 A2 
"
"2016-11-21 14:56:51ID: BC  Data: 00 00 00 AA F8 5D 6A 5E 
"
"2016-11-21 14:56:51ID: BB  Data: 00 00 00 AA 07 A6 88 19 
"
"2016-11-21 14:56:51ID: BC  Data: 00 00 00 AA F8 59 77 E7 
"
"2016-11-21 14:56:52ID: BB  Data: 00 00 00 AA 07 A7 D8 EC 
"
"2016-11-21 14:56:52ID: BC  Data: 00 00 00 AA F8 58 27 14 
"
"2016-11-21 14:56:52ID: BB  Data: 00 00 00 AA 07 A7 D8 EC 
"
"2016-11-21 14:56:52ID: BC  Data: 00 00 00 AA F8 58 27 14 
"
"2016-11-21 14:56:52ID: BB  Data: 00 00 00 AA 07 AB CB 63 
"
"2016-11-21 14:56:52ID: BC  Data: 00 00 00 AA F8 54 34 9D 
"
"2016-11-21 14:56:52ID: BB  Data: 00 00 00 AA 07 AA 7A 91 
"
"2016-11-21 14:56:52ID: BC  Data: 00 00 00 AA F8 55 85 6F 
"
"2016-11-21 14:56:52ID: BB  Data: 00 00 00 AA 07 AA 7A 91 
"
"2016-11-21 14:56:52ID: BC  Data: 00 00 00 AA F8 55 85 6F 
"
"2016-11-21 14:56:52ID: BB  Data: 00 00 00 AA 07 A9 29 BE 
"
"2016-11-21 14:56:52ID: BC  Data: 00 00 00 AA F8 56 D6 42 
"
"2016-11-21 14:56:52ID: BB  Data: 00 00 00 AA 07 A9 29 BE 
"
"2016-11-21 14:56:52ID: BC  Data: 00 00 00 AA F8 56 D6 42 
"
"2016-11-21 14:56:52ID: BB  Data: 00 00 00 AA 07 AA 7A 91 
"
"2016-11-21 14:56:52ID: BC  Data: 00 00 00 AA F8 55 85 6F 
"
"2016-11-21 14:56:52ID: BB  Data: 00 00 00 AA 07 A6 88 19 
"
"2016-11-21 14:56:52ID: BC  Data: 00 00 00 AA F8 59 77 E7 
"
"2016-11-21 14:56:52ID: BB  Data: 00 00 00 AA 07 A9 29 BE 
"
"2016-11-21 14:56:52ID: BC  Data: 00 00 00 AA F8 56 D6 42 
"
"2016-11-21 14:56:52ID: BB  Data: 00 00 00 AA 07 A9 29 BE 
"
"2016-11-21 14:56:52ID: BC  Data: 00 00 00 AA F8 56 D6 42 
"
"2016-11-21 14:56:53ID: BB  Data: 00 00 00 AA 07 AA 7A 91 
"
"2016-11-21 14:56:53ID: BC  Data: 00 00 00 AA F8 55 85 6F 
"
"2016-11-21 14:56:53ID: BB  Data: 00 00 00 AA 07 AA 7A 91 
"
"2016-11-21 14:56:53ID: BC  Data: 00 00 00 AA F8 55 85 6F 
"
"2016-11-21 14:56:53ID: BB  Data: 00 00 00 AA 07 AD 1C 36 
"
"2016-11-21 14:56:53ID: BC  Data: 00 00 00 AA F8 52 E3 CA 
"
"2016-11-21 14:56:53ID: BB  Data: 00 00 00 AA 07 B1 0E AD 
"
"2016-11-21 14:56:53ID: BC  Data: 00 00 00 AA F8 4E F1 53 
"
"2016-11-21 14:56:53ID: BB  Data: 00 00 00 AA 07 AD 1C 36 
"
"2016-11-21 14:56:53ID: BC  Data: 00 00 00 AA F8 52 E3 CA 
"
"2016-11-21 14:56:53ID: BB  Data: 00 00 00 AA 07 AA 7A 91 
"
"2016-11-21 14:56:53ID: BC  Data: 00 00 00 AA F8 55 85 6F 
"
"2016-11-21 14:56:53ID: BB  Data: 00 00 00 AA 07 AB CB 63 
"
"2016-11-21 14:56:53ID: BC  Data: 00 00 00 AA F8 54 34 9D 
"
"2016-11-21 14:56:53ID: BB  Data: 00 00 00 AA 07 AB CB 63 
"
"2016-11-21 14:56:53ID: BC  Data: 00 00 00 AA F8 54 34 9D 
"
"2016-11-21 14:56:53ID: BB  Data: 00 00 00 AA 07 AE 6D 08 
"
"2016-11-21 14:56:53ID: BC  Data: 00 00 00 AA F8 51 92 F8 
"
"2016-11-21 14:56:53ID: BB  Data: 00 00 00 AA 07 AE 6D 08 
"
"2016-11-21 14:56:53ID: BC  Data: 00 00 00 AA F8 51 92 F8 
"
"2016-11-21 14:56:53ID: BB  Data: 00 00 00 AA 07 B1 0E AD 
"
"2016-11-21 14:56:53ID: BC  Data: 00 00 00 AA F8 4E F1 53 
"
"2016-11-21 14:56:54ID: BB  Data: 00 00 00 AA 07 B3 B0 52 
"
"2016-11-21 14:56:54ID: BC  Data: 00 00 00 AA F8 4C 4F AE 
"
"2016-11-21 14:56:54ID: BB  Data: 00 00 00 AA 07 B5 01 25 
"
"2016-11-21 14:56:54ID: BC  Data: 00 00 00 AA F8 4A FE DB 
"
"2016-11-21 14:56:54ID: BB  Data: 00 00 00 AA 07 B3 B0 52 
"
"2016-11-21 14:56:54ID: BC  Data: 00 00 00 AA F8 4C 4F AE 
"
"2016-11-21 14:56:54ID: BB  Data: 00 00 00 AA 07 B5 01 25 
"
"2016-11-21 14:56:54ID: BC  Data: 00 00 00 AA F8 4A FE DB 
"
"2016-11-21 14:56:54ID: BB  Data: 00 00 00 AA 07 B2 5F 80 
"
"2016-11-21 14:56:54ID: BC  Data: 00 00 00 AA F8 4D A0 80 
"
"2016-11-21 14:56:54ID: BB  Data: 00 00 00 AA 07 B3 B0 52 
"
"2016-11-21 14:56:54ID: BC  Data: 00 00 00 AA F8 4C 4F AE 
"
"2016-11-21 14:56:54ID: BB  Data: 00 00 00 AA 07 B3 B0 52 
"
"2016-11-21 14:56:54ID: BC  Data: 00 00 00 AA F8 4C 4F AE 
"
"2016-11-21 14:56:54ID: BB  Data: 00 00 00 AA 07 B2 5F 80 
"
"2016-11-21 14:56:54ID: BC  Data: 00 00 00 AA F8 4D A0 80 
"
"2016-11-21 14:56:54ID: BB  Data: 00 00 00 AA 07 B1 0E AD 
"
"2016-11-21 14:56:54ID: BC  Data: 00 00 00 AA F8 4E F1 53 
"
"2016-11-21 14:56:54ID: BB  Data: 00 00 00 AA 07 B5 01 25 
"
"2016-11-21 14:56:54ID: BC  Data: 00 00 00 AA F8 4A FE DB 
"
"2016-11-21 14:56:54ID: BB  Data: 00 00 00 AA 07 B1 0E AD 
"
"2016-11-21 14:56:54ID: BC  Data: 00 00 00 AA F8 4E F1 53 
"
"2016-11-21 14:56:54ID: BB  Data: 00 00 00 AA 07 AB CB 63 
"
"2016-11-21 14:56:54ID: BC  Data: 00 00 00 AA F8 54 34 9D 
"
"2016-11-21 14:56:55ID: BB  Data: 00 00 00 AA 07 AA 7A 91 
"
"2016-11-21 14:56:55ID: BC  Data: 00 00 00 AA F8 55 85 6F 
"
"2016-11-21 14:56:55ID: BB  Data: 00 00 00 AA 07 A2 95 A2 
"
"2016-11-21 14:56:55ID: BC  Data: 00 00 00 AA F8 5D 6A 5E 
"
"2016-11-21 14:56:55ID: BB  Data: 00 00 00 AA 07 9F F3 FD 
"
"2016-11-21 14:56:55ID: BC  Data: 00 00 00 AA F8 60 0C 03 
"
"2016-11-21 14:56:55ID: BB  Data: 00 00 00 AA 07 A1 44 CF 
"
"2016-11-21 14:56:55ID: BC  Data: 00 00 00 AA F8 5E BB 31 
"
"2016-11-21 14:56:55ID: BB  Data: 00 00 00 AA 07 9F F3 FD 
"
"2016-11-21 14:56:55ID: BC  Data: 00 00 00 AA F8 60 0C 03 
"
"2016-11-21 14:56:55ID: BB  Data: 00 00 00 AA 07 A5 37 47 
"
"2016-11-21 14:56:55ID: BC  Data: 00 00 00 AA F8 5A C8 B9 
"
"2016-11-21 14:56:55ID: BB  Data: 00 00 00 AA 07 A7 D8 EC 
"
"2016-11-21 14:56:55ID: BC  Data: 00 00 00 AA F8 58 27 14 
"
"2016-11-21 14:56:55ID: BB  Data: 00 00 00 AA 07 A9 29 BE 
"
"2016-11-21 14:56:55ID: BC  Data: 00 00 00 AA F8 56 D6 42 
"
"2016-11-21 14:56:55ID: BB  Data: 00 00 00 AA 07 A9 29 BE 
"
"2016-11-21 14:56:55ID: BC  Data: 00 00 00 AA F8 56 D6 42 
"
"2016-11-21 14:56:55ID: BB  Data: 00 00 00 AA 07 AD 1C 36 
"
"2016-11-21 14:56:55ID: BC  Data: 00 00 00 AA F8 52 E3 CA 
"
"2016-11-21 14:56:55ID: BB  Data: 00 00 00 AA 07 AF BD DB 
"
"2016-11-21 14:56:55ID: BC  Data: 00 00 00 AA F8 50 42 25 
"
"2016-11-21 14:56:56ID: BB  Data: 00 00 00 AA 07 B5 01 25 
"
"2016-11-21 14:56:56ID: BC  Data: 00 00 00 AA F8 4A FE DB 
"
"2016-11-21 14:56:56ID: BB  Data: 00 00 00 AA 07 BC E6 14 
"
"2016-11-21 14:56:56ID: BC  Data: 00 00 00 AA F8 43 19 EC 
"
"2016-11-21 14:56:56ID: BB  Data: 00 00 00 AA 07 C0 D8 8C 
"
"2016-11-21 14:56:56ID: BC  Data: 00 00 00 AA F8 3F 27 74 
"
"2016-11-21 14:56:56ID: BB  Data: 00 00 00 AA 07 CA 0E 4D 
"
"2016-11-21 14:56:56ID: BC  Data: 00 00 00 AA F8 35 F1 B3 
"
"2016-11-21 14:56:56ID: BB  Data: 00 00 00 AA 07 CC AF F2 
"
"2016-11-21 14:56:56ID: BC  Data: 00 00 00 AA F8 33 50 0E 
"
"2016-11-21 14:56:56ID: BB  Data: 00 00 00 AA 07 CB 5F 20 
"
"2016-11-21 14:56:56ID: BC  Data: 00 00 00 AA F8 34 A0 E0 
"
"2016-11-21 14:56:56ID: BB  Data: 00 00 00 AA 07 CB 5F 20 
"
"2016-11-21 14:56:56ID: BC  Data: 00 00 00 AA F8 34 A0 E0 
"
"2016-11-21 14:56:56ID: BB  Data: 00 00 00 AA 07 CA 0E 4D 
"
"2016-11-21 14:56:56ID: BC  Data: 00 00 00 AA F8 35 F1 B3 
"
"2016-11-21 14:56:56ID: BB  Data: 00 00 00 AA 07 CC AF F2 
"
"2016-11-21 14:56:56ID: BC  Data: 00 00 00 AA F8 33 50 0E 
"
"2016-11-21 14:56:56ID: BB  Data: 00 00 00 AA 07 CC AF F2 
"
"2016-11-21 14:56:56ID: BC  Data: 00 00 00 AA F8 33 50 0E 
"
"2016-11-21 14:56:56ID: BB  Data: 00 00 00 AA 07 CE 00 C5 
"
"2016-11-21 14:56:56ID: BC  Data: 00 00 00 AA F8 31 FF 3B 
"
"2016-11-21 14:56:56ID: BB  Data: 00 00 00 AA 07 C7 6C A8 
"
"2016-11-21 14:56:57ID: BC  Data: 00 00 00 AA F8 38 93 58 
"
"2016-11-21 14:56:57ID: BB  Data: 00 00 00 AA 07 C8 BD 7B 
"
"2016-11-21 14:56:57ID: BC  Data: 00 00 00 AA F8 37 42 85 
"
"2016-11-21 14:56:57ID: BB  Data: 00 00 00 AA 07 C7 6C A8 
"
"2016-11-21 14:56:57ID: BC  Data: 00 00 00 AA F8 38 93 58 
"
"2016-11-21 14:56:57ID: BB  Data: 00 00 00 AA 07 CC AF F2 
"
"2016-11-21 14:56:57ID: BC  Data: 00 00 00 AA F8 33 50 0E 
"
"2016-11-21 14:56:57ID: BB  Data: 00 00 00 AA 07 CC AF F2 
"
"2016-11-21 14:56:57ID: BC  Data: 00 00 00 AA F8 33 50 0E 
"
"2016-11-21 14:56:57ID: BB  Data: 00 00 00 AA 07 E0 6C 48 
"
"2016-11-21 14:56:57ID: BC  Data: 00 00 00 AA F8 1F 93 B8 
"
"2016-11-21 14:56:57ID: BB  Data: 00 00 00 AA 07 F0 36 26 
"
"2016-11-21 14:56:57ID: BC  Data: 00 00 00 AA F8 0F C9 DA 
"
"2016-11-21 14:56:57ID: BB  Data: 00 00 00 AA 08 18 FF A4 
"
"2016-11-21 14:56:57ID: BC  Data: 00 00 00 AA F7 E7 00 5C 
"
"2016-11-21 14:56:57ID: BB  Data: 00 00 00 AA 08 8E 18 D4 
"
"2016-11-21 14:56:57ID: BC  Data: 00 00 00 AA F7 71 E7 2C 
"
"2016-11-21 14:56:57ID: BB  Data: 00 00 00 AA 08 BE C7 41 
"
"2016-11-21 14:56:57ID: BC  Data: 00 00 00 AA F7 41 38 BF 
"
"2016-11-21 14:56:57ID: BB  Data: 00 00 00 AA 08 DA 68 86 
"
"2016-11-21 14:56:57ID: BC  Data: 00 00 00 AA F7 25 97 7A 
"
"2016-11-21 14:56:57ID: BB  Data: 00 00 00 AA 09 56 15 D3 
"
"2016-11-21 14:56:57ID: BC  Data: 00 00 00 AA F6 A9 EA 2D 
"
"2016-11-21 14:56:58ID: BB  Data: 00 00 00 AA 09 74 58 BD 
"
"2016-11-21 14:56:58ID: BC  Data: 00 00 00 AA F6 8B A7 43 
"
"2016-11-21 14:56:58ID: BB  Data: 00 00 00 AA 09 70 66 45 
"
"2016-11-21 14:56:58ID: BC  Data: 00 00 00 AA F6 8F 99 BB 
"
"2016-11-21 14:56:58ID: BB  Data: 00 00 00 AA 09 64 8E DE 
"
"2016-11-21 14:56:58ID: BC  Data: 00 00 00 AA F6 9B 71 22 
"
"2016-11-21 14:56:58ID: BB  Data: 00 00 00 AA 09 60 9C 67 
"
"2016-11-21 14:56:58ID: BC  Data: 00 00 00 AA F6 9F 63 99 
"
"2016-11-21 14:56:58ID: BB  Data: 00 00 00 AA 09 5F 4B 94 
"
"2016-11-21 14:56:58ID: BC  Data: 00 00 00 AA F6 A0 B4 6C 
"
"2016-11-21 14:56:58ID: BB  Data: 00 00 00 AA 09 60 9C 67 
"
"2016-11-21 14:56:58ID: BC  Data: 00 00 00 AA F6 9F 63 99 
"
"2016-11-21 14:56:58ID: BB  Data: 00 00 00 AA 09 5F 4B 94 
"
"2016-11-21 14:56:58ID: BC  Data: 00 00 00 AA F6 A0 B4 6C 
"
"2016-11-21 14:56:58ID: BB  Data: 00 00 00 AA 09 5F 4B 94 
"
"2016-11-21 14:56:58ID: BC  Data: 00 00 00 AA F6 A0 B4 6C 
"
"2016-11-21 14:56:58ID: BB  Data: 00 00 00 AA 09 69 D2 28 
"
"2016-11-21 14:56:58ID: BC  Data: 00 00 00 AA F6 96 2D D8 
"
"2016-11-21 14:56:58ID: BB  Data: 00 00 00 AA 09 6C 73 CD 
"
"2016-11-21 14:56:58ID: BC  Data: 00 00 00 AA F6 93 8C 33 
"
"2016-11-21 14:56:58ID: BB  Data: 00 00 00 AA 09 6F 15 72 
"
"2016-11-21 14:56:58ID: BC  Data: 00 00 00 AA F6 90 EA 8E 
"
"2016-11-21 14:56:59ID: BB  Data: 00 00 00 AA 09 8F FA 01 
"
"2016-11-21 14:56:59ID: BC  Data: 00 00 00 AA F6 70 05 FF 
"
"2016-11-21 14:56:59ID: BB  Data: 00 00 00 AA 09 BA 14 52 
"
"2016-11-21 14:56:59ID: BC  Data: 00 00 00 AA F6 45 EB AE 
"
"2016-11-21 14:56:59ID: BB  Data: 00 00 00 AA 09 D3 13 F2 
"
"2016-11-21 14:56:59ID: BC  Data: 00 00 00 AA F6 2C EC 0E 
"
"2016-11-21 14:56:59ID: BB  Data: 00 00 00 AA 09 E2 DD D0 
"
"2016-11-21 14:56:59ID: BC  Data: 00 00 00 AA F6 1D 22 30 
"
"2016-11-21 14:56:59ID: BB  Data: 00 00 00 AA 09 E8 21 1A 
"
"2016-11-21 14:56:59ID: BC  Data: 00 00 00 AA F6 17 DE E6 
"
"2016-11-21 14:56:59ID: BB  Data: 00 00 00 AA 09 D7 06 69 
"
"2016-11-21 14:56:59ID: BC  Data: 00 00 00 AA F6 28 F9 97 
"
"2016-11-21 14:56:59ID: BB  Data: 00 00 00 AA 09 C9 DE 30 
"
"2016-11-21 14:56:59ID: BC  Data: 00 00 00 AA F6 36 21 D0 
"
"2016-11-21 14:56:59ID: BB  Data: 00 00 00 AA 09 B3 80 35 
"
"2016-11-21 14:56:59ID: BC  Data: 00 00 00 AA F6 4C 7F CB 
"
"2016-11-21 14:56:59ID: BB  Data: 00 00 00 AA 09 91 4A D4 
"
"2016-11-21 14:56:59ID: BC  Data: 00 00 00 AA F6 6E B5 2C 
"
"2016-11-21 14:56:59ID: BB  Data: 00 00 00 AA 09 73 07 EA 
"
"2016-11-21 14:56:59ID: BC  Data: 00 00 00 AA F6 8C F8 16 
"
"2016-11-21 14:56:59ID: BB  Data: 00 00 00 AA 09 5C A9 EF 
"
"2016-11-21 14:56:59ID: BC  Data: 00 00 00 AA F6 A3 56 11 
"
"2016-11-21 14:56:59ID: BB  Data: 00 00 00 AA 09 48 ED 9A 
"
"2016-11-21 14:56:59ID: BC  Data: 00 00 00 AA F6 B7 12 66 
"
"2016-11-21 14:57:00ID: BB  Data: 00 00 00 AA 09 3A 74 8E 
"
"2016-11-21 14:57:00ID: BC  Data: 00 00 00 AA F6 C5 8B 72 
"
"2016-11-21 14:57:00ID: BB  Data: 00 00 00 AA 09 2E 9D 27 
"
"2016-11-21 14:57:00ID: BC  Data: 00 00 00 AA F6 D1 62 D9 
"
"2016-11-21 14:57:00ID: BB  Data: 00 00 00 AA 09 26 B8 38 
"
"2016-11-21 14:57:00ID: BC  Data: 00 00 00 AA F6 D9 47 C8 
"
"2016-11-21 14:57:00ID: BB  Data: 00 00 00 AA 09 14 4C B5 
"
"2016-11-21 14:57:00ID: BC  Data: 00 00 00 AA F6 EB B3 4B 
"
"2016-11-21 14:57:00ID: BB  Data: 00 00 00 AA 09 12 FB E2 
"
"2016-11-21 14:57:00ID: BC  Data: 00 00 00 AA F6 ED 04 1E 
"
"2016-11-21 14:57:00ID: BB  Data: 00 00 00 AA 09 12 FB E2 
"
"2016-11-21 14:57:00ID: BC  Data: 00 00 00 AA F6 ED 04 1E 
"
"2016-11-21 14:57:00ID: BB  Data: 00 00 00 AA 09 09 C6 21 
"
"2016-11-21 14:57:00ID: BC  Data: 00 00 00 AA F6 F6 39 DF 
"
"2016-11-21 14:57:00ID: BB  Data: 00 00 00 AA 09 08 75 4E 
"
"2016-11-21 14:57:00ID: BC  Data: 00 00 00 AA F6 F7 8A B2 
"
"2016-11-21 14:57:00ID: BB  Data: 00 00 00 AA 09 07 24 7C 
"
"2016-11-21 14:57:00ID: BC  Data: 00 00 00 AA F6 F8 DB 84 
"
"2016-11-21 14:57:00ID: BB  Data: 00 00 00 AA 09 03 32 04 
"
"2016-11-21 14:57:00ID: BC  Data: 00 00 00 AA F6 FC CD FC 
"
"2016-11-21 14:57:00ID: BB  Data: 00 00 00 AA 09 01 E1 32 
"
"2016-11-21 14:57:00ID: BC  Data: 00 00 00 AA F6 FE 1E CE 
"
"2016-11-21 14:57:01ID: BB  Data: 00 00 00 AA 08 F8 AB 70 
"
"2016-11-21 14:57:01ID: BC  Data: 00 00 00 AA F7 07 54 90 
"
"2016-11-21 14:57:01ID: BB  Data: 00 00 00 AA 08 FB 4D 15 
"
"2016-11-21 14:57:01ID: BC  Data: 00 00 00 AA F7 04 B2 EB 
"
"2016-11-21 14:57:01ID: BB  Data: 00 00 00 AA 08 F8 AB 70 
"
"2016-11-21 14:57:01ID: BC  Data: 00 00 00 AA F7 07 54 90 
"
"2016-11-21 14:57:01ID: BB  Data: 00 00 00 AA 08 E8 E1 92 
"
"2016-11-21 14:57:01ID: BC  Data: 00 00 00 AA F7 17 1E 6E 
"
"2016-11-21 14:57:01ID: BB  Data: 00 00 00 AA 08 CB EF 7A 
"
"2016-11-21 14:57:01ID: BC  Data: 00 00 00 AA F7 34 10 86 
"
"2016-11-21 14:57:01ID: BB  Data: 00 00 00 AA 08 C2 B9 B9 
"
"2016-11-21 14:57:01ID: BC  Data: 00 00 00 AA F7 3D 46 47 
"
"2016-11-21 14:57:01ID: BB  Data: 00 00 00 AA 08 B4 40 AD 
"
"2016-11-21 14:57:01ID: BC  Data: 00 00 00 AA F7 4B BF 53 
"
"2016-11-21 14:57:01ID: BB  Data: 00 00 00 AA 08 A7 18 74 
"
"2016-11-21 14:57:01ID: BC  Data: 00 00 00 AA F7 58 E7 8C 
"
"2016-11-21 14:57:01ID: BB  Data: 00 00 00 AA 08 80 F0 9B 
"
"2016-11-21 14:57:01ID: BC  Data: 00 00 00 AA F7 7F 0F 65 
"
"2016-11-21 14:57:01ID: BB  Data: 00 00 00 AA 08 3F 27 7D 
"
"2016-11-21 14:57:01ID: BC  Data: 00 00 00 AA F7 C0 D8 83 
"
"2016-11-21 14:57:01ID: BB  Data: 00 00 00 AA 07 FE AF 32 
"
"2016-11-21 14:57:01ID: BC  Data: 00 00 00 AA F8 01 50 CE 
"
"2016-11-21 14:57:02ID: BB  Data: 00 00 00 AA 07 F1 86 F9 
"
"2016-11-21 14:57:02ID: BC  Data: 00 00 00 AA F8 0E 79 07 
"
"2016-11-21 14:57:02ID: BB  Data: 00 00 00 AA 07 90 2A 1E 
"
"2016-11-21 14:57:02ID: BC  Data: 00 00 00 AA F8 6F D5 E2 
"
"2016-11-21 14:57:02ID: BB  Data: 00 00 00 AA 07 6B 53 18 
"
"2016-11-21 14:57:02ID: BC  Data: 00 00 00 AA F8 94 AC E8 
"
"2016-11-21 14:57:02ID: BB  Data: 00 00 00 AA 06 FC CE 05 
"
"2016-11-21 14:57:02ID: BC  Data: 00 00 00 AA F9 03 31 FB 
"
"2016-11-21 14:57:02ID: BB  Data: 00 00 00 AA 06 73 F8 7F 
"
"2016-11-21 14:57:02ID: BC  Data: 00 00 00 AA F9 8C 07 81 
"
"2016-11-21 14:57:02ID: BB  Data: 00 00 00 AA 06 23 B6 55 
"
"2016-11-21 14:57:02ID: BC  Data: 00 00 00 AA F9 DC 49 AB 
"
"2016-11-21 14:57:02ID: BB  Data: 00 00 00 AA 06 0E A9 2D 
"
"2016-11-21 14:57:02ID: BC  Data: 00 00 00 AA F9 F1 56 D3 
"
"2016-11-21 14:57:02ID: BB  Data: 00 00 00 AA 06 15 3D 4A 
"
"2016-11-21 14:57:02ID: BC  Data: 00 00 00 AA F9 EA C2 B6 
"
"2016-11-21 14:57:02ID: BB  Data: 00 00 00 AA 06 11 4A D2 
"
"2016-11-21 14:57:02ID: BC  Data: 00 00 00 AA F9 EE B5 2E 
"
"2016-11-21 14:57:02ID: BB  Data: 00 00 00 AA 06 16 8E 1C 
"
"2016-11-21 14:57:02ID: BC  Data: 00 00 00 AA F9 E9 71 E4 
"
"2016-11-21 14:57:02ID: BB  Data: 00 00 00 AA 06 13 EC 77 
"
"2016-11-21 14:57:02ID: BC  Data: 00 00 00 AA F9 EC 13 89 
"
"2016-11-21 14:57:02ID: BB  Data: 00 00 00 AA 06 11 4A D2 
"
"2016-11-21 14:57:02ID: BC  Data: 00 00 00 AA F9 EE B5 2E 
"
"2016-11-21 14:57:03ID: BB  Data: 00 00 00 AA 05 EB 22 F9 
"
"2016-11-21 14:57:03ID: BC  Data: 00 00 00 AA FA 14 DD 07 
"
"2016-11-21 14:57:03ID: BB  Data: 00 00 00 AA 05 DB 59 1B 
"
"2016-11-21 14:57:03ID: BC  Data: 00 00 00 AA FA 24 A6 E5 
"
"2016-11-21 14:57:03ID: BB  Data: 00 00 00 AA 05 4D 40 4B 
"
"2016-11-21 14:57:03ID: BC  Data: 00 00 00 AA FA B2 BF B5 
"
"2016-11-21 14:57:03ID: BB  Data: 00 00 00 AA 04 79 6B E6 
"
"2016-11-21 14:57:03ID: BC  Data: 00 00 00 AA FB 86 94 1A 
"
"2016-11-21 14:57:03ID: BB  Data: 00 00 00 AA 02 C4 9A E2 
"
"2016-11-21 14:57:03ID: BC  Data: 00 00 00 AA FD 3B 65 1E 
"
"2016-11-21 14:57:03ID: BB  Data: 00 00 00 AA 02 48 ED 96 
"
"2016-11-21 14:57:03ID: BC  Data: 00 00 00 AA FD B7 12 6A 
"
"2016-11-21 14:57:03ID: BB  Data: 00 00 00 AA 00 00 00 00 
"
"2016-11-21 14:57:03ID: BC  Data: 00 00 00 AA 00 00 00 00 
"
"2016-11-21 14:57:03ID: BB  Data: 00 00 00 AA 00 00 00 00 
"
"2016-11-21 14:57:03ID: BC  Data: 00 00 00 AA 00 00 00 00 
"
"2016-11-21 14:57:03ID: BB  Data: 00 00 00 AA 00 00 00 00 
"
"2016-11-21 14:57:03ID: BC  Data: 00 00 00 AA 00 00 00 00 
"
"2016-11-21 14:57:03ID: BB  Data: 00 00 00 AA 00 00 00 00 
"
"2016-11-21 14:57:03ID: BC  Data: 00 00 00 AA 00 00 00 00 
"
"2016-11-21 14:57:03ID: BB  Data: 00 00 00 AA 00 00 00 00 
"
"2016-11-21 14:57:03ID: BC  Data: 00 00 00 AA 00 00 00 00 
"
"2016-11-21 14:57:04ID: BB  Data: 00 00 00 AA 00 00 00 00 
"
"2016-11-21 14:57:04ID: BC  Data: 00 00 00 AA 00 00 00 00 
"
"2016-11-21 14:57:04ID: BB  Data: 00 00 00 AA 00 00 00 00 
"
"2016-11-21 14:57:04ID: BC  Data: 00 00 00 AA 00 00 00 00 
"
"2016-11-21 14:57:04ID: BB  Data: 00 00 00 AA 00 00 00 00 
"
"2016-11-21 14:57:04ID: BC  Data: 00 00 00 AA 00 00 00 00 
"
"2016-11-21 14:57:04ID: BB  Data: 00 00 00 AA 00 00 00 00 
"
"2016-11-21 14:57:04ID: BC  Data: 00 00 00 AA 00 00 00 00 
"
"2016-11-21 14:57:04ID: BB  Data: 00 00 00 AA 00 00 00 00 
"
"2016-11-21 14:57:04ID: BC  Data: 00 00 00 AA 00 00 00 00 
"
"2016-11-21 14:57:04ID: BB  Data: 00 00 00 AA 00 00 00 00 
"
"2016-11-21 14:57:04ID: BC  Data: 00 00 00 AA 00 00 00 00 
"
"2016-11-21 14:57:04ID: BB  Data: 00 00 00 AA 00 00 00 00 
"
"2016-11-21 14:57:04ID: BC  Data: 00 00 00 AA 00 00 00 00 
"
"2016-11-21 14:57:04ID: BB  Data: 00 00 00 AA 00 00 00 00 
"
"2016-11-21 14:57:04ID: BC  Data: 00 00 00 AA 00 00 00 00 
"
"2016-11-21 14:57:04ID: BB  Data: 00 00 00 AA 00 00 00 00 
"
"2016-11-21 14:57:04ID: BC  Data: 00 00 00 AA 00 00 00 00 
"
"2016-11-21 14:57:04ID: BB  Data: 00 00 00 AA 00 00 00 00 
"
"2016-11-21 14:57:04ID: BC  Data: 00 00 00 AA 00 00 00 00 
"
"2016-11-21 14:57:04ID: BB  Data: 00 00 00 AA 00 00 00 00 
"
"2016-11-21 14:57:04ID: BC  Data: 00 00 00 AA 00 00 00 00 
"
"2016-11-21 14:57:04ID: BB  Data: 00 00 00 AA 00 00 00 00 
"
"2016-11-21 14:57:05ID: BC  Data: 00 00 00 AA 00 00 00 00 
"
"2016-11-21 14:57:05ID: BB  Data: 00 00 00 AA 00 00 00 00 
"
"2016-11-21 14:57:05ID: BC  Data: 00 00 00 AA 00 00 00 00 
"
"2016-11-21 14:57:05ID: BB  Data: 00 00 00 AA 00 00 00 00 
"
"2016-11-21 14:57:05ID: BC  Data: 00 00 00 AA 00 00 00 00 
"
"2016-11-21 14:57:05ID: BB  Data: 00 00 00 AA 00 00 00 00 
"
"2016-11-21 14:57:05ID: BC  Data: 00 00 00 AA 00 00 00 00 
"
"2016-11-21 14:57:05ID: BB  Data: 00 00 00 AA 00 00 00 00 
"
"2016-11-21 14:57:05ID: BC  Data: 00 00 00 AA 00 00 00 00 
"
"2016-11-21 14:57:05ID: BB  Data: 00 00 00 AA 00 00 00 00 
"
"2016-11-21 14:57:05ID: BC  Data: 00 00 00 AA 00 00 00 00 
"
"2016-11-21 14:57:05ID: BB  Data: 00 00 00 AA 00 00 00 00 
"
"2016-11-21 14:57:05ID: BC  Data: 00 00 00 AA 00 00 00 00 
"
"2016-11-21 14:57:05ID: BB  Data: 00 00 00 AA 00 00 00 00 
"
"2016-11-21 14:57:05ID: BC  Data: 00 00 00 AA 00 00 00 00 
"
"2016-11-21 14:57:05ID: BB  Data: 00 00 00 AA 00 00 00 00 
"
"2016-11-21 14:57:05ID: BC  Data: 00 00 00 AA 00 00 00 00 
"
"2016-11-21 14:57:05ID: BB  Data: 00 00 00 AA 00 00 00 00 
"
"2016-11-21 14:57:05ID: BC  Data: 00 00 00 AA 00 00 00 00 
"
"2016-11-21 14:57:05ID: BB  Data: 00 00 00 AA 00 00 00 00 
"
"2016-11-21 14:57:05ID: BC  Data: 00 00 00 AA 00 00 00 00 
"
"2016-11-21 14:57:05ID: BB  Data: 00 00 00 AA 00 00 00 00 
"
"2016-11-21 14:57:05ID: BC  Data: 00 00 00 AA 00 00 00 00 
"
"2016-11-21 14:57:06ID: BB  Data: 00 00 00 AA 01 BD 76 6B 
"
"2016-11-21 14:57:06ID: BC  Data: 00 00 00 AA FE 42 89 95 
"
"2016-11-21 14:57:06ID: BB  Data: 00 00 00 AA 02 6B 22 F7 
"
"2016-11-21 14:57:06ID: BC  Data: 00 00 00 AA FD 94 DD 09 
"
"2016-11-21 14:57:06ID: BB  Data: 00 00 00 AA 02 6D C4 9C 
"
"2016-11-21 14:57:06ID: BC  Data: 00 00 00 AA FD 92 3B 64 
"
"2016-11-21 14:57:06ID: BB  Data: 00 00 00 AA 02 D0 72 49 
"
"2016-11-21 14:57:06ID: BC  Data: 00 00 00 AA FD 2F 8D B7 
"
"2016-11-21 14:57:06ID: BB  Data: 00 00 00 AA 02 A2 65 81 
"
"2016-11-21 14:57:06ID: BC  Data: 00 00 00 AA FD 5D 9A 7F 
"
"2016-11-21 14:57:06ID: BB  Data: 00 00 00 AA 03 03 C2 5B 
"
"2016-11-21 14:57:06ID: BC  Data: 00 00 00 AA FC FC 3D A5 
"
"2016-11-21 14:57:06ID: BB  Data: 00 00 00 AA 02 E0 3C 27 
"
"2016-11-21 14:57:06ID: BC  Data: 00 00 00 AA FD 1F C3 D9 
"
"2016-11-21 14:57:06ID: BB  Data: 00 00 00 AA 02 F5 49 4F 
"
"2016-11-21 14:57:06ID: BC  Data: 00 00 00 AA FD 0A B6 B1 
"
"2016-11-21 14:57:06ID: BB  Data: 00 00 00 AA 02 E8 21 16 
"
"2016-11-21 14:57:06ID: BC  Data: 00 00 00 AA FD 17 DE EA 
"
"2016-11-21 14:57:06ID: BB  Data: 00 00 00 AA 02 F7 EA F4 
"
"2016-11-21 14:57:06ID: BC  Data: 00 00 00 AA FD 08 15 0C 
"
"2016-11-21 14:57:06ID: BB  Data: 00 00 00 AA 02 FB DD 6C 
"
"2016-11-21 14:57:06ID: BC  Data: 00 00 00 AA FD 04 22 94 
"
"2016-11-21 14:57:07ID: BB  Data: 00 00 00 AA 03 2F 2D 7E 
"
"2016-11-21 14:57:07ID: BC  Data: 00 00 00 AA FC D0 D2 82 
"
"2016-11-21 14:57:07ID: BB  Data: 00 00 00 AA 03 24 A6 EA 
"
"2016-11-21 14:57:07ID: BC  Data: 00 00 00 AA FC DB 59 16 
"
"2016-11-21 14:57:07ID: BB  Data: 00 00 00 AA 03 BA A4 A9 
"
"2016-11-21 14:57:07ID: BC  Data: 00 00 00 AA FC 45 5B 57 
"
"2016-11-21 14:57:07ID: BB  Data: 00 00 00 AA 03 BD 46 4E 
"
"2016-11-21 14:57:07ID: BC  Data: 00 00 00 AA FC 42 B9 B2 
"
"2016-11-21 14:57:07ID: BB  Data: 00 00 00 AA 04 19 5F DE 
"
"2016-11-21 14:57:07ID: BC  Data: 00 00 00 AA FB E6 A0 22 
"
"2016-11-21 14:57:07ID: BB  Data: 00 00 00 AA 04 18 0F 0C 
"
"2016-11-21 14:57:07ID: BC  Data: 00 00 00 AA FB E6 A0 22 
"
"2016-11-21 14:57:07ID: BB  Data: 00 00 00 AA 04 2D 1C 34 
"
"2016-11-21 14:57:07ID: BC  Data: 00 00 00 AA FB D2 E3 CC 
"
"2016-11-21 14:57:07ID: BB  Data: 00 00 00 AA 04 46 1B D4 
"
"2016-11-21 14:57:07ID: BC  Data: 00 00 00 AA FB B9 E4 2C 
"
"2016-11-21 14:57:07ID: BB  Data: 00 00 00 AA 04 57 36 84 
"
"2016-11-21 14:57:07ID: BC  Data: 00 00 00 AA FB A8 C9 7C 
"
"2016-11-21 14:57:07ID: BB  Data: 00 00 00 AA 04 61 BD 19 
"
"2016-11-21 14:57:07ID: BC  Data: 00 00 00 AA FB 9E 42 E7 
"
"2016-11-21 14:57:07ID: BB  Data: 00 00 00 AA 04 71 86 F7 
"
"2016-11-21 14:57:07ID: BC  Data: 00 00 00 AA FB 8E 79 09 
"
"2016-11-21 14:57:07ID: BB  Data: 00 00 00 AA 04 70 36 24 
"
"2016-11-21 14:57:07ID: BC  Data: 00 00 00 AA FB 8F C9 DC 
"
"2016-11-21 14:57:08ID: BB  Data: 00 00 00 AA 04 83 F2 7A 
"
"2016-11-21 14:57:08ID: BC  Data: 00 00 00 AA FB 7C 0D 86 
"
"2016-11-21 14:57:08ID: BB  Data: 00 00 00 AA 04 92 6B 86 
"
"2016-11-21 14:57:08ID: BC  Data: 00 00 00 AA FB 6D 94 7A 
"
"2016-11-21 14:57:08ID: BB  Data: 00 00 00 AA 04 C1 C9 20 
"
"2016-11-21 14:57:08ID: BC  Data: 00 00 00 AA FB 3E 36 E0 
"
"2016-11-21 14:57:08ID: BB  Data: 00 00 00 AA 04 E1 5C DD 
"
"2016-11-21 14:57:08ID: BC  Data: 00 00 00 AA FB 1E A3 23 
"
"2016-11-21 14:57:08ID: BB  Data: 00 00 00 AA 04 E1 5C DD 
"
"2016-11-21 14:57:08ID: BC  Data: 00 00 00 AA FB 1E A3 23 
"
"2016-11-21 14:57:08ID: BB  Data: 00 00 00 AA 04 FA 5C 7C 
"
"2016-11-21 14:57:08ID: BC  Data: 00 00 00 AA FB 05 A3 84 
"
"2016-11-21 14:57:08ID: BB  Data: 00 00 00 AA 04 FA 5C 7C 
"
"2016-11-21 14:57:08ID: BC  Data: 00 00 00 AA FB 05 A3 84 
"
"2016-11-21 14:57:08ID: BB  Data: 00 00 00 AA 05 36 E2 50 
"
"2016-11-21 14:57:08ID: BC  Data: 00 00 00 AA FA C9 1D B0 
"
"2016-11-21 14:57:08ID: BB  Data: 00 00 00 AA 05 30 4E 34 
"
"2016-11-21 14:57:08ID: BC  Data: 00 00 00 AA FA CF B1 CC 
"
"2016-11-21 14:57:08ID: BB  Data: 00 00 00 AA 05 59 17 B2 
"
"2016-11-21 14:57:08ID: BC  Data: 00 00 00 AA FA A6 E8 4E 
"
"2016-11-21 14:57:08ID: BB  Data: 00 00 00 AA 05 57 C6 DF 
"
"2016-11-21 14:57:08ID: BC  Data: 00 00 00 AA FA A8 39 21 
"
"2016-11-21 14:57:09ID: BB  Data: 00 00 00 AA 05 5A 68 84 
"
"2016-11-21 14:57:09ID: BC  Data: 00 00 00 AA FA A5 97 7C 
"
"2016-11-21 14:57:09ID: BB  Data: 00 00 00 AA 05 68 E1 90 
"
"2016-11-21 14:57:09ID: BC  Data: 00 00 00 AA FA 97 1E 70 
"
"2016-11-21 14:57:09ID: BB  Data: 00 00 00 AA 05 66 3F EB 
"
"2016-11-21 14:57:09ID: BC  Data: 00 00 00 AA FA 99 C0 15 
"
"2016-11-21 14:57:09ID: BB  Data: 00 00 00 AA 05 70 C6 7F 
"
"2016-11-21 14:57:09ID: BC  Data: 00 00 00 AA FA 8F 39 81 
"
"2016-11-21 14:57:09ID: BB  Data: 00 00 00 AA 05 6C D4 07 
"
"2016-11-21 14:57:09ID: BC  Data: 00 00 00 AA FA 93 2B F9 
"
"2016-11-21 14:57:09ID: BB  Data: 00 00 00 AA 05 84 82 D5 
"
"2016-11-21 14:57:09ID: BC  Data: 00 00 00 AA FA 7B 7D 2B 
"
"2016-11-21 14:57:09ID: BB  Data: 00 00 00 AA 05 80 90 5D 
"
"2016-11-21 14:57:09ID: BC  Data: 00 00 00 AA FA 7F 6F A3 
"
"2016-11-21 14:57:09ID: BB  Data: 00 00 00 AA 05 88 75 4C 
"
"2016-11-21 14:57:09ID: BC  Data: 00 00 00 AA FA 77 8A B4 
"
"2016-11-21 14:57:09ID: BB  Data: 00 00 00 AA 05 81 E1 30 
"
"2016-11-21 14:57:09ID: BC  Data: 00 00 00 AA FA 7E 1E D0 
"
"2016-11-21 14:57:09ID: BB  Data: 00 00 00 AA 05 91 AB 0E 
"
"2016-11-21 14:57:09ID: BC  Data: 00 00 00 AA FA 6E 54 F2 
"
"2016-11-21 14:57:09ID: BB  Data: 00 00 00 AA 05 A8 09 09 
"
"2016-11-21 14:57:09ID: BC  Data: 00 00 00 AA FA 57 F6 F7 
"
"2016-11-21 14:57:10ID: BB  Data: 00 00 00 AA 05 A1 74 EC 
"
"2016-11-21 14:57:10ID: BC  Data: 00 00 00 AA FA 5E 8B 14 
"
"2016-11-21 14:57:10ID: BB  Data: 00 00 00 AA 05 A0 24 1A 
"
"2016-11-21 14:57:10ID: BC  Data: 00 00 00 AA FA 5F DB E6 
"
"2016-11-21 14:57:10ID: BB  Data: 00 00 00 AA 05 A1 74 EC 
"
"2016-11-21 14:57:10ID: BC  Data: 00 00 00 AA FA 5E 8B 14 
"
"2016-11-21 14:57:10ID: BB  Data: 00 00 00 AA 05 A9 59 DB 
"
"2016-11-21 14:57:10ID: BC  Data: 00 00 00 AA FA 56 A6 25 
"
"2016-11-21 14:57:10ID: BB  Data: 00 00 00 AA 05 AD 4C 53 
"
"2016-11-21 14:57:10ID: BC  Data: 00 00 00 AA FA 52 B3 AD 
"
"2016-11-21 14:57:10ID: BB  Data: 00 00 00 AA 05 AF ED F8 
"
"2016-11-21 14:57:10ID: BC  Data: 00 00 00 AA FA 50 12 08 
"
"2016-11-21 14:57:10ID: BB  Data: 00 00 00 AA 05 B5 31 42 
"
"2016-11-21 14:57:10ID: BC  Data: 00 00 00 AA FA 4A CE BE 
"
"2016-11-21 14:57:10ID: BB  Data: 00 00 00 AA 05 C3 AA 4E 
"
"2016-11-21 14:57:10ID: BC  Data: 00 00 00 AA FA 3C 55 B2 
"
"2016-11-21 14:57:10ID: BB  Data: 00 00 00 AA 05 C6 4B F3 
"
"2016-11-21 14:57:10ID: BC  Data: 00 00 00 AA FA 39 B4 0D 
"
"2016-11-21 14:57:10ID: BB  Data: 00 00 00 AA 05 CB 8F 3D 
"
"2016-11-21 14:57:10ID: BC  Data: 00 00 00 AA FA 34 70 C3 
"
"2016-11-21 14:57:10ID: BB  Data: 00 00 00 AA 05 CB 8F 3D 
"
"2016-11-21 14:57:10ID: BC  Data: 00 00 00 AA FA 34 70 C3 
"
"2016-11-21 14:57:10ID: BB  Data: 00 00 00 AA 05 C8 ED 98 
"
"2016-11-21 14:57:10ID: BC  Data: 00 00 00 AA FA 37 12 68 
"
"2016-11-21 14:57:11ID: BB  Data: 00 00 00 AA 05 C7 9C C5 
"
"2016-11-21 14:57:11ID: BC  Data: 00 00 00 AA FA 38 63 3B 
"
"2016-11-21 14:57:11ID: BB  Data: 00 00 00 AA 05 C8 ED 98 
"
"2016-11-21 14:57:11ID: BC  Data: 00 00 00 AA FA 37 12 68 
"
"2016-11-21 14:57:11ID: BB  Data: 00 00 00 AA 05 C6 4B F3 
"
"2016-11-21 14:57:11ID: BC  Data: 00 00 00 AA FA 39 B4 0D 
"
"2016-11-21 14:57:11ID: BB  Data: 00 00 00 AA 05 CA 3E 6A 
"
"2016-11-21 14:57:11ID: BC  Data: 00 00 00 AA FA 35 C1 96 
"
"2016-11-21 14:57:11ID: BB  Data: 00 00 00 AA 05 C4 FB 20 
"
"2016-11-21 14:57:11ID: BC  Data: 00 00 00 AA FA 3B 04 E0 
"
"2016-11-21 14:57:11ID: BB  Data: 00 00 00 AA 05 C3 AA 4E 
"
"2016-11-21 14:57:11ID: BC  Data: 00 00 00 AA FA 3C 55 B2 
"
"2016-11-21 14:57:11ID: BB  Data: 00 00 00 AA 05 C6 4B F3 
"
"2016-11-21 14:57:11ID: BC  Data: 00 00 00 AA FA 39 B4 0D 
"
"2016-11-21 14:57:11ID: BB  Data: 00 00 00 AA 05 C3 AA 4E 
"
"2016-11-21 14:57:11ID: BC  Data: 00 00 00 AA FA 3C 55 B2 
"
"2016-11-21 14:57:11ID: BB  Data: 00 00 00 AA 05 C1 08 A9 
"
"2016-11-21 14:57:11ID: BC  Data: 00 00 00 AA FA 3E F7 57 
"
"2016-11-21 14:57:11ID: BB  Data: 00 00 00 AA 05 C1 08 A9 
"
"2016-11-21 14:57:11ID: BC  Data: 00 00 00 AA FA 3E F7 57 
"
"2016-11-21 14:57:11ID: BB  Data: 00 00 00 AA 05 BD 16 31 
"
"2016-11-21 14:57:11ID: BC  Data: 00 00 00 AA FA 42 E9 CF 
"
"2016-11-21 14:57:12ID: BB  Data: 00 00 00 AA 05 B7 D2 E7 
"
"2016-11-21 14:57:12ID: BC  Data: 00 00 00 AA FA 48 2D 19 
"
"2016-11-21 14:57:12ID: BB  Data: 00 00 00 AA 05 BF B7 D6 
"
"2016-11-21 14:57:12ID: BC  Data: 00 00 00 AA FA 40 48 2A 
"
"2016-11-21 14:57:12ID: BB  Data: 00 00 00 AA 05 B2 8F 9D 
"
"2016-11-21 14:57:12ID: BC  Data: 00 00 00 AA FA 4D 70 63 
"
"2016-11-21 14:57:12ID: BB  Data: 00 00 00 AA 05 BA 74 8C 
"
"2016-11-21 14:57:12ID: BC  Data: 00 00 00 AA FA 45 8B 74 
"
"2016-11-21 14:57:12ID: BB  Data: 00 00 00 AA 05 B6 82 14 
"
"2016-11-21 14:57:12ID: BC  Data: 00 00 00 AA FA 49 7D EC 
"
"2016-11-21 14:57:12ID: BB  Data: 00 00 00 AA 05 B3 E0 6F 
"
"2016-11-21 14:57:12ID: BC  Data: 00 00 00 AA FA 4C 1F 91 
"
"2016-11-21 14:57:12ID: BB  Data: 00 00 00 AA 05 B5 31 42 
"
"2016-11-21 14:57:12ID: BC  Data: 00 00 00 AA FA 4A CE BE 
"
"2016-11-21 14:57:12ID: BB  Data: 00 00 00 AA 05 AA AA AE 
"
"2016-11-21 14:57:12ID: BC  Data: 00 00 00 AA FA 55 55 52 
"
"2016-11-21 14:57:12ID: BB  Data: 00 00 00 AA 05 B1 3E CA 
"
"2016-11-21 14:57:12ID: BC  Data: 00 00 00 AA FA 4E C1 36 
"
"2016-11-21 14:57:12ID: BB  Data: 00 00 00 AA 05 B1 3E CA 
"
"2016-11-21 14:57:12ID: BC  Data: 00 00 00 AA FA 4E C1 36 
"
"2016-11-21 14:57:12ID: BB  Data: 00 00 00 AA 05 AE 9D 25 
"
"2016-11-21 14:57:12ID: BC  Data: 00 00 00 AA FA 51 62 DB 
"
"2016-11-21 14:57:12ID: BB  Data: 00 00 00 AA 05 B1 3E CA 
"
"2016-11-21 14:57:13ID: BC  Data: 00 00 00 AA FA 4E C1 36 
"
"2016-11-21 14:57:13ID: BB  Data: 00 00 00 AA 05 B3 E0 6F 
"
"2016-11-21 14:57:13ID: BC  Data: 00 00 00 AA FA 4C 1F 91 
"
"2016-11-21 14:57:13ID: BB  Data: 00 00 00 AA 05 AB FB 80 
"
"2016-11-21 14:57:13ID: BC  Data: 00 00 00 AA FA 54 04 80 
"
"2016-11-21 14:57:13ID: BB  Data: 00 00 00 AA 05 B3 E0 6F 
"
"2016-11-21 14:57:13ID: BC  Data: 00 00 00 AA FA 4C 1F 91 
"
"2016-11-21 14:57:13ID: BB  Data: 00 00 00 AA 05 AB FB 80 
"
"2016-11-21 14:57:13ID: BC  Data: 00 00 00 AA FA 54 04 80 
"
"2016-11-21 14:57:13ID: BB  Data: 00 00 00 AA 05 A9 59 DB 
"
"2016-11-21 14:57:13ID: BC  Data: 00 00 00 AA FA 56 A6 25 
"
"2016-11-21 14:57:13ID: BB  Data: 00 00 00 AA 05 A5 67 64 
"
"2016-11-21 14:57:13ID: BC  Data: 00 00 00 AA FA 5A 98 9C 
"
"2016-11-21 14:57:13ID: BB  Data: 00 00 00 AA 05 A4 16 91 
"
"2016-11-21 14:57:13ID: BC  Data: 00 00 00 AA FA 5B E9 6F 
"
"2016-11-21 14:57:13ID: BB  Data: 00 00 00 AA 05 A5 67 64 
"
"2016-11-21 14:57:13ID: BC  Data: 00 00 00 AA FA 5A 98 9C 
"
"2016-11-21 14:57:13ID: BB  Data: 00 00 00 AA 05 A4 16 91 
"
"2016-11-21 14:57:13ID: BC  Data: 00 00 00 AA FA 5B E9 6F 
"
"2016-11-21 14:57:13ID: BB  Data: 00 00 00 AA 05 95 9D 85 
"
"2016-11-21 14:57:13ID: BC  Data: 00 00 00 AA FA 6A 62 7B 
"
"2016-11-21 14:57:13ID: BB  Data: 00 00 00 AA 05 9C 31 A2 
"
"2016-11-21 14:57:13ID: BC  Data: 00 00 00 AA FA 63 CE 5E 
"
"2016-11-21 14:57:14ID: BB  Data: 00 00 00 AA 05 98 3F 2B 
"
"2016-11-21 14:57:14ID: BC  Data: 00 00 00 AA FA 67 C0 D5 
"
"2016-11-21 14:57:14ID: BB  Data: 00 00 00 AA 05 9D 82 75 
"
"2016-11-21 14:57:14ID: BC  Data: 00 00 00 AA FA 62 7D 8B 
"
"2016-11-21 14:57:14ID: BB  Data: 00 00 00 AA 05 98 3F 2B 
"
"2016-11-21 14:57:14ID: BC  Data: 00 00 00 AA FA 67 C0 D5 
"
"2016-11-21 14:57:14ID: BB  Data: 00 00 00 AA 05 98 3F 2B 
"
"2016-11-21 14:57:14ID: BC  Data: 00 00 00 AA FA 67 C0 D5 
"
"2016-11-21 14:57:14ID: BB  Data: 00 00 00 AA 05 94 4C B3 
"
"2016-11-21 14:57:14ID: BC  Data: 00 00 00 AA FA 6B B3 4D 
"
"2016-11-21 14:57:14ID: BB  Data: 00 00 00 AA 05 87 24 7A 
"
"2016-11-21 14:57:14ID: BC  Data: 00 00 00 AA FA 78 DB 86 
"
"2016-11-21 14:57:14ID: BB  Data: 00 00 00 AA 05 7D EE B8 
"
"2016-11-21 14:57:14ID: BC  Data: 00 00 00 AA FA 82 11 48 
"
"2016-11-21 14:57:14ID: BB  Data: 00 00 00 AA 05 5A 68 84 
"
"2016-11-21 14:57:14ID: BC  Data: 00 00 00 AA FA A5 97 7C 
"
"2016-11-21 14:57:14ID: BB  Data: 00 00 00 AA 04 CD A0 87 
"
"2016-11-21 14:57:14ID: BC  Data: 00 00 00 AA FB 32 5F 79 
"
"2016-11-21 14:57:14ID: BB  Data: 00 00 00 AA 02 9F C3 DC 
"
"2016-11-21 14:57:14ID: BC  Data: 00 00 00 AA FD 60 3C 24 
"
"2016-11-21 14:57:14ID: BB  Data: 00 00 00 AA 00 00 00 00 
"
"2016-11-21 14:57:14ID: BC  Data: 00 00 00 AA 00 00 00 00 
"
"2016-11-21 14:57:15ID: BB  Data: 00 00 00 AA 00 00 00 00 
"
"2016-11-21 14:57:15ID: BC  Data: 00 00 00 AA 00 00 00 00 
"
"2016-11-21 14:57:15ID: BB  Data: 00 00 00 AA 00 00 00 00 
"
"2016-11-21 14:57:15ID: BC  Data: 00 00 00 AA 00 00 00 00 
"
"2016-11-21 14:57:15ID: BB  Data: 00 00 00 AA 00 00 00 00 
"
"2016-11-21 14:57:15ID: BC  Data: 00 00 00 AA 00 00 00 00 
"
"2016-11-21 14:57:15ID: BB  Data: 00 00 00 AA 00 00 00 00 
"
"2016-11-21 14:57:15ID: BC  Data: 00 00 00 AA 00 00 00 00 
"
"2016-11-21 14:57:15ID: BB  Data: 00 00 00 AA 00 00 00 00 
"
"2016-11-21 14:57:15ID: BC  Data: 00 00 00 AA 00 00 00 00 
"
"2016-11-21 14:57:15ID: BB  Data: 00 00 00 AA 00 00 00 00 
"
"2016-11-21 14:57:15ID: BC  Data: 00 00 00 AA 00 00 00 00 
"
"2016-11-21 14:57:15ID: BB  Data: 00 00 00 AA 00 00 00 00 
"
"2016-11-21 14:57:15ID: BC  Data: 00 00 00 AA 00 00 00 00 
"
"2016-11-21 14:57:15ID: BB  Data: 00 00 00 AA 00 00 00 00 
"
"2016-11-21 14:57:15ID: BC  Data: 00 00 00 AA 00 00 00 00 
"
"2016-11-21 14:57:15ID: BB  Data: 00 00 00 AA 00 00 00 00 
"
"2016-11-21 14:57:15ID: BC  Data: 00 00 00 AA 00 00 00 00 
"
"2016-11-21 14:57:15ID: BB  Data: 00 00 00 AA 00 00 00 00 
"
"2016-11-21 14:57:15ID: BC  Data: 00 00 00 AA 00 00 00 00 
"
"2016-11-21 14:57:15ID: BB  Data: 00 00 00 AA 00 00 00 00 
"
"2016-11-21 14:57:15ID: BC  Data: 00 00 00 AA 00 00 00 00 
"
"2016-11-21 14:57:15ID: BB  Data: 00 00 00 AA 00 00 00 00 
"
"2016-11-21 14:57:15ID: BC  Data: 00 00 00 AA 00 00 00 00 
"
"2016-11-21 14:57:16ID: BB  Data: 00 00 00 AA 00 00 00 00 
"
"2016-11-21 14:57:16ID: BC  Data: 00 00 00 AA 00 00 00 00 
"
"2016-11-21 14:57:16ID: BB  Data: 00 00 00 AA 00 00 00 00 
"
"2016-11-21 14:57:16ID: BC  Data: 00 00 00 AA 00 00 00 00 
"
"2016-11-21 14:57:16ID: BB  Data: 00 00 00 AA 00 00 00 00 
"
"2016-11-21 14:57:16ID: BC  Data: 00 00 00 AA 00 00 00 00 
"
"2016-11-21 14:57:16ID: BB  Data: 00 00 00 AA 00 00 00 00 
"
"2016-11-21 14:57:16ID: BC  Data: 00 00 00 AA 00 00 00 00 
"
"2016-11-21 14:57:16ID: BB  Data: 00 00 00 AA 00 00 00 00 
"
"2016-11-21 14:57:16ID: BC  Data: 00 00 00 AA 00 00 00 00 
"
"2016-11-21 14:57:16ID: BB  Data: 00 00 00 AA 00 00 00 00 
"
"2016-11-21 14:57:16ID: BC  Data: 00 00 00 AA 00 00 00 00 
"
"2016-11-21 14:57:16ID: BB  Data: 00 00 00 AA 00 00 00 00 
"
"2016-11-21 14:57:16ID: BC  Data: 00 00 00 AA 00 00 00 00 
"
"2016-11-21 14:57:16ID: BB  Data: 00 00 00 AA 00 00 00 00 
"
"2016-11-21 14:57:16ID: BC  Data: 00 00 00 AA 00 00 00 00 
"
"2016-11-21 14:57:16ID: BB  Data: 00 00 00 AA 00 00 00 00 
"
"2016-11-21 14:57:16ID: BC  Data: 00 00 00 AA 00 00 00 00 
"
"2016-11-21 14:57:16ID: BB  Data: 00 00 00 AA 00 00 00 00 
"
"2016-11-21 14:57:16ID: BC  Data: 00 00 00 AA 00 00 00 00 
"
"2016-11-21 14:57:16ID: BB  Data: 00 00 00 AA 00 00 00 00 
"
"2016-11-21 14:57:16ID: BC  Data: 00 00 00 AA 00 00 00 00 
"
"2016-11-21 14:57:17ID: BB  Data: 00 00 00 AA 00 00 00 00 
"
"2016-11-21 14:57:17ID: BC  Data: 00 00 00 AA 00 00 00 00 
"
"2016-11-21 14:57:17ID: BB  Data: 00 00 00 AA 00 00 00 00 
"
"2016-11-21 14:57:17ID: BC  Data: 00 00 00 AA 00 00 00 00 
"
"2016-11-21 14:57:17ID: BB  Data: 00 00 00 AA 00 00 00 00 
"
"2016-11-21 14:57:17ID: BC  Data: 00 00 00 AA 00 00 00 00 
"
"2016-11-21 14:57:17ID: BB  Data: 00 00 00 AA 00 00 00 00 
"
"2016-11-21 14:57:17ID: BC  Data: 00 00 00 AA 00 00 00 00 
"
"2016-11-21 14:57:17ID: BB  Data: 00 00 00 AA 00 00 00 00 
"
"2016-11-21 14:57:17ID: BC  Data: 00 00 00 AA 00 00 00 00 
"
"2016-11-21 14:57:17ID: BB  Data: 00 00 00 AA 00 00 00 00 
"
"2016-11-21 14:57:17ID: BC  Data: 00 00 00 AA 00 00 00 00 
"
"2016-11-21 14:57:17ID: BB  Data: 00 00 00 AA 00 00 00 00 
"
"2016-11-21 14:57:17ID: BC  Data: 00 00 00 AA 00 00 00 00 
"
"2016-11-21 14:57:17ID: BB  Data: 00 00 00 AA 00 00 00 00 
"
"2016-11-21 14:57:17ID: BC  Data: 00 00 00 AA 00 00 00 00 
"
"2016-11-21 14:57:17ID: BB  Data: 00 00 00 AA 00 00 00 00 
"
"2016-11-21 14:57:17ID: BC  Data: 00 00 00 AA 00 00 00 00 
"
"2016-11-21 14:57:17ID: BB  Data: 00 00 00 AA 00 00 00 00 
"
"2016-11-21 14:57:17ID: BC  Data: 00 00 00 AA 00 00 00 00 
"
"2016-11-21 14:57:17ID: BB  Data: 00 00 00 AA 00 00 00 00 
"
"2016-11-21 14:57:17ID: BC  Data: 00 00 00 AA 00 00 00 00 
"
"2016-11-21 14:57:18ID: BB  Data: 00 00 00 AA 00 00 00 00 
"
"2016-11-21 14:57:18ID: BC  Data: 00 00 00 AA 00 00 00 00 
"
"2016-11-21 14:57:18ID: BB  Data: 00 00 00 AA 00 00 00 00 
"
"2016-11-21 14:57:18ID: BC  Data: 00 00 00 AA 00 00 00 00 
"
"2016-11-21 14:57:18ID: BB  Data: 00 00 00 AA 00 00 00 00 
"
"2016-11-21 14:57:18ID: BC  Data: 00 00 00 AA 00 00 00 00 
"
"2016-11-21 14:57:18ID: BB  Data: 00 00 00 AA 00 00 00 00 
"
"2016-11-21 14:57:18ID: BC  Data: 00 00 00 AA 00 00 00 00 
"
"2016-11-21 14:57:18ID: BB  Data: 00 00 00 AA 00 00 00 00 
"
"2016-11-21 14:57:18ID: BC  Data: 00 00 00 AA 00 00 00 00 
"
"2016-11-21 14:57:18ID: BB  Data: 00 00 00 AA 00 00 00 00 
"
"2016-11-21 14:57:18ID: BC  Data: 00 00 00 AA 00 00 00 00 
"
"2016-11-21 14:57:18ID: BB  Data: 00 00 00 AA 00 00 00 00 
"
"2016-11-21 14:57:18ID: BC  Data: 00 00 00 AA 00 00 00 00 
"
"2016-11-21 14:57:18ID: BB  Data: 00 00 00 AA 00 00 00 00 
"
"2016-11-21 14:57:18ID: BC  Data: 00 00 00 AA 00 00 00 00 
"
"2016-11-21 14:57:18ID: BB  Data: 00 00 00 AA 00 00 00 00 
"
"2016-11-21 14:57:18ID: BC  Data: 00 00 00 AA 00 00 00 00 
"
"2016-11-21 14:57:18ID: BB  Data: 00 00 00 AA 00 00 00 00 
"
"2016-11-21 14:57:18ID: BC  Data: 00 00 00 AA 00 00 00 00 
"
"2016-11-21 14:57:18ID: BB  Data: 00 00 00 AA 00 00 00 00 
"
"2016-11-21 14:57:18ID: BC  Data: 00 00 00 AA 00 00 00 00 
"
"2016-11-21 14:57:18ID: BB  Data: 00 00 00 AA 00 00 00 00 
"
"2016-11-21 14:57:18ID: BC  Data: 00 00 00 AA 00 00 00 00 
"
"2016-11-21 14:57:19ID: BB  Data: 00 00 00 AA 00 00 00 00 
"
"2016-11-21 14:57:19ID: BC  Data: 00 00 00 AA 00 00 00 00 
"
"2016-11-21 14:57:19ID: BB  Data: 00 00 00 AA 00 00 00 00 
"
"2016-11-21 14:57:19ID: BC  Data: 00 00 00 AA 00 00 00 00 
"
"2016-11-21 14:57:19ID: BB  Data: 00 00 00 AA 00 00 00 00 
"
"2016-11-21 14:57:19ID: BC  Data: 00 00 00 AA 00 00 00 00 
"
"2016-11-21 14:57:19ID: BB  Data: 00 00 00 AA 00 00 00 00 
"
"2016-11-21 14:57:19ID: BC  Data: 00 00 00 AA 00 00 00 00 
"
"2016-11-21 14:57:19ID: BB  Data: 00 00 00 AA 00 00 00 00 
"
"2016-11-21 14:57:19ID: BC  Data: 00 00 00 AA 00 00 00 00 
"
"2016-11-21 14:57:19ID: BB  Data: 00 00 00 AA 00 00 00 00 
"
"2016-11-21 14:57:19ID: BC  Data: 00 00 00 AA 00 00 00 00 
"
"2016-11-21 14:57:19ID: BB  Data: 00 00 00 AA 00 00 00 00 
"
"2016-11-21 14:57:19ID: BC  Data: 00 00 00 AA 00 00 00 00 
"
"2016-11-21 14:57:19ID: BB  Data: 00 00 00 AA 00 00 00 00 
"
"2016-11-21 14:57:19ID: BC  Data: 00 00 00 AA 00 00 00 00 
"
"2016-11-21 14:57:19ID: BB  Data: 00 00 00 AA 00 00 00 00 
"
"2016-11-21 14:57:19ID: BC  Data: 00 00 00 AA 00 00 00 00 
"
"2016-11-21 14:57:19ID: BB  Data: 00 00 00 AA 00 00 00 00 
"
"2016-11-21 14:57:19ID: BC  Data: 00 00 00 AA 00 00 00 00 
"
"2016-11-21 14:57:19ID: BB  Data: 00 00 00 AA 00 00 00 00 
"
"2016-11-21 14:57:19ID: BC  Data: 00 00 00 AA 00 00 00 00 
"
"2016-11-21 14:57:20ID: BB  Data: 00 00 00 AA 00 00 00 00 
"
"2016-11-21 14:57:20ID: BC  Data: 00 00 00 AA 00 00 00 00 
"
"2016-11-21 14:57:20ID: BB  Data: 00 00 00 AA 00 00 00 00 
"
"2016-11-21 14:57:20ID: BC  Data: 00 00 00 AA 00 00 00 00 
"
"2016-11-21 14:57:20ID: BB  Data: 00 00 00 AA 00 00 00 00 
"
"2016-11-21 14:57:20ID: BC  Data: 00 00 00 AA 00 00 00 00 
"
"2016-11-21 14:57:20ID: BB  Data: 00 00 00 AA 00 00 00 00 
"
"2016-11-21 14:57:20ID: BC  Data: 00 00 00 AA 00 00 00 00 
"
"2016-11-21 14:57:20ID: BB  Data: 00 00 00 AA 00 00 00 00 
"
"2016-11-21 14:57:20ID: BC  Data: 00 00 00 AA 00 00 00 00 
"
"2016-11-21 14:57:20ID: BB  Data: 00 00 00 AA 00 00 00 00 
"
"2016-11-21 14:57:20ID: BC  Data: 00 00 00 AA 00 00 00 00 
"
"2016-11-21 14:57:20ID: BB  Data: 00 00 00 AA 00 00 00 00 
"
"2016-11-21 14:57:20ID: BC  Data: 00 00 00 AA 00 00 00 00 
"
"2016-11-21 14:57:20ID: BB  Data: 00 00 00 AA 00 00 00 00 
"
"2016-11-21 14:57:20ID: BC  Data: 00 00 00 AA 00 00 00 00 
"
"2016-11-21 14:57:20ID: BB  Data: 00 00 00 AA 00 00 00 00 
"
"2016-11-21 14:57:20ID: BC  Data: 00 00 00 AA 00 00 00 00 
"
"2016-11-21 14:57:20ID: BB  Data: 00 00 00 AA 00 00 00 00 
"
"2016-11-21 14:57:20ID: BC  Data: 00 00 00 AA 00 00 00 00 
"
"2016-11-21 14:57:20ID: BB  Data: 00 00 00 AA 00 00 00 00 
"
"2016-11-21 14:57:20ID: BC  Data: 00 00 00 AA 00 00 00 00 
"
"2016-11-21 14:57:20ID: BB  Data: 00 00 00 AA 00 00 00 00 
"
"2016-11-21 14:57:21ID: BC  Data: 00 00 00 AA 00 00 00 00 
"
"2016-11-21 14:57:21ID: BB  Data: 00 00 00 AA 00 00 00 00 
"
"2016-11-21 14:57:21ID: BC  Data: 00 00 00 AA 00 00 00 00 
"
"2016-11-21 14:57:21ID: BB  Data: 00 00 00 AA 00 00 00 00 
"
"2016-11-21 14:57:21ID: BC  Data: 00 00 00 AA 00 00 00 00 
"
"2016-11-21 14:57:21ID: BB  Data: 00 00 00 AA 00 00 00 00 
"
"2016-11-21 14:57:21ID: BC  Data: 00 00 00 AA 00 00 00 00 
"
"2016-11-21 14:57:21ID: BB  Data: 00 00 00 AA 00 00 00 00 
"
"2016-11-21 14:57:21ID: BC  Data: 00 00 00 AA 00 00 00 00 
"
"2016-11-21 14:57:21ID: BB  Data: 00 00 00 AA 00 00 00 00 
"
"2016-11-21 14:57:21ID: BC  Data: 00 00 00 AA 00 00 00 00 
"
"2016-11-21 14:57:21ID: BB  Data: 00 00 00 AA 00 00 00 00 
"
"2016-11-21 14:57:21ID: BC  Data: 00 00 00 AA 00 00 00 00 
"
"2016-11-21 14:57:21ID: BB  Data: 00 00 00 AA 00 00 00 00 
"
"2016-11-21 14:57:21ID: BC  Data: 00 00 00 AA 00 00 00 00 
"
"2016-11-21 14:57:21ID: BB  Data: 00 00 00 AA 00 00 00 00 
"
"2016-11-21 14:57:21ID: BC  Data: 00 00 00 AA 00 00 00 00 
"
"2016-11-21 14:57:21ID: BB  Data: 00 00 00 AA 00 00 00 00 
"
"2016-11-21 14:57:21ID: BC  Data: 00 00 00 AA 00 00 00 00 
"
"2016-11-21 14:57:21ID: BB  Data: 00 00 00 AA 00 00 00 00 
"
"2016-11-21 14:57:21ID: BC  Data: 00 00 00 AA 00 00 00 00 
"
"2016-11-21 14:57:21ID: BB  Data: 00 00 00 AA 00 00 00 00 
"
"2016-11-21 14:57:21ID: BC  Data: 00 00 00 AA 00 00 00 00 
"
"2016-11-21 14:57:22ID: BB  Data: 00 00 00 AA 00 00 00 00 
"
"2016-11-21 14:57:22ID: BC  Data: 00 00 00 AA 00 00 00 00 
"
"2016-11-21 14:57:22ID: BB  Data: 00 00 00 AA 00 00 00 00 
"
"2016-11-21 14:57:22ID: BC  Data: 00 00 00 AA 00 00 00 00 
"
"2016-11-21 14:57:22ID: BB  Data: 00 00 00 AA 00 00 00 00 
"
"2016-11-21 14:57:22ID: BC  Data: 00 00 00 AA 00 00 00 00 
"
"2016-11-21 14:57:22ID: BB  Data: 00 00 00 AA 00 00 00 00 
"
"2016-11-21 14:57:22ID: BC  Data: 00 00 00 AA 00 00 00 00 
"
"2016-11-21 14:57:22ID: BB  Data: 00 00 00 AA 00 00 00 00 
"
"2016-11-21 14:57:22ID: BC  Data: 00 00 00 AA 00 00 00 00 
"
"2016-11-21 14:57:22ID: BB  Data: 00 00 00 AA 00 00 00 00 
"
"2016-11-21 14:57:22ID: BC  Data: 00 00 00 AA 00 00 00 00 
"
"2016-11-21 14:57:22ID: BB  Data: 00 00 00 AA 00 00 00 00 
"
"2016-11-21 14:57:22ID: BC  Data: 00 00 00 AA 00 00 00 00 
"
"2016-11-21 14:57:22ID: BB  Data: 00 00 00 AA 00 00 00 00 
"
"2016-11-21 14:57:22ID: BC  Data: 00 00 00 AA 00 00 00 00 
"
"2016-11-21 14:57:22ID: BB  Data: 00 00 00 AA 00 00 00 00 
"
"2016-11-21 14:57:22ID: BC  Data: 00 00 00 AA 00 00 00 00 
"
"2016-11-21 14:57:22ID: BB  Data: 00 00 00 AA 00 00 00 00 
"
"2016-11-21 14:57:22ID: BC  Data: 00 00 00 AA 00 00 00 00 
"
"2016-11-21 14:57:22ID: BB  Data: 00 00 00 AA 00 00 00 00 
"
"2016-11-21 14:57:22ID: BC  Data: 00 00 00 AA 00 00 00 00 
"
"2016-11-21 14:57:23ID: BB  Data: 00 00 00 AA 00 00 00 00 
"
"2016-11-21 14:57:23ID: BC  Data: 00 00 00 AA 00 00 00 00 
"
"2016-11-21 14:57:23ID: BB  Data: 00 00 00 AA 00 00 00 00 
"
"2016-11-21 14:57:23ID: BC  Data: 00 00 00 AA 00 00 00 00 
"
"2016-11-21 14:57:23ID: BB  Data: 00 00 00 AA 00 00 00 00 
"
"2016-11-21 14:57:23ID: BC  Data: 00 00 00 AA 00 00 00 00 
"
"2016-11-21 14:57:23ID: BB  Data: 00 00 00 AA 00 00 00 00 
"
"2016-11-21 14:57:23ID: BC  Data: 00 00 00 AA 00 00 00 00 
"
"2016-11-21 14:57:23ID: BB  Data: 00 00 00 AA 00 00 00 00 
"
"2016-11-21 14:57:23ID: BC  Data: 00 00 00 AA 00 00 00 00 
"
"2016-11-21 14:57:23ID: BB  Data: 00 00 00 AA 00 00 00 00 
"
"2016-11-21 14:57:23ID: BC  Data: 00 00 00 AA 00 00 00 00 
"
"2016-11-21 14:57:23ID: BB  Data: 00 00 00 AA 00 00 00 00 
"
"2016-11-21 14:57:23ID: BC  Data: 00 00 00 AA 00 00 00 00 
"
"2016-11-21 14:57:23ID: BB  Data: 00 00 00 AA 03 5F DB EB 
"
"2016-11-21 14:57:23ID: BC  Data: 00 00 00 AA FC A0 24 15 
"
"2016-11-21 14:57:23ID: BB  Data: 00 00 00 AA 05 BD 16 31 
"
"2016-11-21 14:57:23ID: BC  Data: 00 00 00 AA FA 42 E9 CF 
"
"2016-11-21 14:57:23ID: BB  Data: 00 00 00 AA 06 AD DC AE 
"
"2016-11-21 14:57:23ID: BC  Data: 00 00 00 AA F9 52 23 52 
"
"2016-11-21 14:57:23ID: BB  Data: 00 00 00 AA 06 FB 7D 32 
"
"2016-11-21 14:57:23ID: BC  Data: 00 00 00 AA F9 04 82 CE 
"
"2016-11-21 14:57:23ID: BB  Data: 00 00 00 AA 07 39 53 D8 
"
"2016-11-21 14:57:23ID: BC  Data: 00 00 00 AA F8 C6 AC 28 
"
"2016-11-21 14:57:24ID: BB  Data: 00 00 00 AA 07 63 6E 29 
"
"2016-11-21 14:57:24ID: BC  Data: 00 00 00 AA F8 9C 91 D7 
"
"2016-11-21 14:57:24ID: BB  Data: 00 00 00 AA 07 81 B1 13 
"
"2016-11-21 14:57:24ID: BC  Data: 00 00 00 AA F8 7E 4E ED 
"
"2016-11-21 14:57:24ID: BB  Data: 00 00 00 AA 07 A7 D8 EC 
"
"2016-11-21 14:57:24ID: BC  Data: 00 00 00 AA F8 58 27 14 
"
"2016-11-21 14:57:24ID: BB  Data: 00 00 00 AA 07 A9 29 BE 
"
"2016-11-21 14:57:24ID: BC  Data: 00 00 00 AA F8 56 D6 42 
"
"2016-11-21 14:57:24ID: BB  Data: 00 00 00 AA 07 AA 7A 91 
"
"2016-11-21 14:57:24ID: BC  Data: 00 00 00 AA F8 55 85 6F 
"
"2016-11-21 14:57:24ID: BB  Data: 00 00 00 AA 07 D9 D8 2B 
"
"2016-11-21 14:57:24ID: BC  Data: 00 00 00 AA F8 26 27 D5 
"
"2016-11-21 14:57:24ID: BB  Data: 00 00 00 AA 07 E4 5E BF 
"
"2016-11-21 14:57:24ID: BC  Data: 00 00 00 AA F8 1B A1 41 
"
"2016-11-21 14:57:24ID: BB  Data: 00 00 00 AA 07 E7 00 65 
"
"2016-11-21 14:57:24ID: BC  Data: 00 00 00 AA F8 18 FF 9B 
"
"2016-11-21 14:57:24ID: BB  Data: 00 00 00 AA 07 EE E5 54 
"
"2016-11-21 14:57:24ID: BC  Data: 00 00 00 AA F8 11 1A AC 
"
"2016-11-21 14:57:24ID: BB  Data: 00 00 00 AA 07 E3 0D ED 
"
"2016-11-21 14:57:24ID: BC  Data: 00 00 00 AA F8 1C F2 13 
"
"2016-11-21 14:57:24ID: BB  Data: 00 00 00 AA 07 DF 1B 75 
"
"2016-11-21 14:57:24ID: BC  Data: 00 00 00 AA F8 20 E4 8B 
"
"2016-11-21 14:57:25ID: BB  Data: 00 00 00 AA 07 D7 36 86 
"
"2016-11-21 14:57:25ID: BC  Data: 00 00 00 AA F8 28 C9 7A 
"
"2016-11-21 14:57:25ID: BB  Data: 00 00 00 AA 07 E8 51 37 
"
"2016-11-21 14:57:25ID: BC  Data: 00 00 00 AA F8 17 AE C9 
"
"2016-11-21 14:57:25ID: BB  Data: 00 00 00 AA 07 DC 79 D0 
"
"2016-11-21 14:57:25ID: BC  Data: 00 00 00 AA F8 23 86 30 
"
"2016-11-21 14:57:25ID: BB  Data: 00 00 00 AA 07 EC 43 AF 
"
"2016-11-21 14:57:25ID: BC  Data: 00 00 00 AA F8 13 BC 51 
"
"2016-11-21 14:57:25ID: BB  Data: 00 00 00 AA 07 EC 43 AF 
"
"2016-11-21 14:57:25ID: BC  Data: 00 00 00 AA F8 13 BC 51 
"
"2016-11-21 14:57:25ID: BB  Data: 00 00 00 AA 08 69 41 CE 
"
"2016-11-21 14:57:25ID: BC  Data: 00 00 00 AA F7 96 BE 32 
"
"2016-11-21 14:57:25ID: BB  Data: 00 00 00 AA 08 CB EF 7A 
"
"2016-11-21 14:57:25ID: BC  Data: 00 00 00 AA F7 34 10 86 
"
"2016-11-21 14:57:25ID: BB  Data: 00 00 00 AA 08 C5 5B 5E 
"
"2016-11-21 14:57:25ID: BC  Data: 00 00 00 AA F7 3A A4 A2 
"
"2016-11-21 14:57:25ID: BB  Data: 00 00 00 AA 08 AC 5B BE 
"
"2016-11-21 14:57:25ID: BC  Data: 00 00 00 AA F7 53 A4 42 
"
"2016-11-21 14:57:25ID: BB  Data: 00 00 00 AA 08 B5 91 80 
"
"2016-11-21 14:57:25ID: BC  Data: 00 00 00 AA F7 4A 6E 80 
"
"2016-11-21 14:57:25ID: BB  Data: 00 00 00 AA 08 A8 69 46 
"
"2016-11-21 14:57:25ID: BC  Data: 00 00 00 AA F7 57 96 BA 
"
"2016-11-21 14:57:26ID: BB  Data: 00 00 00 AA 08 A7 18 74 
"
"2016-11-21 14:57:26ID: BC  Data: 00 00 00 AA F7 58 E7 8C 
"
"2016-11-21 14:57:26ID: BB  Data: 00 00 00 AA 08 A3 25 FC 
"
"2016-11-21 14:57:26ID: BC  Data: 00 00 00 AA F7 5C DA 04 
"
"2016-11-21 14:57:26ID: BB  Data: 00 00 00 AA 08 A0 84 57 
"
"2016-11-21 14:57:26ID: BC  Data: 00 00 00 AA F7 5F 7B A9 
"
"2016-11-21 14:57:26ID: BB  Data: 00 00 00 AA 08 8E 18 D4 
"
"2016-11-21 14:57:26ID: BC  Data: 00 00 00 AA F7 71 E7 2C 
"
"2016-11-21 14:57:26ID: BB  Data: 00 00 00 AA 08 8C C8 02 
"
"2016-11-21 14:57:26ID: BC  Data: 00 00 00 AA F7 73 37 FE 
"
"2016-11-21 14:57:26ID: BB  Data: 00 00 00 AA 08 83 92 40 
"
"2016-11-21 14:57:26ID: BC  Data: 00 00 00 AA F7 7C 6D C0 
"
"2016-11-21 14:57:26ID: BB  Data: 00 00 00 AA 08 93 5C 1E 
"
"2016-11-21 14:57:26ID: BC  Data: 00 00 00 AA F7 6C A3 E2 
"
"2016-11-21 14:57:26ID: BB  Data: 00 00 00 AA 08 7F 9F C8 
"
"2016-11-21 14:57:26ID: BC  Data: 00 00 00 AA F7 80 60 38 
"
"2016-11-21 14:57:26ID: BB  Data: 00 00 00 AA 08 7E 4E F6 
"
"2016-11-21 14:57:26ID: BC  Data: 00 00 00 AA F7 81 B1 0A 
"
"2016-11-21 14:57:26ID: BB  Data: 00 00 00 AA 08 7A 5C 7E 
"
"2016-11-21 14:57:26ID: BC  Data: 00 00 00 AA F7 85 A3 82 
"
"2016-11-21 14:57:26ID: BB  Data: 00 00 00 AA 08 76 6A 07 
"
"2016-11-21 14:57:26ID: BC  Data: 00 00 00 AA F7 89 95 F9 
"
"2016-11-21 14:57:26ID: BB  Data: 00 00 00 AA 08 73 C8 62 
"
"2016-11-21 14:57:26ID: BC  Data: 00 00 00 AA F7 8C 37 9E 
"
"2016-11-21 14:57:27ID: BB  Data: 00 00 00 AA 08 66 A0 29 
"
"2016-11-21 14:57:27ID: BC  Data: 00 00 00 AA F7 99 5F D7 
"
"2016-11-21 14:57:27ID: BB  Data: 00 00 00 AA 08 79 0B AC 
"
"2016-11-21 14:57:27ID: BC  Data: 00 00 00 AA F7 86 F4 54 
"
"2016-11-21 14:57:27ID: BB  Data: 00 00 00 AA 08 56 D6 4A 
"
"2016-11-21 14:57:27ID: BC  Data: 00 00 00 AA F7 A9 29 B6 
"
"2016-11-21 14:57:27ID: BB  Data: 00 00 00 AA 08 84 E3 13 
"
"2016-11-21 14:57:27ID: BC  Data: 00 00 00 AA F7 7B 1C ED 
"
"2016-11-21 14:57:27ID: BB  Data: 00 00 00 AA 08 6E 85 18 
"
"2016-11-21 14:57:27ID: BC  Data: 00 00 00 AA F7 91 7A E8 
"
"2016-11-21 14:57:27ID: BB  Data: 00 00 00 AA 08 65 4F 56 
"
"2016-11-21 14:57:27ID: BC  Data: 00 00 00 AA F7 9A B0 AA 
"
"2016-11-21 14:57:27ID: BB  Data: 00 00 00 AA 08 6E 85 18 
"
"2016-11-21 14:57:27ID: BC  Data: 00 00 00 AA F7 91 7A E8 
"
"2016-11-21 14:57:27ID: BB  Data: 00 00 00 AA 08 6E 85 18 
"
"2016-11-21 14:57:27ID: BC  Data: 00 00 00 AA F7 91 7A E8 
"
"2016-11-21 14:57:27ID: BB  Data: 00 00 00 AA 08 6B E3 73 
"
"2016-11-21 14:57:27ID: BC  Data: 00 00 00 AA F7 94 1C 8D 
"
"2016-11-21 14:57:27ID: BB  Data: 00 00 00 AA 08 63 FE 84 
"
"2016-11-21 14:57:27ID: BC  Data: 00 00 00 AA F7 9C 01 7C 
"
"2016-11-21 14:57:27ID: BB  Data: 00 00 00 AA 08 66 A0 29 
"
"2016-11-21 14:57:27ID: BC  Data: 00 00 00 AA F7 99 5F D7 
"
"2016-11-21 14:57:28ID: BB  Data: 00 00 00 AA 08 71 26 BD 
"
"2016-11-21 14:57:28ID: BC  Data: 00 00 00 AA F7 8E D9 43 
"
"2016-11-21 14:57:28ID: BB  Data: 00 00 00 AA 08 67 F0 FB 
"
"2016-11-21 14:57:28ID: BC  Data: 00 00 00 AA F7 98 0F 05 
"
"2016-11-21 14:57:28ID: BB  Data: 00 00 00 AA 08 4D A0 89 
"
"2016-11-21 14:57:28ID: BC  Data: 00 00 00 AA F7 B2 5F 77 
"
"2016-11-21 14:57:28ID: BB  Data: 00 00 00 AA 08 4A FE E4 
"
"2016-11-21 14:57:28ID: BC  Data: 00 00 00 AA F7 B5 01 1C 
"
"2016-11-21 14:57:28ID: BB  Data: 00 00 00 AA 08 47 0C 6C 
"
"2016-11-21 14:57:28ID: BC  Data: 00 00 00 AA F7 B8 F3 94 
"
"2016-11-21 14:57:28ID: BB  Data: 00 00 00 AA 08 27 78 B0 
"
"2016-11-21 14:57:28ID: BC  Data: 00 00 00 AA F7 D8 87 50 
"
"2016-11-21 14:57:28ID: BB  Data: 00 00 00 AA 07 AA 7A 91 
"
"2016-11-21 14:57:28ID: BC  Data: 00 00 00 AA F8 55 85 6F 
"
"2016-11-21 14:57:28ID: BB  Data: 00 00 00 AA 06 83 C2 5D 
"
"2016-11-21 14:57:28ID: BC  Data: 00 00 00 AA F9 7C 3D A3 
"
"2016-11-21 14:57:28ID: BB  Data: 00 00 00 AA 06 50 72 4B 
"
"2016-11-21 14:57:28ID: BC  Data: 00 00 00 AA F9 AF 8D B5 
"
"2016-11-21 14:57:28ID: BB  Data: 00 00 00 AA 05 C3 AA 4E 
"
"2016-11-21 14:57:28ID: BC  Data: 00 00 00 AA FA 3C 55 B2 
"
"2016-11-21 14:57:28ID: BB  Data: 00 00 00 AA 05 B1 3E CA 
"
"2016-11-21 14:57:28ID: BC  Data: 00 00 00 AA FA 4E C1 36 
"
"2016-11-21 14:57:28ID: BB  Data: 00 00 00 AA 05 C6 4B F3 
"
"2016-11-21 14:57:29ID: BC  Data: 00 00 00 AA FA 39 B4 0D 
"
"2016-11-21 14:57:29ID: BB  Data: 00 00 00 AA 05 F1 B7 16 
"
"2016-11-21 14:57:29ID: BC  Data: 00 00 00 AA FA 0E 48 EA 
"
"2016-11-21 14:57:29ID: BB  Data: 00 00 00 AA 05 D8 B7 76 
"
"2016-11-21 14:57:29ID: BC  Data: 00 00 00 AA FA 27 48 8A 
"
"2016-11-21 14:57:29ID: BB  Data: 00 00 00 AA 05 CF 81 B4 
"
"2016-11-21 14:57:29ID: BC  Data: 00 00 00 AA FA 30 7E 4C 
"
"2016-11-21 14:57:29ID: BB  Data: 00 00 00 AA 05 B6 82 14 
"
"2016-11-21 14:57:29ID: BC  Data: 00 00 00 AA FA 49 7D EC 
"
"2016-11-21 14:57:29ID: BB  Data: 00 00 00 AA 05 BF B7 D6 
"
"2016-11-21 14:57:29ID: BC  Data: 00 00 00 AA FA 40 48 2A 
"
"2016-11-21 14:57:29ID: BB  Data: 00 00 00 AA 05 B5 31 42 
"
"2016-11-21 14:57:29ID: BC  Data: 00 00 00 AA FA 4A CE BE 
"
"2016-11-21 14:57:29ID: BB  Data: 00 00 00 AA 05 C6 4B F3 
"
"2016-11-21 14:57:29ID: BC  Data: 00 00 00 AA FA 39 B4 0D 
"
"2016-11-21 14:57:29ID: BB  Data: 00 00 00 AA 05 D0 D2 87 
"
"2016-11-21 14:57:29ID: BC  Data: 00 00 00 AA FA 2F 2D 79 
"
"2016-11-21 14:57:29ID: BB  Data: 00 00 00 AA 05 D4 C4 FE 
"
"2016-11-21 14:57:29ID: BC  Data: 00 00 00 AA FA 2B 3B 02 
"
"2016-11-21 14:57:29ID: BB  Data: 00 00 00 AA 05 D0 D2 87 
"
"2016-11-21 14:57:29ID: BC  Data: 00 00 00 AA FA 2F 2D 79 
"
"2016-11-21 14:57:29ID: BB  Data: 00 00 00 AA 05 C2 59 7B 
"
"2016-11-21 14:57:29ID: BC  Data: 00 00 00 AA FA 3D A6 85 
"
"2016-11-21 14:57:30ID: BB  Data: 00 00 00 AA 05 B3 E0 6F 
"
"2016-11-21 14:57:30ID: BC  Data: 00 00 00 AA FA 4C 1F 91 
"
"2016-11-21 14:57:30ID: BB  Data: 00 00 00 AA 05 B6 82 14 
"
"2016-11-21 14:57:30ID: BC  Data: 00 00 00 AA FA 49 7D EC 
"
"2016-11-21 14:57:30ID: BB  Data: 00 00 00 AA 05 9D 82 75 
"
"2016-11-21 14:57:30ID: BC  Data: 00 00 00 AA FA 62 7D 8B 
"
"2016-11-21 14:57:30ID: BB  Data: 00 00 00 AA 05 99 8F FD 
"
"2016-11-21 14:57:30ID: BC  Data: 00 00 00 AA FA 66 70 03 
"
"2016-11-21 14:57:30ID: BB  Data: 00 00 00 AA 05 8F 09 69 
"
"2016-11-21 14:57:30ID: BC  Data: 00 00 00 AA FA 70 F6 97 
"
"2016-11-21 14:57:30ID: BB  Data: 00 00 00 AA 05 88 75 4C 
"
"2016-11-21 14:57:30ID: BC  Data: 00 00 00 AA FA 77 8A B4 
"
"2016-11-21 14:57:30ID: BB  Data: 00 00 00 AA 05 85 D3 A7 
"
"2016-11-21 14:57:30ID: BC  Data: 00 00 00 AA FA 7A 2C 59 
"
"2016-11-21 14:57:30ID: BB  Data: 00 00 00 AA 05 84 82 D5 
"
"2016-11-21 14:57:30ID: BC  Data: 00 00 00 AA FA 7B 7D 2B 
"
"2016-11-21 14:57:30ID: BB  Data: 00 00 00 AA 05 85 D3 A7 
"
"2016-11-21 14:57:30ID: BC  Data: 00 00 00 AA FA 7A 2C 59 
"
"2016-11-21 14:57:30ID: BB  Data: 00 00 00 AA 05 7D EE B8 
"
"2016-11-21 14:57:30ID: BC  Data: 00 00 00 AA FA 82 11 48 
"
"2016-11-21 14:57:30ID: BB  Data: 00 00 00 AA 05 79 FC 41 
"
"2016-11-21 14:57:30ID: BC  Data: 00 00 00 AA FA 86 03 BF 
"
"2016-11-21 14:57:31ID: BB  Data: 00 00 00 AA 05 7C 9D E6 
"
"2016-11-21 14:57:31ID: BC  Data: 00 00 00 AA FA 83 62 1A 
"
"2016-11-21 14:57:31ID: BB  Data: 00 00 00 AA 05 73 68 24 
"
"2016-11-21 14:57:31ID: BC  Data: 00 00 00 AA FA 8C 97 DC 
"
"2016-11-21 14:57:31ID: BB  Data: 00 00 00 AA 05 72 17 52 
"
"2016-11-21 14:57:31ID: BC  Data: 00 00 00 AA FA 8D E8 AE 
"
"2016-11-21 14:57:31ID: BB  Data: 00 00 00 AA 05 6E 24 DA 
"
"2016-11-21 14:57:31ID: BC  Data: 00 00 00 AA FA 91 DB 26 
"
"2016-11-21 14:57:31ID: BB  Data: 00 00 00 AA 05 67 90 BD 
"
"2016-11-21 14:57:31ID: BC  Data: 00 00 00 AA FA 98 6F 43 
"
"2016-11-21 14:57:31ID: BB  Data: 00 00 00 AA 05 42 B9 B7 
"
"2016-11-21 14:57:31ID: BC  Data: 00 00 00 AA FA BD 46 49 
"
"2016-11-21 14:57:31ID: BB  Data: 00 00 00 AA 05 2D AC 8F 
"
"2016-11-21 14:57:31ID: BC  Data: 00 00 00 AA FA D2 53 71 
"
"2016-11-21 14:57:31ID: BB  Data: 00 00 00 AA 05 1F 33 83 
"
"2016-11-21 14:57:31ID: BC  Data: 00 00 00 AA FA E0 CC 7D 
"
"2016-11-21 14:57:31ID: BB  Data: 00 00 00 AA 05 29 BA 17 
"
"2016-11-21 14:57:31ID: BC  Data: 00 00 00 AA FA D6 45 E9 
"
"2016-11-21 14:57:31ID: BB  Data: 00 00 00 AA 05 30 4E 34 
"
"2016-11-21 14:57:31ID: BC  Data: 00 00 00 AA FA CF B1 CC 
"
"2016-11-21 14:57:31ID: BB  Data: 00 00 00 AA 05 36 E2 50 
"
"2016-11-21 14:57:31ID: BC  Data: 00 00 00 AA FA C9 1D B0 
"
"2016-11-21 14:57:31ID: BB  Data: 00 00 00 AA 05 2E FD 61 
"
"2016-11-21 14:57:31ID: BC  Data: 00 00 00 AA FA D1 02 9F 
"
"2016-11-21 14:57:32ID: BB  Data: 00 00 00 AA 05 2D AC 8F 
"
"2016-11-21 14:57:32ID: BC  Data: 00 00 00 AA FA D2 53 71 
"
"2016-11-21 14:57:32ID: BB  Data: 00 00 00 AA 05 3D 76 6D 
"
"2016-11-21 14:57:32ID: BC  Data: 00 00 00 AA FA C2 89 93 
"
"2016-11-21 14:57:32ID: BB  Data: 00 00 00 AA 05 42 B9 B7 
"
"2016-11-21 14:57:32ID: BC  Data: 00 00 00 AA FA BD 46 49 
"
"2016-11-21 14:57:32ID: BB  Data: 00 00 00 AA 05 44 0A 89 
"
"2016-11-21 14:57:32ID: BC  Data: 00 00 00 AA FA BB F5 77 
"
"2016-11-21 14:57:32ID: BB  Data: 00 00 00 AA 05 4B EF 79 
"
"2016-11-21 14:57:32ID: BC  Data: 00 00 00 AA FA B4 10 87 
"
"2016-11-21 14:57:32ID: BB  Data: 00 00 00 AA 05 4B EF 79 
"
"2016-11-21 14:57:32ID: BC  Data: 00 00 00 AA FA B4 10 87 
"
"2016-11-21 14:57:32ID: BB  Data: 00 00 00 AA 05 46 AC 2E 
"
"2016-11-21 14:57:32ID: BC  Data: 00 00 00 AA FA B9 53 D2 
"
"2016-11-21 14:57:32ID: BB  Data: 00 00 00 AA 05 49 4D D3 
"
"2016-11-21 14:57:32ID: BC  Data: 00 00 00 AA FA B6 B2 2D 
"
"2016-11-21 14:57:32ID: BB  Data: 00 00 00 AA 05 44 0A 89 
"
"2016-11-21 14:57:32ID: BC  Data: 00 00 00 AA FA BB F5 77 
"
"2016-11-21 14:57:32ID: BB  Data: 00 00 00 AA 05 35 91 7E 
"
"2016-11-21 14:57:32ID: BC  Data: 00 00 00 AA FA CA 6E 82 
"
"2016-11-21 14:57:32ID: BB  Data: 00 00 00 AA 04 9E 42 EC 
"
"2016-11-21 14:57:32ID: BC  Data: 00 00 00 AA FB 61 BD 14 
"
"2016-11-21 14:57:33ID: BB  Data: 00 00 00 AA 03 56 A6 2A 
"
"2016-11-21 14:57:33ID: BC  Data: 00 00 00 AA FC A9 59 D6 
"
"2016-11-21 14:57:33ID: BB  Data: 00 00 00 AA 02 57 66 A1 
"
"2016-11-21 14:57:33ID: BC  Data: 00 00 00 AA FD A8 99 5F 
"
"2016-11-21 14:57:33ID: BB  Data: 00 00 00 AA 02 4E 30 E0 
"
"2016-11-21 14:57:33ID: BC  Data: 00 00 00 AA FD B1 CF 20 
"
"2016-11-21 14:57:33ID: BB  Data: 00 00 00 AA 02 5C A9 EB 
"
"2016-11-21 14:57:33ID: BC  Data: 00 00 00 AA FD A3 56 15 
"
"2016-11-21 14:57:33ID: BB  Data: 00 00 00 AA 02 58 B7 74 
"
"2016-11-21 14:57:33ID: BC  Data: 00 00 00 AA FD A7 48 8C 
"
"2016-11-21 14:57:33ID: BB  Data: 00 00 00 AA 02 FE 7F 11 
"
"2016-11-21 14:57:33ID: BC  Data: 00 00 00 AA FD 01 80 EF 
"
"2016-11-21 14:57:33ID: BB  Data: 00 00 00 AA 03 38 63 40 
"
"2016-11-21 14:57:33ID: BC  Data: 00 00 00 AA FC C7 9C C0 
"
"2016-11-21 14:57:33ID: BB  Data: 00 00 00 AA 03 27 48 8F 
"
"2016-11-21 14:57:33ID: BC  Data: 00 00 00 AA FC D8 B7 71 
"
"2016-11-21 14:57:33ID: BB  Data: 00 00 00 AA 03 45 8B 79 
"
"2016-11-21 14:57:33ID: BC  Data: 00 00 00 AA FC BA 74 87 
"
"2016-11-21 14:57:33ID: BB  Data: 00 00 00 AA 03 44 3A A6 
"
"2016-11-21 14:57:33ID: BC  Data: 00 00 00 AA FC BB C5 5A 
"
"2016-11-21 14:57:33ID: BB  Data: 00 00 00 AA 03 35 C1 9B 
"
"2016-11-21 14:57:33ID: BC  Data: 00 00 00 AA FC CA 3E 65 
"
"2016-11-21 14:57:34ID: BB  Data: 00 00 00 AA 03 38 63 40 
"
"2016-11-21 14:57:34ID: BC  Data: 00 00 00 AA FC C7 9C C0 
"
"2016-11-21 14:57:34ID: BB  Data: 00 00 00 AA 03 34 70 C8 
"
"2016-11-21 14:57:34ID: BC  Data: 00 00 00 AA FC CB 8F 38 
"
"2016-11-21 14:57:34ID: BB  Data: 00 00 00 AA 03 34 70 C8 
"
"2016-11-21 14:57:34ID: BC  Data: 00 00 00 AA FC CB 8F 38 
"
"2016-11-21 14:57:34ID: BB  Data: 00 00 00 AA 03 35 C1 9B 
"
"2016-11-21 14:57:34ID: BC  Data: 00 00 00 AA FC CA 3E 65 
"
"2016-11-21 14:57:34ID: BB  Data: 00 00 00 AA 03 33 1F F6 
"
"2016-11-21 14:57:34ID: BC  Data: 00 00 00 AA FC CC E0 0A 
"
"2016-11-21 14:57:34ID: BB  Data: 00 00 00 AA 03 3C 55 B7 
"
"2016-11-21 14:57:34ID: BC  Data: 00 00 00 AA FC C3 AA 49 
"
"2016-11-21 14:57:34ID: BB  Data: 00 00 00 AA 03 25 F7 BD 
"
"2016-11-21 14:57:34ID: BC  Data: 00 00 00 AA FC DA 08 43 
"
"2016-11-21 14:57:34ID: BB  Data: 00 00 00 AA 03 44 3A A6 
"
"2016-11-21 14:57:34ID: BC  Data: 00 00 00 AA FC BB C5 5A 
"
"2016-11-21 14:57:34ID: BB  Data: 00 00 00 AA 03 31 CF 23 
"
"2016-11-21 14:57:34ID: BC  Data: 00 00 00 AA FC CE 30 DD 
"
"2016-11-21 14:57:34ID: BB  Data: 00 00 00 AA 03 3B 04 E5 
"
"2016-11-21 14:57:34ID: BC  Data: 00 00 00 AA FC C4 FB 1B 
"
"2016-11-21 14:57:34ID: BB  Data: 00 00 00 AA 03 2C 8B D9 
"
"2016-11-21 14:57:34ID: BC  Data: 00 00 00 AA FC D3 74 27 
"
"2016-11-21 14:57:34ID: BB  Data: 00 00 00 AA 03 2B 3B 07 
"
"2016-11-21 14:57:34ID: BC  Data: 00 00 00 AA FC D4 C4 F9 
"
"2016-11-21 14:57:35ID: BB  Data: 00 00 00 AA 03 41 99 01 
"
"2016-11-21 14:57:35ID: BC  Data: 00 00 00 AA FC BE 66 FF 
"
"2016-11-21 14:57:35ID: BB  Data: 00 00 00 AA 03 13 8C 39 
"
"2016-11-21 14:57:35ID: BC  Data: 00 00 00 AA FC EC 73 C7 
"
"2016-11-21 14:57:35ID: BB  Data: 00 00 00 AA 03 27 48 8F 
"
"2016-11-21 14:57:35ID: BC  Data: 00 00 00 AA FC D8 B7 71 
"
"2016-11-21 14:57:35ID: BB  Data: 00 00 00 AA 03 29 EA 34 
"
"2016-11-21 14:57:35ID: BC  Data: 00 00 00 AA FC D6 15 CC 
"
"2016-11-21 14:57:35ID: BB  Data: 00 00 00 AA 03 0A 56 78 
"
"2016-11-21 14:57:35ID: BC  Data: 00 00 00 AA FC F5 A9 88 
"
"2016-11-21 14:57:35ID: BB  Data: 00 00 00 AA 03 30 7E 51 
"
"2016-11-21 14:57:35ID: BC  Data: 00 00 00 AA FC CF 81 AF 
"
"2016-11-21 14:57:35ID: BB  Data: 00 00 00 AA 03 18 CF 83 
"
"2016-11-21 14:57:35ID: BC  Data: 00 00 00 AA FC E7 30 7D 
"
"2016-11-21 14:57:35ID: BB  Data: 00 00 00 AA 03 27 48 8F 
"
"2016-11-21 14:57:35ID: BC  Data: 00 00 00 AA FC D8 B7 71 
"
"2016-11-21 14:57:35ID: BB  Data: 00 00 00 AA 03 28 99 62 
"
"2016-11-21 14:57:35ID: BC  Data: 00 00 00 AA FC D7 66 9E 
"
"2016-11-21 14:57:35ID: BB  Data: 00 00 00 AA 03 20 B4 72 
"
"2016-11-21 14:57:35ID: BC  Data: 00 00 00 AA FC DF 4B 8E 
"
"2016-11-21 14:57:35ID: BB  Data: 00 00 00 AA 03 20 B4 72 
"
"2016-11-21 14:57:35ID: BC  Data: 00 00 00 AA FC DF 4B 8E 
"
"2016-11-21 14:57:36ID: BB  Data: 00 00 00 AA 03 2B 3B 07 
"
"2016-11-21 14:57:36ID: BC  Data: 00 00 00 AA FC D4 C4 F9 
"
"2016-11-21 14:57:36ID: BB  Data: 00 00 00 AA 03 2C 8B D9 
"
"2016-11-21 14:57:36ID: BC  Data: 00 00 00 AA FC D3 74 27 
"
"2016-11-21 14:57:36ID: BB  Data: 00 00 00 AA 03 27 48 8F 
"
"2016-11-21 14:57:36ID: BC  Data: 00 00 00 AA FC D8 B7 71 
"
"2016-11-21 14:57:36ID: BB  Data: 00 00 00 AA 03 2D DC AC 
"
"2016-11-21 14:57:36ID: BC  Data: 00 00 00 AA FC D2 23 54 
"
"2016-11-21 14:57:36ID: BB  Data: 00 00 00 AA 03 22 05 45 
"
"2016-11-21 14:57:36ID: BC  Data: 00 00 00 AA FC DD FA BB 
"
"2016-11-21 14:57:36ID: BB  Data: 00 00 00 AA 03 24 A6 EA 
"
"2016-11-21 14:57:36ID: BC  Data: 00 00 00 AA FC DB 59 16 
"
"2016-11-21 14:57:36ID: BB  Data: 00 00 00 AA 03 28 99 62 
"
"2016-11-21 14:57:36ID: BC  Data: 00 00 00 AA FC D7 66 9E 
"
"2016-11-21 14:57:36ID: BB  Data: 00 00 00 AA 03 41 99 01 
"
"2016-11-21 14:57:36ID: BC  Data: 00 00 00 AA FC BE 66 FF 
"
"2016-11-21 14:57:36ID: BB  Data: 00 00 00 AA 02 D8 57 38 
"
"2016-11-21 14:57:36ID: BC  Data: 00 00 00 AA FD 27 A8 C8 
"
"2016-11-21 14:57:36ID: BB  Data: 00 00 00 AA 03 28 99 62 
"
"2016-11-21 14:57:36ID: BC  Data: 00 00 00 AA FC D7 66 9E 
"
"2016-11-21 14:57:36ID: BB  Data: 00 00 00 AA 03 13 8C 39 
"
"2016-11-21 14:57:36ID: BC  Data: 00 00 00 AA FC EC 73 C7 
"
"2016-11-21 14:57:36ID: BB  Data: 00 00 00 AA 03 37 12 6D 
"
"2016-11-21 14:57:37ID: BC  Data: 00 00 00 AA FC C8 ED 93 
"
"2016-11-21 14:57:37ID: BB  Data: 00 00 00 AA 03 18 CF 83 
"
"2016-11-21 14:57:37ID: BC  Data: 00 00 00 AA FC E7 30 7D 
"
"2016-11-21 14:57:37ID: BB  Data: 00 00 00 AA 03 22 05 45 
"
"2016-11-21 14:57:37ID: BC  Data: 00 00 00 AA FC DD FA BB 
"
"2016-11-21 14:57:37ID: BB  Data: 00 00 00 AA 03 2C 8B D9 
"
"2016-11-21 14:57:37ID: BC  Data: 00 00 00 AA FC D3 74 27 
"
"2016-11-21 14:57:37ID: BB  Data: 00 00 00 AA 03 2B 3B 07 
"
"2016-11-21 14:57:37ID: BC  Data: 00 00 00 AA FC D4 C4 F9 
"
"2016-11-21 14:57:37ID: BB  Data: 00 00 00 AA 03 1F 63 A0 
"
"2016-11-21 14:57:37ID: BC  Data: 00 00 00 AA FC E0 9C 60 
"
"2016-11-21 14:57:37ID: BB  Data: 00 00 00 AA 03 2C 8B D9 
"
"2016-11-21 14:57:37ID: BC  Data: 00 00 00 AA FC D3 74 27 
"
"2016-11-21 14:57:37ID: BB  Data: 00 00 00 AA 03 22 05 45 
"
"2016-11-21 14:57:37ID: BC  Data: 00 00 00 AA FC DD FA BB 
"
"2016-11-21 14:57:37ID: BB  Data: 00 00 00 AA 03 33 1F F6 
"
"2016-11-21 14:57:37ID: BC  Data: 00 00 00 AA FC CC E0 0A 
"
"2016-11-21 14:57:37ID: BB  Data: 00 00 00 AA 03 2C 8B D9 
"
"2016-11-21 14:57:37ID: BC  Data: 00 00 00 AA FC D3 74 27 
"
"2016-11-21 14:57:37ID: BB  Data: 00 00 00 AA 03 1E 12 CD 
"
"2016-11-21 14:57:37ID: BC  Data: 00 00 00 AA FC E1 ED 33 
"
"2016-11-21 14:57:37ID: BB  Data: 00 00 00 AA 03 2B 3B 07 
"
"2016-11-21 14:57:37ID: BC  Data: 00 00 00 AA FC D4 C4 F9 
"
"2016-11-21 14:57:38ID: BB  Data: 00 00 00 AA 03 2D DC AC 
"
"2016-11-21 14:57:38ID: BC  Data: 00 00 00 AA FC D2 23 54 
"
"2016-11-21 14:57:38ID: BB  Data: 00 00 00 AA 03 20 B4 72 
"
"2016-11-21 14:57:38ID: BC  Data: 00 00 00 AA FC DF 4B 8E 
"
"2016-11-21 14:57:38ID: BB  Data: 00 00 00 AA 03 27 48 8F 
"
"2016-11-21 14:57:38ID: BC  Data: 00 00 00 AA FC D8 B7 71 
"
"2016-11-21 14:57:38ID: BB  Data: 00 00 00 AA 03 25 F7 BD 
"
"2016-11-21 14:57:38ID: BC  Data: 00 00 00 AA FC DA 08 43 
"
"2016-11-21 14:57:38ID: BB  Data: 00 00 00 AA 03 25 F7 BD 
"
"2016-11-21 14:57:38ID: BC  Data: 00 00 00 AA FC DA 08 43 
"
"2016-11-21 14:57:38ID: BB  Data: 00 00 00 AA 03 1F 63 A0 
"
"2016-11-21 14:57:38ID: BC  Data: 00 00 00 AA FC E0 9C 60 
"
"2016-11-21 14:57:38ID: BB  Data: 00 00 00 AA 03 14 DD 0C 
"
"2016-11-21 14:57:38ID: BC  Data: 00 00 00 AA FC EB 22 F4 
"
"2016-11-21 14:57:38ID: BB  Data: 00 00 00 AA 03 25 F7 BD 
"
"2016-11-21 14:57:38ID: BC  Data: 00 00 00 AA FC DA 08 43 
"
"2016-11-21 14:57:38ID: BB  Data: 00 00 00 AA 03 23 56 18 
"
"2016-11-21 14:57:38ID: BC  Data: 00 00 00 AA FC DC A9 E8 
"
"2016-11-21 14:57:38ID: BB  Data: 00 00 00 AA 03 1E 12 CD 
"
"2016-11-21 14:57:38ID: BC  Data: 00 00 00 AA FC E1 ED 33 
"
"2016-11-21 14:57:38ID: BB  Data: 00 00 00 AA 03 1E 12 CD 
"
"2016-11-21 14:57:38ID: BC  Data: 00 00 00 AA FC E1 ED 33 
"
"2016-11-21 14:57:39ID: BB  Data: 00 00 00 AA 03 10 EA 94 
"
"2016-11-21 14:57:39ID: BC  Data: 00 00 00 AA FC EF 15 6C 
"
"2016-11-21 14:57:39ID: BB  Data: 00 00 00 AA 03 31 CF 23 
"
"2016-11-21 14:57:39ID: BC  Data: 00 00 00 AA FC CE 30 DD 
"
"2016-11-21 14:57:39ID: BB  Data: 00 00 00 AA 03 0C F8 1D 
"
"2016-11-21 14:57:39ID: BC  Data: 00 00 00 AA FC F3 07 E3 
"
"2016-11-21 14:57:39ID: BB  Data: 00 00 00 AA 03 2D DC AC 
"
"2016-11-21 14:57:39ID: BC  Data: 00 00 00 AA FC D2 23 54 
"
"2016-11-21 14:57:39ID: BB  Data: 00 00 00 AA 03 23 56 18 
"
"2016-11-21 14:57:39ID: BC  Data: 00 00 00 AA FC DC A9 E8 
"
"2016-11-21 14:57:39ID: BB  Data: 00 00 00 AA 03 F1 E7 33 
"
"2016-11-21 14:57:39ID: BC  Data: 00 00 00 AA FC 0E 18 CD 
"
"2016-11-21 14:57:39ID: BB  Data: 00 00 00 AA 05 3A D4 C8 
"
"2016-11-21 14:57:39ID: BC  Data: 00 00 00 AA FA C5 2B 38 
"
"2016-11-21 14:57:39ID: BB  Data: 00 00 00 AA 05 39 83 F5 
"
"2016-11-21 14:57:39ID: BC  Data: 00 00 00 AA FA C6 7C 0B 
"
"2016-11-21 14:57:39ID: BB  Data: 00 00 00 AA 05 52 83 95 
"
"2016-11-21 14:57:39ID: BC  Data: 00 00 00 AA FA AD 7C 6B 
"
"2016-11-21 14:57:39ID: BB  Data: 00 00 00 AA 05 0E 18 D2 
"
"2016-11-21 14:57:39ID: BC  Data: 00 00 00 AA FA F1 E7 2E 
"
"2016-11-21 14:57:39ID: BB  Data: 00 00 00 AA 04 F2 77 8D 
"
"2016-11-21 14:57:39ID: BC  Data: 00 00 00 AA FB 0D 88 73 
"
"2016-11-21 14:57:39ID: BB  Data: 00 00 00 AA 04 C5 BB 98 
"
"2016-11-21 14:57:39ID: BC  Data: 00 00 00 AA FB 3A 44 68 
"
"2016-11-21 14:57:40ID: BB  Data: 00 00 00 AA 04 CA FE E2 
"
"2016-11-21 14:57:40ID: BC  Data: 00 00 00 AA FB 35 01 1E 
"
"2016-11-21 14:57:40ID: BB  Data: 00 00 00 AA 04 C7 0C 6A 
"
"2016-11-21 14:57:40ID: BC  Data: 00 00 00 AA FB 38 F3 96 
"
"2016-11-21 14:57:40ID: BB  Data: 00 00 00 AA 04 B4 A0 E7 
"
"2016-11-21 14:57:40ID: BC  Data: 00 00 00 AA FB 4B 5F 19 
"
"2016-11-21 14:57:40ID: BB  Data: 00 00 00 AA 04 BB 35 04 
"
"2016-11-21 14:57:40ID: BC  Data: 00 00 00 AA FB 44 CA FC 
"
"2016-11-21 14:57:40ID: BB  Data: 00 00 00 AA 04 AE 0C CB 
"
"2016-11-21 14:57:40ID: BC  Data: 00 00 00 AA FB 51 F3 35 
"
"2016-11-21 14:57:40ID: BB  Data: 00 00 00 AA 04 B3 50 15 
"
"2016-11-21 14:57:40ID: BC  Data: 00 00 00 AA FB 4C AF EB 
"
"2016-11-21 14:57:40ID: BB  Data: 00 00 00 AA 04 82 A1 A7 
"
"2016-11-21 14:57:40ID: BC  Data: 00 00 00 AA FB 7D 5E 59 
"
"2016-11-21 14:57:40ID: BB  Data: 00 00 00 AA 04 7E AF 30 
"
"2016-11-21 14:57:40ID: BC  Data: 00 00 00 AA FB 81 50 D0 
"
"2016-11-21 14:57:40ID: BB  Data: 00 00 00 AA 04 60 6C 46 
"
"2016-11-21 14:57:40ID: BC  Data: 00 00 00 AA FB 9F 93 BA 
"
"2016-11-21 14:57:40ID: BB  Data: 00 00 00 AA 04 4C AF F0 
"
"2016-11-21 14:57:40ID: BC  Data: 00 00 00 AA FB B3 50 10 
"
"2016-11-21 14:57:40ID: BB  Data: 00 00 00 AA 04 51 F3 3A 
"
"2016-11-21 14:57:40ID: BC  Data: 00 00 00 AA FB AE 0C C6 
"
"2016-11-21 14:57:41ID: BB  Data: 00 00 00 AA 04 59 D8 29 
"
"2016-11-21 14:57:41ID: BC  Data: 00 00 00 AA FB A6 27 D7 
"
"2016-11-21 14:57:41ID: BB  Data: 00 00 00 AA 04 3B 95 40 
"
"2016-11-21 14:57:41ID: BC  Data: 00 00 00 AA FB C4 6A C0 
"
"2016-11-21 14:57:41ID: BB  Data: 00 00 00 AA 04 47 6C A6 
"
"2016-11-21 14:57:41ID: BC  Data: 00 00 00 AA FB B8 93 5A 
"
"2016-11-21 14:57:41ID: BB  Data: 00 00 00 AA 04 00 60 3E 
"
"2016-11-21 14:57:41ID: BC  Data: 00 00 00 AA FB FF 9F C2 
"
"2016-11-21 14:57:41ID: BB  Data: 00 00 00 AA 03 6E 54 F7 
"
"2016-11-21 14:57:41ID: BC  Data: 00 00 00 AA FC 91 AB 09 
"
"2016-11-21 14:57:41ID: BB  Data: 00 00 00 AA 01 CA 9E A4 
"
"2016-11-21 14:57:41ID: BC  Data: 00 00 00 AA FE 35 61 5C 
"
"2016-11-21 14:57:41ID: BB  Data: 00 00 00 AA 00 00 00 00 
"
"2016-11-21 14:57:41ID: BC  Data: 00 00 00 AA 00 00 00 00 
"
"2016-11-21 14:57:41ID: BB  Data: 00 00 00 AA 00 00 00 00 
"
"2016-11-21 14:57:41ID: BC  Data: 00 00 00 AA 00 00 00 00 
"
"2016-11-21 14:57:41ID: BB  Data: 00 00 00 AA 00 00 00 00 
"
"2016-11-21 14:57:41ID: BC  Data: 00 00 00 AA 00 00 00 00 
"
"2016-11-21 14:57:41ID: BB  Data: 00 00 00 AA 00 00 00 00 
"
"2016-11-21 14:57:41ID: BC  Data: 00 00 00 AA 00 00 00 00 
"
"2016-11-21 14:57:41ID: BB  Data: 00 00 00 AA 00 00 00 00 
"
"2016-11-21 14:57:41ID: BC  Data: 00 00 00 AA 00 00 00 00 
"
"2016-11-21 14:57:42ID: BB  Data: 00 00 00 AA 00 00 00 00 
"
"2016-11-21 14:57:42ID: BC  Data: 00 00 00 AA 00 00 00 00 
"
"2016-11-21 14:57:42ID: BB  Data: 00 00 00 AA 00 00 00 00 
"
"2016-11-21 14:57:42ID: BC  Data: 00 00 00 AA 00 00 00 00 
"
"2016-11-21 14:57:42ID: BB  Data: 00 00 00 AA 00 00 00 00 
"
"2016-11-21 14:57:42ID: BC  Data: 00 00 00 AA 00 00 00 00 
"
"2016-11-21 14:57:42ID: BB  Data: 00 00 00 AA 00 00 00 00 
"
"2016-11-21 14:57:42ID: BC  Data: 00 00 00 AA 00 00 00 00 
"
"2016-11-21 14:57:42ID: BB  Data: 00 00 00 AA 00 00 00 00 
"
"2016-11-21 14:57:42ID: BC  Data: 00 00 00 AA 00 00 00 00 
"
"2016-11-21 14:57:42ID: BB  Data: 00 00 00 AA 00 00 00 00 
"
"2016-11-21 14:57:42ID: BC  Data: 00 00 00 AA 00 00 00 00 
"
"2016-11-21 14:57:42ID: BB  Data: 00 00 00 AA 00 00 00 00 
"
"2016-11-21 14:57:42ID: BC  Data: 00 00 00 AA 00 00 00 00 
"
"2016-11-21 14:57:42ID: BB  Data: 00 00 00 AA 00 00 00 00 
"
"2016-11-21 14:57:42ID: BC  Data: 00 00 00 AA 00 00 00 00 
"
"2016-11-21 14:57:42ID: BB  Data: 00 00 00 AA 00 00 00 00 
"
"2016-11-21 14:57:42ID: BC  Data: 00 00 00 AA 00 00 00 00 
"
"2016-11-21 14:57:42ID: BB  Data: 00 00 00 AA 00 00 00 00 
"
"2016-11-21 14:57:42ID: BC  Data: 00 00 00 AA 00 00 00 00 
"
"2016-11-21 14:57:42ID: BB  Data: 00 00 00 AA 00 00 00 00 
"
"2016-11-21 14:57:42ID: BC  Data: 00 00 00 AA 00 00 00 00 
"
"2016-11-21 14:57:42ID: BB  Data: 00 00 00 AA 00 00 00 00 
"
"2016-11-21 14:57:42ID: BC  Data: 00 00 00 AA 00 00 00 00 
"
"2016-11-21 14:57:43ID: BB  Data: 00 00 00 AA 00 00 00 00 
"
"2016-11-21 14:57:43ID: BC  Data: 00 00 00 AA 00 00 00 00 
"
"2016-11-21 14:57:43ID: BB  Data: 00 00 00 AA 00 00 00 00 
"
"2016-11-21 14:57:43ID: BC  Data: 00 00 00 AA 00 00 00 00 
"
"2016-11-21 14:57:43ID: BB  Data: 00 00 00 AA 00 00 00 00 
"
"2016-11-21 14:57:43ID: BC  Data: 00 00 00 AA 00 00 00 00 
"
"2016-11-21 14:57:43ID: BB  Data: 00 00 00 AA 00 00 00 00 
"
"2016-11-21 14:57:43ID: BC  Data: 00 00 00 AA 00 00 00 00 
"
"2016-11-21 14:57:43ID: BB  Data: 00 00 00 AA 00 00 00 00 
"
"2016-11-21 14:57:43ID: BC  Data: 00 00 00 AA 00 00 00 00 
"
"2016-11-21 14:57:43ID: BB  Data: 00 00 00 AA 00 00 00 00 
"
"2016-11-21 14:57:43ID: BC  Data: 00 00 00 AA 00 00 00 00 
"
"2016-11-21 14:57:43ID: BB  Data: 00 00 00 AA 00 00 00 00 
"
"2016-11-21 14:57:43ID: BC  Data: 00 00 00 AA 00 00 00 00 
"
"2016-11-21 14:57:43ID: BB  Data: 00 00 00 AA 00 00 00 00 
"
"2016-11-21 14:57:43ID: BC  Data: 00 00 00 AA 00 00 00 00 
"
"2016-11-21 14:57:43ID: BB  Data: 00 00 00 AA 00 00 00 00 
"
"2016-11-21 14:57:43ID: BC  Data: 00 00 00 AA 00 00 00 00 
"
"2016-11-21 14:57:43ID: BB  Data: 00 00 00 AA 00 00 00 00 
"
"2016-11-21 14:57:43ID: BC  Data: 00 00 00 AA 00 00 00 00 
"
"2016-11-21 14:57:43ID: BB  Data: 00 00 00 AA 00 00 00 00 
"
"2016-11-21 14:57:43ID: BC  Data: 00 00 00 AA 00 00 00 00 
"
"2016-11-21 14:57:44ID: BB  Data: 00 00 00 AA 00 00 00 00 
"
"2016-11-21 14:57:44ID: BC  Data: 00 00 00 AA 00 00 00 00 
"
"2016-11-21 14:57:44ID: BB  Data: 00 00 00 AA 00 00 00 00 
"
"2016-11-21 14:57:44ID: BC  Data: 00 00 00 AA 00 00 00 00 
"
"2016-11-21 14:57:44ID: BB  Data: 00 00 00 AA 00 00 00 00 
"
"2016-11-21 14:57:44ID: BC  Data: 00 00 00 AA 00 00 00 00 
"
"2016-11-21 14:57:44ID: BB  Data: 00 00 00 AA 00 00 00 00 
"
"2016-11-21 14:57:44ID: BC  Data: 00 00 00 AA 00 00 00 00 
"
"2016-11-21 14:57:44ID: BB  Data: 00 00 00 AA 00 00 00 00 
"
"2016-11-21 14:57:44ID: BC  Data: 00 00 00 AA 00 00 00 00 
"
"2016-11-21 14:57:44ID: BB  Data: 00 00 00 AA 00 00 00 00 
"
"2016-11-21 14:57:44ID: BC  Data: 00 00 00 AA 00 00 00 00 
"
"2016-11-21 14:57:44ID: BB  Data: 00 00 00 AA 00 00 00 00 
"
"2016-11-21 14:57:44ID: BC  Data: 00 00 00 AA 00 00 00 00 
"
"2016-11-21 14:57:44ID: BB  Data: 00 00 00 AA 00 00 00 00 
"
"2016-11-21 14:57:44ID: BC  Data: 00 00 00 AA 00 00 00 00 
"
"2016-11-21 14:57:44ID: BB  Data: 00 00 00 AA 00 00 00 00 
"
"2016-11-21 14:57:44ID: BC  Data: 00 00 00 AA 00 00 00 00 
"
"2016-11-21 14:57:44ID: BB  Data: 00 00 00 AA 00 00 00 00 
"
"2016-11-21 14:57:44ID: BC  Data: 00 00 00 AA 00 00 00 00 
"
"2016-11-21 14:57:44ID: BB  Data: 00 00 00 AA 00 00 00 00 
"
"2016-11-21 14:57:44ID: BC  Data: 00 00 00 AA 00 00 00 00 
"
"2016-11-21 14:57:45ID: BB  Data: 00 00 00 AA 00 00 00 00 
"
"2016-11-21 14:57:45ID: BC  Data: 00 00 00 AA 00 00 00 00 
"
"2016-11-21 14:57:45ID: BB  Data: 00 00 00 AA 00 00 00 00 
"
"2016-11-21 14:57:45ID: BC  Data: 00 00 00 AA 00 00 00 00 
"
"2016-11-21 14:57:45ID: BB  Data: 00 00 00 AA 00 00 00 00 
"
"2016-11-21 14:57:45ID: BC  Data: 00 00 00 AA 00 00 00 00 
"
"2016-11-21 14:57:45ID: BB  Data: 00 00 00 AA 00 00 00 00 
"
"2016-11-21 14:57:45ID: BC  Data: 00 00 00 AA 00 00 00 00 
"
"2016-11-21 14:57:45ID: BB  Data: 00 00 00 AA 00 00 00 00 
"
"2016-11-21 14:57:45ID: BC  Data: 00 00 00 AA 00 00 00 00 
"
"2016-11-21 14:57:45ID: BB  Data: 00 00 00 AA 00 00 00 00 
"
"2016-11-21 14:57:45ID: BC  Data: 00 00 00 AA 00 00 00 00 
"
"2016-11-21 14:57:45ID: BB  Data: 00 00 00 AA 00 00 00 00 
"
"2016-11-21 14:57:45ID: BC  Data: 00 00 00 AA 00 00 00 00 
"
"2016-11-21 14:57:45ID: BB  Data: 00 00 00 AA 00 00 00 00 
"
"2016-11-21 14:57:45ID: BC  Data: 00 00 00 AA 00 00 00 00 
"
"2016-11-21 14:57:45ID: BB  Data: 00 00 00 AA 00 00 00 00 
"
"2016-11-21 14:57:45ID: BC  Data: 00 00 00 AA 00 00 00 00 
"
"2016-11-21 14:57:45ID: BB  Data: 00 00 00 AA 00 00 00 00 
"
"2016-11-21 14:57:45ID: BC  Data: 00 00 00 AA 00 00 00 00 
"
"2016-11-21 14:57:45ID: BB  Data: 00 00 00 AA 00 00 00 00 
"
"2016-11-21 14:57:45ID: BC  Data: 00 00 00 AA 00 00 00 00 
"
"2016-11-21 14:57:45ID: BB  Data: 00 00 00 AA 00 00 00 00 
"
"2016-11-21 14:57:45ID: BC  Data: 00 00 00 AA 00 00 00 00 
"
"2016-11-21 14:57:46ID: BB  Data: 00 00 00 AA 00 00 00 00 
"
"2016-11-21 14:57:46ID: BC  Data: 00 00 00 AA 00 00 00 00 
"
"2016-11-21 14:57:46ID: BB  Data: 00 00 00 AA 00 00 00 00 
"
"2016-11-21 14:57:46ID: BC  Data: 00 00 00 AA 00 00 00 00 
"
"2016-11-21 14:57:46ID: BB  Data: 00 00 00 AA 00 00 00 00 
"
"2016-11-21 14:57:46ID: BC  Data: 00 00 00 AA 00 00 00 00 
"
"2016-11-21 14:57:46ID: BB  Data: 00 00 00 AA 00 00 00 00 
"
"2016-11-21 14:57:46ID: BC  Data: 00 00 00 AA 00 00 00 00 
"
"2016-11-21 14:57:46ID: BB  Data: 00 00 00 AA 00 00 00 00 
"
"2016-11-21 14:57:46ID: BC  Data: 00 00 00 AA 00 00 00 00 
"
"2016-11-21 14:57:46ID: BB  Data: 00 00 00 AA 00 00 00 00 
"
"2016-11-21 14:57:46ID: BC  Data: 00 00 00 AA 00 00 00 00 
"
"2016-11-21 14:57:46ID: BB  Data: 00 00 00 AA 00 00 00 00 
"
"2016-11-21 14:57:46ID: BC  Data: 00 00 00 AA 00 00 00 00 
"
"2016-11-21 14:57:46ID: BB  Data: 00 00 00 AA 00 00 00 00 
"
"2016-11-21 14:57:46ID: BC  Data: 00 00 00 AA 00 00 00 00 
"
"2016-11-21 14:57:46ID: BB  Data: 00 00 00 AA 00 00 00 00 
"
"2016-11-21 14:57:46ID: BC  Data: 00 00 00 AA 00 00 00 00 
"
"2016-11-21 14:57:46ID: BB  Data: 00 00 00 AA 00 00 00 00 
"
"2016-11-21 14:57:46ID: BC  Data: 00 00 00 AA 00 00 00 00 
"
"2016-11-21 14:57:46ID: BB  Data: 00 00 00 AA 00 00 00 00 
"
"2016-11-21 14:57:46ID: BC  Data: 00 00 00 AA 00 00 00 00 
"
"2016-11-21 14:57:47ID: BB  Data: 00 00 00 AA 00 00 00 00 
"
"2016-11-21 14:57:47ID: BC  Data: 00 00 00 AA 00 00 00 00 
"
"2016-11-21 14:57:47ID: BB  Data: 00 00 00 AA 00 00 00 00 
"
"2016-11-21 14:57:47ID: BC  Data: 00 00 00 AA 00 00 00 00 
"
"2016-11-21 14:57:47ID: BB  Data: 00 00 00 AA 00 00 00 00 
"
"2016-11-21 14:57:47ID: BC  Data: 00 00 00 AA 00 00 00 00 
"
"2016-11-21 14:57:47ID: BB  Data: 00 00 00 AA 00 00 00 00 
"
"2016-11-21 14:57:47ID: BC  Data: 00 00 00 AA 00 00 00 00 
"
"2016-11-21 14:57:47ID: BB  Data: 00 00 00 AA 00 00 00 00 
"
"2016-11-21 14:57:47ID: BC  Data: 00 00 00 AA 00 00 00 00 
"
"2016-11-21 14:57:47ID: BB  Data: 00 00 00 AA 00 00 00 00 
"
"2016-11-21 14:57:47ID: BC  Data: 00 00 00 AA 00 00 00 00 
"
"2016-11-21 14:57:47ID: BB  Data: 00 00 00 AA 00 00 00 00 
"
"2016-11-21 14:57:47ID: BC  Data: 00 00 00 AA 00 00 00 00 
"
"2016-11-21 14:57:47ID: BB  Data: 00 00 00 AA 00 00 00 00 
"
"2016-11-21 14:57:47ID: BC  Data: 00 00 00 AA 00 00 00 00 
"
"2016-11-21 14:57:47ID: BB  Data: 00 00 00 AA 00 00 00 00 
"
"2016-11-21 14:57:47ID: BC  Data: 00 00 00 AA 00 00 00 00 
"
"2016-11-21 14:57:47ID: BB  Data: 00 00 00 AA 00 00 00 00 
"
"2016-11-21 14:57:47ID: BC  Data: 00 00 00 AA 00 00 00 00 
"
"2016-11-21 14:57:47ID: BB  Data: 00 00 00 AA 00 00 00 00 
"
"2016-11-21 14:57:47ID: BC  Data: 00 00 00 AA 00 00 00 00 
"
"2016-11-21 14:57:47ID: BB  Data: 00 00 00 AA 00 00 00 00 
"
"2016-11-21 14:57:47ID: BC  Data: 00 00 00 AA 00 00 00 00 
"
"2016-11-21 14:57:48ID: BB  Data: 00 00 00 AA 00 00 00 00 
"
"2016-11-21 14:57:48ID: BC  Data: 00 00 00 AA 00 00 00 00 
"
"2016-11-21 14:57:48ID: BB  Data: 00 00 00 AA 00 00 00 00 
"
"2016-11-21 14:57:48ID: BC  Data: 00 00 00 AA 00 00 00 00 
"
"2016-11-21 14:57:48ID: BB  Data: 00 00 00 AA 00 00 00 00 
"
"2016-11-21 14:57:48ID: BC  Data: 00 00 00 AA 00 00 00 00 
"
"2016-11-21 14:57:48ID: BB  Data: 00 00 00 AA 00 00 00 00 
"
"2016-11-21 14:57:48ID: BC  Data: 00 00 00 AA 00 00 00 00 
"
"2016-11-21 14:57:48ID: BB  Data: 00 00 00 AA 00 00 00 00 
"
"2016-11-21 14:57:48ID: BC  Data: 00 00 00 AA 00 00 00 00 
"
"2016-11-21 14:57:48ID: BB  Data: 00 00 00 AA 00 00 00 00 
"
"2016-11-21 14:57:48ID: BC  Data: 00 00 00 AA 00 00 00 00 
"
"2016-11-21 14:57:48ID: BB  Data: 00 00 00 AA 00 00 00 00 
"
"2016-11-21 14:57:48ID: BC  Data: 00 00 00 AA 00 00 00 00 
"
"2016-11-21 14:57:48ID: BB  Data: 00 00 00 AA 00 00 00 00 
"
"2016-11-21 14:57:48ID: BC  Data: 00 00 00 AA 00 00 00 00 
"
"2016-11-21 14:57:48ID: BB  Data: 00 00 00 AA 00 00 00 00 
"
"2016-11-21 14:57:48ID: BC  Data: 00 00 00 AA 00 00 00 00 
"
"2016-11-21 14:57:48ID: BB  Data: 00 00 00 AA 00 00 00 00 
"
"2016-11-21 14:57:48ID: BC  Data: 00 00 00 AA 00 00 00 00 
"
"2016-11-21 14:57:48ID: BB  Data: 00 00 00 AA 00 00 00 00 
"
"2016-11-21 14:57:48ID: BC  Data: 00 00 00 AA 00 00 00 00 
"
"2016-11-21 14:57:49ID: BB  Data: 00 00 00 AA 00 00 00 00 
"
"2016-11-21 14:57:49ID: BC  Data: 00 00 00 AA 00 00 00 00 
"
"2016-11-21 14:57:49ID: BB  Data: 00 00 00 AA 00 00 00 00 
"
"2016-11-21 14:57:49ID: BC  Data: 00 00 00 AA 00 00 00 00 
"
"2016-11-21 14:57:49ID: BB  Data: 00 00 00 AA 00 00 00 00 
"
"2016-11-21 14:57:49ID: BC  Data: 00 00 00 AA 00 00 00 00 
"
"2016-11-21 14:57:49ID: BB  Data: 00 00 00 AA 00 00 00 00 
"
"2016-11-21 14:57:49ID: BC  Data: 00 00 00 AA 00 00 00 00 
"
"2016-11-21 14:57:49ID: BB  Data: 00 00 00 AA 00 00 00 00 
"
"2016-11-21 14:57:49ID: BC  Data: 00 00 00 AA 00 00 00 00 
"
"2016-11-21 14:57:49ID: BB  Data: 00 00 00 AA 00 00 00 00 
"
"2016-11-21 14:57:49ID: BC  Data: 00 00 00 AA 00 00 00 00 
"
"2016-11-21 14:57:49ID: BB  Data: 00 00 00 AA 00 00 00 00 
"
"2016-11-21 14:57:49ID: BC  Data: 00 00 00 AA 00 00 00 00 
"
"2016-11-21 14:57:49ID: BB  Data: 00 00 00 AA 00 00 00 00 
"
"2016-11-21 14:57:49ID: BC  Data: 00 00 00 AA 00 00 00 00 
"
"2016-11-21 14:57:49ID: BB  Data: 00 00 00 AA 00 00 00 00 
"
"2016-11-21 14:57:49ID: BC  Data: 00 00 00 AA 00 00 00 00 
"
"2016-11-21 14:57:49ID: BB  Data: 00 00 00 AA 00 00 00 00 
"
"2016-11-21 14:57:49ID: BC  Data: 00 00 00 AA 00 00 00 00 
"
"2016-11-21 14:57:49ID: BB  Data: 00 00 00 AA 00 00 00 00 
"
"2016-11-21 14:57:49ID: BC  Data: 00 00 00 AA 00 00 00 00 
"
"2016-11-21 14:57:50ID: BB  Data: 00 00 00 AA 00 00 00 00 
"
"2016-11-21 14:57:50ID: BC  Data: 00 00 00 AA 00 00 00 00 
"
"2016-11-21 14:57:50ID: BB  Data: 00 00 00 AA 00 00 00 00 
"
"2016-11-21 14:57:50ID: BC  Data: 00 00 00 AA 00 00 00 00 
"
"2016-11-21 14:57:50ID: BB  Data: 00 00 00 AA 00 00 00 00 
"
"2016-11-21 14:57:50ID: BC  Data: 00 00 00 AA 00 00 00 00 
"
"2016-11-21 14:57:50ID: BB  Data: 00 00 00 AA 00 00 00 00 
"
"2016-11-21 14:57:50ID: BC  Data: 00 00 00 AA 00 00 00 00 
"
"2016-11-21 14:57:50ID: BB  Data: 00 00 00 AA 00 00 00 00 
"
"2016-11-21 14:57:50ID: BC  Data: 00 00 00 AA 00 00 00 00 
"
"2016-11-21 14:57:50ID: BB  Data: 00 00 00 AA 00 00 00 00 
"
"2016-11-21 14:57:50ID: BC  Data: 00 00 00 AA 00 00 00 00 
"
"2016-11-21 14:57:50ID: BB  Data: 00 00 00 AA 00 00 00 00 
"
"2016-11-21 14:57:50ID: BC  Data: 00 00 00 AA 00 00 00 00 
"
"2016-11-21 14:57:50ID: BB  Data: 00 00 00 AA 00 00 00 00 
"
"2016-11-21 14:57:50ID: BC  Data: 00 00 00 AA 00 00 00 00 
"
"2016-11-21 14:57:50ID: BB  Data: 00 00 00 AA 02 DD 9A 82 
"
"2016-11-21 14:57:50ID: BC  Data: 00 00 00 AA FD 22 65 7E 
"
"2016-11-21 14:57:50ID: BB  Data: 00 00 00 AA 03 CA 6E 87 
"
"2016-11-21 14:57:50ID: BC  Data: 00 00 00 AA FC 35 91 79 
"
"2016-11-21 14:57:50ID: BB  Data: 00 00 00 AA 05 A8 09 09 
"
"2016-11-21 14:57:50ID: BC  Data: 00 00 00 AA FA 57 F6 F7 
"
"2016-11-21 14:57:50ID: BB  Data: 00 00 00 AA 06 6D 64 62 
"
"2016-11-21 14:57:50ID: BC  Data: 00 00 00 AA F9 92 9B 9E 
"
"2016-11-21 14:57:51ID: BB  Data: 00 00 00 AA 06 B8 63 42 
"
"2016-11-21 14:57:51ID: BC  Data: 00 00 00 AA F9 47 9C BE 
"
"2016-11-21 14:57:51ID: BB  Data: 00 00 00 AA 07 8A E6 D4 
"
"2016-11-21 14:57:51ID: BC  Data: 00 00 00 AA F8 75 19 2C 
"
"2016-11-21 14:57:51ID: BB  Data: 00 00 00 AA 08 48 5D 3F 
"
"2016-11-21 14:57:51ID: BC  Data: 00 00 00 AA F7 B7 A2 C1 
"
"2016-11-21 14:57:51ID: BB  Data: 00 00 00 AA 08 A0 84 57 
"
"2016-11-21 14:57:51ID: BC  Data: 00 00 00 AA F7 5F 7B A9 
"
"2016-11-21 14:57:51ID: BB  Data: 00 00 00 AA 08 A4 76 CF 
"
"2016-11-21 14:57:51ID: BC  Data: 00 00 00 AA F7 5B 89 31 
"
"2016-11-21 14:57:51ID: BB  Data: 00 00 00 AA 08 EF 75 AE 
"
"2016-11-21 14:57:51ID: BC  Data: 00 00 00 AA F7 10 8A 52 
"
"2016-11-21 14:57:51ID: BB  Data: 00 00 00 AA 09 2F ED FA 
"
"2016-11-21 14:57:51ID: BC  Data: 00 00 00 AA F6 D0 12 06 
"
"2016-11-21 14:57:51ID: BB  Data: 00 00 00 AA 09 A5 07 2A 
"
"2016-11-21 14:57:51ID: BC  Data: 00 00 00 AA F6 5A F8 D6 
"
"2016-11-21 14:57:51ID: BB  Data: 00 00 00 AA 09 AC EC 19 
"
"2016-11-21 14:57:51ID: BC  Data: 00 00 00 AA F6 53 13 E7 
"
"2016-11-21 14:57:51ID: BB  Data: 00 00 00 AA 09 A8 F9 A1 
"
"2016-11-21 14:57:51ID: BC  Data: 00 00 00 AA F6 57 06 5F 
"
"2016-11-21 14:57:51ID: BB  Data: 00 00 00 AA 09 A3 B6 57 
"
"2016-11-21 14:57:51ID: BC  Data: 00 00 00 AA F6 5C 49 A9 
"
"2016-11-21 14:57:52ID: BB  Data: 00 00 00 AA 09 A7 A8 CF 
"
"2016-11-21 14:57:52ID: BC  Data: 00 00 00 AA F6 58 57 31 
"
"2016-11-21 14:57:52ID: BB  Data: 00 00 00 AA 09 A6 57 FC 
"
"2016-11-21 14:57:52ID: BC  Data: 00 00 00 AA F6 59 A8 04 
"
"2016-11-21 14:57:52ID: BB  Data: 00 00 00 AA 09 A6 57 FC 
"
"2016-11-21 14:57:52ID: BC  Data: 00 00 00 AA F6 59 A8 04 
"
"2016-11-21 14:57:52ID: BB  Data: 00 00 00 AA 09 A6 57 FC 
"
"2016-11-21 14:57:52ID: BC  Data: 00 00 00 AA F6 59 A8 04 
"
"2016-11-21 14:57:52ID: BB  Data: 00 00 00 AA 09 9F C3 E0 
"
"2016-11-21 14:57:52ID: BC  Data: 00 00 00 AA F6 60 3C 20 
"
"2016-11-21 14:57:52ID: BB  Data: 00 00 00 AA 09 9D 22 3B 
"
"2016-11-21 14:57:52ID: BC  Data: 00 00 00 AA F6 62 DD C5 
"
"2016-11-21 14:57:52ID: BB  Data: 00 00 00 AA 09 9B D1 68 
"
"2016-11-21 14:57:52ID: BC  Data: 00 00 00 AA F6 64 2E 98 
"
"2016-11-21 14:57:52ID: BB  Data: 00 00 00 AA 09 91 4A D4 
"
"2016-11-21 14:57:52ID: BC  Data: 00 00 00 AA F6 6E B5 2C 
"
"2016-11-21 14:57:52ID: BB  Data: 00 00 00 AA 09 86 C4 40 
"
"2016-11-21 14:57:52ID: BC  Data: 00 00 00 AA F6 79 3B C0 
"
"2016-11-21 14:57:52ID: BB  Data: 00 00 00 AA 09 82 D1 C8 
"
"2016-11-21 14:57:52ID: BC  Data: 00 00 00 AA F6 7D 2E 38 
"
"2016-11-21 14:57:52ID: BB  Data: 00 00 00 AA 09 86 C4 40 
"
"2016-11-21 14:57:52ID: BC  Data: 00 00 00 AA F6 79 3B C0 
"
"2016-11-21 14:57:52ID: BB  Data: 00 00 00 AA 09 84 22 9B 
"
"2016-11-21 14:57:53ID: BC  Data: 00 00 00 AA F6 7B DD 65 
"
"2016-11-21 14:57:53ID: BB  Data: 00 00 00 AA 09 8E A9 2F 
"
"2016-11-21 14:57:53ID: BC  Data: 00 00 00 AA F6 71 56 D1 
"
"2016-11-21 14:57:53ID: BB  Data: 00 00 00 AA 09 8F FA 01 
"
"2016-11-21 14:57:53ID: BC  Data: 00 00 00 AA F6 70 05 FF 
"
"2016-11-21 14:57:53ID: BB  Data: 00 00 00 AA 09 92 9B A6 
"
"2016-11-21 14:57:53ID: BC  Data: 00 00 00 AA F6 6D 64 5A 
"
"2016-11-21 14:57:53ID: BB  Data: 00 00 00 AA 09 8F FA 01 
"
"2016-11-21 14:57:53ID: BC  Data: 00 00 00 AA F6 70 05 FF 
"
"2016-11-21 14:57:53ID: BB  Data: 00 00 00 AA 09 91 4A D4 
"
"2016-11-21 14:57:53ID: BC  Data: 00 00 00 AA F6 6E B5 2C 
"
"2016-11-21 14:57:53ID: BB  Data: 00 00 00 AA 09 91 4A D4 
"
"2016-11-21 14:57:53ID: BC  Data: 00 00 00 AA F6 6E B5 2C 
"
"2016-11-21 14:57:53ID: BB  Data: 00 00 00 AA 09 85 73 6D 
"
"2016-11-21 14:57:53ID: BC  Data: 00 00 00 AA F6 7A 8C 93 
"
"2016-11-21 14:57:53ID: BB  Data: 00 00 00 AA 09 88 15 12 
"
"2016-11-21 14:57:53ID: BC  Data: 00 00 00 AA F6 77 EA EE 
"
"2016-11-21 14:57:53ID: BB  Data: 00 00 00 AA 09 8C 07 8A 
"
"2016-11-21 14:57:53ID: BC  Data: 00 00 00 AA F6 73 F8 76 
"
"2016-11-21 14:57:53ID: BB  Data: 00 00 00 AA 09 8C 07 8A 
"
"2016-11-21 14:57:53ID: BC  Data: 00 00 00 AA F6 73 F8 76 
"
"2016-11-21 14:57:53ID: BB  Data: 00 00 00 AA 09 89 65 E5 
"
"2016-11-21 14:57:53ID: BC  Data: 00 00 00 AA F6 76 9A 1B 
"
"2016-11-21 14:57:54ID: BB  Data: 00 00 00 AA 09 8D 58 5C 
"
"2016-11-21 14:57:54ID: BC  Data: 00 00 00 AA F6 72 A7 A4 
"
"2016-11-21 14:57:54ID: BB  Data: 00 00 00 AA 09 92 9B A6 
"
"2016-11-21 14:57:54ID: BC  Data: 00 00 00 AA F6 6D 64 5A 
"
"2016-11-21 14:57:54ID: BB  Data: 00 00 00 AA 09 8D 58 5C 
"
"2016-11-21 14:57:54ID: BC  Data: 00 00 00 AA F6 72 A7 A4 
"
"2016-11-21 14:57:54ID: BB  Data: 00 00 00 AA 09 8D 58 5C 
"
"2016-11-21 14:57:54ID: BC  Data: 00 00 00 AA F6 72 A7 A4 
"
"2016-11-21 14:57:54ID: BB  Data: 00 00 00 AA 09 8E A9 2F 
"
"2016-11-21 14:57:54ID: BC  Data: 00 00 00 AA F6 71 56 D1 
"
"2016-11-21 14:57:54ID: BB  Data: 00 00 00 AA 09 8E A9 2F 
"
"2016-11-21 14:57:54ID: BC  Data: 00 00 00 AA F6 71 56 D1 
"
"2016-11-21 14:57:54ID: BB  Data: 00 00 00 AA 09 8A B6 B7 
"
"2016-11-21 14:57:54ID: BC  Data: 00 00 00 AA F6 75 49 49 
"
"2016-11-21 14:57:54ID: BB  Data: 00 00 00 AA 09 8D 58 5C 
"
"2016-11-21 14:57:54ID: BC  Data: 00 00 00 AA F6 72 A7 A4 
"
"2016-11-21 14:57:54ID: BB  Data: 00 00 00 AA 09 7E DF 51 
"
"2016-11-21 14:57:54ID: BC  Data: 00 00 00 AA F6 81 20 AF 
"
"2016-11-21 14:57:54ID: BB  Data: 00 00 00 AA 09 7E DF 51 
"
"2016-11-21 14:57:54ID: BC  Data: 00 00 00 AA F6 81 20 AF 
"
"2016-11-21 14:57:54ID: BB  Data: 00 00 00 AA 09 8A B6 B7 
"
"2016-11-21 14:57:54ID: BC  Data: 00 00 00 AA F6 75 49 49 
"
"2016-11-21 14:57:55ID: BB  Data: 00 00 00 AA 09 8E A9 2F 
"
"2016-11-21 14:57:55ID: BC  Data: 00 00 00 AA F6 71 56 D1 
"
"2016-11-21 14:57:55ID: BB  Data: 00 00 00 AA 09 97 DE F1 
"
"2016-11-21 14:57:55ID: BC  Data: 00 00 00 AA F6 68 21 0F 
"
"2016-11-21 14:57:55ID: BB  Data: 00 00 00 AA 09 8F FA 01 
"
"2016-11-21 14:57:55ID: BC  Data: 00 00 00 AA F6 70 05 FF 
"
"2016-11-21 14:57:55ID: BB  Data: 00 00 00 AA 09 8E A9 2F 
"
"2016-11-21 14:57:55ID: BC  Data: 00 00 00 AA F6 71 56 D1 
"
"2016-11-21 14:57:55ID: BB  Data: 00 00 00 AA 09 85 73 6D 
"
"2016-11-21 14:57:55ID: BC  Data: 00 00 00 AA F6 7A 8C 93 
"
"2016-11-21 14:57:55ID: BB  Data: 00 00 00 AA 09 70 66 45 
"
"2016-11-21 14:57:55ID: BC  Data: 00 00 00 AA F6 8F 99 BB 
"
"2016-11-21 14:57:55ID: BB  Data: 00 00 00 AA 09 76 FA 62 
"
"2016-11-21 14:57:55ID: BC  Data: 00 00 00 AA F6 89 05 9E 
"
"2016-11-21 14:57:55ID: BB  Data: 00 00 00 AA 09 79 9C 07 
"
"2016-11-21 14:57:55ID: BC  Data: 00 00 00 AA F6 86 63 F9 
"
"2016-11-21 14:57:55ID: BB  Data: 00 00 00 AA 09 81 80 F6 
"
"2016-11-21 14:57:55ID: BC  Data: 00 00 00 AA F6 7E 7F 0A 
"
"2016-11-21 14:57:55ID: BB  Data: 00 00 00 AA 09 76 FA 62 
"
"2016-11-21 14:57:55ID: BC  Data: 00 00 00 AA F6 89 05 9E 
"
"2016-11-21 14:57:55ID: BB  Data: 00 00 00 AA 09 7A EC D9 
"
"2016-11-21 14:57:55ID: BC  Data: 00 00 00 AA F6 85 13 27 
"
"2016-11-21 14:57:55ID: BB  Data: 00 00 00 AA 09 67 30 83 
"
"2016-11-21 14:57:55ID: BC  Data: 00 00 00 AA F6 98 CF 7D 
"
"2016-11-21 14:57:56ID: BB  Data: 00 00 00 AA 09 63 3E 0C 
"
"2016-11-21 14:57:56ID: BC  Data: 00 00 00 AA F6 9C C1 F4 
"
"2016-11-21 14:57:56ID: BB  Data: 00 00 00 AA 09 61 ED 39 
"
"2016-11-21 14:57:56ID: BC  Data: 00 00 00 AA F6 9E 12 C7 
"
"2016-11-21 14:57:56ID: BB  Data: 00 00 00 AA 09 54 C5 00 
"
"2016-11-21 14:57:56ID: BC  Data: 00 00 00 AA F6 AB 3B 00 
"
"2016-11-21 14:57:56ID: BB  Data: 00 00 00 AA 09 58 B7 78 
"
"2016-11-21 14:57:56ID: BC  Data: 00 00 00 AA F6 A7 48 88 
"
"2016-11-21 14:57:56ID: BB  Data: 00 00 00 AA 09 5D FA C2 
"
"2016-11-21 14:57:56ID: BC  Data: 00 00 00 AA F6 A2 05 3E 
"
"2016-11-21 14:57:56ID: BB  Data: 00 00 00 AA 09 64 8E DE 
"
"2016-11-21 14:57:56ID: BC  Data: 00 00 00 AA F6 9B 71 22 
"
"2016-11-21 14:57:56ID: BB  Data: 00 00 00 AA 09 56 15 D3 
"
"2016-11-21 14:57:56ID: BC  Data: 00 00 00 AA F6 A9 EA 2D 
"
"2016-11-21 14:57:56ID: BB  Data: 00 00 00 AA 09 50 D2 89 
"
"2016-11-21 14:57:56ID: BC  Data: 00 00 00 AA F6 AF 2D 77 
"
"2016-11-21 14:57:56ID: BB  Data: 00 00 00 AA 09 5B 59 1D 
"
"2016-11-21 14:57:56ID: BC  Data: 00 00 00 AA F6 A4 A6 E3 
"
"2016-11-21 14:57:56ID: BB  Data: 00 00 00 AA 09 54 C5 00 
"
"2016-11-21 14:57:56ID: BC  Data: 00 00 00 AA F6 AB 3B 00 
"
"2016-11-21 14:57:56ID: BB  Data: 00 00 00 AA 09 4E 30 E4 
"
"2016-11-21 14:57:56ID: BC  Data: 00 00 00 AA F6 B1 CF 1C 
"
"2016-11-21 14:57:57ID: BB  Data: 00 00 00 AA 09 4C E0 11 
"
"2016-11-21 14:57:57ID: BC  Data: 00 00 00 AA F6 B3 1F EF 
"
"2016-11-21 14:57:57ID: BB  Data: 00 00 00 AA 09 4E 30 E4 
"
"2016-11-21 14:57:57ID: BC  Data: 00 00 00 AA F6 B1 CF 1C 
"
"2016-11-21 14:57:57ID: BB  Data: 00 00 00 AA 09 5D FA C2 
"
"2016-11-21 14:57:57ID: BC  Data: 00 00 00 AA F6 A2 05 3E 
"
"2016-11-21 14:57:57ID: BB  Data: 00 00 00 AA 09 60 9C 67 
"
"2016-11-21 14:57:57ID: BC  Data: 00 00 00 AA F6 9F 63 99 
"
"2016-11-21 14:57:57ID: BB  Data: 00 00 00 AA 09 44 FB 22 
"
"2016-11-21 14:57:57ID: BC  Data: 00 00 00 AA F6 BB 04 DE 
"
"2016-11-21 14:57:57ID: BB  Data: 00 00 00 AA 09 2B FB 82 
"
"2016-11-21 14:57:57ID: BC  Data: 00 00 00 AA F6 D4 04 7E 
"
"2016-11-21 14:57:57ID: BB  Data: 00 00 00 AA 09 3F B7 D8 
"
"2016-11-21 14:57:57ID: BC  Data: 00 00 00 AA F6 C0 48 28 
"
"2016-11-21 14:57:57ID: BB  Data: 00 00 00 AA 09 41 08 AA 
"
"2016-11-21 14:57:57ID: BC  Data: 00 00 00 AA F6 BE F7 56 
"
"2016-11-21 14:57:57ID: BB  Data: 00 00 00 AA 09 1A E0 D1 
"
"2016-11-21 14:57:57ID: BC  Data: 00 00 00 AA F6 E5 1F 2F 
"
"2016-11-21 14:57:57ID: BB  Data: 00 00 00 AA 08 FF 3F 8D 
"
"2016-11-21 14:57:57ID: BC  Data: 00 00 00 AA F7 00 C0 73 
"
"2016-11-21 14:57:57ID: BB  Data: 00 00 00 AA 08 EF 75 AE 
"
"2016-11-21 14:57:57ID: BC  Data: 00 00 00 AA F7 10 8A 52 
"
"2016-11-21 14:57:58ID: BB  Data: 00 00 00 AA 09 00 90 5F 
"
"2016-11-21 14:57:58ID: BC  Data: 00 00 00 AA F6 FF 6F A1 
"
"2016-11-21 14:57:58ID: BB  Data: 00 00 00 AA 09 05 D3 A9 
"
"2016-11-21 14:57:58ID: BC  Data: 00 00 00 AA F6 FA 2C 57 
"
"2016-11-21 14:57:58ID: BB  Data: 00 00 00 AA 08 F3 68 26 
"
"2016-11-21 14:57:58ID: BC  Data: 00 00 00 AA F7 0C 97 DA 
"
"2016-11-21 14:57:58ID: BB  Data: 00 00 00 AA 08 EF 75 AE 
"
"2016-11-21 14:57:58ID: BC  Data: 00 00 00 AA F7 10 8A 52 
"
"2016-11-21 14:57:58ID: BB  Data: 00 00 00 AA 08 F9 FC 43 
"
"2016-11-21 14:57:58ID: BC  Data: 00 00 00 AA F7 06 03 BD 
"
"2016-11-21 14:57:58ID: BB  Data: 00 00 00 AA 09 04 82 D7 
"
"2016-11-21 14:57:58ID: BC  Data: 00 00 00 AA F6 FB 7D 29 
"
"2016-11-21 14:57:58ID: BB  Data: 00 00 00 AA 08 F3 68 26 
"
"2016-11-21 14:57:58ID: BC  Data: 00 00 00 AA F7 0C 97 DA 
"
"2016-11-21 14:57:58ID: BB  Data: 00 00 00 AA 08 F9 FC 43 
"
"2016-11-21 14:57:58ID: BC  Data: 00 00 00 AA F7 06 03 BD 
"
"2016-11-21 14:57:58ID: BB  Data: 00 00 00 AA 08 F8 AB 70 
"
"2016-11-21 14:57:58ID: BC  Data: 00 00 00 AA F7 07 54 90 
"
"2016-11-21 14:57:58ID: BB  Data: 00 00 00 AA 09 19 8F FF 
"
"2016-11-21 14:57:58ID: BC  Data: 00 00 00 AA F6 E6 70 01 
"
"2016-11-21 14:57:58ID: BB  Data: 00 00 00 AA 09 54 C5 00 
"
"2016-11-21 14:57:58ID: BC  Data: 00 00 00 AA F6 AB 3B 00 
"
"2016-11-21 14:57:58ID: BB  Data: 00 00 00 AA 09 B0 DE 90 
"
"2016-11-21 14:57:58ID: BC  Data: 00 00 00 AA F6 4F 21 70 
"
"2016-11-21 14:57:59ID: BB  Data: 00 00 00 AA 09 A6 57 FC 
"
"2016-11-21 14:57:59ID: BC  Data: 00 00 00 AA F6 59 A8 04 
"
"2016-11-21 14:57:59ID: BB  Data: 00 00 00 AA 09 89 65 E5 
"
"2016-11-21 14:57:59ID: BC  Data: 00 00 00 AA F6 76 9A 1B 
"
"2016-11-21 14:57:59ID: BB  Data: 00 00 00 AA 09 8C 07 8A 
"
"2016-11-21 14:57:59ID: BC  Data: 00 00 00 AA F6 73 F8 76 
"
"2016-11-21 14:57:59ID: BB  Data: 00 00 00 AA 09 96 8E 1E 
"
"2016-11-21 14:57:59ID: BC  Data: 00 00 00 AA F6 69 71 E2 
"
"2016-11-21 14:57:59ID: BB  Data: 00 00 00 AA 09 97 DE F1 
"
"2016-11-21 14:57:59ID: BC  Data: 00 00 00 AA F6 68 21 0F 
"
"2016-11-21 14:57:59ID: BB  Data: 00 00 00 AA 09 99 2F C3 
"
"2016-11-21 14:57:59ID: BC  Data: 00 00 00 AA F6 66 D0 3D 
"
"2016-11-21 14:57:59ID: BB  Data: 00 00 00 AA 09 AB 9B 46 
"
"2016-11-21 14:57:59ID: BC  Data: 00 00 00 AA F6 54 64 BA 
"
"2016-11-21 14:57:59ID: BB  Data: 00 00 00 AA 09 C0 A8 6F 
"
"2016-11-21 14:57:59ID: BC  Data: 00 00 00 AA F6 3F 57 91 
"
"2016-11-21 14:57:59ID: BB  Data: 00 00 00 AA 09 C7 3C 8B 
"
"2016-11-21 14:57:59ID: BC  Data: 00 00 00 AA F6 38 C3 75 
"
"2016-11-21 14:57:59ID: BB  Data: 00 00 00 AA 0A 7E 1E D9 
"
"2016-11-21 14:57:59ID: BC  Data: 00 00 00 AA F5 81 E1 27 
"
"2016-11-21 14:57:59ID: BB  Data: 00 00 00 AA 0A CD 10 30 
"
"2016-11-21 14:57:59ID: BC  Data: 00 00 00 AA F5 32 EF D0 
"
"2016-11-21 14:58:00ID: BB  Data: 00 00 00 AA 0A EA 02 47 
"
"2016-11-21 14:58:00ID: BC  Data: 00 00 00 AA F5 15 FD B9 
"
"2016-11-21 14:58:00ID: BB  Data: 00 00 00 AA 0B 85 43 50 
"
"2016-11-21 14:58:00ID: BC  Data: 00 00 00 AA F4 7A BC B0 
"
"2016-11-21 14:58:00ID: BB  Data: 00 00 00 AA 0B F3 C8 64 
"
"2016-11-21 14:58:00ID: BC  Data: 00 00 00 AA F4 0C 37 9C 
"
"2016-11-21 14:58:00ID: BB  Data: 00 00 00 AA 0C 2C 5B C0 
"
"2016-11-21 14:58:00ID: BC  Data: 00 00 00 AA F3 D3 A4 40 
"
"2016-11-21 14:58:00ID: BB  Data: 00 00 00 AA 0C 92 FB E4 
"
"2016-11-21 14:58:00ID: BC  Data: 00 00 00 AA F3 6D 04 1C 
"
"2016-11-21 14:58:00ID: BB  Data: 00 00 00 AA 0C B7 D2 EB 
"
"2016-11-21 14:58:00ID: BC  Data: 00 00 00 AA F3 48 2D 15 
"
"2016-11-21 14:58:00ID: BB  Data: 00 00 00 AA 0C BA 74 90 
"
"2016-11-21 14:58:00ID: BC  Data: 00 00 00 AA F3 45 8B 70 
"
"2016-11-21 14:58:00ID: BB  Data: 00 00 00 AA 0C B9 23 BD 
"
"2016-11-21 14:58:00ID: BC  Data: 00 00 00 AA F3 46 DC 43 
"
"2016-11-21 14:58:00ID: BB  Data: 00 00 00 AA 0C DB 59 1F 
"
"2016-11-21 14:58:00ID: BC  Data: 00 00 00 AA F3 24 A6 E1 
"
"2016-11-21 14:58:00ID: BB  Data: 00 00 00 AA 0C EF 15 74 
"
"2016-11-21 14:58:00ID: BC  Data: 00 00 00 AA F3 10 EA 8C 
"
"2016-11-21 14:58:00ID: BB  Data: 00 00 00 AA 0C E3 3E 0E 
"
"2016-11-21 14:58:00ID: BC  Data: 00 00 00 AA F3 1C C1 F2 
"
"2016-11-21 14:58:00ID: BB  Data: 00 00 00 AA 0C DC A9 F1 
"
"2016-11-21 14:58:01ID: BC  Data: 00 00 00 AA F3 23 56 0F 
"
"2016-11-21 14:58:01ID: BB  Data: 00 00 00 AA 0C D6 15 D5 
"
"2016-11-21 14:58:01ID: BC  Data: 00 00 00 AA F3 29 EA 2B 
"
"2016-11-21 14:58:01ID: BB  Data: 00 00 00 AA 0C CB 8F 40 
"
"2016-11-21 14:58:01ID: BC  Data: 00 00 00 AA F3 34 70 C0 
"
"2016-11-21 14:58:01ID: BB  Data: 00 00 00 AA 0C BB C5 62 
"
"2016-11-21 14:58:01ID: BC  Data: 00 00 00 AA F3 44 3A 9E 
"
"2016-11-21 14:58:01ID: BB  Data: 00 00 00 AA 0C C2 59 7F 
"
"2016-11-21 14:58:01ID: BC  Data: 00 00 00 AA F3 3D A6 81 
"
"2016-11-21 14:58:01ID: BB  Data: 00 00 00 AA 0C C3 AA 51 
"
"2016-11-21 14:58:01ID: BC  Data: 00 00 00 AA F3 3C 55 AF 
"
"2016-11-21 14:58:01ID: BB  Data: 00 00 00 AA 0C CB 8F 40 
"
"2016-11-21 14:58:01ID: BC  Data: 00 00 00 AA F3 34 70 C0 
"
"2016-11-21 14:58:01ID: BB  Data: 00 00 00 AA 0C CC E0 13 
"
"2016-11-21 14:58:01ID: BC  Data: 00 00 00 AA F3 33 1F ED 
"
"2016-11-21 14:58:01ID: BB  Data: 00 00 00 AA 0C CC E0 13 
"
"2016-11-21 14:58:01ID: BC  Data: 00 00 00 AA F3 33 1F ED 
"
"2016-11-21 14:58:01ID: BB  Data: 00 00 00 AA 0C CC E0 13 
"
"2016-11-21 14:58:01ID: BC  Data: 00 00 00 AA F3 33 1F ED 
"
"2016-11-21 14:58:01ID: BB  Data: 00 00 00 AA 0C C4 FB 24 
"
"2016-11-21 14:58:01ID: BC  Data: 00 00 00 AA F3 3B 04 DC 
"
"2016-11-21 14:58:01ID: BB  Data: 00 00 00 AA 0C C7 9C C9 
"
"2016-11-21 14:58:01ID: BC  Data: 00 00 00 AA F3 38 63 37 
"
"2016-11-21 14:58:02ID: BB  Data: 00 00 00 AA 0C C3 AA 51 
"
"2016-11-21 14:58:02ID: BC  Data: 00 00 00 AA F3 3C 55 AF 
"
"2016-11-21 14:58:02ID: BB  Data: 00 00 00 AA 0C BD 16 35 
"
"2016-11-21 14:58:02ID: BC  Data: 00 00 00 AA F3 42 E9 CB 
"
"2016-11-21 14:58:02ID: BB  Data: 00 00 00 AA 0C C1 08 AC 
"
"2016-11-21 14:58:02ID: BC  Data: 00 00 00 AA F3 3E F7 54 
"
"2016-11-21 14:58:02ID: BB  Data: 00 00 00 AA 0C C3 AA 51 
"
"2016-11-21 14:58:02ID: BC  Data: 00 00 00 AA F3 3C 55 AF 
"
"2016-11-21 14:58:02ID: BB  Data: 00 00 00 AA 0C BF B7 DA 
"
"2016-11-21 14:58:02ID: BC  Data: 00 00 00 AA F3 40 48 26 
"
"2016-11-21 14:58:02ID: BB  Data: 00 00 00 AA 0C BB C5 62 
"
"2016-11-21 14:58:02ID: BC  Data: 00 00 00 AA F3 44 3A 9E 
"
"2016-11-21 14:58:02ID: BB  Data: 00 00 00 AA 0C B6 82 18 
"
"2016-11-21 14:58:02ID: BC  Data: 00 00 00 AA F3 49 7D E8 
"
"2016-11-21 14:58:02ID: BB  Data: 00 00 00 AA 0C A8 09 0C 
"
"2016-11-21 14:58:02ID: BC  Data: 00 00 00 AA F3 57 F6 F4 
"
"2016-11-21 14:58:02ID: BB  Data: 00 00 00 AA 0C 94 4C B7 
"
"2016-11-21 14:58:02ID: BC  Data: 00 00 00 AA F3 6B B3 49 
"
"2016-11-21 14:58:02ID: BB  Data: 00 00 00 AA 0C 8D B8 9A 
"
"2016-11-21 14:58:02ID: BC  Data: 00 00 00 AA F3 72 47 66 
"
"2016-11-21 14:58:02ID: BB  Data: 00 00 00 AA 0C 5B B9 5B 
"
"2016-11-21 14:58:02ID: BC  Data: 00 00 00 AA F3 A4 46 A5 
"
"2016-11-21 14:58:03ID: BB  Data: 00 00 00 AA 0C 0A 26 5E 
"
"2016-11-21 14:58:03ID: BC  Data: 00 00 00 AA F3 F5 D9 A2 
"
"2016-11-21 14:58:03ID: BB  Data: 00 00 00 AA 0B 70 36 28 
"
"2016-11-21 14:58:03ID: BC  Data: 00 00 00 AA F4 8F C9 D8 
"
"2016-11-21 14:58:03ID: BB  Data: 00 00 00 AA 0B 0E D9 4E 
"
"2016-11-21 14:58:03ID: BC  Data: 00 00 00 AA F4 F1 26 B2 
"
"2016-11-21 14:58:03ID: BB  Data: 00 00 00 AA 0B 69 A2 0B 
"
"2016-11-21 14:58:03ID: BC  Data: 00 00 00 AA F4 96 5D F5 
"
"2016-11-21 14:58:03ID: BB  Data: 00 00 00 AA 0A C2 89 9C 
"
"2016-11-21 14:58:03ID: BC  Data: 00 00 00 AA F5 3D 76 64 
"
"2016-11-21 14:58:03ID: BB  Data: 00 00 00 AA 0A 48 2D 22 
"
"2016-11-21 14:58:03ID: BC  Data: 00 00 00 AA F5 B7 D2 DE 
"
"2016-11-21 14:58:03ID: BB  Data: 00 00 00 AA 0A 99 C0 1E 
"
"2016-11-21 14:58:03ID: BC  Data: 00 00 00 AA F5 66 3F E2 
"
"2016-11-21 14:58:03ID: BB  Data: 00 00 00 AA 0A D2 53 7A 
"
"2016-11-21 14:58:03ID: BC  Data: 00 00 00 AA F5 2D AC 86 
"
"2016-11-21 14:58:03ID: BB  Data: 00 00 00 AA 0A FB 1C F8 
"
"2016-11-21 14:58:03ID: BC  Data: 00 00 00 AA F5 04 E3 08 
"
"2016-11-21 14:58:03ID: BB  Data: 00 00 00 AA 0A FB 1C F8 
"
"2016-11-21 14:58:03ID: BC  Data: 00 00 00 AA F5 04 E3 08 
"
"2016-11-21 14:58:03ID: BB  Data: 00 00 00 AA 0A FF 0F 70 
"
"2016-11-21 14:58:03ID: BC  Data: 00 00 00 AA F5 00 F0 90 
"
"2016-11-21 14:58:03ID: BB  Data: 00 00 00 AA 0A FC 6D CB 
"
"2016-11-21 14:58:03ID: BC  Data: 00 00 00 AA F5 03 92 35 
"
"2016-11-21 14:58:04ID: BB  Data: 00 00 00 AA 0A DC DA 0E 
"
"2016-11-21 14:58:04ID: BC  Data: 00 00 00 AA F5 23 25 F2 
"
"2016-11-21 14:58:04ID: BB  Data: 00 00 00 AA 0A CE 61 02 
"
"2016-11-21 14:58:04ID: BC  Data: 00 00 00 AA F5 31 9E FE 
"
"2016-11-21 14:58:04ID: BB  Data: 00 00 00 AA 0A E6 0F D0 
"
"2016-11-21 14:58:04ID: BC  Data: 00 00 00 AA F5 19 F0 30 
"
"2016-11-21 14:58:04ID: BB  Data: 00 00 00 AA 0A EF 45 91 
"
"2016-11-21 14:58:04ID: BC  Data: 00 00 00 AA F5 10 BA 6F 
"
"2016-11-21 14:58:04ID: BB  Data: 00 00 00 AA 0A F0 96 64 
"
"2016-11-21 14:58:04ID: BC  Data: 00 00 00 AA F5 0F 69 9C 
"
"2016-11-21 14:58:04ID: BB  Data: 00 00 00 AA 0B 00 60 42 
"
"2016-11-21 14:58:04ID: BC  Data: 00 00 00 AA F4 FF 9F BE 
"
"2016-11-21 14:58:04ID: BB  Data: 00 00 00 AA 0B 00 60 42 
"
"2016-11-21 14:58:04ID: BC  Data: 00 00 00 AA F4 FF 9F BE 
"
"2016-11-21 14:58:04ID: BB  Data: 00 00 00 AA 0B 14 1C 98 
"
"2016-11-21 14:58:04ID: BC  Data: 00 00 00 AA F4 EB E3 68 
"
"2016-11-21 14:58:04ID: BB  Data: 00 00 00 AA 0B 1F F3 FE 
"
"2016-11-21 14:58:04ID: BC  Data: 00 00 00 AA F4 E0 0C 02 
"
"2016-11-21 14:58:04ID: BB  Data: 00 00 00 AA 0B 3A 44 71 
"
"2016-11-21 14:58:04ID: BC  Data: 00 00 00 AA F4 C5 BB 8F 
"
"2016-11-21 14:58:04ID: BB  Data: 00 00 00 AA 0B 3E 36 E8 
"
"2016-11-21 14:58:04ID: BC  Data: 00 00 00 AA F4 C1 C9 18 
"
"2016-11-21 14:58:05ID: BB  Data: 00 00 00 AA 0B 3E 36 E8 
"
"2016-11-21 14:58:05ID: BC  Data: 00 00 00 AA F4 C1 C9 18 
"
"2016-11-21 14:58:05ID: BB  Data: 00 00 00 AA 0B 32 5F 82 
"
"2016-11-21 14:58:05ID: BC  Data: 00 00 00 AA F4 CD A0 7E 
"
"2016-11-21 14:58:05ID: BB  Data: 00 00 00 AA 0B 2F BD DD 
"
"2016-11-21 14:58:05ID: BC  Data: 00 00 00 AA F4 D0 42 23 
"
"2016-11-21 14:58:05ID: BB  Data: 00 00 00 AA 0B 33 B0 54 
"
"2016-11-21 14:58:05ID: BC  Data: 00 00 00 AA F4 CC 4F AC 
"
"2016-11-21 14:58:05ID: BB  Data: 00 00 00 AA 0B 32 5F 82 
"
"2016-11-21 14:58:05ID: BC  Data: 00 00 00 AA F4 CD A0 7E 
"
"2016-11-21 14:58:05ID: BB  Data: 00 00 00 AA 0B 31 0E AF 
"
"2016-11-21 14:58:05ID: BC  Data: 00 00 00 AA F4 CE F1 51 
"
"2016-11-21 14:58:05ID: BB  Data: 00 00 00 AA 0B 22 95 A4 
"
"2016-11-21 14:58:05ID: BC  Data: 00 00 00 AA F4 DD 6A 5C 
"
"2016-11-21 14:58:05ID: BB  Data: 00 00 00 AA 0B 03 01 E7 
"
"2016-11-21 14:58:05ID: BC  Data: 00 00 00 AA F4 FC FE 19 
"
"2016-11-21 14:58:05ID: BB  Data: 00 00 00 AA 0A F3 38 09 
"
"2016-11-21 14:58:05ID: BC  Data: 00 00 00 AA F5 0C C7 F7 
"
"2016-11-21 14:58:05ID: BB  Data: 00 00 00 AA 0A E6 0F D0 
"
"2016-11-21 14:58:05ID: BC  Data: 00 00 00 AA F5 19 F0 30 
"
"2016-11-21 14:58:05ID: BB  Data: 00 00 00 AA 0A E3 6E 2B 
"
"2016-11-21 14:58:05ID: BC  Data: 00 00 00 AA F5 1C 91 D5 
"
"2016-11-21 14:58:06ID: BB  Data: 00 00 00 AA 0A EC A3 EC 
"
"2016-11-21 14:58:06ID: BC  Data: 00 00 00 AA F5 13 5C 14 
"
"2016-11-21 14:58:06ID: BB  Data: 00 00 00 AA 0A F4 88 DB 
"
"2016-11-21 14:58:06ID: BC  Data: 00 00 00 AA F5 0B 77 25 
"
"2016-11-21 14:58:06ID: BB  Data: 00 00 00 AA 0A EF 45 91 
"
"2016-11-21 14:58:06ID: BC  Data: 00 00 00 AA F5 10 BA 6F 
"
"2016-11-21 14:58:06ID: BB  Data: 00 00 00 AA 0A D3 A4 4D 
"
"2016-11-21 14:58:06ID: BC  Data: 00 00 00 AA F5 2C 5B B3 
"
"2016-11-21 14:58:06ID: BB  Data: 00 00 00 AA 0A F7 2A 80 
"
"2016-11-21 14:58:06ID: BC  Data: 00 00 00 AA F5 08 D5 80 
"
"2016-11-21 14:58:06ID: BB  Data: 00 00 00 AA 0B 64 5E C1 
"
"2016-11-21 14:58:06ID: BC  Data: 00 00 00 AA F4 9B A1 3F 
"
"2016-11-21 14:58:06ID: BB  Data: 00 00 00 AA 0B 04 52 BA 
"
"2016-11-21 14:58:06ID: BC  Data: 00 00 00 AA F4 FB AD 46 
"
"2016-11-21 14:58:06ID: BB  Data: 00 00 00 AA 0A B5 61 63 
"
"2016-11-21 14:58:06ID: BC  Data: 00 00 00 AA F5 4A 9E 9D 
"
"2016-11-21 14:58:06ID: BB  Data: 00 00 00 AA 0A 84 B2 F6 
"
"2016-11-21 14:58:06ID: BC  Data: 00 00 00 AA F5 7B 4D 0A 
"
"2016-11-21 14:58:06ID: BB  Data: 00 00 00 AA 09 BB 65 24 
"
"2016-11-21 14:58:06ID: BC  Data: 00 00 00 AA F6 44 9A DC 
"
"2016-11-21 14:58:06ID: BB  Data: 00 00 00 AA 06 45 EB B7 
"
"2016-11-21 14:58:06ID: BC  Data: 00 00 00 AA F9 BA 14 49 
"
"2016-11-21 14:58:06ID: BB  Data: 00 00 00 AA 03 7C CE 03 
"
"2016-11-21 14:58:06ID: BC  Data: 00 00 00 AA FC 83 31 FD 
"
"2016-11-21 14:58:07ID: BB  Data: 00 00 00 AA 02 5D FA BE 
"
"2016-11-21 14:58:07ID: BC  Data: 00 00 00 AA FD A2 05 42 
"
"2016-11-21 14:58:07ID: BB  Data: 00 00 00 AA 02 9E 73 09 
"
"2016-11-21 14:58:07ID: BC  Data: 00 00 00 AA FD 61 8C F7 
"
"2016-11-21 14:58:07ID: BB  Data: 00 00 00 AA 02 B7 72 A9 
"
"2016-11-21 14:58:07ID: BC  Data: 00 00 00 AA FD 48 8D 57 
"
"2016-11-21 14:58:07ID: BB  Data: 00 00 00 AA 02 93 EC 75 
"
"2016-11-21 14:58:07ID: BC  Data: 00 00 00 AA FD 6C 13 8B 
"
"2016-11-21 14:58:07ID: BB  Data: 00 00 00 AA 02 82 D1 C4 
"
"2016-11-21 14:58:07ID: BC  Data: 00 00 00 AA FD 7D 2E 3C 
"
"2016-11-21 14:58:07ID: BB  Data: 00 00 00 AA 00 00 00 00 
"
"2016-11-21 14:58:07ID: BC  Data: 00 00 00 AA 00 00 00 00 
"
"2016-11-21 14:58:07ID: BB  Data: 00 00 00 AA 00 00 00 00 
"
"2016-11-21 14:58:07ID: BC  Data: 00 00 00 AA 00 00 00 00 
"
"2016-11-21 14:58:07ID: BB  Data: 00 00 00 AA 00 00 00 00 
"
"2016-11-21 14:58:07ID: BC  Data: 00 00 00 AA 00 00 00 00 
"
"2016-11-21 14:58:07ID: BB  Data: 00 00 00 AA 00 00 00 00 
"
"2016-11-21 14:58:07ID: BC  Data: 00 00 00 AA 00 00 00 00 
"
"2016-11-21 14:58:07ID: BB  Data: 00 00 00 AA 00 00 00 00 
"
"2016-11-21 14:58:07ID: BC  Data: 00 00 00 AA 00 00 00 00 
"
"2016-11-21 14:58:07ID: BB  Data: 00 00 00 AA 00 00 00 00 
"
"2016-11-21 14:58:07ID: BC  Data: 00 00 00 AA 00 00 00 00 
"
"2016-11-21 14:58:08ID: BB  Data: 00 00 00 AA 00 00 00 00 
"
"2016-11-21 14:58:08ID: BC  Data: 00 00 00 AA 00 00 00 00 
"
"2016-11-21 14:58:08ID: BB  Data: 00 00 00 AA 00 00 00 00 
"
"2016-11-21 14:58:08ID: BC  Data: 00 00 00 AA 00 00 00 00 
"
"2016-11-21 14:58:08ID: BB  Data: 00 00 00 AA 00 00 00 00 
"
"2016-11-21 14:58:08ID: BC  Data: 00 00 00 AA 00 00 00 00 
"
"2016-11-21 14:58:08ID: BB  Data: 00 00 00 AA 00 00 00 00 
"
"2016-11-21 14:58:08ID: BC  Data: 00 00 00 AA 00 00 00 00 
"
"2016-11-21 14:58:08ID: BB  Data: 00 00 00 AA 00 00 00 00 
"
"2016-11-21 14:58:08ID: BC  Data: 00 00 00 AA 00 00 00 00 
"
"2016-11-21 14:58:08ID: BB  Data: 00 00 00 AA 00 00 00 00 
"
"2016-11-21 14:58:08ID: BC  Data: 00 00 00 AA 00 00 00 00 
"
"2016-11-21 14:58:08ID: BB  Data: 00 00 00 AA 00 00 00 00 
"
"2016-11-21 14:58:08ID: BC  Data: 00 00 00 AA 00 00 00 00 
"
"2016-11-21 14:58:08ID: BB  Data: 00 00 00 AA 00 00 00 00 
"
"2016-11-21 14:58:08ID: BC  Data: 00 00 00 AA 00 00 00 00 
"
"2016-11-21 14:58:08ID: BB  Data: 00 00 00 AA 00 00 00 00 
"
"2016-11-21 14:58:08ID: BC  Data: 00 00 00 AA 00 00 00 00 
"
"2016-11-21 14:58:08ID: BB  Data: 00 00 00 AA 00 00 00 00 
"
"2016-11-21 14:58:08ID: BC  Data: 00 00 00 AA 00 00 00 00 
"
"2016-11-21 14:58:08ID: BB  Data: 00 00 00 AA 00 00 00 00 
"
"2016-11-21 14:58:08ID: BC  Data: 00 00 00 AA 00 00 00 00 
"
"2016-11-21 14:58:08ID: BB  Data: 00 00 00 AA 00 00 00 00 
"
"2016-11-21 14:58:09ID: BC  Data: 00 00 00 AA 00 00 00 00 
"
"2016-11-21 14:58:09ID: BB  Data: 00 00 00 AA 00 00 00 00 
"
"2016-11-21 14:58:09ID: BC  Data: 00 00 00 AA 00 00 00 00 
"
"2016-11-21 14:58:09ID: BB  Data: 00 00 00 AA 00 00 00 00 
"
"2016-11-21 14:58:09ID: BC  Data: 00 00 00 AA 00 00 00 00 
"
"2016-11-21 14:58:09ID: BB  Data: 00 00 00 AA 00 00 00 00 
"
"2016-11-21 14:58:09ID: BC  Data: 00 00 00 AA 00 00 00 00 
"
"2016-11-21 14:58:09ID: BB  Data: 00 00 00 AA 00 00 00 00 
"
"2016-11-21 14:58:09ID: BC  Data: 00 00 00 AA 00 00 00 00 
"
"2016-11-21 14:58:09ID: BB  Data: 00 00 00 AA 00 00 00 00 
"
"2016-11-21 14:58:09ID: BC  Data: 00 00 00 AA 00 00 00 00 
"
"2016-11-21 14:58:09ID: BB  Data: 00 00 00 AA 00 00 00 00 
"
"2016-11-21 14:58:09ID: BC  Data: 00 00 00 AA 00 00 00 00 
"
"2016-11-21 14:58:09ID: BB  Data: 00 00 00 AA 00 00 00 00 
"
"2016-11-21 14:58:09ID: BC  Data: 00 00 00 AA 00 00 00 00 
"
"2016-11-21 14:58:09ID: BB  Data: 00 00 00 AA 00 00 00 00 
"
"2016-11-21 14:58:09ID: BC  Data: 00 00 00 AA 00 00 00 00 
"
"2016-11-21 14:58:09ID: BB  Data: 00 00 00 AA 00 00 00 00 
"
"2016-11-21 14:58:09ID: BC  Data: 00 00 00 AA 00 00 00 00 
"
"2016-11-21 14:58:09ID: BB  Data: 00 00 00 AA 00 00 00 00 
"
"2016-11-21 14:58:09ID: BC  Data: 00 00 00 AA 00 00 00 00 
"
"2016-11-21 14:58:09ID: BB  Data: 00 00 00 AA 00 00 00 00 
"
"2016-11-21 14:58:09ID: BC  Data: 00 00 00 AA 00 00 00 00 
"
"2016-11-21 14:58:10ID: BB  Data: 00 00 00 AA 00 00 00 00 
"
"2016-11-21 14:58:10ID: BC  Data: 00 00 00 AA 00 00 00 00 
"
"2016-11-21 14:58:10ID: BB  Data: 00 00 00 AA 00 00 00 00 
"
"2016-11-21 14:58:10ID: BC  Data: 00 00 00 AA 00 00 00 00 
"
"2016-11-21 14:58:10ID: BB  Data: 00 00 00 AA 00 00 00 00 
"
"2016-11-21 14:58:10ID: BC  Data: 00 00 00 AA 00 00 00 00 
"
"2016-11-21 14:58:10ID: BB  Data: 00 00 00 AA 00 00 00 00 
"
"2016-11-21 14:58:10ID: BC  Data: 00 00 00 AA 00 00 00 00 
"
"2016-11-21 14:58:10ID: BB  Data: 00 00 00 AA 00 00 00 00 
"
"2016-11-21 14:58:10ID: BC  Data: 00 00 00 AA 00 00 00 00 
"
"2016-11-21 14:58:10ID: BB  Data: 00 00 00 AA 00 00 00 00 
"
"2016-11-21 14:58:10ID: BC  Data: 00 00 00 AA 00 00 00 00 
"
"2016-11-21 14:58:10ID: BB  Data: 00 00 00 AA 00 00 00 00 
"
"2016-11-21 14:58:10ID: BC  Data: 00 00 00 AA 00 00 00 00 
"
"2016-11-21 14:58:10ID: BB  Data: 00 00 00 AA 00 00 00 00 
"
"2016-11-21 14:58:10ID: BC  Data: 00 00 00 AA 00 00 00 00 
"
"2016-11-21 14:58:10ID: BB  Data: 00 00 00 AA 00 00 00 00 
"
"2016-11-21 14:58:10ID: BC  Data: 00 00 00 AA 00 00 00 00 
"
"2016-11-21 14:58:10ID: BB  Data: 00 00 00 AA 00 00 00 00 
"
"2016-11-21 14:58:10ID: BC  Data: 00 00 00 AA 00 00 00 00 
"
"2016-11-21 14:58:10ID: A1  Data: 00 00 AA AA 00 00 00 00 
"
"2016-11-21 14:58:10ID: A2  Data: 00 00 00 00 00 00 00 AB 
"
"2016-11-21 14:58:10ID: AA  Data: BB BB 00 00 00 00 00 00 
"
"2016-11-21 14:58:10ID: BB  Data: 00 00 00 BB 00 00 00 00 
"
"2016-11-21 14:58:10ID: BC  Data: 00 00 00 BB 00 00 00 00 
"
"2016-11-21 14:58:11ID: BB  Data: 00 00 00 BB 00 00 00 00 
"
"2016-11-21 14:58:11ID: BC  Data: 00 00 00 BB 00 00 00 00 
"
"2016-11-21 14:58:11ID: BB  Data: 00 00 00 BB 00 00 00 00 
"
"2016-11-21 14:58:11ID: BC  Data: 00 00 00 BB 00 00 00 00 
"
"2016-11-21 14:58:11ID: BB  Data: 00 00 00 BB 00 00 00 00 
"
"2016-11-21 14:58:11ID: BC  Data: 00 00 00 BB 00 00 00 00 
"
"2016-11-21 14:58:11ID: BB  Data: 00 00 00 BB 00 00 00 00 
"
"2016-11-21 14:58:11ID: BC  Data: 00 00 00 BB 00 00 00 00 
"
"2016-11-21 14:58:11ID: BB  Data: 00 00 00 BB 00 00 00 00 
"
"2016-11-21 14:58:11ID: BC  Data: 00 00 00 BB 00 00 00 00 
"
"2016-11-21 14:58:11ID: BB  Data: 00 00 00 BB 00 00 00 00 
"
"2016-11-21 14:58:11ID: BC  Data: 00 00 00 BB 00 00 00 00 
"
"2016-11-21 14:58:11ID: BB  Data: 00 00 00 BB 00 00 00 00 
"
"2016-11-21 14:58:11ID: BC  Data: 00 00 00 BB 00 00 00 00 
"
"2016-11-21 14:58:11ID: BB  Data: 00 00 00 BB 00 00 00 00 
"
"2016-11-21 14:58:11ID: BC  Data: 00 00 00 BB 00 00 00 00 
"
2016-11-21 14:58:13
2016-11-21 14:58:15
2016-11-21 14:58:17
2016-11-21 14:58:19
2016-11-21 14:58:21
2016-11-21 14:58:23
2016-11-21 14:58:25
2016-11-21 14:58:27
2016-11-21 14:58:29
2016-11-21 14:58:31
2016-11-21 14:58:33
2016-11-21 14:58:35
2016-11-21 14:58:37
2016-11-21 14:58:39
2016-11-21 14:58:41
2016-11-21 14:58:43
